0.202999 -0.136401 0.721555 -0.696120 2.786252 -4.388882 3.330180 
0.583882 0.933549 1.832012 1.025755 8.683377 1.112873 8.590187 
0.585149 -0.372569 -0.031267 -1.253684 -7.247866 2.552547 -6.184675 
0.085689 -1.597246 0.750764 1.711199 -7.473965 13.384557 2.600757 
0.090936 -0.249964 0.559441 0.234376 -8.400056 -10.817924 10.662792 
0.457888 -1.121425 -0.353904 0.170010 5.595186 -8.833017 -12.216343 
0.179449 -0.847545 -1.244036 -0.814679 0.443139 6.141408 2.243516 
0.103175 0.772528 -1.986223 -0.152971 -3.514257 -5.026256 5.871102 
0.199182 3.833975 -1.552092 0.812502 11.195025 -8.118704 2.664516 
0.109107 0.533376 -2.116824 1.224527 -2.445121 0.078693 4.225115 
0.232498 -0.708295 1.024063 -0.076189 -4.771049 9.242974 6.979090 
0.683878 -1.324232 0.148764 -1.560525 -7.830975 -6.826389 2.089987 
1.809017 -0.675504 -0.547314 -0.075691 -10.267914 2.642335 5.219398 
0.133767 2.907766 1.610250 0.117989 12.453113 3.659152 6.381997 
0.207935 -1.467613 2.054232 -1.200498 -1.099649 9.766313 3.298695 
5.586845 0.283798 0.501393 -0.095965 -8.328858 -1.154642 4.065843 
0.099031 -0.060586 1.452686 0.700939 -2.339370 11.677825 -5.985033 
0.095457 -1.013006 0.102119 -0.162887 -3.646696 12.575746 -10.143039 
0.166412 0.135116 -0.128044 -1.773939 -3.975066 -9.387970 -2.510693 
0.401973 0.114504 -2.170774 0.863600 4.698643 -4.799155 10.127962 
0.149690 -1.541095 -0.128135 0.776702 -11.156416 -5.148853 -6.792260 
0.135040 0.800156 0.414460 0.309258 0.511901 -5.185790 2.796956 
0.230700 0.350274 1.150313 -0.797916 -8.938726 3.595923 7.242516 
0.296048 -0.642886 1.323545 0.487504 -6.285913 15.087373 -3.656221 
0.089040 -0.332158 0.301131 -0.334681 -14.920578 6.863153 -4.324286 
0.218861 1.731001 -0.677753 -0.450829 2.982545 3.949328 2.446817 
0.780326 0.674098 -1.350702 -1.229594 -4.155303 -5.640749 0.166648 
0.110177 1.169797 1.886886 0.890985 -2.041823 1.766496 8.616899 
0.308745 2.256137 -2.890997 -1.368935 8.803623 -16.948419 -4.964337 
0.930095 -0.305485 0.038913 0.431661 -16.225510 1.082046 8.672298 
0.154448 0.385004 0.538654 0.373044 -7.698911 -7.043329 4.849964 
0.449860 -0.812583 0.056234 0.778372 -2.932325 -16.504842 -2.304696 
0.194281 0.866190 0.911087 -0.855345 2.143062 10.577228 -11.414714 
0.121470 -1.741887 -0.124050 1.532291 -10.991408 -5.632255 -2.352074 
0.388680 -0.239870 0.853262 0.934531 -6.040312 -3.252145 13.865043 
0.552874 -0.249039 -2.552203 1.476344 -6.376618 -5.132452 9.910146 
0.107074 0.728753 -1.504140 0.643025 -0.162608 -10.319433 -4.025769 
0.218546 1.016298 2.186854 0.103554 -3.603288 2.435461 -1.620037 
0.118025 -0.617464 -0.548048 0.866010 2.847246 5.512362 4.064388 
0.176826 -0.982437 0.584197 -0.000153 -1.065716 7.951765 -15.978307 
0.123628 -0.468350 0.326396 0.430620 -0.119981 -2.396873 23.246332 
0.103987 2.342507 -0.057075 3.805947 13.941431 5.410141 15.001540 
1.612405 -0.605714 0.642296 -0.671495 0.034871 7.150212 -4.523630 
3.952128 -0.339763 1.492122 0.927134 -0.396726 -9.635867 5.511982 
0.090817 -0.278578 -0.008526 0.406580 -17.575472 7.201478 -0.995377 
0.094271 -0.627092 -1.270039 0.573727 -9.951227 -10.844878 4.616416 
0.105198 -1.586918 -0.404296 -1.394352 -10.195154 1.511123 4.712353 
0.122132 -0.310774 0.166658 0.439961 -7.530746 9.339290 8.197110 
0.167817 -1.225628 -0.102284 0.863184 -6.434166 15.475095 4.872167 
0.138488 -0.464756 -3.367833 0.175130 1.295769 -10.220660 6.255604 
0.701272 3.712813 0.483973 -1.360396 22.002905 1.696874 -0.411520 
0.367183 -0.095238 -0.766412 1.421374 -2.146352 -6.177942 -6.668282 
0.116639 -0.867573 0.355849 0.635750 -9.469890 8.492769 8.144230 
0.156405 -1.164986 0.655696 -1.410291 -1.097977 0.957065 0.395220 
0.118162 -1.355747 0.967608 0.092052 -7.061919 -0.740407 -6.680473 
0.151293 -0.546909 0.015908 -0.975236 -4.502093 3.464965 6.142754 
1.456612 -0.356679 0.377281 1.369580 0.566762 1.367772 -3.593199 
0.095248 -0.303629 -0.271378 -0.046119 7.648579 -9.742033 12.337233 
0.298886 -1.097482 0.569490 1.505132 -5.663453 1.727507 1.916857 
0.512636 -0.551414 -0.827312 0.700472 -1.389234 -8.969663 -4.737111 
0.121466 2.251192 -2.819134 -3.294461 11.612670 -10.796752 -10.349826 
0.863813 0.305772 0.107566 -0.098605 3.090677 10.063266 11.233889 
0.283593 -0.119843 0.438279 1.208166 6.391271 7.111543 8.240240 
0.114183 -1.816077 0.992044 0.132265 -6.358972 -5.488914 5.153709 
0.387857 -0.427223 0.022662 -0.744684 1.361527 6.574820 -0.697655 
0.102340 -0.902922 -1.644255 1.781492 -4.310032 -7.947977 1.167351 
1.423034 1.605281 0.829441 -0.286149 4.333553 -8.121387 -2.179099 
0.118440 -0.614461 0.053858 -0.799705 -13.570027 10.065640 -4.593276 
0.087317 -0.553861 0.606696 1.149533 4.032406 -0.898497 -4.065028 
0.115648 -0.534982 0.473267 1.440271 -7.854440 4.805276 0.531851 
0.335498 0.839327 -1.610237 -0.673912 3.657383 -0.252111 -10.986015 
0.109210 -0.590294 -0.415147 0.460346 -0.083166 -3.024995 16.801406 
5.398343 -0.494667 -0.948598 -1.008456 4.624014 -10.947559 -25.042489 
0.438696 0.193648 -0.797817 -0.785620 7.074742 4.494075 -0.892016 
0.102783 -0.827524 -0.700589 0.932380 -9.048457 3.875206 -1.572561 
0.317653 0.494754 3.277029 -2.361486 -3.682432 16.606892 -6.821113 
0.117399 -0.673180 -0.523995 -0.128155 -5.420928 -12.154706 -7.640816 
0.135796 3.207894 -1.432800 0.822854 9.259219 -11.328844 3.597432 
0.139152 -0.598398 -0.570362 0.075674 -8.735568 -9.727727 3.406954 
0.081844 -0.717332 0.989058 -0.042265 -5.458464 5.052230 2.729332 
0.210768 -0.754615 0.054374 1.151608 -2.053202 5.199294 13.957648 
0.087151 0.863291 -0.421571 3.748456 8.742950 -3.718000 14.748748 
0.247564 -1.207553 -2.041263 -0.817959 -8.688292 -4.648730 -8.440848 
0.118055 -0.261916 -0.137560 -1.843288 -5.919681 7.426281 -0.356323 
0.133708 -4.990847 -5.561369 0.745589 -24.682282 -28.550657 4.556657 
0.137951 0.073133 0.619660 -0.127898 0.540844 7.137707 -6.921360 
0.295736 14.457373 8.451640 -3.643177 80.677539 45.644201 -20.525994 
0.093592 -0.022228 0.044668 -0.125960 -12.737322 1.783452 3.345394 
0.180968 -0.758221 -1.141565 0.868296 -4.886895 -14.385712 4.781811 
1.058781 -0.892981 0.838530 1.011359 -12.878195 -0.481669 7.676744 
0.086350 0.215284 0.061574 -0.255005 -5.000573 2.321176 -13.352677 
0.263354 -0.795957 1.865032 0.397436 -3.703158 16.032682 0.808958 
0.556778 -0.582719 -0.051640 1.663641 -9.598157 6.887999 10.809514 
0.139284 -1.782483 0.449983 0.887864 -14.842878 0.903522 1.563084 
0.478468 -0.973749 -0.132542 0.913380 -5.350722 0.486327 11.540773 
0.165293 -0.616443 0.941160 0.071522 -4.472512 -0.865351 2.974351 
0.493788 0.695117 0.004548 -0.727360 -2.236401 2.399520 8.341977 
0.252788 -0.666574 0.532115 1.203712 -7.870756 3.291335 5.451739 
1.145613 -0.534853 -1.683734 1.098836 -9.365934 -3.420375 -0.633704 
0.388183 -0.083733 1.376417 1.623176 0.588891 3.436272 -1.815307 
0.094407 0.369091 2.369535 0.313072 2.651239 16.710022 1.748424 
0.126740 -0.358211 0.146264 0.274060 4.248063 -21.071694 2.333652 
0.323270 -0.536844 -0.226549 -0.562238 0.321743 5.116895 8.544797 
0.198042 -2.106090 3.018445 0.254526 -12.646519 7.492658 3.896143 
1.167561 0.657705 0.647160 -0.714607 -0.725770 7.228443 -5.512350 
2.697368 0.362571 0.003413 1.037426 -4.436495 -0.308372 0.669013 
0.376011 -1.620520 0.415684 0.080823 2.127726 7.463008 6.263854 
0.588263 -0.641263 0.994285 -1.190982 -3.538754 9.422485 -2.136539 
0.138650 -0.637643 0.326365 1.037706 -9.041149 -3.693623 4.669699 
0.373816 -0.456323 0.952606 -0.819569 -8.287706 6.947290 -13.251222 
0.401930 -0.443703 0.421800 -0.787526 -1.451457 -7.040348 11.002026 
0.263064 -0.342359 -0.199192 0.659092 -12.934631 -0.829537 4.911401 
0.459762 -0.667302 1.326362 1.249326 6.386187 13.770519 1.787568 
0.328088 -0.734766 -0.689890 -0.295294 -1.460881 -4.973518 5.516396 
0.860282 -0.030608 5.337086 5.750344 -2.598523 25.977511 31.566398 
0.273055 -0.644648 -0.794312 0.747773 -7.637899 5.678650 -3.269188 
0.396253 -0.385272 0.675293 0.130400 14.867992 8.030055 6.069498 
0.246288 -1.018843 0.078569 1.008271 -5.646435 -8.737449 5.820123 
0.730294 -1.000416 -0.995932 0.126854 4.072267 -7.021756 -8.369746 
0.278430 -1.075357 -0.471964 0.092574 -4.183004 -11.888450 -7.151110 
0.151503 -0.211659 -0.553473 -2.308304 -3.666693 3.871886 -7.551795 
0.100432 0.038633 0.911219 0.725109 -13.828168 1.708204 6.510001 
0.082624 -0.456354 1.313061 -0.074424 12.824105 10.620007 -2.954508 
0.114711 1.352715 -1.483647 -1.712395 0.368762 -10.168383 -0.912726 
0.192666 -1.523191 0.223995 -1.174586 -12.272202 4.058217 4.138236 
0.287114 1.189494 -1.633591 -0.435895 2.226030 -2.032475 -10.755722 
0.585359 -0.312742 -0.401251 0.829438 -12.888542 -6.224016 -7.633807 
1.376095 1.135378 -2.487710 0.471270 8.491609 -10.959013 2.050753 
0.431641 0.372795 0.456905 -0.651941 -9.402141 12.394282 5.341256 
0.136683 -0.254186 -0.503654 -0.810000 10.833236 -0.255690 -7.146147 
0.323241 -0.877518 -0.161248 -0.889431 -15.144037 6.136748 -0.290399 
0.391024 0.080843 0.558651 0.037590 10.814430 -4.061765 4.495584 
0.112116 -0.170879 0.377536 -0.695962 -2.644714 -4.786249 1.494672 
0.116547 -0.122160 -0.342642 0.822674 -9.906825 -11.598010 6.094076 
0.952396 -1.434256 -0.103187 0.419649 -7.847959 5.357699 6.617965 
0.374161 0.377773 -0.956088 0.029316 5.387193 1.580646 7.004819 
0.178419 -1.567780 -0.513176 -0.192588 -5.974176 -4.375250 1.187148 
0.192961 -1.074005 0.428472 -2.143348 -12.945426 -3.343439 -5.491664 
0.763069 -0.264661 -0.170906 1.089767 -2.686651 -4.379607 -6.272709 
0.181019 -1.978186 -0.654891 0.097387 -5.042912 -9.443110 -4.569621 
0.393969 2.356473 3.807359 0.819661 11.350425 20.297547 8.312516 
0.408300 -1.104801 -0.181431 -0.081688 -16.467188 -2.926257 2.775479 
0.506972 -0.804795 -1.046530 -0.651390 -11.989821 -1.281953 5.518017 
0.168852 -0.189814 0.438261 1.243830 -10.911169 15.162324 2.609941 
0.196085 0.530526 -0.250608 -0.130535 -3.839492 0.550058 -0.066164 
0.836938 0.375868 -0.042264 -0.770209 -11.624088 9.286519 -3.735787 
0.701221 -0.390541 -1.317192 -0.220868 -6.318236 0.491318 -1.863655 
0.263429 -0.437324 -0.481740 0.072377 -5.344921 -9.174393 -4.922564 
0.151360 -0.288016 -1.289743 2.330954 -10.050795 -4.802180 3.781689 
0.449375 -0.157044 -0.076286 0.739213 -6.328810 8.314126 1.897990 
0.108928 1.453849 -0.997721 1.385279 0.191856 -11.654259 1.716895 
0.090465 0.841556 0.397667 -0.872219 3.986321 0.813724 -8.024226 
0.531060 -0.772091 1.992399 2.662283 -9.125268 8.841448 4.639091 
0.272013 -1.081809 0.265895 0.691282 3.177541 -1.264756 -8.518705 
0.127889 -1.264918 0.101025 0.121568 -9.520099 1.281946 4.418965 
1.070260 -0.003695 0.238544 0.416310 -5.747520 6.004639 2.834774 
0.111702 -0.635976 0.584622 1.459611 5.427738 -0.150717 11.155478 
0.275275 1.739359 -0.151409 0.653661 2.981547 5.740031 0.838032 
0.433814 -1.518220 0.004701 0.479204 -2.966810 7.819694 2.415820 
0.121123 -1.063846 0.654093 -1.466917 -6.303203 10.104899 -0.650538 
0.604561 -0.424763 0.424107 1.347494 6.823435 -11.695723 5.040658 
0.672200 -0.133408 0.709557 1.799185 -10.939029 3.700278 1.834045 
0.485099 0.485112 2.436358 1.264434 -1.338293 2.445593 6.577913 
0.088968 -1.643156 1.020822 0.053327 8.105053 4.965809 3.090194 
0.372330 -0.699044 -0.380336 0.322142 4.396931 7.140119 5.910208 
0.427499 0.882687 -1.341267 1.590886 7.897720 -5.397826 -2.896949 
0.148166 -0.181828 -1.448635 -0.417512 -9.212674 0.572139 3.963776 
0.205405 -0.072519 -1.449917 -0.479866 0.059340 2.381557 6.710733 
0.273438 0.250388 1.234263 -0.219550 -10.698216 8.259942 -1.715008 
0.257004 1.006413 1.523215 -2.452284 1.791507 13.375732 -7.429235 
0.083821 -2.157414 4.531046 6.558581 -12.471850 22.792786 39.070616 
0.673429 0.050632 -0.151610 1.193782 1.826312 4.898142 -10.890656 
0.093338 0.295533 -0.409222 0.729678 -1.449358 12.920278 -8.611755 
0.097693 -0.543364 0.702716 0.876466 -1.456084 0.202320 -7.732899 
0.081727 -0.164511 1.186617 0.101486 -5.210774 7.924613 -8.472483 
0.417045 -0.324688 0.461675 0.208707 -17.468607 -1.771805 8.276923 
0.387177 0.911650 -0.238580 -0.199520 7.796544 -0.908989 -3.144099 
0.350927 -0.401501 1.350229 -0.090983 7.628076 9.322759 -1.733007 
0.081891 -1.064927 -0.166753 0.007414 -1.644673 0.250423 18.874807 
0.111530 -1.022119 0.353847 2.248947 -2.191078 -1.846089 4.922435 
0.729211 -0.311032 0.471591 0.546880 -7.799923 2.133647 6.314346 
0.081209 -1.774630 -0.177839 0.009809 -15.117866 3.719696 -1.694228 
1.066327 0.539041 0.755466 1.264621 -6.183305 -0.950032 12.728267 
0.844840 0.086255 0.754942 1.162185 13.438732 6.361903 5.922991 
0.286414 -1.338271 0.310440 -0.730075 -15.040895 3.879750 -3.693655 
0.108220 -0.236778 -1.179976 -0.350955 -9.984988 -3.572667 -3.646783 
0.106446 1.605230 0.453583 -0.051386 2.681822 8.946986 -0.043626 
1.618982 -1.429550 3.418166 -0.692019 -11.563581 10.442803 -6.202762 
0.126190 -0.551160 -0.380354 -0.323400 7.963437 2.496919 13.101440 
0.666898 -0.674587 -0.225079 -0.556088 -8.848649 -1.289226 -2.150250 
0.355266 -1.305276 0.298026 1.013248 -9.841279 0.958762 3.980091 
0.365762 -3.502185 -6.746356 -0.472642 -18.867038 -31.055476 -4.736432 
0.430606 -0.787318 0.278312 0.365584 -12.100913 -14.051740 -5.524566 
0.100431 1.625232 -0.261918 0.493458 9.645005 8.922061 -6.137486 
0.189647 -0.833481 0.855214 -0.039537 -0.690241 -0.387760 -6.520243 
0.132254 -0.409101 -0.221937 -0.126997 3.670870 6.640988 -13.580432 
0.500139 -1.963237 -0.249888 -1.634811 -10.309988 3.521985 -0.543034 
0.175237 -1.184066 1.339003 -0.930486 -10.464615 -0.171208 1.214164 
0.123696 -0.735694 -0.454022 0.842161 -5.248738 -8.011665 -3.755811 
0.195281 -0.690958 -0.144374 -1.531989 -0.532890 8.300962 -1.773232 
0.599939 -2.924799 0.004604 -0.375510 -12.610614 5.497129 -8.029781 
0.192741 -0.768824 -0.020481 0.661538 -3.457310 11.941834 -4.405338 
0.200778 0.606941 -0.716129 0.125756 -11.383336 -9.742113 1.120066 
0.177472 -0.502440 -0.542410 -1.542880 -4.013761 10.055013 -5.370306 
0.127855 0.439708 -1.783216 -0.205640 0.424528 -1.591764 -6.918999 
0.220526 -0.296028 -0.386610 0.796515 -3.285456 7.632165 -5.346164 
0.627642 0.377860 -0.184639 -0.024674 -6.643362 5.914901 -7.605427 
0.637465 -1.334319 2.212987 0.919046 -6.674356 17.786893 6.276799 
0.169117 0.228491 -0.303429 -0.050861 -1.538197 12.349851 14.374009 
0.114784 0.046762 -0.547783 -0.384412 2.265594 10.005495 -3.732335 
0.135557 -0.286709 0.771296 -0.041842 -6.907687 -8.431972 -5.525588 
0.579415 0.545542 -1.446868 -0.070178 19.916914 -14.025480 -4.188746 
0.624848 3.423709 3.037677 -0.828462 18.204011 15.715772 -2.245760 
0.385484 -1.499588 0.211032 1.431058 1.245631 -7.477830 4.417384 
3.082417 -0.896921 0.865304 0.010897 3.799507 3.457253 -2.714031 
0.310489 0.287662 -0.042074 2.057567 1.928139 7.741509 8.527340 
0.457154 -0.028045 0.283121 -0.560246 -8.457106 -6.377344 -2.256028 
0.279294 -0.648520 -0.909468 -0.608393 5.519155 -9.125322 -4.698422 
0.089763 -0.507781 0.328468 -0.573926 -6.826743 7.698630 7.199806 
1.249225 -1.343805 0.680968 0.885965 -0.832951 -6.892045 4.901711 
0.163561 0.711113 -0.801367 -0.359967 -5.586624 3.825140 -2.781939 
1.702665 -0.292860 0.388465 0.865926 3.850604 -8.216604 -6.700360 
0.087567 0.731872 1.697584 -0.222287 3.221518 -0.726679 1.014469 
0.192231 -0.419723 0.103999 0.170220 -22.354244 -2.530372 -2.616103 
0.122081 -1.124300 -0.561893 -0.585503 -14.098417 1.758471 6.510651 
0.088452 -0.313214 0.973185 0.191343 -5.264087 10.410539 -10.800855 
0.470758 -1.188772 -2.464434 0.901895 -2.193234 -2.434354 6.017949 
0.196106 -0.597924 0.450987 0.294503 -5.172107 -3.817092 -7.009141 
0.163499 2.400759 -3.498726 -0.959825 12.975573 -15.011364 2.545781 
0.080867 3.187249 2.630103 -3.150945 20.370601 15.418090 -10.591021 
0.223604 -1.643857 -0.098701 -0.071963 -1.306794 -1.155546 -7.864806 
0.155926 -0.602441 -0.536023 -0.326485 5.677946 -0.233325 -18.450928 
0.238387 -0.981811 -0.205744 -0.741353 -10.071154 -10.474219 4.989820 
0.106154 -0.851926 -0.999804 -0.584166 -5.605452 1.668025 2.459157 
0.169911 0.376332 -0.669665 0.731562 -1.317346 -5.459666 13.660283 
0.113329 0.946051 0.859599 1.440436 -4.136982 -0.919890 11.923647 
0.192419 1.613907 -3.167529 -1.058208 2.547879 -17.163863 -6.991491 
0.594225 0.396939 0.313758 1.209456 0.443246 2.244102 15.315600 
0.085164 -1.202883 -0.322547 0.368782 -0.295620 -1.561469 13.911699 
0.117057 -0.857328 1.165350 0.560451 -4.552467 -0.771258 5.124785 
0.205043 -0.597997 1.030022 -0.419453 -8.929552 -0.023873 3.729555 
0.234649 1.443094 -0.043437 0.429344 9.091507 8.839065 -0.506407 
0.487672 -0.025581 1.659222 1.412795 -1.749211 3.181277 4.499324 
0.223182 -1.388305 -0.062151 0.073532 -6.903465 15.498451 2.125204 
2.476904 0.198133 -0.225238 -1.062447 7.511376 10.903623 -0.099582 
0.441734 0.311800 0.734687 0.312225 -11.980110 1.488541 -4.419213 
0.230397 -0.808994 0.075082 -0.443818 -8.491641 6.688780 -5.465089 
0.689100 3.929067 2.080348 -2.600126 19.703717 6.412942 -8.557169 
0.815528 -2.756040 0.377723 1.262586 -6.753475 -3.328400 8.673702 
0.161492 0.293567 -0.041177 -0.339639 -1.438406 -11.270606 0.711502 
0.542296 2.927751 -1.249166 -0.520531 5.710123 -6.543568 0.503618 
0.146522 -1.569217 -0.505299 0.253491 -11.173829 -4.526490 -10.395190 
0.256037 -1.187404 -0.788537 -0.684568 6.447167 -6.141415 3.945954 
0.887681 -0.421352 0.681007 0.913186 8.067574 8.539075 -11.120952 
0.101372 -0.452788 0.138201 -0.650470 -6.534390 -7.625934 -1.190277 
0.141931 -1.168227 0.791811 0.038808 -15.451674 0.729836 1.955466 
0.178446 -0.390242 0.621912 0.475754 12.348795 -7.692175 -5.504225 
0.083374 -0.172309 -0.079076 0.851553 -11.581414 4.140799 14.859842 
0.376685 -0.105354 0.398230 0.450302 -1.687519 6.633067 -17.985954 
0.585808 -1.272175 -1.031848 0.947085 -9.519590 7.432299 3.108656 
0.102075 0.575655 1.588515 0.463201 0.907944 4.202014 -3.925669 
0.086694 2.494409 2.012518 0.174553 12.087016 7.452011 4.801884 
0.654455 -0.027321 -0.028876 -0.982557 -2.095422 0.990633 -7.774704 
0.442796 -1.304964 0.309934 0.442281 -1.677149 3.248024 13.764969 
0.103990 -0.382542 0.314446 -0.062733 4.193782 -14.969515 13.353119 
0.137893 -2.356001 -0.017186 -0.135362 -11.063966 1.884465 -2.789622 
1.044939 0.276625 0.371497 -0.170494 -15.071072 5.879206 6.694670 
1.025335 0.781297 0.165105 -0.682491 2.980252 5.722477 2.379003 
0.472835 -2.316306 0.505016 0.995508 -10.221462 4.358755 -5.716939 
0.672168 -3.184085 1.126100 1.376155 -12.690948 -0.076504 12.506460 
0.208490 -2.123704 -1.942638 -0.237456 -2.569535 -8.503361 -0.506053 
0.292610 -1.390605 2.370882 1.406080 -3.997886 5.545323 10.218043 
0.111344 -0.413046 -0.021129 1.616684 -1.993874 6.033409 -1.739572 
0.466067 0.001894 1.020062 -0.191957 -8.918388 5.464335 -12.023844 
0.112109 -1.021753 -0.210599 0.117029 -1.007106 6.533265 -3.641272 
1.021373 -0.204021 0.158518 -0.619732 11.911466 0.355903 -5.822582 
0.247245 -3.070015 -0.486874 2.066586 -16.967921 2.207386 8.673940 
2.937998 -3.242070 -1.276392 0.937195 -8.555070 -6.598085 9.184179 
0.112201 -0.664500 -0.478530 -0.323110 -12.812264 11.109196 5.316177 
0.941373 -0.359222 0.321149 0.124861 -4.659550 -11.408850 10.514683 
0.186332 1.198993 0.006985 -1.014576 -0.030286 3.723281 4.556494 
0.206312 -0.192102 0.336561 0.885960 1.065643 -5.763976 9.324153 
0.087521 -0.621045 -0.254546 -0.509954 -9.905728 -12.777062 -9.063879 
0.337060 -1.003343 -0.308163 0.009052 -5.835908 15.846767 2.922232 
0.506829 0.959109 0.495491 1.313335 3.211070 3.687723 -2.626669 
2.506229 -0.757674 1.498603 0.048859 -12.133695 -4.793395 6.950392 
0.109658 -0.434769 -0.134673 -0.860484 -13.106471 -0.987674 0.903829 
0.093631 -0.787780 0.123295 -0.004197 3.312625 -5.386237 -7.367965 
0.994606 -0.128569 0.214635 -0.050698 -18.342512 5.035214 -5.611971 
0.184780 1.906251 2.896394 -0.092153 2.989094 7.807061 -1.587335 
0.113864 -0.500626 1.090511 0.368063 -5.299114 1.996125 5.280527 
0.500571 3.485107 -0.399110 -1.957702 18.359160 4.541316 -7.607737 
0.375402 -0.046832 0.055234 -0.767935 -8.026945 6.336603 -13.737824 
0.121279 -0.398382 0.027280 -1.108284 -13.709559 1.248784 -5.740914 
0.437171 0.256339 0.151106 -0.931365 -8.018223 3.427371 5.181723 
0.420529 -1.025369 0.769986 -0.350293 -8.782856 0.256317 2.711109 
0.140832 -0.783178 0.791561 0.231101 -9.578622 4.492853 -9.036361 
0.317286 -0.714476 -0.079427 0.194746 -4.067299 -10.787915 6.364630 
0.092539 1.015054 -0.741277 -0.080957 -8.167021 -3.249461 8.886737 
4.198783 -0.201240 0.685499 0.485454 -3.976980 -0.382288 8.119404 
0.435794 -1.898231 0.361332 0.218527 -10.226958 -0.920887 -2.485933 
0.299195 -1.016452 -0.537532 0.760418 -6.446679 7.395056 10.810510 
0.366428 -1.110093 -0.083241 1.348481 5.159022 -4.942156 11.186670 
0.300202 -0.999119 12.753533 4.540930 -8.288733 93.534021 31.871500 
0.585186 15.268678 2.585608 -12.489291 145.096258 26.477803 -121.028889 
0.524509 -0.652684 -0.204749 0.325061 -3.731128 12.758535 4.766120 
0.292083 0.398186 1.868943 1.126755 0.237347 -3.111861 10.241823 
0.107699 -0.653580 1.844042 2.263514 -6.498114 1.119429 8.555589 
0.744916 -0.793495 3.044025 0.655322 -0.302307 12.374190 0.270017 
0.131940 -2.066265 2.389766 0.027533 -10.806194 4.489298 0.308000 
0.104491 -2.464653 -0.394667 2.323129 -13.512579 2.138466 8.509785 
0.504475 -0.838353 -0.790026 2.391186 -4.348656 -6.744956 19.867193 
0.159200 -0.382337 0.980331 -0.043637 3.522857 5.288392 7.928484 
0.144224 0.587613 3.690730 -0.374312 -2.148894 13.665562 4.479734 
0.221063 -1.310849 -0.087261 -0.000346 -5.316607 -7.273357 14.783943 
0.339783 -0.578796 -0.261829 0.825363 -0.957107 9.010983 6.613935 
2.985742 1.761427 0.897545 -0.423895 2.415008 12.609093 -5.245897 
0.098040 0.352250 1.005869 -0.860500 0.923987 5.890853 1.806808 
0.364111 -0.596392 0.702361 -0.357227 5.531175 4.662376 5.879709 
0.144886 0.167764 0.215623 -0.575330 -10.848592 -4.045394 -7.115585 
0.360597 -0.279058 0.505364 0.247402 -2.040751 -9.467967 14.512046 
0.254317 -1.376027 -0.267584 -0.879788 1.531128 -6.575055 8.022566 
0.555913 0.189729 1.273421 0.030474 -6.050979 9.730637 0.826838 
0.416651 -3.043249 -0.498100 -0.630351 -7.923010 -5.251228 -4.897582 
0.151008 -0.177928 1.737220 1.625109 0.425813 -0.265371 -1.898368 
0.577563 -0.156183 0.272547 -0.236031 -2.906261 -7.770982 11.589045 
0.141965 1.970841 0.466180 4.221973 5.107389 -0.440318 20.380486 
0.120024 -1.540579 0.706760 0.444476 -7.606806 -0.382955 -3.205490 
0.182852 2.168892 -0.991491 0.025745 10.815365 1.483850 -2.102156 
0.189724 -0.225871 0.588205 -1.590470 -5.862013 4.181541 -2.390494 
0.150160 -0.017164 -1.905304 2.131371 -4.040011 -8.076963 8.139350 
1.373741 -4.734137 -0.386209 2.124772 -18.948530 2.438507 8.240441 
0.283453 0.788354 0.520729 1.509197 0.337631 3.953741 -4.383725 
0.170281 0.099873 1.369351 0.866838 7.956965 9.834786 -2.188075 
1.505698 0.418665 -0.531051 0.331769 6.272251 -10.165100 -2.451772 
0.360047 -1.381503 0.162845 -0.507782 4.066332 -4.960578 3.246253 
0.588861 -1.472977 0.745673 1.045779 -7.287972 12.317339 8.393037 
0.381565 -1.317479 0.943733 0.685086 -3.276640 11.645621 1.119454 
0.166121 -0.510271 -0.795253 -0.268715 -4.241913 -5.693230 1.864031 
1.652096 -6.258811 1.401547 4.761150 -60.704436 15.111691 43.540592 
0.215498 3.480259 -2.318250 0.799156 15.173248 -5.139288 0.505891 
0.524663 -0.624057 -0.452873 -0.138349 -3.590412 -10.082495 -17.475960 
0.489037 -1.153827 0.376608 0.537482 1.399835 -6.253886 7.969683 
0.247044 -1.173736 0.355620 -0.502570 -1.718906 2.694024 -10.442092 
0.408569 0.689739 0.516315 -0.762621 6.620700 -0.924236 -4.482778 
0.429966 -1.089607 -0.451881 -0.084506 9.401621 -4.305012 -2.561748 
0.205030 1.481900 -1.478120 -0.125136 -1.295026 -5.048802 -3.062875 
0.104504 -0.764198 0.228473 0.196875 -12.572584 -0.985503 16.748454 
1.704172 0.153038 -0.274196 -1.620002 -4.881038 7.041953 1.708456 
0.208973 0.620467 0.509840 -0.830429 -3.618306 -8.334483 6.706670 
4.631110 -1.385030 0.994781 1.624776 0.751440 -5.705675 5.884110 
0.135103 -0.144500 -0.323116 -0.356011 -5.725362 1.454487 -6.105766 
0.169606 0.158980 1.285195 -0.423218 -7.791129 -0.843421 -9.309468 
0.567692 -2.294410 -0.818285 -0.861918 -8.470439 -8.582861 2.038188 
0.214292 -0.843737 0.438237 2.238480 -8.764645 5.826026 4.569556 
0.450345 -0.218373 1.430918 0.332165 -2.351275 4.302210 9.289427 
0.407103 -0.880101 -0.097920 0.913112 -2.953581 -2.571401 0.706149 
0.846636 -0.630481 -0.544972 0.214954 -0.923666 -5.927466 -1.662179 
0.123163 1.210754 -1.432429 -2.646125 2.302179 -6.935960 -6.011300 
0.120648 -0.795034 -0.074698 -0.333249 -4.678953 -9.681799 13.599297 
0.387333 -1.198369 0.501415 0.939872 -9.456907 -11.046394 3.201475 
1.095352 -1.129246 -0.125681 0.483720 -7.136766 -4.597977 -9.811597 
0.212730 0.262517 -0.531587 -0.015019 -6.444877 2.297088 8.273150 
1.575080 -0.254322 0.825469 1.718980 1.181096 -6.891365 6.629319 
0.102042 0.121334 -0.143175 1.105976 -7.425136 -8.266304 -0.081453 
0.606266 -0.341821 -0.018773 -0.344011 1.330319 -11.319186 -2.907318 
0.250734 -0.605598 0.392938 -0.870888 -5.766093 1.861623 -2.437659 
0.184902 -0.688399 1.678380 0.402547 0.837510 13.184309 1.215704 
0.348863 -0.004627 1.578266 -0.216235 10.479644 1.243176 -3.185447 
0.127948 -0.633524 -0.228926 1.143543 -11.910480 7.264873 -4.545849 
0.127545 1.085492 1.061256 3.210862 -0.888107 9.903762 12.443748 
0.089378 0.917512 0.223926 0.565116 -4.436294 -9.378396 -4.070090 
0.220514 0.785027 -0.069639 -0.231235 -0.076752 -7.142294 -10.605820 
0.195396 -0.516008 -0.888328 -0.949061 -19.319854 -2.476514 -7.133581 
4.245083 -0.954723 0.156112 -0.116510 8.717626 11.272385 -6.465528 
0.095817 -0.091423 -0.057859 -0.252446 1.480033 -8.334492 8.682575 
0.569763 -1.401213 -0.382152 0.428128 -0.070827 -5.936728 -2.382710 
1.098164 -1.384037 0.937582 -0.051454 -8.685574 3.397762 4.583438 
0.538990 0.369442 0.193139 0.837689 -4.478088 -7.201210 4.080865 
1.288776 -0.305503 -0.017871 0.135465 16.070702 -0.435849 -5.399872 
0.193816 -0.486975 0.362403 -0.649867 -8.563808 -5.412400 -0.253534 
0.378483 -1.240557 0.474801 0.408818 -17.365881 -13.123531 1.222251 
0.130333 0.174588 0.526813 0.269136 3.629939 -10.336080 -3.054022 
0.235233 -0.126573 -0.909594 -0.095517 -4.166615 -2.148391 9.331931 
0.474050 -0.994129 0.090559 0.214274 -6.735181 -4.382903 13.272303 
0.170650 -0.546585 -0.530302 0.515712 -7.071048 6.238500 -3.689655 
0.551803 -0.054027 -0.069916 0.308268 16.853772 9.706733 -3.906108 
0.131497 0.007966 -0.206087 -0.431774 -7.584210 -9.686908 1.392604 
0.367063 -1.164640 -0.575012 0.149911 7.693812 -5.244331 9.980021 
0.237052 -0.499672 0.404748 0.303320 -0.992647 3.104123 0.968456 
0.979329 0.510957 0.176916 -0.651208 -3.235548 4.640533 -12.126541 
0.113309 0.603178 1.365322 0.046674 -5.885137 7.472623 0.567880 
0.202812 2.062998 0.713024 -0.570734 9.384984 1.661913 8.432056 
0.145792 -0.085012 0.989156 0.162855 -6.529216 -6.268312 1.788735 
0.206856 -0.648822 -4.144883 -2.242185 -7.820335 -19.547853 -10.349643 
0.534870 0.137394 0.932037 -0.240045 2.999597 1.547043 1.587364 
0.091732 -0.527732 -0.353947 -0.310371 -6.192152 6.338572 -1.654567 
0.094435 -0.760401 0.940407 0.227246 -5.344829 5.889418 -14.812902 
0.106821 -0.958972 0.681019 0.629013 -9.129880 4.120260 10.798477 
0.443043 1.124849 0.929228 -0.337678 1.005342 3.418888 7.412654 
0.087582 -1.097221 0.139268 0.304767 -2.702798 5.262897 14.102447 
0.159466 -0.116722 0.071119 0.199663 3.712106 4.331505 -10.550072 
0.829727 -0.851522 0.714873 -0.245315 -5.942849 2.369948 12.593283 
0.093662 -0.180368 -0.196584 0.893393 4.674860 -5.419286 -9.639230 
1.055006 -0.882815 0.185279 0.285502 6.425157 -5.198954 15.849457 
0.290595 -0.232505 0.981875 1.566752 -9.589723 11.392239 3.390350 
0.226020 1.387760 -2.827138 4.912589 10.763986 -12.006833 20.778686 
0.258652 -0.295016 0.063608 0.213741 -3.911489 -5.408191 8.261098 
0.504080 -0.731542 0.078467 0.858826 -14.740046 8.033837 0.185604 
0.133644 -1.354401 -1.019591 -3.428509 -10.165783 -10.159160 -13.715949 
0.102367 -0.985040 -0.261132 0.179887 3.691492 3.713747 3.234528 
0.102733 0.656529 0.039148 1.142288 -5.955947 -5.386720 5.352182 
0.406103 -0.444792 -0.366775 -1.149193 -3.107744 1.105627 -5.305223 
0.170184 -0.387090 0.190999 -1.142341 5.274056 11.186151 4.908968 
0.080956 0.983458 2.970944 -1.155430 0.426754 14.495138 -6.766475 
0.171393 -0.889611 1.184639 -0.168817 0.237790 -7.890486 -6.674026 
0.103884 -0.328388 0.350525 0.264927 13.115936 -6.402330 -11.813622 
0.287723 -0.195621 0.251149 -0.470756 -11.791191 6.764897 -7.757680 
0.707610 -0.485715 0.443070 1.296125 1.300402 7.122570 -8.330868 
0.161798 -1.422343 -0.536983 0.839811 -8.877283 0.544042 -0.313450 
0.495528 -1.969740 2.693077 0.711714 -5.064053 3.962086 0.517536 
0.081729 0.129815 0.859411 1.598106 -12.219881 1.734456 6.614297 
0.498673 -0.067369 0.890111 -0.801657 -9.082723 11.501135 -3.686613 
0.189760 -0.027008 -0.212788 1.220895 8.053833 -0.795857 0.875439 
0.174582 0.963787 0.284537 1.194319 -8.603861 -2.672419 4.837850 
1.913197 -1.071473 1.917266 0.118171 -8.022124 3.671802 0.782958 
0.156957 -0.659135 0.941944 -0.495474 2.068992 -4.067319 2.475199 
0.318637 -0.195903 -0.312378 -0.551364 -14.429975 -9.632148 -0.963957 
0.384886 -0.427151 1.322069 -0.027686 5.576351 8.971660 -5.548028 
0.094543 -0.872888 1.369541 -2.438539 4.016767 8.873771 -6.565749 
0.093801 -0.147866 -0.579482 -0.885550 -13.837637 5.127661 -8.196429 
0.259589 -0.199669 0.090161 0.154558 -17.750707 7.739303 -3.618509 
0.331382 -0.492642 -0.955935 0.216283 -5.168379 -2.988911 5.847041 
0.597086 -3.510600 2.085589 -1.844949 -15.558234 15.975721 -9.431381 
0.244466 -1.126489 0.305309 -0.357529 -3.174041 -0.854527 -7.876035 
0.409757 -1.137714 0.732159 1.623881 -9.744061 12.143528 -1.286719 
0.703460 0.361570 0.156175 0.874292 7.923664 -10.102777 -4.990116 
0.129081 -0.461179 0.315825 0.644442 -11.913172 0.909065 -5.886052 
0.592856 0.592696 1.470572 0.672020 -6.178962 11.063438 -1.826468 
0.598064 -0.828368 0.119700 1.861658 -9.183562 -2.990620 3.011232 
0.315326 -1.540547 0.244859 0.512367 -4.067839 -8.635113 -11.522552 
0.830552 -1.108041 0.604592 0.188883 -5.105046 0.999505 9.437183 
0.107798 -0.655757 0.609118 0.293259 3.356042 -6.737415 -11.607260 
1.282747 0.717445 -0.710947 -1.305634 6.366807 4.867106 -5.441383 
0.179704 -0.995974 0.764044 1.238151 -7.037630 12.575996 2.812038 
0.226650 -0.280556 -0.785528 0.419260 -12.895596 6.137683 -5.525144 
0.213577 0.274376 1.451505 0.209853 -1.214911 1.142536 -2.348269 
0.360054 -1.238004 -0.315765 0.104753 2.773034 -2.704659 11.016619 
0.590465 1.268126 0.214893 0.042142 1.637153 3.327733 -0.116085 
0.323997 -0.565161 3.390855 -1.706672 -3.337082 17.722881 -1.292861 
0.080856 1.157171 -0.831339 1.300951 7.046521 6.383108 -1.466107 
0.143920 -0.019132 1.215103 0.272331 -5.219289 -10.924360 3.148993 
0.128165 0.361395 0.840507 0.684468 -14.229231 4.050831 1.300553 
0.371144 -0.104233 -0.626471 -0.110890 -2.474243 -14.951280 8.886548 
0.145470 0.002528 0.424727 -1.188413 10.604420 -5.779258 3.631549 
0.092657 0.195560 0.986630 0.358532 -3.103581 -2.874994 5.801281 
0.587126 2.723712 -1.493277 -2.039767 15.539131 -9.858848 -3.297584 
0.235289 -1.199049 0.472572 -0.379732 -4.865924 -0.767477 -7.811414 
0.569180 -1.057570 0.259629 -0.117225 -7.942656 11.813118 7.501511 
0.093590 -0.923738 0.642590 0.239031 -0.239581 2.082354 -12.848661 
0.249342 -0.195051 0.738067 0.939569 -4.471625 17.130555 11.471931 
0.543855 2.779594 -0.845541 0.255631 10.632866 -6.325051 5.417595 
0.236315 2.779074 3.968284 -2.377720 14.376979 23.985031 -7.079364 
0.136931 0.333539 -1.227150 0.757157 -1.696963 -10.580093 11.921017 
0.109437 -1.155026 -0.054250 -0.657864 -1.396918 13.563867 -4.963073 
0.915698 0.235491 -0.303881 -0.920303 -7.318947 -5.089518 -8.541070 
0.125769 -0.153301 -0.835076 -0.487173 0.417772 1.669790 4.422591 
0.182221 -1.010376 -0.461693 -0.193983 -11.097091 14.296679 -0.968005 
0.624303 -0.301823 0.192643 0.766159 11.452049 6.853860 7.534238 
0.123119 -0.139702 0.041867 0.261524 9.970969 1.122792 -10.300393 
0.093277 0.024135 -0.692358 0.349113 -11.488519 -5.265992 -2.057704 
0.126609 0.084833 0.086853 1.089698 9.602154 10.969163 -3.822141 
0.342755 -1.398408 1.611798 0.093537 -8.202635 2.272827 -0.775689 
0.887808 1.179298 -1.371322 0.398131 -1.055135 3.812890 1.443459 
0.718573 0.066507 -0.359595 -0.284795 9.371000 6.311194 12.289762 
0.789225 -0.765788 1.759989 -0.469991 -4.686999 0.774367 -8.605040 
0.126531 -0.657638 0.482180 0.513623 -12.680626 -0.817252 -8.425946 
0.685572 -0.541939 0.652336 -0.147271 -12.894237 -1.980623 2.593480 
0.342997 -0.488764 0.049486 -0.018090 -18.202277 5.786814 9.688722 
1.141486 -0.642195 0.290001 -0.342804 -12.274737 -12.494496 -9.917217 
0.181571 -0.209467 -0.051671 1.191828 1.511258 -2.516924 -1.327467 
0.271737 -0.637950 0.044374 0.641584 0.626728 2.106984 -6.358504 
2.465276 -0.534079 -0.463143 -0.019693 17.207287 -2.292353 5.209518 
0.132761 0.685453 0.695231 0.658653 4.820951 5.215596 13.688417 
0.088416 -1.429258 -0.066921 0.398132 -17.058672 -0.769523 -2.745193 
0.089291 -0.527983 -0.441352 0.459501 -4.169778 -8.484554 0.534149 
0.263350 -1.172153 -0.252589 -0.386095 -9.006153 -0.128121 6.166311 
0.423754 0.892027 0.936883 1.536856 -0.467358 12.328668 3.272761 
0.178200 -2.587644 -0.347469 0.019364 -2.054330 4.498121 1.131161 
0.269147 -0.918169 0.912395 -0.062046 2.269669 21.191954 9.344832 
1.218772 0.103704 -0.146675 0.620446 9.116276 5.115916 -0.666788 
0.195759 0.106338 -1.754629 0.917672 -5.573940 -4.196823 -4.041628 
0.310560 0.441627 -0.065375 0.334490 -5.263078 -4.405693 -6.915748 
0.132928 -0.078178 -0.109671 0.410491 -9.456421 -8.500815 11.445131 
0.130606 -0.224477 -0.756412 -0.753815 -0.017726 -12.716842 -7.207593 
0.180981 2.244869 4.484692 3.947549 10.670738 25.451169 22.256100 
8.040799 -0.281285 0.347449 0.236048 1.670221 15.388213 2.724803 
0.080873 -1.827924 0.302297 -0.243324 -13.389763 -3.949554 -6.123031 
0.337684 0.544661 0.034386 2.148184 2.603477 -6.031948 0.624675 
0.727006 -1.784632 0.642195 1.279691 -0.169896 -4.742773 5.980834 
0.130102 -0.778742 -0.880092 0.007538 -0.051132 -2.437454 -8.404894 
0.107057 -0.326519 0.600706 1.731088 -0.230178 15.372357 3.004112 
1.352041 0.209891 0.182209 -0.564296 3.198504 -0.599984 6.358160 
0.108970 -0.186556 0.674717 -0.463183 11.222975 2.383383 -1.415415 
0.148499 1.812253 0.458158 -1.505031 0.952444 -3.437036 -2.330386 
0.263983 -0.057017 0.033417 -0.101000 -12.976188 12.438320 1.983216 
0.240265 -0.086024 1.336847 0.529296 1.877827 -1.896843 3.332175 
0.217954 -0.584752 -0.508482 0.111725 -10.243220 0.635324 6.511381 
0.444167 -0.137698 -0.201417 -0.214331 8.261058 -14.579042 -2.820303 
2.752555 -0.249331 1.254347 -1.590337 -3.770962 4.886631 1.341739 
0.266546 0.400537 -0.260783 -0.544410 -6.472742 -1.778311 7.171110 
0.104305 -0.111255 0.335428 0.670818 16.161255 -6.361385 -2.201000 
0.144490 0.922724 1.563032 -1.656589 -3.633253 5.192600 -9.610324 
0.094619 -0.607802 0.143788 -0.422173 -14.553213 10.531498 -4.150563 
0.144851 0.762646 0.374888 1.057912 4.605050 -1.136913 -7.840771 
0.132290 -1.591986 0.938016 1.551953 -9.830143 10.359153 -2.218975 
0.524424 -0.425499 0.428343 0.714608 -6.963490 8.477712 2.996341 
2.804970 2.593843 0.558492 0.617611 8.128166 1.038467 4.397200 
0.151725 -1.333274 0.012938 -0.552742 -11.656117 -2.946941 -5.197019 
0.691052 -0.492634 -0.731026 0.109567 5.791789 1.907694 7.133553 
0.123125 -2.994548 -1.350515 -1.297143 -10.477277 -0.424354 -3.458873 
0.095501 0.208444 0.552700 -0.141482 -3.221474 -5.413355 -6.482394 
0.082472 -0.305865 0.267992 0.166990 -12.714079 13.538968 -19.473313 
0.088000 0.813861 0.281344 0.706937 1.933385 2.114813 -6.581199 
0.106567 -0.997232 0.192348 0.684506 0.575791 -3.118678 -0.881275 
0.083960 -1.098801 -0.502469 1.612530 -5.577322 3.647405 2.200993 
0.444394 -0.113264 0.978710 1.177928 -2.361680 0.151062 1.841182 
2.968598 0.004091 -0.174162 -0.321347 11.469416 -7.363856 4.706608 
0.118415 0.406402 0.015876 -0.274478 11.989044 -1.268844 4.611991 
0.123056 -0.354869 0.921289 0.939685 0.105123 8.688589 -6.829047 
0.111967 -0.331056 1.383335 0.564810 0.749230 6.825685 9.139296 
0.095336 -0.038929 -0.329137 -0.247483 0.728940 3.575261 7.038076 
0.085245 -0.716520 0.311409 -0.614502 4.065754 4.221107 0.862270 
0.219520 -1.227976 -0.143843 -0.356812 8.957985 7.049268 -4.270957 
0.269315 -1.595583 -3.123534 2.374719 -6.446030 -10.014982 8.922714 
0.084729 0.492172 -0.478361 0.908305 0.494347 2.705867 -0.964109 
0.193296 0.312952 0.984559 1.065774 -3.337296 15.409285 -2.123379 
3.042533 -0.227117 -1.047427 0.327662 0.826481 4.759588 12.351596 
1.417540 1.942146 1.875546 -0.017347 3.734402 1.745938 4.371234 
0.348250 0.042936 -0.228847 0.660881 1.092140 -4.389363 -5.527184 
0.189420 0.816052 0.521982 0.925907 1.250294 3.071574 -1.712510 
0.222484 -0.259910 0.579436 -0.470325 -5.771253 6.384939 -4.786635 
0.319069 0.538950 0.281986 0.385713 0.300059 -3.037593 13.033846 
0.092091 0.141314 0.272064 -0.392037 -2.650704 9.396211 -13.363574 
0.486369 0.561493 -1.149689 0.078618 -6.483531 -2.103443 3.671543 
0.293964 -0.131867 0.738581 -0.472290 -7.832895 -6.293651 -0.936656 
0.150389 -0.563908 1.068436 0.386876 2.204887 -1.948966 3.516564 
0.098254 -1.502283 0.211470 1.087939 -7.637714 1.753232 5.859008 
0.129777 0.137938 0.173850 -0.168190 -5.998395 -0.281712 -10.659752 
0.089968 -0.222610 0.695237 -0.822036 -13.978707 -7.447533 -2.718632 
0.178187 0.246175 0.416313 0.143776 -13.252903 4.762193 6.510122 
0.446547 -0.224419 0.568638 0.377050 8.151341 -2.457325 -6.235263 
2.596189 -2.861504 -2.279358 -0.363502 -11.893262 -7.506821 3.708260 
0.941679 -0.092293 0.094291 0.976639 -3.461106 -8.349301 6.622521 
0.357477 -0.655076 -0.460759 0.814138 -0.532360 -11.418946 -2.593211 
0.233141 -0.250307 0.363611 0.067012 8.043935 -13.262533 12.541608 
0.109886 0.381435 -0.175036 0.655106 3.344593 -1.418482 9.468771 
0.103385 0.412352 0.041117 0.937365 -4.632486 -10.981209 1.256969 
0.307529 -1.403473 -1.732632 -2.054856 -2.046966 -8.000008 -1.278598 
0.224214 -0.569112 -0.249997 -3.075231 3.079856 -7.113607 -11.589746 
0.688471 -1.004716 0.883556 -0.020654 -14.636085 8.276147 8.330021 
0.121886 0.349374 -0.455135 1.153182 -4.140833 7.820553 8.569933 
2.036878 2.186250 -1.708768 -0.822610 2.338812 -3.883599 -5.534797 
0.108772 -0.214661 1.371156 0.154278 0.524483 -3.254721 -6.499488 
0.087214 -1.071929 -2.302866 -0.944105 0.702060 -6.357000 3.016231 
1.095005 -0.762252 -0.493482 -0.122640 -1.500936 -19.146816 1.853905 
0.462444 0.103704 -0.243089 -1.127214 -0.812521 -0.644795 1.507573 
1.195467 -0.624533 1.665300 -0.019691 -5.917156 10.005570 -7.429280 
0.124532 0.910943 0.771986 -0.384434 2.039956 8.095915 -7.181708 
0.239527 -1.519641 -0.044019 1.098061 -10.019572 5.055392 2.808021 
0.513647 -0.632309 -0.760797 -0.380379 -15.992178 -3.521119 -10.849585 
2.322161 0.773306 0.282079 -0.557933 2.847672 4.275822 12.357085 
1.749945 -0.198525 -0.819782 0.706831 -6.793074 -3.913066 2.147352 
6.427225 -0.273435 1.164366 -0.277069 2.992538 1.069907 -3.236433 
0.187473 -0.462795 0.307632 0.997566 -0.377106 6.602747 4.636046 
0.080411 -1.203287 1.543428 1.119411 0.889517 0.317237 -0.723860 
0.084886 -9.005451 3.897490 1.147419 -62.620165 25.821183 6.323915 
0.210734 0.202157 -0.446135 0.020432 -2.347901 1.011273 6.558735 
1.039799 0.072970 0.545698 1.664344 -8.980145 2.207633 4.274517 
0.589256 0.150357 0.310353 -0.141445 -10.090872 5.557407 -10.154980 
0.193774 -1.387808 -0.359971 1.090322 -2.429956 -13.043538 6.874116 
0.204408 0.440277 0.021644 0.948034 -5.105400 5.269208 12.489901 
0.203976 -1.212590 -0.030377 -0.794738 6.031122 -4.322681 -6.104718 
0.100379 -0.286963 0.324857 0.219985 9.793763 -11.523747 8.137828 
0.224716 -0.489532 0.673497 1.517021 -8.271983 8.638762 -5.247461 
0.736908 -0.352472 1.437591 0.903423 -9.577122 3.906422 -1.078820 
0.183623 0.760840 0.200494 -0.290582 -8.307372 -3.195446 9.618151 
5.763363 -0.279463 0.276957 0.374400 -2.767022 8.164645 12.306062 
0.155563 1.119710 1.391256 1.000778 3.310151 7.576611 5.842834 
0.205052 -1.616482 -0.187172 0.880838 -1.714655 -9.903149 1.318119 
0.256881 -0.726032 -0.651904 1.255531 -1.079523 7.702669 9.101063 
0.383592 -0.229297 -0.558233 -1.106033 -5.683661 7.917693 -10.061016 
0.115189 -1.505272 1.730486 1.165370 -3.243988 1.084191 14.788584 
0.144188 -1.825709 0.644367 -0.450042 -6.189967 5.042923 -6.481142 
0.208231 -1.530363 0.422672 1.430959 -3.540616 -3.036034 0.052522 
0.523071 0.356267 0.010901 0.874742 8.040184 5.664714 3.913008 
0.460238 0.931126 0.073654 1.179575 5.904936 2.320736 -9.363471 
0.500482 -1.024123 0.044255 0.716147 -7.926813 -11.037189 9.254083 
0.190881 1.933156 0.332559 2.003575 12.068468 -2.916292 3.549318 
0.095002 -0.194102 -0.156133 1.226117 -4.366746 6.013802 15.566599 
0.282526 -1.324360 0.139817 0.648055 -14.579231 5.670473 -4.887621 
7.200905 -1.471009 0.539014 0.351751 -2.489521 0.506762 -11.594748 
0.639887 -0.525159 -0.394293 -0.458187 11.166877 -7.371081 5.144260 
0.088337 -0.365295 -0.535412 0.455488 -5.104710 2.913944 7.402114 
3.427020 0.154363 0.204984 0.480937 -13.378865 7.128361 -7.931566 
0.286232 -0.911368 -0.055298 0.941659 -0.562781 9.980393 -1.578784 
0.111446 -1.541158 0.428432 0.343589 -9.176806 -1.687209 -19.095027 
0.194955 -1.633629 -0.029128 -0.052586 -4.889530 -5.587684 -3.327273 
0.190041 0.071335 0.475979 -0.266604 14.147930 -0.817181 3.163178 
0.170109 -0.457724 -0.569973 -0.199828 12.572792 3.259659 -12.570372 
0.162386 -0.905584 0.403504 -0.346398 6.683899 -1.649893 -1.212186 
1.166044 1.319017 1.253018 2.817783 1.939281 12.176355 10.889968 
0.584740 0.539808 -0.150871 0.235059 -16.236474 -2.925256 -3.594668 
0.396613 -1.005981 -0.772444 -1.121110 -6.123125 9.885939 0.688851 
2.418064 -0.299106 0.211961 0.064772 -4.846293 6.222114 -11.553534 
1.010429 1.211736 -0.452925 0.086536 4.217760 -4.474130 -1.968103 
2.532142 0.363875 0.077767 1.839873 23.731583 11.681372 37.199937 
0.107929 -0.311677 -0.477452 -0.114221 -16.682415 -11.326844 -11.183495 
0.167175 -0.005819 -0.007340 0.754568 0.659641 0.473739 17.538192 
0.254952 1.663818 -0.217269 -1.216418 -0.197891 6.824994 -4.836222 
0.429694 1.016089 1.134060 0.286970 1.006050 6.547580 -8.357894 
0.496826 1.223748 -0.075435 1.279013 8.498642 -2.356786 6.435568 
0.121547 0.300559 -3.269269 0.061692 -3.317449 -15.255336 -2.667105 
0.215928 -0.573886 1.460647 -0.424296 -0.847165 -0.431775 -2.007301 
0.270339 -0.868126 -1.139222 -0.363036 -0.645016 -9.852641 -2.192298 
0.080083 0.560492 -0.030275 -0.017506 0.202265 -2.680875 -12.366097 
0.272801 -0.718637 0.641782 -0.116291 -15.736101 6.022218 7.271390 
0.248941 0.681266 0.476855 -0.622725 -1.127547 12.798103 -13.544673 
0.198171 -0.513662 0.245666 -0.200796 -2.068924 13.379310 6.943381 
0.125940 -0.737319 1.502446 -0.199146 -3.579032 0.548371 -2.590341 
0.397489 -0.484971 0.436791 -0.304557 -13.109801 5.871839 -2.856575 
0.109822 2.666223 0.180933 -0.887655 10.081657 -1.209063 -7.398024 
1.950578 0.098181 -0.468189 0.700752 1.556019 0.858697 -2.183418 
0.085723 -0.431781 0.562755 0.897358 -2.115859 -6.506568 -0.206224 
0.261677 -0.407271 0.152669 0.738299 -9.394085 -4.000916 -5.569411 
0.410668 0.168940 -0.111433 0.569892 -0.677683 -12.936289 -9.718559 
0.278253 0.212541 0.675750 0.727593 -7.694225 7.041743 -5.637528 
0.362834 -1.465893 1.220751 0.509368 -0.668231 3.821773 -0.158225 
0.191416 5.318186 1.392808 -0.605084 25.049501 11.640088 -4.149327 
0.204516 0.917580 -0.153958 -0.220803 -5.336917 5.709787 9.559425 
0.119244 -0.637987 -0.877577 0.177321 -4.255626 -12.292543 -10.907262 
0.394798 -0.151398 -0.131386 0.512275 -8.188366 4.809716 -0.347602 
0.108074 -0.317234 0.900983 -0.445584 -4.129351 -1.246562 9.359513 
1.687457 2.480334 3.565234 0.721887 10.437052 11.646721 6.465467 
0.142585 -0.079915 1.307422 0.575536 -4.013759 8.873507 8.084215 
0.999592 -0.995306 0.350352 0.017076 1.367387 -10.307290 7.873103 
0.835224 1.046363 1.221995 0.188812 -7.974197 10.719189 3.148097 
0.133760 -1.074218 -0.226832 0.879372 5.501156 12.074729 3.388237 
2.914902 0.880769 -0.650826 0.274789 -4.815818 1.907265 0.717713 
0.289537 -0.965722 0.207602 -0.019178 13.366007 18.463896 -4.212952 
0.111589 -0.432349 -0.082331 -0.572130 -8.884985 -1.444430 -0.719697 
0.666435 0.056353 1.237038 0.885909 -3.745679 -2.298445 2.304194 
0.118124 0.152889 1.018092 0.022893 -4.177936 8.890282 -9.228170 
0.082017 -0.906866 0.419482 -0.386035 0.818514 -5.035526 -0.970838 
0.384643 0.579573 0.663820 0.108495 -2.315777 11.489775 3.266859 
0.170390 -1.149128 -0.025031 0.321727 2.783114 -5.589140 -14.618189 
0.164634 -0.131809 -0.385813 0.719030 2.320349 3.525948 -6.174984 
0.710018 -0.620329 1.158922 0.776623 4.720828 -5.803181 -1.729162 
0.490174 -0.389252 1.033324 -0.271323 0.671488 6.736892 10.172715 
0.209872 -0.510352 1.133347 -0.304079 4.919038 4.043841 -15.026236 
0.191407 -1.714091 -0.836254 -2.149993 0.088347 1.793917 -8.075434 
0.086220 1.113149 -0.299449 1.145962 -3.727442 -1.267683 5.595293 
0.253249 -1.511296 1.707604 0.877970 -13.061701 9.096184 3.800137 
0.443660 -0.370342 0.373201 0.009219 8.993641 -6.060249 -4.016219 
1.478874 -1.108366 0.352004 0.037221 -11.162611 -11.407437 -7.968461 
0.997008 -1.535108 -0.332260 0.092917 -2.733244 5.106979 1.088486 
0.119733 -0.057734 -0.022315 -0.776701 6.152730 -7.468126 11.987960 
0.155712 0.135706 0.845728 -0.567756 11.817685 8.785653 -11.289174 
0.248140 1.750849 0.534380 0.252965 1.431940 3.904441 1.518436 
0.211986 -1.355483 -1.739038 2.513241 -6.267556 -7.181393 3.071456 
3.164370 -0.644414 0.416888 1.191825 -12.146158 -3.572676 5.400941 
7.811175 -0.380294 -0.770066 0.206176 -7.019884 -1.650085 -0.863854 
0.119711 0.444876 0.114155 0.275344 0.661047 0.578236 -8.995061 
0.081905 -0.744645 1.770078 0.585448 -5.010683 -5.021780 2.255613 
0.128974 -0.544378 -0.240281 -0.165328 15.942105 -0.353617 -1.268073 
0.098410 -0.225379 0.276701 0.584822 4.072857 -7.979198 4.834250 
0.208666 0.147692 1.098738 1.476371 5.174932 8.668296 0.421324 
0.338702 0.645857 -1.052250 1.608034 6.603341 1.880059 8.286247 
0.270406 0.532630 -0.128201 -0.593961 7.140106 8.993475 8.037057 
0.261780 -0.131920 -0.324793 0.670782 -8.659654 -3.594919 0.043367 
0.198271 -1.547455 0.968182 -0.622275 -14.708478 2.407425 -0.719297 
0.547947 0.643697 0.805173 0.467240 -2.949745 3.818775 0.172718 
0.084496 -0.696108 -0.472672 0.871840 0.263028 -17.140316 -3.942500 
0.547853 -0.145787 -0.491426 -0.093385 -11.780254 8.809593 0.080936 
0.124445 -1.204179 1.081199 -0.115441 -9.347918 1.427426 -8.206806 
0.573077 -0.284370 -0.228331 0.518933 -9.356324 -6.963789 3.885994 
0.415176 0.004711 -0.474055 0.517159 -9.579349 8.095029 6.882720 
0.878922 -0.737233 -0.864825 0.007028 -4.480058 -0.603066 14.742110 
0.094683 -0.352942 0.171504 -1.146787 1.921239 -9.409047 9.089152 
3.025229 -0.070518 1.820618 -0.420767 7.818810 -2.478492 -1.343669 
0.102725 -0.715325 -0.673909 0.872498 3.021934 3.990833 7.169608 
1.385436 -2.230793 1.332284 0.911345 -0.743927 10.015638 4.242230 
0.188343 0.573249 -0.263034 1.086272 -8.266892 4.937086 3.602466 
0.308804 0.426254 -0.454405 -0.727274 -3.712434 -10.963766 -2.910449 
0.266901 2.233539 0.745156 0.513173 9.683030 -4.483457 1.423635 
0.352073 -0.930134 -0.215800 0.304720 -11.803235 1.774930 17.759541 
0.588656 1.540859 -0.924664 -1.530904 7.262090 -0.509825 -0.762234 
0.105091 -0.203355 0.673963 -0.234498 -2.218147 -0.243807 2.113951 
0.147682 0.847478 -0.606138 0.724898 -6.645349 -2.725519 12.967099 
0.179358 -1.109869 0.738136 0.695124 -3.153719 -2.206440 5.476127 
0.522896 -0.013499 -0.977882 -0.186755 -9.489351 4.667787 -0.155123 
0.141510 0.625673 -0.321969 0.144668 -8.011587 4.567637 7.078706 
0.105633 0.059812 0.212198 0.912717 -1.045121 0.384504 1.590700 
1.115389 -0.651939 0.213930 0.752675 -9.403744 6.407656 -1.420423 
0.100224 2.514043 -1.999151 -0.921671 4.224297 -6.898189 -9.341540 
3.043771 1.989152 -0.538529 -2.111154 5.787082 -1.873714 -2.057819 
1.677124 -0.181149 0.563660 -0.480707 -11.157655 15.481518 -4.295860 
0.154714 -1.410260 -0.738576 -0.535651 7.893938 1.672774 0.453801 
0.509531 -0.562167 0.283618 -0.223046 -15.993978 -2.051809 -3.309647 
0.118595 -0.878058 0.473105 -0.182622 -16.245203 4.832145 -8.754314 
0.192470 0.638662 -0.419669 0.559275 -6.260200 0.078041 0.937983 
0.156661 0.040593 0.580676 1.616960 -0.386158 13.395545 -2.925729 
0.269171 -1.503475 0.457804 0.446161 -9.321608 5.565024 12.538437 
0.275015 -1.003316 -0.051663 -0.056458 5.957019 -4.351330 4.893878 
0.133107 -1.345862 0.220965 1.273040 -4.225302 0.713533 2.085486 
0.116244 -0.461889 -0.381977 0.078300 -17.195075 13.678361 -0.082008 
0.262815 -0.756091 -0.504858 -0.393587 2.161733 14.469181 -6.691952 
0.152197 -1.981320 0.536895 -0.655067 -11.820011 1.265013 7.032525 
0.591538 0.237092 -1.398491 -2.540532 -3.989126 -2.250387 -13.195743 
0.273814 0.627531 1.407108 0.340242 4.572212 11.572538 0.801504 
1.296377 -0.455589 -0.256026 0.084066 -6.181685 -3.448591 9.581916 
0.625099 -0.215057 0.662390 1.616686 -4.218178 10.777951 2.992163 
0.953431 -1.738045 -0.679821 2.202435 -1.883676 -0.362768 8.194519 
1.362864 0.457341 -0.568266 -0.155194 0.498275 -7.301229 3.526874 
0.388981 -1.372408 -0.131216 0.279067 0.078376 -3.402666 -7.574977 
0.178332 3.185418 0.145998 0.524457 13.868737 6.258996 6.662736 
0.372184 -0.302128 -0.018408 -0.612314 0.968875 10.951049 -7.781398 
1.884918 -1.355627 0.090450 0.740062 7.642295 -0.007178 5.774686 
0.093160 -0.219882 -0.172964 0.324830 7.517017 11.619343 13.430182 
0.093696 0.156441 0.894865 0.487341 -12.216220 6.453414 -6.783885 
0.080850 1.949460 -2.501691 2.042277 2.253055 -12.927530 8.490681 
0.277717 -0.029125 -2.361478 2.286772 0.670888 -1.975119 11.379939 
0.330199 -0.008863 0.332740 -0.555581 8.859199 -10.391973 -4.313173 
1.020862 0.173806 -0.707536 0.139906 -12.746536 -6.901676 -2.729586 
0.554068 -0.711189 0.019491 -0.611981 5.225538 -4.521014 -7.245295 
0.410517 -1.162167 0.062483 0.398768 -15.693890 3.952364 -9.888883 
2.241100 -1.274299 0.848067 -0.223426 7.054308 2.748154 -4.292243 
0.769947 0.339699 0.411351 -0.869559 6.698415 8.290029 2.493743 
0.085466 -1.525735 -0.792416 0.121906 -8.373652 3.634879 5.444312 
0.645582 -0.083272 -0.387010 -0.301587 2.711326 -4.655449 9.723347 
0.291207 2.551665 -0.066740 -0.846855 9.501032 -1.409622 -2.530462 
0.780826 0.152434 2.536967 0.687464 -9.686643 8.443679 3.623024 
0.178041 -0.167070 0.146469 0.072062 11.134956 -2.472632 -15.092699 
0.111657 -0.811386 0.519452 0.282114 -11.117986 -2.810595 -10.180016 
0.141933 0.436113 -0.101200 -0.347314 2.608736 6.017947 2.159797 
0.503658 -1.133934 -0.868391 1.541809 -8.550850 -1.575107 5.114859 
0.266518 -0.742819 -0.821436 -0.929179 -11.262014 3.551207 6.235472 
0.136578 1.359508 0.573590 0.318213 -1.239155 2.542715 -2.685100 
0.126498 -0.665866 -0.729333 -0.197738 6.904991 6.020186 8.529333 
0.081261 2.419042 -0.354945 0.148042 5.557825 -10.559869 -0.034843 
0.167252 -0.261413 0.235345 -0.348443 -2.817073 0.611882 0.865747 
0.607244 -0.506326 2.337138 0.406511 1.015860 -1.271703 -1.959132 
0.266741 -0.813188 -0.447260 0.999841 3.504641 -5.202492 -2.447258 
0.157175 -2.113461 -0.755472 1.831185 -16.813323 1.279870 1.523525 
0.366807 0.392992 0.508038 -0.394758 -4.199923 10.244920 6.302880 
1.030213 -0.792229 -0.300144 -1.368651 -7.260780 -5.453654 -11.944051 
0.140945 2.308029 0.848134 1.061470 3.353561 -2.631386 7.630846 
0.288794 -0.874828 0.743911 -0.083852 1.595998 2.971115 13.325889 
0.182724 -0.486377 -0.647645 -0.014765 4.621427 -9.702498 7.764953 
0.115248 -1.264159 0.747042 0.853154 5.368126 -10.397203 3.807565 
1.012019 0.015224 0.976856 -0.562442 -2.613322 2.518454 -0.968010 
0.292049 -1.610922 -1.620203 0.947809 1.726296 -8.878694 4.539233 
3.273691 -0.283555 -0.082956 -0.314062 -9.785609 -1.444003 -8.349759 
0.507219 -1.559903 -0.410724 1.560674 -3.947355 -11.368023 2.799626 
0.325723 0.117410 0.198426 -0.795682 12.984831 -6.806004 -1.913422 
0.153073 1.902648 1.184409 -4.668813 10.359698 -0.140201 -24.985582 
0.229855 0.135242 0.130066 -0.414193 -12.902944 -3.519726 -6.001488 
0.196589 -0.459693 0.570923 0.657713 -9.470068 -0.710328 6.520871 
0.095001 -0.737223 0.432113 -0.674145 -3.945510 0.673793 11.055223 
0.458870 0.121452 0.506569 0.327262 8.345452 8.451348 5.630766 
0.085890 -0.214403 2.474260 2.087553 3.347343 3.743835 12.855695 
0.170408 -1.165857 0.377393 0.592938 -0.514862 -2.163668 2.157636 
0.130084 -0.527102 0.903252 -0.090337 -10.319213 1.635825 -0.110006 
1.384359 0.276829 0.831318 0.437109 -0.231233 2.855632 -5.596856 
0.642711 -0.038209 0.026267 0.397458 -3.360626 -5.559828 -2.290915 
0.176254 0.754418 1.343745 0.540835 7.593771 11.304981 -3.736918 
0.156623 -1.411859 0.359603 0.521329 3.130963 13.123375 -0.579482 
0.874755 -2.006949 -0.618132 0.122865 -11.073647 -5.238534 -4.348271 
0.628183 -0.288767 -0.600589 0.057739 -1.291612 -2.687259 -15.733259 
0.127719 0.124482 -0.510789 2.070718 -10.055886 -0.097656 10.179165 
0.209256 -0.732021 0.894395 -0.578392 -0.059560 5.901183 -5.445662 
0.393003 -0.630051 0.320256 -0.163128 -17.141708 -1.148681 5.782299 
0.395444 -1.247331 -1.564618 0.200941 2.507370 2.383978 6.170762 
0.150757 1.532689 -0.911298 1.485406 9.837748 0.179381 2.807003 
0.613619 1.762266 -0.447695 -2.313474 8.216646 -5.802911 -8.349567 
0.371705 -0.474778 1.364329 0.469198 -14.577321 4.012794 -3.681153 
0.128172 -0.851036 0.899367 1.477542 -6.535207 -2.795415 4.580596 
1.227367 -1.456006 2.543206 1.309535 -0.410479 10.176166 6.616182 
1.287495 -0.189474 0.589752 0.078881 0.709972 -5.606406 9.288387 
0.285623 -0.519064 -1.444016 -0.666112 5.241495 -2.253623 -1.292401 
0.186793 -1.820572 5.077341 -1.997776 -10.004627 27.034130 -13.943061 
0.151928 -1.669989 -0.033655 0.502014 -10.601250 8.501006 10.238451 
0.107729 -0.295098 0.963377 -0.032327 -11.877125 15.957260 8.443489 
0.789450 -0.520941 -0.962534 -0.666728 -6.412268 -7.879046 -7.565657 
0.417882 0.979280 -0.165128 0.923421 -7.668015 -3.913346 12.795760 
0.415458 -0.670429 -3.925827 -0.207130 -5.541756 -13.310167 3.722056 
0.510419 -1.417980 1.122028 0.141307 -11.190484 -1.096796 -5.178209 
0.130425 -1.005763 0.346770 -0.546603 -5.526518 7.083357 -9.950284 
0.312402 0.259014 -1.585012 0.145943 -3.779064 -15.580195 1.430430 
0.489643 -0.269904 0.878464 -3.165367 -3.783298 5.185395 -7.841842 
0.449688 1.258974 1.497482 0.497050 1.322615 9.524023 -7.589994 
4.640213 -2.040345 -5.033342 -6.488858 -7.493240 -23.022643 -32.703784 
0.102329 0.132190 1.354514 1.195301 1.188932 11.024361 -4.074422 
0.088752 -1.076105 1.115699 -0.515048 7.024930 3.279709 -6.507517 
0.124181 0.679346 -1.061846 -0.064611 -2.489243 5.455608 -6.345564 
0.142677 -1.416880 0.474724 0.376087 -5.827645 10.622592 14.976298 
0.646196 -0.155262 0.152108 -1.387025 6.855980 -8.640479 -0.786773 
0.112694 -0.200748 -0.822267 -0.797513 2.396657 4.379923 -6.067159 
0.176104 -1.562846 -0.254879 -0.103260 -11.327981 0.992499 0.518051 
0.106965 -0.516130 0.647989 0.982510 5.928258 4.572055 -2.984003 
0.330430 -0.535455 -0.556263 -0.107784 -7.035216 -11.371958 -6.148672 
1.059937 0.435890 -0.119436 -0.715552 -10.973934 4.341664 4.244616 
0.446854 -0.628182 -0.498081 0.216608 -11.722298 -12.480178 10.582353 
0.249843 -1.294095 1.283387 0.515739 -5.322610 -1.198735 -4.509147 
0.126972 0.025373 0.611885 0.953610 0.659343 2.113526 10.802976 
0.148713 0.410102 0.223921 0.255333 -7.794001 -2.049748 -8.385090 
0.153845 0.695050 0.784408 -0.377047 -8.184942 -4.356467 0.609777 
1.523067 -0.262118 -0.291893 0.176797 -6.497400 11.462443 2.022317 
1.665441 -0.178758 0.859692 -0.663090 -7.444501 11.424106 7.868442 
0.167356 -0.725398 1.349171 0.920079 -11.369748 1.763483 0.057229 
1.433413 3.037298 -2.646975 0.053704 7.526055 -13.204774 1.515433 
0.264805 -1.556731 -0.868926 0.523531 -4.257339 9.116634 2.524340 
0.110793 -0.219757 0.931270 -0.801019 -1.768696 -3.803866 1.668035 
0.180061 -0.252181 -0.768959 0.177410 -5.542815 -8.586267 -9.389124 
0.195410 -0.155757 0.223562 -1.119612 -0.511376 -0.127384 11.946152 
0.091610 1.179991 0.522436 1.584721 -6.142855 -1.736114 9.521816 
0.100160 -0.803461 1.465283 0.844165 -0.782944 11.751026 1.547350 
0.329612 -0.021392 0.763836 -0.813537 6.277528 7.314339 -6.526648 
0.174903 -1.264692 -1.047372 -0.683682 -6.171442 9.285704 -3.100336 
0.088879 -1.268428 0.545780 0.129337 -2.695763 -1.185421 -3.111593 
1.382242 0.801038 -1.044536 -0.346800 5.810672 -1.850705 11.286771 
0.137418 -1.171454 -0.286271 0.076246 -4.127757 -6.249800 -0.659501 
0.550522 0.148492 -1.308418 0.902133 8.761412 2.194479 4.757286 
0.977405 -0.981878 -0.181387 0.312231 4.676523 -14.099589 6.388198 
1.078071 0.003359 -0.723750 -0.423175 -0.956373 -11.572592 6.219495 
0.158053 1.633399 -2.686939 0.134777 10.428300 -10.127783 1.920194 
0.173348 -0.152554 1.172486 0.164982 -9.431652 3.887868 3.865250 
0.082934 0.340004 0.560494 -0.871903 -11.907037 4.734495 -12.517898 
0.136636 -1.103381 -0.140047 0.924487 1.528984 4.983789 -6.399578 
0.143734 -1.792840 0.083713 0.295562 -11.199880 -0.192766 9.603006 
0.441192 0.478398 -0.010435 0.386848 -1.368931 -8.637375 5.912267 
0.419927 0.734641 -0.320583 -0.817005 1.587244 8.024526 -4.099738 
0.233936 -0.429648 -0.469142 -0.756193 13.607521 -1.676288 -6.460372 
0.472655 0.122400 -0.118168 0.165757 1.674861 10.500356 11.806427 
0.114863 0.667527 -0.025574 -0.825561 6.655996 -1.793530 9.062961 
0.090134 -1.134419 0.078799 0.384463 -8.988312 -4.824378 4.604433 
0.541043 2.399677 -0.367881 1.128638 6.615436 -0.934039 10.030894 
0.282572 -1.022875 0.640554 0.771820 4.590155 8.966430 -3.655161 
0.115642 0.888889 -1.083567 0.066197 -6.152439 2.617524 0.213431 
0.081355 -2.812072 1.035697 -0.931871 -12.815448 6.658936 3.393441 
0.367829 -0.490891 1.362102 -0.199070 2.331025 14.509655 -9.965360 
0.139629 0.219850 -0.246708 0.240897 -1.708731 14.678390 1.551803 
1.352784 0.223483 0.561101 0.030000 -6.517585 6.634182 0.145453 
0.125255 0.521175 -0.928042 0.123148 -2.107053 -1.193365 7.891318 
0.401327 -0.284705 -0.723727 2.771242 -1.530441 0.239537 5.648812 
0.285734 -0.541376 -2.096957 0.147029 6.530194 -3.843223 4.956567 
0.395651 1.538473 -0.286373 0.254272 -0.731357 4.302571 4.482251 
0.293098 -1.419497 0.869042 -0.466578 -5.311182 9.558719 -9.986948 
0.087827 0.790525 -0.465126 0.214716 1.364921 -11.563104 -5.263592 
0.145431 0.242907 1.016154 -0.880761 10.654687 6.155738 2.920924 
0.180115 -1.747262 0.736624 0.844169 1.517619 -4.618613 8.754066 
0.096200 -0.348931 0.748099 -0.088324 -7.060182 4.128725 -1.425975 
0.666776 -1.949401 -0.665595 1.848944 -6.915466 0.590936 4.609451 
0.204329 -0.797982 -0.266165 -0.350154 6.330904 2.251633 -16.426319 
0.115895 -0.728971 0.439688 -1.007795 -5.705737 -3.918891 -0.544425 
0.093908 0.178163 1.118755 0.984103 -2.928498 13.287741 1.903424 
1.218377 0.262074 0.656200 -0.717646 7.373894 -5.932590 -10.558160 
1.577937 -1.181735 -0.288757 0.085317 2.083765 3.199839 5.856709 
0.624013 -0.628500 0.616562 -0.351963 -0.792549 4.357415 7.864684 
0.094581 -0.063546 -0.723938 -0.058738 -15.772174 -4.137193 -3.614104 
0.082735 -0.305603 0.437641 1.271286 -6.000877 -2.201131 5.282076 
0.117562 -0.813103 0.490445 -0.769935 -8.190892 13.350849 7.424351 
0.104059 -0.488999 1.095069 -0.108588 -6.363880 10.495108 10.324433 
1.175398 -1.779748 -1.051512 1.425753 -11.850662 -4.990263 -1.737545 
0.164169 1.722511 2.309230 -1.606479 4.914190 2.229585 -8.593051 
0.291452 0.027075 -0.314505 0.114096 -1.683824 6.264569 9.739825 
0.206673 -0.772606 -0.651373 -0.464276 5.827557 9.564156 1.165349 
1.289324 2.110221 3.205739 0.352653 11.666650 15.354648 -5.543667 
0.086315 -3.471236 -1.577071 -0.207730 -19.062196 -7.852532 3.844398 
0.235153 -0.295916 -0.478736 -0.530740 -5.466139 9.491832 -2.382317 
0.115719 2.343630 -2.097447 -2.751224 12.405509 -10.429021 -9.003203 
0.363410 -0.324367 1.198447 0.546619 -9.949368 4.830760 -0.844342 
1.751386 0.567274 -0.454817 0.666378 -14.706573 -1.218252 4.118694 
0.207984 0.324002 -1.026828 -0.476025 1.838422 4.299210 -1.496024 
0.102911 1.123041 -0.897717 1.033084 1.612452 6.516614 8.867005 
0.178659 0.073756 -0.821008 -0.049106 -6.630214 -12.854714 -6.826371 
1.266026 -0.567390 -1.126847 0.726885 -8.828848 -8.835646 4.003234 
0.304509 -1.140275 -0.103866 -0.372604 -4.339269 6.385876 5.089392 
0.111776 -0.007100 -0.138640 0.383292 -0.599105 -3.807025 8.437763 
0.518423 -2.035992 -1.511863 3.023656 -6.005631 -11.183063 13.512365 
0.412206 -1.940797 1.128686 -0.075619 -8.521669 9.073658 -9.339728 
0.151101 -0.612776 0.572775 1.231155 -14.313402 -6.975423 5.935403 
0.220913 -0.252363 -1.101102 0.351096 -1.372118 -8.365355 0.621674 
1.412488 -0.333737 -0.173752 0.475375 -3.634041 4.809978 1.768611 
13.278585 -0.702534 -0.395596 -0.190705 3.189913 1.135753 -2.743449 
1.463321 -0.387318 1.569468 0.991100 7.614821 3.526378 1.777048 
0.120159 0.327712 1.273701 0.108862 -8.935451 7.584070 -7.768683 
0.365350 -0.230764 -0.433677 -0.282161 -8.812861 6.062038 -6.023318 
0.105973 0.058407 1.156366 1.520436 1.840167 9.235539 5.797282 
0.295892 0.208959 1.181096 0.570726 -0.237558 4.897192 -4.732836 
0.206326 0.281976 -0.010769 0.398376 -4.135655 -5.020092 -0.638731 
0.093712 0.175968 0.144278 0.279524 10.486016 -11.642798 3.534687 
0.095148 -0.901153 0.427221 -0.599853 -7.673767 -10.973380 -1.879699 
0.206538 -2.221909 -1.203686 0.678194 -12.586951 3.237435 1.727502 
0.086877 -1.055354 -0.421331 -0.993960 -5.985454 -1.802052 -2.475404 
0.089099 -0.645827 -0.747100 -0.143054 -1.474929 10.827874 -12.627786 
0.510706 -0.666895 0.842672 1.327304 5.628709 -2.130383 2.478540 
0.209703 2.965722 -1.013787 -0.882438 9.366956 0.251933 -0.987101 
0.558090 -0.893825 -1.128979 0.234349 -3.709860 -7.449199 -4.443411 
0.094925 -0.097855 0.728880 0.152676 -8.902420 1.514242 11.935326 
0.169485 -0.340763 -0.400091 0.763875 -10.748607 6.669189 14.007746 
1.190304 -1.477434 -1.962533 0.653246 0.515794 -4.103309 1.349330 
0.229716 -0.857030 0.422122 0.254942 4.939696 14.020605 7.000902 
0.590880 -0.606396 0.853502 -0.012874 7.645536 1.924407 6.681032 
0.480535 -1.756021 0.302930 0.379587 -8.370411 0.188448 1.476050 
0.234429 -0.423078 0.102894 0.940821 10.535299 5.969933 3.320727 
0.582021 -1.578765 1.175958 -1.878709 -1.684248 3.784833 -8.435060 
0.189197 -0.790361 0.309583 0.708180 -12.229044 7.099543 9.200365 
0.259575 1.022207 0.021160 -0.317579 4.197872 -3.698355 10.877631 
0.447006 -0.799060 0.974961 -0.264647 5.111226 -3.546993 4.182458 
0.147887 0.431054 -0.585421 0.022803 -5.083874 -2.041217 -3.643158 
0.231699 -0.057840 -0.685355 0.420770 -3.246182 6.064380 -3.535884 
0.453708 -0.566070 0.537508 0.001137 -11.730014 5.021278 -8.689153 
0.920339 0.091525 1.499009 -1.330224 6.595807 0.155460 1.229676 
0.955703 -0.353638 -0.207557 1.164239 0.756609 -6.490727 -1.546086 
0.084577 -0.486946 -0.495539 0.520548 -1.300113 2.526468 13.730021 
0.160624 0.012619 0.430069 1.104957 -1.315357 -8.388762 -0.107328 
1.172148 5.079913 -0.376582 -6.801320 26.733065 -3.793927 -41.857611 
0.760534 0.809559 3.356134 1.832260 6.611073 9.393174 13.418272 
0.114553 1.272318 -0.022071 0.503292 7.288113 10.639762 -3.143203 
0.117572 1.812477 -3.231622 -0.559393 5.878681 -16.553030 -3.978206 
0.762149 4.066239 5.995619 -2.742769 21.793103 30.361541 -8.133780 
0.232792 -1.471713 1.261443 0.520313 -16.576067 6.472196 6.023989 
0.215009 -0.240799 -0.446530 0.253051 -5.851008 5.031829 -7.117417 
2.204810 -0.353455 0.333671 0.011590 -6.783048 -10.454231 0.746704 
0.129032 -0.372421 -2.861168 6.691205 3.261665 -16.734875 33.593492 
0.374042 -1.497054 -0.694407 0.211774 -18.631675 -7.733705 -0.709993 
0.205433 -1.536138 1.544997 0.377216 -6.795869 4.787864 -11.489146 
0.160079 -1.420581 1.291077 -0.197419 -4.988674 6.740593 -5.775303 
0.136090 -0.020044 -0.553252 0.939037 14.312616 -4.296152 -2.277720 
0.119841 -0.380011 0.833748 1.600745 -8.625303 -2.357110 4.741362 
0.201503 -0.861528 -1.277517 2.019248 1.639551 -5.656148 -0.354790 
0.611073 -1.265527 0.034844 -0.636144 -3.067431 6.364512 1.760236 
0.115016 1.581772 -1.785127 -2.293680 4.811192 -10.360959 -4.056100 
0.399244 1.440462 -1.389546 1.040671 2.691535 -1.065492 5.105241 
0.131342 -0.186148 0.783523 0.071906 4.535274 2.035838 20.456076 
0.174201 -0.192647 0.826704 2.141548 -2.948433 13.523300 2.531621 
0.089275 0.710174 -0.356228 0.437496 -6.364191 -2.620004 6.412414 
0.438872 0.412123 0.480478 -0.740836 -2.785083 -1.256454 -5.068529 
0.085636 -0.637809 -0.150991 0.224884 -17.091559 8.137938 5.212684 
0.582912 -0.239190 0.424355 0.008432 8.646497 -5.744025 4.220183 
0.240412 -1.817646 -0.058668 2.336249 0.424054 0.854738 12.216505 
0.226021 -1.271683 0.426617 1.169143 -15.332217 3.876971 -4.202189 
0.107205 -0.956259 -0.235537 0.805407 -1.422814 5.113936 2.652596 
1.102835 0.331879 0.424111 1.184920 -2.346983 2.131282 -4.363323 
0.266126 -1.796540 0.295573 -0.934299 -4.547546 -5.951146 0.038125 
0.409423 -1.149349 1.198834 -0.508658 -5.651194 -7.296613 6.159460 
0.089384 0.868187 -1.166780 -0.012624 -1.049492 -4.950345 7.117467 
0.113871 -0.230794 0.673774 0.942005 -10.381787 6.770277 5.022631 
0.746267 -0.458100 1.255052 -0.663617 -3.948871 -10.009758 1.353514 
0.219386 0.967200 -1.781116 -0.539595 10.084034 -1.318820 1.666588 
0.439077 -1.495344 0.388561 -0.099968 -3.899950 0.231013 13.000124 
1.444015 -1.111049 1.017031 0.381993 -9.844287 6.482798 4.498020 
0.102731 -0.027649 0.748818 -0.199062 -15.084527 10.711738 -10.028160 
0.202560 0.278030 -1.919247 -5.256530 6.606742 -9.089118 -34.364326 
0.091773 -0.368708 -0.734251 0.220943 0.808298 -1.255346 5.166090 
0.159646 -0.222707 -0.457720 0.347785 9.994676 -5.170881 12.951129 
0.210510 -0.228995 -0.558519 0.188702 10.101787 -1.897206 -11.846632 
0.129464 -0.265657 0.380380 0.246249 2.622926 18.188957 -12.050572 
0.235395 0.048787 1.129865 -0.550811 1.911697 2.171257 -2.481770 
0.392760 -1.115544 -0.391193 0.643106 -3.766323 7.631045 7.909728 
0.340464 0.097471 0.888330 0.520876 -4.772912 -6.093373 15.325900 
0.558675 0.812188 1.020276 -0.750923 -4.572021 5.601304 -3.883518 
0.269181 1.021453 -0.891988 1.823097 1.154520 2.085192 6.246699 
0.080832 0.068451 0.564582 1.911529 -4.725099 -4.643427 2.838907 
0.161454 -1.576912 0.205347 -0.305811 -2.119144 5.332069 6.551233 
3.272843 -0.445441 0.273777 0.323303 6.313994 -6.584495 -1.665347 
0.126733 -1.293631 -0.096004 0.144706 -8.436755 17.213521 1.196896 
0.147442 -0.823796 -4.304196 -0.423127 -1.995831 -18.889816 1.336607 
0.234874 -0.684756 -0.110156 1.203815 1.182832 -8.385357 3.225112 
0.088322 -0.990916 0.852696 -1.429387 -9.004139 2.222762 3.155996 
0.124823 -1.087398 0.823504 1.296136 -5.511633 5.486652 10.733472 
0.134972 0.865885 0.802399 -0.018232 -6.594141 -4.032117 -4.833025 
0.114632 -0.626650 0.668368 -0.141972 0.197658 -6.683514 2.523141 
0.145861 -0.131937 1.026880 -0.453586 -7.174640 2.190970 2.339159 
0.263366 -2.018488 -0.726496 3.356026 -9.047727 -1.475190 24.301159 
0.973808 -0.963296 0.708434 0.169575 0.864785 -7.933402 -0.545199 
1.966409 -0.337990 0.244528 0.338131 6.356607 -6.144554 0.804210 
0.137245 0.002238 0.078964 1.132286 -8.236557 2.456727 9.804637 
0.175886 0.047809 -0.006930 0.572349 -0.380849 5.738910 -6.949307 
0.427154 0.095206 -0.323126 -0.383403 -2.048575 11.848637 -7.887265 
0.305641 0.066021 -0.519048 0.505781 -0.667804 11.079044 8.499403 
0.126873 -0.949624 0.558030 -0.231810 -8.647860 -0.464596 -5.110919 
0.202129 1.520929 -0.233332 2.765035 -0.175567 2.380736 12.646324 
0.103947 -1.219656 0.570182 0.484683 -13.974677 -12.826129 -0.608792 
0.160192 1.423347 0.425440 0.627936 0.447179 11.729673 -1.719765 
0.087931 -0.070001 0.825067 1.240536 4.284675 6.791282 -0.564034 
0.201166 -0.843218 -0.750407 0.792941 3.315625 2.371414 -4.039537 
0.129271 -0.739826 1.216456 -0.289575 8.985543 8.887888 3.799773 
0.244547 0.250951 0.004290 0.964885 3.174332 2.245504 -6.025348 
