0.202999 -0.122563 0.884663 -0.615232 0.180809 1.067571 -6.134915 
0.583882 0.318014 1.641015 0.451625 11.780171 5.699730 10.343867 
0.585149 0.060983 -0.143207 -0.556158 -5.771573 0.226464 -17.843300 
0.085689 -1.024879 -0.059519 1.374626 -11.533585 13.077458 9.075495 
0.090936 -0.014813 0.729513 -0.389145 0.598824 3.891502 7.147864 
0.457888 -1.229609 0.293761 0.719639 -3.120308 -11.548009 -6.179422 
0.179449 -0.796244 -1.432419 -0.830515 -1.992033 0.298750 -1.597732 
0.103175 0.921389 -1.555187 -0.485331 -1.217468 -9.341413 4.889815 
0.199182 3.109657 -1.043616 0.641114 12.895211 -8.727595 3.036280 
0.109107 0.643079 -2.024682 0.919491 -1.124825 -3.270352 5.886143 
0.232498 -0.320961 0.156282 -0.260133 -7.965211 18.086706 -2.682215 
0.683878 -0.767709 0.546759 -1.524121 -10.495803 -6.098132 -3.590566 
1.809017 -0.189199 -0.152665 -0.197700 -6.560216 -11.386482 -3.763409 
0.133767 2.079118 1.353608 -0.264103 15.181031 4.957442 6.149180 
0.207935 -1.341516 1.381647 -1.325450 -3.204559 12.508550 0.628772 
5.586845 0.460022 0.362514 -0.220172 3.476899 6.217509 -0.370032 
0.099031 -0.023568 0.531335 0.939468 1.448769 18.558364 0.225228 
0.095457 -0.781611 -0.262324 0.511238 -6.991788 5.080685 -4.933977 
0.166412 0.331223 0.421442 -1.422580 -2.281042 -8.612052 -9.253721 
0.401973 -0.187819 -1.740284 0.218351 5.180083 -9.920340 11.101673 
0.149690 -0.666616 0.274452 0.962910 -17.068934 -7.549288 1.966713 
0.135040 0.460466 0.620853 0.090770 11.115267 -0.193216 4.375539 
0.230700 0.770126 0.781481 -1.075516 -4.833076 8.223257 1.612705 
0.296048 -0.209315 0.164082 0.563151 -8.084692 22.316127 3.001716 
0.089040 0.295864 -0.277374 0.145220 -1.588430 10.448542 -10.528849 
0.218861 1.423705 -0.859873 -0.558630 7.319426 1.815470 0.955052 
0.780326 0.851913 -0.903054 -1.140922 -1.441167 -9.215159 -3.297785 
0.110177 1.201735 1.683140 0.336163 1.064726 5.058467 9.644488 
0.308745 1.688323 -1.820638 -1.044228 10.131313 -18.620891 -5.902541 
0.930095 0.282411 0.126763 -0.255730 -3.843773 -0.789737 10.324243 
0.154448 0.554916 0.795350 0.026805 1.939783 -0.195795 6.028226 
0.449860 -0.466235 0.972291 0.670840 -7.299535 -11.988522 5.889157 
0.194281 0.465840 0.153195 -0.022565 14.288613 13.911851 -15.062372 
0.121470 -0.956723 0.234632 1.504167 -14.867705 -6.162449 4.223894 
0.388680 0.049618 0.784220 -0.090060 -4.708258 4.828566 18.965712 
0.552874 0.130344 -2.149200 0.834650 -6.091819 -8.461333 11.327680 
0.107074 0.636126 -0.729928 0.808737 3.662379 -15.629332 -0.814951 
0.218546 1.163643 1.935777 0.204596 -1.184376 5.910475 -1.692741 
0.118025 -0.660457 -0.631384 0.363413 -1.590527 -4.606126 12.969858 
0.176826 -0.710965 -0.007546 0.771357 -8.355140 9.857965 -8.303180 
0.123628 -0.158321 -0.103680 -0.712192 -6.087998 9.695797 11.978247 
0.103987 1.470370 -0.379188 2.856430 14.975217 5.182761 16.569976 
1.612405 -0.498393 0.137643 -0.065502 -3.603839 9.653504 -14.576047 
3.952128 -0.368388 1.822158 0.542665 0.697248 -1.773036 7.574075 
0.090817 0.426613 -0.225359 0.260889 -4.823032 0.695301 5.120173 
0.094271 0.007563 -0.216920 0.073803 -0.744334 -17.925872 21.804251 
0.105198 -0.880622 -0.450090 -1.540023 -12.986321 -0.072051 -0.223813 
0.122132 -0.409535 -0.062105 0.107568 3.541721 5.364172 3.336743 
0.167817 -0.630469 -0.846379 0.349874 -12.820634 7.005430 12.214492 
0.138488 -0.538255 -2.674780 -0.202064 1.082547 -12.875006 6.157512 
0.701272 2.326608 0.374381 -1.312115 24.049226 1.975366 -1.357323 
0.367183 -0.002909 -0.264342 1.619515 -0.600539 -10.277920 0.727590 
0.116639 -0.055275 -0.235296 -0.072180 -16.839344 12.643094 10.325655 
0.156405 -1.000234 0.540906 -1.273344 -4.491139 2.883283 -5.154078 
0.118162 -0.664329 0.774074 0.442785 -15.694549 7.767719 -3.850089 
0.151293 -0.216839 -0.180745 -1.030897 -6.087814 2.690290 -4.942003 
1.456612 -0.438548 0.294965 1.237373 1.082076 2.216067 7.853726 
0.095248 -0.628814 0.372492 -0.441677 0.951322 -9.905552 -2.854435 
0.298886 -0.641886 0.422424 1.160882 -9.468483 3.572266 10.531899 
0.512636 -0.393210 -0.064241 0.707070 -4.067517 -15.966118 6.276859 
0.121466 1.531128 -2.142809 -2.641367 12.236236 -11.640129 -11.338325 
0.863813 -0.186516 -0.348795 -0.588458 11.792088 4.085677 2.648930 
0.283593 -0.553797 -0.018727 0.417246 4.468946 9.208627 18.313106 
0.114183 -1.225635 1.163964 -0.147871 -13.186385 0.223432 3.642963 
0.387857 -0.421557 -0.365666 -0.307258 -2.508479 4.109095 -14.733388 
0.102340 -0.617321 -1.067910 1.615492 -5.139404 -11.290092 4.671302 
1.423034 1.237221 1.227895 -0.148111 8.361675 -4.813142 -2.767687 
0.118440 0.173056 -0.309944 -0.015320 -8.881212 1.558951 -20.187435 
0.087317 -0.625190 0.466950 1.107367 -1.004829 4.362355 5.887704 
0.115648 -0.154985 -0.035051 1.362843 -4.457997 8.586784 4.391783 
0.335498 0.543525 -1.460307 0.033742 6.252188 -5.250275 -12.186309 
0.109210 -0.508594 -0.029861 -0.597539 -4.952520 -8.763408 12.655105 
5.398343 -0.791881 -0.213763 0.304664 7.947233 -8.711656 -2.558279 
0.438696 -0.326020 -0.806987 -0.532082 9.199235 -5.031897 -7.975833 
0.102783 -0.201712 -0.720259 0.790519 -10.938099 -3.934118 6.591752 
0.317653 0.704282 2.228309 -1.909950 -3.163524 18.178993 -8.251083 
0.117399 -0.587818 0.181000 0.296838 -3.344482 -10.063075 -3.771317 
0.135796 2.588052 -0.723599 0.589374 11.472563 -12.148748 4.175183 
0.139152 -0.103802 0.313514 -0.115588 -6.781221 -15.603960 0.676131 
0.081844 -0.268709 0.362485 -0.143518 -9.700565 14.756343 -2.081080 
0.210768 -0.467752 -0.143263 -0.008486 -7.075758 1.174450 23.736227 
0.087151 0.315440 -0.186023 2.790337 9.391082 -4.089043 17.207546 
0.247564 -0.637302 -1.630650 -0.259234 -10.165617 -9.520490 -10.041972 
0.118055 0.103042 -0.559329 -1.638215 -6.103271 6.333919 -6.508611 
0.133708 -3.484491 -3.818166 0.468167 -25.175515 -29.149010 4.621037 
0.137951 -0.216160 -0.043239 0.282208 6.907202 13.335563 -4.583272 
0.295736 9.573040 5.688268 -2.400519 80.805334 45.716995 -20.557918 
0.093592 0.386688 -0.018753 -0.182794 -0.163694 -1.053440 -2.254330 
0.180968 -0.321960 -0.029442 0.366975 -10.501520 -20.809221 12.146031 
1.058781 -0.036344 0.635145 0.355081 -14.298123 8.439562 14.225836 
0.086350 0.255407 0.049845 0.531535 4.910448 -1.241784 -9.748484 
0.263354 -0.487269 0.616219 0.263344 -7.356976 26.389762 4.963367 
0.556778 0.020755 -0.353262 0.714606 -9.156047 2.084529 21.719050 
0.139284 -0.717176 0.423076 0.516083 -19.105642 0.951938 10.826257 
0.478468 -0.447753 -0.028473 -0.020631 -11.607786 -2.121024 18.673388 
0.165293 -0.293691 0.773684 -0.107157 -5.036367 5.940756 -0.464512 
0.493788 0.561840 -0.037059 -0.970836 7.175063 -1.606999 -0.872384 
0.252788 0.275999 0.370551 0.528738 -14.668586 1.381805 16.218786 
1.145613 0.034842 -1.325865 1.044200 -9.234623 -8.632537 2.673654 
0.388183 -0.155730 1.042450 1.563981 1.742099 7.561760 4.116370 
0.094407 0.134996 1.189303 0.201386 5.674385 23.407638 2.033496 
0.126740 -0.281582 1.060280 0.147324 -1.112862 -7.273034 3.178718 
0.323270 -0.478898 -0.427519 -0.661111 -3.598652 1.454808 -4.868081 
0.198042 -1.293781 2.487536 0.022636 -14.299740 10.324945 3.718316 
1.167561 0.415506 0.077141 -0.216439 9.499249 10.026850 -12.923280 
2.697368 0.409532 0.072339 0.720870 2.604774 -1.502330 9.867098 
0.376011 -1.418058 -0.058163 -0.202985 -9.219302 7.906524 2.849662 
0.588263 -0.356329 0.312485 -0.819463 -5.931015 12.966762 -11.686600 
0.138650 0.096467 0.687332 0.488025 -11.518390 -2.803871 21.613213 
0.373816 -0.036385 0.321865 0.290024 -0.653520 14.079218 -21.153645 
0.401930 -0.329781 0.742809 -1.145571 -2.014255 -3.094677 1.406536 
0.263064 0.394096 0.070857 0.270137 -8.028422 -7.432078 5.486057 
0.459762 -0.958283 0.335713 0.965019 4.942832 17.811737 9.441565 
0.328088 -0.442681 -0.055141 -0.185603 -9.060714 -14.137096 -9.577008 
0.860282 0.125663 3.752181 3.826224 -2.558521 26.481704 32.107282 
0.273055 -0.101662 -0.866158 0.701942 -9.099005 -3.722135 4.491987 
0.396253 -1.040565 -0.056701 -0.162655 4.665294 13.739642 2.203675 
0.246288 -0.505439 0.560386 0.386067 -11.418910 -4.538178 15.069692 
0.730294 -1.006398 -0.282049 0.519031 -4.897969 -16.570339 -1.857026 
0.278430 -0.562014 0.399481 0.345697 -11.833352 -14.259207 -1.146184 
0.151503 0.010954 -0.745918 -1.719755 -3.725366 2.251858 -12.230325 
0.100432 0.669213 0.552035 0.178378 -5.909206 9.876184 10.373377 
0.082624 -0.983520 0.358745 0.164130 1.086192 22.120981 -7.811350 
0.114711 1.275294 -0.808704 -1.587217 2.422736 -12.189248 -3.474643 
0.192666 -0.656055 -0.024831 -1.243620 -16.292929 3.882552 -2.569180 
0.287114 0.964181 -1.396659 0.236826 5.251787 -6.092268 -11.368430 
0.585359 0.386664 0.131520 0.943141 -9.774401 -10.298653 3.818758 
1.376095 0.575658 -1.726645 0.331338 10.133738 -14.700086 2.660275 
0.431641 0.780238 -0.339065 -0.758179 -3.020948 12.860337 -3.450191 
0.136683 -0.858194 -0.302529 0.024776 6.210196 -8.701294 -23.255944 
0.323241 0.107103 -0.440116 -0.540574 -15.183401 1.672687 -11.600559 
0.391024 -0.683449 0.488838 -0.060474 9.109237 6.651063 -2.629948 
0.112116 -0.016144 0.694519 -0.434427 -2.029496 -6.610419 -9.544912 
0.116547 0.198655 0.527081 0.174915 -0.254654 -13.036833 13.717925 
0.952396 -0.624387 -0.368469 -0.067242 -19.632697 5.796278 1.802483 
0.374161 -0.117808 -0.794702 -0.326642 10.683243 -8.047128 3.685975 
0.178419 -0.831163 -0.140816 -0.020959 -20.233695 -4.383300 -10.038293 
0.192961 -0.255724 0.608660 -1.668853 -13.989245 -2.486204 -10.692740 
0.763069 -0.179244 0.181759 1.147022 -0.232960 -6.640745 5.015798 
0.181019 -1.064841 -0.051756 0.552938 -21.795257 -11.039542 -4.485675 
0.393969 1.704605 2.519551 0.284099 10.524960 21.768669 9.139555 
0.408300 0.092244 -0.096530 -0.070690 -18.608528 0.516044 -4.263164 
0.506972 -0.001080 -0.682377 -0.787497 -13.061066 -10.504941 -1.502644 
0.168852 0.367677 -0.440835 0.775292 -6.966143 12.086237 12.811909 
0.196085 0.439255 -0.140361 -0.047971 8.216063 -5.174692 -3.053377 
0.836938 0.965914 -0.545594 -0.469190 -6.076482 6.048203 -6.481601 
0.701221 -0.038030 -1.004852 -0.038013 -4.639029 -11.758200 -3.664013 
0.263429 -0.107820 0.252196 0.172070 -6.601210 -11.864091 1.548844 
0.151360 0.306941 -0.934609 2.000432 -9.453042 -7.007004 7.384860 
0.449375 0.073773 -0.412832 0.254544 2.763311 -0.305413 12.087433 
0.108928 1.336723 -0.242097 1.211077 4.033842 -13.253785 4.491465 
0.090465 0.307933 0.153171 -0.033675 13.535835 8.132056 -19.160305 
0.531060 -0.213140 1.404784 2.298683 -9.270630 10.647805 7.600837 
0.272013 -1.086714 0.397838 0.922396 -9.021086 -11.682255 -0.683981 
0.127889 -0.328587 -0.118712 -0.124187 -20.210462 4.395372 1.854096 
1.070260 -0.094144 -0.174340 0.034070 8.126633 10.482928 9.046465 
0.111702 -0.804833 0.476482 0.497585 -0.026661 4.579807 20.358495 
0.275275 1.398658 -0.466232 0.550849 8.720807 4.300208 2.816866 
0.433814 -0.940487 -0.398328 0.177038 -17.405772 4.817019 9.368940 
0.121123 -0.610145 0.009507 -1.235222 -8.687171 10.960182 -7.681497 
0.604561 -0.790136 0.908150 0.712695 4.252875 -4.489947 14.829326 
0.672200 0.461916 0.420781 1.442168 -8.453873 6.007435 10.096278 
0.485099 0.523334 2.183984 0.815301 0.151615 6.089739 8.299181 
0.088968 -1.905936 0.616049 -0.074514 0.528322 8.129488 1.196056 
0.372330 -0.708734 -0.337087 -0.253178 -7.634257 -10.489438 4.575428 
0.427499 0.343878 -0.928024 1.667692 9.857987 -8.352367 0.740583 
0.148166 0.331180 -1.262923 -0.586413 -7.403833 -6.767021 1.309766 
0.205405 -0.108768 -1.382514 -0.778530 0.884390 -4.619123 3.103205 
0.273438 0.670351 0.488514 -0.047328 -1.782373 16.777249 -3.602652 
0.257004 0.860305 0.678761 -1.925579 3.188616 14.574230 -10.278767 
0.083821 -1.398466 3.141963 4.179922 -12.640287 23.186397 39.641069 
0.673429 -0.138433 -0.311541 1.571209 3.703305 0.899004 -1.976129 
0.093338 0.208249 -0.993115 1.045599 3.348939 6.684615 -2.108684 
0.097693 -0.302725 0.471464 1.002370 -4.928893 4.893021 5.663551 
0.081727 0.053894 0.409413 0.527381 -0.525547 16.881533 -4.755580 
0.417045 0.463861 0.229426 -0.225325 -8.842595 4.859630 6.154417 
0.387177 0.126687 -0.091937 0.032463 19.803431 -4.041586 -4.832253 
0.350927 -0.735764 0.391283 0.067438 0.544178 21.837704 -3.881824 
0.081891 -0.580440 -0.141648 -0.872370 -12.241604 -1.200099 8.084182 
0.111530 -0.835219 0.454176 1.782353 -4.043674 -1.267613 10.904889 
0.729211 -0.014654 0.108748 -0.120910 -1.627152 8.741976 11.543770 
0.081209 -0.478781 -0.228261 0.193770 -22.031409 -4.080058 -6.320998 
1.066327 0.729679 0.689810 0.352709 0.594317 3.718350 16.955206 
0.844840 -0.762884 0.135773 0.686068 12.143032 13.032400 10.988045 
0.286414 -0.212883 0.018274 -0.186842 -19.445276 6.939494 -16.242918 
0.108220 0.282965 -0.646245 -0.021783 -7.072347 -14.691925 -7.402934 
0.106446 1.261293 -0.081250 -0.040329 9.181874 8.280807 -0.560795 
1.618982 -0.707573 2.710904 -0.296182 -12.309627 13.243301 -6.924122 
0.126190 -0.858778 -0.298504 -0.659711 0.891444 -4.663941 -1.036018 
0.666898 -0.105312 -0.107111 -0.000237 -8.385485 -1.786492 -15.965066 
0.355266 -0.542627 0.222710 0.511864 -15.195796 2.451576 12.728043 
0.365762 -2.352958 -4.850112 -0.184860 -19.153669 -31.705967 -4.778162 
0.430606 0.102679 0.853734 0.471423 -13.610564 -3.301389 1.457585 
0.100431 0.865179 -0.733502 0.793099 15.650466 5.921929 -3.095338 
0.189647 -0.990804 0.468328 0.292660 -1.851846 13.118380 -1.380127 
0.132254 -0.632504 -0.389799 0.539748 2.486405 -3.224977 -4.284860 
0.500139 -1.252903 -0.438329 -1.495199 -13.232245 2.555857 -4.397141 
0.175237 -0.464068 1.212428 -0.850022 -13.034889 4.707370 -4.192740 
0.123696 -0.282937 0.245740 0.708231 -8.062073 -12.854954 8.572963 
0.195281 -0.598703 -0.599890 -1.197545 -2.706595 6.181847 -9.405479 
0.599939 -2.028759 -0.317317 0.134363 -17.583930 4.907416 -8.740828 
0.192741 -0.399025 -0.545457 0.659645 -8.282289 4.132775 5.587202 
0.200778 1.076149 0.005646 0.120773 -2.979323 -13.397261 -1.120467 
0.177472 -0.232850 -1.044434 -1.013803 -4.916822 5.751589 -12.246543 
0.127855 0.356914 -1.516527 0.225618 2.302833 -7.490799 -7.074169 
0.220526 -0.092547 -0.574263 0.885752 -2.800978 -1.310829 3.860560 
0.627642 0.517141 -0.438945 0.387036 1.790356 1.152084 -4.438732 
0.637465 -0.840258 0.971455 0.488351 -10.604210 24.358851 8.089846 
0.169117 0.101064 -0.842509 -0.766160 4.552469 5.103495 8.692420 
0.114784 -0.253035 -0.835856 -0.016111 6.417854 -2.205229 -8.080174 
0.135557 0.019652 0.889949 0.270693 -2.163344 5.271677 -3.869598 
0.579415 -0.754688 -0.259322 0.179689 25.225837 -29.680507 -2.647036 
0.624848 2.284856 2.058133 -0.680963 19.621795 16.804564 -2.704261 
0.385484 -1.405809 0.661231 0.986642 -5.069031 -6.601149 10.464354 
3.082417 -0.882999 0.414423 0.184254 -5.732570 11.198403 -2.684666 
0.310489 0.107331 -0.454803 1.343174 4.286730 5.342421 15.392441 
0.457154 0.298632 0.535870 -0.131407 -1.988102 0.847870 -11.016212 
0.279294 -0.702426 -0.102551 -0.024818 -3.278262 -15.934058 -17.229704 
0.089763 -0.030281 -0.169092 -0.609133 -7.824737 7.448370 -6.455677 
1.249225 -1.103583 0.914312 0.432891 -7.339515 -0.075208 9.312316 
0.163561 0.865347 -0.899144 -0.127387 1.095871 -1.396942 -5.080386 
1.702665 -0.476418 0.648057 1.079362 1.624092 -0.452788 0.679864 
0.087567 0.433002 1.585294 -0.242022 6.734960 4.742669 -0.503394 
0.192231 0.269299 0.513054 0.299831 -3.929169 -4.152729 -0.164709 
0.122081 -0.092833 -0.478244 -0.668194 -17.974014 -5.458359 -4.713869 
0.088452 -0.013232 -0.012266 0.632506 -3.804514 19.005718 -1.582649 
0.470758 -1.026996 -2.216686 0.511840 -3.212504 -5.918648 6.852519 
0.196106 -0.116000 0.321835 0.393993 -7.989423 5.508664 4.348544 
0.163499 1.589104 -2.548890 -1.100253 13.927720 -16.538941 2.001226 
0.080867 1.932844 1.679788 -2.484745 21.178584 16.065706 -11.569097 
0.223604 -1.198992 0.020127 0.439454 -14.286476 -2.510311 -7.757432 
0.155926 -0.959091 0.102741 0.525180 1.330882 -13.207553 -6.831126 
0.238387 -0.220057 0.427571 -0.704144 -13.490458 -9.496117 -7.574605 
0.106154 -0.360932 -0.824417 -0.573356 -10.216710 -7.798544 -3.911413 
0.169911 0.193579 -0.110923 -0.216289 9.322112 -12.569393 15.475081 
0.113329 1.039827 0.833790 0.617100 1.510219 2.092083 15.327316 
0.192419 1.430689 -2.073226 -0.615781 3.679666 -19.237548 -7.695821 
0.594225 0.137939 0.099938 0.064191 8.929082 5.750786 21.716327 
0.085164 -0.815558 -0.143723 -0.473628 -12.837651 -2.755448 8.825779 
0.117057 -0.472809 0.933090 0.151229 -8.555068 10.624589 8.398310 
0.205043 0.005094 0.751975 -0.339603 -9.163449 10.678402 -6.836889 
0.234649 0.698032 -0.517113 0.523038 15.278204 5.247300 -3.001538 
0.487672 0.024206 1.312335 1.002396 0.182218 8.734821 9.468798 
0.223182 -0.477329 -0.672153 -0.101052 -21.088811 -1.760963 0.047347 
2.476904 -0.322237 -0.747797 -0.800458 8.787100 5.759457 -9.135806 
0.441734 0.780636 0.461155 0.389199 -2.619435 7.233577 2.880343 
0.230397 -0.163926 -0.379111 0.169409 -14.933218 4.067020 -11.848420 
0.689100 2.708986 1.678467 -2.062682 20.722614 6.935487 -9.292998 
0.815528 -2.221603 0.570313 0.691515 -11.423535 -3.003468 10.253689 
0.161492 0.158671 0.632571 -0.172647 5.098261 -7.792738 -5.897184 
0.542296 2.511382 -0.828189 -0.540885 8.257017 -7.380644 0.109056 
0.146522 -0.619956 -0.037765 0.715820 -19.644501 -10.364690 -2.625731 
0.256037 -1.391406 -0.291763 -0.752864 0.148700 -9.863621 -1.846422 
0.887681 -0.755357 -0.006672 1.332980 2.893480 12.083229 -1.871909 
0.101372 -0.040207 0.507617 -0.182103 -4.696967 -3.037660 -14.617830 
0.141931 -0.099203 0.714741 0.186309 -16.986687 5.769465 -2.301771 
0.178446 -0.985522 0.785986 0.600831 6.928616 1.533810 0.838183 
0.083374 0.306028 -0.288829 -0.267855 -5.470712 1.347598 18.092069 
0.376685 -0.170623 -0.060466 1.208373 2.430898 6.533565 -7.310277 
0.585808 -0.600211 -1.306691 0.654403 -12.406805 1.087323 6.599136 
0.102075 0.396044 1.148772 0.653638 5.454632 10.652051 -1.846321 
0.086694 1.678635 1.513099 -0.121972 15.233688 9.104099 5.088890 
0.654455 0.004011 -0.057380 -0.187899 2.676127 -0.389895 -19.091417 
0.442796 -0.869546 0.098810 -0.366748 -14.065153 4.474370 10.218774 
0.103990 -0.539251 0.931681 -0.440780 0.971911 -4.709559 0.348259 
0.137893 -1.467602 -0.109509 0.072242 -19.687891 0.906010 -4.229209 
1.044939 0.819224 0.076343 -0.407275 -2.614592 4.734390 1.351237 
1.025335 0.342412 -0.049965 -0.671868 11.105265 2.484129 -3.611578 
0.472835 -1.532675 0.232430 1.252867 -16.004313 4.524856 -2.112801 
0.672168 -2.323780 1.095422 0.589829 -16.142555 1.354337 13.446161 
0.208490 -1.897706 -1.349664 -0.190277 -5.180680 -11.219642 -1.075293 
0.292610 -1.153339 1.960211 0.723986 -4.174338 8.890416 11.984312 
0.111344 -0.291294 -0.313819 1.448089 -2.386701 3.260197 7.221450 
0.466067 0.322022 0.420895 0.521221 -1.397166 13.655262 -10.058705 
0.112109 -0.689299 -0.359743 0.076615 -8.599603 -10.109876 6.074878 
1.021373 -0.779064 0.081215 0.063692 4.837706 1.955320 -14.892908 
0.247245 -1.970769 -0.599420 1.488829 -19.700330 1.323105 10.659241 
2.937998 -2.647908 -0.841807 0.365660 -11.351897 -7.846174 9.679492 
0.112201 0.005001 -0.770594 -0.270901 -9.377032 -0.903793 -4.786775 
0.941373 0.029610 0.830742 0.048832 0.204676 -0.219352 -1.225940 
0.186332 1.048161 -0.201001 -1.165218 5.012638 3.111005 0.192903 
0.206312 -0.385857 0.498994 0.018106 4.572168 5.512551 19.394348 
0.087521 0.003419 0.482586 0.274884 -8.666542 -10.268556 -13.481185 
0.337060 -0.249069 -0.720657 -0.184141 -15.167873 -3.273166 1.107352 
0.506829 0.602853 0.244638 1.321746 8.657119 4.447445 3.124667 
2.506229 0.032992 1.539443 -0.308114 -12.360028 3.441367 4.707200 
0.109658 0.332876 -0.002436 -0.568194 -10.790427 -3.390078 -10.477339 
0.093631 -0.798328 0.365408 0.388613 -4.137941 -1.739481 -3.508324 
0.994606 0.607406 -0.040651 0.354853 -5.618265 3.735760 -5.507784 
0.184780 1.681929 2.369355 0.017378 4.553019 9.731446 -2.042066 
0.113864 -0.182781 0.664490 -0.074516 -5.721981 10.462315 10.208541 
0.500571 2.322785 -0.665304 -1.468902 20.280492 4.171013 -8.675772 
0.375402 0.235273 -0.213199 0.268344 1.572400 1.020932 -17.096941 
0.121279 0.382936 -0.030523 -0.452324 -10.106620 0.056596 -16.219065 
0.437171 0.598091 -0.002134 -0.930678 -1.663601 1.047562 -4.302347 
0.420529 -0.256576 0.488771 -0.228176 -16.201243 11.363627 -7.133367 
0.140832 -0.097452 0.261842 0.603623 -12.330759 10.780839 -0.796680 
0.317286 -0.195055 0.537899 -0.070642 -11.328409 -7.090718 -0.073641 
0.092539 1.316453 -0.444265 -0.559075 -1.740290 -6.324255 6.718079 
4.198783 -0.132428 0.397850 -0.168902 2.009727 8.357115 11.145248 
0.435794 -0.915012 0.350566 0.384719 -22.934572 2.454732 -1.188215 
0.299195 -0.453779 -0.676112 -0.068315 -10.777466 -7.197753 16.054458 
0.366428 -1.228512 0.279467 0.430006 -3.235617 -6.209316 18.505117 
0.300202 -0.497280 7.087780 2.610273 -8.303182 93.818942 31.971791 
0.585186 6.487407 0.983258 -5.164673 145.232135 26.497604 -121.137333 
0.524509 -0.451876 -0.647156 -0.193864 -2.825393 -2.390000 7.113125 
0.292083 0.319739 1.914761 0.442950 2.288088 1.948712 12.150242 
0.107699 -0.253759 1.696023 1.649773 -6.695359 4.092463 11.993094 
0.744916 -0.753872 2.179035 0.617120 -1.288368 16.663940 1.190300 
0.131940 -1.339418 2.025707 0.022266 -13.363865 7.860638 -0.189748 
0.104491 -1.571239 -0.505796 1.726924 -16.358900 1.563340 11.715158 
0.504475 -0.543745 -0.311018 1.032645 -5.726081 -9.748681 26.263601 
0.159200 -0.530348 0.421078 -0.349972 0.925674 13.379030 -1.923275 
0.144224 0.699008 2.796545 -0.630483 -1.453113 16.052163 3.889493 
0.221063 -0.616514 0.339039 -0.634367 -16.415929 -6.222651 4.073023 
0.339783 -0.422325 -0.546606 0.142583 -3.544113 -2.378196 16.468224 
2.985742 1.448627 0.106579 -0.060264 8.344934 13.431394 -6.681219 
0.098040 0.162354 0.486465 -0.745384 5.441590 11.514064 -6.522599 
0.364111 -0.725465 0.223475 -0.435656 -2.541804 9.991471 -5.360987 
0.144886 0.591541 0.328087 -0.010224 0.059415 -1.790955 -10.369635 
0.360597 -0.288386 0.738848 -0.311261 1.438601 2.133653 0.522398 
0.254317 -1.305083 0.163681 -1.183131 -3.688537 -7.318166 1.995111 
0.555913 0.338001 0.408402 -0.004787 2.379097 19.463612 0.838523 
0.416651 -2.459383 -0.160418 -0.299980 -11.704078 -5.857557 -6.079936 
0.151008 -0.217790 1.633443 1.618058 0.916637 3.612034 2.096916 
0.577563 -0.065683 0.583440 -0.637750 0.332644 -0.970388 0.253344 
0.141965 1.637809 0.489576 2.947362 6.014694 -0.304742 21.906825 
0.120024 -0.833454 0.313087 0.634505 -15.147766 10.529369 -2.268133 
0.182852 1.405979 -1.024877 0.149968 14.804433 -0.702142 -1.873689 
0.189724 0.106741 0.286487 -1.225304 -4.874959 5.832187 -10.182904 
0.150160 0.210635 -1.339650 1.559735 -3.381200 -10.911152 11.057828 
1.373741 -3.547102 -0.527853 1.608170 -20.428240 2.198942 8.898393 
0.283453 0.641780 0.253076 1.594016 4.555641 4.787413 1.970627 
0.170281 -0.418160 0.528269 0.815652 8.549063 17.774313 4.897376 
1.505698 -0.243280 0.208843 0.284404 14.032228 -11.970826 6.584877 
0.360047 -1.362267 0.425518 -0.512522 -4.898432 -3.385906 -3.058259 
0.588861 -0.855201 -0.002788 0.295122 -13.962204 11.843903 16.667596 
0.381565 -1.028798 0.034006 0.540065 -7.517400 16.741298 4.140164 
0.166121 -0.256642 0.075062 -0.019354 -6.479934 -18.054543 -8.101544 
1.652096 -2.565656 0.483100 2.110153 -61.650013 15.293376 44.337583 
0.215498 2.521483 -1.979453 0.755372 16.626040 -6.181072 0.999514 
0.524663 -0.506169 0.070699 0.538266 -3.033709 -9.468474 -5.130885 
0.489037 -0.998201 0.647658 -0.015725 -9.087162 -0.896191 9.247492 
0.247044 -0.726265 0.146182 0.332010 -13.506667 4.372325 -13.695127 
0.408569 0.139559 0.393992 -0.159178 11.571640 6.723810 -16.033429 
0.429966 -0.972818 0.036176 0.218522 -13.204996 -7.230487 -6.085390 
0.205030 1.453188 -1.084414 0.069513 2.527995 -8.195505 -3.385520 
0.104504 0.176771 0.184201 -0.559696 -14.503363 2.904954 6.010615 
1.704172 0.401634 -0.650958 -1.537982 -3.302467 5.256608 -4.343458 
0.208973 0.686300 0.905903 -1.010209 0.992559 -4.713564 0.390839 
4.631110 -1.330932 1.245063 1.131984 -2.752589 -2.273106 10.378375 
0.135103 -0.043922 -0.278911 0.163439 10.767257 3.989326 -2.200439 
0.169606 0.466596 1.086035 0.217013 -2.026881 7.643918 -11.119320 
0.567692 -1.660884 -0.250604 -0.908652 -12.860980 -10.134370 -0.920076 
0.214292 -0.286651 0.080192 1.771804 -9.518025 5.878596 11.480650 
0.450345 -0.193767 0.854361 -0.247854 1.913241 16.637031 7.683321 
0.407103 -0.580808 0.154049 0.575348 -7.427048 -5.816787 10.837577 
0.846636 -0.312579 0.056145 0.013742 -8.144718 -10.541345 6.715289 
0.123163 1.043909 -0.978621 -2.217794 3.274465 -8.130615 -8.356606 
0.120648 -0.358849 0.494465 -0.780388 -9.376179 -7.909916 0.226809 
0.387333 -0.490188 1.013139 0.536969 -13.549875 -4.304398 9.792273 
1.095352 -0.467775 0.213093 0.847279 -13.939357 -5.573853 -0.652734 
0.212730 0.414375 -0.413857 -0.423864 1.829774 -6.000617 4.046176 
1.575080 -0.326471 1.104244 1.090765 1.273658 -1.843676 14.093399 
0.102042 0.455237 0.374437 0.781777 -2.913626 -6.711395 10.649930 
0.606266 -0.365612 0.489364 0.115860 3.650173 -2.605097 -9.851767 
0.250734 -0.186756 0.219034 -0.346524 -7.133927 4.655391 -15.901998 
0.184902 -0.626659 0.626336 0.246962 -4.516561 22.645482 4.725553 
0.348863 -0.710936 1.277538 0.013363 11.048557 8.936482 -4.754226 
0.127948 0.125800 -0.488625 1.133719 -11.987142 1.228690 4.860384 
0.127545 1.108945 0.449686 2.377767 0.267927 10.298878 15.402671 
0.089378 0.940812 0.741308 0.723118 3.932033 -7.240548 -0.720126 
0.220514 0.461620 0.361844 0.404447 11.602625 -5.994936 -9.388122 
0.195396 0.358581 -0.766564 -0.379313 -12.123703 -5.607091 -12.254585 
4.245083 -1.119493 -0.529444 0.301530 -5.320871 8.515974 -5.098373 
0.095817 -0.386485 0.250629 -0.420341 5.868295 -3.423491 -4.402200 
0.569763 -1.087314 0.144399 0.405350 -11.510004 -9.885047 3.149582 
1.098164 -0.602541 0.527192 -0.099598 -17.683438 9.815793 -6.260351 
0.538990 0.330866 0.479862 0.462299 6.562011 -1.825189 9.191522 
1.288776 -0.970552 0.140963 0.342323 5.152204 -1.478374 -0.229859 
0.193816 0.042490 0.572787 -0.276590 -7.028945 -0.639810 -13.763915 
0.378483 -0.103282 1.039172 0.164852 -17.684739 -3.246086 6.191164 
0.130333 -0.322175 0.856662 0.323418 11.615028 0.748117 1.380043 
0.235233 -0.013962 -0.454145 -0.486428 0.855238 -12.871084 2.316448 
0.474050 -0.360093 0.295513 -0.463931 -13.988509 -0.481716 4.793129 
0.170650 -0.004702 -0.620246 0.379532 -9.824300 -5.373704 9.219496 
0.551803 -1.002617 -0.402030 0.317891 10.814294 0.456442 7.175117 
0.131497 0.174346 0.421841 -0.153606 1.660894 -9.129149 -8.562572 
0.367063 -1.211317 -0.002231 -0.355585 -6.750387 -11.283577 4.819774 
0.237052 -0.279854 0.039379 0.371923 -5.077801 6.435122 3.453885 
0.979329 0.426996 -0.045694 0.195989 7.911535 2.651586 -14.924658 
0.113309 0.777957 0.725518 0.029875 0.878140 13.970084 -0.025206 
0.202812 1.363368 0.584668 -1.008206 13.733387 2.826163 5.824260 
0.145792 0.142196 1.050823 0.005064 -0.645421 4.984213 2.640394 
0.206856 -0.173445 -2.924095 -1.594655 -7.881267 -20.972508 -11.149250 
0.534870 -0.302972 0.610458 -0.236483 11.273492 9.657423 -4.138104 
0.091732 -0.525819 -0.302957 0.188634 0.693878 -5.864888 -13.610990 
0.094435 -0.356852 0.325043 0.952210 -7.768509 13.317616 -7.860797 
0.106821 -0.209253 0.228585 -0.099752 -14.692369 10.171272 8.298387 
0.443043 0.874779 0.616716 -0.701480 7.630436 7.106679 3.713437 
0.087582 -0.657993 -0.262714 -0.491072 -11.840167 6.496702 7.768146 
0.159466 -0.489523 0.029897 0.543203 6.699076 -0.157206 0.896076 
0.829727 -0.315791 0.367478 -0.691986 -11.042822 8.928791 0.922859 
0.093662 -0.487118 0.360942 1.161822 4.189031 -12.108793 1.329168 
1.055006 -0.977126 0.444326 -0.591386 -3.830348 -2.824883 10.281414 
0.290595 0.273236 0.176467 1.159559 -7.848368 14.346928 10.960867 
0.226020 0.728261 -2.085107 3.630377 11.055861 -12.586288 21.710205 
0.258652 -0.418562 0.549286 0.286039 5.298387 -4.022678 0.090701 
0.504080 0.190427 -0.282302 0.485407 -12.441116 3.719034 13.643866 
0.133644 -0.721893 -0.387995 -2.535938 -10.782917 -10.737795 -16.075339 
0.102367 -0.698208 -0.278192 0.045575 -16.484791 -3.847182 -9.202819 
0.102733 0.761460 0.352658 0.649388 3.049421 -4.272187 10.959427 
0.406103 -0.224015 -0.323751 -0.506697 -4.276260 -3.455946 -17.017745 
0.170184 -0.632211 -0.480613 -1.151841 2.729167 10.265087 -4.541945 
0.080956 0.922402 2.022319 -0.710737 1.773550 17.119767 -8.061267 
0.171393 -0.746284 1.398051 0.285898 -4.781302 0.917616 -7.468102 
0.103884 -0.755961 0.176092 0.244005 2.635322 5.847901 6.565717 
0.287723 0.291712 -0.126769 0.179311 -2.278799 5.241382 -11.217249 
0.707610 -0.400887 0.080352 1.472043 -2.572778 5.019692 2.569257 
0.161798 -0.691576 -0.396957 0.665750 -15.404595 -5.868136 7.535565 
0.495528 -1.606474 2.370679 0.665988 -7.031391 6.867183 1.029854 
0.081729 0.742423 0.638383 1.015956 -7.552014 5.706495 12.670775 
0.498673 0.275187 0.018327 -0.258699 -1.990595 15.315479 -15.314889 
0.189760 -0.506586 0.039758 0.841899 7.273795 -6.886191 12.728381 
0.174582 1.296096 0.419418 0.793572 -2.282541 -1.644051 8.444538 
1.913197 -0.489028 1.477115 0.074391 -11.653102 11.499694 0.595079 
0.156957 -0.653612 0.943576 -0.388641 -2.430600 4.695868 -6.091576 
0.318637 0.497265 0.399447 -0.136448 -6.271175 -14.186349 -6.740155 
0.384886 -0.672111 0.437783 0.182949 0.711514 20.977585 -1.502764 
0.094543 -1.086981 0.793482 -1.945891 2.870175 10.189178 -9.952292 
0.093801 0.548768 -0.690471 -0.178306 -7.345680 -1.911908 -14.848479 
0.259589 0.412345 -0.152813 0.363851 -3.878359 1.002508 -1.378141 
0.331382 -0.037052 -0.206336 0.039546 -2.872478 -18.995090 -10.638237 
0.597086 -2.523558 1.094488 -1.244838 -17.310022 16.861982 -10.554801 
0.244466 -0.690480 0.116301 0.252913 -10.900134 6.140318 -9.741857 
0.409757 -0.460197 -0.023303 1.461802 -12.871934 12.026097 7.416352 
0.703460 -0.271356 0.665130 0.890734 12.281671 -6.065551 5.422418 
0.129081 0.210377 0.264703 0.658583 -8.767693 0.987220 4.713417 
0.592856 0.815595 0.630614 0.692192 0.066441 17.903450 1.486849 
0.598064 -0.228002 0.312872 1.427382 -10.044620 -2.804454 12.396896 
0.315326 -0.978914 0.640285 0.778455 -13.236025 -0.128599 1.711836 
0.830552 -0.525456 0.397852 -0.305203 -13.698844 6.699569 3.965411 
0.107798 -0.696141 0.799662 0.803749 -1.542419 -0.228750 -4.774424 
1.282747 0.244132 -0.892349 -0.821148 8.719927 -0.135971 -11.104385 
0.179704 -0.424917 -0.049534 0.811856 -11.218117 12.932591 12.577208 
0.226650 0.350378 -0.800708 0.543261 -7.720537 -5.405134 0.871254 
0.213577 0.208134 1.140991 0.326243 3.668533 9.604770 -1.310727 
0.360054 -0.755194 -0.183064 -0.162237 -14.426810 -1.428201 -3.937686 
0.590465 0.931543 0.003410 0.056099 10.258348 3.696897 -0.586884 
0.323997 -0.358812 2.258916 -1.587022 -3.497976 19.870836 -2.871037 
0.080856 0.634544 -1.132518 1.295847 10.096305 3.230963 1.826910 
0.143920 0.173039 1.613667 0.058192 -1.290770 -2.445402 3.596994 
0.128165 0.974811 0.457637 0.473018 -5.394168 7.999328 5.278020 
0.371144 -0.140124 0.458062 -0.397863 3.095628 -17.043147 -1.455094 
0.145470 -0.642625 0.676371 -1.144521 9.470423 -1.781807 -5.318512 
0.092657 0.152938 0.844435 -0.042911 5.204614 8.412562 6.782117 
0.587126 1.734804 -0.867291 -1.801884 17.337214 -10.987793 -4.761266 
0.235289 -0.587946 0.424252 0.263300 -15.118450 3.090751 -9.978456 
0.569180 -0.276881 -0.571379 -0.191128 -15.969990 10.669211 -5.289860 
0.093590 -0.754100 0.372198 0.818512 -5.322422 6.777086 -5.715845 
0.249342 -0.091901 -0.411926 -0.026940 1.455118 11.218645 18.791861 
0.543855 2.046763 -0.436005 -0.075735 13.991651 -7.296569 5.448440 
0.236315 1.889787 2.492321 -1.930943 15.108749 24.908165 -7.797065 
0.136931 0.255128 -0.341862 -0.060325 5.753432 -20.791100 12.850564 
0.109437 -0.792858 -0.712700 -0.066209 -11.214957 5.419128 -14.364322 
0.915698 0.522150 0.125853 -0.191370 1.045060 -9.589425 -15.702128 
0.125769 -0.253447 -0.650140 -0.555330 2.179504 -7.702853 -2.704290 
0.182221 -0.045372 -0.797837 -0.011851 -16.792510 -3.704730 -3.995121 
0.624303 -0.880443 -0.236418 0.044043 3.691701 14.317337 12.813101 
0.123119 -0.714498 0.173570 0.531169 7.051616 -2.094642 1.009913 
0.093277 0.410324 -0.116222 0.356643 1.143190 -12.626279 4.422731 
0.126609 -0.502743 -0.557348 0.996638 9.219013 8.392925 6.763078 
0.342755 -0.746357 1.278646 0.158452 -13.690609 9.425964 -1.359173 
0.887808 1.139129 -1.488614 0.285303 2.443316 -0.105802 2.301462 
0.718573 -0.605911 -0.485404 -0.740147 9.945378 -1.809888 1.375272 
0.789225 -0.411446 1.479953 0.144670 -5.281408 8.795887 -10.778253 
0.126531 0.190471 0.348186 0.740853 -13.231064 3.895985 2.247214 
0.685572 0.081434 0.460120 0.029163 -3.601409 8.465664 -6.787353 
0.342997 0.653950 -0.257372 -0.258970 -13.884415 3.847585 -1.027361 
1.141486 0.253959 0.657575 0.400049 -12.834450 2.149084 -10.903303 
0.181571 -0.344978 0.076385 0.942512 2.770729 -3.686858 9.707592 
0.271737 -0.533395 0.009559 0.775144 -3.497477 -1.199872 3.036170 
2.465276 -0.279674 0.027821 -0.210115 -12.310447 -8.769429 -3.736627 
0.132761 0.117078 0.254863 -0.266346 13.907869 10.261569 15.245600 
0.088416 -0.176292 -0.107058 0.368817 -23.606731 2.398660 4.759144 
0.089291 -0.144279 0.204258 0.058601 -8.024226 -10.535604 11.133288 
0.263350 -0.361897 -0.114370 -0.384408 -17.497520 -4.634948 -7.790004 
0.423754 0.774005 0.120407 1.196243 5.205193 14.269745 8.387782 
0.178200 -2.325828 -0.580430 -0.036729 -6.690098 3.085107 0.633139 
0.269147 -0.809599 -0.460645 -0.232505 -7.157535 21.808836 -3.800999 
1.218772 -0.548616 -0.274720 0.418275 10.827864 -1.238817 9.772409 
0.195759 0.396171 -1.356797 1.085801 -3.812888 -9.036547 -1.283451 
0.310560 0.404948 0.243110 0.686082 6.040453 -3.676537 -3.693629 
0.132928 0.086465 0.407821 -0.273588 2.332972 -5.901889 8.286621 
0.130606 -0.280419 0.174745 0.008849 1.529857 -16.405315 -17.613582 
0.180981 1.587125 2.925369 2.583151 11.142227 26.194172 22.940620 
8.040799 -0.079865 -0.318935 0.064291 -6.033826 7.200049 -1.646904 
0.080873 -0.695813 0.514573 0.228120 -22.740171 -3.691658 -8.735788 
0.337684 0.321312 0.403828 1.951141 4.668476 -5.948381 6.141444 
0.727006 -1.594151 0.870550 0.803444 -6.466619 -2.369905 9.584260 
0.130102 -0.556740 -0.300282 0.361615 -6.403392 -15.078343 -2.213316 
0.107057 -0.308242 -0.295336 1.243947 -0.335108 13.301188 13.115509 
1.352041 -0.121567 0.199247 -0.640082 6.971121 1.062705 -5.287961 
0.108970 -0.774896 0.306001 -0.102765 5.011450 9.482625 -9.384110 
0.148499 1.669695 0.643815 -1.293941 3.877685 -2.579871 -4.734219 
0.263983 0.412566 -0.533921 -0.136038 -2.163755 4.904737 -1.436373 
0.240265 -0.287936 1.170111 0.266197 4.533033 8.209358 5.554011 
0.217954 -0.257397 -0.161343 -0.297200 -0.310458 -13.122784 -0.655528 
0.444167 -0.511779 0.686971 -0.064921 3.379895 -11.936465 -7.494437 
2.752555 -0.027922 0.878847 -1.517097 -3.395911 7.581046 -3.970623 
0.266546 0.614221 -0.024319 -0.851437 -0.330811 -5.482817 1.968596 
0.104305 -1.063834 0.564065 0.512524 12.774610 -0.505893 6.043317 
0.144490 1.075699 1.177934 -0.990308 -1.140213 7.747532 -12.538187 
0.094619 0.257219 -0.377583 0.124065 -9.535800 4.275245 -11.794317 
0.144851 0.282112 0.463244 1.321686 10.240206 -4.276605 1.745662 
0.132290 -0.848059 0.315933 1.518774 -14.029437 10.776003 4.312543 
0.524424 0.020324 -0.181606 0.187364 -6.116377 11.171373 16.057586 
2.804970 1.998496 0.480997 0.331530 11.923221 1.648691 5.100874 
0.151725 -0.330999 0.170073 0.022489 -20.541873 -2.235724 -13.343959 
0.691052 -0.704991 -0.326380 -0.233361 3.038349 -15.087034 1.799930 
0.123125 -2.298288 -1.290243 -1.048682 -12.679859 -1.665977 -4.868371 
0.095501 0.349417 0.448878 0.239925 2.664463 6.276517 -4.800640 
0.082472 -0.182518 0.016353 0.921537 0.380621 3.442012 -5.523563 
0.088000 0.420438 0.105895 0.950925 11.695837 3.790120 0.702622 
0.106567 -0.844286 0.330674 0.526098 -5.833656 -1.064213 6.164137 
0.083960 -0.688444 -0.635202 1.301449 -7.963189 0.319191 8.479840 
0.444394 -0.052006 0.769810 0.852313 1.170125 6.952833 11.560593 
2.968598 -0.771611 0.324245 -0.220933 10.269410 -8.148404 -8.847613 
0.118415 -0.524084 0.119619 -0.283954 15.497644 -0.649642 -6.518003 
0.123056 -0.380102 0.154095 1.031369 0.300776 14.555325 4.954330 
0.111967 -0.465680 0.758089 -0.031521 7.366044 5.402326 10.248053 
0.095336 -0.276628 -0.303687 -0.497692 4.990355 -4.693941 -1.304608 
0.085245 -0.754572 0.052197 -0.266381 -3.911167 3.425774 -13.402171 
0.219520 -1.369317 -0.470265 0.096446 -5.045503 2.928977 -9.891971 
0.269315 -1.189105 -2.471838 1.803856 -7.035656 -11.665903 10.036539 
0.084729 0.278254 -0.472962 0.762293 6.499957 -3.584673 6.364035 
0.193296 0.357731 -0.073757 0.997422 2.093069 18.062712 5.936594 
3.042533 -0.315820 -0.938602 -0.398238 1.259811 -8.246989 10.504974 
1.417540 1.637853 1.703507 -0.270985 6.428863 4.081597 3.898151 
0.348250 -0.165569 0.064014 0.524442 5.312343 -3.843157 9.354306 
0.189420 0.509415 0.260167 0.887570 9.354520 6.029561 4.088363 
0.222484 0.177561 -0.051228 0.043615 -5.452469 13.035978 -11.488830 
0.319069 0.179182 0.379967 -0.454822 9.837941 0.621996 11.246557 
0.092091 -0.048444 -0.241124 0.490547 9.506006 5.936661 -11.262164 
0.486369 0.815505 -0.829505 -0.133106 -1.581668 -8.570132 3.051385 
0.293964 0.196065 0.819145 -0.289612 -1.694745 4.737708 -5.748811 
0.150389 -0.595706 0.871474 0.081588 -3.029032 10.367568 6.411215 
0.098254 -0.832972 0.155742 0.503952 -14.514420 0.037788 14.212230 
0.129777 0.157934 0.148736 0.483210 7.723544 1.721032 -6.731692 
0.089968 0.497516 0.892925 -0.247094 -8.555138 1.315594 -13.499693 
0.178187 0.605660 0.168230 -0.305874 2.846495 3.585841 5.906816 
0.446547 -0.634678 0.454186 0.479475 5.075432 5.115578 3.470149 
2.596189 -2.088390 -1.771392 -0.571640 -13.812692 -9.456515 3.065257 
0.941679 -0.025306 0.531009 0.298865 1.736481 -4.717458 14.897453 
0.357477 -0.540504 0.353462 0.671931 -2.500482 -13.186073 7.914910 
0.233141 -0.347751 0.615193 -0.217804 -1.979163 2.306494 2.704997 
0.109886 -0.222196 0.006652 -0.004312 16.919483 -2.054585 9.979970 
0.103385 0.367194 0.589585 0.689739 5.564645 -6.508756 8.076864 
0.307529 -1.245574 -1.196536 -1.908794 -3.256827 -9.754869 -3.717765 
0.224214 -0.742237 0.186496 -2.285656 2.519643 -7.251743 -14.783487 
0.688471 0.072488 0.199651 -0.212911 -17.215340 13.224271 -1.972821 
0.121886 0.438060 -0.745226 0.437872 1.643090 0.930581 14.742840 
2.036878 1.981550 -1.424678 -0.465741 4.578250 -5.616991 -6.278366 
0.108772 -0.249494 1.235218 0.518205 1.145213 7.649765 -4.493183 
0.087214 -1.082113 -1.822098 -1.076413 -0.476858 -9.610179 1.216376 
1.095005 -0.173879 -0.176429 -0.372247 -9.330889 -5.819516 -4.661867 
0.462444 0.127530 -0.219619 -0.821964 1.192398 -1.662333 -10.734432 
1.195467 -0.303718 0.719571 0.321582 -5.633359 22.035867 -3.541133 
0.124532 0.476542 0.170374 0.074994 14.378417 11.455081 -6.625376 
0.239527 -0.712144 -0.252350 0.699189 -16.775008 1.035003 11.638640 
0.513647 0.137763 -0.270530 0.465874 -3.583621 -10.281823 -13.323004 
2.322161 0.376383 -0.080130 -1.088740 8.911011 7.165592 3.826811 
1.749945 0.076638 -0.272686 0.302973 -0.010982 -15.390210 13.561197 
6.427225 -0.467515 0.769897 0.041110 1.834490 13.920397 -7.212227 
0.187473 -0.367398 -0.091951 0.385911 -3.034192 6.636874 16.222949 
0.080411 -1.174061 1.368269 1.067391 -1.525342 6.082660 2.304796 
0.084886 -5.204091 2.329678 0.763465 -63.138213 26.049677 6.380235 
0.210734 0.081397 -0.274641 -0.278652 6.905602 -7.710474 0.996786 
1.039799 0.485622 0.343706 1.175537 -4.205258 5.488589 11.859087 
0.589256 0.423230 -0.055955 0.428740 1.588145 7.258114 -6.283736 
0.193774 -1.019816 0.535517 0.508566 -10.506041 -15.053973 11.886076 
0.204408 0.365760 -0.143541 0.094116 7.730144 -0.132894 15.601116 
0.203976 -1.317731 0.220618 -0.172729 -3.686899 -3.652174 -13.655285 
0.100379 -0.293499 -0.082474 0.369746 -0.173725 9.041103 3.763680 
0.224716 0.017508 0.079536 1.533293 -7.722292 10.303454 4.791330 
0.736908 0.123924 1.248360 0.852724 -6.431335 6.319480 3.354217 
0.183623 0.972626 0.357656 -0.797153 0.746841 -1.696087 6.021219 
5.763363 -0.551186 -0.617637 -0.068726 3.343548 11.268740 3.784754 
0.155563 0.777828 0.817887 0.566152 8.736804 12.384316 8.689162 
0.205052 -1.222670 0.485338 0.631871 -12.558697 -11.178948 6.483241 
0.256881 -0.584164 -0.919892 0.494134 -3.742580 -0.062672 15.910887 
0.383592 0.057918 -0.856987 -0.255732 -2.887139 0.473551 -17.596966 
0.115189 -1.196305 1.524512 0.214103 -7.323844 6.226218 16.151587 
0.144188 -1.179492 0.277712 0.057847 -16.650051 7.183030 -10.346247 
0.208231 -1.177714 0.574751 1.236556 -8.346660 -1.548976 7.121638 
0.523071 -0.323776 -0.223904 0.398917 12.734275 1.760231 13.509138 
0.460238 0.415795 -0.035985 1.570383 10.715872 1.099547 -2.954300 
0.500482 -0.320508 0.626743 -0.068800 -14.621659 -4.562512 15.910044 
0.190881 1.122265 0.500227 1.714525 14.957883 -2.493254 6.315241 
0.095002 -0.104941 -0.392870 0.027027 11.010639 -1.450935 12.728465 
0.282526 -0.230471 -0.103302 0.631776 -20.565985 1.749696 6.774656 
7.200905 -1.035720 0.395506 0.961832 -11.330155 4.223820 -7.279894 
0.639887 -1.021105 0.112226 -0.336114 2.837151 -8.582488 -8.558989 
0.088337 0.035466 -0.601522 0.033724 -6.237584 -4.103969 0.670656 
3.427020 0.649471 -0.204495 0.787556 -3.296531 5.136953 -1.886510 
0.286232 -0.684308 -0.508969 0.705325 -6.295295 3.823192 9.219421 
0.111446 -0.911080 0.711001 0.884189 -10.827418 -0.543282 -3.281117 
0.194955 -0.971802 0.255923 0.229743 -18.408114 -3.544470 -5.499886 
0.190041 -0.797599 0.301824 -0.203572 6.262235 8.065198 -2.296007 
0.170109 -1.142412 -0.124073 0.307316 4.560991 -11.015730 -2.409040 
0.162386 -1.005000 0.399422 -0.003164 -5.449202 2.018937 -9.689884 
1.166044 1.154916 0.492457 2.087604 3.688812 12.959311 13.517465 
0.584740 1.230155 0.050227 0.407490 -6.938096 -3.189880 -1.584837 
0.396613 -0.542398 -1.239163 -0.986839 -8.816109 5.158008 -4.896936 
2.418064 -0.613420 0.396420 0.005131 2.495791 -3.616133 4.509903 
1.010429 0.701833 -0.128288 0.213612 13.939640 -6.659875 -2.043247 
2.532142 -1.018382 -0.172267 0.050660 15.239056 -4.567529 3.732812 
0.107929 0.387092 0.374804 0.552138 -5.186969 -14.543266 -8.112993 
0.167175 -0.367546 -0.038499 -0.435188 8.912278 1.433495 15.442177 
0.254952 1.565525 -0.604825 -0.856893 3.656663 5.787384 -7.114923 
0.429694 0.767257 0.635078 0.729750 7.190081 8.722093 -5.211938 
0.496826 0.506871 0.088520 0.745245 17.197656 -2.566647 12.421469 
0.121547 0.485900 -2.262929 0.223212 -2.702463 -18.363331 -2.632808 
0.215928 -0.443986 1.234690 -0.134574 -3.322235 8.323354 -7.504958 
0.270339 -0.618125 -0.175889 -0.047512 -7.612954 -20.985721 -11.486357 
0.080083 0.202826 0.160942 0.678608 11.154287 -3.011216 -8.408821 
0.272801 0.320908 0.096074 -0.274645 -15.266574 11.179187 -4.107264 
0.248941 0.381370 -0.302371 0.231290 12.526239 10.276170 -13.964456 
0.198171 -0.257896 -0.498120 -0.314137 -5.288888 8.494358 -3.923912 
0.125940 -0.377687 1.239878 0.073421 -7.207475 8.845256 -5.177748 
0.397489 0.175129 -0.051396 0.178625 -6.222527 9.920719 -11.041033 
0.109822 1.957780 0.245330 -0.409668 13.763797 -0.865860 -8.508944 
1.950578 -0.166474 -0.278378 0.535992 6.288013 -7.579797 9.348082 
0.085723 -0.283865 0.679340 0.765111 -3.023710 2.797095 5.538064 
0.261677 0.163804 0.401861 0.665308 -7.218395 -4.431573 7.308945 
0.410668 -0.024033 0.666552 0.894871 6.482017 -11.307077 0.142592 
0.278253 0.462325 0.092086 0.859293 -0.111537 12.227074 2.616684 
0.362834 -1.189331 0.818192 0.472229 -9.638836 9.921848 1.188901 
0.191416 3.769641 0.682088 -0.350438 26.294152 11.869609 -4.281535 
0.204516 0.981588 -0.434328 -0.711000 3.143563 3.288918 6.143445 
0.119244 -0.203602 0.183555 0.609574 -8.325823 -19.638343 -1.506135 
0.394798 0.091211 -0.221636 0.323154 2.019600 0.121436 8.701912 
0.108074 -0.061065 0.765072 -0.738025 -3.983927 5.646858 -0.241323 
1.687457 1.797096 2.818742 0.328676 12.202243 13.342844 6.555288 
0.142585 0.002586 0.490119 -0.006623 2.471142 19.729683 11.154440 
0.999592 -0.810441 0.711602 -0.378226 -8.490773 1.628275 6.247188 
0.835224 1.357239 0.465572 -0.003360 -1.972852 14.162345 3.183615 
0.133760 -1.194263 -0.766239 0.477145 -1.923657 5.089480 9.662735 
2.914902 0.961966 -0.614477 0.206131 2.299110 -3.444853 1.531764 
0.289537 -1.049152 -0.579874 0.034603 -7.500949 5.118338 -3.438297 
0.111589 0.076812 0.045889 -0.080876 -5.321044 -2.391923 -14.040673 
0.666435 0.146721 1.183853 0.624526 0.690682 4.753558 6.285707 
0.118124 0.161472 0.241047 0.511101 4.348678 15.880648 -5.280826 
0.082017 -0.721193 0.615025 -0.042334 -9.177949 -0.821932 -7.947705 
0.384643 0.300799 -0.100452 -0.143354 11.933131 11.222857 4.008984 
0.170390 -1.073449 0.424476 0.993111 -8.201549 -12.675194 3.203666 
0.164634 -0.284683 -0.349432 0.762561 1.728244 -6.551542 7.057616 
0.710018 -0.808244 1.308625 0.753094 1.056220 1.514009 2.852719 
0.490174 -0.349104 0.455281 -0.584446 -1.509282 13.941199 -0.904119 
0.209872 -0.589035 0.622770 0.584325 -1.930938 13.505714 -11.638160 
0.191407 -1.664506 -0.907518 -1.579111 -1.894844 0.451281 -10.878991 
0.086220 1.161098 -0.167360 0.692155 2.610646 -2.929163 9.729335 
0.253249 -0.610882 0.991368 0.568722 -16.893514 15.175299 6.796016 
0.443660 -0.110400 0.498871 0.201855 -11.618770 -1.289918 5.175823 
1.478874 -0.229188 0.896482 0.403299 -15.736453 -4.332634 -1.921765 
0.997008 -0.962697 -0.422749 0.055996 -18.198534 -4.406987 -1.305560 
0.119733 -0.424799 0.415357 -1.177560 5.733942 -6.671453 1.235460 
0.155712 -0.644611 0.185539 0.339802 10.547056 11.789616 -15.638707 
0.248140 1.504715 0.276604 0.132384 7.245742 4.835459 2.759357 
0.211986 -0.953035 -1.251655 2.258553 -7.058819 -9.014060 5.551367 
3.164370 0.036974 0.612905 0.543619 -9.831716 -0.783975 15.645746 
7.811175 -0.030159 -0.272682 0.110001 -0.574548 -16.807138 7.295234 
0.119711 0.108741 0.040689 0.737678 9.092757 1.335625 -3.642797 
0.081905 -0.388014 1.847744 0.414794 -6.979064 2.936152 1.929939 
0.128974 -0.842151 -0.506860 0.199716 -7.325932 -4.605058 -8.639079 
0.098410 -0.547964 0.407160 -0.063551 3.503481 7.109983 8.126154 
0.208666 -0.262402 0.456089 1.234476 7.907482 12.648002 8.686947 
0.338702 0.180325 -1.056879 0.989001 8.859493 -2.367257 12.482644 
0.270406 -0.049363 -0.489115 -0.907797 11.486772 3.267493 0.507374 
0.261780 0.140952 0.106613 0.362713 1.585338 -7.649231 11.353403 
0.198271 -0.470284 0.664352 -0.369694 -20.850397 9.179691 -9.245203 
0.547947 0.535407 0.445178 0.472093 6.589124 8.025444 -0.675072 
0.084496 -0.581219 0.619276 0.748336 -3.897202 -16.321298 7.331781 
0.547853 0.313849 -0.709776 -0.019078 -3.631153 -2.296198 -3.058418 
0.124445 -0.442572 0.672171 0.392566 -15.982277 11.202972 -5.734383 
0.573077 0.038515 0.269636 -0.062672 -0.842013 -5.865493 12.833043 
0.415176 0.351319 -0.717873 -0.021944 -0.246503 -1.759124 10.497826 
0.878922 -0.337742 -0.351494 -0.722383 -8.173113 -14.433263 7.227817 
0.094683 -0.407926 0.667347 -1.417578 -0.094096 -7.042973 0.233731 
3.025229 -0.568705 1.748137 -0.253366 7.980978 5.099255 -4.282371 
0.102725 -0.750203 -0.647690 0.227886 -2.365436 -7.201876 14.152475 
1.385436 -2.045014 0.655784 0.616548 -5.749622 12.284216 5.454598 
0.188343 0.872758 -0.445241 0.689075 -1.325550 0.767460 9.527655 
0.308804 0.448749 0.354831 -0.403958 4.280649 -13.047618 -10.292121 
0.266901 1.545210 0.967412 0.402904 13.497418 -2.554144 2.337871 
0.352073 -0.192429 -0.297588 -0.755549 -12.307962 -0.477276 11.386052 
0.588656 1.028520 -0.843859 -1.411424 9.821297 -2.318193 -3.498024 
0.105091 -0.227192 0.451688 -0.042404 2.315562 7.843214 -8.520456 
0.147682 1.002623 -0.334244 -0.132609 1.913246 -6.065203 13.864710 
0.179358 -0.752790 0.655311 0.200314 -9.794905 6.053552 10.942816 
0.522896 0.414597 -0.957749 -0.091560 -4.329336 -5.486764 -2.591632 
0.141510 0.843576 -0.480796 -0.238633 0.790518 0.267840 5.068194 
0.105633 -0.064806 0.162274 0.510922 4.732444 1.469358 12.640776 
1.115389 -0.002548 -0.170987 0.505654 -10.313837 6.055137 10.943999 
0.100224 2.183143 -1.523550 -0.339253 7.060213 -8.994726 -9.748516 
3.043771 1.576164 -0.407251 -1.927748 7.917669 -2.455680 -4.229141 
1.677124 0.294954 -0.428809 0.041722 -2.499533 14.053713 -12.226742 
0.154714 -1.697923 -0.711593 -0.455530 1.677396 -2.386491 -2.949773 
0.509531 0.299110 0.326442 0.147152 -9.775781 1.884614 -6.569985 
0.118595 0.222786 0.049178 0.466044 -16.109601 10.024957 -7.679694 
0.192470 0.925430 -0.353850 0.543030 -1.958200 -2.936944 2.299875 
0.156661 0.071970 -0.217735 1.577879 0.619269 12.641444 4.904611 
0.269171 -0.620536 0.258504 -0.238557 -19.282195 4.681510 9.365891 
0.275015 -0.954785 0.317003 0.023743 -7.999365 -5.368634 -4.494182 
0.133107 -0.932892 0.206484 0.902010 -9.282222 -1.264733 11.135408 
0.116244 0.274828 -0.891536 0.203452 -7.538000 1.094594 -2.417792 
0.262815 -0.610580 -0.896458 0.240026 -5.497145 -1.812924 -10.809899 
0.152197 -1.100473 0.411259 -0.958977 -17.291370 2.977021 2.144538 
0.591538 0.462459 -1.209824 -1.658632 -3.337067 -4.279623 -16.231432 
0.273814 0.162422 0.482584 0.248983 12.174033 19.836291 2.456562 
1.296377 -0.165382 0.048155 -0.284252 -2.234505 -5.327465 -0.202422 
0.625099 -0.023860 -0.018000 1.167633 -1.595644 11.106835 12.661071 
0.953431 -1.558516 -0.616799 1.591253 -4.514672 -1.801108 12.348771 
1.362864 0.141699 0.059998 -0.229565 10.149989 -13.297743 -2.739140 
0.388981 -1.056378 0.064232 0.647579 -10.690180 -4.719225 -2.016346 
0.178332 2.257280 -0.224554 0.113467 17.182131 5.927183 6.911014 
0.372184 -0.468786 -0.527226 0.153298 6.540741 3.551777 -13.751053 
1.884918 -1.504887 0.137914 0.244976 -3.553622 -0.991007 9.391801 
0.093160 -0.779103 -0.590987 -0.445505 8.274652 0.759885 8.102264 
0.093696 0.629296 0.266940 0.610103 -2.616916 12.858393 1.279310 
0.080850 1.776467 -1.679312 1.496518 3.620638 -14.364534 9.656646 
0.277717 -0.076953 -2.176574 1.544953 0.897731 -4.338337 13.209953 
0.330199 -0.526843 0.739100 0.105573 4.446005 -3.888570 -13.731303 
1.020862 0.646480 -0.048523 0.282868 -1.168806 -13.931481 -1.867284 
0.554068 -0.781351 0.231396 0.131719 -4.648789 -2.133369 -15.224581 
0.410517 -0.059759 -0.143431 0.774641 -19.045583 2.309316 -0.144712 
2.241100 -1.392463 0.550716 0.164294 -3.586632 7.353113 -7.573437 
0.769947 -0.170431 -0.130272 -0.666725 9.612301 8.559833 -10.534985 
0.085466 -0.783644 -0.755431 -0.170835 -16.480599 -6.490729 3.272681 
0.645582 -0.328426 0.068618 -0.537502 4.575973 -8.954352 -4.205764 
0.291207 1.880701 0.026221 -0.658666 13.046333 -1.630420 -3.889720 
0.780826 0.692640 1.894573 0.446019 -7.814212 12.968329 4.348254 
0.178041 -0.220567 0.397927 0.620539 -0.438626 -1.254597 -3.165813 
0.111657 0.056888 0.484732 0.641955 -16.761764 2.496862 -0.615574 
0.141933 0.007085 -0.303700 -0.283222 11.275189 -0.621527 -6.493975 
0.503658 -0.551583 -0.650832 1.074192 -10.689451 -6.260648 11.004777 
0.266518 0.030039 -0.877898 -1.044056 -12.922583 -2.215344 -2.131759 
0.136578 1.246768 0.373885 0.436994 5.385570 4.216043 -0.969911 
0.126498 -0.863799 -0.672783 -0.491769 -0.404675 -6.253876 0.778658 
0.081261 1.969639 0.301060 0.150245 9.714524 -11.133290 -0.163356 
0.167252 -0.154000 0.113918 -0.062523 -0.003528 3.683194 -9.283280 
0.607244 -0.559557 2.252073 0.508188 0.726802 4.248182 -1.416947 
0.266741 -0.878263 0.020312 0.864036 -1.833951 -9.858992 7.569821 
0.157175 -1.010461 -0.727197 1.635054 -19.283728 -2.061928 5.622556 
0.366807 0.423604 -0.173441 -0.559652 3.156504 10.558925 -1.164134 
1.030213 -0.251337 0.069132 -0.343336 -11.102722 -6.250281 -24.027255 
0.140945 2.014974 0.968343 0.554703 6.596922 -1.140765 9.090364 
0.288794 -0.746223 0.418620 -0.607963 -6.115800 8.395358 2.769156 
0.182724 -0.857859 0.251734 -0.340385 1.464383 -16.734778 -1.212998 
0.115248 -1.403559 1.070843 0.508997 -1.628060 -1.531305 7.073686 
1.012019 0.015434 0.566482 -0.233054 3.163535 11.900930 -10.475028 
0.292049 -1.620555 -0.975290 0.616399 -1.899695 -12.622214 6.538114 
3.273691 0.052106 0.048706 0.366537 -0.045346 -0.862130 -11.185335 
0.507219 -1.197424 0.326058 1.233285 -8.637007 -12.752883 8.972693 
0.325723 -0.681275 0.523003 -0.301790 11.571120 -2.068631 -15.337164 
0.153073 1.261656 1.184028 -3.123365 10.890193 0.221632 -26.254235 
0.229855 0.619875 0.356246 0.065572 -1.128596 -2.871968 -7.658047 
0.196589 0.057408 0.364328 -0.076058 -4.319964 6.639633 16.270711 
0.095001 -0.363316 0.332077 -1.016737 -7.774692 2.392875 -0.292322 
0.458870 -0.601068 -0.221242 -0.056450 12.058686 13.742574 4.888847 
0.085890 -0.420060 2.161493 1.242516 3.391548 6.931936 15.218128 
0.170408 -0.960973 0.456129 0.274623 -8.131038 0.802062 7.884841 
0.130084 0.038141 0.437130 -0.010927 -6.099078 15.654163 -3.438363 
1.384359 0.066243 0.452880 0.631841 7.638321 8.919808 0.461984 
0.642711 -0.108604 0.338945 0.220620 4.597871 -2.425994 7.714592 
0.176254 0.114209 0.489485 0.673266 15.231567 18.087984 1.637937 
0.156623 -1.337782 -0.327643 0.490458 -6.870272 9.263100 2.711568 
0.874755 -1.129240 -0.175378 0.317729 -21.635071 -9.251974 -1.905348 
0.628183 -0.266198 -0.312830 0.784011 -0.876444 -8.536767 -5.793893 
0.127719 0.669780 -0.431641 1.292526 -7.401658 -2.718080 15.828159 
0.209256 -0.576836 0.311644 0.028698 -5.937684 11.332079 -16.246535 
0.393003 0.424683 0.291118 -0.193929 -15.697997 1.206545 -3.940962 
0.395444 -1.310021 -1.551167 -0.164821 -0.483202 -2.807384 5.731783 
0.150757 0.841520 -0.859262 1.228355 13.194369 -2.184515 5.885776 
0.613619 1.248718 -0.109278 -1.721615 9.151718 -5.387349 -11.246457 
0.371705 0.369664 0.853615 0.579808 -11.463882 13.133617 0.317733 
0.128172 -0.396020 0.912449 0.963084 -8.293697 2.920184 12.506942 
1.227367 -1.364862 1.819843 0.863409 -2.869794 13.937458 8.256315 
1.287495 -0.296044 0.456491 -0.286243 1.691244 7.401918 -0.028576 
0.285623 -0.787610 -1.080868 -0.481277 3.011365 -9.935400 -5.087391 
0.186793 -1.204943 3.409034 -1.139529 -10.403680 28.294779 -14.501551 
0.151928 -0.543194 -0.277050 -0.095425 -23.957701 -1.150572 5.823021 
0.107729 0.213699 -0.224915 -0.341340 -4.074377 19.900541 -0.532511 
0.789450 -0.233916 -0.109616 -0.022117 -5.211987 -21.126209 -14.840189 
0.417882 1.205823 0.084411 0.063246 0.815526 -3.936239 15.026509 
0.415458 -0.331940 -3.063283 -0.426231 -5.628948 -15.375983 3.472538 
0.510419 -0.527738 0.913902 0.423169 -17.963755 8.834383 -3.179222 
0.130425 -0.438305 -0.152453 0.281196 -12.515606 8.747213 -14.314437 
0.312402 0.343013 -0.386776 0.043678 4.350277 -25.060054 1.907896 
0.489643 -0.041726 0.548886 -2.612528 -3.737728 5.722969 -10.629521 
0.449688 1.040460 0.817965 0.904077 6.337501 13.114626 -5.296866 
4.640213 -1.583787 -3.631513 -4.498860 -7.615867 -23.358090 -33.128499 
0.102329 -0.041067 0.531077 1.260684 4.479857 16.050549 2.964837 
0.088752 -1.297963 0.716465 0.041410 -0.709031 10.410030 -11.429775 
0.124181 0.646593 -1.183921 0.313192 2.888855 -1.496087 -5.695106 
0.142677 -0.791043 -0.053506 -0.316751 -16.979250 8.006710 6.557397 
0.646196 -0.557532 0.639886 -1.075494 5.926549 -7.126564 -9.611240 
0.112694 -0.403226 -0.813965 -0.215521 2.623581 -5.485807 -13.133676 
0.176104 -0.560540 -0.408561 0.296164 -14.280772 3.658209 -17.471436 
0.106965 -0.610444 0.202424 0.973945 -1.110934 8.687537 5.116372 
0.330430 -0.722248 0.361455 0.130314 7.002921 -15.539330 0.275356 
1.059937 0.769235 -0.239624 -0.690493 -1.119686 0.147347 -3.390301 
0.446854 0.001770 0.258220 -0.493258 -7.395630 -10.625761 8.327243 
0.249843 -0.829749 1.149369 0.703022 -10.576428 5.683149 -1.175807 
0.126972 -0.188301 0.288625 0.080141 6.051627 8.654612 17.823185 
0.148713 0.530825 0.261836 0.672301 3.883279 1.269501 -4.501677 
0.153845 0.988328 0.889277 -0.345325 -1.625333 0.928802 -1.759145 
1.523067 -0.148145 -0.675253 0.203916 1.231238 -3.303252 -2.928041 
1.665441 0.205156 -0.010064 -0.805162 -4.558683 16.091648 -3.865145 
0.167356 -0.001328 1.074316 0.761096 -11.509554 8.093074 5.446107 
1.433413 2.539159 -1.812594 -0.038963 9.112734 -14.478989 1.552939 
0.264805 -1.141493 -1.250420 0.317487 -9.234231 3.103277 4.122368 
0.110793 -0.118641 0.915248 -0.613974 -1.141378 5.565203 -7.736092 
0.180061 -0.314223 -0.132097 0.376208 1.012660 -13.510484 2.641922 
0.195410 -0.152374 0.209895 -1.589759 0.131294 0.403720 3.737924 
0.091610 1.413740 0.593366 0.905942 -1.335457 -0.434680 12.891632 
0.100160 -0.623522 0.550972 0.607087 -4.775743 18.698769 7.393525 
0.329612 -0.419425 0.338165 -0.132365 5.896729 9.144954 -17.849694 
0.174903 -0.767560 -1.428805 -0.396592 -9.904303 2.976162 -6.193142 
0.088879 -0.808441 0.492424 0.296676 -12.187583 3.968169 0.941362 
1.382242 0.306760 -0.775496 -0.935654 10.960567 -6.749290 7.558690 
0.137418 -0.961547 -0.261546 -0.108935 -14.264984 0.909526 7.018921 
0.550522 -0.423917 -1.231894 0.508191 9.646008 -5.343672 8.178272 
0.977405 -0.956781 0.652817 -0.177639 -6.834329 -11.415930 7.266994 
1.078071 -0.099825 0.195666 -0.511099 3.962829 -17.005911 -4.937567 
0.158053 0.954786 -1.997457 0.019980 12.132157 -13.037091 1.843202 
0.173348 0.250846 0.613275 -0.061580 -2.474882 15.343998 3.094664 
0.082934 0.825748 0.176657 0.050792 -1.818689 7.569611 -16.048407 
0.136636 -1.012758 -0.320319 1.063015 -4.403156 0.867007 1.858728 
0.143734 -0.746346 0.148697 -0.253017 -24.485028 -1.434550 6.876941 
0.441192 0.184788 0.448676 -0.050218 10.720935 -4.729730 8.631770 
0.419927 0.432783 -0.648858 -0.418326 8.405017 2.233307 -9.281786 
0.233936 -1.070377 -0.185344 0.054454 -0.965299 -12.694042 -21.460106 
0.472655 -0.232044 -0.549925 -0.419759 8.150863 1.910275 4.892892 
0.114863 0.160938 0.168350 -1.052831 9.110420 -3.600698 -1.982912 
0.090134 -0.334268 0.363140 0.000598 -15.016173 -9.859001 1.357760 
0.541043 1.899952 -0.288855 0.483333 10.341592 -1.768671 11.359267 
0.282572 -1.166904 0.055389 0.765572 -1.045198 8.504555 4.347720 
0.115642 1.107302 -1.090957 0.055745 -1.094089 -2.418405 0.059332 
0.081355 -1.941469 0.601370 -1.083790 -16.210206 7.739084 1.334665 
0.367829 -0.520538 0.232549 0.375196 -1.224811 22.679707 -5.706024 
0.139629 0.067175 -0.887376 0.121753 6.423841 4.350919 2.654670 
1.352784 0.407059 0.059379 -0.146628 2.187636 8.143116 3.883079 
0.125255 0.462946 -0.642591 -0.326602 3.984431 -8.848230 6.501516 
0.401327 -0.196464 -0.700914 2.324373 -1.390803 -1.084135 9.317550 
0.285734 -0.909502 -1.706863 -0.147142 5.366044 -9.263114 4.657907 
0.395651 1.392125 -0.498856 -0.018811 5.881848 2.388092 4.306025 
0.293098 -0.791879 0.195397 0.318601 -16.485995 12.770535 -13.148109 
0.087827 0.426731 0.279105 0.485769 11.813511 -12.023427 -2.516527 
0.145431 -0.472466 0.462235 -0.786173 11.797810 12.480391 -7.163531 
0.180115 -1.599117 0.902534 0.249204 -6.506772 -0.563373 10.266345 
0.096200 0.034663 0.211574 0.058956 -1.902667 11.563492 -3.090541 
0.666776 -1.440152 -0.661207 1.496015 -9.909322 -1.178789 6.976358 
0.204329 -0.538570 -0.482734 0.392771 -9.444819 -3.558663 -4.580365 
0.115895 -0.285480 0.576575 -0.669973 -8.283216 0.820309 -11.328775 
0.093908 0.188608 0.149543 0.671115 2.962782 17.938019 9.957783 
1.218377 -0.330306 0.747176 0.143898 11.658089 6.715165 -16.110604 
1.577937 -0.948508 -0.255758 -0.117854 -11.671334 -3.310840 -2.915387 
0.624013 -0.460062 0.107602 -0.499120 -5.292848 11.420884 -5.534011 
0.094581 0.638507 -0.182875 0.230725 -6.364158 -13.604661 -5.464515 
0.082735 -0.102811 0.530477 0.585357 -2.715141 -1.866257 19.175461 
0.117562 -0.194850 -0.350771 -0.867342 -11.330180 13.466079 -5.161421 
0.104059 -0.045839 0.262203 -0.528897 -6.608195 17.748774 0.601785 
1.175398 -0.977454 -0.659643 1.433088 -14.648150 -8.167464 2.038871 
0.164169 1.382065 2.123655 -1.047299 6.420334 4.064268 -9.949216 
0.291452 -0.169189 -0.404596 -0.383884 7.996150 -4.068977 4.597935 
0.206673 -0.885526 -0.918011 -0.297704 -1.620799 -0.792820 -5.760635 
1.289324 1.367915 2.228680 0.681444 13.059935 17.178553 -5.150792 
0.086315 -2.245032 -1.066322 -0.424679 -21.779178 -9.214549 3.170695 
0.235153 -0.064608 -0.765283 -0.137911 -1.768440 -1.164823 -9.678957 
0.115719 1.564310 -1.437932 -2.169421 13.454895 -11.493092 -10.397818 
0.363410 0.189813 0.643649 0.467868 -5.378882 14.520600 4.081921 
1.751386 1.206901 -0.274712 0.263686 -6.031114 -4.285728 8.608530 
0.207984 0.096510 -1.049125 -0.271662 5.740844 -4.479432 -5.226196 
0.102911 0.903259 -1.182427 0.418207 5.702284 2.434549 11.372677 
0.178659 0.185538 0.201356 0.356933 4.814147 -18.494644 -4.955508 
1.266026 0.005062 -0.254243 0.259776 -10.141400 -21.069217 14.639298 
0.304509 -0.548387 -0.417333 -0.359008 -14.463775 2.170058 -7.068069 
0.111776 -0.357203 0.213553 -0.112742 8.842601 -4.328888 6.049941 
0.518423 -1.637856 -0.801125 2.145761 -7.347903 -12.420052 15.801523 
0.412206 -1.177636 0.453787 0.502134 -17.778991 13.557251 -8.882689 
0.151101 0.144834 0.633303 0.569286 -7.718013 5.551964 16.199717 
0.220913 0.021164 -0.004436 0.218033 -5.313878 -20.738750 -0.156721 
1.412488 -0.074484 -0.250237 0.017109 -6.420005 8.331920 17.186837 
13.278585 -0.815918 -0.233380 0.167834 -3.883368 -8.458983 -7.357635 
1.463321 -0.685251 1.135247 0.626719 4.039324 11.073414 8.631882 
0.120159 0.662821 0.609729 0.552160 -2.236888 14.530201 -6.055764 
0.365350 0.082636 -0.484519 0.253998 1.946852 -7.052200 -9.892808 
0.105973 -0.123588 0.432959 0.978405 4.485579 14.288750 13.613149 
0.295892 0.061151 0.645845 0.718775 5.649245 13.795962 1.682904 
0.206326 0.199073 0.291416 0.375316 7.132799 -2.595517 2.857641 
0.093712 -0.857068 0.616821 0.047440 14.952045 -2.636750 4.463248 
0.095148 -0.229656 0.825179 -0.084482 -12.886091 0.442848 -15.617681 
0.206538 -1.349007 -1.303488 0.542296 -16.394039 -0.394568 2.901933 
0.086877 -0.527014 -0.218932 -0.561511 -11.859895 -5.134177 -13.239225 
0.089099 -0.447899 -0.951012 0.587361 -4.575502 -3.143370 -10.080762 
0.510706 -0.930541 0.817321 0.928452 2.703693 3.468065 10.961894 
0.209703 2.331438 -1.008117 -0.795149 11.753156 -0.564218 -2.005123 
0.558090 -0.531958 -0.308214 0.358143 -6.906059 -21.717726 2.936714 
0.094925 0.211422 0.326022 -0.459617 -2.220407 10.032143 4.634020 
0.169485 0.105915 -0.535631 -0.253355 -1.425727 -4.025818 15.767061 
1.190304 -1.443550 -1.598955 0.543355 -1.815573 -8.100676 2.360041 
0.229716 -0.903791 -0.545940 -0.169608 -5.627368 14.473524 2.033107 
0.590880 -0.954342 0.475274 -0.248848 1.842306 9.525718 -1.022936 
0.480535 -0.907264 0.304502 0.278920 -20.038913 0.561919 2.373050 
0.234429 -0.927737 -0.169059 0.373223 3.778212 3.194361 16.127197 
0.582021 -1.408386 0.897788 -1.269829 -4.237128 5.565390 -11.927103 
0.189197 0.104223 -0.228568 -0.109392 -12.629228 12.218363 13.670218 
0.259575 0.478486 0.243257 -0.872193 13.463620 -2.579804 5.930486 
0.447006 -0.948028 0.921431 -0.344737 -0.899635 5.558898 -1.727840 
0.147887 0.444881 -0.225431 0.297901 5.354213 -10.583024 -4.714328 
0.231699 -0.047481 -0.695317 0.460280 2.298276 -7.101431 3.173557 
0.453708 0.163336 -0.081043 0.435476 -8.397426 12.337408 -1.397203 
0.920339 -0.335043 1.363524 -1.283634 7.144104 4.402987 -2.945699 
0.955703 -0.286076 0.257177 0.946431 -1.816485 -7.632377 8.689687 
0.084577 -0.345799 -0.323950 -0.422427 -3.026928 -9.738818 11.925391 
0.160624 -0.057424 0.800750 0.866953 1.398686 -0.950269 3.658357 
1.172148 3.453110 -0.146266 -4.256807 27.101522 -3.822267 -42.324327 
0.760534 0.389747 2.725118 0.989626 7.302910 11.742482 14.490677 
0.114553 0.604873 -0.612871 0.565648 14.808122 7.247277 2.015080 
0.117572 1.424499 -2.173343 -0.310349 7.105593 -18.675722 -4.272628 
0.762149 2.737827 4.144997 -2.243435 22.161138 30.874068 -8.412088 
0.232792 -0.316593 0.557175 0.065105 -21.642890 18.077149 9.884573 
0.215009 -0.110292 -0.488394 0.395510 1.031813 -7.026647 3.874461 
2.204810 -0.173630 0.781010 -0.032625 -0.276905 -3.097179 -0.429610 
0.129032 -0.569283 -1.839846 4.639187 3.234724 -17.065756 34.334850 
0.374042 -0.128685 -0.042074 0.051199 -25.398602 -10.689823 7.021104 
0.205433 -0.976109 1.080590 1.016807 -11.537780 10.700851 -8.830479 
0.160079 -0.890754 0.637248 0.218253 -13.757042 16.003560 -7.182564 
0.136090 -0.857047 -0.082747 0.741742 11.700059 -10.651794 9.422260 
0.119841 0.120566 0.890383 1.179591 -6.913374 1.231822 10.546022 
0.201503 -0.933997 -0.859210 1.932543 0.672596 -8.181635 3.466140 
0.611073 -0.832020 -0.305492 -0.473007 -11.757433 4.037359 -8.260686 
0.115016 1.256262 -1.116191 -1.994406 6.045830 -11.853184 -6.045057 
0.399244 1.185362 -1.241413 0.677710 5.949420 -4.094833 7.027792 
0.131342 -0.491660 0.369573 -0.887325 3.922237 10.239415 9.051388 
0.174201 -0.033402 -0.021162 1.784551 -2.181671 14.112416 9.629473 
0.089275 0.844561 -0.139275 0.034576 2.154420 -4.489033 5.414255 
0.438872 0.428527 0.397577 -0.164560 -1.270041 10.696607 -15.471788 
0.085636 0.287381 -0.461006 -0.105242 -10.256837 -0.278725 2.482503 
0.582912 -0.598575 0.328561 0.066232 -5.834550 2.297056 -1.681191 
0.240412 -1.764704 -0.100838 1.491330 -2.587363 0.466434 15.879055 
0.226021 -0.238369 0.286210 1.202660 -17.053430 -0.010725 2.906817 
0.107205 -0.673801 -0.335764 0.382192 -7.881211 -2.906614 14.042812 
1.102835 0.326305 0.234120 1.208591 2.364283 3.402209 3.880446 
0.266126 -1.352333 0.621498 -0.791985 -10.450789 -4.357713 -5.027235 
0.409423 -0.681528 1.461159 -0.732061 -9.413654 -1.408586 1.273684 
0.089384 0.766508 -0.694816 -0.389753 4.746555 -10.910640 4.677130 
0.113871 0.222898 0.086965 0.347047 -2.774901 12.979638 14.085234 
0.746267 -0.204415 1.655238 -0.553473 -4.089656 -3.346022 -4.638244 
0.219386 0.293039 -1.562632 -0.589905 12.116520 -6.270923 -0.188845 
0.439077 -0.966760 0.316108 -0.699460 -13.395674 2.158125 5.382857 
1.444015 -0.338328 0.306897 0.013077 -14.532113 16.956540 4.441536 
0.102731 0.635754 -0.156481 0.377439 -2.798500 16.604720 -6.399359 
0.202560 -0.123768 -1.356970 -3.145338 6.664106 -9.590568 -35.623159 
0.091773 -0.044007 -0.237153 0.107523 10.636601 -28.783324 13.453460 
0.159646 -0.757216 0.051810 -0.517930 4.772712 -9.938540 10.436512 
0.210510 -0.759175 -0.251531 0.575017 5.822649 -9.157406 0.775816 
0.129464 -0.072629 -0.335162 0.064324 20.608536 -4.896547 30.117568 
0.235395 -0.192099 0.632466 -0.180258 6.427479 15.412765 -11.175001 
0.392760 -0.646031 -0.548994 -0.032108 -13.046985 -5.891954 13.728460 
0.340464 0.211225 0.950000 -0.436546 1.453478 4.468035 14.297644 
0.558675 0.927360 0.544040 -0.400473 1.347498 10.035245 -7.693324 
0.269181 0.872678 -0.953977 1.343993 3.917501 -0.329213 9.808354 
0.080832 0.268508 0.773193 1.492634 -2.037213 -1.741427 10.749078 
0.161454 -1.153567 -0.106613 -0.533499 -12.094889 4.641100 0.023729 
3.272843 -0.377713 0.395691 0.041939 -0.862523 2.973665 12.095024 
0.126733 -0.435283 -0.815984 -0.049564 -18.365075 2.190410 3.658102 
0.147442 -0.693853 -3.108230 -0.494718 -2.360865 -20.819520 0.986521 
0.234874 -0.626228 0.440516 0.693901 -3.453489 -7.783906 14.032066 
0.088322 -0.381549 0.647524 -1.441173 -10.949032 4.644236 -3.443071 
0.124823 -0.613364 0.361983 0.429431 -10.491128 10.014203 18.620591 
0.134972 1.065868 0.924572 0.273556 -0.041859 0.292221 -4.594666 
0.114632 -0.476842 0.808225 -0.103002 -6.907654 3.298659 -6.862152 
0.145861 0.151120 0.467673 -0.344404 -0.116720 16.097839 -8.139255 
0.263366 -1.434429 -0.616876 1.811431 -10.497904 -2.351229 27.284126 
0.973808 -0.762204 0.866575 0.068143 -8.109242 3.899526 1.980195 
1.966409 -0.457472 0.393042 0.020068 -0.784036 -2.117583 2.416372 
0.137245 0.364624 -0.046547 0.252477 -1.991906 1.159331 19.026553 
0.175886 -0.132358 -0.282574 0.693774 5.575617 2.193316 5.783108 
0.427154 -0.089189 -0.740797 0.273013 7.851331 -1.268217 -11.614461 
0.305641 -0.143556 -0.767103 -0.084788 6.870876 -4.230053 9.756047 
0.126873 -0.260281 0.361576 0.223859 -10.708218 11.325884 -5.604600 
0.202129 1.478398 -0.362673 1.929648 1.786607 1.813996 15.125697 
0.103947 -0.238763 1.077681 0.320576 -17.574286 -2.083785 6.035689 
0.160192 1.206575 -0.294522 0.660805 7.217925 11.587419 1.128175 
0.087931 -0.406408 0.266384 0.975477 6.183289 11.317813 10.053232 
0.201166 -0.899952 -0.684930 0.849122 -1.435059 -4.711471 2.507217 
0.129271 -0.998781 0.403668 -0.210721 -2.920514 16.844050 -6.647503 
0.244547 -0.022116 -0.050352 1.028423 6.511055 -0.445289 4.728279 
