0.202999 -0.052512 -0.663730 0.503846 -7.273000 14.076079 2.277420 
0.583882 -0.818511 -0.053147 -0.425201 0.639162 23.987252 0.876925 
0.585149 -0.417863 0.145592 0.957871 5.043263 0.104506 3.770088 
0.085689 0.464202 -0.399579 -0.404943 -9.987492 -13.764550 15.943596 
0.090936 -0.133090 -0.277328 0.482640 -4.769563 -2.002426 -2.803278 
0.457888 0.018963 0.912210 0.531616 -16.578354 4.226406 12.186716 
0.179449 -0.327601 -0.733066 -0.245159 -8.315442 -17.789807 -10.791180 
0.103175 0.585238 -0.022864 -0.644486 11.184327 -19.133152 -5.797449 
0.199182 1.373150 -0.030179 0.240187 22.442298 -10.186621 4.929992 
0.109107 0.548886 -1.144634 0.119303 4.423802 -16.287138 9.046559 
0.232498 0.406170 -0.048691 0.668858 6.583722 -12.643954 3.305958 
0.683878 0.445558 0.783793 -0.301703 -8.531317 5.985471 -21.116580 
1.809017 -0.152510 -0.078303 0.316634 -2.525053 11.362667 -4.842748 
0.133767 -0.049582 0.534127 -0.578178 25.577544 14.121727 -6.388422 
0.207935 -0.606740 -0.198432 -0.849762 -13.050314 15.533067 -13.519157 
5.586845 -0.645559 -0.249763 0.552318 -0.460249 -2.726582 -6.421876 
0.099031 -0.357410 -0.567646 -0.422672 -0.014606 -8.647709 14.992610 
0.095457 0.361845 0.361551 -0.208902 -6.917730 -4.916179 5.666471 
0.166412 0.097997 0.696366 0.300014 8.634512 13.126731 -19.199292 
0.401973 -0.590280 0.280480 -0.545714 -1.443672 -25.102015 -3.691919 
0.149690 0.225033 -0.078232 -0.362872 12.429229 10.299372 10.451807 
0.135040 -0.715085 -0.573151 0.098813 -3.555867 11.690590 -5.743621 
0.230700 0.703163 -0.306320 -0.626788 9.179672 9.442409 -12.188695 
0.296048 0.385769 -0.789417 -0.482788 -1.688966 -7.876933 5.927949 
0.089040 -0.277898 0.089143 0.065235 -3.325889 -11.956184 14.271395 
0.218861 0.049007 -0.483873 -0.267134 19.264479 -13.675126 -10.256382 
0.780326 0.347540 0.356204 -0.114898 15.357162 -10.590866 -21.474027 
0.110177 0.618066 0.615584 -0.671035 11.969494 16.919645 5.823234 
0.308745 0.060282 0.501575 -0.012700 24.312627 -22.854111 -19.189767 
0.930095 -0.263319 0.021131 0.492116 2.672693 1.398767 -14.304301 
0.154448 -0.557883 -0.420826 0.166039 7.135406 13.964619 -11.293477 
0.449860 0.210241 1.009389 -0.332762 -4.109695 13.260772 8.736450 
0.194281 -0.860508 -0.101006 0.438406 -6.252553 -6.576698 4.360130 
0.121470 0.530460 0.203248 -0.282131 -6.353655 14.308766 22.675728 
0.388680 -0.018076 -0.439573 -0.543912 3.801949 4.609271 -11.755758 
0.552874 0.591032 -0.558806 -0.422417 1.082494 -24.795586 8.659184 
0.107074 -0.376859 0.743555 -0.219643 0.930897 -4.494401 14.361543 
0.218546 0.882061 0.845823 0.297729 9.032955 16.327360 1.037121 
0.118025 0.394109 0.762730 -0.174490 -11.634807 -7.751693 -11.014882 
0.176826 0.294771 -0.092154 0.093731 -1.520326 -13.671491 13.652252 
0.123628 0.330933 -0.642970 -0.805154 -1.812747 -1.849550 -10.197928 
0.103987 -0.295294 -0.738070 0.616804 16.742852 -3.605940 30.849776 
1.612405 0.159476 0.124320 0.271628 -3.664268 2.302682 15.534771 
3.952128 -0.346498 1.179276 -0.336196 -2.382797 17.142651 7.085550 
0.090817 -0.441833 0.211599 0.241256 -0.224038 -2.259716 -3.383732 
0.094271 -0.250352 0.977320 0.036144 -2.668700 -1.347389 -2.432138 
0.105198 0.590428 -0.188748 -0.652338 -10.573756 -6.537685 -19.438026 
0.122132 0.259015 0.084429 0.219535 -15.278003 2.019952 -1.248536 
0.167817 0.567166 -0.242784 -0.710425 -6.321248 -16.387938 0.701433 
0.138488 -0.515877 -0.831953 -0.733364 -2.806721 -24.065179 1.423307 
0.701272 -0.627966 0.052987 -0.618861 28.513333 4.698111 -18.983652 
0.367183 -0.105908 0.632958 0.392798 1.201558 0.727730 25.888197 
0.116639 0.255188 -0.106529 0.170601 12.035019 -14.305695 -14.031932 
0.156405 0.149133 -0.161854 0.377917 -18.622650 13.688782 -27.610509 
0.118162 0.350709 -0.574356 -0.285187 4.235601 3.550237 6.968373 
0.151293 0.069952 0.176074 0.779333 4.221577 -7.481311 -12.510588 
1.456612 0.072218 -0.015390 -0.638458 -13.595861 2.412744 11.763508 
0.095248 -0.172643 0.403125 0.607779 -5.477061 8.845830 -2.093286 
0.298886 0.282517 -0.075463 -0.768584 -1.876858 -0.016546 8.710404 
0.512636 -0.170707 0.590654 -0.747278 0.954175 6.494962 5.944594 
0.121466 0.117862 -0.715124 -1.189262 14.536479 -16.447031 -18.182716 
0.863813 -0.495999 -0.094152 0.334808 -14.475704 -8.058370 -14.026497 
0.283593 -0.298271 -0.224269 -0.857062 -10.845783 -3.741793 -1.640922 
0.114183 0.314447 -0.224131 -0.009117 -5.691973 25.564774 -13.007205 
0.387857 0.194261 0.366420 0.652112 -1.190838 -7.730321 9.141804 
0.102340 0.181255 0.497806 -0.010040 -13.283939 -12.604713 33.842394 
1.423034 -0.127326 1.095149 0.191773 16.069028 11.890203 -2.006396 
0.118440 -0.228625 0.275538 0.772630 8.033584 -6.576706 18.333068 
0.087317 0.263889 -0.003456 -0.696579 -11.043291 -0.582152 13.720035 
0.115648 -0.017540 -0.140388 -0.271999 2.262620 -15.216387 15.759289 
0.335498 -0.382596 0.045980 0.773849 5.975851 -22.997342 7.077921 
0.109210 0.314724 0.552371 -0.356406 -5.149007 2.750003 -14.661451 
5.398343 0.489439 0.130662 0.098713 2.067798 11.414542 15.004594 
0.438696 0.011562 0.403533 0.606796 -19.263482 -7.112239 -1.845752 
0.102783 -0.008411 0.615469 -0.478005 11.025769 -9.311411 5.082293 
0.317653 0.829595 0.018739 -0.674400 4.337399 23.209688 -17.941791 
0.117399 0.425683 -0.544253 0.114942 -11.508441 15.646319 -8.842300 
0.135796 0.798299 0.593357 0.045643 27.278777 -9.560820 5.702848 
0.139152 -0.068002 -0.038002 0.159570 0.876685 20.014133 5.607301 
0.081844 0.435639 -0.367989 0.579601 5.454471 -3.727458 8.083445 
0.210768 0.501062 0.285458 -0.875716 -5.146741 -4.833368 -7.440889 
0.087151 -0.603208 0.225038 0.195389 0.779588 -1.766889 36.497246 
0.247564 0.340712 0.494756 0.499491 -1.290848 -23.952038 4.839454 
0.118055 0.675747 -0.810151 -0.528940 1.014717 -5.174550 -13.552151 
0.133708 -0.602536 -0.488182 -0.038709 -32.991243 -37.050405 4.825852 
0.137951 0.003936 -0.550144 0.568388 -15.855082 4.982519 -4.371684 
0.295736 0.865954 0.759224 -0.185927 83.945463 47.832867 -21.293262 
0.093592 -0.325637 -0.102007 0.518542 -7.061080 9.011397 -3.325183 
0.180968 0.264706 0.748962 -0.731206 0.572125 4.816202 0.161363 
1.058781 0.026123 -0.658493 -0.445404 8.436335 3.594009 -5.375467 
0.086350 -0.159020 0.015735 -0.184776 8.327332 1.226046 17.532403 
0.263354 0.637426 -0.789387 -0.122708 -3.033758 -2.316672 -1.502529 
0.556778 -0.054033 0.522440 -0.836318 5.097497 -7.439987 -3.897646 
0.139284 0.570274 -0.186991 -0.689715 -0.109869 4.270106 -2.033351 
0.478468 0.524856 0.242842 -0.134866 4.664736 5.345161 -14.308804 
0.165293 0.069937 -0.608053 0.293768 4.071776 -0.885945 -2.984941 
0.493788 -0.370149 0.147315 0.565059 -1.770293 3.710023 -23.486877 
0.252788 0.381032 -0.120738 -0.906416 10.769731 5.236451 3.498163 
1.145613 0.496464 0.393338 0.033347 -2.231026 -20.370362 16.535922 
0.388183 -0.171721 -0.286353 -0.060060 -10.283854 12.076258 29.975238 
0.094407 0.415183 -0.804750 -0.216545 -5.958635 0.145089 -1.649125 
0.126740 -0.052187 0.451227 -0.081694 -1.370633 22.842380 -1.271440 
0.323270 0.163075 0.395394 0.561224 -3.352340 -6.894415 -1.774673 
0.198042 0.377518 0.711640 -0.159593 -13.820147 27.890897 -2.561065 
1.167561 -0.834294 -0.433406 0.483925 3.114280 -4.325079 4.044949 
2.697368 -0.709649 0.047848 -0.532535 4.176414 4.741003 2.146448 
0.376011 0.635039 -0.075647 0.338563 -13.734400 -10.919418 -12.048147 
0.588263 0.291624 -0.115246 0.958038 0.787801 -4.626112 -1.087082 
0.138650 -0.120823 -0.411869 -0.735443 15.302537 -0.446469 3.215581 
0.373816 -0.085519 -0.773569 0.853319 1.302752 1.281958 10.302075 
0.401930 -0.043516 0.497807 -0.404895 -2.047414 10.650805 -19.223677 
0.263064 -0.428824 -0.014808 0.017626 10.699020 13.186506 -9.768178 
0.459762 -0.172361 -0.658725 -0.512958 -21.594184 -3.777695 10.236224 
0.328088 0.391660 0.179516 0.251919 1.888397 17.713340 10.927538 
0.860282 0.352022 0.710229 0.206383 0.150426 35.436090 38.417307 
0.273055 0.152870 0.492298 -0.172678 10.063709 -9.764173 1.013807 
0.396253 -0.202490 -0.764929 0.145570 -19.136429 -7.608651 -4.202576 
0.246288 0.023915 -0.409778 0.466270 4.245703 6.169210 -20.653995 
0.730294 0.449998 0.082447 -0.310215 -5.228639 2.498478 9.468756 
0.278430 0.377250 0.126622 -0.199348 1.517501 18.199238 -0.376683 
0.151503 0.273841 -0.340132 0.345295 0.216526 -19.037040 -25.708292 
0.100432 -0.124708 -0.642436 -0.240144 16.691238 3.398283 -8.270420 
0.082624 0.395167 -0.841785 0.406620 -12.238522 -7.504797 7.680051 
0.114711 0.631368 0.559660 -0.821693 11.748948 -11.160604 -14.134644 
0.192666 0.813424 -0.187545 0.271797 0.381783 -3.441316 -22.733348 
0.287114 -0.067582 -0.017381 0.918874 14.125357 -19.900498 7.264266 
0.585359 0.432398 0.602043 -0.315195 9.229681 7.207229 14.129824 
1.376095 0.013111 0.367716 0.220762 -13.429249 -0.559132 -4.859946 
0.431641 0.430394 -1.006591 0.109074 10.009634 -5.345450 -10.948928 
0.136683 0.176836 0.451437 0.070334 -15.970785 7.394138 -2.982762 
0.323241 0.351835 0.149116 0.678795 14.619217 -5.819874 1.325336 
0.391024 0.502683 -0.237296 0.425836 -23.909290 -2.801843 12.847145 
0.112116 -0.263537 -0.367352 0.576867 -0.816301 19.944034 5.741283 
0.116547 -0.416451 0.309143 -0.284861 2.906771 14.902864 -10.724676 
0.952396 0.642373 0.500870 0.219202 8.311618 -11.259205 -3.685882 
0.374161 -0.483159 0.803920 0.102690 -9.844680 -11.652699 -6.349212 
0.178419 0.450008 -0.032366 -0.238893 8.388200 -1.789216 3.473243 
0.192961 0.467495 0.817140 0.032189 2.168566 7.285821 -21.981778 
0.763069 -0.082348 -0.055232 -0.604807 -7.893955 14.792823 14.336054 
0.181019 0.797091 0.196782 -0.280059 0.696379 8.728079 8.835451 
0.393969 0.108249 -0.197751 -0.557738 23.535474 29.559708 -0.227198 
0.408300 -0.211672 -0.064854 0.149405 16.122617 3.066775 1.748112 
0.506972 0.410985 0.605934 0.510719 9.377538 -2.836275 -16.018076 
0.168852 0.306282 -0.594429 -0.730553 7.759070 -10.036037 7.483045 
0.196085 -0.600360 0.521620 0.182783 -4.425184 0.928696 -3.818357 
0.836938 0.759406 -0.595937 0.419719 12.584822 -7.128695 -6.817090 
0.701221 0.169927 0.743844 -0.113544 8.209603 -1.815076 -2.137487 
0.263429 -0.160948 -0.140705 0.157053 0.687197 19.182240 -9.786191 
0.151360 0.977451 0.056466 0.610198 1.163781 -10.775732 20.690572 
0.449375 -0.353477 0.449553 0.285597 -1.013267 14.401649 0.070422 
0.108928 0.166397 0.934285 0.168370 18.876742 -1.645971 16.141750 
0.090465 -0.955357 -0.219976 0.440967 -3.024088 -1.642592 8.870948 
0.531060 0.647910 0.028858 0.927958 -4.037876 15.208464 21.658298 
0.272013 0.648358 0.361768 0.121299 -9.722842 13.425905 20.464763 
0.127889 0.317523 0.208675 0.318535 17.234964 -2.743654 3.508944 
1.070260 -0.040674 0.143417 0.260952 -5.472807 -14.626749 -15.019378 
0.111702 0.384096 -0.381221 -0.752783 -12.820299 2.831748 -5.601140 
0.275275 -0.286831 -0.084998 -0.022732 15.950173 -18.986693 1.395645 
0.433814 0.795891 0.466620 0.090279 -1.024344 -6.497194 -10.460113 
0.121123 0.329478 -0.360549 0.631558 -2.541540 -14.778428 -18.676296 
0.604561 -0.291483 0.270725 -0.721438 -14.027242 14.835165 2.501660 
0.672200 0.308686 -0.318416 -0.429063 17.709780 3.760062 16.627900 
0.485099 0.225631 0.880454 -0.205400 7.579803 23.392592 9.369037 
0.088968 -1.073191 -0.364054 -0.030567 -18.841857 8.216152 -1.615239 
0.372330 0.489521 0.509235 0.511997 -5.284501 7.762732 -4.282186 
0.427499 -0.747373 0.243320 0.638468 5.522385 -10.687506 23.620751 
0.148166 0.513978 0.223944 -0.168305 10.601487 -19.573897 -13.195292 
0.205405 -0.179996 -0.055315 -0.447643 -2.148128 -20.843617 -13.127601 
0.273438 -0.639591 -0.587432 0.276749 13.451644 -7.859706 -1.953805 
0.257004 0.176863 -0.796747 -0.142496 11.568153 6.182763 -26.374344 
0.083821 0.033917 0.394216 -0.301343 -15.773123 34.463601 45.304132 
0.673429 -0.377500 -0.066047 0.736904 -3.572501 -5.715540 21.890703 
0.093338 -0.214197 -1.001347 0.634769 3.546208 -10.448834 10.846306 
0.097693 0.028162 -0.065505 -0.733375 -0.612536 -2.320705 9.713327 
0.081727 -0.271267 -0.152990 -0.387952 -2.035039 -7.855407 2.428857 
0.417045 -0.295543 0.074120 0.441999 11.010362 -5.240977 -16.383179 
0.387177 -0.476943 0.308625 0.426262 -15.433398 -1.906118 0.793929 
0.350927 -0.163707 -0.749738 0.308414 -10.561152 0.053459 6.781586 
0.081891 0.672352 0.122235 -0.352942 -2.821466 -4.312239 -19.198292 
0.111530 0.138163 0.043750 -0.526934 -16.696891 12.503895 23.796311 
0.729211 -0.235930 -0.164434 0.455693 -10.410412 -4.466202 -11.365942 
0.081209 0.724260 0.374632 0.026561 9.790597 -1.384060 4.747585 
1.066327 -0.276559 -0.333145 -0.613355 6.365698 10.015906 -7.770081 
0.844840 0.368767 -0.032061 0.020344 -9.913072 9.707413 7.430671 
0.286414 0.250969 -0.295745 0.753673 6.156045 -5.450535 8.867848 
0.108220 -0.496881 0.656232 0.097801 11.147598 4.707756 13.824151 
0.106446 -0.640643 -0.014086 0.324315 16.613079 -14.641986 -1.726940 
1.618982 0.528030 0.628759 0.437342 -6.861658 30.149309 -2.909494 
0.126190 0.299299 0.191338 0.462546 -21.176929 4.939603 -6.744786 
0.666898 0.026339 0.032516 -0.031083 7.844296 -2.496613 10.240635 
0.355266 0.457288 0.064560 -0.703259 2.076013 -0.040496 -2.489632 
0.365762 -0.231943 -1.256277 0.321460 -21.181825 -38.600338 -4.227839 
0.430606 0.404121 0.083150 0.210202 5.677002 12.431538 -6.017995 
0.100431 -0.895514 -0.444667 0.358921 6.467214 -14.401175 14.035559 
0.189647 0.606591 -0.049801 0.050137 -2.441572 -6.430605 6.787973 
0.132254 0.309191 0.565733 -0.319249 -17.867491 -1.281925 5.937409 
0.500139 0.392580 -0.245703 -0.131831 -12.698849 -10.944222 -26.380952 
0.175237 0.398102 -0.281670 0.378575 11.891379 25.607403 -11.735790 
0.123696 0.097656 0.391963 -0.340654 3.756081 12.345642 -0.102882 
0.195281 -0.016238 -0.288432 0.672846 -8.245778 -16.709226 -18.327851 
0.599939 0.685664 -0.135800 0.340732 -20.858516 -14.869299 16.727335 
0.192741 0.079734 0.385757 -0.128623 6.012367 -8.074245 -6.280745 
0.200778 0.396158 0.951542 0.142332 16.525646 1.332112 1.387183 
0.177472 0.173220 -0.556690 0.700309 0.445496 -19.395242 -13.106780 
0.127855 -0.104440 0.139875 0.410897 8.497193 -22.038768 14.865607 
0.220526 -0.017572 0.486931 -0.436272 1.812886 -8.221179 7.456660 
0.627642 -0.258224 0.290205 -0.061429 -3.212773 -5.653780 4.244156 
0.637465 0.661745 -0.488977 -0.091224 -3.348142 -2.243707 -3.314881 
0.169117 -0.380252 -0.647615 -0.917465 3.301235 -9.000240 -7.534394 
0.114784 -0.027606 0.658562 0.317049 -14.925107 -9.675952 8.644161 
0.135557 -0.204096 -0.565316 0.048768 -4.764682 6.181043 3.885704 
0.579415 -0.427287 -0.120218 -0.840128 -15.525246 -3.552845 5.266164 
0.624848 -0.261498 -0.123564 -0.107554 21.109854 27.830539 -9.802127 
0.385484 -0.000745 0.639594 -0.424017 -19.927234 10.034487 8.488222 
3.082417 0.343638 -0.120642 0.195658 -17.527709 -4.458044 7.405768 
0.310489 -0.200447 0.222586 -0.735552 -4.030386 -16.947883 9.344627 
0.457154 -0.460512 -0.196659 0.296591 0.507269 3.662136 9.772099 
0.279294 -0.091196 0.351249 0.784934 -9.488131 5.902906 10.979176 
0.089763 -0.186651 0.340113 0.731701 10.158675 -8.723275 -1.096239 
1.249225 0.484095 -0.394683 -0.072971 -12.934194 18.344312 -7.860899 
0.163561 -0.279945 0.211348 0.276919 19.159539 -13.386289 4.993771 
1.702665 -0.052053 -0.113482 -0.220944 -15.736946 12.796770 9.899396 
0.087567 -0.605826 0.035875 -0.109319 5.256929 23.981189 -3.543847 
0.192231 -0.366056 -0.250353 0.065339 -2.211188 12.486616 -0.914163 
0.122081 0.554573 0.448772 0.545486 12.243651 -4.772268 -8.277449 
0.088452 0.045868 -0.570067 -0.197447 2.770774 -13.534434 5.467752 
0.470758 -0.489250 -1.022253 -0.254475 -8.400261 -19.646902 6.239466 
0.196106 -0.176593 -0.148255 0.071166 4.410786 -2.877414 -11.517277 
0.163499 -0.059841 -0.450325 -1.069680 17.022304 -24.519122 -6.525090 
0.080867 -0.470051 -0.177744 -0.840151 22.159028 18.217872 -25.560836 
0.223604 0.683776 0.133543 -0.514465 -2.565830 2.667087 9.958204 
0.155926 0.312389 0.520669 -0.029160 -26.950227 -2.961326 8.240237 
0.238387 0.239246 0.010348 0.736075 8.102306 18.532661 -3.185108 
0.106154 -0.292227 0.146190 0.477640 8.543476 3.173872 1.380193 
0.169911 -0.721735 0.720003 0.101057 -2.727969 3.024230 -11.659987 
0.113329 -0.072617 -0.032030 -0.764244 18.899886 14.405226 0.377607 
0.192419 0.437466 0.410139 0.295953 25.602421 -24.569989 -5.394393 
0.594225 -0.605609 -0.314030 -0.677232 -2.588959 -0.751809 -7.990940 
0.085164 0.601010 0.223954 0.384207 4.462049 -1.332573 -14.839743 
0.117057 0.218089 -0.835811 -0.024068 -1.805119 2.617395 -10.092418 
0.205043 -0.268094 -0.506298 0.563441 1.521735 -12.846463 -4.953045 
0.234649 -0.794943 0.222794 0.126428 -2.918862 -14.906931 7.235839 
0.487672 -0.288670 -0.563284 -0.375456 2.799822 13.814524 4.022639 
0.223182 0.306080 0.597045 0.369269 11.000625 -3.343304 -2.846580 
2.476904 -0.331986 -0.590430 0.778168 -10.671071 -12.961162 -10.057528 
0.441734 -0.286352 -0.103740 0.170399 9.101188 -6.005178 -4.982026 
0.230397 0.403136 0.276223 -0.018321 6.480896 0.474738 18.913893 
0.689100 0.277300 0.774927 -0.848713 25.917202 12.075240 -16.399895 
0.815528 0.018644 0.545459 -0.359644 -31.416802 5.641199 4.031951 
0.161492 -0.410867 -0.263272 0.420374 -8.851414 14.937857 2.569891 
0.542296 1.159917 0.045980 -0.418256 19.981977 -8.809315 -3.855855 
0.146522 0.688998 0.492727 -0.165179 1.808107 7.570967 11.618405 
0.256037 -0.497111 0.777790 0.099739 -18.802122 -6.855737 -13.626991 
0.887681 -0.596373 -0.866408 0.603684 -8.098245 0.794210 15.584471 
0.101372 -0.181654 -0.405472 0.112348 -4.946391 5.948197 14.596426 
0.141931 0.273520 -0.384144 0.170828 18.726783 7.387555 -0.801414 
0.178446 -0.291340 -0.023253 -0.011553 -27.016645 11.622849 8.352553 
0.083374 0.092796 -0.097412 -1.086929 5.445235 -4.716289 -5.215958 
0.376685 -0.374756 -0.342468 0.830011 -1.708243 -2.928308 17.476082 
0.585808 0.581077 -0.262663 -0.223567 -2.736237 -22.701156 3.770039 
0.102075 -0.311784 -0.711415 -0.158476 -3.203538 11.425310 11.824571 
0.086694 -0.486588 0.050099 -0.325233 21.918229 21.075890 -7.491558 
0.654455 -0.151334 0.076954 0.120801 -10.664986 1.093118 14.644108 
0.442796 0.737398 -0.048478 0.363354 0.819978 -2.443418 -16.818158 
0.103990 -0.063774 0.214424 0.146854 -15.101591 16.322918 -13.816024 
0.137893 0.665741 0.666052 0.217103 4.461560 -0.372596 0.006467 
1.044939 -0.325575 -0.028015 0.374660 15.744811 -8.339172 -18.038289 
1.025335 -0.215524 0.159922 0.731687 -9.629548 -1.797219 -5.291689 
0.472835 0.296181 -0.173153 -0.032877 1.617538 8.618604 27.614778 
0.672168 0.126037 0.448081 -0.591818 -29.421085 14.825041 0.790131 
0.208490 -0.647173 0.216478 0.029605 -25.162705 -16.467235 -3.340627 
0.292610 -0.324269 0.128469 -0.506270 -15.437033 26.502083 4.924073 
0.111344 -0.142638 0.103136 -0.319718 -0.190013 -8.895172 12.660700 
0.466067 -0.404329 -0.602171 0.192376 7.749562 -5.052032 9.732270 
0.112109 0.379558 0.587810 0.268590 -2.799959 6.828591 -2.934616 
1.021373 0.639210 0.173552 -0.371325 -6.286656 1.767263 1.816722 
0.247245 0.504412 0.043091 -0.239103 -16.846273 -19.450116 17.065196 
2.937998 -0.825186 0.151517 -0.584611 -27.127419 -10.152750 4.932215 
0.112201 -0.059712 0.612497 0.179984 11.575042 -9.604852 7.610894 
0.941373 0.082512 -0.530899 0.185209 -9.178870 14.401813 -3.120828 
0.186332 -0.012154 -0.310238 -0.443208 17.012204 -5.771174 -17.115030 
0.206312 0.324869 -0.378524 0.309402 -8.158635 -2.257629 -17.237226 
0.087521 0.468454 0.840365 0.653530 1.962968 6.103411 5.939475 
0.337060 0.057797 0.649102 0.423994 9.983859 -5.237819 -3.022831 
0.506829 -0.504451 -0.118010 -0.447742 0.458714 -0.459869 23.213464 
2.506229 0.928105 0.420961 -0.415886 -0.506203 17.531005 -4.245097 
0.109658 -0.223961 0.147390 0.681001 17.723155 4.850015 2.227860 
0.093631 0.760168 -0.406501 -0.201211 -8.518768 -0.244415 1.580991 
0.994606 -0.262029 -0.137754 0.102612 15.478038 -3.046262 12.445422 
0.184780 0.845041 0.996141 0.237197 13.142684 18.376596 -1.148699 
0.113864 -0.133827 -0.608122 0.539794 -1.248236 0.092742 -13.429517 
0.500571 -0.230328 -0.786493 -0.214264 26.819421 -8.550640 -18.051705 
0.375402 -0.304766 0.264136 0.154515 -3.133424 -0.641582 19.661195 
0.121279 -0.194365 0.054741 0.934442 15.148436 0.281795 5.402511 
0.437171 -0.360528 0.033613 0.554303 14.802755 -2.517629 -12.569127 
0.420529 -0.409284 -0.364263 0.491198 3.710386 -4.804801 2.817765 
0.140832 -0.086073 -0.082962 -0.383714 9.366346 -10.245472 2.433618 
0.317286 -0.136499 -0.491629 0.157678 3.219645 11.490200 2.794174 
0.092539 0.792756 0.327154 -0.819530 13.235755 -6.664099 -4.394258 
4.198783 -0.058502 -0.088887 0.588506 -6.669475 -6.211677 -6.790125 
0.435794 0.667194 -0.421356 -0.371137 3.167594 5.160243 2.272980 
0.299195 0.305795 0.602565 -0.382371 -2.115792 -8.980072 -13.461986 
0.366428 0.394049 0.323761 -0.725241 -17.950811 6.717540 -3.821154 
0.300202 -0.134677 -0.385278 0.268273 4.450352 5.657818 0.901705 
0.585186 -0.278307 -0.144134 -0.759962 5.311677 -5.091894 -0.471251 
0.524509 0.160602 0.488328 0.524370 -1.694122 -4.301612 -16.221958 
0.292083 -0.162245 0.926609 -0.709898 6.118880 19.044386 4.915367 
0.107699 0.274026 0.520776 -0.099530 3.902058 26.207100 16.697538 
0.744916 -0.040554 -0.483873 0.055138 -21.539048 29.312427 8.951702 
0.131940 0.221450 0.255483 0.131524 -5.104278 28.090485 -4.196752 
0.104491 0.314874 -0.025174 -0.336830 -12.163048 -16.672434 20.246034 
0.504475 0.310961 0.009080 0.126864 -7.754648 8.154803 3.598412 
0.159200 0.377087 -0.064067 0.489286 -6.526305 -7.247672 8.848363 
0.144224 0.674254 0.674018 -0.827829 3.937062 25.247883 -2.899501 
0.221063 0.716951 0.117499 0.427259 5.314237 9.633531 -16.333499 
0.339783 0.281018 0.583594 -0.449158 -6.848110 -7.958885 -11.703184 
2.985742 -0.274204 -0.836373 0.482038 22.197430 -5.927547 1.496495 
0.098040 -0.268174 -0.236930 0.854583 -7.186728 -4.482839 -5.421641 
0.364111 0.569271 0.003836 0.603660 -4.201472 -6.908390 3.322168 
0.144886 -0.660997 -0.324870 0.046371 6.771173 10.135811 12.276963 
0.360597 0.276816 -0.397582 0.473249 -5.656624 -2.046567 -0.291853 
0.254317 -0.399202 0.793939 -0.672398 -13.976987 -1.701019 -14.784607 
0.555913 -0.630176 -0.520567 0.307758 2.289767 -8.777734 -5.660854 
0.416651 -0.336877 0.411287 0.342506 -33.611589 -1.272281 -1.795678 
0.151008 -0.295278 0.800671 0.866689 -0.519563 14.177152 14.298613 
0.577563 -0.057040 -0.385225 0.706513 -6.418844 10.726366 -5.719166 
0.141965 0.682494 0.418145 0.248644 17.243958 3.885575 31.879991 
0.120024 0.491492 -0.150890 -0.488307 1.231787 -5.469996 8.180594 
0.182852 -0.636231 0.117950 0.219311 14.561458 -22.033054 0.621725 
0.189724 -0.069227 -0.097661 0.789553 9.281375 -2.978544 -9.366135 
0.150160 0.061191 0.392227 -0.385437 14.068996 -17.090769 21.326386 
1.373741 -1.046591 -0.666453 0.509893 -28.997290 -1.174900 12.769952 
0.283453 -0.170036 -0.095079 0.115437 1.208123 -7.129595 35.905132 
0.170281 -0.273494 -0.707839 -0.486751 -14.048611 -0.820428 4.242360 
1.505698 -0.622696 0.557879 -0.164257 -12.218770 5.745180 1.149222 
0.360047 0.383185 0.175219 0.392344 -23.194967 13.054312 -3.546369 
0.588861 0.703961 -0.470955 -0.332976 -8.176218 -9.013183 -4.342875 
0.381565 0.617410 -0.161854 -0.224119 -9.971712 -14.177333 -1.078433 
0.166121 0.001069 0.762348 0.408821 -6.665678 -2.480457 -5.112324 
1.652096 -0.071042 -0.426776 0.124722 6.957927 -7.905560 -8.121371 
0.215498 0.473093 -1.038428 0.526143 23.321754 -14.510142 4.737049 
0.524663 0.119167 0.065376 -0.241224 -8.948281 13.824683 5.435450 
0.489037 0.425285 -0.449288 0.365780 0.831656 8.407831 -19.185646 
0.247044 0.102095 -0.040950 -0.131836 8.850818 1.696805 14.012149 
0.408569 -0.803734 -0.562243 0.229881 -6.853283 2.425698 5.112521 
0.429966 0.285725 -0.055658 -0.004245 -6.401180 9.174040 0.711555 
0.205030 0.199883 0.226338 0.263049 28.376535 -13.831783 4.070729 
0.104504 0.544370 -0.186770 0.008988 13.624962 0.594722 -15.908919 
1.704172 0.494545 -0.775925 -0.397718 3.704541 -6.200763 -18.518689 
0.208973 0.186994 0.856584 -0.447896 8.933788 9.265911 -13.546956 
4.631110 -0.454746 0.738698 -0.373153 -17.470008 16.048921 13.629445 
0.135103 0.222602 0.497410 0.402848 -4.249832 -1.565454 -10.958995 
0.169606 -0.165395 -0.518706 0.644935 8.149775 15.024539 8.395651 
0.567692 0.361357 0.691530 0.039639 -18.363763 -0.142900 -17.573856 
0.214292 0.217486 -0.188682 -0.520272 7.147424 -5.816267 21.798277 
0.450345 -0.003031 -0.722736 -0.622044 -3.834170 1.883597 -5.643112 
0.407103 0.295975 -0.030985 -0.343014 -5.863935 9.014437 -8.086366 
0.846636 -0.026904 -0.303650 0.433013 3.514362 12.067800 -13.346209 
0.123163 0.577537 0.100749 -0.924214 7.170512 -11.116547 -16.231787 
0.120648 0.211463 0.178754 0.528293 3.888736 18.603998 -13.101816 
0.387333 0.453252 -0.039469 -0.496778 1.284871 20.628088 0.466401 
1.095352 0.131283 -0.113160 -0.227091 11.211047 14.397071 8.328251 
0.212730 -0.347512 0.420267 0.556697 1.034273 0.746383 -15.987885 
1.575080 -0.103702 0.176515 -0.788973 -7.361212 17.826463 9.921168 
0.102042 -0.416521 -0.090008 -0.435290 11.576444 15.585563 -0.933894 
0.606266 -0.004003 -0.498774 0.220352 -20.598702 7.303319 5.544022 
0.250734 0.502292 -0.051428 0.138974 14.110365 -0.124865 -4.171590 
0.184902 0.332356 -0.978908 -0.020676 -8.571211 -2.778435 -1.965093 
0.348863 -0.683045 -0.510959 0.514107 -15.876527 17.694034 0.114014 
0.127948 0.240539 0.462038 -0.068403 17.634363 -15.486513 8.285349 
0.127545 0.616786 -0.601109 0.145249 14.608215 4.913419 27.760129 
0.089378 -0.170260 0.716097 0.256982 14.361081 13.974412 12.207086 
0.220514 -0.924238 0.073661 0.120751 -0.687686 9.736655 12.407537 
0.195396 0.498508 0.482240 0.583057 14.408975 -9.193100 2.040240 
4.245083 0.143781 0.083048 0.302412 -13.778797 -22.219558 10.239912 
0.095817 0.251881 -0.015277 0.611646 -5.403847 11.625800 4.119035 
0.569763 0.627393 -0.317187 -0.117061 -0.663633 9.858336 -2.191944 
1.098164 0.283850 -0.362176 0.226845 4.266640 -12.046922 4.954047 
0.538990 -0.520646 -0.100447 -0.326250 -4.367071 6.029671 -5.617527 
1.288776 0.728062 -0.026951 -0.023501 -18.469121 7.006919 7.176510 
0.193816 -0.425613 -0.495024 0.372156 4.420882 6.040409 14.541281 
0.378483 0.975316 0.265117 -0.317424 2.098509 14.185183 1.838503 
0.130333 -0.623013 -0.677388 0.015587 -13.343611 13.820355 3.558170 
0.235233 -0.263400 0.545226 0.760606 -2.187924 8.890552 -11.534278 
0.474050 -0.146741 -0.216475 0.464541 16.183723 3.257204 0.175800 
0.170650 -0.361518 0.723799 -0.123845 12.402437 -7.671893 -5.091467 
0.551803 -0.696037 0.162927 -0.347221 -17.956703 -6.797794 3.311460 
0.131497 -0.465617 -0.276109 0.277392 -4.476509 14.081154 2.551651 
0.367063 0.439786 0.680955 0.198471 -12.682617 7.732083 -11.040924 
0.237052 -0.048421 0.447299 0.406877 -0.113731 -10.712578 -9.866393 
0.979329 -0.688534 0.108504 0.149711 -2.198019 -1.816248 16.108898 
0.113309 -0.620823 -0.594049 0.183645 13.715001 -1.610416 -3.103251 
0.202812 -0.494944 0.052150 -0.863652 17.447419 7.287925 -14.359453 
0.145792 -0.311642 -0.648901 0.352137 -0.409460 9.750588 -9.059788 
0.206856 0.568077 -0.243556 -0.149487 -2.715978 -34.510034 -19.047641 
0.534870 0.070668 -0.752113 0.677475 -15.206362 4.108472 4.968178 
0.091732 0.345609 0.646686 -0.219479 -21.452079 8.559632 9.673806 
0.094435 0.222516 -0.592695 0.217309 1.304805 -4.848191 21.375879 
0.106821 -0.019863 -0.070984 0.300239 4.991895 -4.388700 13.164711 
0.443043 -0.464839 -0.212827 0.011500 6.647393 1.106703 -20.574243 
0.087582 0.557353 -0.261141 0.135028 0.293378 -11.551845 -18.454208 
0.159466 -0.340456 0.670097 -0.336212 -16.458572 -5.792404 4.268090 
0.829727 0.163566 -0.211784 0.760210 5.283161 -6.577485 -7.010179 
0.093662 -0.326200 0.605791 -0.309697 -10.688459 9.347223 20.617536 
1.055006 0.049259 0.293506 -0.529772 -11.593669 6.960770 -15.908628 
0.290595 0.215911 -0.593712 -0.673533 10.763880 -4.228391 13.150909 
0.226020 -0.475800 -0.579412 1.043790 10.367981 -17.289591 30.003713 
0.258652 0.113835 -0.269936 0.225476 -12.394795 3.294230 -4.017036 
0.504080 -0.141378 0.225953 -0.603193 12.720836 -6.357910 -4.189219 
0.133644 0.403890 0.754970 -0.163130 -6.068080 -6.040438 -32.567653 
0.102367 0.515770 0.202284 -0.069918 -4.301626 9.737737 8.668350 
0.102733 -0.721365 -0.248013 -0.257892 10.103291 13.148276 -2.322504 
0.406103 -0.064688 0.411168 0.853062 1.410796 0.744120 4.892973 
0.170184 -0.462320 -0.909046 0.122592 -7.592907 -7.756557 -17.079082 
0.080956 0.049642 -0.383291 0.346556 23.691516 23.038164 -5.667611 
0.171393 0.004319 0.093106 0.486944 -6.500977 26.657917 11.705692 
0.103884 0.235933 -0.243093 0.238590 -12.932483 -5.370548 10.389043 
0.287723 -0.240533 -0.170219 0.034132 -5.573443 -3.472418 9.112914 
0.707610 0.016670 -0.162625 -0.215237 -5.671762 -3.021904 24.347545 
0.161798 0.271315 0.625449 -0.482576 2.661424 0.902736 -0.179383 
0.495528 -0.567397 1.155647 0.416338 -13.824994 18.427800 5.040159 
0.081729 0.348867 -0.271493 -0.624517 18.424257 6.500037 9.199555 
0.498673 -0.659460 -0.106311 0.463340 4.276454 -5.120965 12.193223 
0.189760 -0.198833 0.225947 -0.513996 -15.203596 -2.736490 0.503713 
0.174582 0.618342 0.284023 -0.381431 19.684485 6.022685 9.549699 
1.913197 0.094731 -0.835455 0.026809 5.385827 14.035920 1.650189 
0.156957 0.282374 -0.547393 0.432690 -8.186981 4.314485 4.829581 
0.318637 -0.056200 0.535241 0.450505 12.296544 14.938974 2.504349 
0.384886 -0.043752 -0.779286 0.480303 -15.444556 -6.453554 3.332704 
0.094543 -0.999092 -0.358093 -0.330975 -8.820417 9.236908 -21.710800 
0.093801 0.175075 0.220589 0.900667 15.165715 -9.093911 3.942323 
0.259589 -0.243962 -0.380467 -0.524973 1.529249 9.413775 9.592053 
0.331382 0.015708 -0.002486 0.062754 -6.117826 10.179994 -3.866147 
0.597086 0.013278 -0.657656 0.251003 -36.470418 8.104245 -20.192279 
0.244466 0.215580 0.056494 -0.021315 -3.295441 -10.621166 5.359582 
0.409757 0.535105 -0.432878 -0.392773 2.262868 -9.824695 22.111625 
0.703460 -0.892033 0.322785 -0.345277 -7.806469 10.334236 12.155340 
0.129081 -0.284652 -0.161817 -0.136647 12.991426 -0.802003 -6.460844 
0.592856 -0.292056 -0.839519 -0.097353 14.137860 -3.711411 10.708953 
0.598064 0.012291 -0.120380 -0.762002 8.229923 11.659845 11.199186 
0.315326 0.386027 -0.474455 -0.447280 -1.056454 14.171775 11.018836 
0.830552 0.457466 -0.485865 0.596217 6.448772 -2.638008 -7.339949 
0.107798 0.046990 -0.294643 -0.007594 -14.473349 15.345549 19.177961 
1.282747 -0.420618 0.442849 0.574166 -6.627231 -19.339920 -2.236224 
0.179704 0.362270 0.088695 -0.780070 1.163532 -13.145934 2.139831 
0.226650 -0.085270 0.512710 -0.098240 17.519452 -8.133168 2.938540 
0.213577 -0.340277 -0.819936 0.024299 -3.245837 11.421236 4.438596 
0.360054 0.435086 0.649906 0.224054 0.177707 -2.871004 9.543997 
0.590465 -0.710892 -0.230997 -0.141862 4.997772 -7.588295 1.853743 
0.323997 0.033200 -0.232166 -0.727948 -2.883056 25.939216 -20.101682 
0.080856 -0.562814 -0.815186 0.526199 8.771313 -13.257006 14.181836 
0.143920 0.019239 1.006963 -0.197718 4.140903 17.889199 -0.135602 
0.128165 0.235959 -0.456682 -0.204619 22.451260 2.961111 1.872449 
0.371144 -0.362037 0.352609 0.514641 -4.930926 20.248236 -4.182227 
0.145470 -0.914949 0.389786 0.225746 -9.908999 7.822114 -17.229734 
0.092657 0.012245 -0.877223 0.375935 -2.822837 1.400252 -8.766471 
0.587126 -0.336885 0.461785 -0.783443 20.175567 -11.106471 -20.780160 
0.235289 0.145717 -0.301595 -0.025464 10.044381 -2.166091 5.948812 
0.569180 0.742545 -0.191992 0.492514 4.803593 -14.440320 -2.132286 
0.093590 0.297670 -0.227504 0.051107 -10.494760 5.178106 16.696480 
0.249342 -0.308533 -0.203433 -0.759961 -0.422574 -10.743384 -7.720459 
0.543855 -0.318522 0.375843 -0.131172 29.113969 -3.194799 -12.282460 
0.236315 0.053736 -0.358148 -0.747415 21.248050 27.409011 -20.430960 
0.136931 -0.494386 0.879135 0.148172 -2.819498 6.533736 -5.909606 
0.109437 0.526090 0.207923 0.597982 -1.691557 -16.000039 10.526520 
0.915698 -0.784682 0.215926 0.606989 7.339410 9.248405 4.416542 
0.125769 0.247929 0.542056 0.476407 -9.004556 -1.934518 -2.722836 
0.182221 0.500487 0.336635 0.118334 15.981220 -1.505979 -1.204442 
0.624303 -0.077727 -0.695993 -0.185992 -15.847094 -9.793453 -9.450763 
0.123119 0.681121 0.003755 -0.010990 -11.606890 1.410091 -4.015869 
0.093277 -0.734792 0.259568 -0.369852 5.903493 7.271695 3.230316 
0.126609 -0.759418 -0.477265 -0.349504 -10.464611 -10.830033 13.522802 
0.342755 0.152586 -0.781190 -0.006981 9.947748 12.704746 -1.050989 
0.887808 0.435594 -0.836341 -0.013591 13.031170 -15.780948 3.398797 
0.718573 -0.701555 0.090437 0.072600 -13.660245 -7.211514 -14.248703 
0.789225 0.037189 -0.647526 0.275087 -1.532756 23.462380 16.508064 
0.126531 0.000550 -0.307257 -0.216458 19.491792 -1.271951 4.667697 
0.685572 -0.336081 -0.179147 0.108476 -4.020992 -10.268361 2.592746 
0.342997 1.064371 -0.315474 0.132615 8.116169 -2.275759 -4.362928 
1.141486 0.544838 -0.264390 0.634779 10.304572 9.756374 10.706254 
0.181571 0.157290 0.022024 -0.526202 -11.646106 4.665504 -2.069690 
0.271737 0.195265 0.226901 -0.471390 -8.574932 3.861489 0.183743 
2.465276 0.478822 0.151686 0.116037 8.798998 6.534176 -5.939652 
0.132761 -0.909448 -0.344636 -0.017885 -3.940426 0.014311 -12.517651 
0.088416 0.839671 -0.009366 -0.478509 6.961070 -3.851842 2.862112 
0.089291 -0.159314 -0.275932 0.364111 -5.622532 9.204205 -15.347709 
0.263350 0.109084 0.391972 0.660999 9.272778 4.359698 5.013990 
0.423754 -0.364443 -0.566466 -0.479767 12.505195 -9.694232 13.227673 
0.178200 -1.088194 -0.598428 -0.005554 -19.587608 -4.178270 -0.809367 
0.269147 0.617113 -0.744513 0.330588 -8.981249 -14.582908 -3.193765 
1.218772 -0.569549 0.826305 -0.397863 -15.575622 -6.196497 -1.273638 
0.195759 0.276064 0.193927 0.404014 12.644535 -17.293768 23.106086 
0.310560 -0.349358 -0.185439 -0.398931 -6.312571 8.032459 12.772025 
0.132928 -0.024517 -0.323996 0.702806 -1.030851 11.180472 -6.663867 
0.130606 -0.465096 0.705320 0.706993 -2.982374 7.370747 5.327406 
0.180981 0.181057 -0.206907 -0.131027 11.609972 35.657119 22.152357 
8.040799 -0.191092 0.342899 0.177939 7.430565 -0.857007 -0.806786 
0.080873 0.721538 -0.186377 0.124534 8.381191 10.447961 8.273882 
0.337684 -0.301425 0.683682 0.460503 4.740264 6.097129 24.968642 
0.727006 0.064941 0.525114 -0.314090 -23.125740 11.010226 7.512163 
0.130102 0.014294 0.694521 -0.453498 -1.064038 5.769794 4.106120 
0.107057 -0.151633 -0.416335 -0.753965 -4.300709 -15.495484 12.969802 
1.352041 0.173313 0.068547 0.882753 -9.420101 5.071734 -1.266608 
0.108970 0.538488 -0.150649 0.511511 -15.583301 -3.197052 16.495436 
0.148499 0.791988 0.699337 -0.447994 15.500586 3.934594 -13.113792 
0.263983 -0.218150 0.466023 0.160636 -1.708486 -14.857329 2.520614 
0.240265 0.095373 -0.806276 0.130209 -13.524368 11.297322 -6.752585 
0.217954 -0.183244 0.301710 0.315246 0.037436 10.640864 5.865188 
0.444167 -0.218116 0.201762 0.621284 -8.567918 19.796073 5.371695 
2.752555 0.163600 -0.234594 -0.043522 2.812343 9.239566 -29.441299 
0.266546 -0.141726 0.104892 0.037278 9.753376 8.755880 -23.426602 
0.104305 -1.051425 0.036538 -0.202114 -15.328468 7.580490 3.677542 
0.144490 0.348085 -0.103926 0.542531 24.097488 16.681623 -7.606665 
0.094619 -0.062190 0.092124 0.419930 9.826257 -6.052518 14.947868 
0.144851 -0.743613 0.238852 -0.069982 -1.007636 10.269617 21.839874 
0.132290 0.439574 -0.505564 0.010954 -3.293312 -7.898669 24.340886 
0.524424 -0.225676 -0.093210 -0.572313 -1.604916 -9.434524 -7.396715 
2.804970 -0.219679 0.020063 -0.129237 32.763619 11.293217 -2.229070 
0.151725 0.345598 -0.234361 0.216004 15.638993 -0.521597 5.097862 
0.691052 0.251479 0.581352 0.393791 -9.854772 11.350614 -0.411746 
0.123125 -0.449009 -0.787638 -0.301213 -24.771854 -12.416590 -9.802288 
0.095501 -0.468654 -0.373381 -0.252643 0.064795 1.793904 4.103845 
0.082472 -0.159302 0.011437 -0.305687 0.100581 2.658446 20.213247 
0.088000 -0.486243 -0.069453 -0.574676 -5.343173 -1.262345 13.902348 
0.106567 0.507606 -0.141826 0.031384 0.246536 -2.270635 1.515475 
0.083960 0.282131 0.485910 -0.369888 -4.813526 -19.539421 11.018792 
0.444394 -0.005516 -0.476977 -0.659019 -4.437793 3.455103 5.134811 
2.968598 -0.173360 0.274341 0.764906 -18.931848 10.110602 2.969471 
0.118415 -0.475199 0.227887 0.907204 -15.708757 1.073209 -2.992381 
0.123056 -0.040883 -0.064303 -0.463365 -7.123911 -14.447085 9.015159 
0.111967 0.313760 -0.433812 0.425601 -16.705988 -2.360975 -9.192414 
0.095336 0.029947 0.242519 0.104450 -2.866080 2.982581 7.645561 
0.085245 0.342799 0.160800 0.601272 -9.824288 4.701776 10.832852 
0.219520 0.329582 -0.106736 0.316794 -21.084184 -11.087574 22.128713 
0.269315 -0.301152 -0.842515 0.494248 -12.953135 -24.111204 17.449444 
0.084729 -0.235193 0.613720 -0.547858 -7.317219 -4.638031 2.883873 
0.193296 -0.166490 -0.909745 -0.398187 5.276476 -8.202899 12.356136 
3.042533 -0.215077 0.689181 -0.322084 -5.913690 -14.228503 -16.172905 
1.417540 0.533792 0.850237 -0.519538 16.308324 14.762789 -1.415296 
0.348250 -0.313282 0.285200 -0.366083 -9.913356 3.267551 -2.502137 
0.189420 -0.720126 -0.262331 -0.533801 -1.012992 1.152849 12.079260 
0.222484 -0.149719 0.006318 0.156602 -6.104579 -10.423934 14.621145 
0.319069 -0.633808 -0.230327 -0.393036 -2.316089 4.891524 -14.590205 
0.092091 -0.421020 0.102029 0.084355 -14.606691 -7.027857 14.847002 
0.486369 -0.259378 0.432636 0.127845 20.223117 -2.846564 -14.837565 
0.293964 -0.500165 -0.622750 0.452450 3.492730 5.854687 -1.977081 
0.150389 0.471203 -0.692296 0.248919 -3.889726 -0.784244 -8.732909 
0.098254 0.660000 0.061161 -0.318048 -2.372393 -0.040959 -6.929219 
0.129777 -0.141719 0.036360 -0.145278 3.367637 -6.317232 5.108910 
0.089968 0.297980 -0.088510 0.893980 13.547525 14.629004 1.509816 
0.178187 -0.478655 0.080200 0.606823 -3.811276 -2.629634 -15.054430 
0.446547 0.316301 -0.322464 0.244056 -18.851552 -8.142806 -4.872661 
2.596189 -0.235927 -0.334948 -0.599798 -22.312650 -22.487655 -7.612900 
0.941679 -0.119574 -0.253318 0.117574 -4.850677 6.227533 -18.773363 
0.357477 0.111831 0.828852 -0.467172 -5.174619 4.273548 1.979797 
0.233141 0.417660 -0.437629 0.368070 -2.843077 -1.691293 6.935249 
0.109886 -0.615873 0.388739 0.037861 -13.060154 -0.383072 -8.902294 
0.103385 -0.621781 -0.011296 -0.421505 -2.255118 7.238117 -5.676162 
0.307529 -0.662248 0.025155 -1.064984 -9.289583 -12.797257 -15.095255 
0.224214 -0.673237 0.732508 -0.054674 -11.151928 1.737065 -29.155178 
0.688471 0.204216 -0.429552 0.433807 12.094877 -12.266470 -2.971558 
0.121886 -0.297401 0.517230 -0.452799 5.142015 -17.011203 -8.174480 
2.036878 1.073405 -0.521456 0.258017 15.746720 -12.771469 -6.421568 
0.108772 -0.123204 -0.548885 0.021627 -12.891653 15.841258 13.390201 
0.087214 -0.772531 -0.391497 -0.810848 -7.929006 -17.960723 -9.153989 
1.095005 -0.205613 0.191152 0.540446 5.332682 10.843320 5.561094 
0.462444 -0.344943 0.245381 0.933689 1.627238 0.275592 -2.042183 
1.195467 -0.059179 -0.763938 0.030768 -1.088904 -6.618233 -0.082939 
0.124532 -0.864834 -0.264394 0.316001 -4.543037 -5.483068 0.207024 
0.239527 0.565465 0.488043 -0.592514 -0.159959 -5.250157 -0.132881 
0.513647 -0.230398 0.553558 -0.077375 4.018219 6.105750 22.458615 
2.322161 -0.672774 -0.521719 -0.376950 4.638352 -2.096656 -17.428506 
1.749945 -0.455499 0.900764 -0.024153 2.136030 8.207949 -4.102767 
6.427225 0.010986 -0.647870 0.336092 -12.899486 -4.644986 8.934829 
0.187473 0.352150 0.190654 -0.613343 -3.761333 -2.885937 -5.741707 
0.080411 -0.719534 0.228215 0.062320 -16.578477 15.633239 15.186197 
0.084886 0.578485 0.155934 0.068868 -13.315871 2.122622 -1.788292 
0.210734 -0.287784 0.552225 0.618655 -6.617219 9.196532 -4.743500 
1.039799 -0.244113 -0.284031 -0.581088 16.664194 1.615053 8.295091 
0.589256 -0.480125 0.129046 -0.106662 -1.896759 -9.890890 7.544461 
0.193774 0.490787 0.709489 -0.583553 -9.448549 12.464688 2.811853 
0.204408 -0.736323 0.206377 0.227006 -4.141598 0.851437 -13.806838 
0.203976 0.548459 0.042069 0.589082 -19.264189 10.098614 12.522506 
0.100379 0.200541 0.473518 0.198509 -2.755856 -13.051047 -8.399017 
0.224716 0.309129 -0.505236 -0.073338 8.249677 -8.378114 22.909021 
0.736908 0.020673 -0.627471 0.222919 15.468629 21.078118 2.620460 
0.183623 0.249681 0.250540 -0.739673 12.952762 5.009333 -11.187829 
5.763363 -0.379038 -0.296460 -0.139914 -10.516785 -18.184809 -4.314347 
0.155563 -0.641133 -0.560178 -0.406188 5.911087 0.264343 2.532620 
0.205052 0.620125 0.285349 -0.494309 -11.192042 16.782151 6.875472 
0.256881 0.066590 0.272640 -0.878480 -7.951319 -16.098844 -1.362534 
0.383592 -0.067222 0.519253 0.822507 5.540944 -16.930048 8.997016 
0.115189 0.095414 0.096737 -0.948993 -14.839128 20.023028 -1.647181 
0.144188 0.701946 -0.239328 0.072011 -1.068042 -3.642820 8.012330 
0.208231 0.256130 0.111237 -0.623089 -13.193845 10.827635 13.830677 
0.523071 -0.695701 0.425598 -0.665254 -9.176033 -5.222515 -0.306712 
0.460238 -0.800789 -0.078322 0.814217 6.468446 -0.102063 19.879597 
0.500482 0.422466 -0.267319 -0.493259 4.425504 13.852796 -10.813894 
0.190881 -0.725185 0.353116 0.212883 12.508251 9.719988 25.814318 
0.095002 0.057322 0.652019 0.132784 4.483692 -4.091795 3.756736 
0.282526 0.613827 0.135878 -0.619569 8.867770 -3.979501 4.944073 
7.200905 0.460872 -0.225461 0.175604 -4.995215 7.055193 25.865823 
0.639887 0.293879 0.378006 0.788741 -19.672630 9.085243 1.692089 
0.088337 -0.097750 0.441096 0.084922 8.643103 -11.605297 -1.859450 
3.427020 -0.124066 -0.106126 0.063927 19.461830 -12.712667 11.961921 
0.286232 0.333697 0.582592 -0.247351 -6.209033 -14.754355 -4.987733 
0.111446 0.239597 -0.330673 0.026391 -5.841981 15.634015 17.554187 
0.194955 0.371701 -0.346074 -0.148961 5.889589 6.216173 -3.996180 
0.190041 0.386225 -0.183779 0.515834 -20.791184 5.894066 7.607682 
0.170109 0.041832 0.447037 -0.152455 -9.655981 6.400846 8.612088 
0.162386 0.657686 -0.411316 0.148059 -5.900701 -1.546432 13.774066 
1.166044 0.230827 -0.728318 0.032186 18.352137 2.072212 26.629666 
0.584740 1.043483 0.295345 0.248464 13.172835 -0.461178 4.610762 
0.396613 0.424831 -0.990195 -0.010175 -7.037055 -13.969363 -13.150121 
2.418064 0.329527 -0.223958 0.234241 -4.033127 7.896530 1.403241 
1.010429 -0.674203 0.550993 0.164969 -6.019538 -0.587815 2.630047 
2.532142 -1.085974 0.486369 0.027493 -12.682624 -4.674876 -0.750395 
0.107929 0.092529 0.968673 0.438147 8.640944 6.158391 8.183663 
0.167175 -0.505346 0.023996 -0.584172 -7.454053 -1.442940 -12.515451 
0.254952 0.565108 -0.831080 0.162282 18.238278 -5.928720 -10.764670 
0.429694 -0.645792 -0.459319 -0.052260 8.401725 2.395419 19.033046 
0.496826 -0.619926 -0.061455 -0.764254 1.959460 -4.882364 1.952222 
0.121547 0.217483 0.465972 0.425071 16.073304 -29.572663 5.053086 
0.215928 -0.076562 -0.765099 0.307854 -0.914086 10.023316 0.065890 
0.270339 0.206936 0.994480 0.476759 -5.271303 3.687948 7.882928 
0.080083 -0.710797 0.160387 -0.128777 -5.675287 5.387128 16.417434 
0.272801 0.196053 -0.370088 -0.088889 16.906720 -7.697056 -1.011681 
0.248941 -0.920170 -0.078754 0.424329 -0.941337 -8.644460 11.722197 
0.198171 0.036838 0.318627 0.350988 1.317566 -14.460243 3.538088 
0.125940 0.160583 -0.788225 -0.018838 -2.415182 12.389173 8.264067 
0.397489 -0.210412 -0.146378 0.062574 5.468868 -6.785236 12.430225 
0.109822 -0.451949 0.136182 0.343134 29.479007 7.104029 3.542549 
1.950578 -0.143966 0.952480 -0.354641 -7.354365 -3.002814 -4.623222 
0.085723 0.089835 -0.342230 -0.579682 -5.015041 4.240902 8.585603 
0.261677 -0.423800 -0.331706 -0.188135 10.542552 12.600614 -9.622211 
0.410668 -0.688305 0.803350 -0.118841 -0.893788 12.192542 16.239929 
0.278253 -0.411451 -0.091925 -0.364711 10.140378 -13.448610 8.598785 
0.362834 0.341717 -0.627156 -0.041456 -10.595884 1.345130 8.866200 
0.191416 0.544717 -0.570333 0.129304 39.567969 7.860272 -4.808030 
0.204516 0.029042 -0.349629 -0.661390 15.426119 -7.598207 -11.638412 
0.119244 0.229102 1.075689 -0.153973 0.980610 6.166007 10.398185 
0.394798 -0.398552 0.419349 -0.454575 -3.429470 -5.003889 -8.565545 
0.108074 -0.131467 -0.343892 0.688947 4.225299 2.735076 -14.190875 
1.687457 0.266431 1.001196 -0.362073 18.015648 24.729657 4.743691 
0.142585 -0.363054 -0.726864 0.160991 -1.891225 -6.055283 -9.759991 
0.999592 0.268524 -0.413988 0.611104 3.854509 9.260852 -15.988506 
0.835224 0.471780 -0.938253 -0.070919 20.019345 5.525499 -2.739550 
0.133760 0.006745 -0.392182 -0.358476 -17.275006 -12.341071 -2.144908 
2.914902 -0.615559 0.311463 0.091657 18.947018 -6.320296 -0.756915 
0.289537 0.323443 0.258206 0.174879 -7.481167 -10.303320 10.176928 
0.111589 -0.244309 -0.144100 -0.027633 -5.148388 12.076724 11.705186 
0.666435 -0.238273 -0.691356 -0.012400 -0.377826 17.526925 -4.375113 
0.118124 -0.375412 -0.063333 -0.165261 -7.127981 -11.438898 4.865574 
0.082017 0.418875 -0.422003 0.174057 -7.290253 -4.409211 10.102230 
0.384643 -0.628638 -0.036969 0.412531 -8.300715 -8.080117 -6.688779 
0.170390 0.376487 -0.170126 -0.314021 -4.091227 15.695690 17.976192 
0.164634 0.018793 0.626091 -0.491939 -6.896898 -1.260682 2.310676 
0.710018 -0.324465 0.138557 -0.037085 -15.846200 22.375673 9.515266 
0.490174 0.342382 0.072404 0.783012 -1.642220 -10.960772 -0.704749 
0.209872 -0.009762 -0.656263 0.228822 -2.757047 2.848276 19.084897 
0.191407 -1.038569 -0.703651 -0.072213 -13.093717 -6.329032 -17.248341 
0.086220 -0.451565 0.108884 -0.316625 24.488735 -1.662165 -0.837896 
0.253249 0.292040 -0.889565 -0.109277 3.831972 4.645377 0.750506 
0.443660 -0.119311 -0.341794 0.141407 12.915418 8.651440 -12.805672 
1.478874 0.417596 0.081635 0.130134 14.808477 9.029287 -0.100296 
0.997008 0.774172 0.620927 0.206402 0.500570 -0.213809 1.197835 
0.119733 -0.692503 0.746700 -0.337770 -5.244294 3.274056 -18.973557 
0.155712 -0.692138 -0.577477 0.434378 -11.512761 -2.571363 7.287213 
0.248140 -0.466593 -0.185353 0.015135 26.429405 -4.075064 -7.369767 
0.211986 -0.079331 -0.047362 1.135318 -9.426833 -13.387310 20.103776 
3.164370 -0.093344 -0.425808 -0.733788 9.682722 10.075839 -3.621526 
7.811175 -0.387769 0.800656 -0.134990 2.584044 7.568730 -3.414703 
0.119711 -0.441420 0.101620 -0.565625 -8.605745 0.302240 15.060299 
0.081905 -0.236304 0.956521 0.274443 -1.783160 19.132543 6.108827 
0.128974 0.276865 0.780759 -0.172816 -3.428919 2.022017 8.786990 
0.098410 0.401896 -0.013183 0.310067 -0.521581 1.625622 -2.901135 
0.208666 -0.359099 -0.392403 -0.658748 -15.913270 1.017829 14.126001 
0.338702 -0.491056 0.421428 -0.451331 -3.124501 -21.708693 5.694232 
0.270406 -0.705393 -0.185711 0.236154 -7.122123 -6.266080 -15.913744 
0.261780 -0.574840 0.448633 -0.616458 0.337620 1.736897 -4.943122 
0.198271 -0.398914 -0.694922 0.496003 5.736868 2.469289 -2.312958 
0.547947 -0.602508 -0.301970 -0.298170 -3.028042 -1.763549 2.026864 
0.084496 0.028511 1.025505 -0.395484 -5.084301 11.587469 8.994302 
0.547853 0.027568 0.582814 0.061731 -1.427527 -5.812078 -2.150463 
0.124445 0.346133 -0.702772 -0.241788 4.234523 0.048746 6.906738 
0.573077 -0.082384 -0.088249 0.442509 -13.253250 6.219842 -12.741931 
0.415176 -0.250721 0.612016 0.184677 0.644145 -11.168955 -16.035620 
0.878922 0.376016 0.899464 0.023936 -0.093888 -0.277824 -16.727132 
0.094683 -0.233300 0.945521 -0.673837 -3.457923 4.328486 -16.156544 
3.025229 -0.881208 0.445907 0.400772 -7.562533 19.393403 -4.688483 
0.102725 0.412398 0.771787 -0.178066 -9.321202 -4.063512 -11.895356 
1.385436 -0.513420 -0.585423 -0.098943 -27.722271 6.104107 6.674598 
0.188343 -0.413679 0.225028 -0.312713 19.616598 -10.499169 -2.292908 
0.308804 -0.773297 0.064077 0.475508 6.347608 12.414923 8.776618 
0.266901 -0.515020 0.440527 0.008749 19.863316 20.364539 5.310821 
0.352073 0.733630 0.041399 -0.810744 -1.984539 -4.668979 -10.066460 
0.588656 -0.335350 -0.211404 -0.368576 12.452827 -13.514700 -21.008265 
0.105091 -0.045130 -0.286065 0.242723 -13.088362 -5.569425 4.157117 
0.147682 -0.219669 0.404940 -0.736488 18.153013 -4.097697 -8.953319 
0.179358 0.683210 -0.518227 0.174537 0.530529 4.220509 -7.990668 
0.522896 -0.264786 0.385636 0.174103 18.560519 2.080475 -9.193073 
0.141510 -0.255359 0.216239 0.136217 16.390373 -11.319788 -18.299015 
0.105633 -0.053984 0.207089 -0.150048 -7.385345 4.286747 -13.648050 
1.115389 -0.137480 0.247373 -0.447482 6.959684 -7.645526 -6.227022 
0.100224 0.929305 -0.305794 0.533146 19.981063 -14.622409 -4.677835 
3.043771 0.411235 -0.082389 -1.021421 15.293537 -4.226181 -16.235038 
1.677124 -0.153993 -0.473462 0.699789 7.314167 -13.104373 7.192772 
0.154714 -1.166126 -0.128492 0.078852 -14.946859 -8.524859 -5.868482 
0.509531 -0.247695 -0.208276 0.053117 12.519341 -1.322718 7.747785 
0.118595 0.498307 -0.539996 0.470863 13.047494 -3.443583 8.760733 
0.192470 -0.436087 0.076533 0.009675 25.870176 0.094076 0.242124 
0.156661 -0.133681 -0.815966 0.181135 0.368433 -10.510349 20.340739 
0.269171 0.136450 -0.094126 0.550013 12.116318 8.278365 0.317994 
0.275015 0.770009 -0.323660 0.129563 -3.967549 8.129729 8.179047 
0.133107 0.535417 -0.171858 -0.585707 -8.010231 4.748624 2.835025 
0.116244 0.074791 0.242504 0.128476 16.965271 -17.202095 3.901485 
0.262815 0.192197 0.496033 0.148393 -5.065375 -13.647267 22.698222 
0.152197 0.757340 -0.143633 0.237579 -2.554808 4.904695 -24.711575 
0.591538 0.297340 -0.044428 0.514130 16.800868 -24.937395 -16.366853 
0.273814 -0.630177 -0.542325 -0.154976 -7.185031 -4.946803 0.033309 
1.296377 0.257333 -0.669221 -0.258098 -1.677424 15.217234 10.329872 
0.625099 -0.190753 -0.036647 -0.855159 1.165403 -8.537658 10.149418 
0.953431 -0.190347 -0.082981 -0.213231 -28.675402 -10.884770 17.214621 
1.362864 -0.696290 -0.071611 0.384690 -7.879019 9.637725 -1.616806 
0.388981 0.621442 -0.047401 -0.436493 -7.035341 7.230927 7.260500 
0.178332 -0.347242 -0.491723 -0.380634 30.828551 -6.448864 -3.553030 
0.372184 -0.299035 0.205865 0.469988 -15.273733 -7.858125 14.527458 
1.884918 0.371368 0.162963 -0.172135 -25.771903 1.575977 -8.699168 
0.093160 -0.744349 -0.109655 -0.423177 -11.899816 -9.414919 -8.637163 
0.093696 -0.102261 -0.154058 -0.010462 7.322720 -21.608208 -2.273642 
0.080850 0.967847 0.082438 0.220633 16.862813 -18.321140 15.451280 
0.277717 -0.170339 -1.208813 -0.067087 0.316690 -17.740505 16.169582 
0.330199 0.064614 -0.392582 0.126321 -17.385625 13.301701 13.293407 
1.020862 -0.623236 0.390254 0.171243 10.833571 10.874888 1.673095 
0.554068 0.377154 -0.184351 -0.108100 -11.801803 8.243290 8.603149 
0.410517 0.764567 -0.003269 -0.309554 10.072748 -3.813934 11.708593 
2.241100 0.557430 -0.285482 0.185701 -20.254317 -6.109355 14.462190 
0.769947 -0.119339 -0.146184 0.993358 -11.888725 -6.875298 -3.726194 
0.085466 0.427492 0.728997 0.481544 6.823865 -7.242275 -1.191049 
0.645582 0.200722 -0.113575 0.777532 -5.196700 11.595614 1.408754 
0.291207 -0.382324 0.079955 0.280337 27.210662 3.431012 -17.102481 
0.780826 0.915380 -0.037113 -0.119071 10.440965 22.635888 4.874474 
0.178041 0.055851 -0.182081 -0.252283 -8.960408 5.871197 2.434541 
0.111657 0.355209 -0.399143 -0.202383 16.483278 3.172085 6.434109 
0.141933 -0.242056 0.673074 0.651464 -9.534418 -3.444921 4.481742 
0.503658 0.464400 0.488200 -0.597619 -2.568120 -4.807754 5.798211 
0.266518 0.901522 0.009136 -0.072139 2.559633 -13.459233 -15.425714 
0.136578 -0.554143 -0.220052 0.043541 19.287936 1.960079 7.443982 
0.126498 0.312207 0.098710 0.352437 -12.663680 15.593378 -8.038578 
0.081261 0.175979 0.946453 0.354929 25.281909 4.320993 0.179801 
0.167252 -0.015118 0.108343 0.294751 -0.722860 2.202535 -7.597719 
0.607244 -0.484146 1.065535 0.427507 -3.318043 19.777065 4.628000 
0.266741 0.498087 -0.107432 -0.361319 -16.512542 10.011140 -0.240972 
0.157175 0.839480 0.040464 0.054132 -4.152294 -11.382800 25.515375 
0.366807 -0.369367 0.159242 0.588889 -0.576845 -18.145732 -8.597814 
1.030213 -0.167477 -0.018513 0.530124 0.295732 1.999784 15.774576 
0.140945 0.739190 0.776536 -0.455970 20.031995 7.393515 8.078595 
0.288794 0.362463 -0.093356 0.731280 -5.002135 -7.748129 -11.617763 
0.182724 -0.040943 0.893075 0.520482 -13.483837 9.312336 -5.331355 
0.115248 -0.291080 0.515960 -0.168206 -22.084812 12.409355 4.162552 
1.012019 -0.336622 -0.624931 0.568326 -5.654806 1.466071 1.470473 
0.292049 -0.434477 0.739013 -0.216003 -24.716556 -16.926839 6.507875 
3.273691 -0.150415 -0.018538 -0.215806 -5.197217 1.092537 15.962565 
0.507219 0.312171 0.544763 -0.520315 -11.748908 16.295022 15.173378 
0.325723 -0.512660 -0.152806 0.910684 -15.256964 7.729932 0.113177 
0.153073 -0.041917 0.900330 0.050584 14.443493 11.339126 -34.955119 
0.229855 -0.490875 -0.169816 -0.007584 6.669188 13.146686 14.478500 
0.196589 -0.277057 -0.234270 0.198834 -2.328743 -6.306404 -17.742156 
0.095001 0.190911 -0.141595 0.611181 8.855497 7.814389 -20.180068 
0.458870 -0.879841 -0.745300 -0.076631 -8.643882 -4.083339 -2.404531 
0.085890 -0.579024 0.714837 -0.591726 -4.545022 23.763514 12.846359 
0.170408 0.710898 -0.422502 0.148205 -2.269508 5.505178 -10.130163 
0.130084 0.229420 -0.199698 0.327103 0.976117 -17.364464 -0.171063 
1.384359 -0.336400 -0.409917 -0.263825 -5.534974 -0.761628 2.528459 
0.642711 0.168092 -0.390503 0.185649 -6.943669 0.596361 -17.834657 
0.176254 -0.794617 -0.371207 -0.494994 -6.288106 -0.798214 5.445484 
0.156623 0.518997 -0.223780 0.009620 -17.934385 -17.727342 1.456284 
0.874755 0.537702 0.311793 0.007573 -7.079441 -5.899746 -9.278156 
0.628183 -0.044405 0.719853 -0.244009 -6.967491 -3.474090 13.502010 
0.127719 0.090097 0.203931 -0.780044 20.194860 -7.123380 11.686500 
0.209256 0.318062 -0.131179 0.139111 7.381053 -4.247173 7.016118 
0.393003 -0.133236 -0.070587 0.244215 23.851767 9.252320 -4.059908 
0.395444 -0.843928 -0.671869 -0.616067 -10.415993 -14.816627 0.660628 
0.150757 -0.689917 0.178050 -0.200717 4.928542 -17.743415 17.832570 
0.613619 -0.200796 0.340818 0.204395 28.871445 -18.571201 -26.891874 
0.371705 -0.005543 -0.736869 -0.050585 17.935462 1.249008 4.039798 
0.128172 0.135674 -0.644223 -0.387356 -0.577640 15.406075 -1.003661 
1.227367 -0.160964 -0.272969 -0.085462 -27.048498 22.998532 8.334794 
1.287495 0.253321 0.169154 0.375053 -4.664454 -3.442132 -13.925060 
0.285623 0.126582 0.530708 0.510347 -22.148421 -7.121705 -6.058538 
0.186793 0.137368 -0.229559 0.465583 10.942121 5.599276 -20.173062 
0.151928 0.816726 0.372169 0.270180 8.205895 -3.905417 -4.787987 
0.107729 0.017120 -0.904858 0.354181 5.249661 -12.244895 -8.197614 
0.789450 0.038603 0.979557 0.514647 0.371347 4.777733 3.930279 
0.417882 0.257229 0.276286 -1.009262 16.475536 1.257987 0.196540 
0.415458 0.252600 -1.009220 -0.678649 -4.617065 -25.749715 -0.796274 
0.510419 0.484389 -0.753549 -0.192039 4.352439 8.205506 8.264350 
0.130425 0.525940 -0.023230 0.117351 8.479116 -6.327230 16.670821 
0.312402 -0.809851 0.611423 -0.234660 -0.703346 4.678070 -2.933521 
0.489643 0.314118 -0.112734 -0.932705 -2.484095 6.117074 -24.654856 
0.449688 -0.341676 -0.686748 0.463486 15.989091 7.538559 19.020735 
4.640213 -0.721130 -1.027956 -0.835692 -9.473090 -26.892477 -36.785682 
0.102329 -0.820490 -0.309783 0.481461 4.255393 -7.633380 2.015810 
0.088752 0.679735 -0.370726 0.157174 -19.718443 -5.617507 6.977404 
0.124181 -0.202547 0.079367 0.368600 14.436744 -25.520087 13.935904 
0.142677 0.846852 -0.025464 0.334413 1.615294 -8.383637 -11.619433 
0.646196 -0.541221 0.564225 0.657384 -10.181977 11.943665 -15.321694 
0.112694 0.315199 0.732810 0.304436 -12.794195 -6.198841 12.798379 
0.176104 0.583994 0.152225 0.719680 -1.288521 -7.645138 12.584963 
0.106965 0.288849 -0.118006 -0.509387 -10.750732 -8.401666 2.977425 
0.330430 -0.234059 0.600409 0.076878 -15.132070 12.342145 3.773071 
1.059937 -0.242630 0.007234 0.410696 21.476937 0.817390 -10.242981 
0.446854 -0.069944 0.445899 0.290851 2.803425 14.367881 -16.158763 
0.249843 0.266160 -0.539049 -0.250522 -1.286805 16.478850 13.436342 
0.126972 0.035429 -0.246591 -0.311865 -7.899425 -5.538156 -11.792876 
0.148713 -0.396948 0.266606 -0.120304 -5.862846 -0.481149 9.988276 
0.153845 0.260535 0.125512 0.170813 17.266343 18.558466 -10.474095 
1.523067 -0.059204 0.728438 -0.028245 -2.539543 -3.132596 1.497455 
1.665441 0.061383 -0.759837 0.556683 8.270431 -9.733273 -13.973806 
0.167356 -0.103258 -0.552848 -0.245732 17.243341 11.974002 2.949171 
1.433413 1.132344 -0.068424 -0.179848 21.009062 -18.330241 0.113041 
0.264805 0.188091 -0.493333 -0.114118 -13.616278 -22.826139 -0.314752 
0.110793 0.072455 -0.448873 0.724820 -4.818544 9.187850 -2.282559 
0.180061 -0.116122 0.430384 -0.289006 -6.864805 5.222684 -1.744414 
0.195410 -0.095767 0.068706 -1.151498 -1.497795 2.327353 -14.574087 
0.091610 0.716010 0.288214 -0.634884 18.522647 6.598243 11.060414 
0.100160 0.403869 -0.480374 -0.314835 -9.830003 -6.192235 -3.133936 
0.329612 -0.111735 -0.175560 0.268909 -16.841363 -1.283912 17.772653 
0.174903 0.376511 -0.694973 0.383738 -7.390043 -22.280855 -5.900429 
0.088879 0.275008 -0.167067 0.264808 -17.622491 2.432431 -13.065613 
1.382242 -0.732869 0.340508 -0.643632 3.748475 -10.854282 -15.970955 
0.137418 0.718934 0.597339 0.177652 -2.393499 0.602825 5.272053 
0.550522 -0.729090 0.283937 -0.447398 -9.963600 -18.047725 5.961766 
0.977405 0.237395 0.489161 -0.002402 -9.744718 12.479591 -23.618828 
1.078071 -0.309023 -0.029995 0.540392 -5.260266 18.727579 5.140234 
0.158053 -0.466239 0.320828 0.060338 7.481589 -32.093894 -6.492980 
0.173348 -0.308109 0.074959 0.432732 -4.458666 -4.429917 -9.814330 
0.082934 -0.255522 -0.528060 0.843293 16.341289 0.987733 9.597232 
0.136636 0.253350 0.299080 -0.243518 -16.091174 -10.389536 16.218846 
0.143734 0.766147 0.277420 0.311068 6.518038 5.924799 -8.436511 
0.441192 -0.319695 -0.289230 0.370031 -14.579566 7.381075 -10.610137 
0.419927 -0.551251 0.427801 0.469565 -1.609257 -11.084791 4.452635 
0.233936 0.772231 0.446494 0.192800 -9.615279 4.153934 18.820442 
0.472655 -0.327480 0.138994 0.178666 -16.786910 -10.481140 -14.116117 
0.114863 -0.357451 0.041597 0.566527 -12.947506 7.072842 -22.273485 
0.090134 -0.068226 -0.363949 0.219948 7.524180 11.604416 -1.513986 
0.541043 -0.205950 0.066209 -0.614527 30.238529 -3.747792 -0.070290 
0.282572 0.547935 -0.037867 -0.108558 -23.194178 -7.906231 0.532364 
0.115642 0.453702 -0.159445 0.069391 20.734564 -16.243974 -2.051018 
0.081355 0.309174 -0.292124 -0.507144 -23.170878 7.342989 -18.840689 
0.367829 -0.109751 -0.765669 0.096739 -8.303149 -11.258152 5.433467 
0.139629 -0.426190 0.284891 -0.009171 -6.645336 -19.612939 -7.116795 
1.352784 -0.364241 0.128290 0.526504 -10.527844 -2.992381 -5.816844 
0.125255 -0.548576 0.609741 0.278562 3.955697 -4.153333 -15.710274 
0.401327 -0.061731 -0.296754 0.598478 -1.526054 -8.172845 30.125060 
0.285734 -0.994888 -0.092689 -0.439610 -8.659055 -20.474018 -1.168151 
0.395651 -0.207406 -0.125431 -0.015518 22.611399 -13.493388 -12.694256 
0.293098 0.690764 -0.210750 0.136235 2.186409 -9.097457 12.720236 
0.087827 -0.813396 0.237308 -0.062646 -1.185663 13.116896 7.631316 
0.145431 -0.332792 -0.467708 0.785792 -18.670444 -2.012595 -6.312699 
0.180115 0.059587 0.329576 -0.432726 -22.805810 12.123458 -1.928266 
0.096200 -0.141369 0.069181 0.209339 -2.451832 -14.847563 -8.977171 
0.666776 0.361524 0.064009 -0.016689 -30.063494 -13.428246 20.538740 
0.204329 0.083843 0.316624 -0.157339 1.232725 5.995759 3.114299 
0.115895 -0.216121 -0.696573 0.614816 3.017797 9.762582 5.068070 
0.093908 -0.351804 -0.144436 -0.689910 0.249526 -10.738031 1.407112 
1.218377 -0.473452 -0.786221 0.210597 -13.955295 7.163731 9.557364 
1.577937 0.701793 0.561316 0.165816 -5.632734 0.161752 9.729124 
0.624013 0.230111 0.169626 0.525532 3.520744 -12.956975 11.385732 
0.094581 -0.166440 0.947554 0.208652 14.434385 3.539715 7.144514 
0.082735 -0.227463 -0.388361 -0.636143 0.148835 6.636790 -10.449098 
0.117562 0.554461 -0.671066 0.505535 2.295677 -11.324040 -13.610681 
0.104059 -0.053617 -0.298825 0.640740 6.583202 -16.808525 -7.587809 
1.175398 0.383074 0.434055 -0.014307 -2.255513 -3.720643 28.056733 
0.164169 0.283763 1.220254 0.231836 17.963917 17.460897 -13.333266 
0.291452 -0.045795 0.514114 0.477083 -15.871062 -0.696781 -9.313705 
0.206673 0.353985 0.372448 0.251644 -17.857430 -15.483444 -0.448616 
1.289324 -0.341566 -0.098401 0.768784 17.840104 27.190273 12.652717 
0.086315 0.212657 -0.227919 -0.253295 -1.140739 9.362365 -7.861589 
0.235153 -0.138085 0.679282 0.236824 1.791682 -8.684037 11.252953 
0.115719 -0.089249 0.039173 -0.586326 18.089878 -16.208516 -26.358004 
0.363410 -0.425639 -0.354561 -0.591058 6.097780 -4.407961 3.636481 
1.751386 0.533444 0.346223 -0.577819 18.790142 -3.805810 1.224294 
0.207984 -0.424238 -0.073323 0.649042 -3.573023 -3.690576 -2.497002 
0.102911 -0.114090 -0.586287 -0.644247 11.764039 -17.354363 3.705490 
0.178659 -0.630097 0.771315 -0.039153 2.349695 11.173274 10.433379 
1.266026 -0.432916 0.757760 -0.097001 -1.502747 -2.440197 -15.485681 
0.304509 0.490534 0.687220 0.362500 6.405093 -9.838738 5.371890 
0.111776 0.319742 -0.134407 0.210610 -1.123476 -6.610011 -9.623307 
0.518423 -0.248444 0.570501 -0.142440 -24.829306 -8.952454 27.023097 
0.412206 0.774601 -0.367216 -0.194512 -5.142442 -5.534895 14.275590 
0.151101 -0.332098 -0.368522 -0.543174 1.445876 8.629207 -4.476913 
0.220913 -0.457285 0.771096 -0.273512 3.063637 -1.855491 6.198972 
1.412488 -0.111163 0.194839 0.604939 5.021846 -4.224082 -15.142952 
13.278585 0.251512 0.527634 0.010428 -14.466997 9.211592 10.642518 
1.463321 -0.041237 -0.752466 -0.197958 -15.480063 11.586657 -0.465780 
0.120159 -0.021852 -0.907715 0.189719 12.453982 3.834477 12.048504 
0.365350 -0.425522 0.773772 -0.134607 1.537675 -4.318291 14.067906 
0.105973 -0.235037 -0.314764 -0.855855 -7.064576 -3.607526 5.757019 
0.295892 -0.731512 -0.549525 -0.347295 -5.039060 0.586598 7.566390 
0.206326 -0.262487 -0.132264 -0.162885 -15.459593 4.463920 -3.664134 
0.093712 -1.104473 0.158684 -0.046958 -10.589750 7.297824 -3.267192 
0.095148 0.100801 -0.481789 0.125323 8.368467 -2.024823 9.046232 
0.206538 0.574036 -0.168028 0.015413 -10.473274 -26.697287 3.746071 
0.086877 0.408780 0.568921 0.695449 1.616073 0.236567 3.066581 
0.089099 0.168462 0.347867 0.482082 -5.785190 -15.217398 20.663459 
0.510706 -0.061485 -0.216458 -0.586891 -20.637637 11.552063 7.576958 
0.209703 0.641182 -0.706225 -0.365076 22.950898 -7.929560 -7.854143 
0.558090 -0.261864 0.872505 -0.435801 6.746875 3.835943 4.258672 
0.094925 -0.112950 0.053300 0.589124 -5.856420 -14.621475 -5.740384 
0.169485 -0.074353 0.520511 -0.460328 2.322073 -8.080616 -15.395874 
1.190304 -0.650013 -0.142426 0.129007 -19.971451 -21.036518 5.060237 
0.229716 0.143539 0.379306 0.250342 -9.428606 -21.510489 -10.021210 
0.590880 0.512078 -0.109013 0.369602 -17.667443 -6.651813 12.517167 
0.480535 0.195518 -0.206031 0.133230 9.087074 4.041349 -9.792809 
0.234429 0.669385 0.271070 0.107016 -8.780859 -1.276332 -17.105903 
0.582021 -0.185669 -0.011329 0.574718 -23.898209 12.652281 -17.202114 
0.189197 0.391100 -0.510300 -0.539680 5.824591 -6.200056 -6.528977 
0.259575 -0.921513 0.180370 -0.215709 3.095658 3.649359 -17.043276 
0.447006 0.475749 -0.469888 0.368517 -15.150734 10.801759 4.534758 
0.147887 -0.670939 0.497481 0.089390 1.407130 1.997799 2.081187 
0.231699 -0.220952 0.759483 0.055052 -2.920916 -4.366652 -2.452877 
0.453708 -0.206224 0.115149 -0.142549 7.912794 -9.542211 -3.513567 
0.920339 -0.802120 0.376904 -0.340507 -3.477930 14.968916 -16.696097 
0.955703 -0.011425 -0.302781 -0.484694 -3.077034 12.762581 2.209513 
0.084577 0.131690 0.596222 0.187291 5.514189 -7.194575 -10.821188 
0.160624 -0.092411 -0.428934 -0.141846 -8.933974 14.702093 3.086558 
1.172148 0.249483 0.224768 0.452769 43.886933 2.551084 -43.478397 
0.760534 -0.488931 0.815932 -0.579397 7.450639 28.429588 9.557026 
0.114553 -0.834651 0.052027 -0.130663 0.150388 -17.787894 6.334426 
0.117572 0.064586 0.358217 0.245577 26.334811 -26.741209 -6.322784 
0.762149 0.273522 0.699998 -1.224267 24.639529 34.920185 -12.998806 
0.232792 0.377596 -0.983665 0.034290 3.049959 0.557029 -7.246237 
0.215009 -0.002324 0.134995 0.154159 1.764321 9.605130 -11.119503 
2.204810 -0.006655 -0.514911 0.122433 -9.532051 6.190386 -1.441520 
0.129032 -0.836396 0.069195 0.704618 -1.655570 -18.705093 43.023192 
0.374042 0.873713 0.468420 -0.314798 4.692660 0.838233 -1.033915 
0.205433 0.433484 -0.569740 0.667349 -10.553120 13.846497 21.250815 
0.160079 0.680543 -0.554235 -0.033365 -5.188977 -6.622344 6.631344 
0.136090 -0.402796 0.724735 -0.606736 -17.241496 -0.162400 4.176438 
0.119841 0.041993 -0.226479 -0.439492 10.901590 20.039575 7.436996 
0.201503 -0.705640 0.219037 0.919334 -7.900558 -10.324493 18.541171 
0.611073 0.621837 0.441854 0.543577 -1.253476 -11.248410 2.483689 
0.115016 0.449216 0.326430 -0.907595 10.396831 -12.832156 -17.914120 
0.399244 -0.168150 0.007695 -0.039786 22.475490 -20.896376 -2.345795 
0.131342 -0.415987 -0.641253 -0.620943 -6.499703 3.836154 -16.153941 
0.174201 0.053757 -0.816476 -0.179964 0.475986 -9.238603 22.618182 
0.089275 -0.620543 0.048353 0.251773 8.769712 1.645464 -10.981085 
0.438872 -0.629553 -0.390660 0.320772 8.714402 -4.844458 8.593837 
0.085636 -0.270599 0.086737 0.345475 16.443858 0.515120 2.829425 
0.582912 0.104426 -0.222654 0.188702 3.116689 12.608175 -1.666382 
0.240412 -0.648869 -0.037456 -0.572319 -23.277590 -3.434175 18.537058 
0.226021 0.609846 -0.041535 -0.305427 10.067221 4.334435 17.853054 
0.107205 0.449334 0.507678 -0.150780 -5.923039 2.556715 -7.694568 
1.102835 -0.512671 -0.061374 -0.453076 6.105383 2.212845 15.877621 
0.266126 0.379337 0.329777 0.425244 -11.842269 15.699116 -11.611352 
0.409423 0.369526 0.854548 -0.331638 -7.256760 16.243015 -10.380117 
0.089384 -0.445879 0.667933 0.152150 10.693490 -5.266666 -15.176123 
0.113871 -0.530438 -0.154965 0.085731 1.957853 -9.736467 -11.452800 
0.746267 0.152105 1.185322 0.230237 -1.482335 15.881130 -7.848421 
0.219386 -0.825188 0.003328 0.037117 -0.627317 -22.587493 -14.287463 
0.439077 0.722955 -0.109611 0.219129 -4.641355 4.611907 -20.521090 
1.444015 0.276840 -0.219172 0.320653 12.972562 -9.119875 -4.865850 
0.102731 -0.013480 -0.826179 0.418118 12.933974 -12.064216 8.421599 
0.202560 -0.655262 -0.247223 0.243091 -0.270229 -3.403327 12.857633 
0.091773 -0.114738 0.339302 0.362163 -7.067430 10.420851 -2.826497 
0.159646 -0.425827 0.854720 -0.515356 -9.534403 -0.973434 -11.287169 
0.210510 0.641019 0.635447 0.080968 -12.427345 7.549421 1.938831 
0.129464 -0.452284 0.562371 -0.184658 2.572313 1.093907 -5.838973 
0.235395 0.021614 -0.738566 0.422040 -4.223437 0.138302 5.485371 
0.392760 0.590185 0.616087 -0.144182 0.226288 -6.247662 -10.853625 
0.340464 -0.176808 -0.230576 -0.873636 2.865474 13.301882 -11.305990 
0.558675 -0.532762 -0.321810 0.459504 17.646427 -5.535735 -2.701406 
0.269181 -0.107202 -0.078737 -0.222407 14.122299 -24.759860 14.873621 
0.080832 -0.071034 0.056009 -0.419290 10.913391 20.593183 16.113354 
0.161454 0.446632 0.313388 0.559557 -0.472827 -10.542518 -8.910999 
3.272843 0.289565 -0.027529 0.409470 -4.783231 0.924548 -11.184741 
0.126733 0.758321 0.473853 0.019639 6.173669 -17.139727 -6.638954 
0.147442 -0.365000 -0.379111 -0.424448 -6.408753 -35.131095 -6.371470 
0.234874 0.252857 0.091255 -0.594400 -8.407448 11.649560 -3.183271 
0.088322 0.436011 0.062122 -0.329928 0.371332 8.651708 -23.401256 
0.124823 0.593768 -0.258433 -0.799869 -5.470620 -0.178545 -2.966450 
0.134972 0.178698 0.234930 0.365519 19.192339 17.615884 9.899664 
0.114632 -0.028356 -0.472478 0.184644 0.590786 -0.629664 9.752176 
0.145861 -0.737999 -0.501306 0.551225 3.918266 -1.522578 3.822879 
0.263366 -0.027966 -0.150270 -0.852215 -1.478713 1.854745 2.524135 
0.973808 0.405279 -0.460068 0.191064 -0.389794 -0.189354 -6.465179 
1.966409 0.137040 -0.225866 0.462613 2.669146 4.442503 -4.125031 
0.137245 -0.599809 0.122768 -0.484847 8.783820 -3.082415 -10.531408 
0.175886 0.150812 0.447314 -0.294613 -10.927428 -5.792587 -3.045892 
0.427154 -0.305584 0.471491 0.186720 -12.621659 -7.200075 14.844125 
0.305641 -0.276264 0.807651 -0.028443 -7.118535 -13.925781 -9.434042 
0.126873 0.045322 -0.059722 -0.131935 4.909328 -9.406294 -4.254700 
0.202129 0.731609 -0.375609 -0.067717 18.458422 -4.001933 21.663232 
0.103947 0.880465 0.058777 -0.264229 2.598178 16.980546 1.712807 
0.160192 -0.288651 -0.645268 0.073695 15.642831 -13.117713 8.369875 
0.087931 -0.054545 0.117287 -0.634614 -14.378177 -4.405659 2.863777 
0.201166 0.358249 0.392860 -0.237464 -21.072619 -5.645135 8.253916 
0.129271 0.408411 -0.305937 0.617159 -10.089619 -8.915411 7.531597 
0.244547 -0.078676 0.239751 -0.726706 -13.213713 -0.396521 16.627704 
