0.202999 -0.126593 0.366379 0.043803 3.149261 20.595284 -15.861346 
0.583882 -0.382992 1.102939 -0.119954 13.285378 15.841838 9.916692 
0.585149 0.033121 0.043431 0.585084 9.173534 -6.421488 -16.895849 
0.085689 -0.278389 -0.629148 0.661495 -15.804947 5.950586 18.452198 
0.090936 -0.123755 0.175578 -0.339441 4.563170 13.504421 -12.621969 
0.457888 -0.777636 0.816763 0.879709 -12.667177 -6.802125 1.337627 
0.179449 -0.629609 -1.297835 -0.652890 -4.205235 -5.655228 -5.188352 
0.103175 0.904218 -0.923835 -0.693447 2.267843 -14.396257 2.327511 
0.199182 2.347216 -0.552965 0.462397 15.654595 -9.473524 3.648208 
0.109107 0.660742 -1.740360 0.558755 0.596473 -7.607936 7.494686 
0.232498 0.323563 -0.457963 0.297779 -7.748222 0.645732 -13.522439 
0.683878 -0.147539 0.816400 -1.147389 -12.202925 -3.262099 -10.961669 
1.809017 -0.037571 0.168434 -0.044774 3.683480 -1.952847 -2.981577 
0.133767 1.156119 1.037565 -0.567507 19.393678 6.682572 4.554331 
0.207935 -1.093532 0.635679 -1.257153 -6.318112 15.086194 -3.629351 
5.586845 -0.149014 -0.134575 0.069577 17.167927 8.676746 -9.762923 
0.099031 -0.189529 -0.456800 0.521584 3.498522 13.606384 16.836193 
0.095457 -0.254502 -0.162538 0.387256 -12.269538 -9.998142 10.061138 
0.166412 0.365109 0.806976 -0.736592 1.510316 -4.611544 -16.527136 
0.401973 -0.462257 -0.983689 -0.368465 4.891297 -19.575793 9.443519 
0.149690 0.272531 0.479197 0.503750 -14.783437 4.881190 16.491944 
0.135040 -0.402231 0.202579 -0.098980 16.061151 15.417649 1.425914 
0.230700 0.915396 0.263166 -1.023846 -0.098320 10.833993 -3.705834 
0.296048 0.192974 -0.789937 0.043955 -5.524416 9.212007 12.574354 
0.089040 0.068364 -0.470202 0.525783 8.261814 -4.893732 -1.647348 
0.218861 0.899688 -0.858286 -0.543992 12.432524 -2.413466 -1.879702 
0.780326 0.816014 -0.319481 -0.845798 3.481732 -12.270132 -8.308297 
0.110177 1.040918 1.305735 -0.193345 4.805221 9.228744 9.933206 
0.308745 1.072100 -0.741525 -0.675417 13.405676 -21.742722 -8.224067 
0.930095 0.178812 0.118729 -0.353941 8.122685 1.325845 -7.585010 
0.154448 0.174118 0.494737 -0.202531 13.479718 12.906740 1.097149 
0.449860 -0.072198 1.317733 0.204555 -6.728873 -0.366693 10.324576 
0.194281 -0.585446 -0.348032 0.503034 17.939185 -0.389468 -1.771148 
0.121470 -0.107457 0.503731 0.962833 -15.351047 -2.216515 16.891741 
0.388680 0.113182 0.177446 -0.784671 1.815761 15.083545 4.669362 
0.552874 0.437130 -1.563039 0.188904 -4.995678 -13.885099 12.459962 
0.107074 0.273753 0.270910 0.609239 11.718736 -19.109806 10.292277 
0.218546 1.146596 1.515611 0.286069 2.141796 9.874332 -1.071712 
0.118025 -0.353328 0.018085 -0.360364 -12.583108 -17.334992 8.333077 
0.176826 -0.155202 -0.367479 0.853571 -11.876236 2.208418 5.787896 
0.123628 0.141904 -0.536193 -1.032698 -4.382930 5.188522 1.256560 
0.103987 0.622971 -0.640494 1.889077 16.556739 4.260859 19.756677 
1.612405 -0.169633 -0.078897 0.608527 -7.516416 -3.337332 -3.967928 
3.952128 -0.396815 1.731694 0.097482 0.181512 5.332377 8.546185 
0.090817 0.177713 -0.058511 -0.024412 17.862434 -4.621113 1.187788 
0.094271 -0.309528 0.547830 -0.349062 3.660349 -9.468174 -4.565080 
0.105198 -0.129307 -0.397232 -1.352624 -14.609662 -2.093004 -7.592718 
0.122132 -0.445137 -0.068897 0.093413 -6.225851 -5.102905 -4.880483 
0.167817 0.038240 -0.884138 -0.351430 -11.824788 -6.359556 11.784559 
0.138488 -0.581842 -1.885932 -0.521162 0.223342 -16.447185 5.619446 
0.701272 0.939339 0.250022 -1.176347 27.827381 2.799835 -4.433791 
0.367183 -0.015470 0.305469 1.340850 1.220519 -9.978991 10.424803 
0.116639 0.470583 -0.540110 -0.194464 -3.536279 -1.573223 -2.385191 
0.156405 -0.641353 0.340051 -0.785763 -9.478835 4.319449 -13.954905 
0.118162 0.190082 0.039699 0.321280 -11.403897 18.170014 9.808691 
0.151293 0.109083 -0.235619 -0.393150 -4.618814 -2.287948 -20.303776 
1.456612 -0.453536 0.143734 0.428636 -1.939057 3.433539 23.920754 
0.095248 -0.449597 0.630256 0.065529 -7.933197 2.899849 -13.604537 
0.298886 -0.097871 0.120950 0.227164 -10.546274 6.826336 26.165948 
0.512636 -0.181915 0.649266 -0.000709 -4.003257 -4.031007 18.581729 
0.121466 0.848353 -1.480374 -1.987741 13.124623 -13.058871 -13.100615 
0.863813 -0.698965 -0.396800 -0.365673 4.741949 -2.417604 -10.047308 
0.283593 -0.692251 -0.303451 -0.507832 -3.434326 1.051219 12.555175 
0.114183 -0.350703 0.920891 -0.250172 -18.901604 10.491607 -0.267214 
0.387857 -0.085190 -0.264984 0.574699 -9.479926 -10.743163 -11.794719 
0.102340 -0.310187 -0.330434 1.203474 -6.639530 -16.662108 11.790078 
1.423034 0.666274 1.367905 0.023783 12.845434 0.315248 -3.452575 
0.118440 0.229630 -0.094802 0.890061 4.935204 -7.564003 -9.443118 
0.087317 -0.412420 0.096034 0.469680 -10.393975 6.047125 23.707539 
0.115648 0.009516 -0.410846 0.834398 -1.436124 3.678477 16.032347 
0.335498 0.095819 -1.001080 0.649364 9.968681 -13.622405 -9.231062 
0.109210 -0.106194 0.425223 -0.859605 -8.950997 -6.530247 -2.678087 
5.398343 -0.026174 0.297657 0.352383 -22.971437 -4.257077 1.095404 
0.438696 -0.636777 -0.323352 0.070201 0.347362 -14.172889 -13.867871 
0.102783 0.304564 -0.193371 0.181156 -4.150113 -16.986023 17.105756 
0.317653 0.846725 1.190010 -1.403467 -1.876327 20.490916 -10.862982 
0.117399 -0.315498 0.407746 0.141428 -8.389198 5.579422 8.355177 
0.135796 1.870882 -0.047542 0.341361 15.650213 -12.787411 5.086539 
0.139152 0.068804 0.693906 -0.045230 1.522265 3.735793 -5.193145 
0.081844 0.351538 -0.281654 0.473265 -6.431848 5.658450 -11.276784 
0.210768 0.063225 0.000034 -0.895408 -10.422247 -4.673526 7.505783 
0.087151 -0.207594 0.044067 1.743348 9.881528 -4.353109 22.533725 
0.247564 -0.057572 -0.885354 0.291184 -11.119982 -19.855326 -9.608075 
0.118055 0.442012 -0.840415 -1.112230 -7.229599 3.540458 -12.849657 
0.133708 -2.100820 -2.215217 0.215865 -26.265019 -30.439127 4.738630 
0.137951 -0.504494 -0.366398 0.298566 1.576301 -4.129954 2.677183 
0.295736 5.202793 3.215638 -1.288698 81.116809 45.898378 -20.635874 
0.093592 -0.151746 0.310481 0.004488 15.714512 -0.247987 -8.696959 
0.180968 0.163962 0.770153 -0.400770 -4.881289 -5.197319 11.574700 
1.058781 0.347585 -0.101257 -0.371290 2.214003 16.094197 8.815873 
0.086350 -0.001873 0.047999 0.527592 -2.972920 1.044942 5.810691 
0.263354 0.175549 -0.547921 -0.058522 -13.413291 12.356915 4.173212 
0.556778 0.186699 -0.052213 -0.544918 4.643899 -11.997055 16.281897 
0.139284 0.239036 0.158279 -0.381146 -13.015302 10.043519 15.738248 
0.478468 0.286919 0.264698 -0.566571 -11.210197 -5.359788 -0.556526 
0.165293 -0.007288 -0.029800 0.054699 -3.870615 21.737859 -4.737461 
0.493788 0.032233 0.053847 -0.620791 12.413068 -1.810190 -14.015501 
0.252788 0.698952 0.188853 -0.388286 -0.006400 5.213643 15.533454 
1.145613 0.485041 -0.683977 0.773306 -6.523713 -15.826934 8.290076 
0.388183 -0.268258 0.518013 1.135163 2.300987 12.525639 13.018814 
0.094407 -0.072185 -0.312237 -0.052340 -11.840031 19.700018 8.806217 
0.126740 -0.145288 1.163605 -0.007204 -3.475829 4.121314 2.379517 
0.323270 -0.155051 -0.276254 -0.087921 -7.788089 -9.889086 -16.598197 
0.198042 -0.467665 1.807981 -0.158008 -16.382989 15.620603 2.499528 
1.167561 -0.212065 -0.443199 0.425200 14.357292 2.379518 -6.421914 
2.697368 -0.125625 0.208137 -0.062720 17.378727 0.023647 17.143955 
0.376011 -0.588008 -0.386070 -0.174330 -21.767167 2.967705 -4.169994 
0.588263 0.083027 -0.210206 0.286547 -9.817268 1.886607 -23.430226 
0.138650 0.367957 0.372873 -0.553026 1.623391 13.152451 13.863640 
0.373816 -0.032275 -0.433352 0.995453 0.599978 11.000495 -4.585934 
0.401930 -0.200773 0.790332 -1.026367 -2.846358 1.706454 -5.872119 
0.263064 0.373072 0.366486 -0.080054 10.579811 -1.944653 5.887854 
0.459762 -0.980037 -0.402471 0.267791 -6.802792 10.798703 16.222382 
0.328088 0.192245 0.560868 0.346713 -8.792400 -3.936805 -5.920678 
0.860282 0.260484 2.296422 2.066232 -2.385584 27.653930 33.276071 
0.273055 0.310370 -0.352780 0.261859 -3.918871 -16.849787 12.489977 
0.396253 -0.937381 -0.670033 -0.068598 -7.990779 8.448707 -3.551825 
0.246288 0.022180 0.298725 -0.323489 -6.055238 13.598187 -0.930163 
0.730294 -0.339424 0.209886 0.282344 -20.545921 -1.021982 2.264049 
0.278430 0.074694 0.784177 0.102293 -10.402413 3.288225 7.930672 
0.151503 0.211708 -0.773439 -0.893806 -3.338647 -2.054657 -18.725873 
0.100432 0.623748 -0.101827 -0.329073 8.316596 13.928729 6.740416 
0.082624 -0.421133 -0.684789 0.530127 -16.355211 12.949999 -2.853709 
0.114711 1.072221 -0.112577 -1.326411 5.487628 -13.277246 -6.273301 
0.192666 0.275708 -0.211028 -0.797981 -16.578561 2.609741 -14.366548 
0.287114 0.582105 -0.916049 0.797911 9.480529 -12.610269 -8.522111 
0.585359 0.642315 0.598410 0.503714 1.732568 -5.787800 11.564730 
1.376095 -0.024960 -0.711352 0.167791 12.274536 -25.223763 3.436194 
0.431641 0.775712 -0.894944 -0.426023 3.144508 7.210348 -8.411198 
0.136683 -0.464382 0.541516 0.440040 -12.443581 -15.215088 10.088727 
0.323241 0.652454 -0.271263 0.269256 -3.890995 -7.459552 -13.754914 
0.391024 -0.682046 -0.032918 0.297077 -10.902889 9.397605 -10.392522 
0.112116 -0.087037 0.644580 0.288961 3.418603 11.092377 -14.068451 
0.116547 -0.039674 0.824704 -0.447919 7.469924 2.871900 7.073166 
0.952396 0.440450 -0.202314 -0.044993 -16.361730 -13.227032 -4.156695 
0.374161 -0.637980 -0.066033 -0.304502 4.553339 -17.558383 -5.515439 
0.178419 0.300694 -0.067465 0.183289 -14.593891 -1.372753 7.323215 
0.192961 0.293604 0.853571 -0.978447 -6.132512 -3.791560 -15.150439 
0.763069 -0.227151 0.457376 0.497813 1.690764 -0.580897 20.958012 
0.181019 0.267845 0.417854 0.339913 -21.938490 -3.663169 11.942532 
0.393969 1.074550 1.277381 -0.213160 13.595454 24.880746 9.120525 
0.408300 0.520108 -0.003544 0.139828 2.163478 -1.468818 -3.241556 
0.506972 0.558841 0.053799 -0.393688 -5.251466 -15.505580 -13.670042 
0.168852 0.545068 -0.833315 -0.056085 0.889873 1.461840 15.919628 
0.196085 -0.358870 0.263329 -0.037121 14.777188 -9.628922 -0.223294 
0.836938 1.101529 -0.740615 -0.037203 1.363438 0.730110 -9.156188 
0.701221 0.237225 0.085223 0.025188 -9.077580 -21.307810 7.138204 
0.263429 0.040946 0.571557 -0.021614 2.104016 3.345616 3.265544 
0.151360 0.768252 -0.492960 1.476583 -7.206370 -9.415525 12.429135 
0.449375 -0.103981 0.501006 0.186130 4.922814 -15.507216 -0.460241 
0.108928 0.963264 0.476710 0.849716 10.460114 -12.589228 9.319650 
0.090465 -0.614904 -0.217185 0.652380 15.031700 1.726120 -2.592181 
0.531060 0.275495 0.775013 1.780767 -8.598341 12.803909 12.031784 
0.272013 -0.187689 0.714618 0.869690 -18.573311 -0.100361 7.031725 
0.127889 0.597080 0.025108 0.081432 -7.344186 -4.718515 -7.589672 
1.070260 -0.189922 -0.477486 -0.173746 -0.917394 -2.755619 0.164746 
0.111702 -0.423662 0.004445 -0.553487 -14.634586 10.440828 12.356875 
0.275275 0.726570 -0.581050 0.304487 15.631369 -1.565860 7.100325 
0.433814 0.169898 -0.096384 -0.234485 -21.276854 -12.984509 1.258289 
0.121123 -0.087015 -0.523515 -0.573606 -10.056203 6.757650 -18.672710 
0.604561 -0.789858 0.862668 -0.177753 -4.603635 7.198917 15.900125 
0.672200 0.758786 0.037754 0.665673 -1.031531 7.780857 18.864324 
0.485099 0.466570 1.734280 0.326953 2.150455 11.023934 9.781479 
0.088968 -1.737116 0.132133 -0.092229 -7.199938 9.628303 -0.709253 
0.372330 -0.075128 0.448330 -0.030100 -16.118725 -12.415411 -10.815148 
0.427499 -0.223870 -0.385169 1.471611 11.014823 -12.035256 7.568513 
0.148166 0.634287 -0.703984 -0.558314 -3.245550 -14.110509 -2.900768 
0.205405 -0.166836 -0.943900 -0.822786 1.125340 -11.809297 -2.062413 
0.273438 0.288139 -0.469487 0.155234 16.605520 14.075990 -2.966205 
0.257004 0.629309 -0.134790 -1.244667 5.657681 15.268526 -15.700396 
0.083821 -0.706897 1.866596 2.008642 -13.055325 24.310361 41.063941 
0.673429 -0.335860 -0.275927 1.443974 3.260174 -2.105353 7.531757 
0.093338 0.000422 -1.215688 0.994771 4.026699 0.809438 3.708883 
0.097693 -0.037670 0.013558 0.237907 -3.362346 9.464882 24.343107 
0.081727 -0.147302 -0.315783 0.185058 6.514305 5.341654 15.737218 
0.417045 0.447047 0.009689 -0.258442 9.108438 4.839559 -4.375216 
0.387177 -0.740959 0.039087 0.217043 6.423866 -5.969950 -7.132795 
0.350927 -0.534396 -0.540280 0.502383 -8.348682 9.258266 -6.753937 
0.081891 0.159270 -0.045581 -0.981115 -13.830321 -2.066842 -4.434204 
0.111530 -0.541158 0.450735 0.941194 -7.896153 2.508569 21.843524 
0.729211 -0.226918 -0.125472 -0.179210 11.109506 -1.072034 -5.015168 
0.081209 0.612410 0.147439 0.276991 -13.057309 -6.918892 3.073017 
1.066327 0.378815 0.280404 -0.510316 13.782670 11.465381 11.825285 
0.844840 -0.670010 -0.040132 0.354089 -16.243080 -6.419535 0.404842 
0.286414 0.329275 -0.336886 0.677347 -2.813167 3.337788 -10.304297 
0.108220 0.248105 0.332786 0.384873 10.424492 -17.611872 -4.329292 
0.106446 0.538295 -0.436087 0.089839 19.959758 2.226818 -5.633396 
1.618982 -0.033470 1.870397 0.101121 -12.308694 18.602616 -7.829664 
0.126190 -0.660153 0.032514 -0.309009 -9.601481 -7.146121 -12.492674 
0.666898 0.311712 -0.098256 0.425570 -1.022023 -1.650728 -0.007525 
0.355266 0.264359 0.068065 -0.389568 -12.137760 1.320012 13.298163 
0.365762 -1.306406 -3.107820 0.073943 -19.678552 -33.033022 -4.796332 
0.430606 0.609749 0.721990 0.275285 -3.904986 7.421205 5.205559 
0.100431 -0.091632 -0.878128 0.816451 18.683556 -1.589047 3.008317 
0.189647 -0.195799 -0.202422 0.360214 -22.282616 1.120966 1.117345 
0.132254 -0.575718 0.134051 0.342173 -8.052967 -14.750197 12.124987 
0.500139 -0.455284 -0.524291 -1.105731 -16.535660 0.065896 -10.896915 
0.175237 0.234653 0.756100 -0.441775 -11.404873 13.698823 -11.846587 
0.123696 0.093261 0.698581 0.013407 -5.099906 -2.468302 10.495647 
0.195281 -0.375583 -0.780159 -0.454368 -5.621466 -0.942299 -18.510440 
0.599939 -0.855687 -0.496968 0.576841 -27.062234 0.534562 -6.476340 
0.192741 0.059878 -0.382509 0.109759 -7.436703 -13.853839 12.907920 
0.200778 0.994023 0.661160 0.161758 6.180652 -9.968724 -0.384336 
0.177472 0.020504 -1.142877 -0.206546 -4.107697 -3.028243 -17.106435 
0.127855 0.225130 -0.958585 0.530877 3.327294 -14.314270 -4.071111 
0.220526 0.009005 -0.224702 0.368750 -0.959075 -13.004882 16.922243 
0.627642 0.119240 -0.232935 0.423720 13.450614 -9.210307 5.516358 
0.637465 0.025764 -0.229888 -0.033486 -18.300805 13.095345 6.515996 
0.169117 -0.150952 -0.925491 -1.046728 4.797925 -1.843902 1.692437 
0.114784 -0.535199 -0.279694 0.347221 0.307324 -19.638534 -5.754599 
0.135557 -0.044922 0.209455 0.329881 7.918637 18.359839 3.078733 
0.579415 -0.954432 -0.210918 -0.168090 -3.695859 0.265930 17.522796 
0.624848 1.149046 1.098546 -0.501628 23.104053 19.031331 -4.335646 
0.385484 -0.920854 0.896708 0.293644 -13.048399 -0.992906 14.877437 
3.082417 -0.493573 -0.152168 0.353562 -12.358920 4.392539 -3.599055 
0.310489 -0.163460 -0.531063 0.262522 4.837382 -6.015606 24.943733 
0.457154 0.006972 0.176393 0.418120 13.622965 11.542111 -5.164862 
0.279294 -0.530316 0.399311 0.834128 -5.244223 -2.417576 -8.423096 
0.089763 0.213889 -0.293764 0.137055 2.318857 -8.547848 -19.389760 
1.249225 -0.466799 0.618329 -0.059144 -16.818589 13.180256 7.598144 
0.163561 0.616862 -0.588949 0.169997 8.926623 -11.083947 -5.779121 
1.702665 -0.527193 0.482346 0.742948 -0.853808 7.292506 13.023091 
0.087567 -0.029539 1.121656 -0.192905 9.942736 13.644430 -2.035991 
0.192231 0.073562 0.407400 0.171617 11.223482 3.092222 4.306534 
0.122081 0.687224 -0.005443 -0.137399 -7.988457 -10.360773 -14.195578 
0.088452 0.108689 -0.768223 0.336932 -0.582568 5.929275 10.812353 
0.470758 -0.817531 -1.784075 0.125280 -4.712052 -10.486316 7.407754 
0.196106 0.102472 -0.061573 -0.086165 3.731513 8.428551 7.923771 
0.163499 0.802412 -1.593860 -1.176288 15.342340 -19.146458 0.517263 
0.080867 0.755436 0.784391 -1.807163 22.589303 17.242418 -14.026309 
0.223604 -0.060143 0.157178 0.310677 -25.945223 -3.652382 15.713392 
0.155926 -0.679251 0.664836 0.615070 -11.209696 -5.643725 4.259953 
0.238387 0.343882 0.658378 0.037575 -5.056397 3.207985 -17.862556 
0.106154 0.116181 -0.108752 -0.065225 -7.824156 -20.601652 -16.244299 
0.169911 -0.472378 0.543246 -0.485742 10.787564 -8.811247 -6.104554 
0.113329 0.744674 0.582970 -0.246368 10.245498 7.700036 15.543384 
0.192419 1.166523 -0.942762 -0.172145 6.827773 -23.185001 -8.866741 
0.594225 -0.462538 -0.217901 -0.719091 7.928684 4.449360 5.880734 
0.085164 0.078175 0.078060 -0.490414 -18.206323 -4.246203 -10.664774 
0.117057 -0.021663 -0.148404 -0.265122 -6.168535 21.697958 3.532867 
0.205043 0.115459 -0.173145 0.249699 8.573913 21.146883 -9.554180 
0.234649 -0.291488 -0.531082 0.471961 19.504671 -7.537739 6.654729 
0.487672 -0.049658 0.586483 0.297178 3.838582 20.571982 18.025275 
0.223182 0.481340 0.017485 0.050095 -7.961435 -16.470909 -6.237936 
2.476904 -0.631424 -0.870929 -0.025629 -1.112328 2.516725 -17.083623 
0.441734 0.555033 -0.027012 0.156310 13.206473 10.762675 6.068932 
0.230397 0.550527 -0.122590 0.401953 -7.085813 -9.123636 0.139198 
0.689100 1.549409 1.279217 -1.527302 22.428778 8.027550 -10.765812 
0.815528 -1.390653 0.665352 0.102041 -19.803583 -0.171430 11.188735 
0.161492 -0.317376 0.556712 0.239323 9.414327 13.432018 -5.771951 
0.542296 1.972616 -0.407878 -0.524277 12.045613 -8.195039 -0.875742 
0.146522 0.373736 0.511448 0.514083 -12.784749 -6.606528 10.334343 
0.256037 -1.206634 0.276255 -0.508542 -7.685946 -10.590628 -7.532959 
0.887681 -0.813687 -0.580128 1.196880 -0.987034 8.681461 6.876402 
0.101372 0.019512 0.249654 0.477639 3.415690 12.128963 -5.375603 
0.141931 0.606130 0.252987 0.271722 -5.470927 11.487628 -0.126579 
0.178446 -1.086952 0.511290 0.416201 -5.186976 8.303197 6.408368 
0.083374 0.331186 -0.277688 -0.987429 3.168489 -1.722541 7.950980 
0.376685 -0.318643 -0.337455 1.328785 2.715640 3.132943 3.235457 
0.585808 0.093718 -1.131151 0.214732 -12.773230 -8.627032 9.354463 
0.102075 -0.063648 0.331403 0.544832 11.371107 21.088598 9.117768 
0.086694 0.738978 0.948133 -0.373022 20.261773 12.541768 3.561932 
0.654455 -0.250988 -0.112520 0.485610 4.788912 -4.636538 -4.158932 
0.442796 0.128906 -0.087384 -0.471781 -19.884810 1.752192 -8.846843 
0.103990 -0.529316 0.885886 -0.283835 -1.648560 6.857601 -4.516065 
0.137893 0.049421 0.116426 0.368956 -31.290759 -12.416977 -3.309403 
1.044939 0.656329 -0.176735 -0.325574 11.115217 4.565711 -4.695775 
1.025335 -0.371732 -0.053315 -0.090402 8.701462 -6.330157 -17.790944 
0.472835 -0.494890 0.005797 1.150589 -22.998714 3.527193 7.541709 
0.672168 -1.307247 0.942229 -0.136295 -22.298091 4.883774 12.903605 
0.208490 -1.501854 -0.655213 -0.110956 -10.158162 -14.762669 -1.965359 
0.292610 -0.846199 1.315101 0.048940 -6.724487 16.639454 13.965554 
0.111344 -0.150508 -0.336207 0.809937 -2.455195 -3.270169 17.867439 
0.466067 0.131829 -0.378503 0.697438 7.941350 12.852130 4.978470 
0.112109 -0.106148 0.419879 -0.002242 -13.476377 -13.525587 -3.349635 
1.021373 -0.148955 0.126917 0.102501 -21.648901 -5.444113 14.632612 
0.247245 -0.769560 -0.565873 0.839809 -25.221051 -3.708383 14.281689 
2.937998 -1.920433 -0.378340 -0.158726 -16.146563 -9.357054 9.518389 
0.112201 0.326152 -0.309541 0.109869 -0.615271 -18.260697 -8.419697 
0.941373 -0.195565 0.392230 0.084415 8.663292 14.939375 1.112665 
0.186332 0.654293 -0.344471 -1.031271 9.618698 1.957478 -5.815973 
0.206312 -0.267166 -0.119999 -0.414954 -10.868086 12.289421 -3.991869 
0.087521 0.393931 0.894195 0.717595 -4.584372 -3.414751 -2.773271 
0.337060 0.365579 -0.089832 -0.004836 -3.410420 -18.714540 -7.669235 
0.506829 -0.014039 0.005872 0.852630 14.313471 4.370776 16.767431 
2.506229 0.624237 1.166027 -0.476183 -9.148451 10.441187 1.289672 
0.109658 0.521836 0.202147 0.242391 5.725889 -2.314647 -16.761563 
0.093631 -0.170886 -0.062535 0.172104 -23.413186 13.927059 9.075754 
0.994606 0.547934 -0.169643 0.479990 8.184957 1.431380 0.632900 
0.184780 1.366048 1.779100 0.141014 7.443489 12.339861 -2.229915 
0.113864 -0.043282 -0.257139 -0.204998 0.482140 17.414983 -8.689384 
0.500571 1.146884 -0.857590 -0.948590 23.657738 2.495050 -11.030978 
0.375402 -0.075948 -0.005635 0.779748 8.997410 -7.887382 0.962082 
0.121279 0.476821 0.021977 0.582489 6.854738 -1.705407 -16.614980 
0.437171 0.463949 -0.022610 -0.436224 7.295609 0.114696 -15.647161 
0.420529 0.051557 -0.386369 0.226943 9.806582 6.600196 -10.934386 
0.140832 0.277176 -0.294989 0.169641 1.493614 5.206767 15.291166 
0.317286 0.181248 0.428424 0.040418 -0.226084 11.846147 -3.832081 
0.092539 1.244569 -0.064544 -0.827795 4.583405 -7.496391 2.913572 
4.198783 -0.248458 -0.160380 -0.200592 -1.586211 9.172119 -13.268260 
0.435794 0.353070 0.024009 0.040566 -17.031494 9.989643 12.624750 
0.299195 -0.022487 -0.097140 -0.675241 -7.207840 -14.973339 3.301247 
0.366428 -0.643942 0.479308 -0.488441 -17.919507 -0.858883 12.375739 
0.300202 -0.048429 1.995363 0.873813 -8.284476 95.412412 32.636410 
0.585186 0.128729 -0.227667 -0.175266 7.124003 3.947792 21.545188 
0.524509 -0.187819 -0.188045 -0.316305 -7.531470 -16.172685 -4.690481 
0.292083 0.136515 1.638056 -0.219489 4.659996 8.711770 11.926687 
0.107699 0.091746 1.344665 0.898425 -5.877493 9.315775 16.200827 
0.744916 -0.621458 1.108895 0.490074 -3.664971 24.142002 4.067434 
0.131940 -0.531617 1.442487 0.048415 -16.453016 14.811169 -0.831619 
0.104491 -0.607539 -0.542049 0.914529 -19.485117 -1.696127 18.977472 
0.504475 -0.154404 0.121617 0.036649 -7.809659 -2.994716 -7.804110 
0.159200 -0.186085 -0.248499 0.182848 -12.306455 5.629162 -14.364585 
0.144224 0.747240 1.846458 -0.807587 -0.162792 19.440077 2.401003 
0.221063 0.342852 0.488393 -0.422105 -15.869184 2.036745 -12.026959 
0.339783 -0.129320 -0.036929 -0.612168 -7.174868 -14.229545 6.175632 
2.985742 0.827742 -0.612673 0.320017 16.221795 11.400471 -6.340038 
0.098040 -0.313559 -0.213255 0.052222 8.057567 9.208060 -21.028106 
0.364111 -0.216857 -0.224153 0.220615 -19.805664 2.406961 -16.554538 
0.144886 0.169734 0.230608 0.453784 16.378685 5.808857 -3.546320 
0.360597 -0.186704 0.151354 0.006230 -7.906886 19.224668 -12.217812 
0.254317 -0.986628 0.539193 -1.131861 -8.205334 -6.246763 -4.134446 
0.555913 -0.161047 -0.560645 0.005632 12.415209 9.716695 -3.882223 
0.416651 -1.675842 0.161992 0.061001 -18.299148 -5.932607 -7.203998 
0.151008 -0.270702 1.346797 1.390022 0.947501 7.381413 6.543348 
0.577563 -0.154553 0.342788 -0.202250 4.775477 10.176720 -18.187310 
0.141965 1.268967 0.495231 1.701144 7.972405 0.228539 24.574036 
0.120024 0.111286 -0.191706 0.301402 -16.891119 5.764396 17.025871 
0.182852 0.461992 -0.838885 0.228658 20.650935 -8.024889 -0.892202 
0.189724 0.269828 -0.074082 -0.367974 0.646691 6.659554 -23.506317 
0.150160 0.352556 -0.627016 0.817050 -1.493741 -16.323315 17.969921 
1.373741 -2.385760 -0.632808 1.100662 -22.847110 1.574078 10.029001 
0.283453 0.292131 -0.012372 1.278339 8.532539 4.969337 10.506947 
0.170281 -0.721759 -0.384112 0.168377 -1.217718 11.288065 17.197873 
1.505698 -0.805451 0.659489 -0.060251 3.767968 -2.458877 3.255447 
0.360047 -0.827995 0.510485 -0.171286 -15.963423 1.037917 -10.222781 
0.588861 -0.041158 -0.637259 -0.282585 -17.065565 3.828912 6.254888 
0.381565 -0.271174 -0.551892 0.076269 -18.903677 2.178523 10.527556 
0.166121 -0.083924 0.745783 0.198393 -1.979657 -2.464499 -0.902508 
1.652096 0.191178 -0.343678 0.060722 1.770355 13.042072 2.691556 
0.215498 1.571270 -1.599007 0.680829 18.782428 -8.191209 1.872817 
0.524663 -0.292332 0.424859 0.382725 -5.368700 0.164632 11.516447 
0.489037 -0.173716 0.375391 -0.293198 -21.675137 11.728726 -2.012602 
0.247044 -0.016805 -0.058852 0.616603 -11.915664 0.604300 5.454444 
0.408569 -0.687089 -0.163081 0.414539 12.278117 12.034480 1.480807 
0.429966 -0.296794 0.174845 0.252411 -9.259723 -1.103162 3.630070 
0.205030 1.156214 -0.534045 0.242288 9.597112 -12.467628 -2.657753 
0.104504 0.715206 -0.034306 -0.554770 -4.580319 4.786891 -5.508286 
1.704172 0.531241 -0.856023 -1.148813 -1.270624 1.696561 -10.281971 
0.208973 0.537196 1.048958 -0.899840 4.585113 -0.300934 -4.745636 
4.631110 -1.063267 1.236733 0.460815 -7.538174 3.447270 14.616260 
0.135103 -0.172293 -0.062739 -0.204566 -1.134593 -14.977192 -3.411795 
0.169606 0.348858 0.427022 0.715074 7.133843 16.653525 -4.895179 
0.567692 -0.801309 0.313451 -0.704524 -19.600198 -10.276388 -7.693453 
0.214292 0.197780 -0.215308 0.889158 -7.184565 4.307088 22.700113 
0.450345 -0.202915 -0.261086 -0.558191 -2.685244 14.446240 8.628738 
0.407103 -0.171209 0.288026 -0.234586 -9.013137 1.366846 12.956954 
0.846636 0.156645 0.320741 -0.152113 -1.502719 3.189310 -2.420887 
0.123163 0.835117 -0.498820 -1.671886 4.526123 -9.861667 -12.361381 
0.120648 0.158202 0.684740 -0.426148 -7.782000 2.355259 -16.079077 
0.387333 0.198734 0.875774 -0.091271 -10.124774 10.926220 12.089674 
1.095352 0.241494 0.433300 0.508698 -9.791140 0.723607 14.261370 
0.212730 0.031275 0.071072 -0.369861 12.136427 -10.836871 -9.577450 
1.575080 -0.378474 0.952663 0.150395 0.018807 9.465372 19.956742 
0.102042 0.307663 0.526184 0.009057 10.109674 3.632763 15.731149 
0.606266 -0.611476 0.190070 0.297634 2.209095 12.916722 -1.800863 
0.250734 0.559533 0.011003 -0.024826 -11.617583 1.297851 -1.385281 
0.184902 -0.187141 -0.613523 -0.010748 -10.441833 17.373995 3.200449 
0.348863 -1.091220 0.516322 0.317884 0.576759 19.056758 -6.063833 
0.127948 0.661530 -0.337132 0.629303 -3.464141 -12.531962 11.942916 
0.127545 1.028361 -0.114506 1.423965 3.334490 10.553282 20.382891 
0.089378 0.546447 0.983734 0.649473 10.681910 -1.140482 3.864390 
0.220514 -0.418116 0.484150 0.619695 17.915095 3.953578 3.642744 
0.195396 0.818327 -0.200838 0.311793 -4.413140 -14.453349 -9.278188 
4.245083 -0.586941 -0.693417 0.463021 -13.851902 -2.881512 -0.444696 
0.095817 -0.222786 0.312654 0.221375 -11.620289 0.864576 -13.270835 
0.569763 -0.020152 0.280612 0.042993 -23.344385 6.786291 8.754200 
1.098164 0.135977 -0.252706 0.340088 -9.479090 12.746638 -2.156172 
0.538990 -0.267262 0.355064 -0.218832 12.939726 9.174375 13.077381 
1.288776 -0.603776 0.155719 0.283180 -20.611433 -1.758859 0.863462 
0.193816 0.062026 0.152867 0.528098 6.274855 14.198910 -8.844579 
0.378483 0.692131 0.880759 -0.138406 -10.999762 8.047138 4.646620 
0.130333 -0.863673 0.308583 0.163583 5.434471 19.830061 2.598624 
0.235233 -0.161893 0.421520 -0.150531 5.004722 -15.681357 -16.159485 
0.474050 0.288553 0.136104 -0.166953 -5.890988 6.000760 -14.845580 
0.170650 0.179457 0.149345 -0.189970 6.292549 -17.770474 6.484555 
0.551803 -1.209272 -0.216627 -0.088891 -2.579772 -6.478091 6.687026 
0.131497 -0.200125 0.473126 0.318768 9.823210 9.372083 -4.908961 
0.367063 -0.536003 0.571681 -0.347306 -18.182453 -8.052434 -6.142036 
0.237052 -0.034196 -0.126392 -0.031229 -2.262702 -5.540931 5.753463 
0.979329 -0.287873 -0.064124 0.702828 15.052871 -3.651557 0.701609 
0.113309 0.350712 -0.170079 0.063609 17.462298 17.812132 -0.679169 
0.202812 0.503968 0.381264 -1.197309 18.087689 4.906466 0.202973 
0.145792 -0.035980 0.364451 -0.038498 9.292174 22.171148 -2.184108 
0.206856 0.248306 -1.725099 -0.955143 -7.607125 -23.905845 -12.807579 
0.534870 -0.600940 -0.156431 0.371762 -4.742913 15.307745 -16.361521 
0.091732 -0.563194 0.366858 0.532787 -2.812981 -16.108590 6.253633 
0.094435 0.048903 -0.355059 0.992069 -6.211404 10.634195 6.727002 
0.106821 0.175234 -0.270599 -0.040300 -0.880537 2.590187 -11.791995 
0.443043 0.282143 0.133295 -0.709961 14.738320 10.501619 -5.247655 
0.087582 0.086126 -0.531100 -0.532778 -13.284360 1.170994 -6.333081 
0.159466 -0.835657 0.270578 0.102820 0.290847 -9.143827 8.911534 
0.829727 0.201340 -0.177407 -0.189296 -5.628083 8.839083 -19.882271 
0.093662 -0.599107 0.829657 0.722674 -0.664004 -3.452191 14.801099 
1.055006 -0.581627 0.492226 -0.892907 -10.197825 1.081950 0.589065 
0.290595 0.547257 -0.493098 0.292500 -0.608027 8.547333 20.525722 
0.226020 0.122160 -1.379543 2.416413 11.394761 -13.713332 23.523947 
0.258652 -0.497712 0.336713 0.070648 -6.307932 13.654019 2.146133 
0.504080 0.421739 -0.186166 -0.356397 4.268031 -6.219377 12.376168 
0.133644 -0.121185 0.207938 -1.554617 -10.863029 -12.552736 -20.601869 
0.102367 0.068950 0.242912 0.464878 -10.089845 -10.197445 -0.241807 
0.102733 0.229694 0.401483 -0.042117 19.010632 5.220265 12.355015 
0.406103 0.025560 0.144571 0.582355 -1.223650 -10.988851 -15.605931 
0.170184 -0.673408 -0.926505 -0.692484 -1.336659 5.324101 -12.332644 
0.080956 0.747600 0.985167 -0.219478 5.700180 21.899211 -10.272984 
0.171393 -0.399050 1.091976 0.627011 -7.467563 11.484633 -3.960027 
0.103884 -0.495215 -0.150234 0.230399 -14.501817 1.102326 -7.269326 
0.287723 0.061045 -0.262287 0.526183 7.717237 -0.095615 3.193472 
0.707610 -0.242104 -0.158154 1.027270 -3.751512 2.982485 14.679472 
0.161798 0.146287 0.246293 -0.076658 -10.447423 -14.473665 14.333631 
0.495528 -1.166117 1.901504 0.588215 -9.438634 10.847832 2.015195 
0.081729 0.918752 0.219709 0.185126 2.320137 9.788209 17.421792 
0.498673 -0.089175 -0.390547 0.559026 13.274133 -1.407314 -8.983936 
0.189760 -0.724688 0.216269 -0.107415 -2.780396 1.251859 15.402977 
0.174582 1.236607 0.450598 0.249326 4.945778 0.921890 11.821683 
1.913197 0.120592 0.512456 0.104901 -8.152534 27.046738 -1.154601 
0.156957 -0.353829 0.303187 0.144914 -10.620641 21.086719 -12.059375 
0.318637 0.469881 0.832740 0.225557 6.105124 -2.381397 -7.177013 
0.384886 -0.655143 -0.594834 0.364549 -5.013591 13.150951 -4.631992 
0.094543 -1.179092 0.214258 -1.290798 0.073353 11.136571 -14.690177 
0.093801 0.709117 -0.348684 0.606645 2.752626 -10.625508 -12.622492 
0.259589 0.147839 -0.053128 0.198936 15.464637 -2.382211 10.619109 
0.331382 -0.166850 0.184948 0.166721 3.181082 -5.918234 2.732417 
0.597086 -1.493881 0.154522 -0.615755 -21.707044 17.891804 -13.280315 
0.244466 -0.132977 -0.204757 0.431501 -8.842216 1.789019 3.825658 
0.409757 0.233592 -0.526970 0.792790 -11.528065 5.598298 18.255278 
0.703460 -0.868630 0.739064 0.363332 7.756964 4.607358 13.465602 
0.129081 0.391659 0.074210 0.135087 5.363177 5.933338 13.610359 
0.592856 0.504092 -0.392224 0.458428 11.837025 17.855162 8.066758 
0.598064 0.209168 0.368573 0.394955 -3.296212 1.198498 26.826529 
0.315326 -0.129172 0.395310 0.446051 -16.895815 11.613072 13.121362 
0.830552 0.321941 -0.233004 -0.078531 -10.840977 12.305129 -13.065586 
0.107798 -0.498553 0.548744 0.825528 -6.367428 11.520291 5.796979 
1.282747 -0.301087 -0.610093 -0.062910 10.305208 -12.505070 -17.276918 
0.179704 0.166771 -0.450309 -0.193252 -8.804084 -2.915427 20.131173 
0.226650 0.561846 -0.216556 0.321425 1.884264 -15.685343 7.387646 
0.213577 -0.160901 0.275007 0.325986 8.767712 25.815397 3.226967 
0.360054 0.132321 0.127616 0.327525 -14.200472 -10.802142 -9.578165 
0.590465 0.016601 -0.239625 0.031891 16.764511 11.746608 6.257870 
0.323997 -0.164692 1.105331 -1.352729 -3.699122 23.189946 -6.450540 
0.080856 0.032085 -1.179523 1.074911 11.915517 -2.082426 6.724292 
0.143920 0.172523 1.546264 -0.118685 1.302407 4.909851 2.841458 
0.128165 0.994779 -0.044487 0.120773 5.457516 10.159787 7.589829 
0.371144 -0.332042 0.947410 0.025841 2.818317 0.098793 -11.623693 
0.145470 -1.026856 0.664187 -0.638155 4.150931 2.545617 -13.295404 
0.092657 -0.157273 -0.118598 -0.078979 -3.521840 27.478338 -5.179621 
0.587126 0.740927 -0.216259 -1.477705 19.292199 -12.981912 -7.843765 
0.235289 0.190569 0.039015 0.423652 -9.101506 10.885714 5.145895 
0.569180 0.499727 -0.740183 0.173457 -11.507212 -4.736336 -7.299472 
0.093590 -0.371922 0.018845 0.855298 -10.137495 4.804957 5.462771 
0.249342 -0.210930 -0.583385 -0.708936 2.534834 -2.837243 7.131265 
0.543855 1.121718 -0.008882 -0.326181 21.409796 -8.743403 2.429957 
0.236315 1.039015 1.107078 -1.468781 16.684030 26.605777 -9.740399 
0.136931 -0.335193 0.737119 -0.317342 9.705943 -12.326651 -6.409612 
0.109437 -0.020472 -0.604600 0.599679 -15.393498 -9.901985 -8.759215 
0.915698 -0.029342 0.493705 0.544212 16.947410 -0.427582 -8.413013 
0.125769 -0.308014 -0.006868 -0.099663 -4.665191 -15.562384 -10.357240 
0.182221 0.666969 -0.207829 0.149895 -8.732980 -14.117509 0.534083 
0.624303 -0.701707 -0.735032 -0.365728 -9.192768 5.570136 3.256610 
0.123119 -0.408952 0.054298 0.207540 -22.665415 2.870044 5.968634 
0.093277 -0.065452 0.422689 -0.052213 15.836628 -4.269263 8.096665 
0.126609 -0.891036 -0.790194 0.428914 3.560390 -0.820585 14.301260 
0.342755 0.080194 0.405893 0.172679 -14.467577 28.738838 3.791519 
0.887808 0.912372 -1.353915 0.146364 6.074967 -5.293510 2.817870 
0.718573 -0.954164 -0.269975 -0.552715 2.112353 -5.893493 -8.030639 
0.789225 -0.151614 0.707381 0.613940 -4.210764 21.014976 -5.145351 
0.126531 0.615355 -0.016766 0.339412 0.113070 8.370517 10.837040 
0.685572 -0.067100 -0.194277 0.231629 7.671572 11.385660 0.839823 
0.342997 1.135332 -0.359825 -0.099929 -4.098183 0.010612 -4.535706 
1.141486 0.684517 0.298958 0.796640 -3.567051 9.794216 -2.816163 
0.181571 -0.428423 0.222734 -0.018824 -4.304930 1.303573 23.340586 
0.271737 -0.293986 0.162091 0.106639 -3.936225 -4.883066 20.962838 
2.465276 0.298153 0.368510 0.201210 -2.410057 -0.073346 -7.662996 
0.132761 -0.679538 -0.192015 -0.517952 10.803699 5.443139 -4.487909 
0.088416 0.794932 -0.146532 -0.123749 -8.919935 -0.993649 9.346659 
0.089291 -0.033843 0.363677 -0.279273 5.649469 4.713602 -2.790304 
0.263350 0.367471 0.289449 0.407238 -2.775992 -6.678438 -14.222490 
0.423754 0.332156 -0.582053 0.476660 11.099206 9.171444 18.765296 
0.178200 -1.858837 -0.689953 -0.036766 -10.702700 0.263601 -0.463047 
0.269147 -0.089679 -1.075135 0.073267 -15.191264 1.808964 -5.507888 
1.218772 -0.958131 0.276377 -0.167569 0.571957 -13.327868 7.968633 
0.195759 0.520863 -0.726955 1.031687 -0.326471 -14.674034 4.368147 
0.310560 -0.128779 0.269047 0.504183 13.375941 3.808731 12.552060 
0.132928 -0.132521 0.338915 -0.236284 -4.492518 11.353722 -14.748445 
0.130606 -0.451471 0.791818 0.678734 2.694343 -4.211106 -6.719894 
0.180981 0.957946 1.472138 1.307718 12.470199 27.985092 24.646831 
8.040799 0.168766 -0.062167 0.079641 0.492905 -12.005826 -1.095185 
0.080873 0.469777 0.403221 0.427208 -15.531575 8.856547 1.430866 
0.337684 0.025625 0.680086 1.446248 6.277663 -3.762986 13.065376 
0.727006 -1.033560 0.880540 0.231636 -15.212056 2.702542 11.033907 
0.130102 -0.198694 0.606722 0.073341 -7.227068 -9.855486 11.832181 
0.107057 -0.268834 -0.789226 0.276133 -1.516118 2.289243 22.198138 
1.352041 -0.306610 0.157298 0.193619 -4.771423 -0.763195 -22.250070 
0.108970 -0.477913 -0.118536 0.627166 -16.980552 3.770290 -10.556739 
0.148499 1.369223 0.743001 -0.968268 7.570184 -0.915193 -7.495433 
0.263983 0.237555 -0.487416 0.056928 8.405198 -9.488548 -5.445976 
0.240265 -0.450476 0.320096 -0.042856 -2.555711 25.269757 4.095532 
0.217954 -0.082402 0.512496 0.087251 -0.417031 -4.881147 -8.660970 
0.444167 -0.502956 0.842674 0.501045 -2.527236 4.624697 -9.419505 
2.752555 0.140233 0.380024 -1.115590 -2.668019 10.856676 -11.982226 
0.266546 0.419490 0.166495 -0.779005 7.426545 -2.620706 -6.832129 
0.104305 -1.433567 0.417938 0.105810 0.738211 4.973741 8.072655 
0.144490 1.016268 0.667496 -0.227145 4.352403 11.506305 -15.768466 
0.094619 0.381265 -0.299955 0.616317 4.348843 -6.583982 -5.056444 
0.144851 -0.343047 0.570061 0.956197 12.392157 1.359641 12.823122 
0.132290 -0.066830 -0.288492 1.059778 -12.659145 10.879414 11.874662 
0.524424 -0.099048 -0.461767 -0.550952 3.189898 -2.370948 7.197129 
2.804970 1.193965 0.350998 0.036601 18.829674 3.542926 5.652332 
0.151725 0.504887 0.094139 0.469455 -7.254316 5.633840 -2.447888 
0.691052 -0.472165 0.511508 -0.015809 -13.502219 -12.950010 -10.811111 
0.123125 -1.530301 -1.154798 -0.730992 -16.359290 -3.592307 -7.129521 
0.095501 -0.027645 -0.104006 0.254183 11.273409 13.270856 8.597178 
0.082472 -0.219937 -0.075187 0.831827 0.816665 -0.574731 10.320644 
0.088000 -0.317708 -0.024828 0.478591 12.950795 2.132907 19.457666 
0.106567 -0.171710 -0.018037 0.206784 -20.944699 10.550489 -0.468080 
0.083960 -0.204473 -0.467039 0.624575 -11.693512 -9.159078 18.439534 
0.444394 -0.194868 0.114003 -0.039227 1.993996 17.398276 19.369268 
2.968598 -0.906095 0.541909 0.442702 -6.678884 1.175758 -12.498436 
0.118415 -0.968507 0.187082 0.368647 -1.842238 -1.593959 -14.940875 
0.123056 -0.337512 -0.455023 0.388836 -2.610358 4.580486 18.877719 
0.111967 -0.550100 0.054162 -0.098385 -8.915760 16.203631 -4.552497 
0.095336 -0.279026 0.104555 -0.082518 -8.658936 -10.399279 -14.127959 
0.085245 -0.337433 0.094295 0.635486 -11.611774 -6.513879 -10.013155 
0.219520 -0.769232 -0.461419 0.604377 -15.747409 -2.618742 -7.056483 
0.269315 -0.786917 -1.777811 1.220015 -7.977363 -14.365389 11.783465 
0.084729 -0.197798 0.013839 0.090096 9.192390 -13.969750 17.930180 
0.193296 0.133643 -0.861302 0.395811 5.111777 9.602641 15.153147 
3.042533 -0.371259 -0.215332 -0.744036 -0.161065 -17.366897 0.297955 
1.417540 1.206147 1.404315 -0.454791 9.831506 7.356762 2.741582 
0.348250 -0.478400 0.254622 -0.187131 4.999582 -4.721260 10.238251 
0.189420 -0.260903 -0.091173 0.341330 18.637710 4.519296 17.739633 
0.222484 0.023314 -0.451040 0.481934 7.563174 -1.937334 -2.459111 
0.319069 -0.397831 0.117871 -0.818694 9.507416 6.658448 -0.785940 
0.092091 -0.582502 -0.261471 0.684522 6.947035 -5.037271 4.561406 
0.486369 0.686424 -0.190760 -0.212219 8.342506 -15.137137 -0.761087 
0.293964 0.016154 0.138427 0.191435 10.883011 21.550734 -8.380406 
0.150389 -0.107614 -0.167670 -0.103120 -15.510648 20.081249 -1.080801 
0.098254 0.074978 0.097397 -0.318786 -16.905412 1.548681 8.532191 
0.129777 -0.140729 -0.095115 0.374703 4.746897 2.273235 10.253984 
0.089968 0.714495 0.582629 0.514340 1.720000 9.802129 -13.119186 
0.178187 0.021208 0.006997 -0.266266 17.527017 2.051076 -9.269216 
0.446547 -0.580346 -0.120332 0.135586 -9.689590 11.818838 4.050966 
2.596189 -1.270219 -1.185030 -0.700180 -16.833229 -12.615738 1.330312 
0.941679 -0.180520 0.325392 -0.397419 2.445889 10.807725 3.089912 
0.357477 -0.334057 0.740512 -0.047315 -7.448201 2.764593 15.606264 
0.233141 -0.004999 -0.005116 0.090614 -11.361798 14.383800 -12.775380 
0.109886 -0.822918 0.234694 -0.283544 4.083549 -4.663936 -1.664969 
0.103385 -0.146804 0.625938 0.007546 13.518598 8.227271 15.339046 
0.307529 -1.024740 -0.623910 -1.620763 -5.120755 -11.464772 -7.283718 
0.224214 -0.838737 0.564527 -1.364685 0.673130 -6.444429 -19.862343 
0.688471 0.531290 -0.503562 0.045607 0.256976 7.803330 -7.733225 
0.121886 0.137181 -0.424789 -0.373701 9.611351 -14.193608 11.894500 
2.036878 1.655013 -1.060733 -0.107388 7.803678 -8.101343 -6.959831 
0.108772 -0.338501 0.546068 0.607657 1.208989 18.319341 2.715492 
0.087214 -1.010090 -1.210194 -1.071950 -2.374765 -13.203747 -1.763302 
1.095005 0.099267 0.375119 0.310179 2.893960 -7.634407 -13.977591 
0.462444 -0.070301 0.067634 0.177786 6.887885 -6.524162 -26.770311 
1.195467 -0.084874 -0.536943 0.177442 -3.028970 16.371159 7.725983 
0.124532 -0.553054 -0.377409 0.262611 16.810025 2.890003 -1.294791 
0.239527 0.226290 0.018265 -0.193649 -14.012248 -11.025632 14.909262 
0.513647 0.119971 0.397864 0.710615 4.773434 -10.983453 4.839715 
2.322161 -0.177083 -0.425484 -1.018325 11.377637 4.904603 -6.632007 
1.749945 -0.284077 0.675165 -0.113411 2.548720 -13.057510 0.192761 
6.427225 -0.466615 -0.298540 0.444402 -2.028045 17.081805 -6.155707 
0.187473 -0.049407 -0.124190 -0.491718 -9.146679 -5.931943 10.395872 
0.080411 -1.149058 0.912904 0.750686 -2.293037 10.175955 9.827825 
0.084886 -1.753238 0.904184 0.413327 -65.491505 27.112533 6.741525 
0.210734 -0.333333 0.506319 0.075855 5.400805 -14.154799 -11.102777 
1.039799 0.481374 -0.009567 0.273145 6.475109 7.424238 21.802878 
0.589256 -0.012565 -0.269024 0.436701 13.803703 -1.471507 7.220571 
0.193774 -0.243920 1.038103 -0.173568 -16.618749 -1.690350 11.353775 
0.204408 -0.389302 0.095615 -0.377577 15.852855 -5.646085 -3.417063 
0.203976 -0.697454 0.307306 0.621354 -21.067016 1.113182 -10.959301 
0.100379 -0.137506 -0.275796 0.041555 -7.214109 -6.927987 6.022711 
0.224716 0.355437 -0.429732 1.028975 -4.143806 7.714357 14.640832 
0.736908 0.342957 0.679714 0.502424 -0.881245 15.801013 10.565613 
0.183623 0.770722 0.394656 -0.977042 6.636617 0.593929 0.449037 
5.763363 -0.601888 -0.860377 -0.225341 -0.234627 -3.770338 1.209245 
0.155563 -0.044912 -0.069416 -0.003117 24.514766 20.164001 10.728493 
0.205052 -0.277238 0.835281 0.097280 -21.201718 1.392117 12.770009 
0.256881 -0.332335 -0.569857 -0.452006 -5.544102 -12.621884 15.899936 
0.383592 0.083162 -0.472800 0.685571 1.157636 -14.838355 -14.106206 
0.115189 -0.663847 1.010620 -0.598727 -12.472039 13.338376 12.646564 
0.144188 -0.010130 -0.192070 0.444903 -21.118828 6.236861 1.353026 
0.208231 -0.522413 0.481186 0.532057 -16.696466 6.442052 20.731753 
0.523071 -0.853277 0.010689 -0.375804 3.453315 -8.260288 10.978968 
0.460238 -0.234625 -0.067006 1.501143 12.873861 0.165566 6.332770 
0.500482 0.327546 0.456181 -0.652937 -7.591292 9.468170 4.555895 
0.190881 0.222543 0.583410 1.236147 18.511953 -0.017615 12.481004 
0.095002 -0.257186 0.221617 -0.261839 -9.264417 -15.300626 -2.588360 
0.282526 0.670822 -0.046723 -0.053323 -7.920817 -3.174502 14.670494 
7.200905 -0.283133 0.127956 1.039984 -16.086734 5.757730 5.723427 
0.639887 -0.750344 0.525133 0.373854 -13.894161 -4.283320 -16.529924 
0.088337 0.095474 -0.234237 0.184056 0.330527 -6.919232 0.162580 
3.427020 0.590544 -0.365414 0.674652 5.919922 0.614691 6.983311 
0.286232 -0.232274 -0.348725 -0.011730 -11.561770 -11.908690 14.633246 
0.111446 -0.253466 0.477648 0.844702 -12.047595 10.366978 6.130616 
0.194955 0.164103 0.213204 0.072834 -17.086920 8.594285 9.972967 
0.190041 -0.670546 0.089242 0.200290 -11.394135 3.969723 -12.591233 
0.170109 -0.792744 0.471664 0.346997 -17.786620 -10.801723 0.269706 
0.162386 -0.205192 -0.059305 0.501409 -20.999742 13.531042 -3.237022 
1.166044 0.873563 -0.215261 1.245968 7.306850 12.969120 18.302552 
0.584740 1.388556 0.204975 0.407321 1.261223 -2.506887 1.582396 
0.396613 -0.038404 -1.345959 -0.602409 -9.460017 -1.621951 -9.226640 
2.418064 -0.334311 0.314011 0.006086 -13.216590 7.482297 -4.869253 
1.010429 -0.411540 0.272692 0.231402 22.621731 -5.272943 2.990298 
2.532142 -1.395989 0.153677 -0.009280 0.175585 -7.099658 -0.270674 
0.107929 0.413071 0.944919 0.709316 3.392623 -6.015249 1.606396 
0.167175 -0.658865 -0.033443 -0.858538 1.730617 -0.762917 1.178376 
0.254952 1.240989 -0.856891 -0.406043 8.740122 3.079734 -9.648445 
0.429694 0.182472 0.007504 0.751987 15.890096 13.510453 6.464353 
0.496826 -0.266695 -0.250805 -0.264104 11.529857 0.406726 17.989416 
0.121547 0.586378 -1.130962 0.351823 -0.435780 -24.478127 -1.832928 
0.215928 -0.190950 0.409609 0.330749 -6.604960 25.763381 -6.398858 
0.270339 -0.184060 0.816430 0.518229 -7.925793 -10.616324 -5.792166 
0.080083 -0.499564 0.263924 0.686305 12.806828 -0.093399 9.476388 
0.272801 0.690794 -0.390814 0.087944 0.143569 5.652652 5.711265 
0.248941 -0.472766 -0.471023 0.710005 15.422355 -3.998332 -2.407237 
0.198171 0.002504 -0.549180 0.080547 -3.890518 -9.176693 -9.353430 
0.125940 -0.015434 0.395669 0.276800 -4.708936 24.955784 0.683088 
0.397489 0.203742 -0.391725 0.515633 3.798113 -0.675690 0.426673 
0.109822 1.047314 0.262372 0.098925 20.506665 0.288600 -10.125128 
1.950578 -0.451395 0.397007 -0.191503 -0.957540 -14.495733 11.060456 
0.085723 -0.170665 0.211739 0.187428 -0.279049 17.226438 14.805617 
0.261677 0.249636 0.348323 0.003481 7.245965 9.472388 13.767952 
0.410668 -0.426832 1.061154 0.598377 7.570596 -2.181078 10.117776 
0.278253 0.221987 -0.430503 0.379165 10.018297 4.368038 15.067670 
0.362834 -0.439960 0.007665 0.330636 -15.633433 19.693418 3.451340 
0.191416 2.289434 0.034241 -0.114104 28.988921 12.112952 -4.487630 
0.204516 0.642093 -0.527279 -0.901973 8.908338 -0.126541 0.641084 
0.119244 0.155793 0.995978 0.375367 -3.879243 -8.305512 8.836604 
0.394798 -0.269675 0.037136 -0.506829 7.595445 -8.517998 7.367001 
0.108074 0.056628 0.235885 -0.352630 0.471123 13.652283 -16.358383 
1.687457 1.092780 2.029597 -0.028977 14.069370 16.235415 6.647616 
0.142585 -0.258487 -0.543065 -0.257238 4.029553 12.271134 -3.730867 
0.999592 -0.162522 0.359796 -0.372285 -16.128729 13.449426 -9.660067 
0.835224 1.218360 -0.352155 -0.116014 8.355786 14.329492 0.627638 
0.133760 -0.850786 -0.768903 -0.088883 -11.452470 -4.758375 10.285788 
2.914902 0.584684 -0.266559 0.114348 13.863923 -9.752573 0.271021 
0.289537 -0.387978 -0.515801 0.266528 -16.395152 -8.509751 -3.995451 
0.111589 -0.006573 0.132415 0.385156 8.250711 -1.151878 0.482444 
0.666435 -0.004525 0.574807 0.148779 5.684621 20.610138 12.127696 
0.118124 -0.258385 -0.407808 0.311133 7.372665 3.863400 10.420963 
0.082017 0.012524 0.086454 0.439353 -11.218315 17.023593 -3.081827 
0.384643 -0.515620 -0.385500 -0.020221 12.823490 -1.796809 -7.291724 
0.170390 -0.293490 0.461536 0.676531 -16.805668 4.486159 11.084968 
0.164634 -0.361857 0.237785 0.037470 -1.217218 -11.788794 16.974310 
0.710018 -0.772161 1.000817 0.486840 -2.705749 10.185553 7.263802 
0.490174 -0.016808 -0.221975 0.041289 -10.061331 3.126063 -21.079251 
0.209872 -0.377665 -0.206308 0.877867 -6.428955 13.505335 2.079873 
0.191407 -1.486363 -0.883861 -0.910475 -5.076014 -1.468125 -14.073311 
0.086220 0.760137 0.006779 0.060984 14.150596 -2.883593 12.961227 
0.253249 0.270141 -0.127057 0.101606 -7.138696 23.257474 6.609153 
0.443660 0.334052 0.309455 -0.091447 -1.446230 9.801741 4.868441 
1.478874 0.495291 0.802056 0.367685 -9.613497 7.818026 2.986510 
0.997008 0.243390 0.217291 0.195943 -21.550057 -13.177447 -0.595507 
0.119733 -0.671286 0.708555 -1.012266 2.923790 -3.640085 -7.378045 
0.155712 -0.982474 -0.396311 0.661262 0.531953 7.556948 0.527885 
0.248140 0.889830 -0.051394 -0.050161 16.509693 7.046946 3.413184 
0.211986 -0.546773 -0.707887 1.863842 -8.091501 -11.245383 9.536130 
3.164370 0.289750 0.257811 -0.391654 3.025595 13.466363 14.521020 
7.811175 -0.161977 0.663998 -0.261381 5.373512 -12.297187 1.525376 
0.119711 -0.455489 0.032075 0.443919 10.734390 -1.921285 18.759141 
0.081905 -0.265331 1.608217 0.444219 -0.145149 7.091594 1.042884 
0.128974 -0.269946 0.274370 0.383543 -14.458986 -20.042285 5.812368 
0.098410 -0.313629 0.049974 -0.048181 -15.058783 5.150037 -7.182494 
0.208666 -0.728822 -0.144477 0.426566 3.884327 7.441153 22.748637 
0.338702 -0.320069 -0.690898 0.183357 8.697178 -13.733051 17.102880 
0.270406 -0.615134 -0.513429 -0.606076 7.581192 -3.239402 -11.944156 
0.261780 -0.288906 0.372762 -0.460980 9.581865 -4.486331 11.761234 
0.198271 0.104411 -0.222814 0.264611 5.096343 18.715255 -6.889374 
0.547947 -0.220498 -0.168989 0.152292 19.236035 10.680899 14.913574 
0.084496 -0.293631 1.208450 0.191854 -6.413144 -3.849234 11.393322 
0.547853 0.265418 -0.229263 0.125914 8.601684 -16.996996 -1.742132 
0.124445 0.301488 -0.203741 0.302136 -7.031338 18.284298 9.713868 
0.573077 -0.196952 0.295915 -0.328795 6.882019 2.310994 -7.432360 
0.415176 0.080264 -0.268476 -0.381697 9.200405 -15.212126 0.366003 
0.878922 0.131450 0.467628 -0.703896 -7.924724 -13.781193 -8.303435 
0.094683 -0.363665 0.949986 -1.249800 -1.589003 -2.967531 -6.667560 
3.025229 -0.927759 1.282965 0.039789 4.561814 12.427166 -6.623972 
0.102725 -0.354812 0.100558 -0.434212 -14.202774 -17.723752 5.411387 
1.385436 -1.561255 -0.023051 0.287741 -13.252086 12.568130 6.965103 
0.188343 0.660768 -0.327646 0.026855 13.800284 -6.721000 14.305846 
0.308804 -0.091562 0.641261 0.393641 14.044076 4.651318 -14.502680 
0.266901 0.665084 1.001435 0.242685 19.679694 2.217462 3.736067 
0.352073 0.405763 -0.180075 -1.059168 -9.114020 -3.328340 0.494514 
0.588656 0.405679 -0.651920 -1.104253 13.316795 -4.613884 -8.290983 
0.105091 -0.399045 -0.090526 0.218966 -0.305365 10.241859 -4.405435 
0.147682 0.631428 0.053578 -0.743264 12.033057 -7.605156 7.097106 
0.179358 0.156105 -0.016168 -0.189426 -19.280490 14.365252 -2.332424 
0.522896 0.441324 -0.341029 0.086467 4.761825 -18.855986 -3.574776 
0.141510 0.568677 -0.345382 -0.387833 10.097639 -6.263159 -0.948168 
0.105633 -0.293121 0.143099 -0.341478 0.293545 -4.858781 8.463630 
1.115389 0.221159 -0.225016 -0.313507 4.541362 -5.991469 11.690920 
0.100224 1.701438 -0.979709 0.159540 10.969102 -11.180340 -8.415937 
3.043771 1.083062 -0.265036 -1.613394 10.599235 -2.873006 -7.788267 
1.677124 0.190282 -0.816983 0.609863 4.890825 0.366300 -7.624654 
0.154714 -1.631554 -0.504647 -0.229432 -4.330543 -5.272416 -5.386953 
0.509531 0.434217 0.097478 0.366794 6.181587 6.639478 -0.593773 
0.118595 0.764747 -0.410511 0.655898 -2.443338 6.298561 -0.903310 
0.192470 0.746897 -0.119903 0.306012 10.263157 -5.004203 6.619424 
0.156661 -0.023329 -0.786518 1.112900 2.408455 7.435791 12.809553 
0.269171 0.328968 0.174148 -0.001235 -8.997922 1.806928 -15.322647 
0.275015 -0.111559 0.247155 0.383521 -23.370405 11.578585 -3.730664 
0.133107 -0.260138 0.139787 -0.020224 -20.173444 5.253896 19.318881 
0.116244 0.515958 -0.625482 0.268160 -0.625316 -11.369186 0.218182 
0.262815 -0.201199 -0.448880 0.670321 -8.417785 -15.096928 -3.105081 
0.152197 -0.038296 0.199210 -0.796331 -21.351351 5.077046 -9.963516 
0.591538 0.592975 -0.864386 -0.674604 -0.923708 -9.278259 -20.509667 
0.273814 -0.554358 -0.440531 -0.036680 8.722564 8.417200 4.200689 
1.296377 0.036797 0.182246 0.134852 -5.624811 5.977592 -6.138390 
0.625099 -0.037513 -0.422230 0.140965 3.022712 -0.254701 25.123841 
0.953431 -1.175771 -0.460621 0.804066 -10.414868 -4.407980 17.153135 
1.362864 -0.536855 0.364758 0.138683 8.552724 3.644349 -6.712187 
0.388981 -0.184737 0.280193 0.302724 -20.827308 -1.085669 16.952872 
0.178332 1.169660 -0.508049 -0.253855 24.008112 3.863636 6.100781 
0.372184 -0.692965 -0.348479 0.693807 0.149216 -9.041480 -4.797156 
1.884918 -0.944177 0.161898 -0.198611 -17.919562 -0.249174 5.247157 
0.093160 -1.010331 -0.476965 -0.647725 0.092481 -4.771413 -0.071551 
0.093696 0.447683 -0.414034 0.339039 9.017417 9.640283 8.836646 
0.080850 1.517171 -0.852235 0.928507 6.460753 -16.438388 11.610566 
0.277717 -0.128262 -1.850552 0.779853 0.967565 -8.188920 15.177143 
0.330199 -0.477304 0.444697 0.540126 -3.211404 14.355086 -1.747161 
1.020862 0.267654 0.569868 0.270604 15.677892 -6.313537 3.278383 
0.554068 -0.378902 0.225175 0.493877 -9.661218 4.488246 4.618621 
0.410517 0.779716 -0.147109 0.421484 -8.802146 -1.265101 12.831620 
2.241100 -0.805297 0.052919 0.515759 -20.374016 9.897342 -3.606476 
0.769947 -0.531291 -0.402500 0.231098 1.030652 -1.432309 -20.181351 
0.085466 0.269140 -0.059566 -0.011409 -17.041603 -20.105432 -11.733551 
0.645582 -0.225603 0.348701 0.223830 -9.538940 2.205982 -19.775831 
0.291207 1.019718 0.104971 -0.373545 19.808982 -0.925726 -7.437129 
0.780826 1.021581 1.065261 0.183454 -3.594121 17.980008 5.512598 
0.178041 -0.258163 0.257507 0.422342 1.347080 7.252676 13.609669 
0.111657 0.690050 0.077275 0.329664 -4.805622 10.904092 9.879791 
0.141933 -0.475454 0.101823 0.411218 3.800018 -13.540916 -15.391857 
0.503658 0.055713 -0.054343 0.181276 -10.505529 -16.782648 24.442461 
0.266518 0.663889 -0.581803 -0.743390 -9.663117 -8.431240 -8.872199 
0.136578 0.700916 0.081463 0.398853 16.641122 6.895023 3.075124 
0.126498 -0.591367 -0.145368 -0.318580 -10.856609 -12.814821 -8.421885 
0.081261 1.278574 0.800662 0.281867 16.288492 -6.689351 -2.784801 
0.167252 -0.108658 0.009660 0.156405 -1.216329 -1.080791 2.490339 
0.607244 -0.570519 1.850614 0.545015 -0.516717 10.740575 0.458818 
0.266741 -0.510885 0.329532 0.108826 -13.714861 2.286566 15.444762 
0.157175 0.065116 -0.491396 1.142599 -19.949757 -7.249606 13.583712 
0.366807 0.037629 -0.506256 -0.216365 9.966184 -1.104998 -12.496460 
1.030213 -0.003700 0.055093 0.673462 3.027145 1.420376 -10.071939 
0.140945 1.542731 0.969905 0.041149 11.286557 1.280041 9.771488 
0.288794 -0.201608 -0.108716 -0.362068 -14.283326 9.573160 -15.185700 
0.182724 -0.637801 0.957864 0.048856 -8.659362 -6.959844 -10.627255 
0.115248 -1.120982 0.989047 0.124109 -9.422418 4.944961 6.561322 
1.012019 -0.290054 -0.291477 0.319917 4.690966 10.748445 -8.056927 
0.292049 -1.328863 -0.172862 0.211437 -10.106703 -17.040551 8.311073 
3.273691 -0.095467 0.079544 0.584857 4.720394 0.284010 6.067386 
0.507219 -0.496032 0.870524 0.502488 -16.486406 -4.591517 18.544713 
0.325723 -1.004148 0.283116 0.548006 -2.502004 8.150819 -12.152863 
0.153073 0.649794 1.146671 -1.645969 11.913180 1.474082 -28.895362 
0.229855 0.298522 0.323214 0.422731 13.362786 3.974501 -4.063487 
0.196589 -0.063332 -0.146550 -0.477501 6.880846 7.752736 -3.278073 
0.095001 0.094454 0.156632 -0.622481 -8.724334 3.860088 -15.880438 
0.458870 -1.034504 -0.710750 -0.149608 2.584392 4.725707 -0.132342 
0.085890 -0.588873 1.653152 0.338905 2.444388 12.465895 18.363669 
0.170408 -0.015549 0.081407 -0.183824 -23.495959 9.945076 3.223384 
0.130084 0.183543 -0.438520 0.137734 -4.797665 7.756782 -5.141783 
1.384359 -0.393968 -0.158876 0.253755 8.063465 11.999369 13.695193 
0.642711 -0.256282 0.114303 -0.306201 -5.075584 14.698507 3.288775 
0.176254 -0.706385 -0.238185 0.022624 10.260209 5.967341 13.144186 
0.156623 -0.622716 -0.665347 0.234600 -19.501007 1.898603 5.104327 
0.874755 -0.243966 -0.120199 -0.097231 -17.203257 -5.365645 7.565879 
0.628183 -0.210956 0.284564 0.660359 -1.328921 -10.896081 12.471732 
0.127719 0.826857 -0.181533 0.239296 4.342702 -6.121971 22.590524 
0.209256 -0.082642 -0.188207 0.564635 -15.838440 3.926972 -1.230585 
0.393003 0.677307 0.275947 -0.021989 3.995288 3.317904 -4.516945 
0.395444 -1.196827 -1.268732 -0.444972 -3.903027 -7.916260 4.625464 
0.150757 0.036245 -0.611927 0.753348 16.413355 -8.460447 13.223607 
0.613619 0.672731 0.172480 -0.998972 12.798616 -4.958467 -16.392203 
0.371705 0.648794 -0.068629 0.393595 3.080880 19.580754 7.098503 
0.128172 0.017694 0.458522 0.064054 -4.845419 17.016047 19.084102 
1.227367 -1.085170 0.916827 0.417539 -8.871478 19.321895 7.967741 
1.287495 -0.126032 -0.015886 -0.105450 -8.374592 5.013289 -1.421403 
0.285623 -0.746215 -0.305242 -0.074895 -6.346923 -18.741195 -9.766281 
0.186793 -0.620302 1.809476 -0.326779 -11.508052 31.736238 -15.922191 
0.151928 0.643816 0.050630 -0.072445 -13.820525 -8.267290 -6.426139 
0.107729 0.227611 -0.980514 -0.086993 2.522681 7.080224 -7.421934 
0.789450 0.024565 0.827039 0.512290 -2.006500 -10.353597 -3.929982 
0.417882 0.955336 0.247482 -0.665455 8.970920 -1.945832 11.058923 
0.415458 -0.028345 -2.154463 -0.598217 -5.581491 -18.623914 2.751956 
0.510419 0.355900 0.094688 0.336728 -10.983768 20.226524 7.824471 
0.130425 0.280097 -0.301491 0.665199 -12.157730 -3.771542 1.641671 
0.312402 -0.399409 0.643124 -0.214679 15.537920 -4.412628 4.326062 
0.489643 0.154866 0.225271 -1.937108 -3.479090 6.267948 -14.830994 
0.449688 0.518499 0.019831 1.029173 13.371217 16.030783 2.130004 
4.640213 -1.166222 -2.354516 -2.690876 -7.902059 -24.047894 -33.955984 
0.102329 -0.333638 -0.344822 0.781099 5.047666 13.862425 16.450718 
0.088752 -0.758995 -0.098518 0.432158 -23.221375 13.492331 0.428007 
0.124181 0.376331 -0.902003 0.554552 7.575220 -10.115201 -2.739697 
0.142677 0.305006 -0.332143 -0.294394 -19.544963 -0.320374 -8.199111 
0.646196 -0.778650 0.874393 -0.336533 1.165727 -0.476937 -17.851474 
0.112694 -0.452630 -0.073724 0.459741 -10.577401 -20.398241 -7.880761 
0.176104 0.182906 -0.288066 0.916650 -12.415762 -7.182521 -4.337129 
0.106965 -0.412762 -0.120054 0.250360 -8.094132 4.992252 23.791940 
0.330430 -0.761161 0.839953 0.118820 -5.364635 -2.115350 -0.370922 
1.059937 0.604746 -0.170122 -0.316551 6.969543 -3.784453 -11.754918 
0.446854 0.140279 0.692872 -0.416095 1.081407 -3.178144 -7.984060 
0.249843 -0.165289 0.567601 0.549883 -12.959758 17.640660 8.723843 
0.126972 -0.307683 -0.196726 -0.560991 -3.771218 5.717469 2.936844 
0.148713 -0.007771 0.084461 0.605930 17.518432 5.997861 9.180821 
0.153845 0.896496 0.712160 -0.177916 5.617675 5.914568 -4.390090 
1.523067 -0.161067 -0.004763 0.215224 -2.180309 -21.175752 3.575780 
1.665441 0.295173 -0.741692 -0.290586 1.448399 8.582440 -14.357609 
0.167356 0.455929 0.398459 0.270040 -2.308232 17.665063 13.013561 
1.433413 1.973403 -0.984382 -0.124300 12.391089 -16.298691 1.560256 
0.264805 -0.544123 -1.209855 0.072263 -12.853044 -5.568165 4.983137 
0.110793 -0.166795 0.336988 -0.025476 -2.117901 19.906033 -16.936042 
0.180061 -0.346289 0.497990 -0.074390 -1.085065 -4.010550 10.955332 
0.195410 -0.152565 0.176740 -1.603510 -0.640258 1.822842 -3.771634 
0.091610 1.322340 0.545350 0.133563 5.400797 2.814878 15.564855 
0.100160 -0.262828 -0.390501 -0.097634 -10.437874 9.565852 14.416315 
0.329612 -0.586023 -0.025135 0.652409 -0.785408 4.260733 -4.290198 
0.174903 -0.183153 -1.376902 -0.013705 -11.355762 -5.626879 -7.703791 
0.088879 -0.444460 0.136391 0.036986 -6.302786 7.906903 3.874360 
1.382242 -0.316542 -0.279010 -1.110972 10.416006 -11.368138 -2.150913 
0.137418 0.008766 0.155938 0.339151 -15.493910 -11.303657 -13.753954 
0.550522 -0.862980 -0.674567 -0.000747 4.664336 -15.606280 10.352143 
0.977405 -0.377500 0.981851 -0.377891 -13.442903 -0.213721 -0.466500 
1.078071 -0.325953 0.703570 0.177268 0.901426 2.491833 -16.659241 
0.158053 0.239973 -1.147951 -0.066385 14.552552 -19.685990 1.129345 
0.173348 0.110152 -0.021912 -0.174102 11.225796 4.469164 -3.884011 
0.082934 0.553685 -0.253441 0.816735 11.743372 8.296789 -9.371698 
0.136636 -0.608335 -0.223249 0.720871 -11.678291 -4.896805 12.360709 
0.143734 0.508881 0.374281 -0.214072 -14.103666 -3.152854 -8.548703 
0.441192 -0.520393 0.260179 -0.206640 7.920915 10.184437 -7.249395 
0.419927 -0.162800 -0.396438 0.242920 11.160836 -14.675675 -14.378725 
0.233936 -0.200631 0.392903 0.714898 -22.864823 -6.891448 -0.400000 
0.472655 -0.572396 -0.405552 -0.413118 3.320519 -7.704872 -5.319292 
0.114863 -0.356673 0.270576 -0.605690 8.613131 0.640606 -16.144134 
0.090134 0.197710 0.457666 0.001916 -4.724017 7.607645 -3.443513 
0.541043 1.147477 -0.156813 -0.170657 18.895772 -2.990000 12.915222 
0.282572 -0.749235 -0.261516 0.296641 -15.865908 1.661330 11.970678 
0.115642 1.022453 -0.812308 0.060929 4.812316 -8.468570 -0.100288 
0.081355 -0.943908 0.157603 -1.045185 -21.126052 8.569684 -3.663076 
0.367829 -0.400247 -0.755077 0.371390 -3.998197 10.644059 4.356826 
0.139629 -0.324735 -0.714226 -0.074864 7.065304 -11.620449 3.719154 
1.352784 -0.283809 -0.068373 0.019298 12.276108 -2.581115 -9.442081 
0.125255 -0.014433 0.030888 -0.452502 12.748937 -14.920107 -5.422703 
0.401327 -0.125067 -0.590891 1.692151 -1.235647 -3.295642 14.720715 
0.285734 -1.124982 -1.047661 -0.367195 1.960830 -15.260790 3.232832 
0.395651 0.862085 -0.518807 -0.205701 14.394402 -2.214554 1.991499 
0.293098 0.186717 -0.368728 0.615047 -17.226144 5.006230 3.596276 
0.087827 -0.372571 0.703492 0.373341 15.854235 -0.216828 7.433182 
0.145431 -0.864266 -0.232125 -0.029187 0.371444 11.343822 -19.318196 
0.180115 -1.027577 0.788514 -0.260520 -15.191459 5.197943 7.701949 
0.096200 -0.046304 -0.421445 0.009803 1.313492 3.787598 1.325260 
0.666776 -0.820624 -0.482515 0.997871 -14.001575 -5.634417 12.475179 
0.204329 -0.013627 0.160795 0.300971 -5.757903 -14.313464 10.685195 
0.115895 0.018325 0.069129 0.268767 1.433191 19.565943 -16.752166 
0.093908 -0.092115 -0.500804 -0.189877 6.760651 0.630807 17.181946 
1.218377 -0.811170 -0.043028 0.578131 2.250689 17.826179 2.210024 
1.577937 -0.008282 0.133111 0.325855 -20.476968 -12.193191 -9.001235 
0.624013 0.022042 -0.293103 0.171446 -10.878665 -1.779673 -17.219606 
0.094581 0.529517 0.652790 0.392237 9.807329 -13.075757 -0.635088 
0.082735 -0.082194 0.246050 -0.521395 5.156749 12.318557 12.745100 
0.117562 0.362903 -0.867446 -0.311942 -8.410284 3.643628 -14.341191 
0.104059 0.115807 -0.540044 -0.110024 0.464837 7.003355 -15.091673 
1.175398 -0.126790 -0.101992 1.117605 -16.244753 -12.913950 11.782573 
0.164169 0.985601 1.829633 -0.468283 8.441329 7.250322 -11.563879 
0.291452 -0.518729 0.084320 -0.242217 0.244837 -11.906457 -10.660832 
0.206673 -0.527780 -0.598409 0.065357 -12.053883 -11.122643 -6.503255 
1.289324 0.595298 1.212194 0.914186 15.896168 21.041494 -2.859593 
0.086315 -0.941487 -0.496765 -0.535626 -27.530658 -12.493229 0.003442 
0.235153 -0.014550 -0.231616 0.357280 0.112292 -19.962198 -6.801832 
0.115719 0.795538 -0.769185 -1.541071 15.216218 -13.549983 -13.384404 
0.363410 0.089563 -0.258037 -0.026903 9.415975 12.041353 19.410089 
1.751386 1.190634 0.056618 -0.245241 6.023927 -6.339607 9.190966 
0.207984 -0.262821 -0.417488 0.083866 5.804728 -20.833930 -7.374315 
0.102911 0.485762 -1.146120 -0.208687 9.854661 -4.704835 11.138794 
0.178659 -0.233241 0.942753 0.339808 9.261809 -5.785305 4.474402 
1.266026 -0.009838 0.590979 -0.435091 8.921325 -9.654959 4.360201 
0.304509 0.326896 -0.117713 0.282200 -13.936847 -16.793350 -9.513967 
0.111776 -0.366040 0.356863 0.040771 -10.918636 8.483647 -14.374858 
0.518423 -1.163978 -0.090848 1.181674 -11.009496 -13.817991 20.588852 
0.412206 -0.037703 -0.305327 0.575239 -22.237352 9.536753 9.813784 
0.151101 0.049240 0.205355 -0.406140 9.093794 10.835370 12.558410 
0.220913 0.019983 0.821522 0.049560 7.014690 -5.585666 4.377785 
1.412488 0.096694 -0.310497 -0.192864 -0.285899 -7.836688 -3.867548 
13.278585 -0.571918 0.432057 0.379659 -11.690521 -10.370602 2.841897 
1.463321 -0.746435 0.237843 0.065072 -5.181328 21.590687 9.839735 
0.120159 0.510133 -0.274792 0.691453 8.079084 17.390740 2.798358 
0.365350 -0.161956 0.275263 0.379074 5.167662 -17.927619 8.178362 
0.105973 -0.422332 -0.256332 -0.083460 1.934927 6.528533 21.970860 
0.295892 -0.503592 -0.222752 0.195985 13.722796 11.549468 13.529685 
0.206326 -0.382964 0.182191 0.014465 9.438089 6.819261 8.519543 
0.093712 -1.305785 0.513337 -0.115787 2.059937 5.046790 1.031557 
0.095148 0.285610 0.105578 0.460461 -2.089503 17.867862 -2.232695 
0.206538 -0.374728 -1.101920 0.324889 -19.560472 -8.506701 5.412778 
0.086877 0.220150 0.265497 0.399604 -10.553945 -10.962450 -16.076549 
0.089099 -0.168779 -0.523467 0.941060 -5.775751 -12.954830 -1.747471 
0.510706 -0.870851 0.420230 0.143916 -6.325975 10.854051 17.107312 
0.209703 1.611191 -0.938645 -0.647501 15.245312 -2.266202 -3.670612 
0.558090 -0.277990 0.810295 -0.013002 -3.192446 -13.656056 9.232678 
0.094925 0.074189 -0.225801 -0.243729 6.538634 6.518736 -13.875546 
0.169485 0.050934 -0.062910 -0.797552 3.025058 -11.819452 2.788476 
1.190304 -1.250951 -1.035090 0.380542 -5.900583 -13.122058 3.781566 
0.229716 -0.389941 -0.679108 -0.126107 -7.877746 -11.052715 -1.754458 
0.590880 -0.619971 -0.108473 0.140543 -15.547809 9.530862 -12.994525 
0.480535 0.162870 0.155432 0.006131 -12.787112 5.146344 4.684799 
0.234429 -0.333580 -0.043427 -0.312882 -21.065316 -6.802670 5.641059 
0.582021 -1.053688 0.524538 -0.497021 -10.000816 8.618140 -17.281866 
0.189197 0.472969 -0.604828 -0.573770 -1.945981 2.349361 4.159493 
0.259575 -0.348073 0.292673 -0.893000 15.467932 0.696269 -6.382529 
0.447006 -0.602847 0.358898 -0.032802 -13.894654 15.029587 -10.871907 
0.147887 -0.197809 0.409147 0.332755 15.458794 -6.727698 7.720780 
0.231699 -0.202508 0.060667 0.042666 0.139420 -19.790147 9.458542 
0.453708 0.250148 -0.448471 0.183876 3.851544 -2.418672 9.162088 
0.920339 -0.689869 1.008563 -0.991257 5.502761 8.999338 -8.261041 
0.955703 -0.223430 0.394306 0.140439 -1.654290 6.097792 21.545838 
0.084577 -0.021739 0.275352 -0.585926 -6.605947 -10.800539 -7.081306 
0.160624 -0.209407 0.533417 0.393659 3.790790 12.286900 14.837144 
1.172148 1.967226 0.061008 -1.945355 28.205122 -3.843252 -43.534166 
0.760534 -0.027739 1.983632 0.176586 8.344381 16.567989 15.789918 
0.114553 -0.295879 -0.695562 0.284075 17.090081 -6.310703 8.302573 
0.117572 0.977360 -1.065364 -0.066522 10.093595 -23.071760 -4.911154 
0.762149 1.525008 2.454557 -1.774206 22.855535 31.885996 -9.102207 
0.232792 0.376759 -0.521164 -0.258148 -4.131113 15.899830 -1.919181 
0.215009 -0.070411 0.255719 -0.035679 -5.391646 -9.084659 4.960600 
2.204810 -0.195703 0.449293 0.082154 -0.368785 18.003626 -3.367810 
0.129032 -0.739653 -0.903193 2.748370 2.989407 -17.722059 35.988508 
0.374042 0.783326 0.359973 -0.273695 -7.990605 -4.920797 3.592175 
0.205433 -0.276594 0.337442 1.260035 -14.078975 16.868758 1.471175 
0.160079 0.012360 -0.398913 0.316642 -17.498282 14.192368 4.574894 
0.136090 -1.050973 0.481970 -0.033340 -5.677714 -8.643421 14.899130 
0.119841 0.366417 0.652703 0.385401 -0.703906 8.418423 18.863859 
0.201503 -0.922926 -0.354189 1.611635 -1.488619 -10.443586 8.872095 
0.611073 0.054511 -0.245710 0.219964 -19.902819 -10.181351 -13.513854 
0.115016 0.886029 -0.422254 -1.582362 7.744055 -14.095075 -9.645464 
0.399244 0.740585 -0.889481 0.238682 11.197932 -10.113290 9.135396 
0.131342 -0.596572 -0.206636 -1.068798 -0.355294 10.453055 -2.072711 
0.174201 0.041888 -0.711019 1.023578 -0.467221 10.209367 18.774922 
0.089275 0.350576 0.155981 -0.156525 18.184334 -4.634612 0.884596 
0.438872 0.149131 -0.290791 0.428170 14.498240 9.776005 -7.237696 
0.085636 0.455022 -0.199153 -0.052624 8.554895 -7.898533 -6.339051 
0.582912 -0.075067 0.148813 0.182042 -10.394096 6.550811 -2.383155 
0.240412 -1.471457 -0.098885 0.529131 -9.227923 -0.679518 19.882430 
0.226021 0.549646 0.199529 0.710677 -10.694544 3.487110 15.598085 
0.107205 -0.188630 0.247307 -0.212664 -14.698301 -13.338627 6.119575 
1.102835 0.078025 0.031006 0.676878 8.639222 3.816344 18.125389 
0.266126 -0.599603 0.736797 -0.348670 -17.959197 1.197734 -12.248892 
0.409423 -0.134653 1.377485 -0.679909 -10.481952 4.917975 -3.356159 
0.089384 0.295398 0.050351 -0.474394 13.639087 -15.952861 -4.059914 
0.113871 -0.049874 -0.436564 -0.284654 11.564443 1.871586 1.321401 
0.746267 0.006943 1.655324 -0.212981 -3.605753 3.573316 -7.785198 
0.219386 -0.390043 -1.028774 -0.500908 12.737613 -14.355647 -3.900272 
0.439077 -0.070649 0.159032 -0.646473 -19.002996 4.006890 -8.862118 
1.444015 0.470496 -0.308162 -0.028272 -7.433059 4.931043 -4.540002 
0.102731 0.502852 -0.840699 0.579743 6.709888 7.901802 -1.099153 
0.202560 -0.476502 -0.800304 -1.143959 6.078611 -11.696529 -39.397501 
0.091773 -0.200648 0.460336 -0.029930 2.299195 -6.186383 -5.033757 
0.159646 -0.785783 0.575797 -0.779079 -3.570132 -8.446103 0.149082 
0.210510 -0.360118 0.516795 0.208303 -21.944259 -12.370803 3.375168 
0.129464 -0.099584 0.548632 -0.257368 6.401926 -2.047823 4.893571 
0.235395 -0.512155 -0.244931 0.465219 -5.916025 6.872586 -0.473323 
0.392760 0.194853 -0.014014 -0.479997 -14.370716 -14.278719 -0.462174 
0.340464 0.023379 0.490144 -0.983442 4.705882 12.089219 5.218341 
0.558675 0.535352 -0.093594 0.118351 15.801091 12.906040 -10.923576 
0.269181 0.552951 -0.818100 0.691870 8.756227 -5.794226 14.799503 
0.080832 0.287130 0.739501 0.708123 2.015606 4.114093 19.156223 
0.161454 -0.224982 -0.253712 -0.256040 -22.556960 -2.435364 -12.680203 
3.272843 -0.207122 0.125271 -0.222039 -8.680430 6.107114 -5.357221 
0.126733 0.509354 -0.470135 -0.174945 -14.337835 -14.549729 -0.182416 
0.147442 -0.550534 -1.902977 -0.529121 -2.868195 -24.570164 -0.049467 
0.234874 -0.331418 0.582921 -0.261927 -10.396497 5.344282 15.614670 
0.088322 0.227015 0.398510 -1.089848 -8.650732 3.121419 -7.501754 
0.124823 0.066051 -0.108742 -0.579825 -13.253987 6.440798 12.470024 
0.134972 0.884942 0.777433 0.477485 7.237176 5.360601 -2.407937 
0.114632 -0.101096 0.086385 0.373424 -3.787546 18.980712 -4.214382 
0.145861 -0.236452 -0.339644 0.334242 11.615229 5.896520 -12.725101 
0.263366 -0.750632 -0.412806 0.191551 -18.577103 -8.094450 32.570546 
0.973808 -0.093211 0.176305 0.032443 -15.095447 22.095920 0.429549 
1.966409 0.063622 0.113118 -0.127048 -9.864835 10.515028 -5.258541 
0.137245 0.005561 -0.043713 -0.604853 13.053707 -1.281309 6.914505 
0.175886 -0.346766 -0.069400 0.034333 -1.854039 -11.363338 15.025083 
0.427154 -0.487943 -0.253966 0.644437 4.971335 -15.996308 -0.115911 
0.305641 -0.481443 -0.092994 -0.433265 2.674328 -18.759425 -0.010586 
0.126873 0.138325 -0.251002 0.127586 -2.059994 5.342150 10.787622 
0.202129 1.294007 -0.431909 1.027492 5.658102 0.559769 18.566712 
0.103947 0.586596 0.833759 -0.025381 -11.694504 10.536193 6.136990 
0.160192 0.608560 -0.801175 0.480203 15.117068 5.643942 5.731388 
0.087931 -0.592795 -0.121196 0.018243 -2.556759 -1.925772 20.110898 
0.201166 -0.654849 -0.216266 0.485775 -10.222160 -13.174014 12.219002 
0.129271 -0.383133 -0.383467 0.393061 -18.448806 6.327049 -13.967446 
0.244547 -0.401385 0.051594 0.423519 4.953515 -3.314141 18.979310 
