0.202999 -0.187530 -0.290956 0.445199 -2.345816 20.055883 -8.326046 
0.583882 -0.719564 0.474204 -0.362311 7.786078 23.142410 4.921988 
0.585149 -0.269473 0.139185 0.942938 8.107794 -0.705143 -5.069987 
0.085689 0.194869 -0.634413 0.010889 -14.032240 -6.407295 21.603116 
0.090936 -0.168194 -0.198324 0.334013 0.686890 16.233599 -20.326324 
0.457888 -0.336046 0.946193 0.743790 -15.542656 -1.097994 7.408378 
0.179449 -0.477313 -1.044959 -0.449340 -5.743991 -11.067030 -8.051904 
0.103175 0.775684 -0.428696 -0.716898 6.440613 -17.484456 -1.213213 
0.199182 1.820433 -0.251972 0.340608 18.615673 -9.941563 4.255037 
0.109107 0.619333 -1.447114 0.311635 2.235442 -11.624973 8.439892 
0.232498 0.472014 -0.309839 0.631315 -0.979343 -10.134298 -6.219305 
0.683878 0.220410 0.857865 -0.720407 -11.231182 0.974005 -16.800042 
1.809017 -0.172381 0.132269 0.184763 1.138140 5.754824 -9.002694 
0.133767 0.492673 0.792109 -0.641528 23.271082 9.743405 -0.192912 
0.207935 -0.851728 0.152209 -1.081644 -9.484372 15.995953 -8.046421 
5.586845 -0.573700 -0.274293 0.366978 7.425682 0.862522 -9.194808 
0.099031 -0.314821 -0.662825 -0.056529 3.038322 0.255265 18.061744 
0.095457 0.152046 0.196681 -0.019316 -11.935017 -10.610321 11.154811 
0.166412 0.262296 0.857509 -0.153967 5.523319 2.284598 -20.577582 
0.401973 -0.588348 -0.283381 -0.553717 1.995226 -24.963336 2.417516 
0.149690 0.426439 0.169793 -0.048071 3.762392 13.108093 16.548954 
0.135040 -0.709302 -0.270146 -0.031083 4.061329 15.662305 -5.249569 
0.230700 0.850671 -0.079196 -0.846748 4.496761 10.927060 -8.047493 
0.296048 0.332254 -0.895200 -0.309850 -3.398390 -1.769886 9.393943 
0.089040 -0.240614 -0.180908 0.373173 7.992278 -12.430535 12.300386 
0.218861 0.449402 -0.715355 -0.436005 16.933923 -7.304464 -5.523048 
0.780326 0.624388 0.083315 -0.507444 9.713153 -13.463035 -14.129359 
0.110177 0.840515 0.951837 -0.498898 8.532081 13.629199 9.362428 
0.308745 0.571317 -0.026461 -0.365596 20.045214 -24.533666 -12.607589 
0.930095 -0.127672 0.052411 0.085110 8.199024 3.189990 -21.030529 
0.154448 -0.316150 -0.055140 -0.081214 14.710486 19.692142 -9.396752 
0.449860 0.115041 1.224572 -0.121343 -5.205777 6.553091 10.302235 
0.194281 -0.903535 -0.235333 0.506610 3.032979 -5.315762 1.195883 
0.121470 0.322315 0.452815 0.280188 -12.083205 6.877142 26.713617 
0.388680 0.039450 -0.265962 -0.756971 2.483858 12.174217 -6.816933 
0.552874 0.564511 -1.050051 -0.193553 -2.961040 -19.765591 11.746748 
0.107074 -0.214066 0.701926 0.131507 19.313898 -3.770639 15.383583 
0.218546 1.035307 1.164506 0.305977 5.271819 12.952350 -0.140146 
0.118025 0.107688 0.523957 -0.367832 -14.764416 -13.482516 -5.990748 
0.176826 0.190233 -0.325646 0.501518 -9.399911 -5.737504 17.633675 
0.123628 0.269105 -0.644267 -0.972685 -3.583024 1.546008 -5.228702 
0.103987 0.090398 -0.745959 1.217892 17.791706 2.086473 24.125930 
1.612405 0.051197 0.079216 0.540446 -5.747365 -4.693363 7.199207 
3.952128 -0.384510 1.484689 -0.164215 -1.154572 11.007453 8.259351 
0.090817 -0.336777 0.130389 0.127101 11.001483 -4.539590 -7.867966 
0.094271 -0.312901 0.844028 -0.061591 -3.027752 -10.371661 -7.526802 
0.105198 0.316300 -0.303025 -1.021841 -13.816899 -4.167928 -14.030576 
0.122132 -0.091076 0.074348 0.196137 -15.034273 -3.374483 -1.961562 
0.167817 0.383375 -0.569887 -0.633906 -10.098061 -13.562384 6.044322 
0.138488 -0.559950 -1.319302 -0.671690 -1.337009 -20.346090 3.903398 
0.701272 0.029029 0.147430 -0.949900 30.552150 3.931364 -11.347621 
0.367183 -0.068674 0.566261 0.888965 1.817705 -6.218957 19.094060 
0.116639 0.462475 -0.366395 -0.047372 4.971106 -9.268308 -7.149021 
0.156405 -0.266206 0.149373 -0.206900 -18.129733 13.737217 -23.166906 
0.118162 0.385966 -0.425034 -0.075229 -1.075615 10.151527 12.182552 
0.151293 0.140373 -0.022339 0.386259 1.611485 -10.610517 -23.621081 
1.456612 -0.234005 0.042950 -0.297430 -12.711167 2.938284 19.491001 
0.095248 -0.270472 0.514645 0.485366 -3.127763 1.619471 -9.029327 
0.298886 0.197185 -0.053535 -0.488404 -6.865281 3.933623 16.890810 
0.512636 -0.143091 0.680027 -0.534895 1.213768 1.395293 13.254352 
0.121466 0.430355 -1.054270 -1.552649 13.879424 -14.568120 -15.205251 
0.863813 -0.713114 -0.255338 0.018669 -4.935476 -6.539087 -13.969990 
0.283593 -0.502206 -0.286503 -0.798107 -7.957116 -1.997720 6.348134 
0.114183 0.107288 0.338165 -0.204691 -11.043228 24.374403 -4.460384 
0.387857 0.134470 0.150608 0.750648 -4.131320 -11.529016 -0.518244 
0.102340 -0.051874 0.226200 0.657714 -10.750584 -15.063048 25.948608 
1.423034 0.224696 1.282603 0.130046 15.585245 5.559671 -3.399255 
0.118440 -0.016140 0.141297 0.993552 9.820592 -6.661038 3.993996 
0.087317 -0.015370 -0.011751 -0.311031 -13.804663 0.077499 21.291146 
0.115648 0.021352 -0.391907 0.187082 1.522880 -7.295739 23.739533 
0.335498 -0.205720 -0.454592 0.837603 9.312555 -21.267060 -1.239235 
0.109210 0.167229 0.563999 -0.652296 -7.976826 -1.959668 -10.818669 
5.398343 0.434977 0.289229 0.253251 -10.296493 8.464033 3.244626 
0.438696 -0.397728 0.164327 0.478054 -16.832876 -14.139463 -9.684652 
0.102783 0.207682 0.358887 -0.291579 8.493760 -14.743660 11.874061 
0.317653 0.876010 0.524457 -1.023470 0.388062 22.454208 -14.035288 
0.117399 0.114367 -0.108512 -0.030962 -16.469773 22.651148 -3.213479 
0.135796 1.317495 0.345425 0.173824 20.617725 -12.313887 5.664709 
0.139152 -0.060876 0.382965 0.155558 6.310840 16.803988 -7.018654 
0.081844 0.482366 -0.396287 0.663362 -1.201407 1.214909 -0.066708 
0.210768 0.354658 0.167198 -0.979181 -7.828457 -5.772887 -1.941246 
0.087151 -0.496895 0.166659 0.938182 7.976372 -3.294021 30.163974 
0.247564 0.252945 -0.096880 0.511202 -7.576806 -30.002292 -2.815636 
0.118055 0.653179 -0.881333 -0.785866 -3.139715 -1.472514 -9.876917 
0.133708 -1.262789 -1.244833 0.067380 -28.151863 -32.522831 4.834239 
0.137951 -0.319554 -0.387976 0.383319 -12.175916 10.485097 -11.481113 
0.295736 2.680662 1.788271 -0.647133 81.729318 46.271003 -20.786165 
0.093592 -0.381127 0.135595 0.367292 0.920462 10.278119 -10.312482 
0.180968 0.257406 0.812753 -0.667105 -1.443927 1.719770 5.637928 
1.058781 0.195965 -0.508714 -0.502407 6.849962 9.785696 0.204868 
0.086350 -0.056629 0.023811 0.199563 3.835144 0.173465 17.999275 
0.263354 0.512857 -0.781345 -0.133284 -7.941773 3.253296 0.609311 
0.556778 0.049431 0.322379 -0.839149 4.220728 -10.540727 3.652799 
0.139284 0.514896 -0.082596 -0.668185 -5.053677 5.712663 3.870356 
0.478468 0.531354 0.313703 -0.397433 -3.569684 1.073796 -9.626628 
0.165293 0.074831 -0.530364 0.214320 -0.948350 9.074800 -4.709821 
0.493788 -0.323923 0.121584 0.003986 8.093080 -1.363662 -25.732300 
0.252788 0.581979 0.005721 -0.775074 7.234876 6.091643 8.834564 
1.145613 0.563165 -0.100202 0.400481 3.607778 -21.090145 15.534286 
0.388183 -0.297715 0.061598 0.568825 -1.809522 16.448780 24.891904 
0.094407 0.249951 -0.720372 -0.214011 -8.802162 7.477463 1.938505 
0.126740 -0.066556 0.881410 -0.075653 -1.161127 14.982928 2.064496 
0.323270 0.063822 0.167681 0.419782 -5.429070 -14.979314 -11.179998 
0.198042 0.040453 1.244334 -0.189783 -16.029945 21.295682 -0.210194 
1.167561 -0.677620 -0.477224 0.532367 10.988053 0.329412 -0.034779 
2.697368 -0.556766 0.144506 -0.434260 9.838544 3.870655 6.853447 
0.376011 0.179799 -0.312115 0.065033 -25.667543 -9.113140 -11.470988 
0.588263 0.274237 -0.201784 0.830412 -2.518780 -2.986260 -10.945084 
0.138650 0.191662 -0.110181 -0.802085 9.379661 15.672662 1.696351 
0.373816 -0.060066 -0.693618 1.007714 1.057560 5.746420 3.840137 
0.401930 -0.100459 0.679390 -0.753663 -3.352925 5.895508 -12.436794 
0.263064 -0.101206 0.244763 -0.142012 17.557500 9.729366 -3.403629 
0.459762 -0.624311 -0.657013 -0.234054 -17.592113 4.781320 15.511514 
0.328088 0.375114 0.473771 0.414898 -3.381045 10.047320 3.433290 
0.860282 0.328339 1.412639 1.011089 -1.847576 29.762231 35.087934 
0.273055 0.331262 0.215884 -0.072162 5.316730 -16.587471 7.108210 
0.396253 -0.575857 -0.831115 0.053581 -14.941462 1.087471 -4.045872 
0.246288 0.112467 -0.165647 -0.024349 -1.009836 13.755793 -19.640315 
0.730294 0.253735 0.138536 -0.029116 -12.653428 3.440097 15.460674 
0.278430 0.312651 0.502740 -0.126118 -6.165945 14.083905 5.694530 
0.151503 0.286516 -0.625685 -0.233039 -1.238394 -8.482258 -24.258142 
0.100432 0.237779 -0.499435 -0.361348 15.758185 9.637173 -3.078115 
0.082624 0.078611 -0.914824 0.529179 -15.961864 1.872346 2.531460 
0.114711 0.854888 0.293346 -1.083009 8.726464 -12.734968 -9.862574 
0.192666 0.704595 -0.236043 -0.229752 -9.609831 -0.964883 -21.857549 
0.287114 0.234298 -0.440534 0.974181 13.024099 -17.974178 -1.799201 
0.585359 0.568484 0.697344 0.034057 3.298720 1.259855 16.864818 
1.376095 -0.206681 0.057611 0.083758 -3.241979 -21.120455 -5.903258 
0.431641 0.619014 -1.038133 -0.132888 7.267476 1.809298 -10.434033 
0.136683 -0.071897 0.673365 0.091354 -11.251018 7.306939 8.473866 
0.323241 0.598274 -0.012395 0.606458 7.274574 -8.345424 -7.142236 
0.391024 -0.082919 -0.236829 0.556676 -27.419912 2.845160 -1.602518 
0.112116 -0.225000 0.106777 0.596997 4.100342 21.647392 -4.511980 
0.116547 -0.293791 0.601107 -0.476560 8.006592 10.812939 -6.588675 
0.952396 0.722194 0.214940 0.115892 -2.165520 -14.562522 -5.625379 
0.374161 -0.645203 0.483891 -0.076637 -4.358813 -16.426875 -8.453278 
0.178419 0.546970 -0.054081 -0.095107 -0.058050 -0.609482 8.539626 
0.192961 0.447083 0.903823 -0.434125 -3.323929 1.108141 -19.902862 
0.763069 -0.223514 0.259474 -0.217410 -3.849537 12.401132 20.780183 
0.181019 0.721504 0.364605 -0.052880 -7.893243 5.935493 11.777432 
0.393969 0.579869 0.455135 -0.479900 18.998311 28.617496 7.032480 
0.408300 0.189308 -0.023357 0.185622 20.544304 1.606870 0.930116 
0.506972 0.568961 0.471489 0.110312 4.503673 -10.013084 -18.355070 
0.168852 0.447408 -0.768028 -0.506186 5.141388 -5.710417 12.490607 
0.196085 -0.622464 0.478738 0.074237 3.325909 -4.246342 -5.110044 
0.836938 0.973086 -0.705710 0.244531 7.136429 -3.152704 -8.708895 
0.701221 0.303899 0.594152 -0.111352 3.280167 -10.812757 1.888596 
0.263429 -0.097846 0.263292 -0.029801 4.877400 15.877608 -4.306644 
0.151360 0.944839 -0.180783 1.023609 -3.706281 -10.607431 16.950857 
0.449375 -0.311893 0.673139 0.232203 4.941877 6.013812 -4.681633 
0.108928 0.555910 0.815685 0.497941 16.020227 -8.337996 13.559403 
0.090465 -0.929275 -0.238428 0.600811 5.255960 -0.063694 5.252452 
0.531060 0.521510 0.354893 1.344028 -7.000390 14.318597 16.527704 
0.272013 0.357300 0.602891 0.525274 -15.790624 7.796964 15.207206 
0.127889 0.603317 0.131367 0.293844 7.342813 -3.101258 -5.692613 
1.070260 -0.135434 -0.203683 -0.037345 -2.861048 -14.849322 -10.132748 
0.111702 0.063717 -0.282488 -0.799732 -16.292132 6.677386 2.248458 
0.275275 0.146124 -0.430795 0.068963 21.549474 -10.985028 7.225922 
0.433814 0.673057 0.279791 -0.123916 -9.724290 -10.259537 -8.602294 
0.121123 0.203327 -0.582451 0.120090 -7.733952 -4.383413 -25.443979 
0.604561 -0.561422 0.566384 -0.586995 -10.306180 11.852582 9.435509 
0.672200 0.630267 -0.200232 0.009635 10.461419 6.764626 22.290101 
0.485099 0.364695 1.314984 0.011755 4.973879 16.790568 10.159201 
0.088968 -1.423021 -0.166446 -0.060215 -13.287962 9.446701 -1.091622 
0.372330 0.321006 0.618924 0.337250 -9.664524 1.061995 -10.956883 
0.427499 -0.572267 -0.007134 1.080742 10.063932 -11.751557 17.025987 
0.148166 0.655593 -0.200873 -0.398362 2.699704 -18.428794 -8.026128 
0.205405 -0.196730 -0.492123 -0.680114 0.495281 -17.753028 -7.853873 
0.273438 -0.286556 -0.679140 0.226061 18.351036 -0.078699 -2.189550 
0.257004 0.405695 -0.579731 -0.672614 9.187680 12.724059 -21.593425 
0.083821 -0.292218 1.078327 0.700556 -13.849881 27.407214 43.896247 
0.673429 -0.394309 -0.174214 1.125122 0.764611 -4.464937 13.800673 
0.093338 -0.127747 -1.161414 0.829756 4.157152 -4.601903 7.160373 
0.097693 0.018842 -0.105949 -0.454755 -0.658911 -0.699119 16.531018 
0.081727 -0.282834 -0.300920 -0.254975 1.583339 -4.713176 9.911149 
0.417045 0.022048 -0.045027 0.032884 16.669066 -3.938336 -18.287702 
0.387177 -0.724755 0.228193 0.400941 -7.031304 -5.376136 -3.113776 
0.350927 -0.303249 -0.637793 0.450736 1.970036 9.554194 7.816484 
0.081891 0.533111 0.042153 -0.711581 -9.356644 -3.463721 -13.272219 
0.111530 -0.220135 0.289576 0.082732 -13.791763 8.459851 31.585045 
0.729211 -0.377118 -0.204796 0.148792 -1.775385 0.299633 -14.839484 
0.081209 0.826953 0.316451 0.140398 -0.640391 -3.985036 5.427207 
1.066327 -0.089877 -0.124689 -0.668468 8.537042 10.457190 1.522858 
0.844840 0.007384 0.118750 0.236678 -25.953380 -0.865148 8.453354 
0.286414 0.343597 -0.371170 0.843957 2.192343 -1.387510 -0.264147 
0.108220 -0.195547 0.678550 0.352739 16.185872 -3.655784 8.159686 
0.106446 -0.183923 -0.324666 0.246189 24.898892 -10.982184 -5.053026 
1.618982 0.326762 1.219867 0.328479 -10.740935 23.992320 -6.267644 
0.126190 -0.196125 0.225375 0.187635 -21.531990 -2.265200 -17.659593 
0.666898 0.198853 -0.041204 0.243843 8.677362 -1.562912 12.240365 
0.355266 0.455366 0.059604 -0.684661 -2.094276 -0.669040 4.899451 
0.365762 -0.687586 -2.058382 0.221686 -20.317930 -34.958829 -4.701513 
0.430606 0.586126 0.400975 0.134675 6.246093 13.687635 2.761457 
0.100431 -0.644117 -0.709668 0.628516 15.668452 -9.507002 9.573717 
0.189647 0.425546 -0.157212 0.220285 -14.345753 -3.549317 7.776177 
0.132254 -0.111784 0.477112 -0.115549 -19.797936 -6.851597 12.590381 
0.500139 0.065942 -0.432827 -0.633106 -16.304614 -5.974640 -19.536719 
0.175237 0.476903 0.214356 0.010327 -3.214978 21.572260 -16.913695 
0.123696 0.150872 0.612717 -0.263642 0.931495 7.228228 6.519074 
0.195281 -0.190934 -0.612650 0.195002 -6.918971 -11.197092 -22.783299 
0.599939 0.092479 -0.400152 0.604815 -31.187194 -7.488625 6.679748 
0.192741 0.179472 0.154404 -0.185723 2.852958 -12.720961 1.363725 
0.200778 0.711938 0.903682 0.160680 12.122165 -5.013264 0.485779 
0.177472 0.139437 -0.913777 0.341065 -3.559805 -12.770334 -17.340306 
0.127855 0.073339 -0.373989 0.605686 7.474556 -22.244044 1.256673 
0.220526 0.007816 0.253377 -0.191392 0.638997 -14.174901 14.645987 
0.627642 -0.260559 0.118847 0.111257 4.840922 -10.682559 13.066273 
0.637465 0.498704 -0.477640 -0.136483 -11.456217 3.120638 -0.126692 
0.169117 -0.293939 -0.808426 -1.030083 4.329230 -5.751386 -2.965646 
0.114784 -0.330675 0.347184 0.434464 -11.857738 -17.994424 1.858262 
0.135557 -0.242192 -0.333454 0.150143 0.901185 15.334960 5.503757 
0.579415 -0.724163 -0.182268 -0.641700 -10.927164 -1.932202 12.303309 
0.624848 0.364005 0.463607 -0.329562 28.104281 23.141435 -7.587845 
0.385484 -0.449682 0.803120 -0.168207 -18.540703 7.468347 14.428492 
3.082417 -0.020381 -0.230834 0.336921 -16.591389 -0.805899 4.544514 
0.310489 -0.248343 -0.155629 -0.440470 -0.309651 -16.784295 17.613639 
0.457154 -0.365391 -0.087493 0.462086 8.263563 5.799705 4.242915 
0.279294 -0.303341 0.423698 0.926641 -9.036360 1.237020 2.274176 
0.089763 0.017615 0.074964 0.627976 9.652200 -13.846697 -9.484176 
1.249225 0.125379 0.060190 -0.187337 -19.050296 21.982877 -1.447837 
0.163561 0.179944 -0.139087 0.314198 20.805456 -17.809538 -2.600987 
1.702665 -0.382554 0.189150 0.167977 -9.860921 11.798701 22.384167 
0.087567 -0.402171 0.543181 -0.150538 12.604529 21.688058 -0.303647 
0.192231 -0.298338 0.070297 0.057063 8.835819 16.325059 1.668162 
0.122081 0.749404 0.293811 0.311891 4.294957 -8.682809 -13.099366 
0.088452 0.092961 -0.782271 -0.014719 1.373262 -5.373370 10.650998 
0.470758 -0.648820 -1.397142 -0.103913 -6.323797 -14.804265 7.241007 
0.196106 -0.063651 -0.196365 -0.127788 5.712780 -0.187204 -5.445264 
0.163499 0.309384 -0.960405 -1.158170 16.454574 -21.923808 -2.124566 
0.080867 0.039293 0.231525 -1.315584 23.490133 18.500756 -18.438298 
0.223604 0.536822 0.188769 -0.232385 -11.618701 2.133257 15.381670 
0.155926 -0.237667 0.684382 0.340803 -17.725063 6.046405 14.186831 
0.238387 0.369532 0.381762 0.560321 3.259237 14.563128 -12.542105 
0.106154 -0.067276 0.156473 0.428624 11.746134 -2.083557 -6.932917 
0.169911 -0.702038 0.729610 -0.172326 3.976784 -2.204709 -12.622768 
0.113329 0.325266 0.268991 -0.652841 16.700822 12.675041 9.273049 
0.192419 0.867602 -0.170374 0.116499 13.798542 -26.426333 -9.383461 
0.594225 -0.609146 -0.303013 -0.785919 1.962641 1.543195 -1.928271 
0.085164 0.546717 0.177782 -0.012000 -9.517973 -2.108239 -18.382340 
0.117057 0.144285 -0.672524 -0.204406 -4.317913 11.686509 -6.144672 
0.205043 -0.140336 -0.664519 0.415123 10.201519 7.579768 -3.705134 
0.234649 -0.747891 -0.115018 0.281346 7.155222 -15.486335 6.810826 
0.487672 -0.206938 -0.185575 -0.226208 4.893205 19.979812 10.291199 
0.223182 0.499550 0.449878 0.252905 6.712295 -10.317819 -6.652983 
2.476904 -0.522548 -0.812231 0.485987 -6.397554 -6.754259 -15.650689 
0.441734 0.037644 -0.218206 0.076056 17.437086 -1.874826 -1.205008 
0.230397 0.589125 0.150944 0.302124 5.312271 -8.510108 6.592182 
0.689100 0.828458 1.009414 -1.165476 24.217875 9.592260 -12.885656 
0.815528 -0.651506 0.629565 -0.219229 -28.271020 2.313024 8.285819 
0.161492 -0.522892 0.088185 0.410559 0.194927 16.227783 -3.440584 
0.542296 1.547614 -0.146638 -0.480707 15.668157 -8.651105 -2.062283 
0.146522 0.646803 0.602647 0.114689 -5.441998 2.015898 13.585797 
0.256037 -0.849408 0.586425 -0.208028 -16.436393 -9.474925 -11.567977 
0.887681 -0.732201 -0.797344 0.906645 -4.471428 5.088403 11.884353 
0.101372 -0.185892 -0.184759 0.403075 6.850647 15.257610 9.861635 
0.141931 0.581023 -0.142299 0.220436 7.743346 12.604641 3.273926 
0.178446 -0.769677 0.220183 0.177596 -16.206308 10.179181 8.631999 
0.083374 0.206488 -0.191472 -1.130579 4.784336 -3.740177 0.982893 
0.376685 -0.379523 -0.377949 1.129997 0.983181 -0.400011 10.179510 
0.585808 0.443990 -0.724318 -0.077628 -8.837937 -18.095497 8.844783 
0.102075 -0.331749 -0.364632 0.126487 1.758501 20.407091 14.134455 
0.086694 0.042281 0.486013 -0.427282 24.587534 17.935764 -1.452390 
0.654455 -0.297753 0.048056 0.416372 -2.490755 -3.561413 10.154329 
0.442796 0.630986 -0.094846 -0.035284 -10.262498 -1.207329 -18.026892 
0.103990 -0.354853 0.557098 -0.077986 -10.031585 13.440318 -8.064587 
0.137893 0.678019 0.517415 0.233315 -11.575602 -11.636760 4.413574 
1.044939 0.117565 -0.184543 -0.019932 22.374126 -4.849713 -15.350735 
1.025335 -0.387589 0.108518 0.496805 -5.681015 -3.021586 -15.843948 
0.472835 0.230953 -0.031115 0.621804 -7.576935 2.162705 30.505885 
0.672168 -0.524084 0.722489 -0.484729 -28.438016 9.969836 8.521491 
0.208490 -1.101199 -0.158563 -0.036623 -16.587199 -17.079620 -2.970864 
0.292610 -0.610683 0.687062 -0.334943 -10.314187 24.007496 10.342674 
0.111344 -0.118020 -0.129464 0.105030 2.235150 -10.925100 24.968777 
0.466067 -0.170036 -0.634900 0.411618 12.195754 1.942544 12.756094 
0.112109 0.255341 0.650859 0.161873 -8.698062 -1.389426 -5.944395 
1.021373 0.419658 0.200384 -0.278403 -13.753860 0.476104 6.945906 
0.247245 0.034499 -0.336558 0.220067 -24.528462 -13.265754 23.615382 
2.937998 -1.348904 -0.074518 -0.435850 -21.127289 -10.179682 8.037901 
0.112201 0.191928 0.306141 0.265212 9.535597 -17.916350 -0.251957 
0.941373 -0.156857 -0.129358 0.111541 -9.794263 21.809708 -2.466650 
0.186332 0.310761 -0.370363 -0.768574 12.714769 -0.651716 -11.747461 
0.206312 0.101333 -0.389462 -0.094237 -11.440263 3.569236 -15.883340 
0.087521 0.479768 0.923915 0.734849 -0.889030 1.741387 1.701383 
0.337060 0.256955 0.447523 0.278362 7.081637 -13.025055 -9.944362 
0.506829 -0.410258 -0.076300 0.107022 8.087451 2.831824 28.473140 
2.506229 0.857743 0.776162 -0.475702 -5.441957 14.694419 -1.442988 
0.109658 0.152167 0.225253 0.629652 16.250639 1.091112 -7.083098 
0.093631 0.482771 -0.358385 -0.113314 -16.821024 4.552114 6.578657 
0.994606 0.140025 -0.177417 0.334040 18.408393 -1.479080 9.686883 
0.184780 1.097370 1.359198 0.203839 10.075758 14.992853 -1.783776 
0.113864 -0.105639 -0.586894 0.197180 2.503675 3.497925 -15.337147 
0.500571 0.365579 -0.885895 -0.564018 26.682353 -1.383023 -14.019125 
0.375402 -0.280213 0.208619 0.538463 3.371462 -5.099084 14.343523 
0.121279 0.139344 0.056824 0.939878 14.678231 -0.035707 -4.927590 
0.437171 0.045302 -0.013511 0.193527 20.515475 -1.845255 -21.322739 
0.420529 -0.280179 -0.419368 0.483451 8.490012 0.011637 -3.857277 
0.140832 0.110053 -0.277869 -0.252113 8.063242 -6.465979 9.146422 
0.317286 0.017509 -0.151716 0.173533 8.489966 20.150905 0.302129 
0.092539 1.035345 0.168992 -0.870106 8.950921 -7.477111 -0.515630 
4.198783 -0.177058 -0.209305 0.314193 -2.676675 -5.918851 -16.867052 
0.435794 0.660283 -0.280407 -0.265384 -3.810712 7.941757 7.124078 
0.299195 0.206337 0.362379 -0.608019 -6.589405 -12.731728 -6.983977 
0.366428 -0.030100 0.439971 -0.732809 -20.298225 3.618839 3.135992 
0.300202 0.013617 -0.163911 0.233311 8.578510 15.053735 -1.974034 
0.585186 -0.127968 -0.243090 -0.658912 8.402691 -2.807317 10.156780 
0.524509 0.083938 0.320730 0.083883 -7.457676 -11.732442 -22.110241 
0.292083 -0.030139 1.290571 -0.550121 5.828566 14.118673 9.127636 
0.107699 0.249037 0.968523 0.343558 -3.719252 15.758587 19.668643 
0.744916 -0.417620 0.224137 0.290622 -11.749040 32.840854 9.475600 
0.131940 -0.009678 0.866422 0.070866 -16.474047 24.009799 -0.279174 
0.104491 -0.023074 -0.363491 0.171583 -16.814121 -12.354131 25.913374 
0.504475 0.114308 0.156406 0.195562 -5.993273 6.476113 1.929426 
0.159200 0.179243 -0.221062 0.521251 -9.924575 -5.244548 -5.452675 
0.144224 0.730226 1.198984 -0.852979 1.453780 22.518205 0.244396 
0.221063 0.708326 0.318261 0.032357 -6.630985 8.782530 -16.884723 
0.339783 0.119883 0.378769 -0.629611 -8.208919 -11.197333 -4.514926 
2.985742 0.223930 -0.857835 0.468274 22.108190 3.469408 -2.787673 
0.098040 -0.388539 -0.301984 0.638269 -3.236721 -1.401022 -14.308437 
0.364111 0.372351 -0.151974 0.580483 -14.908587 -6.560667 -5.324837 
0.144886 -0.414817 -0.061120 0.314043 15.977588 13.208320 11.257539 
0.360597 0.120553 -0.332848 0.366183 -8.799930 9.788777 -9.082510 
0.254317 -0.680338 0.717617 -0.932236 -11.553639 -4.937572 -9.308153 
0.555913 -0.506100 -0.655086 0.172014 8.630469 -2.868359 -6.244407 
0.416651 -0.994582 0.333977 0.257440 -26.033036 -4.943448 -5.151837 
0.151008 -0.294419 1.070636 1.133719 0.467097 10.642195 10.258182 
0.577563 -0.170590 -0.091633 0.449624 -2.916320 14.224112 -18.857714 
0.141965 0.982080 0.473825 0.897278 11.037822 1.398601 27.610648 
0.120024 0.447890 -0.245940 -0.237139 -5.285195 -2.766265 14.708895 
0.182852 -0.227400 -0.407226 0.227358 22.568617 -21.223741 0.520322 
0.189724 0.127470 -0.150855 0.438760 8.144622 -2.326883 -22.715700 
0.150160 0.325340 -0.032501 0.138957 7.347916 -21.030696 24.973734 
1.373741 -1.641155 -0.669004 0.772664 -25.455056 0.622209 11.250019 
0.283453 -0.023993 -0.141445 0.789662 11.042212 2.197279 23.368262 
0.170281 -0.541768 -0.633882 -0.327221 -10.640745 7.215985 11.233262 
1.505698 -0.803506 0.655414 -0.126188 -4.027760 2.854919 1.827138 
0.360047 -0.186686 0.398329 0.206806 -25.794729 6.454711 -13.095946 
0.588861 0.454234 -0.618526 -0.380623 -14.101473 -4.588564 0.063756 
0.381565 0.310307 -0.435460 -0.185408 -17.238252 -9.666015 4.808790 
0.166121 -0.113841 0.604599 0.215412 13.781979 -4.633625 -21.120753 
1.652096 0.064426 -0.540214 0.038086 5.868573 0.281647 -1.385571 
0.215498 0.958378 -1.310663 0.608022 20.937284 -10.716065 2.962817 
0.524663 -0.086718 0.315430 -0.041380 -8.891072 8.271717 13.002766 
0.489037 0.328931 -0.147411 -0.036739 -9.644015 16.916422 -16.016552 
0.247044 0.228635 -0.013508 0.251367 -2.851150 0.177471 19.905544 
0.408569 -0.875225 -0.458456 0.329632 0.273721 6.845641 3.507818 
0.429966 0.042355 0.121249 0.053677 -13.571975 6.159160 6.270531 
0.205030 0.735912 -0.110279 0.299408 18.769359 -14.831035 -0.637383 
0.104504 0.734916 -0.153782 -0.287831 4.124047 2.352182 -11.501423 
1.704172 0.539975 -0.858712 -0.762256 0.745509 -1.765216 -14.771954 
0.208973 0.361629 0.998350 -0.691228 6.889400 3.932824 -8.902458 
4.631110 -0.770665 1.030792 -0.029322 -11.508865 10.409642 16.342655 
0.135103 0.077823 0.386754 0.099997 -10.401292 -9.765136 -15.331777 
0.169606 0.032849 -0.145147 0.756614 9.269416 18.702943 -0.603520 
0.567692 -0.114409 0.589412 -0.343485 -23.055824 -7.047568 -16.221801 
0.214292 0.321885 -0.275147 0.044883 1.437993 -1.859762 29.318189 
0.450345 -0.091266 -0.613563 -0.681709 -4.031979 7.762192 0.041033 
0.407103 0.122495 0.155136 -0.426938 -9.010276 6.759102 -0.295786 
0.846636 0.074763 0.023872 0.092807 7.487435 16.004906 -14.559258 
0.123163 0.692980 -0.156594 -1.239783 3.757926 -12.504451 -14.219780 
0.120648 0.265406 0.504519 0.144484 0.011139 10.962620 -19.726537 
0.387333 0.423467 0.406356 -0.409216 -4.239684 18.882517 7.226723 
1.095352 0.322559 0.206958 0.026361 5.325295 13.901535 12.970543 
0.212730 -0.291511 0.358770 0.143201 5.778123 -5.891944 -20.685710 
1.575080 -0.256796 0.541407 -0.473536 -7.048998 14.732479 18.155624 
0.102042 -0.119752 0.242654 -0.372666 15.240086 14.219766 7.299899 
0.606266 -0.393917 -0.254375 0.283279 -13.842413 15.046651 1.443076 
0.250734 0.689999 -0.037618 0.057064 3.300261 0.848605 -3.558584 
0.184902 0.130359 -0.950459 -0.050044 -9.906484 5.179888 -0.534174 
0.348863 -0.960061 -0.088403 0.473577 -9.070483 19.641887 -3.325375 
0.127948 0.561627 0.111127 0.206710 10.359366 -16.440742 15.316502 
0.127545 0.861761 -0.432169 0.728118 8.071474 9.468774 24.758289 
0.089378 0.156303 0.924561 0.475487 14.459548 5.562347 7.735642 
0.220514 -0.841410 0.278590 0.379709 8.111234 8.486033 10.713700 
0.195396 0.749761 0.229310 0.544283 7.797550 -13.171101 -4.881595 
4.245083 -0.149798 -0.378543 0.446023 -12.592853 -17.438549 2.034710 
0.095817 0.099933 0.210492 0.574867 -8.488459 7.684586 -6.984909 
0.569763 0.509722 -0.067031 -0.125751 -9.774721 12.811432 1.725116 
1.098164 0.312402 -0.474002 0.318128 -2.508636 0.631972 2.865950 
0.538990 -0.520881 0.039475 -0.409389 3.370141 7.267877 -1.092092 
1.288776 0.196578 0.135192 0.168874 -29.568710 6.176465 9.786789 
0.193816 -0.262038 -0.280362 0.612745 10.432810 12.637263 5.448739 
0.378483 0.943604 0.563683 -0.260225 -4.761938 12.413044 3.122913 
0.130333 -0.843737 -0.304699 0.080073 -6.540281 19.158583 2.575671 
0.235233 -0.289366 0.672422 0.433369 0.009526 2.400704 -18.091074 
0.474050 0.198273 -0.083139 0.339458 13.151460 6.300176 -12.983710 
0.170650 -0.113535 0.567993 -0.226820 11.027144 -8.948195 -3.322529 
0.551803 -1.010880 0.007031 -0.266176 -10.658328 -7.395327 4.508395 
0.131497 -0.462854 0.072263 0.322946 4.498637 16.416609 2.824759 
0.367063 0.084396 0.742192 -0.055453 -18.850336 -2.022707 -11.282734 
0.237052 -0.060094 0.166109 0.061699 -0.830331 -11.815554 -19.893827 
0.979329 -0.644008 0.052021 0.480336 6.197552 -3.351674 13.016031 
0.113309 -0.256122 -0.554448 0.116074 18.807134 5.954282 -3.033700 
0.202812 -0.086478 0.203829 -1.098489 19.349066 6.521785 -7.179564 
0.145792 -0.259003 -0.356192 0.133852 5.205440 18.171763 -9.832246 
0.206856 0.469652 -0.926964 -0.525483 -6.262088 -28.345613 -15.224846 
0.534870 -0.267139 -0.583730 0.700317 -14.522922 11.023759 -3.050894 
0.091732 -0.153047 0.726516 0.066196 -23.048333 -2.495954 15.707029 
0.094435 0.198188 -0.595385 0.640019 -3.046076 4.003185 16.174950 
0.106821 0.104594 -0.193025 0.329307 4.739948 -8.473071 -9.881675 
0.443043 -0.223202 -0.148408 -0.395461 13.893170 4.603823 -15.186442 
0.087582 0.443600 -0.452985 -0.220437 -8.845662 -6.316727 -13.888964 
0.159466 -0.648086 0.531400 -0.185315 -10.878619 -6.980949 8.498765 
0.829727 0.247571 -0.307755 0.478700 1.253089 -1.205922 -18.849043 
0.093662 -0.508753 0.805068 0.161214 -5.668828 5.520712 20.894749 
1.055006 -0.223929 0.414491 -0.792646 -12.658474 4.206319 -7.796370 
0.290595 0.421514 -0.635164 -0.324572 7.820763 0.430829 18.061675 
0.226020 -0.232480 -0.934302 1.653945 11.402117 -15.194971 26.005191 
0.258652 -0.137072 -0.095845 0.117176 -10.602006 10.297929 -3.609899 
0.504080 0.133482 0.064638 -0.602321 12.187809 -8.528615 4.914829 
0.133644 0.212573 0.573296 -0.823020 -10.208562 -10.305805 -27.204482 
0.102367 0.350172 0.377542 0.183126 -9.770179 3.902773 13.873468 
0.102733 -0.404367 0.056549 -0.271014 18.026359 14.196840 1.451043 
0.406103 -0.016731 0.375563 0.862338 2.573251 -4.096945 -2.818099 
0.170184 -0.589576 -1.002867 -0.245013 -4.268205 -1.130296 -16.128397 
0.080956 0.487484 0.204045 0.125816 13.182449 28.410638 -12.213740 
0.171393 -0.165156 0.609461 0.647432 -7.878653 19.993852 3.389388 
0.103884 -0.016627 -0.240337 0.402370 -10.466589 5.956403 2.401592 
0.287723 -0.232476 -0.198525 0.268884 5.603540 1.290396 11.890847 
0.707610 -0.108486 -0.171545 0.383860 -4.193512 0.592089 28.295113 
0.161798 0.285346 0.559598 -0.405505 -1.281240 -5.873170 6.523478 
0.495528 -0.843627 1.512946 0.507034 -11.499114 14.439775 3.364260 
0.081729 0.696853 -0.089164 -0.345778 12.576624 9.489209 15.573652 
0.498673 -0.491051 -0.245218 0.648131 10.816368 -6.224876 3.870846 
0.189760 -0.490703 0.145315 -0.428284 -11.976399 -4.458038 7.078352 
0.174582 0.973046 0.383956 -0.134571 12.611312 3.296820 12.248314 
1.913197 0.190728 -0.405533 0.077358 2.588229 25.008778 3.762719 
0.156957 0.068359 -0.325521 0.443600 -11.210480 16.737693 -4.294365 
0.318637 0.208046 0.769730 0.425777 10.904456 6.702742 -4.641441 
0.384886 -0.354763 -0.844272 0.485975 -12.431755 1.728879 -1.958003 
0.094543 -1.130247 -0.131601 -0.777420 -3.661360 11.018340 -18.624916 
0.093801 0.471356 -0.006620 0.887680 11.577448 -11.145035 -4.869580 
0.259589 -0.189317 -0.111252 -0.277217 3.704474 14.402687 14.713040 
0.331382 -0.128137 0.186356 0.019814 -6.791126 6.773611 2.709133 
0.597086 -0.718854 -0.385412 -0.147166 -29.938380 15.447199 -17.937121 
0.244466 0.119909 -0.163876 0.160968 -6.257104 -6.175856 11.565982 
0.409757 0.517175 -0.575815 0.127341 -4.448521 -2.956767 23.669674 
0.703460 -0.983611 0.529340 -0.059571 -0.845840 8.452527 13.655993 
0.129081 0.037774 -0.110581 -0.185297 14.890512 4.456172 2.874579 
0.592856 0.052080 -0.800902 0.151486 16.064402 7.646546 11.059726 
0.598064 0.165024 0.145420 -0.403434 5.167900 12.188547 21.180536 
0.315326 0.308580 -0.107890 -0.124478 -6.603062 18.752352 18.575338 
0.830552 0.522389 -0.473354 0.363199 -1.018047 3.609898 -13.163830 
0.107798 -0.241122 0.097388 0.449856 -11.090967 17.443025 18.309680 
1.282747 -0.491294 -0.032949 0.443576 0.734626 -22.661682 -10.091721 
0.179704 0.350257 -0.196411 -0.654510 -2.572321 -12.084394 9.242239 
0.226650 0.283582 0.275239 0.027724 14.157484 -14.367479 7.763905 
0.213577 -0.358764 -0.476533 0.137470 1.651914 19.866905 5.900724 
0.360054 0.376561 0.499496 0.392447 -4.853326 -11.160461 5.669659 
0.590465 -0.500034 -0.372479 -0.082443 14.165764 -5.106809 3.319988 
0.323997 -0.047173 0.345406 -1.076215 -3.880345 25.850655 -12.182001 
0.080856 -0.334997 -1.040683 0.805254 11.426406 -7.390324 10.877673 
0.143920 0.100763 1.316670 -0.187227 3.332143 10.570235 1.226049 
0.128165 0.669953 -0.332955 -0.109213 16.093204 7.560052 6.363564 
0.371144 -0.414091 0.725235 0.367745 0.144083 13.483238 -9.114068 
0.145470 -1.058680 0.538348 -0.158804 -3.040361 5.550934 -17.286198 
0.092657 -0.058935 -0.723020 0.174060 -3.161931 11.874759 -9.379680 
0.587126 0.120527 0.190942 -1.158282 20.737000 -13.082645 -13.573721 
0.235289 0.313492 -0.256949 0.156819 3.013119 6.291780 10.443359 
0.569180 0.752196 -0.480026 0.394860 -3.555911 -11.488222 -6.163473 
0.093590 0.021574 -0.102282 0.498225 -13.814181 3.086053 18.588622 
0.249342 -0.283738 -0.410061 -0.835961 2.161683 -7.915011 0.423757 
0.543855 0.344399 0.256410 -0.323020 29.549614 -7.313330 -3.975415 
0.236315 0.491390 0.260450 -1.116276 18.849597 28.129181 -13.740193 
0.136931 -0.507037 0.940260 -0.031537 1.530112 -0.803209 -9.852488 
0.109437 0.400031 -0.165364 0.732699 -10.008872 -17.332334 1.142421 
0.915698 -0.544435 0.390349 0.649785 14.443821 6.501404 -0.438808 
0.125769 0.013697 0.421304 0.316607 -12.244212 -8.858901 -11.986056 
0.182221 0.708433 0.223561 0.103203 5.769384 -6.806780 2.817381 
0.624303 -0.358070 -0.820136 -0.333876 -11.812639 -1.539676 -4.711195 
0.123119 0.353984 0.022589 0.012743 -20.229905 1.427652 4.025985 
0.093277 -0.540334 0.390381 -0.271887 11.912146 4.741889 6.018753 
0.126609 -0.900758 -0.674482 -0.034409 -3.203315 -6.707375 15.046395 
0.342755 0.276072 -0.443192 0.016815 1.881474 20.179784 3.705587 
0.887808 0.678837 -1.119896 0.056579 9.280219 -10.236613 2.970838 
0.718573 -0.907510 -0.063796 -0.224828 -5.598180 -6.891820 -12.836872 
0.789225 -0.044385 -0.082036 0.585307 -3.688812 27.940941 8.033924 
0.126531 0.395553 -0.256064 -0.037707 14.358288 5.628383 11.549289 
0.685572 -0.314697 -0.338624 0.154623 5.302756 -3.650833 2.728258 
0.342997 1.173560 -0.350171 0.034923 2.235246 -1.034885 -4.469094 
1.141486 0.693529 -0.030181 0.787866 3.382646 11.066389 3.716336 
0.181571 -0.127535 0.124723 -0.485072 -12.075547 5.057833 6.706442 
0.271737 -0.022996 0.271961 -0.380948 -10.721702 -0.230511 8.496043 
2.465276 0.462207 0.282544 0.254855 2.004741 -4.800056 9.234038 
0.132761 -0.911506 -0.317582 -0.278700 3.564076 2.342633 -10.794236 
0.088416 0.921435 -0.084786 -0.372314 0.554833 -2.931481 6.489391 
0.089291 -0.205969 0.009328 -0.011181 1.698064 16.321107 -15.391126 
0.263350 0.286874 0.423422 0.680675 6.439724 -1.320868 -3.096589 
0.423754 -0.067400 -0.698390 -0.130443 13.798202 -2.117741 18.273367 
0.178200 -1.465166 -0.664447 -0.021055 -14.995244 -1.970535 -0.599988 
0.269147 0.367021 -0.990830 0.238132 -13.413462 -7.726655 -4.862053 
1.218772 -0.827622 0.639962 -0.361173 -8.713794 -10.167879 3.921241 
0.195759 0.467167 -0.211756 0.789282 4.764803 -18.428372 12.199842 
0.310560 -0.416418 0.024765 -0.041016 1.896990 10.983776 18.171022 
0.132928 -0.065256 -0.055401 0.408498 -1.730793 11.631775 -20.223402 
0.130606 -0.498306 0.812602 0.769821 -0.099779 2.534166 0.523992 
0.180981 0.529354 0.558626 0.500064 16.156920 32.001370 28.462806 
8.040799 0.005396 0.277760 0.136474 8.698980 -5.330587 -2.729958 
0.080873 0.769511 0.067222 0.297433 -3.273296 11.994511 6.800073 
0.337684 -0.174656 0.745063 0.949756 6.365930 0.114573 19.413094 
0.727006 -0.453938 0.721174 -0.103454 -22.325867 7.681961 10.831897 
0.130102 -0.032254 0.747379 -0.294451 -2.952098 -0.551625 10.156697 
0.107057 -0.208530 -0.679424 -0.390472 -2.190597 -8.756969 19.277271 
1.352041 -0.049953 0.160301 0.742317 -10.208799 2.943366 -11.630938 
0.108970 0.121242 -0.194762 0.746233 -20.592485 0.124107 3.763064 
0.148499 1.083433 0.747280 -0.700983 11.201413 0.838406 -9.960988 
0.263983 -0.080003 0.014924 0.170758 9.856646 -21.643167 -1.914187 
0.240265 -0.194943 -0.449836 -0.020659 -12.147292 21.166435 -5.514238 
0.217954 -0.133805 0.465882 0.329825 4.356710 4.379159 -3.894743 
0.444167 -0.371781 0.567956 0.665786 -6.105267 13.479289 -0.894669 
2.752555 0.195648 0.015748 -0.609828 -0.108781 12.497705 -21.847445 
0.266546 0.108257 0.210681 -0.421603 12.168509 1.030332 -16.572017 
0.104305 -1.315280 0.205299 -0.111070 -9.011054 7.739584 4.595218 
0.144490 0.764858 0.248652 0.269929 13.530310 15.452035 -15.352050 
0.094619 0.142657 -0.078471 0.625937 10.267597 -8.926632 3.508979 
0.144851 -0.670991 0.437633 0.412897 7.329917 7.224734 21.125050 
0.132290 0.290110 -0.546271 0.540585 -9.454067 4.629344 21.649923 
0.524424 -0.212742 -0.298749 -0.659160 3.164994 -7.919499 -0.756511 
2.804970 0.479259 0.203491 -0.126504 28.643216 6.323009 4.057414 
0.151725 0.560578 -0.105351 0.420925 3.940915 8.729374 7.684560 
0.691052 0.005596 0.730166 0.308377 -13.099080 1.365056 -7.837235 
0.123125 -0.954647 -0.998212 -0.490241 -21.416130 -7.354378 -7.650363 
0.095501 -0.357180 -0.347711 -0.070856 7.505539 0.761815 9.424591 
0.082472 -0.188139 -0.010854 0.285953 -3.504390 -1.892777 25.939198 
0.088000 -0.546597 -0.073362 -0.190420 0.640825 1.055463 20.250777 
0.106567 0.396313 -0.164664 0.117236 -10.808536 0.394726 5.487600 
0.083960 0.131923 0.009328 -0.041727 -8.490704 -23.378220 19.219950 
0.444394 -0.115697 -0.316978 -0.488749 -5.117540 10.684459 10.450849 
2.968598 -0.556332 0.443085 0.733349 -15.414000 5.516249 -5.396121 
0.118415 -0.764532 0.227945 0.765063 -10.411395 -0.798695 -9.600646 
0.123056 -0.192455 -0.355412 -0.192393 -6.454366 -10.572297 15.811309 
0.111967 -0.084755 -0.374616 0.172917 -18.334744 8.746450 -12.956263 
0.095336 -0.100154 0.296582 0.208570 -6.534035 1.650966 -4.086498 
0.085245 0.079776 0.216056 0.744352 -13.286986 -0.175967 3.690024 
0.219520 -0.163788 -0.318160 0.640878 -22.240209 -7.184699 6.790862 
0.269315 -0.523742 -1.287523 0.827167 -9.157432 -17.711482 13.799019 
0.084729 -0.319998 0.435770 -0.377332 -0.144499 -11.342845 10.940358 
0.193296 -0.042401 -1.005606 -0.090955 5.806414 -0.595004 15.251416 
3.042533 -0.320708 0.336024 -0.607121 -3.182917 -17.336648 -9.622841 
1.417540 0.853937 1.128143 -0.518067 13.063542 10.808896 1.151909 
0.348250 -0.483068 0.329627 -0.367085 -5.171862 0.797020 2.164001 
0.189420 -0.663388 -0.210348 -0.218629 6.241741 3.219496 16.488903 
0.222484 -0.197889 -0.230133 0.433302 5.612395 -11.588859 7.856815 
0.319069 -0.612316 -0.097349 -0.657846 3.929077 6.691102 -9.368386 
0.092091 -0.636716 -0.057329 0.397047 -4.871315 -7.192681 13.181320 
0.486369 0.222146 0.256926 -0.107241 21.069449 -11.616710 -7.199248 
0.293964 -0.356393 -0.424101 0.374521 9.716525 12.646306 -4.834469 
0.150389 0.311980 -0.614368 0.051088 -10.724184 8.435172 -8.026292 
0.098254 0.519034 0.072786 -0.413021 -10.100335 1.228445 -1.503945 
0.129777 -0.223876 -0.086009 -0.008240 -4.153055 -4.623040 10.652415 
0.089968 0.546560 0.223751 0.832809 8.971142 13.309798 -6.653262 
0.178187 -0.435219 0.030952 0.214154 7.499418 -1.822670 -18.857270 
0.446547 -0.107309 -0.403072 0.139709 -19.116957 2.280404 -3.943328 
2.596189 -0.705075 -0.746425 -0.700053 -19.897270 -16.069863 -1.820194 
0.941679 -0.196860 -0.043334 -0.236370 -1.554388 11.392538 -12.452692 
0.357477 -0.021197 0.852648 -0.365866 -7.056664 -2.189099 7.221323 
0.233141 0.306385 -0.344857 0.400280 -10.210147 9.391368 -2.835503 
0.109886 -0.812741 0.343742 -0.135143 -5.302941 -2.857481 -7.010126 
0.103385 -0.551555 0.259178 -0.411793 11.502545 13.747100 10.457086 
0.307529 -0.839247 -0.253405 -1.345287 -7.008376 -12.417255 -10.791300 
0.224214 -0.820682 0.724582 -0.673516 -3.186056 -2.813037 -26.171326 
0.688471 0.422264 -0.591950 0.302682 7.089790 -2.871451 -7.911713 
0.121886 -0.155627 0.119707 -0.555294 7.571304 -18.808443 -0.744870 
2.036878 1.365655 -0.775149 0.109299 11.250579 -10.446929 -6.942606 
0.108772 -0.321559 -0.110552 0.335193 -4.501048 22.265064 13.895388 
0.087214 -0.907179 -0.762219 -0.967022 -4.620385 -15.785821 -5.332914 
1.095005 -0.068807 0.369160 0.575236 6.598947 5.416340 -2.784265 
0.462444 -0.275273 0.224869 0.784624 4.567876 -2.022791 -11.277276 
1.195467 -0.072620 -0.808314 0.055710 -0.213683 2.067311 2.602571 
0.124532 -0.866313 -0.360957 0.304517 4.280384 -3.421787 -1.449559 
0.239527 0.508780 0.327697 -0.528725 -5.031304 -8.939895 6.332940 
0.513647 -0.096472 0.604149 0.389865 8.786692 -1.620724 16.664746 
2.322161 -0.509178 -0.526378 -0.713826 9.424204 1.216594 -13.236600 
1.749945 -0.345718 0.933577 -0.175614 8.087950 -7.888937 -9.900012 
6.427225 -0.259112 -0.655445 0.475106 -11.637941 3.838027 3.803089 
0.187473 0.226409 0.107347 -0.656335 -7.657047 -4.904231 2.291207 
0.080411 -0.988353 0.547623 0.385679 -8.645866 13.425325 13.668253 
0.084886 0.158369 0.185883 0.194109 -22.152081 -1.658629 7.189638 
0.210734 -0.396371 0.679446 0.451341 -2.964721 2.411842 -10.477804 
1.039799 0.115933 -0.228432 -0.338875 15.775240 4.014922 14.428068 
0.589256 -0.421013 -0.092476 0.112342 8.242790 -9.037466 10.674178 
0.193774 0.233800 0.934392 -0.467230 -13.771325 7.698249 7.194905 
0.204408 -0.725343 0.205356 -0.087049 4.910473 -0.687514 -13.738153 
0.203976 0.055146 0.231618 0.767918 -25.574627 5.561578 2.388099 
0.100379 0.087211 0.161280 -0.017768 -7.834941 -16.567340 -7.755169 
0.224716 0.419151 -0.588583 0.448723 0.907882 1.323203 22.729798 
0.736908 0.286921 -0.057665 0.285118 5.086525 29.119021 1.885324 
0.183623 0.505979 0.340421 -0.912956 10.385173 3.045202 -5.109381 
5.763363 -0.534903 -0.627198 -0.214331 -4.314706 -11.685087 -2.053813 
0.155563 -0.499155 -0.450455 -0.327126 8.869921 7.171839 6.343810 
0.205052 0.315730 0.613875 -0.298494 -16.273816 12.317216 11.190802 
0.256881 -0.117052 -0.095642 -0.820148 -8.265755 -16.949328 6.762211 
0.383592 0.013865 0.093399 0.930041 2.529338 -20.545384 0.007925 
0.115189 -0.236509 0.522019 -0.899824 -14.880409 18.172586 5.892580 
0.144188 0.557400 -0.277146 0.264008 -12.191031 0.068019 8.306034 
0.208231 -0.061604 0.303881 -0.237197 -15.436436 6.934882 21.436655 
0.523071 -0.843605 0.270067 -0.616307 -4.091527 -8.030630 4.657300 
0.460238 -0.608332 -0.075550 1.188116 10.539269 0.374849 14.149125 
0.500482 0.466536 0.063241 -0.654674 -0.603993 15.807131 -4.402915 
0.190881 -0.369023 0.517796 0.732973 18.680255 4.900350 20.990239 
0.095002 0.052868 0.539952 -0.024454 -8.477117 -4.422196 -11.916673 
0.282526 0.744013 0.052334 -0.447120 2.735289 -3.403801 10.321859 
7.200905 0.216884 -0.066887 0.678326 -15.415612 6.218136 18.468095 
0.639887 -0.163969 0.523854 0.736079 -21.204735 4.013333 -6.131336 
0.088337 0.029231 0.131333 0.126325 2.600045 -14.584560 5.435110 
3.427020 0.277463 -0.321718 0.351895 15.725583 -4.640682 13.659066 
0.286232 0.137806 0.202249 -0.285814 -11.396006 -19.487194 1.316923 
0.111446 0.088076 0.063553 0.462059 -7.939212 16.780485 17.869171 
0.194955 0.434280 -0.147288 -0.156848 -0.763031 11.149036 2.814631 
0.190041 -0.109250 -0.040433 0.534765 -22.461795 5.655000 -5.767159 
0.170109 -0.141460 0.541799 0.114095 -6.287007 3.459733 15.167924 
0.162386 0.410447 -0.364659 0.427295 -16.444995 5.173721 10.659481 
1.166044 0.574405 -0.588074 0.598717 12.722147 10.083353 23.920179 
0.584740 1.262331 0.270609 0.333613 7.137910 -1.640214 3.188426 
0.396613 0.246791 -1.215053 -0.281017 -8.786850 -7.229584 -11.512978 
2.418064 0.139413 0.020150 0.241393 -14.580733 11.173907 -4.044638 
1.010429 -0.720374 0.483406 0.199296 1.695340 -5.099410 0.579122 
2.532142 -1.297372 0.364006 0.010886 -6.733444 -6.245733 -0.781589 
0.107929 0.261086 1.036567 0.597566 6.476313 0.303742 5.820926 
0.167175 -0.630894 -0.003781 -0.785653 -3.757311 -1.185632 -5.968629 
0.254952 0.907306 -0.900439 -0.082352 13.107393 -0.765092 -11.165013 
0.429694 -0.375240 -0.348743 0.360918 16.088129 8.312788 18.235164 
0.496826 -0.528588 -0.164843 -0.652520 5.790943 -4.485040 8.102850 
0.121547 0.500127 -0.238336 0.445434 8.033822 -32.733354 -2.656161 
0.215928 -0.072031 -0.406992 0.380692 -0.454638 21.855193 4.221074 
0.270339 0.063852 1.005872 0.599023 -8.332262 -2.316264 2.437066 
0.080083 -0.748558 0.249576 0.250066 2.412198 2.342653 17.210116 
0.272801 0.512434 -0.460964 -0.061793 11.301324 -1.186650 3.111294 
0.248941 -0.840216 -0.268473 0.632035 7.385330 -8.233919 6.762129 
0.198171 0.056027 -0.072290 0.341906 0.690095 -20.300917 -5.235621 
0.125940 0.114863 -0.402993 0.171971 -2.600639 20.700079 6.547715 
0.397489 -0.008024 -0.219805 0.341136 14.667127 -9.586728 11.870200 
0.109822 0.254387 0.228293 0.357053 31.790286 0.638548 -3.472327 
1.950578 -0.295322 0.774566 -0.390168 -7.605769 -11.824626 2.552718 
0.085723 -0.053799 -0.195390 -0.342146 -6.458432 9.971368 11.563864 
0.261677 -0.128363 -0.044136 -0.257426 14.369814 14.190969 1.197797 
0.410668 -0.631392 1.002113 0.221545 5.043358 6.034401 14.156054 
0.278253 -0.154996 -0.361695 -0.122148 12.828519 -9.378159 14.237543 
0.362834 0.050357 -0.511933 0.151275 -14.845875 10.144571 6.745239 
0.191416 1.337000 -0.339957 0.026577 33.041525 11.881452 -4.548406 
0.204516 0.320914 -0.473934 -0.842839 11.744714 -3.690037 -5.070232 
0.119244 0.230552 1.129068 0.072980 -0.959547 -0.629825 10.279438 
0.394798 -0.426968 0.282312 -0.571360 1.364830 -6.808828 -2.006939 
0.108074 -0.031332 -0.190935 0.281449 4.188180 10.060929 -21.829285 
1.687457 0.632663 1.479978 -0.234097 15.540640 19.505260 6.438116 
0.142585 -0.352267 -0.771023 -0.046465 2.158812 2.160030 -8.797466 
0.999592 0.264057 -0.136886 0.149998 -8.006954 15.953523 -22.563271 
0.835224 0.854642 -0.749101 -0.109955 14.934953 10.913846 -1.053650 
0.133760 -0.375732 -0.595293 -0.342346 -17.168550 -6.090575 3.806261 
2.914902 -0.103344 0.127961 0.079745 26.981488 -12.357821 1.228749 
0.289537 0.096162 -0.056781 0.342104 -13.041346 -18.046630 2.296262 
0.111589 -0.259296 0.101730 0.222374 4.164778 7.669453 9.800278 
0.666435 -0.205027 -0.217155 -0.074212 3.482360 25.340890 -0.276905 
0.118124 -0.424654 -0.307514 -0.001790 1.656414 -9.637049 9.243314 
0.082017 0.249206 -0.376573 0.383356 -6.854857 9.562374 6.868275 
0.384643 -0.733174 -0.211933 0.235700 0.224347 -7.733437 -8.761585 
0.170390 0.202052 0.189470 0.147180 -12.174246 14.964286 22.787060 
0.164634 -0.155216 0.530829 -0.362216 -8.490665 -6.799082 8.897608 
0.710018 -0.599390 0.576819 0.203948 -9.289632 17.283479 11.010048 
0.490174 0.251018 -0.167236 0.637432 -7.244055 -7.091408 -14.977393 
0.209872 -0.140247 -0.536270 0.627625 -8.096144 7.030565 15.078436 
0.191407 -1.275899 -0.810485 -0.440841 -8.825970 -3.578898 -16.161944 
0.086220 0.122449 0.064979 -0.272317 26.041856 -1.855008 5.344999 
0.253249 0.343473 -0.697232 -0.063761 0.809424 12.852628 3.327043 
0.443660 0.165245 -0.082786 -0.092481 11.611812 13.774767 -6.474571 
1.478874 0.635688 0.433669 0.243560 1.759991 15.688799 6.643524 
0.997008 0.680347 0.547937 0.210849 -7.513564 -6.380039 -0.893657 
0.119733 -0.726137 0.780514 -0.694824 0.749886 -0.412478 -13.554384 
0.155712 -0.894405 -0.564940 0.574925 -6.652276 3.131176 5.265751 
0.248140 0.177971 -0.219885 -0.111431 29.685941 1.910875 -1.730280 
0.211986 -0.282520 -0.335844 1.504625 -8.968356 -12.726206 14.118340 
3.164370 0.105372 -0.176981 -0.708955 8.224280 12.571750 5.210400 
7.811175 -0.331245 0.866606 -0.196774 3.046046 -0.076812 -1.751394 
0.119711 -0.581260 0.093106 -0.180926 -2.950608 -0.995068 19.119015 
0.081905 -0.258402 1.305346 0.376309 -0.464286 12.907674 3.441507 
0.128974 0.143894 0.709489 0.056347 -9.932196 -7.907352 11.873412 
0.098410 0.246490 -0.026039 0.195188 -15.823594 -2.075165 -6.959936 
0.208666 -0.626713 -0.327654 -0.271310 -9.094305 4.231538 20.648900 
0.338702 -0.500986 -0.080748 -0.276280 2.424571 -23.148690 10.100128 
0.270406 -0.763045 -0.343176 -0.140022 1.676848 -6.670760 -16.463627 
0.261780 -0.520081 0.453670 -0.657257 5.018038 -0.813176 1.542777 
0.198271 -0.193158 -0.575056 0.414026 12.913477 5.469498 -4.288780 
0.547947 -0.577539 -0.312420 -0.204633 4.994431 0.501457 6.666118 
0.084496 -0.096420 1.200848 -0.166906 -6.138913 4.546283 11.360887 
0.547853 0.053350 0.403593 0.055052 0.776558 -10.820645 2.893422 
0.124445 0.391456 -0.618655 -0.049511 0.102141 7.578497 10.429091 
0.573077 -0.299345 0.102964 0.086824 -2.894089 10.454150 -17.771151 
0.415176 -0.181249 0.283401 -0.167276 5.683061 -18.186549 -13.880888 
0.878922 0.326911 0.806113 -0.332562 -4.261953 -7.546361 -15.037255 
0.094683 -0.298694 0.993726 -0.973205 -2.584788 0.404583 -11.389238 
3.025229 -0.981887 0.836253 0.268678 -1.886609 16.055954 -7.072299 
0.102725 0.130944 0.581654 -0.389777 -15.024278 -12.054997 -6.823291 
1.385436 -1.046110 -0.389976 0.058780 -20.550904 10.743939 7.616806 
0.188343 0.065371 -0.028917 -0.295331 22.559152 -11.609040 4.245070 
0.308804 -0.543298 0.320186 0.614108 14.301455 11.026872 3.702112 
0.266901 -0.016055 0.812929 0.114661 24.339700 11.405727 4.515085 
0.352073 0.643865 -0.059233 -0.980912 -5.899441 -4.419791 -5.571319 
0.588656 -0.028631 -0.459053 -0.763583 14.607513 -8.514243 -14.622612 
0.105091 -0.279973 -0.336327 0.283171 -7.649255 2.305014 0.517629 
0.147682 0.176323 0.283708 -0.845965 17.078441 -6.318696 -1.219495 
0.179358 0.599549 -0.370667 -0.010902 -8.421772 7.986972 -8.384870 
0.522896 0.186131 0.205897 0.107622 16.157026 -13.727512 0.736091 
0.141510 0.139018 -0.051091 -0.212300 17.918851 -12.170513 -11.890109 
0.105633 -0.195076 0.246523 -0.372034 -4.998097 -0.894475 -5.890563 
1.115389 0.021816 0.047414 -0.508703 7.249500 -10.236632 1.208996 
0.100224 1.307019 -0.607797 0.400292 14.871613 -12.916555 -6.998197 
3.043771 0.720194 -0.167438 -1.321085 12.978047 -3.488718 -11.473179 
1.677124 0.007070 -0.705913 0.759907 6.895982 -7.757245 -1.270271 
0.154714 -1.429684 -0.305635 -0.051169 -9.301671 -7.492096 -5.928296 
0.509531 0.077060 -0.137322 0.241475 15.331451 6.378244 9.091347 
0.118595 0.707113 -0.545221 0.608590 6.194270 2.166073 3.870505 
0.192470 0.189911 0.040335 0.055468 27.282886 -4.478772 8.283887 
0.156661 -0.098801 -0.921439 0.622705 2.349305 0.197673 18.856194 
0.269171 0.357943 0.058609 0.429553 6.511095 4.457094 -9.920865 
0.275015 0.554444 -0.105637 0.301196 -15.522318 11.194716 7.067291 
0.133107 0.291533 -0.060781 -0.466835 -14.178776 6.076120 7.919484 
0.116244 0.408378 -0.158330 0.205893 9.856295 -18.002907 3.237025 
0.262815 0.052966 0.135593 0.553672 -8.042016 -19.059293 14.053694 
0.152197 0.554482 -0.006723 -0.289788 -14.815020 7.177796 -21.761556 
0.591538 0.552843 -0.491143 0.019632 5.500140 -15.831206 -24.389565 
0.273814 -0.703898 -0.581877 -0.121592 0.527284 1.302100 2.259281 
1.296377 0.182499 -0.249925 0.024027 -5.477894 23.247855 15.267572 
0.625099 -0.145568 -0.243848 -0.543624 3.539916 -10.008927 16.758744 
0.953431 -0.727264 -0.281344 0.217357 -20.180265 -7.283884 20.331000 
1.362864 -0.752735 0.132406 0.318573 2.681306 8.877565 -4.285062 
0.388981 0.389678 0.129733 -0.209675 -14.089424 9.261923 13.493248 
0.178332 0.331851 -0.569178 -0.392337 30.097170 -0.405253 1.882007 
0.372184 -0.565415 -0.025414 0.691599 -8.650845 -11.003749 5.365576 
1.884918 -0.227572 0.176019 -0.277767 -27.513705 -0.023777 -0.768248 
0.093160 -0.930881 -0.289628 -0.573119 -5.584513 -7.250873 -4.904850 
0.093696 0.056346 -0.539023 0.028916 10.957740 -16.230161 9.998044 
0.080850 1.261355 -0.318953 0.539986 10.595146 -17.930967 13.604376 
0.277717 -0.156789 -1.536687 0.291798 0.819096 -12.490817 16.235008 
0.330199 -0.280256 -0.036809 0.390035 -11.436768 17.129155 9.941105 
1.020862 -0.308538 0.565651 0.173116 17.822851 4.978483 -1.129553 
0.554068 0.049801 0.023201 0.168714 -16.071721 8.776011 16.657535 
0.410517 0.896367 -0.078556 -0.015681 1.864072 -2.982001 14.373603 
2.241100 -0.017473 -0.249561 0.474462 -28.424426 8.134283 9.024424 
0.769947 -0.365539 -0.278393 0.809888 -9.940841 -5.116751 -12.856952 
0.085466 0.535901 0.487982 0.372668 1.298240 -14.888978 -10.240940 
0.645582 0.058350 0.142805 0.691457 -7.633422 11.044390 -9.187760 
0.291207 0.278005 0.111960 -0.074019 29.882561 0.078889 -12.737945 
0.780826 1.050602 0.452604 0.004744 2.509797 21.537266 5.913937 
0.178041 -0.155092 -0.014161 -0.084842 -9.041702 8.467164 12.573790 
0.111657 0.640746 -0.260949 -0.008342 8.229607 9.120179 10.481785 
0.141933 -0.420522 0.521690 0.678847 -6.224382 -10.448725 -1.907139 
0.503658 0.368626 0.339408 -0.401888 -6.069303 -8.848625 12.202515 
0.266518 0.887832 -0.269133 -0.397968 -3.977788 -11.745990 -13.430746 
0.136578 -0.015823 -0.134863 0.212280 28.590620 5.672516 8.257155 
0.126498 -0.109605 0.279913 0.084614 -20.422886 -11.209063 -17.453636 
0.081261 0.696333 0.956037 0.343496 21.419775 -2.646743 -0.994922 
0.167252 -0.042703 0.110023 0.084350 -2.242851 -1.406114 -8.972520 
0.607244 -0.537926 1.449779 0.502614 -1.711430 15.357266 2.406789 
0.266741 0.068564 0.123277 -0.284281 -21.733683 10.375320 7.385896 
0.157175 0.627175 -0.209131 0.590162 -14.566610 -10.716095 22.293677 
0.366807 -0.290178 -0.237812 0.265525 8.577449 -16.795713 -17.836096 
1.030213 -0.134162 0.016995 0.751030 2.882602 1.260565 4.316398 
0.140945 1.130061 0.895851 -0.258917 15.646278 3.779326 9.442857 
0.288794 0.196817 -0.227862 0.337484 -10.934407 -3.483978 -23.946844 
0.182724 -0.316096 1.027578 0.365064 -11.699983 2.757548 -8.751899 
0.115248 -0.718553 0.768530 -0.055779 -16.707775 9.820253 5.234101 
1.012019 -0.406205 -0.539426 0.542351 -0.381637 6.384138 -4.367034 
0.292049 -0.901495 0.368447 -0.049280 -18.145140 -17.249818 8.128413 
3.273691 -0.211905 0.019005 0.190695 0.912851 3.489259 19.274524 
0.507219 0.013434 0.825467 -0.115356 -15.372676 7.627826 20.354070 
0.325723 -0.797215 0.025783 0.838490 -10.454218 8.272999 -6.179320 
0.153073 0.262824 1.063829 -0.701285 13.230672 4.578310 -32.511357 
0.229855 -0.225193 0.109229 0.301784 16.880638 11.256119 11.693752 
0.196589 -0.247105 -0.285885 -0.186684 4.326723 0.702897 -15.029913 
0.095001 0.304017 0.009776 0.041946 -1.296697 5.919871 -27.418841 
0.458870 -1.014932 -0.788286 -0.120961 -3.768833 0.071712 -1.588909 
0.085890 -0.627815 1.183616 -0.239891 -0.293492 18.406174 18.176712 
0.170408 0.553629 -0.246949 -0.064166 -11.518449 10.097374 -8.781323 
0.130084 0.262565 -0.464990 0.261027 -0.053556 -5.756268 -3.740153 
1.384359 -0.454417 -0.369513 -0.115296 -4.083428 3.289736 9.605454 
0.642711 -0.013471 -0.284780 -0.156313 -8.760471 9.195061 -11.740773 
0.176254 -0.858102 -0.359837 -0.334976 0.327390 1.791255 9.051476 
0.156623 0.047313 -0.543180 0.091434 -22.927786 -10.935886 4.093362 
0.874755 0.283209 0.128052 -0.139326 -15.257638 -10.060972 -5.853527 
0.628183 -0.173208 0.560813 0.105783 -1.743732 -10.667162 18.720426 
0.127719 0.499696 0.035368 -0.436285 16.314419 -7.811264 19.176775 
0.209256 0.318841 -0.209696 0.409883 -7.878095 -2.338022 11.494109 
0.393003 0.360876 0.107420 0.140926 17.783451 6.780748 -5.771883 
0.395444 -1.031400 -0.963166 -0.573403 -6.870569 -11.737835 3.008723 
0.150757 -0.480307 -0.213541 0.215372 14.610592 -16.921161 19.737556 
0.613619 0.204659 0.315708 -0.395916 17.433609 -3.301882 -23.308259 
0.371705 0.366127 -0.597484 0.116291 14.652088 11.972404 9.388202 
0.128172 0.096167 -0.238405 -0.347050 -2.364887 23.769210 5.140336 
1.227367 -0.678119 0.256324 0.127742 -18.631448 23.261991 10.358686 
1.287495 0.136648 0.022685 0.044951 -5.778063 -9.894777 -11.928841 
0.285623 -0.348086 0.291574 0.286709 -19.587589 -14.254894 -13.947596 
0.186793 -0.233712 0.731721 0.189052 -13.995788 40.189126 -16.430945 
0.151928 0.888550 0.261490 0.140587 -1.628790 -5.921958 -6.652322 
0.107729 0.118470 -1.060314 0.163952 4.185628 -2.533147 -8.647540 
0.789450 0.044897 1.011591 0.558285 0.520700 -1.626394 0.333517 
0.417882 0.596849 0.284893 -0.937724 14.060131 -0.404152 6.001420 
0.415458 0.141626 -1.530301 -0.667181 -5.323025 -21.920605 1.491527 
0.510419 0.521412 -0.497404 0.015846 -1.142117 15.625736 10.864531 
0.130425 0.558102 -0.161324 0.453934 -4.803100 -5.128239 12.856256 
0.312402 -0.739882 0.678259 -0.270105 6.503853 1.338698 -0.149639 
0.489643 0.256360 0.027307 -1.414247 -2.966243 6.438992 -19.369223 
0.449688 0.033950 -0.452331 0.821125 17.333188 13.084121 12.280150 
4.640213 -0.915078 -1.595844 -1.623427 -8.383889 -25.045454 -35.054745 
0.102329 -0.634836 -0.456553 0.497758 11.365075 -5.694217 -0.608338 
0.088752 0.125850 -0.412731 0.311126 -29.084573 2.751144 6.946977 
0.124181 0.080420 -0.455313 0.569867 11.740705 -19.606595 3.062365 
0.142677 0.764874 -0.200368 0.054713 -8.738554 -7.014051 -13.106320 
0.646196 -0.714403 0.769311 0.269311 -5.597658 6.817117 -19.503646 
0.112694 -0.010115 0.500574 0.503446 -16.423170 -14.271406 4.670987 
0.176104 0.491831 -0.031948 0.913614 -6.864904 -8.775996 4.938423 
0.106965 -0.000699 -0.250747 -0.347532 -15.998656 0.764535 13.232891 
0.330430 -0.519680 0.789008 0.125532 -10.471866 5.655862 0.597719 
1.059937 0.244560 -0.031382 0.113169 20.075482 -5.981807 -16.217331 
0.446854 0.036610 0.657969 -0.077943 5.868748 5.594478 -13.660472 
0.249843 0.187887 -0.111766 0.110884 -7.335353 22.555644 19.912292 
0.126972 -0.144718 -0.302508 -0.512794 -7.221046 0.062756 -6.688064 
0.148713 -0.429765 0.209296 0.161939 4.355757 -5.650184 14.434448 
0.153845 0.618481 0.457893 -0.017805 13.288218 11.441926 -6.333412 
1.523067 -0.099615 0.554247 0.022768 -1.164711 -12.164268 5.165904 
1.665441 0.200895 -0.874185 0.202196 4.613265 -0.796304 -16.758581 
0.167356 0.262261 -0.212993 -0.117402 14.516513 18.841108 8.946305 
1.433413 1.535171 -0.462102 -0.165954 16.171626 -17.435183 1.024167 
0.264805 -0.124298 -0.907597 -0.073599 -14.217963 -14.572081 3.809003 
0.110793 -0.049212 -0.190368 0.550737 -5.401234 13.611726 -15.457226 
0.180061 -0.248529 0.514742 -0.272373 -5.108519 2.098185 3.210575 
0.195410 -0.125109 0.116606 -1.408103 -1.151573 2.071880 -9.092472 
0.091610 1.054702 0.419062 -0.343841 12.257338 5.233447 14.748838 
0.100160 0.144949 -0.551139 -0.321355 -13.223512 0.014195 2.159019 
0.329612 -0.416800 -0.141228 0.579592 -10.405449 3.158360 9.271524 
0.174903 0.167203 -1.090784 0.227182 -11.018836 -13.651497 -7.615107 
0.088879 -0.068267 -0.080102 0.031748 -15.984720 5.190179 -6.140808 
1.382242 -0.603375 0.085860 -0.926673 7.677960 -11.991861 -9.875913 
0.137418 0.500352 0.508003 0.369514 -8.186534 0.672374 7.276326 
0.550522 -0.881837 -0.132942 -0.296634 -3.867894 -18.767076 8.262421 
0.977405 0.028064 0.810978 -0.254682 -10.817990 11.436212 -7.163494 
1.078071 -0.365166 0.377196 0.531657 -0.220608 16.293737 -4.477420 
0.158053 -0.223122 -0.390664 -0.055135 14.479965 -30.319430 -3.264276 
0.173348 -0.250184 -0.038560 0.182470 8.996566 -3.640414 -14.381373 
0.082934 0.109482 -0.466960 0.954490 16.336930 4.585628 0.880746 
0.136636 -0.124257 0.026717 0.171165 -18.103717 -13.421562 21.259362 
0.143734 0.797954 0.379536 0.093504 -3.746934 2.793907 -10.570555 
0.441192 -0.555152 -0.073829 0.110334 -5.932743 10.999684 -12.091004 
0.419927 -0.498580 0.124505 0.508931 6.534745 -16.158571 -1.438167 
0.233936 0.454267 0.502134 0.538132 -18.375256 0.305324 11.213853 
0.472655 -0.571062 -0.102955 -0.131388 -4.815242 -11.025907 -12.857699 
0.114863 -0.498988 0.185063 0.041704 -0.963039 5.443565 -23.587618 
0.090134 0.134555 -0.023068 0.154497 11.191648 20.981004 -4.755541 
0.541043 0.441372 -0.036893 -0.519390 26.790240 -4.882105 8.294285 
0.282572 -0.028739 -0.206706 -0.042467 -27.812133 -5.857664 6.831237 
0.115642 0.797048 -0.482245 0.060612 10.882822 -12.896377 -0.095180 
0.081355 -0.231507 -0.110960 -0.836660 -24.561758 8.461348 -10.642577 
0.367829 -0.258023 -0.900035 0.213971 -5.474509 -1.360202 5.390394 
0.139629 -0.475420 -0.174205 -0.110042 2.261753 -20.951547 -1.785172 
1.352784 -0.480211 0.054474 0.345385 -0.820897 -4.272406 -10.552046 
0.125255 -0.397388 0.444335 -0.088330 10.015213 -10.123213 -16.233781 
0.401327 -0.088907 -0.452948 1.151276 -1.152130 -5.816159 20.938052 
0.285734 -1.117197 -0.523222 -0.439829 -2.938045 -18.532648 1.130274 
0.395651 0.299681 -0.365516 -0.202437 22.120770 -8.170816 -3.575453 
0.293098 0.617834 -0.368434 0.393768 -8.279806 -5.263805 10.230021 
0.087827 -0.746305 0.504053 0.115025 7.045549 10.952404 8.399048 
0.145431 -0.693275 -0.481096 0.562318 -13.730449 1.425815 -15.068449 
0.180115 -0.446451 0.565487 -0.422516 -22.237920 9.064806 2.078196 
0.096200 -0.125828 -0.264555 0.038732 3.449737 -13.117148 -3.657437 
0.666776 -0.277346 -0.245260 0.475564 -22.711401 -9.942170 22.551040 
0.204329 0.103695 0.406672 -0.029324 -0.560709 0.459072 8.802642 
0.115895 -0.115358 -0.446907 0.623847 6.118525 12.931238 -4.579318 
0.093908 -0.289345 -0.364669 -0.580130 5.059185 -8.367627 8.251386 
1.218377 -0.716902 -0.547833 0.405495 -7.904681 14.187363 8.005207 
1.577937 0.508512 0.496445 0.349873 -12.903187 -7.286724 6.693961 
0.624013 0.262483 -0.128019 0.608791 -2.614410 -5.384154 -9.079428 
0.094581 0.154336 0.940411 0.332284 14.102905 -4.331449 4.176041 
0.082735 -0.215798 -0.156451 -0.729465 2.920268 12.565725 0.943747 
0.117562 0.545893 -0.848770 0.170997 -2.972622 -4.867175 -16.081222 
0.104059 0.052687 -0.549732 0.387358 3.717656 -6.582474 -15.148207 
1.175398 0.257153 0.287915 0.573338 -8.140571 -9.745649 23.432054 
0.164169 0.654536 1.545990 -0.069972 15.812358 12.611253 -13.969067 
0.291452 -0.356711 0.417446 0.193192 -11.077877 -7.932613 -15.535974 
0.206673 -0.073421 -0.053910 0.197246 -19.347445 -21.393285 -4.246670 
1.289324 0.063304 0.494550 0.933385 18.421334 25.634518 2.790994 
0.086315 -0.060867 -0.131076 -0.428044 -19.604023 1.460636 -8.411479 
0.235153 -0.074500 0.387325 0.415734 3.684852 -17.060733 3.825746 
0.115719 0.300162 -0.319327 -1.066005 16.879182 -15.673653 -18.035415 
0.363410 -0.234765 -0.415848 -0.458843 10.129211 -0.527146 8.773038 
1.751386 0.889210 0.241993 -0.490964 13.507321 -5.511180 6.202258 
0.207984 -0.429785 -0.137035 0.497328 3.283778 -2.232810 -11.473349 
0.102911 0.146753 -0.900151 -0.513356 11.716842 -11.385287 7.954274 
0.178659 -0.509283 0.950571 0.156114 7.627374 5.052080 7.282238 
1.266026 -0.326295 0.786604 -0.391965 9.401264 0.719830 -9.390861 
0.304509 0.560107 0.403752 0.436886 -0.554802 -15.473069 0.068760 
0.111776 0.149675 -0.033674 0.248311 -16.650876 11.045859 4.262354 
0.518423 -0.730234 0.332183 0.460811 -18.313595 -12.704476 26.349105 
0.412206 0.559757 -0.442894 0.143270 -14.637325 -0.542010 15.866726 
0.151101 -0.229874 -0.148675 -0.598137 7.358236 10.984285 0.317263 
0.220913 -0.260785 0.808934 -0.101397 11.203088 5.507818 6.384467 
1.412488 -0.004431 0.046848 0.167367 5.393044 -9.273471 -24.349150 
13.278585 -0.102903 0.620373 0.218899 -17.311191 -0.614572 8.225793 
1.463321 -0.395590 -0.410554 -0.169704 -15.859631 19.224257 3.486199 
0.120159 0.239472 -0.728400 0.455260 10.653748 10.589715 11.556402 
0.365350 -0.342429 0.663426 0.063567 3.680302 -7.620792 7.329013 
0.105973 -0.363825 -0.350696 -0.635360 -4.423947 0.259026 13.577939 
0.295892 -0.755395 -0.481066 -0.159180 2.741696 5.304836 9.909872 
0.206326 -0.469320 -0.016779 -0.163858 -3.482049 6.035849 2.578788 
0.093712 -1.265960 0.319261 -0.110580 -4.500268 7.404128 -2.041486 
0.095148 0.224167 -0.404746 0.337116 3.929078 10.430345 8.660384 
0.206538 0.234546 -0.685798 0.136265 -18.828161 -19.106982 6.164399 
0.086877 0.403716 0.522269 0.688264 -2.178145 -4.483167 -3.640921 
0.089099 0.021221 -0.031603 0.832797 -7.029627 -18.101413 10.489615 
0.510706 -0.497241 0.042332 -0.343090 -17.971110 12.207110 14.172526 
0.209703 1.091549 -0.837631 -0.508510 18.548049 -4.515635 -5.455787 
0.558090 -0.196438 0.982820 -0.296186 -0.959317 3.020630 7.797772 
0.094925 -0.116766 -0.271079 0.306230 7.882737 -6.469162 -20.080079 
0.169485 -0.025613 0.308497 -0.713922 1.567081 -11.077732 -8.061494 
1.190304 -0.991880 -0.565678 0.245060 -11.631465 -17.456825 5.008154 
0.229716 -0.090125 -0.144646 0.025300 -10.721785 -24.259412 -7.611579 
0.590880 0.065473 -0.244535 0.462482 -22.484126 -4.376701 -3.492904 
0.480535 0.347391 -0.067951 -0.011730 2.341063 7.853158 -3.521236 
0.234429 0.340485 0.192337 -0.218399 -19.922144 -6.502294 -10.706137 
0.582021 -0.642878 0.232599 0.125598 -17.369384 9.758709 -22.178584 
0.189197 0.477566 -0.603586 -0.620976 1.962207 -2.469029 -1.229214 
0.259575 -0.765992 0.245561 -0.568808 10.556178 2.320843 -14.347443 
0.447006 0.036000 -0.150363 0.330730 -23.893822 15.809344 -9.584774 
0.147887 -0.573409 0.505839 0.161862 7.235734 -0.914195 4.207904 
0.231699 -0.257282 0.577071 -0.023304 0.692651 -11.622934 -3.144835 
0.453708 0.010914 -0.196692 -0.112520 9.761951 -14.045909 6.238843 
0.920339 -0.814616 0.674817 -0.667138 1.973806 12.438683 -12.699095 
0.955703 -0.090672 0.007737 -0.361355 -3.678962 15.255683 9.384261 
0.084577 0.147809 0.513061 -0.199123 -3.745941 -3.699129 -17.151962 
0.160624 -0.257169 -0.021295 -0.002683 -4.554417 21.440758 9.746264 
1.172148 1.057036 0.178137 -0.567096 31.402529 -3.648259 -45.830034 
0.760534 -0.296832 1.374017 -0.306168 9.349949 22.654254 14.434038 
0.114553 -0.733886 -0.329615 0.026608 9.258721 -16.350777 7.936911 
0.117572 0.575771 -0.269155 0.100194 18.110478 -28.547392 -6.014167 
0.762149 0.804820 1.448071 -1.476163 23.695691 33.208528 -10.353608 
0.232792 0.423039 -0.891902 -0.122194 0.857707 7.562700 -6.479281 
0.215009 0.011044 0.307578 -0.045265 -0.874233 5.418508 -5.329868 
2.204810 -0.163713 -0.233037 0.083526 -4.283211 18.415133 -0.391524 
0.129032 -0.821665 -0.342895 1.598109 2.036794 -18.482539 38.640566 
0.374042 0.918805 0.458832 -0.332403 -0.595977 -1.512270 0.205883 
0.205433 0.161633 -0.213958 1.045357 -13.683409 17.680561 12.883953 
0.160079 0.486497 -0.624573 0.115913 -12.214252 0.757549 6.608990 
0.136090 -0.744598 0.683978 -0.441953 -13.581251 -3.711740 10.307158 
0.119841 0.251650 0.222324 -0.187756 8.002763 19.749886 15.639811 
0.201503 -0.837115 -0.018740 1.268619 -4.339964 -11.034890 13.537666 
0.611073 0.514527 0.163245 0.523822 -8.609617 -14.031060 -4.476091 
0.115016 0.647998 0.027507 -1.238934 7.872273 -14.139097 -12.803723 
0.399244 0.297965 -0.444697 -0.026864 18.295180 -19.383679 7.027661 
0.131342 -0.527469 -0.500361 -0.901977 -4.017557 8.192495 -9.186102 
0.174201 0.052261 -0.904811 0.346483 -0.265598 0.956342 24.150131 
0.089275 -0.315778 0.175003 -0.011138 19.841153 4.271116 -10.088799 
0.438872 -0.366185 -0.433449 0.482714 15.307567 0.959320 5.048935 
0.085636 0.124850 0.032205 0.333887 18.181773 -5.052019 -5.992070 
0.582912 0.169594 0.027910 0.184869 0.771278 2.321532 1.576541 
0.240412 -1.086524 -0.073720 -0.123605 -16.297792 -0.832520 21.390089 
0.226021 0.731059 0.061308 0.132232 0.496533 4.798611 20.908857 
0.107205 0.245090 0.502412 -0.265093 -11.861923 -3.310583 -2.803462 
1.102835 -0.325085 -0.036067 -0.023664 11.205231 0.664628 23.345638 
0.266126 0.043119 0.598910 0.099481 -20.092052 8.768327 -16.236468 
0.409423 0.181352 1.145054 -0.521330 -9.555807 10.434267 -7.062070 
0.089384 -0.156032 0.489645 -0.191241 15.212694 -10.507893 -14.163438 
0.113871 -0.383421 -0.339006 -0.155640 9.776727 -7.470532 -9.468954 
0.746267 0.104879 1.461969 0.046048 -2.634746 9.422755 -8.615901 
0.219386 -0.741680 -0.475223 -0.259811 7.838554 -20.600834 -12.042556 
0.439077 0.498981 0.000074 -0.220194 -15.127853 5.272433 -18.219560 
1.444015 0.509363 -0.331382 0.168087 5.824017 -2.352871 -7.083177 
0.102731 0.244103 -0.960260 0.553870 9.813186 -0.918308 3.484799 
0.202560 -0.610700 -0.374876 0.160550 0.876941 -16.471889 -44.260875 
0.091773 -0.233027 0.471799 0.207909 -2.347582 2.458173 -9.811048 
0.159646 -0.614218 0.789702 -0.698445 -7.149441 -4.989728 -5.582372 
0.210510 0.297973 0.717230 0.129699 -18.505806 -0.202144 2.185863 
0.129464 -0.338947 0.580284 -0.278610 7.152669 0.144599 -2.445830 
0.235395 -0.161594 -0.599631 0.437058 -13.987412 10.394764 -2.475573 
0.392760 0.519963 0.421334 -0.346917 -6.356796 -11.417292 -7.406488 
0.340464 -0.105724 0.072738 -1.025621 3.638883 14.106528 -3.040185 
0.558675 -0.083989 -0.376566 0.357404 23.003953 2.503000 -5.458111 
0.269181 0.219437 -0.509188 0.169184 12.979245 -15.736391 18.392876 
0.080832 0.150404 0.462013 0.021600 7.413270 15.023051 23.513305 
0.161454 0.355383 0.037480 0.268565 -8.583318 -13.998674 -17.136131 
3.272843 0.115311 -0.039531 0.104409 -11.669239 1.032295 -11.768616 
0.126733 0.792019 0.070842 -0.097173 -3.089243 -18.888088 -4.362464 
0.147442 -0.463059 -1.082862 -0.508394 -3.334983 -29.026136 -1.780357 
0.234874 0.026288 0.346453 -0.575063 -11.432069 10.235411 4.863467 
0.088322 0.404245 0.237998 -0.747856 -3.376207 7.048734 -15.196324 
0.124823 0.427798 -0.236710 -0.803728 -9.464214 2.109272 2.585579 
0.134972 0.558889 0.540145 0.494315 14.502919 10.644718 2.256709 
0.114632 -0.013544 -0.400198 0.352427 0.340886 9.293105 6.144566 
0.145861 -0.593255 -0.470577 0.567223 8.755878 3.955729 -2.503959 
0.263366 -0.065494 -0.105086 -0.690972 -2.135716 1.382142 12.388406 
0.973808 0.308901 -0.347411 0.072787 -8.726862 9.505104 -4.086112 
1.966409 0.225585 -0.157803 0.230155 1.054810 4.986840 -14.645081 
0.137245 -0.383538 0.040913 -0.650702 11.236381 -3.873688 -3.886735 
0.175886 -0.103381 0.285022 -0.283943 -11.155987 -9.248254 4.545856 
0.427154 -0.501069 0.236558 0.469500 -5.265880 -13.555909 10.592010 
0.305641 -0.436204 0.476365 -0.267601 -5.403040 -15.872213 -10.172977 
0.126873 0.129246 -0.244639 -0.147326 2.537375 -6.255678 3.964484 
0.202129 1.046621 -0.426745 0.411032 10.959016 -1.125964 21.235022 
0.103947 0.852508 0.422990 -0.194067 -4.759476 15.809289 4.393372 
0.160192 0.090720 -0.836825 0.261367 17.659857 -4.213306 8.430897 
0.087931 -0.350292 -0.000617 -0.480620 -11.755153 -5.759241 11.122374 
0.201166 -0.145691 0.214526 0.022408 -23.406317 -11.338456 15.073123 
0.129271 0.132239 -0.442147 0.670047 -14.537121 -2.711587 -2.795473 
0.244547 -0.344907 0.199884 -0.292103 -9.823185 -2.915333 23.182662 
