0.202999 -0.190877 -0.279408 0.437553 -2.468480 20.497811 -8.963186 
0.583882 -0.715954 0.485508 -0.360841 7.934305 23.099003 4.929500 
0.585149 -0.265210 0.134727 0.942826 8.292713 -1.103452 -5.122833 
0.085689 0.187753 -0.637606 0.021511 -14.116243 -6.201343 21.642725 
0.090936 -0.166733 -0.206214 0.334973 2.818109 14.191381 -14.457749 
0.457888 -0.343257 0.945126 0.747701 -15.446885 -1.224071 7.320019 
0.179449 -0.480135 -1.050078 -0.453302 -5.712739 -10.932310 -7.994649 
0.103175 0.778788 -0.437405 -0.717621 6.337199 -17.445490 -1.144702 
0.199182 1.829776 -0.256980 0.342798 18.555473 -9.937261 4.250262 
0.109107 0.620496 -1.452830 0.315824 2.196924 -11.539528 8.426539 
0.232498 0.470633 -0.314509 0.628860 -1.229048 -9.976349 -6.351490 
0.683878 0.211442 0.854128 -0.728771 -11.358288 0.729235 -16.621968 
1.809017 -0.167902 0.139649 0.182674 1.856219 6.286639 -8.895396 
0.133767 0.504178 0.796802 -0.640884 23.181744 9.655480 -0.040874 
0.207935 -0.856462 0.160143 -1.085566 -9.417211 15.987702 -7.943237 
5.586845 -0.574453 -0.285556 0.330762 7.056257 -0.599587 -13.205561 
0.099031 -0.313523 -0.663103 -0.046943 3.072479 0.369385 18.184145 
0.095457 0.144567 0.194717 -0.012011 -12.205212 -10.546909 11.535530 
0.166412 0.264443 0.857433 -0.164647 5.338930 1.886731 -20.539635 
0.401973 -0.587810 -0.295557 -0.553057 2.051112 -24.862477 2.458188 
0.149690 0.427810 0.176910 -0.038427 3.529890 13.247258 16.864297 
0.135040 -0.707470 -0.262315 -0.033315 4.114667 15.525020 -5.298293 
0.230700 0.852824 -0.073777 -0.850921 4.389285 10.927137 -7.991353 
0.296048 0.330537 -0.896099 -0.304974 -3.446649 -1.635472 9.463048 
0.089040 -0.234554 -0.187605 0.381787 8.625884 -12.394854 12.645256 
0.218861 0.457733 -0.719165 -0.438720 16.840855 -7.193070 -5.437354 
0.780326 0.628066 0.076067 -0.518494 9.431300 -13.414689 -14.203278 
0.110177 0.844356 0.958807 -0.493913 8.427508 13.571919 9.438059 
0.308745 0.580103 -0.036473 -0.376222 19.804109 -24.302610 -12.674954 
0.930095 -0.120010 0.054050 0.076691 8.537612 2.699482 -20.936521 
0.154448 -0.308185 -0.046301 -0.087106 15.011844 19.645723 -9.203946 
0.449860 0.113128 1.227562 -0.115573 -5.198676 6.382771 10.376505 
0.194281 -0.899732 -0.239463 0.502254 3.314865 -5.395791 0.395473 
0.121470 0.314146 0.456934 0.293780 -12.352497 6.564030 26.678751 
0.388680 0.040674 -0.259877 -0.760201 2.511103 12.306214 -6.603758 
0.552874 0.562969 -1.059966 -0.187651 -3.005826 -19.650051 11.803882 
0.107074 -0.297243 0.705115 0.107123 9.187545 -1.937976 11.468186 
0.218546 1.037645 1.171027 0.306134 5.186676 12.892391 -0.155508 
0.118025 0.086465 0.525074 -0.367767 -15.273496 -13.573154 -5.525342 
0.176826 0.185436 -0.329096 0.508885 -9.591800 -5.473597 16.950653 
0.123628 0.267431 -0.643436 -0.975152 -3.611134 1.615322 -5.120354 
0.103987 0.099140 -0.744674 1.229713 17.766651 2.153448 24.000018 
1.612405 0.042126 0.079485 0.543987 -6.270530 -4.227227 6.953390 
3.952128 -0.384390 1.489335 -0.160187 -1.100614 10.839261 8.262530 
0.090817 -0.346078 0.098905 0.133808 5.947792 -13.710701 -3.787003 
0.094271 -0.314565 0.838602 -0.067016 -2.943698 -10.544807 -7.910151 
0.105198 0.309330 -0.305647 -1.028531 -13.872298 -4.150644 -13.911320 
0.122132 -0.100595 0.072862 0.193829 -15.505028 -2.904343 -2.851315 
0.167817 0.378256 -0.576665 -0.630983 -10.146547 -13.480918 6.114881 
0.138488 -0.560619 -1.329399 -0.669678 -1.312499 -20.265468 3.947527 
0.701272 0.060879 0.127536 -0.903766 31.173545 3.026459 -9.000480 
0.367183 -0.065639 0.558578 0.897887 2.068253 -6.689729 18.774835 
0.116639 0.464589 -0.371788 -0.050933 4.783688 -9.173034 -7.080877 
0.156405 -0.278091 0.149648 -0.217900 -18.063259 13.016044 -23.070053 
0.118162 0.385390 -0.419991 -0.069201 -1.233493 10.302162 12.280864 
0.151293 0.126659 -0.014428 0.357005 0.507924 -9.704873 -25.203115 
1.456612 -0.240096 0.044409 -0.286671 -12.566391 2.956332 19.797185 
0.095248 -0.247393 0.500103 0.471924 -1.165538 0.165221 -10.018595 
0.298886 0.193560 -0.051919 -0.479648 -7.047063 3.976246 17.024866 
0.512636 -0.142572 0.679989 -0.527708 1.183939 1.148994 13.432477 
0.121466 0.437282 -1.061549 -1.560247 13.863460 -14.536218 -15.157618 
0.863813 -0.783935 -0.288919 0.064098 -7.117789 -7.234901 -12.542668 
0.283593 -0.506163 -0.287448 -0.794760 -7.912706 -1.955904 6.507347 
0.114183 0.108827 0.288230 -0.234084 -10.889201 19.500300 -5.858821 
0.387857 0.121920 0.143426 0.747403 -4.962171 -11.740889 -1.289349 
0.102340 -0.072741 0.198952 0.662285 -11.997014 -15.942003 25.356934 
1.423034 0.232442 1.285176 0.128100 15.552974 5.398054 -3.444869 
0.118440 -0.045979 0.096143 1.048549 8.648174 -8.738172 6.872563 
0.087317 -0.022356 -0.011521 -0.300007 -13.853315 0.149946 21.527144 
0.115648 0.022768 -0.399578 0.184889 1.537202 -7.319264 23.305870 
0.335498 -0.265220 -0.503019 0.898280 5.917395 -23.025200 2.280216 
0.109210 0.162592 0.563225 -0.654233 -8.086711 -2.045939 -10.463992 
5.398343 0.432373 0.325361 0.237625 -6.873950 3.704545 5.270945 
0.438696 -0.336301 0.093069 0.473682 -12.157605 -17.397394 -10.848829 
0.102783 0.211191 0.350688 -0.284811 8.483810 -15.179764 11.861966 
0.317653 0.876052 0.535765 -1.030587 0.313523 22.437213 -13.980154 
0.117399 0.096931 -0.093635 -0.034115 -17.069985 22.856002 -2.823730 
0.135796 1.327964 0.339790 0.177166 20.517863 -12.301202 5.695079 
0.139152 -0.061597 0.433584 0.154804 5.226896 18.524893 -6.734874 
0.081844 0.481340 -0.395064 0.663544 -1.380185 1.373283 -0.205751 
0.210768 0.350616 0.164378 -0.980020 -7.896080 -5.784505 -1.792372 
0.087151 -0.493134 0.162244 0.951797 8.045294 -3.755677 29.904322 
0.247564 0.245423 -0.110082 0.511237 -8.067868 -29.865913 -2.953321 
0.118055 0.651549 -0.882077 -0.790801 -3.256344 -1.398349 -9.800798 
0.133708 -0.594085 -0.645137 -0.204728 5.695038 -8.546693 -5.378365 
0.137951 -0.326136 -0.381209 0.375101 -12.036672 10.861488 -11.831195 
0.295736 0.796330 1.342800 -0.335967 12.848917 27.683212 -8.979770 
0.093592 -0.378337 0.141750 0.361639 1.408898 10.203150 -10.581751 
0.180968 0.256359 0.813599 -0.663619 -1.611161 1.682585 5.788919 
1.058781 0.199214 -0.503690 -0.502233 6.787195 9.918222 0.335132 
0.086350 0.014107 0.036622 0.240211 8.986859 0.157982 18.894614 
0.263354 0.508805 -0.779751 -0.132957 -8.064756 3.393003 0.671232 
0.556778 0.051951 0.317658 -0.837225 4.265516 -10.549372 3.841421 
0.139284 0.512051 -0.079504 -0.666287 -5.210428 5.775708 4.003698 
0.478468 0.528154 0.315579 -0.403219 -3.879792 1.103330 -9.553028 
0.165293 0.079098 -0.526195 0.205612 -0.944395 9.372351 -5.126677 
0.493788 -0.316067 0.086377 0.001498 9.087741 -9.306189 -23.038469 
0.252788 0.585393 0.008641 -0.770642 7.095007 6.101554 8.967712 
1.145613 0.548348 -0.105779 0.416754 2.465822 -20.519600 16.601942 
0.388183 -0.296710 0.070075 0.582217 -1.465645 16.515158 24.536203 
0.094407 0.245222 -0.716841 -0.212606 -8.867868 7.639321 2.037388 
0.126740 -0.065516 0.885503 -0.078340 -1.042562 14.455100 2.051574 
0.323270 0.043040 0.163920 0.420108 -6.766575 -14.375282 -11.192711 
0.198042 0.032249 1.248586 -0.186951 -16.045842 20.803795 -0.044273 
1.167561 -0.671628 -0.476888 0.531976 11.154843 0.400434 -0.178278 
2.697368 -0.556237 0.152264 -0.442584 9.785607 4.098639 6.565900 
0.376011 0.167234 -0.316623 0.058836 -25.762418 -8.748574 -11.613937 
0.588263 0.272461 -0.202540 0.824250 -2.651688 -2.835580 -11.286930 
0.138650 0.200945 -0.106329 -0.799792 9.461593 15.642514 1.904494 
0.373816 -0.059529 -0.690629 1.009440 1.057172 5.846350 3.678874 
0.401930 -0.102095 0.681285 -0.759374 -3.386587 5.681233 -12.229242 
0.263064 -0.092685 0.251281 -0.145006 17.633517 9.783382 -3.351103 
0.459762 -0.633204 -0.654274 -0.224183 -16.771307 5.142617 16.490968 
0.328088 0.355503 0.499343 0.405036 -3.512914 11.007783 2.542616 
0.860282 0.464574 1.448463 1.648284 3.222002 31.777503 56.554801 
0.273055 0.335867 0.212317 -0.065784 5.173206 -16.419455 7.514763 
0.396253 -0.583417 -0.829559 0.051172 -14.847381 1.293936 -4.057828 
0.246288 0.098183 -0.159571 -0.030010 -2.490450 10.579216 -17.961294 
0.730294 0.246429 0.141063 -0.019644 -12.939904 3.438901 15.837433 
0.278430 0.307964 0.511266 -0.122878 -6.487879 14.095558 5.946795 
0.151503 0.284797 -0.630701 -0.245068 -1.361901 -8.383804 -24.161151 
0.100432 0.245403 -0.495011 -0.362887 15.672639 9.759746 -2.967598 
0.082624 0.069466 -0.913309 0.527863 -16.043823 2.270946 1.756899 
0.114711 0.859067 0.287035 -1.087924 8.645057 -12.743261 -9.793950 
0.192666 0.699922 -0.237015 -0.240400 -9.824369 -0.972906 -21.766889 
0.287114 0.242359 -0.449428 0.971696 13.038652 -17.863816 -2.065766 
0.585359 0.568121 0.698532 0.044712 2.989203 1.130583 17.005720 
1.376095 -0.205663 0.042176 0.086352 -1.998286 -22.155172 -5.261473 
0.431641 0.622595 -1.037210 -0.137994 7.166468 1.906331 -10.424221 
0.136683 -0.096848 0.645515 0.047052 -10.389148 6.821225 4.717421 
0.323241 0.600616 -0.016271 0.605082 6.969550 -8.317707 -7.202295 
0.391024 -0.096247 -0.236152 0.550286 -27.052114 2.611912 -2.880079 
0.112116 -0.221886 0.119061 0.593079 4.302160 21.723520 -5.026941 
0.116547 -0.289546 0.607084 -0.479484 8.140521 10.633994 -6.426781 
0.952396 0.720984 0.209961 0.113766 -2.498115 -14.196408 -5.631260 
0.374161 -0.646028 0.476386 -0.080966 -4.043636 -16.455509 -8.460558 
0.178419 0.546119 -0.054624 -0.091169 -0.443127 -0.610738 8.564761 
0.192961 0.446496 0.903573 -0.446166 -3.349025 0.962633 -19.918725 
0.763069 -0.225103 0.265738 -0.206099 -3.599004 12.215120 21.009462 
0.181019 0.718039 0.370883 -0.047678 -8.087376 6.200151 11.835841 
0.393969 0.588954 0.469610 -0.476415 18.811818 28.548830 7.147133 
0.408300 0.209488 -0.020825 0.192085 20.494563 -0.911993 2.156015 
0.506972 0.569558 0.468318 0.101400 4.067775 -10.119603 -18.363778 
0.168852 0.449913 -0.770861 -0.499933 5.066687 -5.601449 12.578032 
0.196085 -0.620996 0.476712 0.072098 3.479344 -4.322944 -5.095786 
0.836938 0.976594 -0.707334 0.240255 7.027611 -3.085288 -8.720724 
0.701221 0.305906 0.584255 -0.106839 3.027726 -11.315079 2.322688 
0.263429 -0.080168 0.263314 -0.037259 5.570009 15.607893 -4.257822 
0.151360 0.942872 -0.186053 1.032237 -3.801983 -10.587725 16.879462 
0.449375 -0.309528 0.675132 0.230633 4.944579 5.727422 -4.800415 
0.108928 0.562655 0.812176 0.502167 15.830572 -8.480084 13.310079 
0.090465 -0.926358 -0.238690 0.603068 5.431813 -0.074612 5.118337 
0.531060 0.517634 0.362163 1.352155 -7.063745 14.302007 16.415293 
0.272013 0.348815 0.608514 0.532428 -16.025078 7.714770 14.993513 
0.127889 0.599171 0.099242 0.286603 6.588393 -5.375608 -5.737454 
1.070260 -0.134639 -0.218577 -0.041764 -2.658398 -14.876561 -9.900954 
0.111702 0.055483 -0.279041 -0.798518 -16.339132 6.832056 2.534743 
0.275275 0.152916 -0.434936 0.073107 21.179751 -10.325342 7.244467 
0.433814 0.668523 0.277403 -0.127136 -9.989122 -10.069536 -8.406239 
0.121123 0.199471 -0.585121 0.107941 -7.848508 -4.274886 -25.383819 
0.604561 -0.566297 0.572527 -0.581828 -10.163554 11.813767 9.622723 
0.672200 0.635245 -0.196864 0.020716 10.204291 6.830044 22.315292 
0.485099 0.367747 1.321851 0.016808 4.939100 16.570965 10.165537 
0.088968 -1.429614 -0.161644 -0.060798 -13.169188 9.459607 -1.094923 
0.372330 0.314974 0.619943 0.332559 -9.927830 0.801103 -11.039977 
0.427499 -0.568056 -0.013860 1.089149 10.067169 -11.878099 16.896961 
0.148166 0.656035 -0.209953 -0.403163 2.467383 -18.394963 -7.965887 
0.205405 -0.197049 -0.501663 -0.682390 0.480494 -17.656062 -7.637216 
0.273438 -0.276860 -0.678686 0.225426 18.477541 0.212906 -2.103906 
0.257004 0.410265 -0.572863 -0.683296 9.099496 12.821680 -21.449837 
0.083821 -0.126628 0.479119 0.051257 -7.311324 5.510438 23.778128 
0.673429 -0.280279 -0.106482 1.023897 5.182933 -2.039134 8.898411 
0.093338 -0.125433 -1.163288 0.833016 4.175388 -4.455575 7.063088 
0.097693 0.017957 -0.106404 -0.443326 -0.759325 -0.575762 16.974119 
0.081727 -0.281196 -0.301697 -0.249481 1.755554 -4.460194 10.164586 
0.417045 0.033820 -0.051368 0.028140 17.069182 -4.084886 -17.721662 
0.387177 -0.727533 0.225004 0.397824 -6.790451 -5.533934 -3.400051 
0.350927 -0.299111 -0.631691 0.454852 4.341511 9.109403 8.592628 
0.081891 0.527972 0.040497 -0.718532 -9.551700 -3.454729 -13.137442 
0.111530 -0.225849 0.291538 0.098853 -13.345435 8.093065 31.717233 
0.729211 -0.376668 -0.205080 0.141522 -1.428148 0.151925 -14.920784 
0.081209 0.827356 0.315721 0.143677 -0.849659 -3.921245 5.487956 
1.066327 -0.089017 -0.113462 -0.669633 8.629560 10.704557 1.667667 
0.844840 0.023455 0.116393 0.232786 -20.832221 -1.475378 6.213760 
0.286414 0.344335 -0.371203 0.843625 2.068111 -1.234939 -0.470458 
0.108220 -0.188237 0.676939 0.358244 16.112094 -3.653316 8.595896 
0.106446 -0.172081 -0.333467 0.249795 24.997899 -10.869923 -4.708279 
1.618982 0.321383 1.231563 0.325870 -10.773627 23.804096 -6.333070 
0.126190 -0.207329 0.214235 0.198596 -21.314726 -2.831960 -16.298671 
0.666898 0.199747 -0.048549 0.253117 8.171195 -3.846894 11.228783 
0.355266 0.454075 0.059395 -0.682098 -2.138784 -0.604170 5.286131 
0.365762 -0.697732 -2.075831 0.219357 -20.300920 -34.908466 -4.705667 
0.430606 0.566248 0.410983 0.112315 4.346439 14.264284 0.967602 
0.100431 -0.654978 -0.705384 0.633818 14.189755 -8.620834 9.491870 
0.189647 0.417938 -0.158703 0.224846 -14.687524 -3.414491 7.795424 
0.132254 -0.120684 0.475378 -0.103287 -19.628777 -6.765940 13.275054 
0.500139 0.057860 -0.435916 -0.642933 -16.337842 -5.848629 -19.403992 
0.175237 0.473761 0.225527 0.003578 -3.685577 21.537031 -16.782468 
0.123696 0.151909 0.617560 -0.258771 0.762106 7.223324 6.841998 
0.195281 -0.197984 -0.613369 0.181019 -7.147584 -10.569991 -22.990296 
0.599939 0.076774 -0.403588 0.608433 -31.282644 -7.183776 6.378072 
0.192741 0.181964 0.148859 -0.188427 2.792793 -12.870620 0.979223 
0.200778 0.718234 0.901512 0.159654 12.004729 -5.122494 0.384300 
0.177472 0.139139 -0.920362 0.330832 -3.389692 -12.714787 -17.684419 
0.127855 0.080455 -0.380477 0.599108 7.846471 -22.087022 0.749737 
0.220526 0.008542 0.246165 -0.183134 0.635390 -14.278760 14.958676 
0.627642 -0.254535 0.116726 0.118870 5.958462 -10.493758 13.117660 
0.637465 0.492900 -0.476186 -0.136530 -11.611740 3.248243 -0.006151 
0.169117 -0.291779 -0.811265 -1.031513 4.340777 -5.683203 -2.874173 
0.114784 -0.332418 0.332584 0.440297 -10.886173 -18.757894 2.041943 
0.135557 -0.241835 -0.320628 0.160168 0.759654 16.031496 6.298961 
0.579415 -0.729536 -0.183175 -0.635364 -10.794912 -1.890429 12.421906 
0.624848 0.263338 0.375704 -0.343776 22.808163 18.164345 -8.595739 
0.385484 -0.460437 0.805594 -0.161502 -18.444792 7.214812 14.331439 
3.082417 -0.035127 -0.229311 0.345220 -16.651534 -0.682417 4.652965 
0.310489 -0.248683 -0.163907 -0.431517 -0.171181 -16.664858 17.865182 
0.457154 -0.360808 -0.086625 0.465744 8.610258 5.738458 4.045341 
0.279294 -0.257993 0.419068 0.906668 -6.249074 0.940594 1.198522 
0.089763 0.069975 0.100161 0.546923 10.753400 -13.676610 -15.534602 
1.249225 0.115442 0.071335 -0.187933 -19.184524 22.027541 -1.199391 
0.163561 0.192647 -0.148289 0.313970 20.595786 -17.506750 -2.816010 
1.702665 -0.398434 0.176754 0.221522 -9.578954 12.503497 23.337958 
0.087567 -0.396410 0.554932 -0.152645 12.541897 21.729526 -0.595985 
0.192231 -0.294464 0.077788 0.056824 8.983839 16.355939 1.446304 
0.122081 0.751572 0.290561 0.306860 4.094467 -8.667971 -13.113417 
0.088452 0.093303 -0.784890 -0.009188 1.295956 -5.173298 10.736064 
0.470758 -0.651934 -1.404473 -0.100304 -6.281934 -14.708183 7.250729 
0.196106 -0.056745 -0.189999 -0.125390 5.900950 0.369294 -4.794441 
0.163499 0.317575 -0.971346 -1.159212 16.434112 -21.869651 -2.056900 
0.080867 0.051520 0.240466 -1.325164 23.503026 18.470364 -18.343048 
0.223604 0.529899 0.189875 -0.225216 -12.003125 2.119827 15.530986 
0.155926 -0.182388 0.770696 0.313936 -15.298324 6.932757 11.098160 
0.238387 0.366790 0.390519 0.553497 2.753624 14.527789 -12.814563 
0.106154 -0.051629 0.165394 0.427438 12.586188 -0.967440 -7.116349 
0.169911 -0.699901 0.729002 -0.178469 4.141227 -2.282435 -12.608294 
0.113329 0.333444 0.275311 -0.648000 16.581827 12.611670 9.476960 
0.192419 0.880718 -0.180782 0.115782 13.959851 -26.282739 -9.105655 
0.594225 -0.607961 -0.302034 -0.786667 2.064355 1.595831 -1.788254 
0.085164 0.548691 0.176786 -0.018595 -9.331205 -2.059441 -18.309775 
0.117057 0.142060 -0.666775 -0.207445 -4.364717 11.853680 -6.043284 
0.205043 -0.140446 -0.655495 0.404166 9.157031 8.940385 -5.020434 
0.234649 -0.745232 -0.125186 0.283098 7.367186 -15.625616 6.693794 
0.487672 -0.204181 -0.175249 -0.221081 5.031474 20.166047 10.509787 
0.223182 0.503650 0.447142 0.250813 6.288334 -10.416363 -6.684366 
2.476904 -0.525279 -0.815781 0.477860 -6.246727 -6.594118 -15.742145 
0.441734 0.047700 -0.218621 0.075170 17.493304 -1.459646 -1.125538 
0.230397 0.608775 0.173227 0.299360 6.501028 -6.623866 6.831827 
0.689100 0.840553 1.014245 -1.171790 24.174975 9.558754 -12.822150 
0.815528 -0.665495 0.631217 -0.214582 -28.107944 2.247092 8.381568 
0.161492 -0.522016 0.095944 0.409017 0.641880 16.042678 -3.573956 
0.542296 1.555036 -0.151330 -0.481981 15.597820 -8.664494 -2.044262 
0.146522 0.642459 0.604482 0.121059 -5.747002 1.931166 13.586326 
0.256037 -0.854327 0.582334 -0.215553 -15.798124 -9.433846 -11.919585 
0.887681 -0.734335 -0.794749 0.912723 -4.388183 5.165858 11.795800 
0.101372 -0.182879 -0.180357 0.413853 6.047124 14.933815 11.272404 
0.141931 0.584716 -0.135636 0.222078 7.476576 12.723556 3.253793 
0.178446 -0.778268 0.224325 0.183270 -15.973763 10.100220 8.673444 
0.083374 0.208853 -0.193311 -1.130054 4.758356 -3.712427 1.116406 
0.376685 -0.378359 -0.379224 1.134493 1.098705 -0.479683 9.970992 
0.585808 0.439564 -0.733213 -0.073418 -8.943242 -17.934435 8.874179 
0.102075 -0.328926 -0.353392 0.132585 2.261200 21.047096 14.500681 
0.086694 0.055155 0.494990 -0.427676 24.598285 17.831971 -1.210541 
0.654455 -0.296127 0.046980 0.423899 -2.119342 -3.460276 10.265679 
0.442796 0.626097 -0.095899 -0.043397 -10.529468 -1.195509 -17.886578 
0.103990 -0.360719 0.562390 -0.082080 -9.886508 13.252183 -8.065817 
0.137893 0.675995 0.512349 0.237211 -10.900732 -11.668430 4.475751 
1.044939 0.131744 -0.183775 -0.024891 22.544558 -3.540457 -15.144622 
1.025335 -0.386946 0.086244 0.470845 -4.578973 -4.263494 -17.112838 
0.472835 0.222860 -0.028709 0.636687 -8.147516 1.884967 30.794855 
0.672168 -0.538360 0.726374 -0.478866 -28.287399 9.838491 8.836760 
0.208490 -1.109619 -0.167151 -0.037989 -16.443583 -17.071422 -2.948594 
0.292610 -0.616273 0.697746 -0.331328 -10.136481 23.895727 10.391882 
0.111344 -0.121588 -0.132855 0.129566 1.392372 -9.915533 26.083746 
0.466067 -0.163113 -0.633108 0.419802 12.057220 2.197227 13.037011 
0.112109 0.251185 0.654040 0.156880 -9.003968 -1.502282 -6.168654 
1.021373 0.411527 0.200572 -0.275215 -14.085135 0.423099 7.121532 
0.247245 0.021914 -0.342631 0.230081 -24.739682 -12.833016 23.493059 
2.937998 -1.359186 -0.079714 -0.431875 -21.008663 -10.175713 8.072820 
0.112201 0.192148 0.289152 0.275481 9.048699 -18.842418 0.346311 
0.941373 -0.163911 -0.119783 0.113170 -9.867462 21.819139 -2.190133 
0.186332 0.316957 -0.370892 -0.774311 12.628607 -0.581753 -11.602172 
0.206312 0.095755 -0.384433 -0.101912 -11.415067 3.964550 -15.819507 
0.087521 0.474402 0.925254 0.735749 -1.220782 1.638191 1.640978 
0.337060 0.260066 0.437771 0.278371 6.951892 -13.523560 -9.757159 
0.506829 -0.405342 -0.075594 0.121234 8.230048 2.347943 28.436733 
2.506229 0.854752 0.783823 -0.476515 -5.561241 14.678660 -1.393032 
0.109658 0.173550 0.234142 0.600841 16.607297 1.710899 -9.157095 
0.093631 0.474776 -0.357208 -0.110519 -16.920126 4.499029 6.627120 
0.994606 0.155600 -0.178196 0.338666 18.552716 -0.949061 9.790429 
0.184780 1.102211 1.366699 0.203021 10.004412 14.933486 -1.795180 
0.113864 -0.106100 -0.582798 0.187089 2.403443 3.953193 -15.462466 
0.500571 0.378885 -0.886516 -0.570942 26.647971 -1.274465 -13.939672 
0.375402 -0.271413 0.205917 0.545644 4.621399 -5.266773 13.819059 
0.121279 0.149013 0.054839 0.936118 14.764006 -0.138536 -5.306408 
0.437171 0.060668 -0.016093 0.184311 21.412535 -1.985111 -21.120902 
0.420529 -0.274751 -0.418597 0.480025 8.795619 0.278076 -4.250344 
0.140832 0.112768 -0.279941 -0.242282 7.920351 -6.193403 9.611330 
0.317286 0.021481 -0.141772 0.177553 8.445525 20.491341 0.764896 
0.092539 1.039771 0.165324 -0.870435 8.861707 -7.478577 -0.488702 
4.198783 -0.172943 -0.204072 0.304895 -2.097920 -5.295646 -17.038053 
0.435794 0.658204 -0.276573 -0.261877 -3.984237 8.010627 7.226974 
0.299195 0.202793 0.355853 -0.609920 -6.716341 -12.822222 -6.689180 
0.366428 -0.040159 0.442149 -0.730599 -20.303014 3.584766 3.390215 
0.300202 0.019470 -0.155325 0.233135 8.630368 15.508680 -1.889608 
0.585186 -0.123860 -0.243785 -0.652870 8.384401 -2.634821 10.428646 
0.524509 0.076025 0.309784 0.080255 -8.177296 -12.563930 -21.283578 
0.292083 -0.027419 1.297567 -0.545625 5.813251 14.011103 9.186713 
0.107699 0.226301 0.963260 0.378871 -5.061828 14.700583 20.474310 
0.744916 -0.422462 0.240394 0.296528 -11.350556 32.612517 9.275808 
0.131940 -0.053661 0.884497 0.071754 -20.320011 23.391087 0.636705 
0.104491 -0.031633 -0.367625 0.184408 -16.935119 -11.834806 25.912034 
0.504475 0.066137 0.158343 0.215679 -15.090685 5.688590 5.765768 
0.159200 0.172564 -0.222893 0.519048 -10.319951 -5.140679 -5.815297 
0.144224 0.730745 1.210213 -0.852751 1.399981 22.461760 0.312061 
0.221063 0.705850 0.322275 0.025343 -6.885906 8.711199 -16.718367 
0.339783 0.115104 0.372997 -0.630438 -8.307952 -11.291521 -4.217128 
2.985742 0.226839 -0.875120 0.471623 21.724948 2.778804 -2.569391 
0.098040 -0.389165 -0.302768 0.630269 -3.047775 -1.315430 -14.611199 
0.364111 0.364273 -0.155382 0.578715 -15.268029 -6.458684 -5.459888 
0.144886 -0.405180 -0.055632 0.317107 16.512588 12.978688 11.198888 
0.360597 0.116482 -0.326418 0.361695 -8.561070 10.622293 -9.248173 
0.254317 -0.685682 0.715262 -0.936460 -11.473202 -4.986795 -9.167156 
0.555913 -0.501404 -0.656109 0.169224 8.789037 -2.650940 -6.207720 
0.416651 -1.006763 0.331193 0.254936 -25.826559 -5.012223 -5.225748 
0.151008 -0.293529 1.076546 1.138815 0.535018 10.630706 10.195134 
0.577563 -0.173410 -0.084451 0.438834 -3.098973 14.075887 -19.493163 
0.141965 0.987846 0.474941 0.911125 10.957069 1.389975 27.565580 
0.120024 0.445005 -0.247258 -0.229953 -5.484326 -2.664320 14.849387 
0.182852 -0.216963 -0.373347 0.214553 22.829860 -18.934806 -0.058569 
0.189724 0.133237 -0.148938 0.424701 8.206482 -2.113882 -23.270501 
0.150160 0.328149 -0.040893 0.153297 6.931819 -20.586675 25.630220 
1.373741 -1.654308 -0.672223 0.778869 -25.415025 0.544256 11.240137 
0.283453 0.316444 -0.264036 0.408501 14.355040 -4.706254 7.344542 
0.170281 -0.547645 -0.630654 -0.321515 -10.720381 7.170074 11.496754 
1.505698 -0.808921 0.657724 -0.125265 -4.120792 2.918112 1.844536 
0.360047 -0.200198 0.383533 0.216771 -25.585784 5.036973 -11.496079 
0.588861 0.447103 -0.620897 -0.380626 -14.220325 -4.494720 0.176179 
0.381565 0.301549 -0.440386 -0.183169 -17.355908 -9.490742 4.931990 
0.166121 -0.129456 0.599483 0.222946 -1.715273 -11.508196 -14.439169 
1.652096 0.065502 -0.541127 0.038674 5.781275 0.253681 -0.936597 
0.215498 0.968809 -1.315981 0.609519 20.888778 -10.655991 2.938901 
0.524663 -0.091426 0.321225 -0.033141 -8.742370 8.167252 13.364692 
0.489037 0.324652 -0.139056 -0.045137 -9.863597 17.106653 -15.909809 
0.247044 0.225363 -0.013950 0.264387 -3.862246 -0.442533 19.657752 
0.408569 -0.874762 -0.454756 0.331268 0.495094 6.961353 3.423509 
0.429966 0.071232 0.143322 0.092412 -12.103507 6.456034 8.570932 
0.205030 0.738537 -0.120326 0.297500 18.148135 -14.897863 -0.752925 
0.104504 0.736765 -0.152882 -0.293783 3.906237 2.339965 -11.414766 
1.704172 0.540271 -0.859626 -0.769638 0.691365 -1.694811 -14.696964 
0.208973 0.365370 0.999395 -0.695037 6.852407 3.806283 -8.777075 
4.631110 -0.774959 1.036687 -0.022868 -11.312270 10.325834 16.244300 
0.135103 0.074160 0.379791 0.097238 -10.437192 -10.267105 -14.946828 
0.169606 0.038283 -0.135891 0.756571 9.535269 18.709800 -0.839031 
0.567692 -0.108104 0.558690 -0.333704 -21.550987 -9.355227 -14.564399 
0.214292 0.322261 -0.275604 0.059203 1.127462 -1.688440 29.359536 
0.450345 -0.093304 -0.609678 -0.681687 -4.030688 7.888397 0.157921 
0.407103 0.117295 0.159324 -0.426582 -9.178857 6.973749 0.087533 
0.846636 0.082519 0.031155 0.084393 8.024116 15.645642 -14.121929 
0.123163 0.693934 -0.162270 -1.246240 3.758225 -12.480396 -14.269311 
0.120648 0.251501 0.499179 0.144892 -0.896418 10.324048 -19.307378 
0.387333 0.420768 0.415946 -0.405599 -4.423516 18.732816 7.348993 
1.095352 0.337008 0.224142 0.031924 5.203596 14.363940 12.977500 
0.212730 -0.282759 0.353651 0.132506 6.547375 -6.310910 -20.532481 
1.575080 -0.259533 0.550471 -0.464196 -6.919274 14.776336 18.261112 
0.102042 -0.111525 0.249998 -0.368577 15.315729 14.188270 7.571224 
0.606266 -0.396548 -0.252431 0.285192 -13.293828 14.792542 1.411691 
0.250734 0.691761 -0.041945 0.054668 3.032312 0.584258 -3.570615 
0.184902 0.125216 -0.947844 -0.050092 -9.952256 5.356029 -0.471732 
0.348863 -0.970136 -0.078972 0.472330 -9.085340 19.612419 -3.081531 
0.127948 0.573230 0.118284 0.210380 10.199657 -15.865968 15.099606 
0.127545 0.866418 -0.427864 0.739894 7.971150 9.505019 24.668521 
0.089378 0.162708 0.927464 0.480650 14.413630 5.397365 7.678743 
0.220514 -0.837282 0.282543 0.384813 8.309589 8.389304 10.589206 
0.195396 0.752900 0.223409 0.542821 7.559032 -13.179612 -4.913966 
4.245083 -0.156138 -0.387175 0.442281 -12.573578 -17.044179 1.297015 
0.095817 0.090669 0.217104 0.571164 -9.037710 7.857956 -7.399724 
0.569763 0.504398 -0.060929 -0.124891 -10.027120 12.854672 1.858323 
1.098164 0.310362 -0.476892 0.318340 -2.669927 0.489564 2.774020 
0.538990 -0.518433 0.042379 -0.409567 3.618042 7.218276 -0.899763 
1.288776 0.180391 0.136443 0.174367 -30.078327 5.843080 9.900482 
0.193816 -0.256327 -0.274340 0.614983 10.614429 12.710076 5.036567 
0.378483 0.941277 0.570343 -0.258706 -4.882083 12.436175 3.159092 
0.130333 -0.845229 -0.294640 0.082505 -5.927196 19.433393 2.730863 
0.235233 -0.285019 0.675831 0.420640 0.469972 2.253635 -18.480257 
0.474050 0.206023 -0.076158 0.328966 12.804180 6.915632 -13.839714 
0.170650 -0.091269 0.550743 -0.223252 11.869174 -9.668905 -2.723779 
0.551803 -1.016228 0.003324 -0.263931 -10.502648 -7.412343 4.551159 
0.131497 -0.460687 0.079382 0.327859 4.418604 15.752824 3.775035 
0.367063 0.072999 0.733723 -0.061543 -19.401903 -2.924106 -11.047515 
0.237052 -0.060913 0.152597 0.064384 -1.305749 -13.091585 -18.799608 
0.979329 -0.641906 0.050493 0.488544 6.404301 -3.433535 12.855977 
0.113309 -0.246190 -0.551034 0.116820 18.937229 6.247164 -2.777699 
0.202812 -0.076669 0.207281 -1.102539 19.348122 6.515322 -7.114334 
0.145792 -0.253427 -0.342960 0.127601 5.430905 19.011651 -9.890060 
0.206856 0.465945 -0.941747 -0.532970 -6.358267 -28.265499 -15.166587 
0.534870 -0.274579 -0.578058 0.698750 -14.484007 11.170903 -3.267556 
0.091732 -0.161541 0.719473 0.085880 -22.065627 -3.879155 17.152591 
0.094435 0.196544 -0.593539 0.647767 -3.143463 4.184684 16.012023 
0.106821 0.110538 -0.195396 0.322324 5.263443 -7.873648 -9.875396 
0.443043 -0.214677 -0.145632 -0.401677 14.073784 4.755412 -14.895800 
0.087582 0.439008 -0.456132 -0.227493 -8.986320 -6.199186 -13.756909 
0.159466 -0.647573 0.528875 -0.181139 -10.318397 -6.971565 8.536525 
0.829727 0.246763 -0.306399 0.468359 0.830048 -0.853751 -19.510672 
0.093662 -0.505837 0.808224 0.167233 -5.724152 5.778242 20.659661 
1.055006 -0.247020 0.466613 -0.734561 -13.583405 5.761928 -4.893970 
0.290595 0.425333 -0.634919 -0.315559 7.739815 0.571678 18.095665 
0.226020 -0.226674 -0.942050 1.666870 11.416323 -15.168750 25.940114 
0.258652 -0.114346 -0.056065 0.122857 -8.232607 13.385964 -3.434238 
0.504080 0.138955 0.059710 -0.598786 12.268928 -8.725209 5.155338 
0.133644 0.215328 0.567565 -0.833943 -9.933812 -10.387957 -26.920608 
0.102367 0.340885 0.379275 0.208419 -9.170351 3.188691 14.897727 
0.102733 -0.394788 0.063411 -0.269999 18.273453 14.181570 1.623272 
0.406103 -0.003572 0.373144 0.852311 3.167738 -4.259015 -3.628304 
0.170184 -0.590901 -1.003327 -0.254111 -4.186411 -0.964310 -16.110915 
0.080956 0.490310 0.219746 0.123381 12.620598 28.374538 -11.893696 
0.171393 -0.222988 0.637182 0.632074 -11.031093 20.285482 1.048123 
0.103884 -0.026827 -0.230732 0.391662 -10.935408 7.088844 -0.747896 
0.287723 -0.226229 -0.199533 0.276405 6.401912 1.271788 12.243238 
0.707610 -0.110434 -0.169544 0.402672 -4.460022 0.769618 28.388712 
0.161798 0.284098 0.556511 -0.400839 -1.458462 -5.976230 6.764708 
0.495528 -0.849205 1.519924 0.508951 -11.450656 14.374080 3.331113 
0.081729 0.702821 -0.084559 -0.338166 12.349355 9.499252 15.662933 
0.498673 -0.485339 -0.247999 0.649211 10.932147 -6.117000 3.632465 
0.189760 -0.496106 0.143435 -0.424734 -11.947936 -4.364915 7.077783 
0.174582 0.979486 0.387518 -0.128666 12.486934 3.489625 12.292267 
1.913197 0.191016 -0.393267 0.079533 2.347727 25.187736 3.665557 
0.156957 0.063316 -0.316866 0.441175 -11.227356 17.201632 -4.613162 
0.318637 0.213220 0.768267 0.427448 10.828651 6.187771 -4.556110 
0.384886 -0.362113 -0.839140 0.486219 -12.476234 2.223401 -1.986831 
0.094543 -1.132000 -0.126063 -0.786740 -3.570012 11.033332 -18.552086 
0.093801 0.474320 -0.011707 0.881184 11.296867 -11.131118 -5.263058 
0.259589 -0.187520 -0.104357 -0.269067 3.778735 14.560137 14.999932 
0.331382 -0.133209 0.186932 0.021292 -6.631425 6.336887 3.056189 
0.597086 -0.418721 -0.255272 0.100826 -15.376631 22.687900 -5.591599 
0.244466 0.115187 -0.164787 0.169457 -6.561972 -5.243542 11.948536 
0.409757 0.514941 -0.577487 0.139172 -4.609863 -2.810551 23.650630 
0.703460 -0.984329 0.533498 -0.053102 -0.747859 8.433418 13.621172 
0.129081 0.041696 -0.107417 -0.188940 14.720930 4.788089 3.009517 
0.592856 0.060121 -0.797061 0.157099 16.035478 7.845690 11.079920 
0.598064 0.169869 0.149751 -0.394003 5.139535 12.092397 21.304656 
0.315326 0.304942 -0.098382 -0.115338 -6.840334 18.855143 18.795354 
0.830552 0.521835 -0.471462 0.356904 -1.190674 3.748918 -13.204176 
0.107798 -0.249446 0.098286 0.473217 -11.035834 16.955549 19.048843 
1.282747 -0.488974 -0.045438 0.433497 1.251364 -22.759628 -10.651369 
0.179704 0.348772 -0.202349 -0.649789 -2.712127 -12.001425 9.394674 
0.226650 0.291006 0.272215 0.031412 14.069285 -14.268495 7.888823 
0.213577 -0.357647 -0.467462 0.140993 1.840237 20.093362 6.025718 
0.360054 0.372073 0.488537 0.400034 -6.007760 -11.746437 5.862976 
0.590465 -0.492273 -0.374828 -0.080595 14.548115 -4.829690 3.349654 
0.323997 -0.048842 0.358342 -1.082347 -3.843290 25.823739 -12.064623 
0.080856 -0.318894 -0.981541 0.794422 11.935529 -5.343647 9.975113 
0.143920 0.101629 1.321416 -0.185417 3.294831 10.390943 1.328419 
0.128165 0.677466 -0.328743 -0.105746 15.814076 7.731642 6.482318 
0.371144 -0.410516 0.731009 0.360796 0.510753 13.252798 -9.433707 
0.145470 -1.060356 0.541201 -0.167597 -2.916414 5.517988 -17.261850 
0.092657 -0.060912 -0.716628 0.169268 -3.207907 12.128443 -9.396525 
0.587126 0.130676 0.184739 -1.165474 20.727270 -13.076866 -13.471685 
0.235289 0.316528 -0.253579 0.161487 2.967665 6.457223 10.225082 
0.569180 0.749988 -0.485845 0.391774 -3.742529 -11.400247 -6.202689 
0.093590 0.026580 -0.095790 0.516152 -12.309443 3.685601 18.855703 
0.249342 -0.282615 -0.414116 -0.835228 2.194488 -7.842521 0.603329 
0.543855 0.347851 0.252700 -0.326443 27.590528 -7.623767 -3.990346 
0.236315 0.500952 0.274458 -1.122978 18.797569 28.106185 -13.623062 
0.136931 -0.505875 0.939920 -0.036729 1.689779 -0.972056 -9.942131 
0.109437 0.394675 -0.173050 0.734278 -10.253109 -17.121915 0.927691 
0.915698 -0.540517 0.391605 0.645751 14.044670 5.841120 -1.570653 
0.125769 0.003372 0.411321 0.317127 -13.129528 -10.111147 -11.440680 
0.182221 0.712816 0.226721 0.104066 5.794568 -7.370304 3.469553 
0.624303 -0.364512 -0.820846 -0.336258 -11.826466 -1.393195 -4.621342 
0.123119 0.342482 0.022308 0.013977 -20.688702 1.369652 4.159732 
0.093277 -0.533743 0.392806 -0.268974 12.164167 4.716367 6.123659 
0.126609 -0.902469 -0.677923 -0.027306 -3.034616 -6.603133 15.048165 
0.342755 0.282674 -0.427063 0.019342 2.000422 20.571126 3.648182 
0.887808 0.683422 -1.125063 0.058097 9.207526 -10.135402 2.971467 
0.718573 -0.908515 -0.068807 -0.234380 -5.379418 -6.962073 -12.933776 
0.789225 -0.249354 -0.145737 0.424673 -10.247658 25.519169 0.353540 
0.126531 0.403375 -0.253983 -0.032473 14.195850 5.722970 11.605418 
0.685572 -0.311606 -0.344249 0.154863 5.187265 -3.997631 2.350178 
0.342997 1.174723 -0.350746 0.032822 2.118301 -1.003907 -4.440810 
1.141486 0.694832 -0.024639 0.789947 3.201412 11.081995 3.594039 
0.181571 -0.133825 0.127218 -0.481193 -12.064101 5.024569 6.964503 
0.271737 -0.028704 0.272840 -0.375311 -10.739633 -0.249922 8.845915 
2.465276 0.416662 0.193299 0.287886 -9.435659 3.676011 4.003242 
0.132761 -0.909557 -0.316385 -0.284132 3.719823 2.388531 -10.739255 
0.088416 0.921673 -0.086765 -0.369361 0.395972 -3.009912 6.534050 
0.089291 -0.197546 0.017065 -0.019949 3.216492 16.711202 -14.958129 
0.263350 0.276105 0.414718 0.678307 5.539227 -1.927323 -3.526713 
0.423754 -0.060539 -0.699415 -0.121149 13.803547 -1.926562 18.394001 
0.178200 -1.472685 -0.665375 -0.021401 -14.909889 -1.924407 -0.599884 
0.269147 0.360225 -0.994730 0.235748 -13.505354 -7.572630 -4.871219 
1.218772 -0.831569 0.635514 -0.360092 -8.501681 -10.193524 3.949509 
0.195759 0.468768 -0.233760 0.792928 4.480809 -18.885314 11.907410 
0.310560 -0.415973 0.028092 -0.031143 2.161006 10.683029 18.431133 
0.132928 -0.064407 -0.045162 0.396266 -1.540267 12.148841 -20.851187 
0.130606 -0.498139 0.815736 0.769489 -0.004170 2.665630 0.378758 
0.180981 0.437388 0.519011 0.443084 9.758523 28.613107 24.301019 
8.040799 0.008600 0.273537 0.140023 8.681919 -5.674961 -2.285730 
0.080873 0.768464 0.072521 0.298993 -3.484716 11.959788 6.713010 
0.337684 -0.169368 0.745187 0.958601 6.593268 0.049331 19.213218 
0.727006 -0.464524 0.724325 -0.098669 -22.138475 7.539786 10.732001 
0.130102 -0.032600 0.745174 -0.288182 -2.605996 -0.848885 10.468377 
0.107057 -0.229317 -0.675387 -0.380692 -2.819508 -8.407278 19.363233 
1.352041 -0.056189 0.164217 0.732001 -10.163852 3.028011 -12.294794 
0.108970 0.110516 -0.194047 0.748154 -20.577768 0.328767 3.419998 
0.148499 1.088553 0.747732 -0.706198 11.088384 0.823545 -9.914978 
0.263983 -0.073742 0.005664 0.171865 9.742898 -21.341213 -2.198496 
0.240265 -0.201256 -0.438216 -0.022312 -12.121057 21.536833 -5.305263 
0.217954 -0.078550 0.362885 0.408190 8.697420 -6.899823 -0.910671 
0.444167 -0.340851 0.572644 0.629529 -3.307983 13.366626 -3.714067 
2.752555 0.193923 0.021018 -0.620588 -0.371886 12.480679 -21.617052 
0.266546 0.121243 0.205329 -0.427939 12.969869 0.353784 -16.163560 
0.104305 -1.319744 0.209103 -0.108836 -8.887570 7.742296 4.613980 
0.144490 0.770275 0.255330 0.263681 13.204412 15.360628 -15.342357 
0.094619 0.024590 0.138343 0.584089 5.844219 -2.469582 2.028104 
0.144851 -0.666114 0.440938 0.424529 7.544380 7.064609 20.968098 
0.132290 0.284817 -0.546508 0.552205 -9.630072 4.525016 21.623024 
0.524424 -0.210387 -0.301575 -0.658723 3.282832 -7.743466 -0.560870 
2.804970 0.494488 0.212844 -0.118918 28.441980 6.429307 4.565537 
0.151725 0.559548 -0.102307 0.421345 0.463278 9.689945 6.577462 
0.691052 0.001880 0.732240 0.309156 -12.667670 1.295824 -7.784074 
0.123125 -0.964039 -1.001039 -0.494277 -21.308894 -7.234836 -7.622553 
0.095501 -0.358791 -0.340736 -0.064111 7.442742 1.476322 9.635551 
0.082472 -0.179051 -0.076349 0.267107 -0.488746 -5.987186 23.580009 
0.088000 -0.545729 -0.072785 -0.180381 0.910037 1.059619 20.379077 
0.106567 0.390671 -0.164520 0.119689 -11.149857 0.578187 5.500590 
0.083960 0.129876 -0.001212 -0.026628 -8.340560 -23.319534 20.282348 
0.444394 -0.118251 -0.311540 -0.483342 -5.146594 10.857471 10.571862 
2.968598 -0.092574 0.370715 0.327550 -0.761121 2.292401 -21.597863 
0.118415 -0.774369 0.224646 0.761262 -10.697647 -1.140980 -9.629659 
0.123056 -0.196253 -0.359830 -0.184133 -6.424500 -10.288455 16.058904 
0.111967 -0.094968 -0.369340 0.165918 -18.547044 9.131307 -12.923538 
0.095336 -0.103777 0.296238 0.212514 -6.191300 1.550700 -3.246033 
0.085245 0.068476 0.215732 0.747690 -13.831945 -0.358549 3.495627 
0.219520 -0.183747 -0.311175 0.643714 -22.657053 -6.544954 6.610411 
0.269315 -0.432739 -1.091779 0.784150 -4.746865 -8.258553 11.119070 
0.084729 -0.315528 0.433529 -0.369740 0.314664 -11.093977 11.386654 
0.193296 -0.039557 -1.005801 -0.083246 5.795839 -0.412944 15.308388 
3.042533 -0.319507 0.334125 -0.610265 -2.973551 -17.080660 -9.366916 
1.417540 0.860029 1.133377 -0.516845 12.962026 10.742722 1.257540 
0.348250 -0.485010 0.330348 -0.365880 -4.973810 0.788916 2.301304 
0.189420 -0.660179 -0.208757 -0.210360 6.430796 3.273733 16.564595 
0.222484 -0.195806 -0.234759 0.437831 4.241432 -11.444329 8.084196 
0.319069 -0.610272 -0.093939 -0.662427 4.047195 6.707491 -9.235240 
0.092091 -0.630768 -0.052898 0.418000 -4.249037 -6.844689 13.417680 
0.486369 0.231892 0.251782 -0.110948 20.910190 -11.685287 -7.001505 
0.293964 -0.350316 -0.416273 0.372343 10.030566 12.972546 -4.945661 
0.150389 0.306567 -0.610339 0.047042 -10.802755 8.596197 -7.999197 
0.098254 0.513129 0.073269 -0.414334 -10.372625 1.168804 -1.421720 
0.129777 -0.221112 -0.079040 0.042947 -3.564866 -4.323101 15.368304 
0.089968 0.549934 0.231056 0.828774 8.769061 13.297974 -6.868721 
0.178187 -0.429590 0.029281 0.203128 7.989388 -1.809642 -18.971855 
0.446547 -0.119344 -0.401855 0.139091 -19.365945 2.639118 -3.698298 
2.596189 -0.714230 -0.755333 -0.699540 -19.798256 -16.025378 -1.672329 
0.941679 -0.197839 -0.033744 -0.240435 -1.430628 11.810195 -12.075786 
0.357477 -0.023206 0.849986 -0.361900 -6.950015 -2.499305 7.421227 
0.233141 0.299842 -0.340071 0.400602 -10.892717 9.694102 -2.389627 
0.109886 -0.814501 0.340773 -0.138731 -5.001402 -3.083051 -7.028091 
0.103385 -0.542370 0.261662 -0.431116 12.377170 13.666155 9.322741 
0.307529 -0.842735 -0.259599 -1.350636 -6.968160 -12.401775 -10.714155 
0.224214 -0.822683 0.723566 -0.686722 -3.053684 -3.025743 -26.049846 
0.688471 0.425948 -0.593269 0.298665 6.961517 -2.663642 -7.956336 
0.121886 -0.150686 0.110430 -0.555312 7.709734 -18.799486 -0.474313 
2.036878 1.371260 -0.780431 0.105872 11.173749 -10.408933 -6.940869 
0.108772 -0.321057 -0.100372 0.343781 -3.922919 22.076992 13.987464 
0.087214 -0.909561 -0.770103 -0.969587 -4.564553 -15.738559 -5.257677 
1.095005 -0.016326 0.401008 0.546475 9.758738 7.207013 -6.547618 
0.462444 -0.272864 0.214284 0.790132 4.967654 -2.895463 -10.789504 
1.195467 -0.072706 -0.807316 0.057019 -0.207882 2.295051 2.664107 
0.124532 -0.863234 -0.362407 0.303426 4.578592 -3.369510 -1.571311 
0.239527 0.505603 0.323490 -0.525282 -5.228886 -8.972161 6.505623 
0.513647 -0.098210 0.601613 0.403085 8.087511 -2.262469 17.777717 
2.322161 -0.504227 -0.526368 -0.720124 9.486375 1.271751 -13.107309 
1.749945 -0.340559 0.928833 -0.181113 8.467985 -9.029280 -10.156508 
6.427225 -0.267525 -0.650881 0.472597 -11.812976 4.287956 3.423880 
0.187473 0.222351 0.105100 -0.654806 -7.815749 -5.020321 2.565440 
0.080411 -0.992717 0.554115 0.392180 -8.531881 13.365418 13.562495 
0.084886 0.141919 0.185675 0.190868 -22.848309 -1.859075 6.820163 
0.210734 -0.394354 0.680989 0.442893 -2.559817 2.280258 -10.887665 
1.039799 0.122726 -0.226023 -0.331343 15.510433 4.199211 14.611007 
0.589256 -0.416578 -0.098619 0.117281 8.770389 -8.803232 10.776024 
0.193774 0.227833 0.937480 -0.462768 -13.733601 7.504815 7.373055 
0.204408 -0.722854 0.204400 -0.093412 5.117483 -0.771017 -13.647202 
0.203976 0.041754 0.235962 0.768988 -25.532442 5.762232 2.105806 
0.100379 0.084760 0.145520 -0.015982 -7.816222 -17.090963 -7.093526 
0.224716 0.419715 -0.588384 0.460088 0.802126 1.461223 22.646875 
0.736908 0.296006 -0.044442 0.286371 6.717908 30.016678 1.318919 
0.183623 0.511116 0.342186 -0.915309 10.314203 3.012754 -4.984189 
5.763363 -0.553765 -0.647608 -0.208853 -5.115663 -12.192009 -1.878184 
0.155563 -0.495612 -0.447331 -0.324893 8.868259 7.270715 6.375413 
0.205052 0.306688 0.620726 -0.292478 -16.481905 12.278897 11.355825 
0.256881 -0.121252 -0.104006 -0.816433 -8.232512 -16.897834 7.038068 
0.383592 0.019882 0.081992 0.923069 2.854464 -20.642431 -0.810656 
0.115189 -0.243963 0.531486 -0.897349 -14.870578 18.206692 5.983585 
0.144188 0.551039 -0.277167 0.267940 -12.436683 0.150317 8.234921 
0.208231 -0.069342 0.308265 -0.225188 -15.417479 6.855470 21.788017 
0.523071 -0.845518 0.265974 -0.613705 -3.927398 -8.061110 4.777095 
0.460238 -0.603666 -0.075913 1.195146 10.540727 0.336521 14.027760 
0.500482 0.465958 0.071019 -0.657035 -0.825776 15.749495 -4.419192 
0.190881 -0.357830 0.523382 0.739750 19.150099 5.118910 20.141763 
0.095002 0.123603 0.512514 0.035756 -2.681413 -6.494455 -8.876731 
0.282526 0.744778 0.050468 -0.442372 2.464899 -3.430799 10.357417 
7.200905 0.208472 -0.062015 0.687022 -15.598584 6.610971 17.985206 
0.639887 -0.177128 0.522880 0.728600 -21.190726 3.602556 -6.764514 
0.088337 0.031126 0.121211 0.130143 2.862154 -14.983201 5.915139 
3.427020 0.244856 -0.314208 0.389403 13.901693 -3.509805 14.827198 
0.286232 0.131490 0.189606 -0.288336 -11.662154 -19.924042 0.394455 
0.111446 0.086862 0.068044 0.477288 -7.639680 16.231244 18.132401 
0.194955 0.433655 -0.141779 -0.155576 -0.988621 11.258656 2.963099 
0.190041 -0.121497 -0.034384 0.529555 -22.352800 6.237353 -6.643579 
0.170109 -0.138631 0.544803 0.116653 -5.247025 3.899299 14.584775 
0.162386 0.402342 -0.362127 0.432987 -16.639406 5.328165 10.620778 
1.166044 0.580608 -0.583102 0.610717 12.591077 10.193993 23.827799 
0.584740 1.266093 0.269860 0.335459 7.037678 -1.649929 3.186386 
0.396613 0.242342 -1.218648 -0.286732 -8.814061 -7.114836 -11.472604 
2.418064 0.125211 0.020923 0.243362 -15.371767 9.897965 -4.180659 
1.010429 -0.719244 0.480765 0.199498 1.908428 -5.188583 0.497404 
2.532142 -1.300802 0.360838 0.010398 -6.621999 -6.274814 -0.796920 
0.107929 0.262647 1.036016 0.600423 6.298591 0.096035 5.681084 
0.167175 -0.632883 -0.001912 -0.789666 -3.664151 -1.026811 -5.891937 
0.254952 0.913810 -0.900846 -0.087920 13.010866 -0.678165 -11.144644 
0.429694 -0.367019 -0.340147 0.369665 16.395170 8.649449 18.041671 
0.496826 -0.525650 -0.167160 -0.648353 5.871892 -4.440926 8.248565 
0.121547 0.499650 -0.252889 0.447686 7.466203 -32.515476 -2.587599 
0.215928 -0.074076 -0.391921 0.381720 -0.762899 22.784451 3.968510 
0.270339 0.058524 1.004112 0.601028 -8.488121 -2.491282 2.160562 
0.080083 -0.746106 0.251456 0.257290 2.747292 2.312397 17.013210 
0.272801 0.517819 -0.462145 -0.060263 11.129993 -1.097286 3.182188 
0.248941 -0.836493 -0.272869 0.635251 7.532237 -8.240067 6.628208 
0.198171 0.049701 -0.077187 0.347884 0.301958 -19.697265 -5.116249 
0.125940 0.106665 -0.413632 0.164212 -2.699372 19.680130 5.762138 
0.397489 0.006421 -0.227749 0.356538 10.848950 -10.494479 14.480052 
0.109822 0.271618 0.232157 0.361198 31.499327 0.812765 -3.171981 
1.950578 -0.371386 0.768676 -0.384518 -5.319283 -12.060245 4.300849 
0.085723 -0.057216 -0.190248 -0.336382 -6.462577 10.098534 11.791755 
0.261677 -0.123986 -0.033996 -0.257554 14.270386 14.455323 1.402245 
0.410668 -0.629120 1.005488 0.228628 5.121575 5.932828 14.065790 
0.278253 -0.147556 -0.364939 -0.113642 12.938920 -9.016469 14.538986 
0.362834 0.041852 -0.506882 0.155194 -15.021296 10.383709 6.808042 
0.191416 1.358069 -0.340166 0.026527 33.164727 11.645484 -4.482703 
0.204516 0.326680 -0.475710 -0.845357 11.681590 -3.609240 -4.940779 
0.119244 0.230490 1.127902 0.078046 -0.999680 -0.839447 10.268168 
0.394798 -0.426135 0.278879 -0.572208 1.477119 -6.812867 -1.815663 
0.108074 -0.038750 -0.175953 0.266991 2.460450 12.973713 -21.792299 
1.687457 0.641010 1.488575 -0.230737 15.543366 19.336869 6.461693 
0.142585 -0.351330 -0.770314 -0.050620 2.182127 2.324772 -8.733054 
0.999592 0.266982 -0.129169 0.138023 -7.219135 16.433360 -23.195332 
0.835224 0.862038 -0.743704 -0.110480 14.824679 10.985823 -1.022820 
0.133760 -0.379925 -0.600057 -0.340386 -16.977195 -6.011892 3.873043 
2.914902 -0.088699 0.122873 0.081312 27.326493 -12.326654 1.487570 
0.289537 0.086487 -0.067869 0.341218 -13.285697 -18.141807 1.668833 
0.111589 -0.263864 0.102842 0.238003 2.883660 7.832402 10.695029 
0.666435 -0.202431 -0.203609 -0.074138 3.753254 25.574923 0.058239 
0.118124 -0.423736 -0.316462 0.003121 1.940262 -9.783210 9.472383 
0.082017 0.257681 -0.349643 0.404475 -7.459458 12.289897 8.335519 
0.384643 -0.730990 -0.219843 0.229193 0.561374 -7.985685 -8.889997 
0.170390 0.195253 0.199019 0.159385 -12.629974 14.898577 22.856076 
0.164634 -0.159362 0.526305 -0.357077 -8.437118 -7.036230 9.134136 
0.710018 -0.603332 0.585696 0.209726 -9.064057 17.153214 10.917972 
0.490174 0.246140 -0.168628 0.627864 -6.991144 -6.066370 -16.004342 
0.209872 -0.111622 -0.509103 0.688406 -6.397615 8.913346 16.924213 
0.191407 -1.280325 -0.812248 -0.449022 -8.747099 -3.525025 -16.139977 
0.086220 0.133885 0.064218 -0.271607 25.895304 -1.784402 5.621775 
0.253249 0.343850 -0.690881 -0.062073 0.741439 13.017980 3.384850 
0.443660 0.167239 -0.073906 -0.092808 11.158325 14.077056 -5.929685 
1.478874 0.660400 0.416419 0.229009 3.406446 14.613786 5.520199 
0.997008 0.675460 0.545922 0.210903 -7.869671 -6.440009 -0.946181 
0.119733 -0.725158 0.780479 -0.701749 0.866167 -0.497062 -13.444211 
0.155712 -0.885179 -0.568890 0.577081 -5.424109 2.753520 5.130321 
0.248140 0.192642 -0.218095 -0.112105 29.492781 2.217408 -1.444871 
0.211986 -0.286124 -0.342429 1.511516 -8.897672 -12.724677 14.014777 
3.164370 0.109428 -0.170356 -0.706199 8.172109 12.663295 5.403841 
7.811175 -0.328095 0.867203 -0.197308 3.116407 -0.074191 -1.730601 
0.119711 -0.581759 0.092747 -0.171191 -2.648623 -0.992469 19.247742 
0.081905 -0.257773 1.315730 0.379455 -0.418507 12.920320 3.417649 
0.128974 0.136610 0.698516 0.065936 -10.622355 -8.856384 12.351331 
0.098410 0.235137 -0.028824 0.193211 -17.504065 -2.200914 -6.949173 
0.208666 -0.631510 -0.325472 -0.261328 -8.931971 4.325710 20.723619 
0.338702 -0.498862 -0.092237 -0.271106 2.693774 -23.087702 10.275799 
0.270406 -0.759129 -0.352308 -0.148801 1.856651 -6.895259 -16.385187 
0.261780 -0.517251 0.453309 -0.656312 5.154095 -0.851662 1.733902 
0.198271 -0.176623 -0.574479 0.414265 12.964238 4.796973 -4.529898 
0.547947 -0.574774 -0.312473 -0.200712 5.194163 0.596333 6.772222 
0.084496 -0.096810 1.203889 -0.161872 -6.008951 4.431317 11.400808 
0.547853 0.049657 0.400165 0.039804 0.797469 -10.560123 1.936900 
0.124445 0.391485 -0.614911 -0.044250 -0.008105 7.729735 10.485457 
0.573077 -0.301088 0.113718 0.081344 -2.869737 10.940636 -17.445488 
0.415176 -0.178575 0.274236 -0.174641 5.767543 -18.322962 -13.842438 
0.878922 0.324819 0.801085 -0.340757 -4.377008 -7.779197 -14.947811 
0.094683 -0.300086 0.993812 -0.978177 -2.578825 0.320250 -11.259701 
3.025229 -0.982953 0.844318 0.264827 -1.787774 15.995850 -7.151794 
0.102725 0.128251 0.559389 -0.390505 -15.253719 -12.575449 -6.415655 
1.385436 -1.054551 -0.383878 0.061817 -20.264202 10.845934 7.595952 
0.188343 0.077651 -0.034900 -0.292707 22.601939 -11.532440 4.547712 
0.308804 -0.537465 0.324386 0.613843 14.315628 10.679766 3.167305 
0.266901 -0.002609 0.817712 0.115025 24.602225 10.670435 4.231562 
0.352073 0.640828 -0.061396 -0.983752 -5.985276 -4.407635 -5.484401 
0.588656 -0.021835 -0.463277 -0.770942 14.575487 -8.405107 -14.461699 
0.105091 -0.281880 -0.335878 0.284288 -7.279378 2.554657 0.622766 
0.147682 0.185268 0.281127 -0.847272 17.069817 -6.332623 -1.098220 
0.179358 0.595279 -0.366244 -0.014778 -8.631507 8.134833 -8.299107 
0.522896 0.194409 0.198303 0.108922 15.932258 -14.070726 1.025848 
0.141510 0.148316 -0.057479 -0.216925 17.780118 -12.088047 -11.547445 
0.105633 -0.196790 0.246808 -0.374920 -4.871206 -0.908066 -5.605590 
1.115389 0.025616 0.043093 -0.507214 7.272113 -10.178347 1.488415 
0.100224 1.314412 -0.614336 0.396894 14.783502 -12.887599 -7.018739 
3.043771 0.726466 -0.169030 -1.326990 12.920718 -3.470347 -11.398663 
1.677124 0.010519 -0.709396 0.759031 6.863640 -7.587806 -1.437308 
0.154714 -1.434253 -0.309398 -0.054172 -9.187070 -7.467738 -5.928372 
0.509531 0.088381 -0.129286 0.253311 15.561843 7.257765 9.692987 
0.118595 0.710117 -0.544136 0.610613 6.035048 2.249806 3.791302 
0.192470 0.205354 0.039833 0.063171 27.321406 -4.881922 8.294825 
0.156661 -0.097253 -0.921944 0.632641 2.406867 0.303355 18.801905 
0.269171 0.358065 0.062123 0.424197 6.034578 4.562839 -10.275120 
0.275015 0.546529 -0.100212 0.304900 -15.818062 11.235645 7.013612 
0.133107 0.284245 -0.057497 -0.462632 -14.355561 6.161081 8.081906 
0.116244 0.398580 -0.171252 0.218062 8.319986 -17.913419 3.913137 
0.262815 0.035825 0.120591 0.575294 -9.220145 -20.064546 14.215658 
0.152197 0.547125 -0.004614 -0.300424 -15.047546 7.103291 -21.596432 
0.591538 0.556222 -0.500253 0.009023 5.167030 -15.709456 -24.281387 
0.273814 -0.700776 -0.580826 -0.122064 1.073193 1.301647 2.093329 
1.296377 0.180034 -0.239331 0.031627 -5.591914 23.288779 15.373634 
0.625099 -0.143887 -0.250014 -0.536532 3.539592 -10.047749 16.717662 
0.953431 -0.729595 -0.311990 0.199293 -19.765204 -8.263470 19.334827 
1.362864 -0.749952 0.135725 0.315989 2.990133 8.779705 -4.385760 
0.388981 0.381745 0.134199 -0.203194 -14.392861 9.249748 13.621523 
0.178332 0.346741 -0.569227 -0.391362 30.016480 -0.280058 1.997079 
0.372184 -0.564114 -0.033087 0.691507 -8.131411 -11.261028 4.933733 
1.884918 -0.242502 0.181407 -0.273602 -27.517872 0.540577 -0.032569 
0.093160 -0.933576 -0.293412 -0.575507 -5.465987 -7.220275 -4.823321 
0.093696 -0.005533 -0.568691 0.000960 7.147814 -12.317415 4.482991 
0.080850 1.266783 -0.328047 0.546953 10.504029 -17.917714 13.582601 
0.277717 -0.156358 -1.542827 0.299939 0.827189 -12.387564 16.225273 
0.330199 -0.283047 -0.026642 0.395277 -10.918074 17.099735 9.896567 
1.020862 -0.299055 0.567516 0.172435 18.041872 4.730053 -1.275827 
0.554068 0.042021 0.028479 0.177790 -15.846635 9.008493 17.035659 
0.410517 0.897458 -0.080799 -0.008587 1.681972 -3.043624 14.415823 
2.241100 -0.031735 -0.247321 0.477680 -28.445506 8.139333 8.401763 
0.769947 -0.369930 -0.280468 0.802832 -9.848735 -4.999467 -13.078713 
0.085466 0.532529 0.483119 0.366062 0.226052 -14.614137 -10.955304 
0.645582 0.053271 0.150882 0.684892 -7.747475 11.206243 -9.680618 
0.291207 0.294178 0.114211 -0.078145 29.691173 0.409200 -12.369093 
0.780826 1.052617 0.463615 0.007924 2.437808 21.519543 5.963656 
0.178041 -0.157528 -0.009956 -0.079338 -8.925077 8.675114 12.997072 
0.111657 0.644332 -0.256203 -0.003092 7.967106 9.272674 10.549287 
0.141933 -0.419840 0.520784 0.674181 -5.745486 -9.926891 -2.509072 
0.503658 0.364854 0.335248 -0.395373 -6.297543 -8.960108 12.375288 
0.266518 0.885837 -0.275507 -0.404799 -4.113310 -11.765891 -13.366343 
0.136578 -0.000290 -0.133185 0.216641 28.832924 5.706576 8.342329 
0.126498 -0.122455 0.256098 0.083008 -19.891322 -14.686637 -15.457203 
0.081261 0.705969 0.957315 0.340084 21.269469 -2.621260 -1.254287 
0.167252 -0.043774 0.109369 0.083214 -2.612351 -1.263124 -8.615604 
0.607244 -0.538687 1.457565 0.503717 -1.675353 15.284506 2.352062 
0.266741 0.057093 0.128932 -0.280453 -21.810788 10.414160 7.634179 
0.157175 0.619783 -0.214650 0.601583 -14.796641 -10.668970 22.179916 
0.366807 -0.282386 -0.246615 0.255357 9.177939 -16.649668 -17.841711 
1.030213 -0.129816 0.022048 0.752813 3.150498 1.605653 3.926177 
0.140945 1.137015 0.897841 -0.254197 15.494403 3.747404 9.463736 
0.288794 0.189233 -0.229591 0.326888 -11.483914 -3.802046 -23.614510 
0.182724 -0.321785 1.028718 0.360785 -11.633279 2.612249 -8.855005 
0.115248 -0.723581 0.774053 -0.054588 -16.320078 9.752796 5.113310 
1.012019 -0.405939 -0.536057 0.539502 -0.152990 6.526364 -4.621388 
0.292049 -0.524084 0.357760 -0.141029 -9.396249 -18.836022 5.760174 
3.273691 -0.173994 0.012237 0.144521 2.466644 4.214774 17.920270 
0.507219 0.008133 0.833416 -0.103901 -15.061458 8.283612 20.798480 
0.325723 -0.803450 0.028667 0.835520 -10.409330 8.139957 -6.300011 
0.153073 0.270008 1.065515 -0.717295 13.240678 4.441112 -32.392658 
0.229855 -0.216201 0.116239 0.308561 17.037576 11.537583 11.814851 
0.196589 -0.243542 -0.285352 -0.193291 4.541251 0.913195 -14.719055 
0.095001 0.295070 0.011718 0.027707 -2.684962 5.555775 -27.458700 
0.458870 -1.017007 -0.788062 -0.122303 -3.662255 0.180418 -1.611232 
0.085890 -0.627197 1.192594 -0.230873 -0.161488 18.241316 18.224370 
0.170408 0.547722 -0.242069 -0.068419 -11.730862 10.181089 -8.675284 
0.130084 0.261705 -0.469264 0.258678 -0.219272 -5.896925 -3.676108 
1.384359 -0.451132 -0.365819 -0.114594 -3.408218 3.672601 9.475010 
0.642711 -0.020962 -0.284514 -0.162679 -9.091069 9.054174 -11.625878 
0.176254 -0.858017 -0.358975 -0.330210 0.458563 1.842987 9.137425 
0.156623 0.036877 -0.550679 0.093174 -22.846733 -10.907142 3.930044 
0.874755 0.272125 0.127149 -0.146408 -15.675936 -9.493628 -6.089363 
0.628183 -0.172811 0.556032 0.112644 -0.823864 -10.563690 18.290817 
0.127719 0.507655 0.031545 -0.426753 16.133162 -7.770576 19.329607 
0.209256 0.314940 -0.209585 0.416147 -8.204220 -2.214561 11.616071 
0.393003 0.367775 0.108966 0.139277 17.207143 6.614329 -5.489297 
0.395444 -1.034740 -0.968964 -0.571876 -6.792519 -11.667472 3.054081 
0.150757 -0.472175 -0.221363 0.224967 14.990768 -16.826347 19.748458 
0.613619 0.225511 0.305316 -0.430897 18.199118 -4.305485 -23.515073 
0.371705 0.372960 -0.591857 0.121306 14.502040 12.116772 9.422229 
0.128172 0.094883 -0.226422 -0.344330 -1.878707 24.041798 5.656801 
1.227367 -0.685505 0.267563 0.134984 -18.153665 23.121777 10.459576 
1.287495 0.123911 0.012188 0.035576 -6.775276 -10.008311 -11.325238 
0.285623 -0.351562 0.268740 0.296852 -18.320019 -15.801171 -12.531673 
0.186793 0.124477 -0.231584 0.511482 -1.322347 3.630124 -5.785469 
0.151928 0.888427 0.259108 0.137963 -1.813417 -5.896807 -6.598316 
0.107729 0.120276 -1.061464 0.159603 4.151150 -2.344560 -8.621230 
0.789450 0.044929 1.010200 0.558811 0.518234 -1.833404 0.298019 
0.417882 0.603788 0.284778 -0.934649 13.965511 -0.421309 6.110744 
0.415458 0.138878 -1.541241 -0.666453 -5.335103 -21.851122 1.524678 
0.510419 0.520842 -0.489727 0.021226 -1.086687 15.726458 10.866666 
0.130425 0.582837 -0.181383 0.484726 -3.914764 -5.823774 13.663008 
0.312402 -0.736918 0.679167 -0.270812 6.652055 1.266237 -0.140094 
0.489643 0.254799 0.030531 -1.423856 -2.986804 6.441064 -19.268409 
0.449688 0.042452 -0.445996 0.826633 17.307824 13.163445 12.000585 
4.640213 -0.919260 -1.608343 -1.640939 -8.370326 -25.019230 -35.027782 
0.102329 -0.628732 -0.459466 0.495904 11.457995 -5.676565 -0.759603 
0.088752 0.110934 -0.412198 0.314929 -29.334427 2.896111 7.048259 
0.124181 0.091850 -0.462991 0.579734 12.190839 -19.256416 3.772041 
0.142677 0.760241 -0.202540 0.047884 -8.987380 -6.948347 -13.073916 
0.646196 -0.717344 0.773465 0.258373 -5.498484 6.776860 -19.683978 
0.112694 -0.016559 0.485071 0.516441 -16.446909 -15.343023 5.032830 
0.176104 0.487747 -0.036064 0.916385 -7.032878 -8.749201 4.740217 
0.106965 -0.005087 -0.251952 -0.341286 -15.129532 0.557163 13.361000 
0.330430 -0.524670 0.791610 0.125099 -10.188214 5.404980 0.439718 
1.059937 0.254126 -0.037786 0.109152 19.085073 -6.535295 -15.141026 
0.446854 0.033083 0.658673 -0.089580 5.572536 5.324996 -13.643863 
0.249843 0.184878 -0.098940 0.120259 -7.582938 23.293499 20.099397 
0.126972 -0.148161 -0.304032 -0.515526 -7.084724 0.174428 -6.461439 
0.148713 -0.427670 0.206975 0.169854 4.350644 -5.755306 14.914262 
0.153845 0.619411 0.464066 -0.022929 12.608753 11.358513 -6.265690 
1.523067 -0.095398 0.550250 0.022599 -0.149041 -11.919009 5.545927 
1.665441 0.203350 -0.874813 0.193412 4.551907 -0.647082 -16.801914 
0.167356 0.268264 -0.204344 -0.111739 14.135483 18.904654 9.344559 
1.433413 1.543331 -0.470927 -0.165434 16.102552 -17.426833 1.041486 
0.264805 -0.133237 -0.915259 -0.072259 -14.247825 -14.399635 3.870479 
0.110793 -0.051756 -0.183707 0.544909 -5.376072 13.314315 -15.600264 
0.180061 -0.250621 0.516133 -0.270826 -4.987451 2.011373 3.368562 
0.195410 -0.125693 0.117664 -1.412637 -1.143241 2.069044 -8.991898 
0.091610 1.062245 0.421719 -0.337558 12.191857 5.321763 14.746757 
0.100160 0.138297 -0.551681 -0.321140 -13.265606 0.163480 2.244182 
0.329612 -0.422518 -0.140735 0.584946 -10.179358 3.126572 9.010111 
0.174903 0.161605 -1.097710 0.223378 -11.064138 -13.480079 -7.617014 
0.088879 -0.077527 -0.073768 0.032191 -16.088344 5.778607 -5.491681 
1.382242 -0.599525 0.079796 -0.931309 7.745641 -11.997797 -9.713453 
0.137418 0.497103 0.470507 0.336825 -17.511189 -7.466893 11.441139 
0.550522 -0.883778 -0.141865 -0.292083 -3.737124 -18.676209 8.386227 
0.977405 0.026317 0.779879 -0.284636 -11.247055 10.121439 -8.186525 
1.078071 -0.358807 0.384901 0.526276 0.644923 16.077631 -5.187428 
0.158053 -0.215469 -0.405520 -0.056623 14.617775 -30.067583 -3.067009 
0.173348 -0.247205 -0.038391 0.175771 8.863764 -4.089421 -14.114511 
0.082934 0.114804 -0.461688 0.954217 16.215838 4.784082 0.650560 
0.136636 -0.134160 0.020625 0.180479 -18.829350 -13.672652 20.115883 
0.143734 0.797317 0.381783 0.088986 -3.932850 2.770691 -10.468069 
0.441192 -0.556963 -0.068994 0.105974 -5.493457 10.956390 -11.878365 
0.419927 -0.494718 0.115300 0.504808 6.812538 -16.439768 -2.026363 
0.233936 0.444818 0.502904 0.545228 -18.617726 0.224445 11.288966 
0.472655 -0.567905 -0.111703 -0.134348 -4.225456 -10.827222 -12.696932 
0.114863 -0.497316 0.185185 0.028038 -0.547418 5.266734 -23.561926 
0.090134 0.162958 0.006248 0.172743 13.419951 21.593166 -1.714468 
0.541043 0.454478 -0.039223 -0.514700 26.618975 -4.821633 8.470472 
0.282572 -0.043875 -0.208323 -0.038184 -27.971145 -5.532152 7.119788 
0.115642 0.801662 -0.489403 0.059947 10.687178 -12.846756 -0.097138 
0.081355 -0.243353 -0.106703 -0.843015 -24.504265 8.518787 -10.457888 
0.367829 -0.260417 -0.899495 0.217846 -5.419567 -1.093477 5.450838 
0.139629 -0.473352 -0.184647 -0.111277 2.539791 -20.888437 -1.652968 
1.352784 -0.476640 0.051590 0.338464 -0.188046 -4.308989 -10.831959 
0.125255 -0.391624 0.439070 -0.096884 10.242562 -10.247509 -16.268015 
0.401327 -0.089277 -0.454864 1.161488 -1.131351 -5.713068 20.762727 
0.285734 -1.118573 -0.532489 -0.439252 -2.827742 -18.484685 1.180020 
0.395651 0.305728 -0.366387 -0.203933 21.681388 -7.746971 -3.506760 
0.293098 0.613445 -0.371099 0.399035 -8.494492 -5.176156 10.174548 
0.087827 -0.742657 0.509208 0.119460 7.270674 10.837475 8.460162 
0.145431 -0.699392 -0.480364 0.554149 -13.209388 1.548817 -15.620675 
0.180115 -0.457319 0.565636 -0.424985 -22.026143 8.813877 1.876434 
0.096200 -0.122422 -0.270326 0.038237 3.712963 -12.625389 -3.657626 
0.666776 -0.283296 -0.253705 0.491968 -20.109587 -10.063443 24.193503 
0.204329 0.103993 0.409613 -0.025137 -0.720321 0.587117 9.094602 
0.115895 -0.113038 -0.439127 0.621714 6.134555 13.163311 -4.819234 
0.093908 -0.286531 -0.368676 -0.575960 5.161132 -8.246822 8.387062 
1.218377 -0.720522 -0.540432 0.409588 -7.695519 14.353335 7.948301 
1.577937 0.499319 0.497912 0.356639 -12.493026 -6.631062 6.200732 
0.624013 0.264592 -0.149293 0.616517 -2.820652 -8.941323 -6.902944 
0.094581 0.161518 0.938187 0.333807 14.086854 -4.557204 4.025008 
0.082735 -0.213795 -0.151225 -0.730614 2.983128 12.604290 1.072584 
0.117562 0.544344 -0.851230 0.163028 -3.079580 -4.733300 -16.087730 
0.104059 0.055162 -0.556449 0.380918 3.629761 -6.515866 -15.135491 
1.175398 0.244552 0.293385 0.582942 -8.816435 -9.425201 23.073423 
0.164169 0.662462 1.552401 -0.076981 15.771032 12.510142 -14.006208 
0.291452 -0.359919 0.406460 0.192327 -10.602994 -8.702577 -15.091511 
0.206673 -0.085115 -0.063123 0.195848 -19.290145 -21.493646 -4.423756 
1.289324 0.079064 0.502344 0.927758 18.813698 25.242166 2.115391 
0.086315 -0.015252 -0.096457 -0.437505 -15.507958 4.053707 -8.937354 
0.235153 -0.075059 0.362104 0.423384 2.378994 -21.678399 2.317327 
0.115719 0.308157 -0.327360 -1.074840 16.821239 -15.626989 -17.885589 
0.363410 -0.229612 -0.416074 -0.454513 10.199982 -0.377618 8.894700 
1.751386 0.895085 0.239866 -0.488432 13.174533 -5.409460 6.169512 
0.207984 -0.435779 -0.140447 0.488348 3.349445 -2.226267 -11.853073 
0.102911 0.152308 -0.905689 -0.508875 11.690246 -11.257953 8.054834 
0.178659 -0.505338 0.953372 0.159848 7.727989 4.918816 7.193999 
1.266026 -0.329297 0.795072 -0.406189 2.920807 2.132131 -12.217091 
0.304509 0.556755 0.396560 0.437761 -0.916195 -15.485272 -0.041170 
0.111776 0.138617 -0.050207 0.245174 -17.865701 5.370660 2.305237 
0.518423 -0.738387 0.326342 0.473079 -18.070488 -12.802753 26.103000 
0.412206 0.552412 -0.443431 0.151127 -14.851854 -0.432386 15.839258 
0.151101 -0.214235 -0.157652 -0.600300 7.726107 10.962241 0.189909 
0.220913 -0.257400 0.806699 -0.101221 11.233674 5.146546 6.318512 
1.412488 0.038624 0.072195 0.177234 7.428285 -7.673099 -23.155899 
13.278585 -0.080698 0.633798 0.180847 -16.319251 -0.377097 6.969517 
1.463321 -0.402495 -0.400827 -0.167598 -15.665984 19.487798 3.747048 
0.120159 0.245099 -0.722245 0.460072 10.631376 10.931793 11.328856 
0.365350 -0.306954 0.652327 0.074904 7.271480 -8.664151 8.292222 
0.105973 -0.366273 -0.350049 -0.628589 -4.355978 0.355049 13.718608 
0.295892 -0.752901 -0.478525 -0.153620 2.956162 5.249350 9.958020 
0.206326 -0.467069 -0.015652 -0.168461 -3.046016 6.335611 2.434791 
0.093712 -1.268211 0.322866 -0.111678 -4.400304 7.392295 -1.976179 
0.095148 0.223688 -0.400572 0.341851 3.324744 10.563891 8.923628 
0.206538 0.225450 -0.695698 0.139261 -18.890685 -18.967535 6.159104 
0.086877 0.401203 0.520039 0.686337 -2.405547 -4.626472 -3.838416 
0.089099 0.003130 -0.033426 0.840045 -7.920239 -17.495393 10.279484 
0.510706 -0.505920 0.048863 -0.335885 -17.770186 12.246787 14.260498 
0.209703 1.100832 -0.839735 -0.511373 18.477270 -4.467185 -5.421251 
0.558090 -0.165921 0.915862 -0.232477 1.326036 -1.757285 12.134278 
0.094925 -0.114766 -0.272425 0.294685 7.628966 -6.565281 -20.499732 
0.169485 -0.028617 0.300139 -0.719690 1.210779 -11.265234 -7.943840 
1.190304 -0.992250 -0.566517 0.248222 -11.283613 -17.107150 5.023151 
0.229716 -0.098520 -0.157665 0.024703 -11.016971 -24.038723 -7.179216 
0.590880 0.054236 -0.245191 0.463270 -22.569611 -4.180918 -3.510956 
0.480535 0.347920 -0.063017 -0.012625 1.966959 8.038238 -3.303867 
0.234429 0.327625 0.191926 -0.228024 -20.342558 -6.196715 -10.851923 
0.582021 -0.648347 0.239442 0.114922 -17.162976 9.847233 -22.064356 
0.189197 0.478405 -0.604799 -0.621603 1.855841 -2.386983 -1.138769 
0.259575 -0.760495 0.246680 -0.576185 10.709706 2.301617 -14.268098 
0.447006 0.023164 -0.145933 0.327646 -24.347743 15.281276 -9.468004 
0.147887 -0.567936 0.504737 0.163568 7.552584 -1.067064 4.124215 
0.231699 -0.257212 0.571852 -0.026803 0.913918 -11.705457 -3.236980 
0.453708 0.016607 -0.202293 -0.114164 9.677448 -13.822656 6.334120 
0.920339 -0.813429 0.680977 -0.673665 2.090903 12.423510 -12.619220 
0.955703 -0.092707 0.015691 -0.356373 -3.677347 15.332895 9.661983 
0.084577 0.186888 0.473943 -0.176549 -1.509316 -5.852142 -15.626234 
0.160624 -0.259040 -0.008883 0.004287 -4.261648 21.787273 10.386002 
1.172148 -0.133681 0.358001 0.377952 -4.902453 0.087640 -12.735070 
0.760534 -0.291565 1.384771 -0.298580 9.369855 22.505330 14.539318 
0.114553 -0.730242 -0.338415 0.031191 9.016771 -16.440789 8.306633 
0.117572 0.580239 -0.284503 0.099895 17.551082 -28.498819 -5.804867 
0.762149 0.816560 1.464685 -1.481277 23.671522 33.178755 -10.314079 
0.232792 0.423337 -0.888107 -0.125371 0.784350 7.712757 -6.433817 
0.215009 0.009990 0.309045 -0.046611 -0.930971 5.221346 -4.970005 
2.204810 -0.167847 -0.224711 0.087369 -4.352193 18.631988 0.046214 
0.129032 -0.820839 -0.352995 1.617364 2.050318 -18.513630 38.579470 
0.374042 0.918250 0.458751 -0.332572 -0.749951 -1.432893 0.258127 
0.205433 0.154666 -0.204875 1.051574 -13.722534 17.741808 12.669806 
0.160079 0.480578 -0.624635 0.119245 -12.323819 0.953648 6.623623 
0.136090 -0.750474 0.682452 -0.436392 -13.385259 -3.783036 10.459837 
0.119841 0.254309 0.233031 -0.179935 7.708631 19.727909 15.848982 
0.201503 -0.840168 -0.024672 1.275763 -4.342668 -11.079223 13.489373 
0.611073 0.509451 0.156731 0.522793 -8.914774 -14.084301 -4.560934 
0.115016 0.651825 0.020502 -1.245317 7.823136 -14.159473 -12.726896 
0.399244 0.305451 -0.448853 -0.024380 17.876362 -18.209274 7.003488 
0.131342 -0.529355 -0.496067 -0.906535 -3.959225 8.250652 -9.042101 
0.174201 0.051997 -0.904220 0.358673 -0.271303 1.148712 24.127328 
0.089275 -0.298186 0.096620 0.014139 17.775819 2.286941 -6.608755 
0.438872 -0.357660 -0.432458 0.484861 15.617064 1.118403 4.802213 
0.085636 0.140357 0.029884 0.332500 18.562150 -5.205311 -6.375336 
0.582912 0.167325 0.030681 0.192221 0.144193 1.922227 2.332334 
0.240412 -1.094780 -0.074273 -0.113454 -16.156049 -0.841391 21.377768 
0.226021 0.730887 0.062432 0.142564 0.202822 4.703581 20.914300 
0.107205 0.232069 0.502232 -0.264075 -12.418350 -3.270843 -2.390604 
1.102835 -0.318096 -0.035963 -0.012133 11.650617 0.688345 23.522344 
0.266126 0.033496 0.608409 0.091458 -21.120878 9.299110 -16.334097 
0.409423 0.176397 1.148999 -0.524112 -9.580365 10.251714 -6.934589 
0.089384 -0.147801 0.484333 -0.198974 15.378131 -10.627516 -14.056751 
0.113871 -0.377151 -0.340458 -0.159552 9.918882 -7.252512 -9.191564 
0.746267 0.103514 1.466621 0.041520 -2.645946 9.280578 -8.641945 
0.219386 -0.737745 -0.485650 -0.265883 7.963127 -20.592818 -11.992494 
0.439077 0.490903 0.001407 -0.229099 -15.395023 5.211430 -18.025001 
1.444015 0.512164 -0.332162 0.164593 5.660040 -2.190955 -7.112602 
0.102731 0.247931 -0.961388 0.555355 9.509039 -0.740273 3.238989 
0.202560 -0.466806 -0.055337 0.978989 19.178745 25.973314 62.162463 
0.091773 -0.228640 0.472008 0.208779 -1.873633 1.798711 -9.517038 
0.159646 -0.616398 0.787354 -0.700662 -7.000004 -5.079545 -5.394568 
0.210510 0.299533 0.719503 0.139540 -18.461274 -0.342883 2.433029 
0.129464 -0.330667 0.579576 -0.275036 7.535514 -0.017970 -1.913329 
0.235395 -0.166779 -0.593399 0.434681 -14.012099 10.675354 -2.848963 
0.392760 0.516719 0.426638 -0.346551 -6.626176 -11.116357 -7.176049 
0.340464 -0.103806 0.079561 -1.026999 3.651179 14.046647 -2.877330 
0.558675 -0.069890 -0.373005 0.353787 23.209490 3.156397 -5.379604 
0.269181 -0.037804 -0.043658 0.572007 2.247947 -2.281868 23.867131 
0.080832 0.153377 0.473521 0.034292 7.124240 15.255771 23.794305 
0.161454 0.350289 0.031375 0.262578 -8.947626 -13.849404 -17.243676 
3.272843 0.106768 -0.042133 0.104214 -11.737515 1.073732 -10.792714 
0.126733 0.794794 0.049136 -0.126436 -2.942634 -19.218005 -5.045062 
0.147442 -0.464992 -1.097341 -0.509077 -3.326673 -28.903248 -1.696508 
0.234874 0.020796 0.351192 -0.571933 -11.439410 10.149271 5.128513 
0.088322 0.401739 0.240660 -0.755754 -3.531609 7.001155 -15.055567 
0.124823 0.422931 -0.235652 -0.802427 -9.569535 2.159945 2.721173 
0.134972 0.556174 0.547061 0.494584 13.935249 10.571534 2.037379 
0.114632 -0.020187 -0.398117 0.359107 -0.425063 9.637330 6.369934 
0.145861 -0.588635 -0.468793 0.565516 8.871888 4.016320 -2.721950 
0.263366 -0.066665 -0.104394 -0.684574 -2.599295 1.309032 12.874459 
0.973808 0.304714 -0.343001 0.070437 -8.898867 9.661641 -4.142261 
1.966409 0.182244 -0.048247 0.180686 -2.170397 12.870272 -16.926212 
0.137245 -0.377546 0.039252 -0.653484 11.324224 -3.830341 -3.751438 
0.175886 -0.108252 0.280596 -0.280310 -11.095095 -9.360673 4.880831 
0.427154 -0.501401 0.228838 0.474242 -4.806674 -13.783158 10.236430 
0.305641 -0.438920 0.466562 -0.274986 -5.320612 -16.153967 -10.205659 
0.126873 0.129360 -0.245739 -0.145796 2.364377 -5.922181 4.197935 
0.202129 1.052142 -0.427428 0.421696 10.836840 -1.094647 21.206745 
0.103947 0.851373 0.432780 -0.192263 -4.785651 16.015416 4.454693 
0.160192 0.099522 -0.839572 0.265643 17.636307 -4.058075 8.398831 
0.087931 -0.356434 -0.003467 -0.474734 -11.660859 -5.712218 11.337754 
0.201166 -0.156612 0.211559 0.033054 -22.747051 -11.605380 15.707677 
0.129271 0.124653 -0.442880 0.668894 -14.646084 -2.472622 -3.052434 
0.244547 -0.350068 0.198773 -0.279623 -9.595434 -2.935842 23.418067 
