0.202999 -0.231974 1.159997 -0.903427 -1.834233 1.699729 -5.284445 
0.583882 0.661796 1.717030 0.734037 10.248542 2.306902 9.313950 
0.585149 -0.100195 -0.121669 -0.848325 -9.857453 3.735077 -9.382618 
0.085689 -1.320825 0.326214 1.566071 -9.314702 13.518744 4.632786 
0.090936 -0.415779 0.945915 -0.059533 -3.074593 -4.955430 9.150402 
0.457888 -1.217973 0.021877 0.542384 2.864633 -10.100361 -8.325462 
0.179449 -0.836368 -1.360028 -0.837304 -0.772339 3.495129 0.372980 
0.103175 0.855294 -1.790908 -0.334702 -2.605528 -6.977740 5.412489 
0.199182 3.474955 -1.295625 0.728585 11.941206 -8.387737 2.831233 
0.109107 0.597827 -2.095973 1.081800 -1.848020 -1.569484 5.111620 
0.232498 -0.744496 0.730588 0.009416 -8.992818 15.072335 5.331940 
0.683878 -1.062159 0.326240 -1.535308 -8.944429 -6.965241 0.179056 
1.809017 -0.243225 0.022759 0.126059 -11.844256 -7.309998 3.813876 
0.133767 2.478108 1.435314 -0.122178 13.219178 3.507398 5.845062 
0.207935 -1.407199 1.730643 -1.277578 -1.841602 11.097604 2.204131 
5.586845 0.413963 0.337451 -0.269084 -3.090445 3.653277 4.862641 
0.099031 0.030263 0.993989 0.848382 2.939052 14.017208 -4.309209 
0.095457 -0.813607 -0.039186 0.206036 -0.844964 5.485243 -14.416414 
0.166412 0.206511 0.103467 -1.592176 -3.825864 -9.639973 -4.739492 
0.401973 -0.043687 -2.002057 0.506101 4.879179 -7.113893 10.351865 
0.149690 -0.823081 -0.143761 0.345355 -7.915971 -9.339923 -12.334993 
0.135040 0.617004 0.475819 0.290885 2.586208 -5.645735 5.621373 
0.230700 0.557767 0.934255 -0.989808 -7.326634 5.493942 4.759600 
0.296048 -0.495754 0.812011 0.418928 -8.298338 18.202901 -5.720163 
0.089040 0.172479 0.071550 -0.031765 -9.550268 12.489857 -8.419622 
0.218861 1.592404 -0.778287 -0.516892 4.824134 3.273171 1.863169 
0.780326 0.751719 -1.133149 -1.223099 -3.366509 -7.170953 -1.346413 
0.110177 1.192376 1.811429 0.627129 -0.718804 3.354096 9.286303 
0.308745 1.952933 -2.327740 -1.226656 9.121809 -17.398277 -5.423697 
0.930095 -0.221751 0.206784 0.070195 -8.651456 1.794055 -0.907916 
0.154448 0.246362 0.576489 0.400288 -7.752159 -6.716047 7.146370 
0.449860 -0.708704 0.503778 0.738113 -6.671166 -16.263562 0.846156 
0.194281 0.652522 0.401506 -0.397129 3.910311 10.934471 -12.487532 
0.121470 -1.374720 0.036403 1.470822 -12.307751 -5.236616 -1.160124 
0.388680 -0.284279 0.802312 0.471442 -10.651765 -2.897498 17.338171 
0.552874 -0.057559 -2.373190 1.157656 -6.371663 -6.667542 10.605916 
0.107074 0.341990 -1.132159 -0.158977 0.282046 -6.395821 -10.479046 
0.218546 1.100520 2.076662 0.153057 -2.548438 4.018031 -1.708039 
0.118025 -0.604175 -0.592173 0.667823 2.470542 2.940844 6.795859 
0.176826 -0.847796 0.303543 0.287668 -2.560200 9.070538 -15.554934 
0.123628 -0.300240 0.217947 -0.128727 -2.580471 9.483452 23.476224 
0.103987 1.903230 -0.221716 3.325442 14.410255 5.362924 15.604865 
1.612405 -0.644545 0.011094 -0.325240 0.258893 -1.958103 -2.515057 
3.952128 -0.342097 1.692970 0.742354 0.615041 -5.806404 6.207690 
0.090817 -0.119998 0.308793 -0.019504 -19.803464 9.390140 -2.201177 
0.094271 -0.187244 -0.600475 0.656079 -8.284252 -6.829992 13.556594 
0.105198 -1.240837 -0.433234 -1.481916 -11.499482 0.906890 2.921778 
0.122132 -0.459172 -0.228389 0.006445 6.622944 -9.624809 -1.861292 
0.167817 -0.917863 -0.460256 0.621412 -7.598625 14.691893 7.271654 
0.138488 -0.502575 -3.026315 -0.017531 1.240678 -11.335988 6.237865 
0.701272 2.990111 0.338950 -0.985738 21.898361 1.342419 1.927843 
0.367183 0.018851 -0.570400 1.527721 -0.605542 -8.391990 -3.670461 
0.116639 -0.606682 0.140258 0.012845 -17.515407 11.746712 5.375828 
0.156405 -0.526915 0.622889 -0.375525 3.972603 -3.811999 11.526942 
0.118162 -1.113531 0.852753 0.263929 -11.415835 2.002607 -6.633092 
0.151293 -0.350295 0.193406 -1.240877 -4.517153 3.936680 0.065468 
1.456612 -0.206125 0.323791 1.234934 3.394327 1.994488 -0.831625 
0.095248 -0.199223 -0.410703 0.086401 -9.602954 -0.994586 7.187040 
0.298886 -0.884998 0.535364 1.320752 -6.567546 2.264848 4.293387 
0.512636 -0.409198 -0.643534 0.661216 -1.969313 -12.297054 -3.927004 
0.121466 1.884630 -2.478104 -2.965447 11.861482 -11.148273 -10.749062 
0.863813 -0.129947 -0.287028 -0.464914 9.977031 9.197250 8.198372 
0.283593 0.243948 0.486569 0.474433 17.123612 11.109086 2.849225 
0.114183 -0.193282 0.714879 0.988693 -0.548392 -10.303954 9.839709 
0.387857 -0.446684 -0.073662 -0.681118 1.393033 9.643879 -4.694316 
0.102340 -0.579633 -1.226477 1.744010 -3.195601 -8.318653 2.335772 
1.423034 1.436044 1.034861 -0.229787 5.759457 -6.891736 -2.285146 
0.118440 0.237349 -0.315312 -0.126570 -6.989503 6.885666 -18.776508 
0.087317 -0.553913 0.538424 1.064401 1.463808 3.034043 -0.634293 
0.115648 -0.196886 0.217889 1.374339 -3.842580 10.138302 -1.666115 
0.335498 0.452096 -2.074504 0.279131 5.236877 -7.591796 -7.792960 
0.109210 -0.481884 -0.280496 0.102477 9.102387 -9.859351 25.361533 
5.398343 -0.721965 -0.451049 0.078308 3.420531 -3.308417 -2.057770 
0.438696 0.301304 -0.952601 -0.903510 12.357303 -2.102533 -4.055499 
0.102783 -0.632572 -0.603690 0.799273 -11.048653 3.349307 -0.861530 
0.317653 0.597091 2.753444 -2.137718 -3.576068 17.302126 -7.374595 
0.117399 -0.420373 0.195268 0.337023 4.756048 -11.293634 -6.119500 
0.135796 2.904238 -1.068747 0.712488 10.165062 -11.655061 3.878726 
0.139152 -0.405876 -0.004343 0.057648 -6.530267 -19.228046 2.618522 
0.081844 -0.670232 0.862791 -0.250681 -19.024006 1.619190 -0.307053 
0.210768 -0.520726 -0.128248 0.689726 -2.612725 3.781225 14.076560 
0.087151 0.605327 -0.355754 3.267653 9.252405 -4.250529 15.743502 
0.247564 -0.947854 -1.844026 -0.552015 -9.623329 -6.257005 -9.356437 
0.118055 -0.084581 -0.352183 -1.767340 -6.192565 7.223093 -3.028501 
0.133708 -0.089794 -0.127135 0.068456 9.914814 20.716007 3.796287 
0.137951 0.469095 0.601843 -0.315295 9.551717 -2.239771 4.828583 
0.295736 1.961710 4.049919 -1.179418 9.086175 21.773910 -6.661716 
0.093592 -0.145399 0.090338 -0.164033 -7.858938 -12.766220 10.689811 
0.180968 -0.757997 -0.517320 0.716813 -10.560478 -14.686378 5.586578 
1.058781 -0.590397 0.845355 0.764063 -15.517461 3.610078 10.667954 
0.086350 -0.389562 0.208238 -0.447370 -5.598977 1.592754 -17.822996 
0.263354 -0.800582 1.105192 0.215470 -6.521568 14.897918 -0.821532 
0.556778 -0.484905 -0.048431 1.052014 -10.831539 8.931508 11.559694 
0.139284 -1.233610 0.335320 0.668310 -13.815544 -2.086630 7.685838 
0.478468 -0.621285 -0.487293 0.628737 -1.759122 -9.548099 17.202929 
0.165293 -0.524506 0.778629 -0.045949 -2.176937 -6.029107 5.254982 
0.493788 0.497204 -0.045459 -0.313808 -5.356872 7.827272 7.641392 
0.252788 -0.346983 0.404794 0.939424 -20.552561 -1.229944 10.717967 
1.145613 -0.320608 -1.458225 1.198286 -10.049954 -5.293017 1.125326 
0.388183 -0.059855 1.212650 1.591558 1.471485 5.127757 0.263852 
0.094407 -1.015125 1.061781 0.733406 -7.706782 8.717196 5.723611 
0.126740 -0.439840 0.378765 0.259202 -2.274354 -19.129700 -2.421651 
0.323270 -0.111563 0.346181 0.013670 -1.186224 1.032161 16.584965 
0.198042 -1.685500 2.699789 0.156966 -13.150147 8.016766 4.033651 
1.167561 0.274550 0.601132 -0.591084 -1.631175 12.056158 -7.617461 
2.697368 0.131331 0.001705 1.004911 -9.828290 2.309214 7.834496 
0.376011 -1.481957 0.223265 -0.062238 -0.821798 8.205200 4.971747 
0.588263 -0.514996 0.631133 -0.721752 -4.412008 7.174175 3.157686 
0.138650 -0.131829 0.724352 0.952751 -11.426464 -4.837012 17.196794 
0.373816 -0.164293 0.637195 -0.376310 -5.733740 6.323168 -21.874187 
0.401930 -0.384197 0.578243 -0.969285 -0.749693 -5.667219 6.906830 
0.263064 -0.108277 -0.126553 0.384101 -17.118763 -5.649521 1.380825 
0.459762 -0.707805 0.803449 1.207679 6.818263 15.193008 4.343396 
0.328088 -0.748173 -0.528971 -0.213768 -3.379127 -16.036328 -0.599227 
0.860282 0.789249 4.940892 7.919349 2.737624 30.221500 54.385609 
0.273055 -0.360626 -0.964894 0.813947 -9.384194 0.123812 0.931770 
0.396253 -0.728456 0.336718 -0.088920 12.572365 12.087350 5.507172 
0.246288 0.039755 0.345219 0.433990 -0.253012 -11.040585 5.337525 
0.730294 -0.827779 -0.396730 -0.023865 10.706796 -9.779465 -6.216892 
0.278430 -0.830989 -0.112667 0.229598 -4.113720 -15.872621 -6.342107 
0.151503 -0.113724 -0.655338 -2.028166 -3.835441 3.448019 -9.372209 
0.100432 0.434740 0.836313 0.466197 -11.126151 6.417806 9.088161 
0.082624 -0.901700 0.904682 -0.192313 7.054960 15.804965 -8.000983 
0.114711 1.308528 -1.149541 -1.659137 0.978447 -11.076140 -1.849475 
0.192666 -1.111212 0.097606 -1.195392 -13.967646 4.084039 2.509223 
0.287114 1.111488 -1.544825 -0.103665 3.976538 -3.831344 -11.212422 
0.585359 -0.178827 -0.302409 0.934189 -11.841303 -9.284049 -4.895055 
1.376095 0.176233 1.053919 0.676032 -3.620745 6.882227 7.467691 
0.431641 0.600987 0.065887 -0.803610 -8.180673 14.737392 0.176108 
0.136683 -0.378916 -0.525467 -0.445112 11.467467 0.363526 -9.971224 
0.323241 -0.588945 -0.065334 -0.604723 -18.755451 7.897521 -0.085071 
0.391024 -0.273048 0.549468 -0.207911 11.340546 2.173016 4.070752 
0.112116 -0.142612 0.023866 -0.440603 -7.242314 -17.118904 3.626980 
0.116547 0.052065 0.194374 0.358607 -6.728248 -16.735578 11.027356 
0.952396 -1.054572 -0.027998 0.223418 -10.429968 10.739695 10.033399 
0.374161 0.278810 -0.839406 -0.130957 8.641134 -0.001310 6.466773 
0.178419 -1.205842 -0.168147 -0.716867 -6.940411 -2.705471 -17.729374 
0.192961 -0.653809 0.442146 -1.802929 -13.340692 -4.626818 -4.893381 
0.763069 -0.156387 0.014801 1.106658 -0.905373 -5.602393 -2.282788 
0.181019 -1.545113 -0.364590 0.290432 -14.331501 -9.192008 -8.445756 
0.393969 2.021219 3.181167 0.571107 10.971659 21.854069 8.914717 
0.408300 -0.652162 0.073989 -0.145871 -20.165841 3.316728 1.294022 
0.506972 -0.475277 -0.907059 -0.638255 -12.867473 -5.293106 4.797822 
0.168852 0.087450 0.031206 1.001737 -6.274374 18.217374 5.089633 
0.196085 0.402654 -0.178584 0.039588 -2.495330 -1.617020 0.347076 
0.836938 0.725223 -0.327044 -0.631791 -10.211764 8.531008 -4.280995 
0.701221 -0.247007 -0.957501 -0.209806 -8.802859 1.184746 -1.476036 
0.263429 -0.463809 -0.394801 0.039890 -14.444595 -6.670611 -4.359241 
0.151360 0.017220 -1.117864 2.183468 -9.883234 -5.773678 5.317457 
0.449375 -0.782656 -0.496813 -0.270571 -13.064034 2.955173 -2.034792 
0.108928 1.382794 -0.624223 1.270892 1.414933 -12.420778 2.281147 
0.090465 0.580177 0.512632 -0.591622 7.568551 15.496435 -12.547930 
0.531060 -0.485479 1.703805 2.490312 -9.211694 9.690935 5.859024 
0.272013 -1.144754 0.198726 0.816859 0.496209 -5.165535 -6.100541 
0.127889 -1.006334 -0.003402 0.024493 -14.467220 5.853261 8.240908 
1.070260 -0.143593 0.468342 0.211839 -0.770053 10.319945 1.777237 
0.111702 -0.645960 0.627638 1.022748 4.809695 2.744301 15.864317 
0.275275 1.453468 -0.269181 0.527160 3.605010 5.859941 0.025508 
0.433814 -1.229419 0.011537 0.479807 -6.181317 8.543668 6.213223 
0.121123 -0.839062 0.351488 -1.343775 -7.079663 11.183908 -2.399034 
0.604561 -0.573327 0.697956 1.077034 6.852878 -8.328087 10.583467 
0.672200 0.145971 0.581140 1.616763 -10.358790 4.602322 4.505403 
0.485099 0.514212 2.303845 1.037056 -0.695641 3.791853 7.255309 
0.088968 -1.836378 0.835396 -0.036501 4.278214 6.801051 1.852774 
0.372330 -0.607645 -0.498402 0.196338 2.979017 1.962411 4.097372 
0.427499 0.731515 -1.058372 1.894237 10.239955 -6.479481 1.383404 
0.148166 0.064558 -1.380574 -0.527698 -8.939556 -2.388271 2.864690 
0.205405 -0.086426 -1.445266 -0.640213 0.646946 -0.637647 5.129340 
0.273438 0.536812 0.967402 -0.118310 -6.528816 13.239229 -2.221768 
0.257004 0.930230 1.103570 -2.190614 2.211868 13.960519 -8.438061 
0.083821 -0.936348 0.329009 1.051949 -3.997631 -6.592862 -3.963779 
0.673429 0.176367 0.079088 -0.013778 -1.988193 2.569682 -20.448633 
0.093338 0.380203 -0.830906 1.133188 2.356539 7.789189 0.483178 
0.097693 -0.391601 0.748224 1.130589 -6.108273 5.260710 3.355513 
0.081727 -0.053475 1.037775 0.257666 -3.936304 9.332958 -6.273211 
0.417045 -0.145187 0.180080 -0.184800 -20.422057 -0.172806 6.206559 
0.387177 0.422924 -0.154810 0.228328 7.696024 1.092455 4.418261 
0.350927 -0.563515 1.024484 -0.000477 5.647119 16.279933 -4.961010 
0.081891 -0.892770 -0.157648 -0.468468 -8.372586 -0.484919 16.072317 
0.111530 -0.826999 0.385197 1.999487 -2.118401 -1.676060 6.581304 
0.729211 0.389970 0.484999 0.336930 -2.054022 5.842198 6.098163 
0.081209 -1.117878 -0.289627 -0.030340 -17.125873 3.388188 -3.054305 
1.066327 -0.111054 0.704528 1.096258 -12.124693 0.240177 11.934743 
0.844840 -0.225695 0.302063 -0.375481 9.587642 2.255515 -10.522190 
0.286414 -0.669114 0.258221 -0.591049 -13.747274 4.177065 -9.159621 
0.108220 0.046332 -0.864822 -0.290045 -12.702184 -7.510702 -7.891221 
0.106446 1.554076 0.136207 -0.060835 6.778569 8.912088 0.172268 
1.618982 -1.061032 3.048757 -0.501579 -11.871916 11.286898 -6.602510 
0.126190 -0.469104 -0.314550 -0.286492 11.214346 -0.390576 11.972857 
0.666898 -0.358917 0.278115 -0.286234 4.417647 19.132130 -6.259034 
0.355266 -1.029376 0.167804 0.774436 -11.395975 -0.372882 6.571105 
0.365762 -2.914346 -5.779050 -0.326249 -18.976613 -31.327005 -4.769283 
0.430606 -0.511116 0.544998 0.248403 -17.406258 -11.671069 -4.677522 
0.100431 1.113888 -0.403439 0.634234 11.067742 9.411428 -6.156037 
0.189647 -0.969535 0.816859 -0.307020 2.264802 10.033389 -6.339373 
0.132254 -0.500849 -0.460131 0.554588 5.794927 -0.364804 -8.548635 
0.500139 -1.607067 -0.341179 -1.569704 -11.404261 3.304188 -1.880562 
0.175237 -0.901238 1.261010 -0.852144 -12.395783 0.983502 0.149909 
0.123696 -0.651175 -0.288654 0.232652 -3.244131 -8.714765 -12.876480 
0.195281 -0.658409 -0.322444 -1.391879 -1.200235 8.135784 -4.404205 
0.599939 -2.504126 -0.160775 -0.158017 -14.791674 5.355871 -8.902955 
0.192741 -0.619416 -0.096342 0.459521 -4.647411 9.517084 -8.765031 
0.200778 0.896543 -0.385652 0.079728 -7.839208 -12.481060 -0.977168 
0.177472 -0.358478 -0.852109 -1.360490 -4.563195 8.290505 -9.171269 
0.127855 0.355150 -1.354452 -0.018751 -1.130905 1.083608 -7.014098 
0.220526 -0.162819 -0.408828 0.765113 -3.433966 5.181401 -4.785445 
0.627642 0.247867 0.076169 0.163363 -8.406674 6.987405 -7.307494 
0.637465 -1.961523 1.003508 0.444935 -20.757801 11.510699 3.308619 
0.169117 0.197269 -0.605446 -0.443447 1.771060 10.062238 12.538885 
0.114784 -0.009501 -0.680540 -0.213401 3.557649 8.120222 -5.261682 
0.135557 0.174194 0.688405 -0.072847 -5.590827 -5.295367 -5.147640 
0.579415 -0.264321 0.217183 0.957307 14.959987 7.888135 3.902177 
0.624848 2.021461 1.737715 -0.606231 11.271356 9.049197 0.131947 
0.385484 -1.496960 0.467162 1.197485 -1.296565 -7.097025 6.793410 
3.082417 -0.219355 -0.068142 0.388391 6.500367 -0.078942 -12.919188 
0.310489 0.111857 -0.090479 1.626017 2.089654 9.209228 9.329406 
0.457154 0.012599 0.591180 -0.548792 -6.684931 -4.823793 -4.637142 
0.279294 -0.726354 -0.489982 -0.732159 -3.505827 -9.822232 -12.815417 
0.089763 -0.055176 -0.245904 -1.124191 -6.670038 5.601720 -4.561702 
1.249225 -1.091583 0.814676 0.706528 -1.096943 -4.286272 6.776367 
0.163561 0.808838 -0.864947 -0.243277 -2.656062 2.169998 -4.159532 
1.702665 -0.319673 0.651474 1.224965 2.958441 -1.287581 -2.992284 
0.087567 0.605610 1.614246 -0.260207 4.766384 0.971898 0.370058 
0.192231 -0.168698 -0.010355 0.095944 -17.552600 -6.318890 -5.086662 
0.122081 -0.704361 -0.494316 -0.648862 -18.267883 1.787576 4.288406 
0.088452 -0.172225 0.471355 0.505168 -6.171836 16.293356 -7.798698 
0.470758 -1.109074 -2.354909 0.703525 -2.591667 -3.967617 6.367414 
0.196106 -0.518206 0.434685 0.426339 -8.407473 -0.347263 -2.542535 
0.163499 1.988991 -3.020836 -1.034666 13.366747 -15.631982 2.345023 
0.080867 2.547420 2.148027 -2.816294 20.655322 15.696980 -10.952441 
0.223604 -1.597374 0.050280 0.513807 -8.944756 0.009187 -5.987713 
0.155926 -0.818506 -0.172093 0.157059 6.035828 -13.709901 -11.085798 
0.238387 -0.700309 -0.024340 -0.713148 -11.735064 -12.962352 3.128148 
0.106154 -0.585686 -0.226635 -0.405600 -7.896141 3.177482 11.356186 
0.169911 0.386635 -0.477511 0.258841 1.527267 -9.074078 15.796425 
0.113329 1.001664 0.881443 1.075538 -1.770677 0.544003 13.924068 
0.192419 1.565247 -2.613185 -0.811496 3.214845 -17.993794 -7.199140 
0.594225 0.138220 0.381213 0.643549 -0.135182 5.976050 16.640553 
0.085164 -1.021432 -0.136573 -0.095488 -4.761462 -1.204258 16.239817 
0.117057 -0.523792 1.075686 0.501627 -5.003718 3.270250 6.922868 
0.205043 -0.210178 0.901941 -0.390099 -10.157291 3.282720 0.606589 
0.234649 1.092820 -0.294232 0.347996 11.183394 8.031209 -5.205811 
0.487672 0.321205 0.981097 1.382988 0.102976 1.395208 6.423672 
0.223182 -0.895990 -0.803554 -0.019198 -13.683913 3.664256 3.438103 
2.476904 -0.397644 -0.473373 -1.095177 5.398322 9.323044 -5.691893 
0.441734 0.452024 0.534211 0.348432 -11.364718 2.638034 0.371382 
0.230397 -0.697229 -0.148718 -0.154847 -16.042398 5.491038 -14.099217 
0.689100 3.306149 1.881005 -2.326154 20.078010 6.656549 -8.821829 
0.815528 -2.503662 0.496824 0.960718 -8.698185 -2.969991 9.173715 
0.161492 -0.096110 -0.069687 -0.151196 -9.626502 -16.049039 0.943627 
0.542296 2.732457 -1.043356 -0.531837 6.817696 -6.979458 0.355680 
0.146522 -1.170342 -0.349649 0.211621 -11.752996 -8.487332 -14.577964 
0.256037 -1.215235 -0.571762 -0.756467 5.067890 -8.673248 1.992760 
0.887681 -0.635420 0.355946 1.199404 5.081691 12.718453 -6.736520 
0.101372 -0.272098 0.285810 -0.463996 -7.467940 -8.341624 -5.088979 
0.141931 -0.469812 0.246939 0.039402 -12.048755 -8.199951 -5.188255 
0.178446 -0.897948 0.851298 0.571744 6.844386 0.285715 -1.929600 
0.083374 0.083213 0.064402 0.397810 -10.102753 9.894172 19.963946 
0.376685 -0.114348 -0.047673 0.817352 0.922604 5.350899 -14.933966 
0.585808 -0.964985 -1.223092 0.814621 -11.304691 4.648713 4.738341 
0.102075 0.590983 1.309906 0.286759 2.828794 4.349107 -5.328076 
0.086694 2.101141 1.716635 0.039759 13.321438 7.602085 4.962758 
0.654455 -0.826755 -0.067980 -0.240887 -12.098716 -1.548458 -1.984755 
0.442796 -1.081879 0.144414 0.108979 -2.535460 1.700804 15.460571 
0.103990 -0.363617 0.490360 -0.171005 3.663758 -15.852596 10.721710 
0.137893 -1.243824 -0.164405 -0.173218 -4.160018 5.098599 -0.520702 
1.044939 0.720831 0.182984 -0.303218 -6.010182 -1.386456 4.373032 
1.025335 0.681474 -0.009584 -0.527659 4.142811 7.774625 0.283896 
0.472835 -1.804804 0.447674 0.966603 -9.747626 5.110896 -6.155502 
0.672168 -2.729539 1.111678 0.993281 -13.689560 0.401690 12.972244 
0.208490 -2.014226 -1.668863 -0.220032 -3.498347 -9.914572 -0.895491 
0.292610 -1.226256 2.180888 1.043150 -3.287143 6.501396 10.981271 
0.111344 -0.334246 -0.107882 1.595761 -1.439233 5.557952 2.067406 
0.466067 0.195109 0.719677 0.193147 -6.471193 8.988098 -12.551374 
0.112109 -0.597680 -0.587289 0.248494 4.159056 0.390860 6.275070 
1.021373 -0.938063 0.157846 -0.111029 3.727381 -1.888309 -6.537625 
0.247245 -2.564270 -0.834860 1.805318 -18.802253 -2.864148 10.548821 
2.937998 -2.958201 -1.068531 0.642319 -9.815259 -7.257166 9.364959 
0.112201 -0.454926 -0.610347 -0.327627 -14.005088 7.744911 0.375433 
0.941373 -0.128904 0.270137 -0.073862 -8.613248 -11.712580 -1.245928 
0.186332 1.140292 -0.099053 -1.103491 2.156895 3.537717 2.897303 
0.206312 -0.258105 0.626330 0.373239 8.560222 -2.560523 9.640906 
0.087521 -0.376195 -0.199372 -0.131397 -10.494673 -20.149476 -16.482401 
0.337060 -0.740212 -0.661202 -0.130224 -11.651611 6.238029 4.859185 
0.506829 0.855393 0.454599 1.268319 3.523688 5.791651 -2.527598 
2.506229 -0.373695 1.580452 -0.150133 -13.778251 -0.587832 5.559381 
0.109658 -0.164432 -0.161323 -0.766632 -13.872965 -4.895329 0.115877 
0.093631 -1.715277 0.446072 0.106813 -10.171343 1.390976 -4.639836 
0.994606 0.148332 0.079678 0.417536 -18.330227 3.603948 -11.502648 
0.184780 1.794650 2.637505 -0.041033 3.574777 8.622409 -1.807512 
0.113864 -0.115490 0.460298 0.959188 -2.080600 -0.929122 16.119542 
0.500571 2.895499 -0.534887 -1.711486 19.043144 4.462431 -8.000653 
0.375402 0.295132 -0.259023 -0.112250 -4.889161 3.831863 -14.942172 
0.121279 0.037724 0.043051 -0.917856 -12.730070 2.468087 -10.816415 
0.437171 0.632688 0.097282 -0.989018 -5.725262 -0.540394 -0.169784 
0.420529 -0.441011 0.849417 -0.092949 -11.676778 9.512055 3.596024 
0.140832 -0.355948 0.638306 0.490658 -9.025657 9.555893 -5.668130 
0.317286 -0.831658 0.293188 0.239413 -13.039453 -10.647764 10.284635 
0.092539 1.169653 -0.609303 -0.344669 -5.636876 -4.800114 8.132249 
4.198783 -0.146959 0.211488 0.000888 -3.231908 6.702842 11.926881 
0.435794 -1.489981 0.291101 0.220011 -15.313382 -1.687185 -3.936818 
0.299195 -0.561110 -0.536578 0.437298 -2.552902 6.543534 10.170365 
0.366428 -1.198182 0.063095 0.896287 2.247782 -5.276359 13.686295 
0.300202 -0.543917 0.106782 -0.156576 -4.494977 -8.220957 10.379320 
0.585186 -0.734253 0.572738 1.369861 -11.889012 9.034988 10.068200 
0.524509 -0.308056 0.024629 0.350718 11.844069 8.538817 4.818680 
0.292083 0.371603 1.913119 0.788322 1.292771 -1.039535 11.268489 
0.107699 -0.578482 1.660911 2.029437 -7.176530 1.779467 10.036868 
0.744916 -0.708530 2.606744 0.572413 0.295266 13.743575 -0.177671 
0.131940 -2.057571 2.139104 0.090459 -14.194257 5.431259 0.517589 
0.104491 -2.077842 -0.591324 1.735740 -14.705639 -0.714307 4.926016 
0.504475 -0.369890 -0.341564 0.222622 5.127848 -6.507039 -4.607001 
0.159200 -0.243292 0.490804 -0.313985 4.696763 2.676625 5.529861 
0.144224 0.645938 3.247501 -0.502936 -1.893334 14.690469 4.318513 
0.221063 -1.099480 0.115468 -0.302535 -12.793382 -6.556411 12.668917 
0.339783 -0.446603 -0.181795 0.687668 -0.507226 11.048910 9.816359 
2.985742 1.526180 0.523909 -0.116319 2.584028 15.086370 -3.857750 
0.098040 0.632216 0.461815 -0.850160 7.163563 5.376995 -1.002852 
0.364111 -0.909011 0.285856 -0.467071 2.566505 6.676219 -0.410079 
0.144886 0.410930 0.326285 -0.278750 -2.646942 -27.627315 7.272153 
0.360597 -0.319841 0.532590 -0.192345 1.158123 -8.670227 8.846632 
0.254317 -1.361368 -0.052190 -1.068660 -0.810774 -7.282960 5.120494 
0.555913 0.059077 0.694899 -0.197125 -8.426750 7.387309 -1.348064 
0.416651 -2.775114 -0.335745 -0.486607 -9.669976 -5.654986 -5.674888 
0.151008 -0.186492 1.705196 1.650160 0.680807 1.384733 0.082020 
0.577563 -0.230583 0.080544 -0.183028 -3.308547 -12.423236 15.135447 
0.141965 1.806011 0.482114 3.579861 5.476613 -0.366051 21.025005 
0.120024 -1.170697 0.550246 0.391034 -10.307291 6.597312 -6.983271 
0.182852 1.703544 -0.703061 0.031971 10.188257 3.849628 -2.325181 
0.189724 -0.146202 0.427488 -1.291704 -7.053225 4.364436 -2.421434 
0.150160 0.118901 -1.446516 2.127033 -3.691089 -7.929808 11.869936 
1.373741 -4.143309 -0.477564 1.867648 -19.693197 2.215002 8.544170 
0.283453 0.218245 0.055451 0.360968 -2.132119 6.700727 -14.515394 
0.170281 -0.070661 0.834316 0.891089 12.482002 11.153414 1.054880 
1.505698 -0.182986 -0.558985 -0.204302 -1.798128 -16.514388 -4.193271 
0.360047 -0.932642 0.056744 -0.322677 8.589910 -6.566740 4.264176 
0.588861 -0.945710 0.799960 0.507924 -3.202332 18.289545 6.994261 
0.381565 -1.151581 0.496445 0.514498 -1.911675 15.247604 0.878610 
0.166121 -0.111970 -0.332072 0.421402 0.556862 0.499502 9.847939 
1.652096 -0.902437 0.854258 -0.109657 -10.337159 7.150131 -4.502734 
0.215498 2.999155 -2.151668 0.780060 15.835353 -5.566945 0.701706 
0.524663 -0.472886 -0.293829 0.086030 5.368011 -10.482478 -16.506215 
0.489037 -1.260444 0.850420 -0.003323 -4.645599 -1.646977 5.935111 
0.247044 -0.826535 0.034336 -0.280689 -1.030796 -3.672006 -14.015239 
0.408569 0.527558 0.350587 -0.544489 8.334907 -4.331410 -8.136973 
0.429966 -0.250154 -0.841793 0.765702 7.693424 -10.522859 2.596670 
0.205030 1.423602 -1.273181 -0.045527 -0.286506 -5.850637 -3.488968 
0.104504 -0.330506 0.229033 -0.108703 -17.495613 -2.126564 17.041933 
1.704172 0.283239 -0.471812 -1.610924 -4.283638 6.456643 -1.131748 
0.208973 0.669160 0.718799 -0.941891 -1.635904 -6.975366 3.152115 
4.631110 -1.359416 1.170022 1.381736 -0.583699 -3.927601 7.967199 
0.135103 -0.328480 -0.530182 0.081033 6.582315 0.044076 3.888329 
0.169606 0.404809 1.275969 -0.068894 -4.733808 3.496811 -10.582917 
0.567692 -1.646587 -0.767955 -0.548239 -5.562493 -9.633728 4.982211 
0.214292 -0.514172 0.240488 2.076661 -8.632589 6.090727 7.984481 
0.450345 -0.096167 0.793854 1.000000 -0.068404 6.150652 18.057299 
0.407103 -0.624463 -0.271457 0.480041 -2.269915 -7.638447 -5.889301 
0.846636 -0.557934 -0.244558 0.500051 0.504701 -0.525498 9.371699 
0.123163 1.116565 -1.208294 -2.426872 2.571983 -7.455811 -6.833227 
0.120648 -0.579728 0.058299 -0.571496 -4.896171 -11.576213 11.095991 
0.387333 -0.958560 0.632676 0.772832 -12.110309 -10.101524 6.100100 
1.095352 -0.834308 0.138814 0.676591 -10.824214 -7.274457 -7.030999 
0.212730 0.178911 -0.181487 0.044690 -7.815968 3.874080 12.332167 
1.575080 -0.275234 0.887310 1.314847 1.876903 -5.208350 5.884866 
0.102042 0.148170 0.122620 0.954949 -9.652264 -9.213384 2.523569 
0.606266 -0.101563 0.712677 0.094639 3.355820 -4.608080 -7.258678 
0.250734 -0.956381 0.342811 0.109939 -13.657942 7.408359 3.185054 
0.184902 -0.578125 1.242317 0.195300 1.077524 15.354634 0.572982 
0.348863 -0.473949 1.570702 -0.167896 12.128654 6.379855 -4.398216 
0.127948 0.058333 -1.039058 0.975639 -10.537380 -3.392015 0.171776 
0.127545 1.104275 0.753870 2.801172 -0.447345 10.179821 13.637998 
0.089378 0.985860 0.480435 0.652234 -1.113147 -8.958375 -4.411639 
0.220514 0.699873 0.046497 -0.064712 3.459622 -9.146806 -12.211002 
0.195396 -0.251703 -0.792701 -0.557907 -17.999569 1.067132 -6.441271 
4.245083 -1.061770 -0.164696 0.031749 5.125177 12.909272 -7.434963 
0.095817 -0.101031 0.144403 -0.696215 7.967404 -4.018432 2.530513 
0.569763 -1.357047 0.070696 0.322285 -5.014973 -6.755756 0.550254 
1.098164 -0.787193 0.880195 -0.177486 -8.306491 7.074467 -0.346851 
0.538990 0.127672 0.753086 0.488943 -5.566678 1.577664 3.440702 
1.288776 -0.890205 0.179122 0.063451 10.066153 -1.417490 -2.698379 
0.193816 -0.453066 -0.102708 -0.641741 -12.566910 -13.146251 -5.064606 
0.378483 -0.641499 0.785174 0.362096 -16.762550 -12.018242 4.710235 
0.130333 0.273835 0.485389 0.292219 10.650052 -9.512471 -3.068218 
0.235233 -0.280938 -0.959845 -0.396925 -4.907565 -7.238746 6.399596 
0.474050 -0.779171 0.111290 -0.174001 -8.488014 -5.245901 12.155329 
0.170650 -0.425811 -0.608779 0.349237 -11.990461 4.822786 -2.029748 
0.551803 -0.605701 -0.396638 0.369946 15.869391 3.895031 -1.498678 
0.131497 0.173925 0.141560 -0.290908 -4.850422 -12.607531 -6.786937 
0.367063 -1.097581 -0.409851 0.030954 6.163502 -8.508071 10.356814 
0.237052 -0.179083 -0.141331 -0.060973 -9.864964 8.967367 12.878580 
0.979329 0.542698 -0.011307 -0.270804 -0.580678 3.504620 -14.896946 
0.113309 0.660356 1.107443 0.003478 -4.132216 10.137705 -0.106025 
0.202812 1.716843 0.656506 -0.816032 11.288380 2.018118 7.296131 
0.145792 0.141847 1.273031 -0.002252 -3.024095 1.634616 2.145622 
0.206856 -0.411272 -3.530838 -1.914604 -7.906557 -20.122716 -10.671401 
0.534870 -0.033604 0.864331 -0.041000 3.757998 4.611259 3.312076 
0.091732 -0.245528 -0.086216 -0.191604 7.584199 1.969885 6.884252 
0.094435 -0.521015 0.735729 0.648314 -6.335556 10.839929 -12.358524 
0.106821 -0.438904 0.397398 -0.050939 -5.744846 2.091999 9.189374 
0.443043 0.791138 0.558242 -0.162239 -0.728056 1.781259 10.433618 
0.087582 -0.856384 0.126281 -0.081205 -2.618422 10.296550 15.359123 
0.159466 -0.071919 -0.278639 -0.443502 5.003603 2.442751 -1.964718 
0.829727 -0.584739 0.464649 -0.436661 -10.251908 5.008597 10.856066 
0.093662 -0.356309 0.154712 1.246041 5.376208 -10.463832 -1.646894 
1.055006 -0.883175 0.347728 0.236015 4.864255 -9.354267 18.284709 
0.290595 0.219864 0.617324 1.411227 -5.790454 13.658844 6.254318 
0.226020 1.054300 -2.452532 4.261694 10.926056 -12.266261 21.174000 
0.258652 -0.175756 0.050494 -0.073686 -0.787698 -10.963521 -2.055161 
0.504080 -0.334562 -0.045606 0.780421 -15.276188 8.159717 5.966062 
0.133644 -0.981778 -0.781258 -2.902683 -9.999665 -11.354984 -13.636918 
0.102367 -0.713363 0.483326 -0.141178 1.932941 10.735340 -3.794195 
0.102733 0.563744 0.080862 0.994542 -4.901087 -7.398374 6.927540 
0.406103 -0.446829 -0.118195 -0.774477 -4.849087 3.876364 -3.424253 
0.170184 -0.516426 -0.143000 -1.174279 4.572554 11.358391 1.141708 
0.080956 0.867025 2.482982 -0.902468 0.049625 15.168140 -7.017322 
0.171393 -1.067343 1.507396 -0.121739 -3.265155 -1.492246 -7.312004 
0.103884 0.122918 0.266369 -0.101735 12.312159 -1.190720 -8.935454 
0.287723 -0.101242 0.156357 -0.365305 -15.304723 5.616435 -9.051654 
0.707610 -0.493743 0.255927 1.466660 -2.977471 5.464752 -3.382035 
0.161798 -1.014418 -0.445399 0.530921 -8.287720 -0.095881 -2.626101 
0.495528 -1.793910 2.552465 0.686415 -5.925156 5.314207 0.653884 
0.081729 0.439751 0.765717 1.348483 -10.649992 3.319086 9.586584 
0.498673 0.138760 0.416588 -0.670613 -6.652141 14.071717 -10.176709 
0.189760 0.174849 -0.224278 0.767744 10.852537 -3.596591 -1.335613 
0.174582 1.165429 0.383570 1.008923 -5.676039 -2.073190 6.475039 
1.913197 -0.976292 1.417891 0.250002 -10.313721 2.746009 1.684642 
0.156957 -0.682638 1.106001 -0.603187 -0.785175 1.111765 -3.032946 
0.318637 0.181671 -0.118266 -0.209513 -13.749917 -14.772811 -4.613546 
0.384886 0.247949 0.740280 -0.169802 13.600398 8.942055 -8.492995 
0.094543 -0.980893 1.084448 -2.209660 3.742842 9.498808 -8.041405 
0.093801 0.181029 -0.602260 -0.654921 -12.572552 3.441576 -12.664007 
0.259589 0.341532 0.799034 1.061944 -0.718326 -0.182854 2.929329 
0.331382 -0.425397 0.008020 -0.140623 0.843406 -6.744061 -10.248484 
0.597086 -0.201180 1.404117 0.167288 6.570140 2.730151 3.684939 
0.244466 -0.579270 0.375419 -0.425188 2.636248 1.703976 -11.558731 
0.409757 -0.737625 0.524445 1.545618 -9.293535 15.085387 0.961192 
0.703460 0.145897 0.550563 0.895328 11.946704 -7.773069 0.012349 
0.129081 -0.326184 0.412909 0.661861 -16.014015 -1.139968 -0.960781 
0.592856 0.691440 1.122308 0.505933 -4.912250 14.265864 -2.724175 
0.598064 -0.756923 0.088416 1.564371 -10.658774 -3.164869 5.178088 
0.315326 -1.540044 0.948815 0.921047 -11.418816 1.626525 1.364136 
0.830552 -0.968779 0.376692 -0.237239 -9.689483 1.428522 7.856449 
0.107798 -0.652158 0.644052 0.765640 0.600698 -3.278322 -7.246067 
1.282747 0.515873 -0.787738 -0.992741 7.755117 4.989171 -6.898227 
0.179704 -0.730080 0.468472 0.976559 -8.779309 14.660647 3.278710 
0.226650 -0.180838 -0.791365 0.318787 -13.677382 2.541546 -5.187866 
0.213577 0.332042 1.572279 -0.028097 2.360623 7.330944 -4.483626 
0.360054 -0.810764 -0.331153 0.035463 5.030363 -2.077141 7.359064 
0.590465 0.649541 0.403493 0.311110 -3.364215 5.429172 1.372722 
0.323997 -0.456126 2.825786 -1.649091 -3.360546 18.612097 -1.818789 
0.080856 0.905745 -0.603004 1.060667 7.343577 8.606399 -3.381048 
0.143920 0.106192 1.445076 0.169364 -3.264571 -7.305966 3.541123 
0.128165 0.703465 0.679146 0.607709 -10.548010 5.983905 3.573920 
0.371144 -0.018077 -0.134877 -0.390221 -1.170391 -19.493510 6.177713 
0.145470 -0.295963 0.588682 -1.223169 11.642847 -4.502401 -0.558208 
0.092657 -0.271238 0.508975 0.182493 4.742945 -9.199275 4.982921 
0.587126 2.226081 -1.179349 -1.930314 16.226148 -10.280854 -3.865352 
0.235289 -0.973836 -0.093861 -0.253755 -6.909521 -7.446416 -13.766209 
0.569180 -0.719010 -0.077900 -0.227363 -11.457058 18.372905 3.110063 
0.093590 -1.410691 0.636843 0.894614 -11.952275 3.041183 -10.327694 
0.249342 -0.459761 0.089158 0.417560 -17.620204 11.119236 4.494616 
0.543855 2.112739 -0.632646 0.115432 8.466138 -6.281499 6.003226 
0.236315 2.320635 3.220082 -2.148301 14.575621 24.381550 -7.294780 
0.136931 0.344155 -0.903872 0.298247 1.243037 -14.850558 11.378343 
0.109437 -0.977286 -0.376323 -0.479049 -3.880867 11.575049 -9.404412 
0.915698 0.169363 -0.270378 -0.677839 -12.399545 -7.340802 -5.386910 
0.125769 -0.013888 -0.247753 -0.010347 -2.094015 10.942438 12.551828 
0.182221 -0.666656 -0.697905 0.008499 -15.026867 7.206445 -2.667886 
0.624303 -0.719443 0.102559 0.262851 9.572870 10.363788 8.086213 
0.123119 -1.160726 0.490201 0.477701 1.866385 1.227937 0.761548 
0.093277 0.024616 -0.529351 0.536591 -7.730448 -6.822033 2.742901 
0.126609 -0.204979 -0.255788 1.087782 9.848047 11.932057 0.491788 
0.342755 -1.034903 1.807601 0.208305 -10.493336 8.355412 -0.773090 
0.887808 1.187693 -1.460323 0.341829 0.813459 2.026392 1.733975 
0.718573 -0.214175 -0.469401 -0.560613 12.338104 2.631558 9.813583 
0.789225 -0.989916 1.240383 -0.775062 -2.077867 1.422113 -8.484306 
0.126531 -0.306227 0.476595 0.676439 -17.753134 0.545172 -3.932946 
0.685572 -0.102949 0.485320 -0.335751 -9.688585 0.003402 -3.528788 
0.342997 0.111170 -0.071654 -0.259533 -21.622478 8.329081 1.891649 
1.141486 -0.347982 0.563198 0.010889 -19.204965 -5.585470 -13.336638 
0.181571 -0.033326 0.263282 1.518971 2.817806 -2.009092 6.795795 
0.271737 -0.435113 -0.017111 0.637630 0.955277 -0.999132 -6.533515 
2.465276 -1.007343 -0.678153 -0.239667 -3.068809 -7.837941 -6.388639 
0.132761 0.475728 0.356653 0.289958 7.797588 4.295727 17.294212 
0.088416 -0.951180 0.032234 0.532986 -21.814840 5.107619 1.446906 
0.089291 -0.168665 -0.399556 0.962027 -1.063148 -10.211232 9.478116 
0.263350 -0.735369 -0.030497 -0.514465 -8.221851 2.211269 0.878918 
0.423754 0.615574 0.836244 1.257991 -2.466484 16.924500 3.855261 
0.178200 -2.485981 -0.481300 -0.019788 -4.349126 3.813990 0.798394 
0.269147 -0.245845 0.236144 -0.462034 9.923003 22.262810 2.135553 
1.218772 0.194546 -0.300981 0.323804 16.453609 3.633916 -3.265460 
0.195759 0.242481 -1.613199 1.029792 -4.990976 -6.546415 -2.598639 
0.310560 0.597914 0.344196 0.582436 1.799631 -3.034896 -6.078936 
0.132928 -0.381975 0.182301 -0.246298 2.422574 -10.431689 13.176310 
0.130606 -0.106210 -0.206242 -0.433264 -1.224696 -13.458710 -9.939231 
0.180981 0.960797 3.006796 2.520013 3.016002 19.193740 15.795120 
8.040799 -0.293384 -0.025471 0.381303 -5.588857 5.872314 6.368251 
0.080873 -1.215156 0.316029 -0.104865 -13.148101 -8.541940 -10.257758 
0.337684 0.479698 0.229272 2.074105 3.963399 -6.053323 3.067557 
0.727006 -1.688417 0.791737 1.014311 -2.530463 -3.645434 7.439740 
0.130102 -0.302072 -0.979196 0.211838 -0.165730 -10.954551 -9.130771 
0.107057 -0.366052 0.178743 1.546495 -0.011754 15.512045 7.730792 
1.352041 -0.093679 0.151350 -0.583524 3.619725 -5.979838 5.113912 
0.108970 -0.331367 0.364054 -0.557279 13.383414 3.688468 -6.118209 
0.148499 1.744720 0.565900 -1.406105 2.096356 -3.048043 -3.323647 
0.263983 0.100355 -0.056096 -0.156297 -11.228787 14.700142 1.296073 
0.240265 -0.100815 1.357416 0.443331 4.278779 3.050704 4.010307 
0.217954 -0.192838 -1.216990 -0.284487 -6.146697 -4.532266 -4.422893 
0.444167 -0.151546 -0.039830 -0.341918 2.678342 -16.126975 5.926548 
2.752555 -0.153711 1.081348 -1.566344 -3.867709 6.104325 -0.758220 
0.266546 0.581231 -0.118767 -0.634856 -4.359653 -2.185599 8.310649 
0.104305 -0.667539 0.517501 0.621537 15.702050 -3.368043 2.487647 
0.144490 0.975327 1.377621 -1.328988 -3.068715 6.221647 -10.858283 
0.094619 -0.462065 0.342196 -0.604388 -4.158721 11.116976 -1.574471 
0.144851 0.680425 0.272997 1.206782 9.742943 -5.378151 -2.099745 
0.132290 -1.032474 0.855960 1.474451 -9.397732 13.054036 -1.492389 
0.524424 -0.517230 0.135191 0.619366 -7.874463 5.096841 5.665559 
2.804970 2.295397 0.552195 0.526478 9.515339 1.451665 5.025309 
0.151725 -1.163084 -0.060978 -0.360004 -9.236636 -6.735412 -9.899559 
0.691052 -0.401790 -0.704598 0.097233 9.846228 1.562844 7.778146 
0.123125 -2.631481 -1.325365 -1.184400 -11.244101 -0.939989 -4.129176 
0.095501 0.089756 0.568513 0.226257 -7.226427 1.802828 -3.245856 
0.082472 -0.025117 -0.062338 0.744235 -0.235547 6.924716 -10.122099 
0.088000 0.695345 0.113306 0.786233 6.486633 1.753871 -4.825761 
0.106567 -0.885547 0.336303 0.209060 2.547783 2.081944 -2.716967 
0.083960 -1.026073 -0.635928 1.621666 -8.433488 0.944608 6.568460 
0.444394 0.031908 0.931938 0.893683 -0.189452 0.718192 3.546029 
2.968598 -0.404575 -0.288520 0.102003 -3.996240 -4.109590 -3.696660 
0.118415 -0.051328 -0.020329 -0.381817 17.219272 -2.156229 4.759968 
0.123056 -0.363918 0.597421 1.056714 1.724554 13.749366 -0.447258 
0.111967 0.044494 0.516727 -0.040830 12.795898 -8.735837 -1.169096 
0.095336 -0.197231 -0.105507 -0.151356 -4.824584 -4.980264 -0.729693 
0.085245 -0.324462 0.196909 -0.196927 13.690301 -1.157623 -1.659641 
0.219520 -1.302140 -0.169809 -0.194891 4.974263 6.401507 -9.172366 
0.269315 -0.724408 -1.233077 1.461153 -1.129734 3.554211 1.789240 
0.084729 0.287866 0.080871 0.773982 0.819416 2.597026 -2.583671 
0.193296 0.352925 0.533703 1.027146 -1.770646 18.864789 -0.725525 
3.042533 -0.238285 -0.903533 0.069106 1.518657 3.144893 14.044664 
1.417540 1.782991 1.812723 -0.133806 4.703737 2.820101 4.316027 
0.348250 0.439704 -0.083848 0.657085 6.937641 -0.261586 1.554386 
0.189420 0.833165 0.546270 0.667353 6.582365 7.200196 -3.285209 
0.222484 -0.261867 0.433652 -0.369839 -12.183589 8.896841 -7.056915 
0.319069 0.301694 0.312440 0.202366 1.475309 -4.553966 18.956920 
0.092091 0.257720 -0.071880 -0.020280 4.775353 7.969595 -16.444741 
0.486369 0.640547 -0.948989 -0.003376 -5.805036 -3.860617 3.527314 
0.293964 0.100375 0.942277 -0.296786 -5.801746 -0.434162 -1.320230 
0.150389 -0.584541 0.887728 0.335730 5.063329 4.200227 2.774391 
0.098254 -1.023822 -0.065712 0.862872 -5.298484 -3.619130 9.702951 
0.129777 -0.137935 0.390758 0.106918 -6.843965 3.634038 -13.867867 
0.089968 0.173897 0.870453 -0.621519 -12.204995 -3.154245 -10.499185 
0.178187 0.248981 0.101201 -0.150842 -11.147128 2.582145 5.871061 
0.446547 0.011496 1.397055 0.173121 4.743304 5.705604 -0.080424 
2.596189 -2.466907 -2.034425 -0.462728 -12.591401 -8.341257 3.527606 
0.941679 -0.131410 0.410945 1.108822 -5.947264 -1.119437 15.048533 
0.357477 -0.632161 -0.822111 0.077721 0.036732 -10.988075 -6.292394 
0.233141 -1.452991 -0.196334 -0.451888 -4.631951 -5.966869 -8.137694 
0.109886 0.205659 -0.250102 0.473092 7.023535 -3.894120 12.205830 
0.103385 0.546346 0.153383 1.106468 1.651201 -8.819069 6.086252 
0.307529 -1.327259 -1.467845 -1.993050 -2.504692 -8.792245 -2.291604 
0.224214 -0.645705 -0.022800 -2.686593 3.091282 -7.211720 -12.825118 
0.688471 -0.441032 0.581926 -0.191981 -15.737040 10.457912 4.279399 
0.121886 0.667814 -0.660755 0.737051 0.087821 3.928668 11.365978 
2.036878 2.095697 -1.575022 -0.645366 3.317125 -4.633674 -5.921368 
0.108772 -0.055019 0.826565 -0.066499 0.649027 -7.296948 -12.469612 
0.087214 -1.081052 -2.075553 -1.021168 0.282199 -7.823861 2.260278 
1.095005 -0.454823 -0.432204 -0.435581 -11.889493 -7.095311 5.469704 
0.462444 0.111851 -0.128687 -1.174628 -3.660465 2.023601 -8.318785 
1.195467 -0.369810 1.168716 -0.050973 -4.748831 12.470796 -6.790974 
0.124532 0.677390 0.688233 -0.212747 5.716872 9.345331 -8.057485 
0.239527 -0.879344 -0.132012 0.934360 -8.987539 5.259031 4.392153 
0.513647 0.100535 -0.567078 0.248662 -6.629771 -5.572617 -14.117922 
2.322161 0.593392 0.144641 -0.856918 5.881712 7.256514 9.622321 
1.749945 0.092359 -1.075064 0.213137 0.224156 -11.229670 0.302371 
6.427225 -0.211461 0.903852 -0.214217 6.348762 2.849828 -2.701260 
0.187473 -0.575727 0.144622 0.737797 -1.383214 9.254793 3.856325 
0.080411 -1.260105 1.506133 1.077670 -1.365176 2.462392 0.394470 
0.084886 -1.860312 -0.526048 0.377502 -6.573946 -2.784210 -1.858637 
0.210734 -0.201376 -0.764016 -0.482116 -1.281384 -6.301339 2.472225 
1.039799 0.385874 0.480747 1.518462 -5.465688 4.121414 9.115243 
0.589256 0.304873 0.177384 0.425252 -9.181548 3.852907 -3.568562 
0.193774 -1.207843 0.021910 0.797124 -5.733053 -15.405061 8.524940 
0.204408 0.609527 -0.006413 0.335947 -0.297579 -1.154288 8.955938 
0.203976 -1.462049 0.090052 -0.499520 0.040942 -4.422705 -10.636156 
0.100379 -0.148575 0.179265 -0.156370 -2.071778 -3.521626 -6.541617 
0.224716 -0.232071 0.418141 1.569869 -8.422552 10.835525 -1.181932 
0.736908 -1.823790 1.831276 0.206144 -17.997979 7.452776 -1.441234 
0.183623 0.911452 0.272849 -0.548058 -4.065506 -3.198776 9.300965 
5.763363 -0.373329 -0.239752 0.101697 4.672705 20.011420 9.389392 
0.155563 0.408509 0.575174 0.415278 -2.527964 4.467010 -2.989635 
0.205052 -1.443291 0.082124 0.903723 -5.495352 -11.225470 5.248896 
0.256881 -0.592207 -0.743121 0.939682 -0.960632 5.875326 12.034904 
0.383592 -0.085103 -0.596302 -0.835641 -5.859766 8.005290 -13.673334 
0.115189 -1.355858 1.654837 0.723951 -4.933688 3.373140 16.254181 
0.144188 -0.980023 0.077871 -0.632664 0.162919 -2.155485 -12.369113 
0.208231 -0.997643 0.442309 1.212935 -2.582619 -4.572971 0.955955 
0.523071 0.058587 0.183592 0.620837 9.542153 7.781981 4.308326 
0.460238 0.715096 0.040467 1.427671 8.889092 2.234012 -6.600472 
0.500482 -0.807916 0.351394 0.505198 -11.310342 -8.241547 13.510125 
0.190881 1.608296 0.439307 1.788297 13.768883 -2.730887 3.927790 
0.095002 -0.657931 -0.546458 0.120004 2.432701 7.523252 1.159999 
0.282526 -0.946440 -0.020730 0.577541 -18.792782 4.342262 -3.962839 
7.200905 -1.269769 0.494914 0.683142 -6.673488 2.294169 -10.450023 
0.639887 -0.741280 -0.294840 -0.691233 9.231649 -9.809249 -3.696467 
0.088337 -0.304334 -0.040794 0.368821 -1.705017 5.422909 19.773868 
3.427020 0.233438 0.059378 0.319227 -6.751656 3.555384 -12.857899 
0.286232 -0.500775 0.657523 0.502923 0.882185 10.981616 -4.215899 
0.111446 -1.018728 0.690568 0.779391 -6.812837 -2.164263 -7.663001 
0.194955 -1.245986 0.078032 0.175449 -8.006513 -7.355335 -4.203700 
0.190041 -0.559588 0.334402 -0.148817 12.578558 -1.325635 2.741247 
0.170109 -0.683123 -0.461606 0.070837 6.331216 -19.802618 -16.079605 
0.162386 -0.689642 0.783139 -0.040332 -0.216308 6.983590 3.396078 
1.166044 1.241382 0.877269 2.464219 2.620218 12.683686 11.996332 
0.584740 0.954143 -0.035073 0.336101 -11.310386 -3.032626 -3.212499 
0.396613 -0.790881 -1.030855 -1.087737 -7.750923 8.208184 -2.177577 
2.418064 -0.282156 0.340531 0.135179 7.860643 -4.772865 5.033995 
1.010429 0.821432 -0.215714 0.222398 4.411331 -3.874405 -1.010058 
2.532142 -0.410669 -0.322421 0.080003 27.611793 -2.625342 2.928763 
0.107929 0.083165 -0.141824 0.240438 -11.764777 -15.963985 -11.204054 
0.167175 -0.029421 0.050159 0.253904 7.941509 3.113755 22.447094 
0.254952 1.634665 -0.420353 -1.048271 1.433476 6.530564 -5.897004 
0.429694 0.702143 0.959671 0.505272 -0.144915 7.286970 -7.722688 
0.496826 0.201944 0.261009 0.746069 -6.659504 4.268550 0.855223 
0.121547 0.540946 -2.876153 0.141000 -1.588312 -17.962338 -2.796194 
0.215928 -0.175624 1.718066 -0.375784 -0.817504 6.984986 -4.861166 
0.270339 -0.405175 -0.763833 0.088347 12.092925 -9.937024 6.167941 
0.080083 0.509098 -0.119663 0.380811 3.743003 -8.214535 -8.836032 
0.272801 -0.119941 0.491017 0.314710 -19.362172 8.042587 -1.255935 
0.248941 0.611622 0.094112 -0.200078 3.848986 13.834678 -15.527576 
0.198171 -0.279161 0.296519 -0.137621 3.115513 12.988166 8.869460 
0.125940 -0.644769 1.550754 -0.049015 -7.591226 5.479355 -3.427646 
0.397489 0.115060 0.184237 0.186273 -8.563242 11.241507 -10.980261 
0.109822 2.118232 -0.034183 -0.664024 8.928682 -3.141583 -8.304169 
1.950578 0.286339 -0.580491 0.638798 5.329101 -2.379669 0.621280 
0.085723 -0.040755 0.621077 0.887734 1.254093 0.162655 0.189341 
0.261677 -0.284712 0.509518 0.499689 -7.548291 -6.205332 -3.652857 
0.410668 0.086200 0.250415 0.760570 2.328181 -14.917244 -6.258020 
0.278253 0.578824 0.206221 0.859044 -2.085144 6.722268 -2.687090 
0.362834 -0.550723 0.873228 -0.453492 6.589133 -0.308580 -6.610752 
0.191416 4.566444 0.997953 -0.465367 25.817648 11.532673 -4.139155 
0.204516 0.983692 -0.306739 -0.482253 -1.702557 4.802392 8.599924 
0.119244 -0.459285 -0.440946 0.293557 -7.557961 -15.333924 -14.062676 
0.394798 0.038598 -0.159730 0.893834 -3.513766 2.716766 13.639885 
0.108074 -0.729468 1.434532 -0.739125 -7.762060 8.414724 1.325491 
1.687457 2.145995 3.180125 0.512931 11.226154 12.067770 6.444642 
0.142585 -0.035639 1.022504 0.356353 -0.724028 13.396001 8.858623 
0.999592 -0.606118 0.234233 0.351575 5.554992 -9.691191 6.384381 
0.835224 1.253509 0.859751 0.071458 -5.160294 12.533249 2.882840 
0.133760 -1.212076 -0.515020 0.637548 2.465903 8.742533 6.216065 
2.914902 1.192630 -0.602465 0.155496 0.987324 -0.282462 1.095487 
0.289537 -1.058555 -0.306456 -0.130035 2.986362 10.898909 -0.457005 
0.111589 -0.359536 -0.013991 -0.284221 -14.339247 -1.905809 -0.726380 
0.666435 0.058771 0.958103 0.496042 -2.708737 -3.909286 0.385710 
0.118124 0.204818 0.614101 0.185170 -0.187244 10.897918 -9.091898 
0.082017 -0.617576 0.680182 -0.329472 -14.109732 -6.086821 0.342169 
0.384643 0.511121 0.398712 -0.171866 1.782754 13.809610 -0.999965 
0.170390 -1.232211 0.545167 0.818497 -4.586569 10.792501 -3.945347 
0.164634 0.016616 -0.271064 0.570438 2.747297 -0.199014 -6.722227 
0.710018 -0.701651 1.348319 0.736072 3.479281 -1.586990 -0.294745 
0.490174 -0.400100 0.604381 -0.686300 0.033728 9.277327 3.299312 
0.209872 -0.570460 1.102802 0.652056 -2.518144 10.127343 -10.920856 
0.191407 -1.694772 -0.881486 -1.876693 -0.616706 1.229056 -9.391993 
0.086220 1.124375 -0.221049 0.932029 -1.611679 -2.014613 7.138377 
0.253249 -1.031682 0.968291 0.072509 -11.803431 1.918795 -3.880692 
0.443660 -0.637266 0.175575 0.310147 -11.076359 -7.487740 -1.763666 
1.478874 -0.531467 0.645685 0.225209 -14.775860 -13.624354 -5.800978 
0.997008 -1.509648 -0.041574 0.347553 -11.153684 5.412274 1.828152 
0.119733 -0.206415 0.212957 -1.018311 7.118347 -6.928845 7.910909 
0.155712 -0.025948 0.461411 -0.178627 16.634491 5.161185 -16.296771 
0.248140 1.603205 0.430277 0.212607 2.972895 4.246347 1.811523 
0.211986 -1.145079 -1.512198 2.405655 -6.555957 -8.177215 4.251600 
3.164370 -0.264194 0.207018 0.829364 -8.416022 -8.136070 6.172312 
7.811175 -0.444904 -0.595406 0.012488 -11.236765 -3.267138 -3.318783 
0.119711 0.483981 0.004217 0.397070 3.832139 -4.287999 -12.475832 
0.081905 -0.607881 1.822778 0.507607 -6.450986 -2.763057 3.313439 
0.128974 -0.890051 -0.655051 0.037774 1.648345 0.342738 -11.430731 
0.098410 -0.455518 0.536470 0.166038 12.062525 -2.042564 15.927124 
0.208666 0.186352 0.406831 1.480082 11.492578 2.792432 6.481326 
0.338702 0.479133 -0.939688 1.307309 8.324859 1.936998 8.933441 
0.270406 0.437996 -0.120516 -0.404739 9.006784 10.848755 10.812579 
0.261780 -0.160240 -0.103478 0.855579 -5.659843 -5.164265 7.353685 
0.198271 -0.382623 0.622181 -0.586520 -10.135350 1.113411 -0.241540 
0.547947 0.980531 0.515283 0.635969 4.258438 7.531094 1.477929 
0.084496 -0.628951 0.058374 0.804298 -1.210523 -19.087232 0.342419 
0.547853 -0.390399 -0.219005 -0.018463 -20.240643 12.623175 -0.508333 
0.124445 -1.066432 0.731620 0.041630 -12.858170 3.217632 -10.463906 
0.573077 -0.000347 -0.321176 0.430372 -6.557075 -11.537479 7.997065 
0.415176 0.196802 -0.601570 0.170451 -5.732923 5.363417 8.182012 
0.878922 -0.551927 -0.699376 -0.235571 -4.814191 -7.347412 17.774251 
0.094683 -0.399813 0.426993 -1.326332 0.966740 -8.737245 5.255790 
3.025229 -0.311437 1.834856 -0.379016 8.702140 1.024081 -3.091356 
0.102725 -0.649367 -0.677061 0.703290 4.082933 0.711821 10.106518 
1.385436 -2.157287 1.002099 0.755615 -2.901669 11.248781 4.635304 
0.188343 0.946092 -0.216404 0.862067 -2.879217 3.993737 5.719261 
0.308804 0.365414 -0.370282 -0.613211 -2.686448 -9.790931 -0.192458 
0.266901 1.872410 0.739995 0.432133 10.557504 -4.992177 1.549468 
0.352073 -0.541412 -0.246139 -0.204507 -8.825252 3.479944 22.457946 
0.588656 1.283757 -0.882887 -1.473538 8.205745 -1.092623 -1.640505 
0.105091 -0.345016 0.580768 -0.184165 -0.149736 -0.914301 -4.259986 
0.147682 1.041594 -0.496790 0.283672 -0.529102 -5.706077 14.718222 
0.179358 -1.065666 0.802273 0.321583 -5.454051 2.023705 6.853865 
0.522896 0.025088 -0.808256 -0.314463 -10.810618 3.577897 -0.922432 
0.141510 0.701161 -0.379537 -0.055552 -5.544642 3.999648 6.172913 
0.105633 -0.139243 0.126649 0.765378 0.734092 0.246761 5.846907 
1.115389 -0.559416 0.137118 0.562020 -16.803426 6.027296 0.449142 
0.100224 2.364070 -1.770290 -0.626074 5.379644 -7.801728 -9.683221 
3.043771 1.781278 -0.474048 -2.029213 6.642954 -2.024752 -2.908395 
1.677124 0.095648 0.087090 -0.298853 -10.039567 17.449406 -9.962087 
0.154714 -1.590235 -0.756105 -0.534110 4.471213 -0.006129 -2.701461 
0.509531 -0.221735 0.362861 -0.039324 -18.536118 -6.248948 -9.096559 
0.118595 -0.271428 0.372334 0.161490 -21.253975 7.168371 -12.954744 
0.192470 0.814787 -0.403903 0.525267 -5.742549 -0.890766 -0.773624 
0.156661 0.070855 0.149044 1.659269 -0.523193 13.257359 0.551363 
0.269171 -0.845126 0.004637 -0.148085 -5.487583 -4.510457 11.179187 
0.275015 -1.373361 0.245458 -0.283151 -4.174832 -4.820560 -5.686865 
0.133107 0.062888 0.143860 0.314735 -0.171737 -4.441071 -7.665478 
0.116244 -0.298660 -0.502887 0.038747 -18.733664 11.370206 -9.321619 
0.262815 -0.737634 -0.966226 0.154648 -2.882510 3.113895 -11.168367 
0.152197 -1.535222 0.465079 -0.900538 -13.954646 1.860029 4.675526 
0.591538 0.357166 -1.311714 -2.107385 -3.829510 -2.909291 -14.450673 
0.273814 0.430028 0.884358 0.215320 5.436254 11.452293 3.145190 
1.296377 -0.805220 1.496427 0.397334 -8.004550 3.002191 -2.431460 
0.625099 -0.043121 0.391487 1.311624 -2.616854 12.355340 4.533086 
0.953431 -1.589280 -0.705232 1.814596 -2.391695 0.354687 9.807905 
1.362864 0.482088 -0.136740 -0.213028 4.318166 -7.109828 -1.584871 
0.388981 -1.428993 -0.192235 0.460997 -6.401109 -4.403066 -5.877536 
0.178332 2.725227 -0.042762 0.318781 15.175937 6.170792 6.885556 
0.372184 -0.274486 -0.184335 -0.229871 -10.626003 -0.855079 6.393108 
1.884918 -1.533687 0.107884 0.480379 2.438592 -1.088867 7.652349 
0.093160 -0.411238 -0.445057 -0.117718 14.214678 8.574856 15.071606 
0.093696 0.100454 -0.065260 0.442518 -9.169065 15.317142 -3.151768 
0.080850 1.873507 -2.091036 1.773984 2.880439 -13.578322 9.030519 
0.277717 -0.051468 -2.279763 1.917838 0.798580 -2.978730 12.221750 
0.330199 -0.021478 0.238985 -0.228608 7.118646 -14.681217 -3.990069 
1.020862 0.510775 -0.239640 0.394002 -7.635768 -10.830655 -3.073793 
0.554068 -0.211114 -0.114643 -0.311532 4.054816 4.075479 -11.232276 
0.410517 -0.613299 0.051203 0.621465 -16.300524 5.817512 -10.312397 
2.241100 -1.443253 0.702924 -0.110472 1.215550 4.880732 -7.152621 
0.769947 0.155658 0.281774 -0.690115 5.742821 14.271316 0.722113 
0.085466 -1.250463 -0.513297 -0.183571 -9.570376 3.527749 5.226207 
0.645582 -0.191459 0.338876 -1.105676 3.202247 -1.051183 -5.094186 
0.291207 2.175965 -0.019153 -0.748481 10.180913 -1.699420 -2.892549 
0.780826 0.437629 2.237429 0.572865 -9.090231 10.479359 3.973344 
0.178041 -0.270432 0.154997 0.170886 0.626188 -8.220064 -14.111361 
0.111657 -0.500272 0.497998 0.463767 -17.094581 -2.522401 -8.280427 
0.141933 0.154869 -0.177630 -0.492884 1.615067 5.332419 -2.401560 
0.503658 -0.982899 -0.598961 1.289238 -9.932716 -1.830731 6.168746 
0.266518 -0.371288 -0.883800 -1.038713 -13.295220 1.305502 1.890614 
0.136578 1.269953 0.520482 0.380968 0.661157 3.387577 -2.203940 
0.126498 -0.648448 -0.932619 -0.185618 4.991978 1.030451 5.081530 
0.081261 2.200682 0.011345 0.082852 7.100165 -10.430063 -1.204315 
0.167252 -0.582407 0.243134 -0.181601 -1.875995 -2.027553 -8.061983 
0.607244 -0.534917 2.331244 0.455161 0.739347 1.361004 -1.699191 
0.266741 -0.657904 -0.072514 1.210728 2.133473 -5.683256 4.563637 
0.157175 -1.571432 -0.742517 1.740026 -18.766816 -0.230533 3.442304 
0.366807 0.369930 0.242997 -0.466588 -2.393745 12.017452 6.820846 
1.030213 -0.276931 -0.064661 -0.799305 -4.581908 -6.091177 -8.843071 
0.140945 2.162564 0.918935 0.815756 4.565366 -2.137671 8.381513 
0.288794 -0.748737 0.584592 -0.483995 0.500427 5.002265 8.268257 
0.182724 -0.534890 -0.262498 -0.320878 11.291554 -16.433449 6.479056 
0.115248 -1.348343 0.990855 0.662753 2.471290 -4.434088 5.730695 
1.012019 0.155475 0.450750 -0.807172 0.714313 1.778173 -7.726054 
0.292049 0.095579 -0.863164 0.521372 8.503726 2.494665 0.370380 
3.273691 -0.185153 0.047792 -0.382153 -1.254323 -5.579518 -12.067394 
0.507219 -1.350948 0.059545 1.439592 -5.699240 -11.735650 4.936895 
0.325723 -0.109989 0.369363 -0.394256 19.641587 -5.405292 -2.404258 
0.153073 1.577621 1.180030 -3.873995 10.542392 -0.070525 -25.369055 
0.229855 0.231068 0.153057 -0.342388 -12.048493 -5.708071 -9.190145 
0.196589 -0.291325 0.134850 0.193254 -15.565937 -6.393381 3.765478 
0.095001 -0.678750 0.289659 -0.729952 -5.030456 0.110732 9.601658 
0.458870 0.200853 0.168903 -0.023387 22.850997 10.814741 -0.762978 
0.085890 -0.305432 2.320929 1.661403 3.547546 4.887260 13.780657 
0.170408 -1.294569 1.107959 0.795828 -9.993362 4.203350 10.888204 
0.130084 -0.292184 0.702532 0.147131 -9.191241 6.433486 -2.247419 
1.384359 0.418897 0.827722 0.232866 1.724883 6.742629 -7.867534 
0.642711 -0.314467 0.079153 0.215121 0.099677 -10.970938 0.742894 
0.176254 0.377415 0.841257 0.542812 8.394117 11.796298 -3.570988 
0.156623 -1.373390 -0.059808 0.505391 1.217712 10.166687 0.603744 
0.874755 -0.148813 0.595822 -0.258973 11.314033 11.591600 -8.311711 
0.628183 -0.353806 -0.350873 -0.308203 -11.465115 7.913860 -11.228898 
0.127719 0.447512 -0.450270 1.707968 -8.475678 -0.870919 12.930146 
0.209256 -0.708993 0.327214 -0.406934 7.149765 8.005444 -11.298834 
0.393003 -0.235982 0.065753 -0.138644 -23.658917 -5.512167 1.770933 
0.395444 -1.286833 -1.584422 0.011796 1.310966 -0.065229 6.036400 
0.150757 1.229872 -0.891900 1.335842 11.422085 -0.509982 3.787234 
0.613619 1.703189 -0.268525 -2.115533 10.255683 -6.041274 -10.601357 
0.371705 -0.051316 1.131180 0.509730 -14.827253 5.718545 -3.427426 
0.128172 -0.585163 1.063722 1.242391 -7.786613 0.587031 9.469313 
1.227367 -1.409743 2.232395 1.045051 -1.334024 12.327250 6.782641 
1.287495 -0.762034 -0.460323 0.051183 8.187046 -14.867012 -10.257432 
0.285623 -0.491579 -1.132606 -0.639548 6.706710 -2.993675 -2.557850 
0.186793 -0.282149 0.094730 -0.194527 -3.511770 0.264815 11.815581 
0.151928 -1.210034 -0.167317 0.138829 -14.147199 0.040200 9.263136 
0.107729 -0.061363 0.459274 -0.279280 -11.473406 20.999464 5.462638 
0.789450 -0.452865 -0.710141 -0.363805 -6.353037 -11.961337 -6.361709 
0.417882 1.129739 -0.038140 0.501445 -4.300249 -4.129967 14.231858 
0.415458 -0.498982 -3.495819 -0.321533 -5.614444 -14.177539 3.613963 
0.510419 -1.114151 1.185858 0.295735 -15.440201 5.857799 -4.068341 
0.130425 -0.608042 0.055510 -0.289903 -6.075734 10.398360 -17.929587 
0.312402 0.462989 -0.960404 0.279911 -0.179857 -17.047025 4.519628 
0.489643 -0.155814 0.713286 -2.895067 -3.809046 5.431264 -8.961543 
0.449688 1.157396 1.160690 0.663802 2.996608 10.971362 -7.481711 
4.640213 -1.806985 -4.316861 -5.471751 -7.539264 -23.154968 -32.876825 
0.102329 0.301390 1.233819 0.528287 2.820789 11.889504 -9.544158 
0.088752 -1.553117 1.124079 -0.069484 -0.932436 11.325074 -8.187781 
0.124181 0.765072 -1.176590 0.188477 1.322222 1.723055 -6.123669 
0.142677 -1.041984 0.288173 0.453529 -6.045173 7.826424 14.317128 
0.646196 -0.329783 0.401712 -1.307139 7.400911 -8.532715 -4.918189 
0.112694 0.542205 -0.600015 -1.101502 10.364459 1.398208 -14.049461 
0.176104 -0.800722 -0.108425 -0.333504 -6.285036 10.758618 -17.165067 
0.106965 -0.690391 0.388094 0.908782 1.842094 7.155223 -1.703696 
0.330430 -0.154552 -0.105963 -0.074450 14.033845 -16.824232 -6.631376 
1.059937 0.226841 -0.087580 -0.576273 -9.044859 3.056294 0.308469 
0.446854 -0.360573 -0.374953 -0.016948 -0.549533 -16.649987 22.509225 
0.249843 -0.992907 1.434122 0.412911 -5.562711 2.860983 -4.179648 
0.126972 -0.028268 0.171277 0.526389 3.100131 -1.348600 11.134624 
0.148713 0.459893 0.027555 0.153925 -2.822731 6.813055 -11.111064 
0.153845 0.780222 0.842334 -0.353742 -6.182281 -2.654733 -0.232935 
1.523067 -0.161216 -0.660462 0.026887 -2.957761 7.889490 -5.983435 
1.665441 -0.024035 0.483233 -0.714069 -7.287067 14.796162 5.877079 
0.167356 -0.460507 1.263750 0.739511 -12.962103 3.897113 0.537673 
1.433413 2.794194 -2.230006 0.007491 8.205184 -13.774659 1.529835 
0.264805 -1.383659 -1.097445 0.411474 -6.727976 6.394611 3.132336 
0.110793 0.199148 1.324059 -0.752213 2.482107 6.406612 -1.108740 
0.180061 -0.365541 -0.616210 0.161283 -1.584235 -5.904665 -10.786803 
0.195410 -0.161352 0.272729 -1.432209 -0.125141 0.789368 7.847242 
0.091610 1.329385 0.577998 1.257093 -4.018423 -1.146843 11.150674 
0.100160 -0.455452 1.222930 0.366022 1.453268 13.454229 -0.934001 
0.329612 -0.113724 0.046259 -0.690759 8.299444 -3.679992 -10.478412 
0.174903 -1.042343 -1.272951 -0.561986 -8.300644 6.713239 -4.839692 
0.088879 -0.196779 0.226405 0.186409 4.203221 -7.220160 -7.058337 
1.382242 0.579086 -0.919713 -0.634212 7.428187 -3.841026 10.461703 
0.137418 -0.860478 -0.180744 -0.041667 1.976017 -2.123017 4.277438 
0.550522 -0.038992 -1.152409 0.756607 10.404826 1.417695 5.684011 
0.977405 -0.932081 0.093106 0.168481 4.520198 -17.097854 6.856711 
1.078071 0.060777 -0.378502 -0.490614 0.352089 -15.532206 4.215893 
0.158053 1.305306 -2.334412 0.073469 11.335521 -11.180923 1.709438 
0.173348 -0.233590 0.190202 -0.031414 -14.148614 1.375746 16.969293 
0.082934 0.284793 0.355275 -0.484930 -18.829936 2.263915 -11.089187 
0.136636 -0.569731 -0.415285 0.040885 4.778332 9.266580 -14.859712 
0.143734 -1.206477 -0.363420 0.160003 -14.066424 -4.730349 12.988056 
0.441192 0.477914 0.253483 0.353469 3.931622 -7.014123 10.019955 
0.419927 0.530710 -0.480757 -0.758498 3.358415 6.804569 -7.286431 
0.233936 -1.140757 -0.250401 -0.383099 2.433449 -6.964068 -14.540853 
0.472655 0.108028 -0.220905 -0.053511 3.251590 11.071464 10.753118 
0.114863 0.465020 0.066652 -0.924870 8.458686 -4.211529 5.719582 
0.090134 -0.822099 0.248893 -0.063587 -13.914167 -11.116601 -3.028703 
0.541043 2.138807 -0.329661 0.814868 7.747216 -1.257339 10.627601 
0.282572 -0.897727 0.098897 1.065432 3.461107 7.684075 1.327772 
0.115642 1.040619 -1.116397 0.047363 -3.398067 0.361386 -0.085232 
0.081355 -2.377751 0.822596 -1.021124 -14.113534 7.158848 2.608320 
0.367829 -0.472402 0.867199 -0.001988 3.882936 16.151296 -11.722524 
0.139629 0.177184 -0.427015 0.245879 -0.934932 14.178907 1.544774 
1.352784 0.777506 0.215340 -0.304054 0.900400 10.170814 3.210529 
0.125255 0.285685 -0.695996 0.188962 -5.814058 -0.774295 11.272177 
0.401327 -0.224896 -0.721019 2.563545 -1.280676 -0.395638 7.341004 
0.285734 -0.716894 -1.926418 -0.003424 6.452603 -6.154387 4.868504 
0.395651 1.406756 -0.329091 0.152567 0.262836 4.088544 5.588607 
0.293098 -1.041011 0.492542 -0.071007 -5.818793 10.080801 -16.179275 
0.087827 0.546026 -0.215287 0.096205 0.814216 -13.727887 -7.204229 
0.145431 -0.106584 0.712648 -0.936372 12.616986 7.968626 -1.439732 
0.180115 -1.673855 0.833572 0.516016 -2.356283 -3.420957 9.981718 
0.096200 -0.243625 0.807113 0.041625 -4.607868 8.472739 -2.025844 
0.666776 -1.616566 -0.544244 1.842625 -7.617509 -0.181064 6.141429 
0.204329 -0.595139 -0.280817 -0.087372 -1.073995 3.419344 -12.184010 
0.115895 -0.416680 0.596802 -1.031440 -10.067444 -3.553917 -5.952191 
0.093908 0.255102 0.646934 0.824904 -0.089402 14.040943 3.790754 
1.218377 0.124229 0.894081 -0.166348 10.687099 0.047092 -12.699764 
1.577937 -0.886508 -0.195974 0.014809 1.657585 -0.021882 7.145786 
0.624013 -0.499029 0.415373 -0.672625 0.006997 7.797654 1.803288 
0.094581 0.270997 -0.626847 0.070215 -13.757432 -10.500087 -5.389493 
0.082735 -0.320830 0.330236 0.949886 -2.376132 -7.124915 9.170070 
0.117562 -0.521424 0.125014 -0.861729 -10.010067 15.458925 3.752962 
0.104059 -0.255572 0.794822 -0.239112 -6.436092 14.288805 11.510168 
1.175398 -1.417616 -0.874256 1.370446 -12.988043 -6.597457 -1.081610 
0.164169 1.585724 2.183962 -1.327410 5.787378 2.603976 -9.182217 
0.291452 0.213570 -0.204524 0.162385 2.652902 7.113952 11.090025 
0.206673 -0.672602 -0.690349 -0.070098 4.889286 11.013235 -3.150744 
1.289324 1.783370 2.665807 0.442852 12.431124 15.630208 -6.112393 
0.086315 -0.497148 0.464083 0.430876 7.525264 1.863337 11.723234 
0.235153 -0.005810 -0.543646 -0.889023 -1.517901 5.912114 -7.378689 
0.115719 1.942693 -1.765050 -2.455782 12.750527 -10.827568 -9.483653 
0.363410 -0.039009 1.012632 0.272041 -8.661147 8.173639 -1.403001 
1.751386 1.071670 -0.608923 0.291020 -6.862789 -8.525722 1.681466 
0.207984 1.045513 0.560752 -0.329360 5.177831 8.047833 1.916450 
0.102911 1.042174 -1.061798 0.729708 3.761048 5.015000 10.049124 
0.178659 0.212099 -0.379939 0.061178 -2.851909 -15.732201 -8.185300 
1.266026 -0.100154 -0.327239 0.227711 -7.188265 -12.405426 14.729343 
0.304509 -0.960362 -0.195024 -0.530162 -8.587383 8.003752 -1.910472 
0.111776 -0.368075 0.518610 -0.030226 13.749690 -4.459712 3.777848 
0.518423 -1.843248 -1.201095 2.574821 -6.567185 -12.198154 14.470374 
0.412206 -1.480513 0.782531 0.258720 -9.766214 10.910788 -8.803567 
0.151101 -0.056674 0.516862 1.276570 -9.433090 -1.775779 14.408968 
0.220913 -0.454490 -0.606204 -0.003314 -12.481898 0.636274 -31.009125 
1.412488 -0.442905 0.111023 0.075773 -7.653390 2.790711 10.355229 
13.278585 -0.209867 -0.221269 -0.259211 8.344760 -1.644219 -5.004820 
1.463321 -0.260952 1.426967 0.786754 7.758362 7.335284 4.596827 
0.120159 1.834157 1.806934 0.372194 11.500436 22.050786 -5.199349 
0.365350 -0.224237 -0.687516 -0.051187 -8.685066 -1.899162 -11.858599 
0.105973 0.042165 0.674919 1.171994 3.253744 9.398359 5.379904 
0.295892 0.648730 0.889761 0.560419 8.383481 10.731411 -4.228903 
0.206326 0.305335 0.301029 0.370837 0.499982 -4.159443 -0.524288 
0.093712 -0.303125 0.493758 0.131547 20.939094 -6.864067 5.210966 
0.095148 -0.629417 0.746258 -0.228602 -10.094046 -3.894788 -11.410945 
0.206538 -1.807823 -1.298150 0.598531 -14.422028 1.348756 1.906154 
0.086877 -0.891813 -0.455155 -0.753240 -6.876191 -3.461432 -4.785238 
0.089099 -0.647981 -0.822956 0.147565 -2.675690 5.800862 -15.170642 
0.510706 -0.398723 0.738355 1.154110 9.761129 -1.525423 6.068211 
0.209703 2.654170 -1.016440 -0.845090 10.387508 -0.043164 -1.423685 
0.558090 -0.576207 -0.813675 -0.195161 -3.526890 -3.026250 -11.592152 
0.094925 -0.139428 0.339628 0.007671 -15.519740 2.216899 12.907725 
0.169485 -0.129518 -0.456949 0.341872 -9.368843 5.666074 16.635649 
1.190304 -1.413979 -1.752770 0.589824 0.180515 -5.452535 1.507344 
0.229716 -0.199974 0.184910 -0.185914 13.289336 20.612117 8.733161 
0.590880 -0.706439 0.753506 -0.198140 8.917588 6.064739 1.345532 
0.480535 -0.712540 0.428742 -0.412734 -1.896049 -6.536053 -7.229957 
0.234429 -0.806961 -0.118245 0.576767 6.618989 2.208346 6.447279 
0.582021 -1.410248 1.010402 -1.593355 -1.640826 4.146367 -9.790558 
0.189197 -0.398593 0.303904 0.213456 -15.801485 15.330419 9.055336 
0.259575 0.807824 0.122765 -0.537706 8.153513 -4.156734 11.849943 
0.447006 -0.776143 1.001796 -0.303441 2.750934 -0.587498 3.089107 
0.147887 0.446611 -0.536864 0.074251 -1.230962 -8.659745 -5.368484 
0.231699 -0.042530 -0.418836 0.371106 -8.842283 5.667826 1.602353 
0.453708 -0.257985 0.244141 0.296724 -12.887641 9.647805 -8.030535 
0.920339 -0.103179 1.443406 -1.313552 7.338878 1.871661 -0.349693 
0.955703 -0.508360 1.087293 1.561297 -3.936131 -0.201615 13.500125 
0.084577 -0.476730 -0.303928 0.358974 -3.525331 5.820261 10.562453 
0.160624 0.065517 0.681379 0.485993 0.244383 -6.536377 -5.171833 
1.172148 -0.413290 -0.185130 0.070936 -8.167818 3.332228 12.995034 
0.760534 0.604494 3.034843 1.408237 6.969918 10.203192 13.878825 
0.114553 0.870962 -0.329546 0.628012 9.504031 10.612883 -0.739053 
0.117572 1.571748 -2.690808 -0.416612 5.974993 -17.228982 -4.025433 
0.762149 3.385909 5.050808 -2.486692 21.921195 30.570887 -8.219475 
0.232792 -0.767313 1.049792 0.197919 -15.298994 12.462748 8.862549 
0.215009 -0.982815 -0.304865 -0.051419 -7.527585 -5.797380 -7.317510 
2.204810 -0.178916 0.242019 -0.030641 -3.549438 -17.624703 2.316723 
0.129032 -0.475036 -2.347514 5.648013 3.250750 -16.934206 33.937140 
0.374042 -0.883672 -0.315163 0.271131 -21.741067 -9.688866 2.914673 
0.205433 -1.258709 1.354204 0.699454 -8.932458 7.673622 -10.985464 
0.160079 -1.009276 0.996188 -0.186227 -2.894986 10.076925 -9.323828 
0.136090 -0.519243 -0.307726 0.951438 13.047817 -7.028140 4.387694 
0.119841 -0.174221 0.621349 1.365400 -8.516094 -5.438937 4.859169 
0.201503 -0.916251 -1.097445 2.021365 1.151356 -7.174427 1.679807 
0.611073 -1.075778 0.097481 -0.465600 -3.547345 8.064992 0.759518 
0.115016 1.412824 -1.451814 -2.149778 5.214525 -10.995632 -4.813928 
0.399244 1.276906 -1.174442 0.853344 3.424104 -0.697012 5.661722 
0.131342 -0.231495 0.575339 -0.511676 10.068033 3.969105 14.490690 
0.174201 -0.071509 0.400029 2.020905 -2.140012 14.321432 6.044467 
0.089275 0.330711 -0.083327 0.395153 -12.558253 0.221132 1.694056 
0.438872 0.123028 0.473308 -0.575419 -10.288700 2.867373 -12.015520 
0.085636 -0.387112 0.046570 -0.460604 -15.001895 6.253170 7.728439 
0.582912 -0.941252 0.830941 -0.208792 -4.067374 0.973985 6.187719 
0.240412 -1.827840 -0.103324 1.927072 -1.052283 0.474091 13.997614 
0.226021 -0.769183 0.374680 1.321833 -15.835892 3.990418 2.790420 
0.107205 -0.345689 0.133581 0.219168 10.713980 5.297472 -3.511303 
1.102835 0.750208 0.414638 1.328005 3.235107 3.236237 1.680392 
0.266126 -1.669591 0.489617 -0.848576 -7.341104 -5.483270 -2.467629 
0.409423 -0.934279 1.330418 -0.636549 -7.839657 -5.378362 3.846935 
0.089384 0.644018 -0.869431 -0.160306 -1.997800 -5.681086 6.902254 
0.113871 -0.045039 0.592484 0.424634 -9.900214 9.735906 6.535430 
0.746267 -0.325591 1.482889 -0.652561 -4.225889 -6.975293 -1.935000 
0.219386 0.605564 -1.757989 -0.606583 10.937845 -4.056848 0.457104 
0.439077 -1.219264 0.246782 -0.284025 -5.736132 -0.922663 12.683662 
1.444015 -0.990488 0.395582 0.219078 -12.851007 5.088445 5.990847 
0.102731 0.380309 0.362840 0.111530 -11.215245 16.588125 -7.889375 
0.202560 1.783809 2.814559 7.479103 19.588671 24.844790 55.718894 
0.091773 1.609703 -0.160365 2.587420 28.270714 -5.969456 45.963610 
0.159646 -0.372297 -0.259164 0.073718 15.390741 -11.828822 27.673685 
0.210510 -0.587167 -0.824625 0.490210 6.740713 -7.739063 -3.506823 
0.129464 -0.640521 0.003374 0.340835 -11.689931 7.778743 1.738597 
0.235395 -0.666120 1.255085 -0.866281 -3.022401 13.865914 -11.196482 
0.392760 -0.948298 -0.079312 0.288228 -5.066684 10.349205 2.436533 
0.340464 0.173947 0.962213 0.064031 -2.935654 -2.237638 16.640200 
0.558675 0.851478 0.886314 -0.551997 -3.156048 7.948735 -5.349611 
0.269181 -0.174961 0.426176 1.453138 -3.649523 3.676428 -4.084009 
0.080832 0.129721 0.704764 1.724764 -3.642737 -3.619825 6.365287 
0.161454 -0.540186 -0.066081 0.152331 4.042243 11.000446 0.208333 
3.272843 -0.452776 0.551283 0.188693 -2.640355 -5.165180 1.852408 
0.126733 -0.942871 -0.638448 -0.009709 -16.215884 11.584200 3.385520 
0.147442 -0.762813 -3.697591 -0.459818 -2.153308 -19.632876 1.198228 
0.234874 -0.479087 0.044809 1.029961 1.785852 -9.848752 7.810160 
0.088322 -0.704142 0.756164 -1.417743 -9.900107 3.210621 1.529143 
0.124823 -0.738909 0.334552 1.032595 -7.593669 1.088459 13.885324 
0.134972 0.924571 0.857024 0.095633 -4.504068 -2.809230 -5.209181 
0.114632 -0.291011 0.479830 -0.463274 -2.722632 -8.160113 -2.901076 
0.145861 0.148352 0.586941 -0.408783 -1.880852 6.702267 -1.859218 
0.263366 -0.205425 -0.054212 0.880773 -0.115215 -5.463019 1.643673 
0.973808 -0.866160 0.704427 0.020708 -0.388346 -4.587271 -0.638846 
1.966409 -0.526330 0.381681 0.299462 6.218706 -5.946692 10.680680 
0.137245 -0.038815 0.029380 0.760521 -10.963678 3.824502 13.450692 
0.175886 0.125057 -0.117697 0.511422 3.078036 7.995675 -6.207935 
0.427154 0.084977 -0.606262 -0.202694 2.102841 7.061854 -12.797330 
0.305641 0.050285 -0.742345 0.172495 2.703448 4.425317 9.800503 
0.126873 -0.540623 0.777181 0.019070 -10.021498 8.996567 -4.798702 
0.202129 1.516207 -0.300281 2.358835 0.711219 2.230279 13.832132 
0.103947 -0.716170 0.877394 0.452406 -15.150449 -9.559757 2.566639 
0.160192 1.408874 0.028120 0.637501 4.368911 11.791546 -1.172985 
0.087931 -0.065916 0.567873 1.053932 7.877725 8.598504 2.328914 
0.201166 -0.630277 -1.068365 0.718904 2.995008 -3.146645 -2.091139 
0.129271 -0.822926 0.905236 -0.338080 4.443820 13.250238 0.177938 
0.244547 0.260019 0.001953 0.579039 5.560192 0.988042 -9.767992 
