0.202999 -0.196542 -0.216384 0.409259 -1.421183 21.365530 -9.868142 
0.583882 -0.691012 0.554537 -0.345190 8.673932 22.911407 5.509641 
0.585149 -0.239797 0.131098 0.925588 8.651410 -1.319809 -6.379550 
0.085689 0.144748 -0.654061 0.086995 -14.544256 -4.770735 21.956498 
0.090936 -0.160609 -0.167575 0.278961 1.566044 11.215191 -20.792339 
0.457888 -0.389266 0.940498 0.768799 -15.223636 -1.857284 6.745200 
0.179449 -0.496971 -1.081923 -0.476848 -5.516152 -10.301414 -7.696909 
0.103175 0.797023 -0.489312 -0.720361 5.823644 -17.158544 -0.686850 
0.199182 1.884884 -0.286727 0.355444 18.187399 -9.893691 4.180321 
0.109107 0.626772 -1.486726 0.340973 1.989787 -11.061444 8.339339 
0.232498 0.465419 -0.343610 0.608377 -2.240658 -9.422114 -7.301291 
0.683878 0.177100 0.855521 -0.777647 -11.535494 0.206613 -15.969017 
1.809017 -0.160498 0.156583 0.154826 3.075650 4.989753 -9.518002 
0.133767 0.573153 0.825071 -0.640222 22.807464 9.194808 0.476528 
0.207935 -0.884143 0.208017 -1.108581 -9.041406 15.926944 -7.406969 
5.586845 -0.551357 -0.286525 0.290576 8.360251 -0.025500 -13.558030 
0.099031 -0.303889 -0.660303 0.008075 3.362952 1.504345 18.498589 
0.095457 0.106585 0.161651 0.024721 -13.191526 -11.529014 13.039846 
0.166412 0.279673 0.861678 -0.225866 4.820541 0.952865 -20.269394 
0.401973 -0.580749 -0.369599 -0.544706 2.649919 -24.492542 3.109650 
0.149690 0.436466 0.216391 0.012565 2.191361 13.016485 17.162757 
0.135040 -0.693468 -0.215411 -0.048654 5.241164 15.736060 -4.942177 
0.230700 0.865188 -0.040873 -0.874172 3.856973 11.004441 -7.510594 
0.296048 0.319830 -0.899773 -0.275999 -3.690158 -0.812058 9.854682 
0.089040 -0.206094 -0.224258 0.417648 10.717523 -12.083052 11.212703 
0.218861 0.507461 -0.739781 -0.454326 16.294977 -6.581205 -4.975860 
0.780326 0.655085 0.035820 -0.560000 8.585209 -13.410253 -13.473922 
0.110177 0.869017 0.998760 -0.465249 8.007707 13.064571 9.655564 
0.308745 0.638046 -0.108944 -0.413221 18.839087 -24.007220 -12.008681 
0.930095 -0.092958 0.063079 0.016768 9.589602 3.156177 -19.004531 
0.154448 -0.261487 0.013059 -0.112714 16.099444 19.923895 -7.929493 
0.449860 0.097215 1.245590 -0.084266 -5.403154 5.638527 10.492675 
0.194281 -0.888222 -0.255397 0.502694 4.359234 -5.228859 -0.106778 
0.121470 0.276306 0.474673 0.372734 -12.803896 5.303370 25.938888 
0.388680 0.048329 -0.222018 -0.778277 2.550174 12.899705 -5.425284 
0.552874 0.553621 -1.117796 -0.151857 -3.236588 -18.909701 12.030463 
0.107074 -0.267968 0.696827 0.141563 10.444909 -3.658443 11.577665 
0.218546 1.052638 1.209175 0.305496 4.812199 12.542148 -0.269059 
0.118025 0.040280 0.483320 -0.383128 -15.504319 -14.250512 -4.695278 
0.176826 0.156027 -0.343673 0.557210 -10.018759 -4.285262 15.337836 
0.123628 0.256373 -0.637995 -0.989591 -3.758838 2.010533 -4.507866 
0.103987 0.152282 -0.737675 1.300805 17.659961 2.504184 23.403778 
1.612405 0.023258 0.066514 0.563256 -6.342913 -4.457035 5.933310 
3.952128 -0.387449 1.520828 -0.135331 -0.937131 10.161987 8.305602 
0.090817 -0.325120 0.057248 0.122363 8.011198 -14.092552 -3.803650 
0.094271 -0.322886 0.806123 -0.092669 -2.566764 -11.012670 -9.172406 
0.105198 0.267417 -0.317764 -1.069245 -14.060783 -3.918197 -13.217692 
0.122132 -0.147423 0.062687 0.182925 -15.977517 -4.535111 -4.112107 
0.167817 0.347375 -0.616266 -0.611743 -10.446083 -12.911058 6.728559 
0.138488 -0.564352 -1.389534 -0.657493 -1.177794 -19.827103 4.172285 
0.701272 0.154231 0.136469 -0.929213 31.048421 2.926451 -7.962358 
0.367183 -0.059268 0.537614 0.952787 2.169831 -7.262154 17.824609 
0.116639 0.477374 -0.398409 -0.071440 3.742295 -8.576098 -6.586361 
0.156405 -0.323776 0.189882 -0.287460 -7.604224 12.477612 -19.240238 
0.118162 0.380260 -0.387803 -0.031344 -2.191874 11.161358 12.935790 
0.151293 0.127142 -0.043657 0.278156 -0.209460 -9.662867 -27.297619 
1.456612 -0.276551 0.053310 -0.225581 -11.713876 2.989154 20.871272 
0.095248 -0.249996 0.499141 0.440174 -0.573150 -0.794586 -11.157527 
0.298886 0.171623 -0.039449 -0.427305 -7.570453 4.321490 17.907009 
0.512636 -0.139311 0.682366 -0.485930 0.976924 0.442473 14.425234 
0.121466 0.478747 -1.104878 -1.605307 13.780320 -14.351678 -14.885962 
0.863813 -0.803584 -0.310140 0.026843 -5.982950 -6.899224 -12.301711 
0.283593 -0.529600 -0.293033 -0.773972 -7.731405 -1.768269 7.328231 
0.114183 0.075664 0.345430 -0.250067 -11.221806 18.623779 -4.791267 
0.387857 0.106359 0.107191 0.741016 -5.358809 -12.484766 -2.948138 
0.102340 -0.104624 0.149521 0.737692 -8.664489 -16.589470 24.126929 
1.423034 0.278810 1.300307 0.117702 15.354177 4.703931 -3.475137 
0.118440 -0.020010 0.069719 1.067284 8.658740 -8.876841 5.619283 
0.087317 -0.064437 -0.010585 -0.233719 -14.276915 0.551297 22.647701 
0.115648 0.026937 -0.419075 0.254967 1.189314 -5.679668 23.374802 
0.335498 -0.247096 -0.571294 0.903512 6.156334 -22.481077 1.218813 
0.109210 0.137899 0.556230 -0.684357 -8.368059 -2.612314 -9.619814 
5.398343 0.410031 0.335089 0.253021 -8.028212 2.771898 4.986123 
0.438696 -0.373023 0.040292 0.438545 -12.165736 -17.545682 -12.649714 
0.102783 0.236038 0.303940 -0.247996 8.047493 -16.008328 12.717769 
0.317653 0.876476 0.602801 -1.071904 -0.025234 22.253512 -13.568931 
0.117399 0.045618 -0.024071 -0.039004 -16.918539 23.451621 -0.179157 
0.135796 1.388542 0.302685 0.194203 19.874414 -12.429644 5.663074 
0.139152 -0.046221 0.488030 0.134683 4.843455 17.839634 -6.635029 
0.081844 0.475905 -0.389958 0.661488 -2.241659 2.031201 -1.174801 
0.210768 0.326434 0.146869 -0.984144 -8.232843 -5.887994 -0.949285 
0.087151 -0.468268 0.150662 1.040108 8.516755 -3.961813 28.979388 
0.247564 0.219709 -0.199539 0.500987 -9.001505 -29.747085 -3.938900 
0.118055 0.640713 -0.885565 -0.819529 -3.983828 -0.923513 -9.357704 
0.133708 -0.560006 -0.696398 -0.207439 -6.472986 -26.947341 7.604867 
0.137951 -0.360775 -0.347451 0.339383 -10.885853 11.638205 -11.957631 
0.295736 0.834369 1.425244 -0.362696 12.516532 27.284303 -8.836826 
0.093592 -0.372778 0.171422 0.328459 2.218247 9.638936 -11.596495 
0.180968 0.250990 0.817917 -0.645492 -1.953558 1.179765 6.314799 
1.058781 0.219122 -0.472864 -0.500094 6.481495 10.627091 1.094587 
0.086350 0.042258 0.037217 0.293233 9.659029 0.240973 16.301533 
0.263354 0.483547 -0.768296 -0.130346 -8.769333 4.230164 1.070797 
0.556778 0.064582 0.285500 -0.824185 4.160129 -10.892791 4.855680 
0.139284 0.495381 -0.061699 -0.653023 -5.896790 6.090953 4.840206 
0.478468 0.515062 0.318345 -0.430673 -4.845187 0.736082 -8.745822 
0.165293 0.075581 -0.495643 0.189782 -1.407119 10.975598 -5.380802 
0.493788 -0.286391 0.057881 -0.065594 10.602929 -9.659973 -21.752925 
0.252788 0.605659 0.027062 -0.742531 6.413682 6.174260 9.769252 
1.145613 0.554423 -0.166178 0.465644 1.388832 -19.945396 15.956069 
0.388183 -0.300066 0.119219 0.653460 -0.754008 16.245930 22.996793 
0.094407 0.218225 -0.692387 -0.205708 -9.129615 8.660571 2.565067 
0.126740 -0.068993 0.926781 -0.072009 -1.292793 13.050146 2.172718 
0.323270 0.022312 0.119661 0.384320 -7.054934 -15.089200 -12.731254 
0.198042 -0.016005 1.309819 -0.186722 -16.127072 20.024631 0.187794 
1.167561 -0.636879 -0.474824 0.530206 12.052068 0.986739 -1.027685 
2.697368 -0.525248 0.164092 -0.421442 10.841673 3.693477 7.581638 
0.376011 0.090092 -0.341134 0.025325 -25.657355 -7.468183 -10.716469 
0.588263 0.263438 -0.210094 0.788027 -3.385194 -2.180256 -12.831401 
0.138650 0.228451 -0.059221 -0.792004 8.872846 15.784090 3.291106 
0.373816 -0.056364 -0.672273 1.019205 1.050773 6.388184 2.833135 
0.401930 -0.112309 0.697493 -0.794789 -3.419179 5.132319 -11.389766 
0.263064 -0.039698 0.279594 -0.153293 17.672321 9.043290 -2.143371 
0.459762 -0.679405 -0.637882 -0.174114 -14.341974 5.698625 16.749783 
0.328088 0.345170 0.529431 0.411107 -3.610921 9.246318 1.572100 
0.860282 0.474141 1.543536 1.817635 3.157979 31.609010 56.350505 
0.273055 0.349567 0.162155 -0.042099 3.925002 -16.969887 8.220050 
0.396253 -0.627118 -0.824215 0.039006 -14.282267 2.260764 -4.058170 
0.246288 0.091089 -0.126928 -0.081508 -2.411281 11.318756 -16.344625 
0.730294 0.205839 0.150489 0.029254 -14.203409 2.776339 16.807821 
0.278430 0.288055 0.553333 -0.103848 -6.098880 14.029714 6.900316 
0.151503 0.280237 -0.654481 -0.316663 -1.661197 -7.477288 -23.572079 
0.100432 0.291778 -0.464607 -0.370750 15.229063 10.500427 -2.270340 
0.082624 0.021345 -0.904890 0.532345 -16.056697 3.336608 1.243211 
0.114711 0.884431 0.248656 -1.116627 8.266050 -12.841110 -9.345196 
0.192666 0.668452 -0.239753 -0.304803 -11.100417 -0.802589 -21.083263 
0.287114 0.280939 -0.502289 0.964027 12.677249 -17.372443 -3.030847 
0.585359 0.575965 0.700505 0.095881 2.243882 0.178251 17.096158 
1.376095 -0.208946 -0.024374 0.073006 -0.372768 -22.267448 -3.722685 
0.431641 0.643246 -1.030674 -0.169091 6.623593 2.448320 -10.277825 
0.136683 -0.127799 0.663239 0.064298 -10.278393 4.989930 6.755413 
0.323241 0.619839 -0.041253 0.582247 5.843783 -8.334501 -8.015908 
0.391024 -0.176119 -0.227725 0.537802 -26.038314 3.036206 -5.470797 
0.112116 -0.208446 0.183558 0.575835 4.594762 21.266389 -6.424362 
0.116547 -0.264491 0.637214 -0.496530 8.450981 9.599213 -4.910186 
0.952396 0.711292 0.168603 0.096710 -3.858954 -13.539961 -5.623326 
0.374161 -0.656789 0.426540 -0.106061 -3.125783 -16.770647 -8.253522 
0.178419 0.542460 -0.056182 -0.065083 -1.935907 -0.429020 8.834200 
0.192961 0.435801 0.905493 -0.505276 -3.771335 0.324229 -19.485799 
0.763069 -0.234602 0.301023 -0.141907 -2.784991 11.332625 21.776205 
0.181019 0.691885 0.388478 -0.011590 -9.371947 5.460842 12.198114 
0.393969 0.644322 0.554468 -0.454036 18.116936 28.034474 7.745659 
0.408300 0.265580 -0.025237 0.196456 17.257789 -1.513679 1.003614 
0.506972 0.580155 0.436123 0.047301 2.994381 -11.216975 -17.678321 
0.168852 0.464567 -0.786596 -0.461421 4.721649 -4.870063 13.084385 
0.196085 -0.609201 0.462957 0.056951 4.382283 -4.851288 -4.997358 
0.836938 0.996742 -0.715956 0.213919 6.407711 -2.666138 -8.834171 
0.701221 0.313580 0.548265 -0.099401 1.819069 -12.716352 2.572444 
0.263429 -0.063033 0.309066 -0.047827 5.855685 14.813578 -2.807001 
0.151360 0.930746 -0.217680 1.082160 -4.275075 -10.495812 16.404503 
0.449375 -0.292747 0.690208 0.215235 6.340758 4.266028 -5.457123 
0.108928 0.609274 0.785689 0.541400 15.246759 -9.167433 12.845705 
0.090465 -0.908621 -0.238713 0.617524 6.386927 0.056918 4.517120 
0.531060 0.496086 0.404844 1.400577 -7.297121 14.151451 15.870735 
0.272013 0.299985 0.630217 0.576090 -16.518086 6.764853 14.121706 
0.127889 0.616587 0.083314 0.268605 4.983778 -5.290027 -6.314576 
1.070260 -0.142095 -0.261275 -0.069600 -2.278319 -13.555095 -8.631525 
0.111702 0.006550 -0.257028 -0.788365 -16.177141 7.810491 4.117692 
0.275275 0.216164 -0.462555 0.095353 20.808195 -8.298646 7.526575 
0.433814 0.636222 0.246511 -0.151524 -11.701309 -10.561786 -7.732974 
0.121123 0.175022 -0.595803 0.032036 -8.467288 -2.851568 -25.164256 
0.604561 -0.595907 0.607399 -0.551733 -9.578076 11.437100 10.440021 
0.672200 0.663839 -0.175938 0.087781 8.859856 7.111935 22.366195 
0.485099 0.381961 1.370541 0.047453 4.529550 15.884029 10.268025 
0.088968 -1.468121 -0.133146 -0.064078 -12.505545 9.537164 -1.093984 
0.372330 0.284256 0.620468 0.298721 -10.554360 -0.453123 -11.505103 
0.427499 -0.537233 -0.049565 1.138717 10.473773 -11.914850 16.162651 
0.148166 0.662181 -0.264559 -0.426041 1.639044 -17.997790 -7.292284 
0.205405 -0.195357 -0.553683 -0.704150 0.654041 -17.031318 -6.875603 
0.273438 -0.220854 -0.676008 0.219410 18.827534 1.580509 -1.922466 
0.257004 0.436959 -0.533752 -0.746583 8.699678 13.248986 -20.764827 
0.083821 -0.147453 0.495806 0.123619 -6.612664 5.681327 24.507081 
0.673429 -0.264351 -0.112453 1.048938 5.433897 -1.939308 7.800772 
0.093338 -0.112878 -1.175729 0.853606 4.192915 -3.843082 6.666479 
0.097693 0.015368 -0.107382 -0.390835 -0.936164 -0.080543 18.033181 
0.081727 -0.275113 -0.313825 -0.217265 2.305337 -3.595566 11.282745 
0.417045 0.085964 -0.061922 -0.021677 17.567871 -2.733344 -15.321811 
0.387177 -0.746233 0.207725 0.386545 -5.662105 -5.980085 -4.154886 
0.350927 -0.279557 -0.630631 0.489620 -0.731306 -11.513327 11.623211 
0.081891 0.498262 0.030248 -0.756468 -10.223235 -3.370135 -12.149982 
0.111530 -0.264007 0.314389 0.194211 -12.093372 7.204992 31.748409 
0.729211 -0.379307 -0.203656 0.097168 -0.333038 0.857612 -14.574121 
0.081209 0.822818 0.303446 0.159969 -2.170837 -4.259408 5.382511 
1.066327 -0.059348 -0.084157 -0.661945 10.103328 8.704035 3.941713 
0.844840 -0.038222 0.110825 0.248431 -20.222158 -2.213552 4.241662 
0.286414 0.349647 -0.374058 0.840602 1.475822 -0.673493 -1.538989 
0.108220 -0.139066 0.663913 0.381723 16.591459 -5.039921 6.973941 
0.106446 -0.096601 -0.363270 0.236066 25.231659 -9.018197 -4.434741 
1.618982 0.288628 1.301976 0.306413 -11.051585 23.141456 -6.642117 
0.126190 -0.268817 0.203557 0.148984 -19.655149 -4.198405 -16.665344 
0.666898 0.222207 -0.058935 0.285195 7.414723 -3.124419 10.540320 
0.355266 0.447425 0.058821 -0.663893 -2.414869 0.126063 6.596374 
0.365762 -0.758509 -2.180141 0.205208 -20.217790 -34.635993 -4.726129 
0.430606 0.577640 0.453154 0.115153 3.269784 13.724652 0.874714 
0.100431 -0.611384 -0.730219 0.661276 14.860875 -7.929441 8.809886 
0.189647 0.371124 -0.168709 0.247499 -16.452195 -3.144373 7.329317 
0.132254 -0.179042 0.453865 -0.061948 -19.226210 -7.580841 14.278994 
0.500139 0.008622 -0.452441 -0.699999 -16.475632 -5.186798 -18.650788 
0.175237 0.460830 0.289055 -0.046669 -4.850876 20.757598 -16.628492 
0.123696 0.153492 0.637905 -0.237232 0.292989 6.336949 7.509665 
0.195281 -0.218980 -0.643054 0.112455 -6.842130 -9.231077 -22.706153 
0.599939 -0.017263 -0.423419 0.625325 -31.455366 -6.113211 4.928509 
0.192741 0.189616 0.109488 -0.183442 2.457425 -13.365613 2.446628 
0.200778 0.753331 0.885171 0.160669 11.393612 -5.766320 0.292566 
0.177472 0.128853 -0.956648 0.277469 -3.462064 -11.483413 -17.893579 
0.127855 0.102193 -0.446268 0.600067 6.880631 -21.461904 -0.223173 
0.220526 0.010160 0.202268 -0.136363 0.477400 -15.017463 16.231592 
0.627642 -0.233523 0.083773 0.158159 8.119635 -11.433768 13.081430 
0.637465 0.456775 -0.465220 -0.135448 -12.463961 4.064831 0.711826 
0.169117 -0.278650 -0.827726 -1.039364 4.410998 -5.292015 -2.363213 
0.114784 -0.363855 0.275281 0.444999 -10.072206 -19.448962 1.045114 
0.135557 -0.238549 -0.270513 0.179656 1.474452 17.376417 6.888429 
0.579415 -0.760835 -0.188575 -0.597143 -10.076446 -1.710064 13.054650 
0.624848 0.331074 0.428887 -0.368355 22.348741 17.307470 -7.794540 
0.385484 -0.513837 0.826230 -0.118409 -17.245882 6.475191 14.404807 
3.082417 -0.085293 -0.229956 0.358562 -16.828199 0.241891 4.165078 
0.310489 -0.248014 -0.212899 -0.376277 0.543302 -16.022932 18.912682 
0.457154 -0.333373 -0.069234 0.475687 9.715138 5.873294 2.512048 
0.279294 -0.276280 0.421198 0.908667 -5.943700 0.481824 0.135518 
0.089763 0.098643 0.057381 0.499114 8.835099 -14.478304 -16.348658 
1.249225 0.057458 0.137219 -0.189597 -19.460775 21.841819 0.101200 
0.163561 0.251487 -0.199975 0.305161 18.715982 -16.866399 -3.006524 
1.702665 -0.425101 0.213579 0.291131 -8.121776 12.076917 22.949345 
0.087567 -0.357741 0.619432 -0.153771 13.212575 21.271611 -0.155852 
0.192231 -0.265449 0.127064 0.062407 10.268645 16.291400 2.123251 
0.122081 0.761912 0.264192 0.266655 2.806217 -8.891254 -13.660466 
0.088452 0.096859 -0.798656 0.023663 1.082236 -4.007394 11.157215 
0.470758 -0.670475 -1.447823 -0.078465 -6.081497 -14.196431 7.306764 
0.196106 -0.038851 -0.187960 -0.137649 5.992956 1.001283 -3.417203 
0.163499 0.366725 -1.036482 -1.164807 16.332053 -21.555450 -1.678478 
0.080867 0.121985 0.295687 -1.379192 23.468562 18.340630 -17.689243 
0.223604 0.491962 0.196120 -0.176677 -13.165362 2.041254 16.787410 
0.155926 -0.227519 0.788988 0.345732 -14.803565 5.280687 10.104015 
0.238387 0.373937 0.433085 0.513363 2.025635 13.856867 -13.958668 
0.106154 -0.013471 0.161434 0.403839 12.826210 -1.718747 -8.662489 
0.169911 -0.686490 0.720789 -0.215998 4.769643 -3.187994 -12.400588 
0.113329 0.382351 0.312539 -0.618101 16.015438 12.197622 10.452250 
0.192419 0.920936 -0.259241 0.088381 12.872599 -26.015694 -9.150865 
0.594225 -0.600895 -0.296908 -0.790856 2.658131 1.819618 -1.004023 
0.085164 0.518413 0.171057 -0.074013 -10.649002 -1.640340 -18.627186 
0.117057 0.128710 -0.629654 -0.224623 -4.534084 12.890712 -5.402095 
0.205043 -0.114494 -0.625757 0.389839 8.304443 10.781159 -4.630193 
0.234649 -0.720908 -0.172213 0.302722 8.863302 -15.722081 6.371614 
0.487672 -0.188268 -0.113576 -0.187811 5.580368 20.949788 11.685618 
0.223182 0.520466 0.413927 0.230572 4.866440 -11.681140 -6.801060 
2.476904 -0.543019 -0.834052 0.430138 -5.583546 -5.586159 -16.055573 
0.441734 0.100269 -0.220712 0.072625 17.583653 0.112922 -0.582394 
0.230397 0.625945 0.153173 0.318968 4.971166 -6.749388 6.238492 
0.689100 0.912761 1.042602 -1.209805 23.965375 9.348866 -12.525704 
0.815528 -0.748879 0.637444 -0.189022 -27.484852 1.918987 8.665015 
0.161492 -0.517759 0.143204 0.397055 2.188624 15.472587 -4.385168 
0.542296 1.601179 -0.177269 -0.487876 15.168164 -8.627796 -1.887698 
0.146522 0.623848 0.608631 0.162034 -6.649441 0.808599 13.709352 
0.256037 -0.900149 0.553833 -0.250868 -14.750089 -9.561708 -11.646123 
0.887681 -0.746903 -0.778617 0.947349 -3.993365 5.584290 11.289468 
0.101372 -0.162988 -0.135727 0.445125 7.220430 14.690677 9.710465 
0.141931 0.604874 -0.097106 0.231557 5.977302 12.953842 3.043684 
0.178446 -0.824014 0.254388 0.209133 -14.541620 9.945690 8.561699 
0.083374 0.222930 -0.204201 -1.125560 4.625487 -3.546411 1.876907 
0.376685 -0.374675 -0.380270 1.163148 1.354234 -0.218151 9.138193 
0.585808 0.411893 -0.785567 -0.046446 -9.486675 -16.969773 9.093837 
0.102075 -0.318139 -0.289315 0.178283 4.552739 21.618708 15.512512 
0.086694 0.128530 0.547490 -0.429692 24.265273 17.140681 -0.125845 
0.654455 -0.301861 0.035902 0.452829 -1.779868 -4.030608 8.811473 
0.442796 0.592383 -0.099110 -0.096464 -11.952431 -0.913053 -17.469600 
0.103990 -0.389232 0.601337 -0.105827 -9.118065 12.724609 -7.781747 
0.137893 0.641773 0.476020 0.248889 -11.391269 -13.132414 3.296043 
1.044939 0.198310 -0.192837 -0.068143 21.802613 -2.486318 -13.730144 
1.025335 -0.398282 0.072540 0.417855 -2.967672 -4.977489 -18.127651 
0.472835 0.190770 -0.030348 0.735449 -16.174345 -3.919404 35.032524 
0.672168 -0.622220 0.754980 -0.451194 -27.623346 9.221980 9.590331 
0.208490 -1.157608 -0.218170 -0.046725 -15.558466 -16.941032 -2.861929 
0.292610 -0.645645 0.768479 -0.299325 -9.445109 23.229582 10.925214 
0.111344 -0.117702 -0.160998 0.207867 1.177827 -8.935970 26.194453 
0.466067 -0.128165 -0.624217 0.458266 11.278304 3.747939 12.507284 
0.112109 0.222996 0.647785 0.138234 -9.783415 -2.665432 -6.246403 
1.021373 0.367724 0.201445 -0.252433 -15.087467 0.134858 8.050845 
0.247245 -0.052900 -0.378605 0.300841 -25.091987 -11.104978 23.704642 
2.937998 -1.421316 -0.110156 -0.407303 -20.416891 -10.117175 8.304314 
0.112201 0.217865 0.230936 0.274898 8.075835 -19.929885 -0.757307 
0.941373 -0.192200 -0.052867 0.107374 -9.082331 22.920424 -1.757699 
0.186332 0.354236 -0.372018 -0.807943 12.230260 -0.178012 -10.826368 
0.206312 0.061164 -0.370598 -0.147831 -11.639545 5.262365 -14.799958 
0.087521 0.470192 0.929340 0.739938 -1.585929 1.086449 1.153533 
0.337060 0.280274 0.395253 0.248289 6.591606 -14.879152 -10.278131 
0.506829 -0.378826 -0.069912 0.205958 9.579279 1.729968 28.064489 
2.506229 0.837314 0.827294 -0.480242 -6.059255 14.301768 -1.092994 
0.109658 0.222879 0.238755 0.571840 16.196760 1.376609 -10.026980 
0.093631 0.422489 -0.342921 -0.089497 -17.931807 5.045591 7.367636 
0.994606 0.209767 -0.180146 0.366462 17.518954 -0.375519 8.761111 
0.184780 1.131752 1.411005 0.197549 9.692363 14.607168 -1.852013 
0.113864 -0.098694 -0.568746 0.140935 2.543167 5.413606 -15.297351 
0.500571 0.458543 -0.889458 -0.612127 26.442704 -0.699034 -13.531469 
0.375402 -0.256643 0.189075 0.585092 5.247520 -5.965928 12.489311 
0.121279 0.192756 0.054082 0.917879 14.369836 -0.393710 -6.884073 
0.437171 0.125231 -0.020772 0.119255 21.343576 -1.214058 -22.278589 
0.420529 -0.246132 -0.416360 0.465236 10.643264 1.061414 -5.728851 
0.140832 0.135952 -0.296887 -0.211896 7.534966 -5.084448 10.665457 
0.317286 0.047060 -0.078332 0.180212 8.596551 21.823753 0.812977 
0.092539 1.065613 0.142826 -0.871307 8.367771 -7.518626 -0.095353 
4.198783 -0.178127 -0.218704 0.253753 -1.369910 -4.379875 -17.017483 
0.435794 0.644987 -0.251695 -0.239404 -4.851132 8.553941 7.715549 
0.299195 0.181968 0.316627 -0.628466 -7.154279 -13.329698 -5.674968 
0.366428 -0.101214 0.452197 -0.718954 -20.396070 3.118153 4.371083 
0.300202 0.045815 -0.105836 0.226319 9.044098 17.321981 -2.650460 
0.585186 -0.098515 -0.250886 -0.619984 8.501146 -2.096701 11.484225 
0.524509 0.048824 0.269391 0.019853 -9.676520 -14.251209 -18.876635 
0.292083 -0.010071 1.338661 -0.517497 5.751180 13.387085 9.559174 
0.107699 0.210531 1.006016 0.439694 -5.438813 13.812678 20.078833 
0.744916 -0.454416 0.336613 0.323186 -10.007315 31.542908 8.532260 
0.131940 -0.114833 0.952401 0.073565 -20.450161 21.919119 0.542489 
0.104491 -0.082494 -0.400523 0.262650 -16.975506 -10.034024 26.236933 
0.504475 0.019878 0.173638 0.230335 -15.514385 4.583626 3.838138 
0.159200 0.140303 -0.237376 0.499222 -11.201146 -4.417854 -7.408834 
0.144224 0.734619 1.277079 -0.851366 1.185669 22.117238 0.607548 
0.221063 0.683258 0.347827 -0.024513 -8.172325 8.356816 -16.514763 
0.339783 0.089905 0.338332 -0.641545 -8.476355 -11.816929 -3.193261 
2.985742 0.291445 -0.865339 0.463250 21.338783 3.734524 -3.004745 
0.098040 -0.397037 -0.305950 0.584422 -2.124241 -0.787807 -15.960848 
0.364111 0.316070 -0.174262 0.560833 -16.872361 -6.162042 -6.482464 
0.144886 -0.353806 -0.016560 0.350069 17.739742 13.035956 10.776068 
0.360597 0.089947 -0.292236 0.333230 -9.188261 12.125084 -9.723045 
0.254317 -0.719627 0.699849 -0.963042 -11.158038 -5.282252 -8.557201 
0.555913 -0.474017 -0.662482 0.150693 9.458087 -1.592577 -6.138725 
0.416651 -1.082844 0.315861 0.238923 -24.908086 -5.200837 -5.447221 
0.151008 -0.291793 1.107878 1.168751 0.620176 10.259603 9.765568 
0.577563 -0.181913 -0.043038 0.378146 -2.583875 13.574714 -20.907444 
0.141965 1.020029 0.478817 0.993233 10.506739 1.198909 27.177968 
0.120024 0.427081 -0.254395 -0.184085 -6.477734 -2.087035 15.726206 
0.182852 -0.147667 -0.427477 0.214637 23.292201 -17.138523 0.108942 
0.189724 0.157055 -0.155204 0.352286 7.810153 -2.058407 -24.904921 
0.150160 0.345280 -0.102126 0.229743 4.627354 -20.167159 25.283182 
1.373741 -1.730056 -0.670387 0.812359 -25.087416 0.677157 11.088224 
0.283453 0.355589 -0.278174 0.429200 11.713479 -4.753465 6.485724 
0.170281 -0.579091 -0.608832 -0.284090 -10.194865 7.198605 13.426039 
1.505698 -0.819868 0.665761 -0.119682 -3.164613 2.432168 1.866611 
0.360047 -0.275125 0.397462 0.181855 -24.344789 4.283970 -11.757537 
0.588861 0.403585 -0.633330 -0.379107 -14.755501 -3.754819 0.818726 
0.381565 0.248725 -0.467259 -0.167149 -17.842207 -8.433869 5.743016 
0.166121 -0.126634 0.574889 0.174448 2.413946 -3.597208 -16.111893 
1.652096 0.082552 -0.538253 0.036698 5.578704 1.642248 -0.407446 
0.215498 1.031084 -1.347442 0.618113 20.629838 -10.322651 2.792673 
0.524663 -0.116682 0.343815 0.008545 -8.068596 6.930540 14.378491 
0.489037 0.292870 -0.086507 -0.091390 -11.325773 17.927569 -14.816913 
0.247044 0.210778 -0.016873 0.320363 -5.590565 -1.445409 17.617930 
0.408569 -0.871632 -0.433150 0.341101 1.611048 7.450622 3.127889 
0.429966 0.033378 0.161711 0.119775 -13.073405 5.959438 9.554888 
0.205030 0.791031 -0.164716 0.294772 16.870968 -14.692747 -1.063307 
0.104504 0.746894 -0.145506 -0.327272 2.853268 2.582742 -10.913431 
1.704172 0.541938 -0.864069 -0.813059 0.425193 -1.272452 -14.250850 
0.208973 0.385483 1.010041 -0.720671 6.562260 3.296890 -8.317321 
4.631110 -0.808060 1.066614 0.025893 -10.764742 9.627703 16.261972 
0.135103 0.041045 0.345961 0.052581 -11.347042 -11.853654 -14.885510 
0.169606 0.067673 -0.079019 0.751350 10.258477 19.288344 -2.655077 
0.567692 -0.173187 0.529544 -0.376142 -21.838834 -10.041560 -13.686720 
0.214292 0.323128 -0.279930 0.147548 -0.531585 -1.068536 29.425809 
0.450345 -0.105373 -0.584898 -0.680181 -4.019490 8.630152 0.842645 
0.407103 0.089806 0.180022 -0.424532 -9.187751 6.752637 1.261571 
0.846636 0.105864 0.075922 0.044190 7.203268 14.267485 -12.551138 
0.123163 0.705602 -0.199519 -1.289845 4.056833 -12.299006 -14.747637 
0.120648 0.247519 0.528218 0.087054 -1.760127 9.036355 -19.226421 
0.387333 0.406434 0.470895 -0.382295 -5.150263 17.887119 8.169818 
1.095352 0.350275 0.266083 0.071319 3.614231 13.477305 13.266080 
0.212730 -0.261240 0.333414 0.071335 7.788118 -7.168493 -20.196857 
1.575080 -0.279994 0.594178 -0.408081 -6.707324 14.367870 19.155182 
0.102042 -0.065098 0.291631 -0.344060 15.829156 13.275164 8.708634 
0.606266 -0.434955 -0.207380 0.288901 -12.366431 15.138640 1.048326 
0.250734 0.698761 -0.040044 0.044049 1.640766 0.684950 -3.499397 
0.184902 0.095120 -0.930194 -0.051020 -10.105645 6.411236 -0.140157 
0.348863 -0.995894 -0.020109 0.462457 -8.094330 19.626178 -3.495582 
0.127948 0.601579 0.070837 0.255466 8.781858 -15.732449 14.993190 
0.127545 0.889343 -0.398954 0.813167 7.321666 9.760494 24.181816 
0.089378 0.205428 0.942391 0.502884 14.060864 4.565269 7.146274 
0.220514 -0.810561 0.307109 0.415875 9.487400 7.975767 10.107178 
0.195396 0.774019 0.183554 0.527146 6.521674 -13.381851 -5.526012 
4.245083 -0.193489 -0.436343 0.444744 -12.420186 -15.769109 0.412881 
0.095817 0.062979 0.239258 0.547154 -9.416649 6.922807 -8.592649 
0.569763 0.472454 -0.021979 -0.118271 -11.301533 13.090576 2.554275 
1.098164 0.301022 -0.473330 0.326087 -3.534215 1.884628 2.399273 
0.538990 -0.506534 0.065073 -0.410933 4.303174 7.966572 -0.022665 
1.288776 0.087571 0.152309 0.203114 -31.828467 4.788842 9.101340 
0.193816 -0.223516 -0.235736 0.627421 11.230764 13.010860 3.231917 
0.378483 0.925526 0.607037 -0.248964 -5.613638 12.025929 3.337736 
0.130333 -0.860650 -0.236133 0.090609 -4.446118 19.533573 2.686637 
0.235233 -0.282650 0.680958 0.363656 1.153280 1.143748 -19.545426 
0.474050 0.241487 -0.054512 0.284115 9.953610 7.520939 -16.270658 
0.170650 -0.055894 0.520538 -0.230267 11.698726 -10.476551 -1.934169 
0.551803 -1.046348 -0.019015 -0.249814 -9.583052 -7.473437 4.851654 
0.131497 -0.446333 0.123939 0.338581 5.385199 14.357776 3.241866 
0.367063 0.013853 0.722983 -0.094088 -19.969931 -4.235001 -10.659234 
0.237052 -0.065101 0.108680 0.014024 -0.994867 -15.596593 -15.160491 
0.979329 -0.620736 0.039982 0.525731 7.697135 -3.571184 11.926609 
0.113309 -0.188741 -0.530231 0.109044 19.340701 7.638013 -2.400371 
0.202812 -0.018540 0.226638 -1.122602 19.393746 6.385366 -6.266595 
0.145792 -0.236199 -0.283686 0.099197 6.119535 20.493226 -9.040935 
0.206856 0.446386 -1.025485 -0.578017 -6.651684 -27.569036 -14.864323 
0.534870 -0.317467 -0.543392 0.686893 -14.093655 11.936353 -4.656581 
0.091732 -0.225970 0.704305 0.138626 -20.798762 -6.287362 17.999474 
0.094435 0.186398 -0.579621 0.694409 -3.613606 5.080261 15.079094 
0.106821 0.125866 -0.217193 0.292068 4.885096 -6.699392 -10.349032 
0.443043 -0.172080 -0.130907 -0.444756 14.360153 5.069379 -13.801351 
0.087582 0.410932 -0.473648 -0.267511 -9.721686 -5.469807 -12.932952 
0.159466 -0.677368 0.507619 -0.155083 -9.536795 -7.223242 8.834582 
0.829727 0.251783 -0.310345 0.402938 4.487545 -2.363604 -23.301778 
0.093662 -0.522193 0.824154 0.228376 -5.164481 4.856024 20.138067 
1.055006 -0.287547 0.483155 -0.747636 -13.420918 5.270842 -3.840838 
0.290595 0.447713 -0.632001 -0.260821 7.154880 1.369708 18.436821 
0.226020 -0.192379 -0.987259 1.744172 11.444782 -14.973378 25.600233 
0.258652 -0.139447 -0.014186 0.113694 -8.527367 14.372252 -2.644022 
0.504080 0.176711 0.032678 -0.583265 12.624971 -9.070780 5.169695 
0.133644 0.185163 0.535773 -0.913526 -10.166653 -10.799095 -26.138334 
0.102367 0.313423 0.386397 0.253094 -9.215574 1.586694 14.802997 
0.102733 -0.338169 0.106110 -0.263844 19.549016 14.362907 2.530721 
0.406103 0.005861 0.359533 0.839635 3.109914 -4.833587 -4.832828 
0.170184 -0.602946 -1.005011 -0.302087 -3.846251 -0.160764 -15.867302 
0.080956 0.525765 0.304449 0.088147 11.056463 28.027090 -11.615602 
0.171393 -0.255746 0.696620 0.633837 -10.809174 19.341689 0.132338 
0.103884 -0.062296 -0.209762 0.381816 -13.272810 6.287173 -5.811551 
0.287723 -0.198686 -0.196641 0.312043 11.436001 0.517037 10.493505 
0.707610 -0.122927 -0.168103 0.485286 -3.843123 -0.033936 26.797969 
0.161798 0.278979 0.537357 -0.379338 -1.942340 -6.808478 7.564821 
0.495528 -0.883198 1.562434 0.518686 -11.212872 13.968806 3.160241 
0.081729 0.738289 -0.055816 -0.290403 11.292254 9.653316 16.157670 
0.498673 -0.451120 -0.265878 0.658256 11.889136 -5.806925 2.397034 
0.189760 -0.534728 0.132899 -0.404774 -13.277459 -1.484854 5.612808 
0.174582 1.015624 0.397672 -0.091534 11.609069 3.282027 12.454567 
1.913197 0.197134 -0.315564 0.090834 1.769841 26.622091 3.851024 
0.156957 0.028117 -0.262570 0.425504 -12.367049 18.949423 -5.957386 
0.318637 0.244966 0.785279 0.412843 10.333596 5.157605 -5.162393 
0.384886 -0.399127 -0.830371 0.479575 -12.204182 3.609469 -2.449841 
0.094543 -1.141975 -0.092864 -0.841740 -3.085414 11.096127 -18.117600 
0.093801 0.507119 -0.045295 0.864061 10.550398 -11.225179 -6.162360 
0.259589 -0.175728 -0.059327 -0.222155 4.061405 15.391836 16.240094 
0.331382 -0.151663 0.204365 0.032897 -5.715417 5.316883 4.582157 
0.597086 -0.462426 -0.185998 0.084976 -13.718014 23.395782 -4.982441 
0.244466 0.094533 -0.177878 0.205241 -7.196339 -3.531280 11.850251 
0.409757 0.499500 -0.584392 0.209993 -5.699100 -1.781650 23.582440 
0.703460 -0.985194 0.558399 -0.012196 0.173331 8.164287 13.642777 
0.129081 0.085559 -0.092332 -0.177749 14.509470 5.280612 4.478331 
0.592856 0.108134 -0.771798 0.190349 15.979517 8.987775 11.054254 
0.598064 0.184318 0.185688 -0.328517 4.531378 11.808265 22.403088 
0.315326 0.282709 -0.041641 -0.056818 -7.999312 18.873629 20.153644 
0.830552 0.516555 -0.458985 0.316584 -2.334188 4.567417 -13.673503 
0.107798 -0.281969 0.148174 0.528265 -10.565929 16.325297 17.685505 
1.282747 -0.483138 -0.113545 0.400147 2.653540 -22.656936 -11.566312 
0.179704 0.339652 -0.237665 -0.620369 -3.362372 -11.534594 10.212035 
0.226650 0.333760 0.227427 0.056311 14.574244 -15.002470 8.900906 
0.213577 -0.350806 -0.405014 0.159464 2.768560 21.580593 6.299504 
0.360054 0.352547 0.452925 0.416309 -6.788401 -12.200048 4.897689 
0.590465 -0.445453 -0.386201 -0.072783 16.175974 -2.090140 1.705493 
0.323997 -0.060345 0.435423 -1.117347 -3.826036 25.564518 -11.280213 
0.080856 -0.282864 -0.996518 0.823531 12.079246 -4.645044 9.435429 
0.143920 0.111213 1.351385 -0.181070 3.093937 9.605924 1.566201 
0.128165 0.723131 -0.304806 -0.085717 14.635124 8.217361 6.856690 
0.371144 -0.407900 0.769213 0.331552 1.234441 12.203982 -10.061571 
0.145470 -1.067770 0.557364 -0.218987 -2.029965 5.259401 -17.001115 
0.092657 -0.070434 -0.678350 0.141089 -3.143672 13.397060 -9.379012 
0.587126 0.192679 0.145387 -1.204741 20.607008 -13.152155 -12.713925 
0.235289 0.323193 -0.232863 0.191851 1.479011 7.327860 9.992542 
0.569180 0.737270 -0.519246 0.372669 -4.730430 -10.859718 -6.529656 
0.093590 -0.010568 -0.084739 0.570385 -12.442552 3.730628 17.334751 
0.249342 -0.275804 -0.437042 -0.832072 2.336916 -7.443968 1.495000 
0.543855 0.429476 0.229071 -0.336604 26.725842 -8.087395 -2.790463 
0.236315 0.556931 0.358538 -1.162904 18.523700 27.943794 -13.007229 
0.136931 -0.499775 0.935450 -0.066868 2.386439 -2.026374 -10.138571 
0.109437 0.362209 -0.223785 0.735225 -11.366308 -16.688502 -0.278710 
0.915698 -0.497186 0.408060 0.639502 14.845994 5.107115 -2.607215 
0.125769 -0.038204 0.378765 0.281030 -14.822596 -11.589384 -12.735423 
0.182221 0.728656 0.197055 0.115313 4.231162 -11.524853 3.380753 
0.624303 -0.399835 -0.823624 -0.349344 -11.726239 -0.463094 -4.097033 
0.123119 0.277517 0.026054 0.027516 -22.598190 1.054497 4.926581 
0.093277 -0.495876 0.406397 -0.249902 13.090577 4.329533 6.566751 
0.126609 -0.910446 -0.696826 0.017937 -2.286655 -5.999239 15.109069 
0.342755 0.287145 -0.363090 0.031416 0.918777 22.183207 4.476116 
0.887808 0.710457 -1.154548 0.066985 8.819003 -9.528241 2.954642 
0.718573 -0.923325 -0.089747 -0.272750 -4.500283 -6.994654 -12.616139 
0.789225 -0.278370 -0.069113 0.423655 -9.193439 25.603500 -0.979353 
0.126531 0.443946 -0.235858 0.003238 12.845234 6.348835 12.161396 
0.685572 -0.294822 -0.353947 0.162165 6.041546 -2.439443 2.605038 
0.342997 1.180049 -0.353498 0.019539 1.432035 -0.830585 -4.413468 
1.141486 0.703215 0.008589 0.799606 2.394421 11.063775 2.851388 
0.181571 -0.169673 0.141965 -0.458438 -11.835509 4.812210 8.214987 
0.271737 -0.061184 0.271230 -0.346976 -10.982616 -0.730769 10.079140 
2.465276 0.386460 0.204579 0.298542 -10.694538 3.845143 3.098683 
0.132761 -0.896980 -0.308791 -0.315756 4.666808 2.673206 -10.317587 
0.088416 0.921536 -0.095581 -0.349208 -0.489211 -2.864529 6.897904 
0.089291 -0.186649 0.066991 -0.062262 4.038558 16.471450 -13.299647 
0.263350 0.291850 0.407766 0.665991 4.948528 -2.700301 -4.673216 
0.423754 -0.019086 -0.703501 -0.065065 13.823670 -0.790723 18.995240 
0.178200 -1.516659 -0.670784 -0.023164 -14.410305 -1.683651 -0.575727 
0.269147 0.319005 -1.015928 0.221020 -13.960751 -6.552033 -4.947451 
1.218772 -0.855709 0.604381 -0.347432 -7.589719 -10.551011 4.492624 
0.195759 0.480936 -0.289873 0.827088 3.654293 -18.527460 10.883041 
0.310560 -0.406920 0.059878 0.025193 3.880442 10.491615 19.092149 
0.132928 -0.068717 -0.009429 0.331493 -1.340068 11.736606 -22.368170 
0.130606 -0.497570 0.822897 0.769690 0.384903 2.111070 -0.245176 
0.180981 0.465510 0.603189 0.514425 8.988476 27.539395 23.327872 
8.040799 0.034300 0.254353 0.132985 8.417905 -7.178484 -2.385910 
0.080873 0.756013 0.108409 0.318503 -4.815211 11.957099 6.280700 
0.337684 -0.149445 0.744518 1.015136 6.684664 -0.486105 18.481474 
0.727006 -0.529609 0.746259 -0.066595 -21.263614 7.057856 10.655531 
0.130102 -0.040356 0.741934 -0.255932 -2.648578 -1.325284 10.988811 
0.107057 -0.237714 -0.699301 -0.321665 -2.780084 -7.532002 19.979575 
1.352041 -0.086469 0.172495 0.692775 -10.058670 2.446147 -13.782561 
0.108970 0.048925 -0.191775 0.755854 -20.469276 1.183615 1.749805 
0.148499 1.121126 0.749871 -0.735472 10.633136 0.605444 -9.605477 
0.263983 -0.044469 -0.057278 0.164474 9.858180 -20.526478 -2.644111 
0.240265 -0.236963 -0.371532 -0.037535 -11.657109 22.895700 -4.756834 
0.217954 -0.053170 0.340087 0.403877 8.253679 -8.203028 -2.187464 
0.444167 -0.350030 0.611483 0.617029 -2.807787 12.523735 -4.619043 
2.752555 0.191886 0.058581 -0.683551 -0.923211 12.525781 -20.327454 
0.266546 0.159594 0.205087 -0.474420 12.568976 -0.381849 -14.855063 
0.104305 -1.345290 0.232465 -0.094685 -8.141025 7.844394 4.835867 
0.144490 0.807780 0.301131 0.217195 11.818231 15.143415 -15.640826 
0.094619 0.042260 0.127852 0.587669 5.740642 -4.321420 0.456439 
0.144851 -0.642128 0.461196 0.486501 8.447791 6.445916 20.335252 
0.132290 0.254991 -0.531409 0.615703 -10.243248 5.526014 20.702376 
0.524424 -0.199951 -0.323927 -0.658862 3.653055 -7.164724 0.461227 
2.804970 0.577854 0.231539 -0.104458 27.161362 6.049566 5.046632 
0.151725 0.553396 -0.079750 0.439298 -2.941534 6.887125 5.739667 
0.691052 -0.037332 0.733218 0.283834 -13.523710 -0.703047 -9.085590 
0.123125 -1.027511 -1.022012 -0.516987 -21.027167 -6.738396 -7.555860 
0.095501 -0.335880 -0.335068 -0.034578 7.854059 2.343590 10.094577 
0.082472 -0.179142 -0.094907 0.336500 0.392203 -6.351879 22.648027 
0.088000 -0.541395 -0.069807 -0.118275 2.005531 0.953459 20.963013 
0.106567 0.354415 -0.161842 0.136385 -13.019505 1.229557 5.595369 
0.083960 0.102953 -0.068795 0.039231 -9.847740 -21.109791 23.423079 
0.444394 -0.133798 -0.277497 -0.451044 -5.194619 11.829819 10.743063 
2.968598 -0.094841 0.375967 0.261773 -0.697677 1.222208 -22.278962 
0.118415 -0.805326 0.220884 0.731271 -9.937735 -1.365069 -10.362371 
0.123056 -0.215062 -0.388956 -0.134415 -6.106447 -9.113103 17.070915 
0.111967 -0.150767 -0.339977 0.127637 -18.640485 10.458859 -12.511624 
0.095336 -0.120527 0.299411 0.201906 -4.997570 0.642386 -3.714487 
0.085245 0.026270 0.213515 0.755858 -14.257151 -1.119237 1.917258 
0.219520 -0.251151 -0.329918 0.660852 -22.267719 -5.950812 4.838808 
0.269315 -0.446670 -1.115607 0.816897 -4.543187 -7.635443 10.716356 
0.084729 -0.313870 0.399626 -0.334436 0.786804 -11.525405 12.170911 
0.193296 -0.022185 -1.005473 -0.036917 5.787319 0.632174 15.570753 
3.042533 -0.328006 0.282506 -0.636815 -2.698677 -17.327135 -8.322747 
1.417540 0.898377 1.164967 -0.512739 12.604543 10.320108 1.476322 
0.348250 -0.498780 0.332018 -0.358036 -4.195792 0.304598 2.925142 
0.189420 -0.639163 -0.198647 -0.159810 7.614696 3.480494 17.127624 
0.222484 -0.181445 -0.268649 0.458999 5.360992 -10.907814 6.172483 
0.319069 -0.597198 -0.073735 -0.688933 4.659706 6.770747 -8.436836 
0.092091 -0.641259 -0.073288 0.457226 -2.757113 -6.749578 12.710994 
0.486369 0.293545 0.215294 -0.130689 20.150829 -12.599638 -6.176921 
0.293964 -0.318548 -0.375065 0.357128 11.116961 14.433321 -5.189901 
0.150389 0.273305 -0.582649 0.023490 -11.367961 9.861733 -7.699467 
0.098254 0.480742 0.076569 -0.417336 -11.215975 1.059806 -0.555144 
0.129777 -0.229519 -0.090641 0.090909 -1.860489 -3.240200 16.563916 
0.089968 0.575198 0.270481 0.806867 8.073134 12.984504 -7.724971 
0.178187 -0.403156 0.023570 0.146228 9.668077 -2.041576 -18.926211 
0.446547 -0.176992 -0.391288 0.128808 -19.062539 4.405194 -3.146684 
2.596189 -0.773044 -0.802709 -0.703874 -19.416615 -15.567817 -1.224309 
0.941679 -0.201559 0.002396 -0.275055 -1.073318 12.270183 -10.892827 
0.357477 -0.044363 0.840843 -0.338272 -7.095569 -3.655177 8.386108 
0.233141 0.255720 -0.306280 0.401341 -18.775882 11.185869 6.917310 
0.109886 -0.827993 0.331286 -0.159389 -3.992296 -3.237627 -6.737761 
0.103385 -0.503993 0.301623 -0.402023 13.210844 13.029360 10.122488 
0.307529 -0.863293 -0.296678 -1.382132 -6.739299 -12.316569 -10.287681 
0.224214 -0.830279 0.712505 -0.762656 -2.014309 -4.052258 -24.517160 
0.688471 0.445574 -0.599509 0.274304 6.141869 -1.498794 -8.299578 
0.121886 -0.127149 0.053891 -0.554872 7.981701 -18.889516 0.747961 
2.036878 1.404113 -0.811269 0.085019 10.733077 -10.151067 -6.960654 
0.108772 -0.330882 -0.034035 0.384833 -2.662880 22.164332 13.382882 
0.087214 -0.922763 -0.816907 -0.984728 -4.241501 -15.464758 -4.838558 
1.095005 0.012639 0.421279 0.524770 9.524660 6.298623 -7.899886 
0.462444 -0.257168 0.204941 0.755839 5.507077 -3.345190 -12.091760 
1.195467 -0.073169 -0.798590 0.065366 -0.104062 3.524772 2.893594 
0.124532 -0.847639 -0.372087 0.298321 5.850523 -3.062088 -1.839515 
0.239527 0.488814 0.296027 -0.504274 -5.965356 -9.326958 7.519802 
0.513647 -0.073924 0.593143 0.454168 8.062979 -3.375854 16.304283 
2.322161 -0.475313 -0.521859 -0.758425 9.786674 1.735083 -12.426316 
1.749945 -0.313589 0.885357 -0.211896 8.307264 -25.394834 -7.817728 
6.427225 -0.302614 -0.634470 0.481415 -11.065977 6.838543 2.618222 
0.187473 0.197401 0.087256 -0.645436 -8.882848 -7.287028 3.135188 
0.080411 -1.017172 0.593752 0.432286 -7.780950 13.058821 13.175152 
0.084886 0.072008 0.176902 0.209209 -23.542599 -4.306647 5.119258 
0.210734 -0.400968 0.686516 0.408945 -1.835482 1.398831 -11.741731 
1.039799 0.168349 -0.212326 -0.285883 14.933413 4.938616 15.733054 
0.589256 -0.387393 -0.123547 0.150549 10.566110 -8.079031 11.297725 
0.193774 0.186180 0.958866 -0.439897 -14.035301 6.747924 7.871123 
0.204408 -0.705826 0.201869 -0.133838 6.238143 -0.913482 -13.299320 
0.203976 -0.035010 0.251955 0.772902 -25.616066 4.913334 0.516059 
0.100379 0.060552 0.093209 -0.034510 -8.293639 -17.784264 -5.143055 
0.224716 0.420981 -0.582556 0.527013 0.047836 2.405490 21.966981 
0.736908 0.313010 0.045564 0.288650 4.721937 29.920734 0.220128 
0.183623 0.541573 0.350788 -0.929257 9.987363 2.725225 -4.315542 
5.763363 -0.568925 -0.682244 -0.214244 -4.428916 -10.863265 -1.801714 
0.155563 -0.468188 -0.424700 -0.304358 9.408148 7.842253 7.316546 
0.205052 0.256355 0.656277 -0.257529 -17.065863 11.413683 11.932280 
0.256881 -0.145560 -0.154462 -0.793424 -7.968894 -16.712735 8.286469 
0.383592 0.028401 0.019812 0.918327 2.839873 -20.805048 -2.377323 
0.115189 -0.288348 0.585472 -0.877960 -14.714006 17.776459 6.933822 
0.144188 0.511562 -0.276072 0.291952 -13.870593 0.584411 7.785773 
0.208231 -0.115619 0.327399 -0.158093 -15.370247 5.881482 22.939851 
0.523071 -0.856116 0.241605 -0.598454 -3.145049 -8.178289 5.381755 
0.460238 -0.571482 -0.074812 1.236036 10.914282 0.396615 13.227066 
0.500482 0.462006 0.117200 -0.669669 -1.731184 15.098504 -3.834912 
0.190881 -0.299702 0.537794 0.798567 19.594871 4.488565 19.064179 
0.095002 0.114259 0.491022 0.009933 -3.537345 -7.847217 -8.326555 
0.282526 0.750711 0.040274 -0.410536 1.494897 -3.372018 10.863018 
7.200905 0.161254 -0.041804 0.738145 -15.686750 6.949715 16.118025 
0.639887 -0.240408 0.532601 0.706715 -20.992540 2.881238 -7.822005 
0.088337 0.039893 0.073593 0.148281 3.076600 -16.816275 5.611825 
3.427020 0.284381 -0.322942 0.433448 11.911099 -2.004993 14.076706 
0.286232 0.095971 0.129079 -0.285328 -12.017491 -20.359528 1.694338 
0.111446 0.062602 0.115711 0.530890 -8.547278 15.375935 17.596614 
0.194955 0.428965 -0.107154 -0.145317 -2.159049 11.827219 3.880417 
0.190041 -0.187882 -0.016160 0.507076 -21.911051 5.905186 -8.342331 
0.170109 -0.154584 0.557810 0.162372 -5.178135 4.872203 16.200826 
0.162386 0.349833 -0.344568 0.463329 -18.551831 6.476753 9.481436 
1.166044 0.617314 -0.551598 0.681247 11.886715 10.791488 23.192753 
0.584740 1.286220 0.264753 0.344767 6.385696 -1.753605 3.019706 
0.396613 0.215724 -1.238988 -0.320818 -8.928128 -6.451828 -11.251241 
2.418064 0.078194 0.050008 0.227840 -16.016018 9.592478 -6.129298 
1.010429 -0.711975 0.464426 0.200550 2.930166 -5.725769 0.202667 
2.532142 -1.319572 0.341795 0.007990 -5.893951 -6.418310 -0.808120 
0.107929 0.281070 1.035268 0.616718 5.983125 -0.591860 5.185584 
0.167175 -0.643035 -0.004902 -0.806268 -3.100700 -0.969611 -5.178913 
0.254952 0.952040 -0.902083 -0.121183 12.483103 -0.155631 -11.026747 
0.429694 -0.315977 -0.313263 0.422673 17.622755 9.244151 17.247582 
0.496826 -0.507332 -0.180154 -0.622412 6.348468 -4.217454 9.042416 
0.121547 0.520087 -0.349598 0.438830 6.185250 -31.956221 -3.306748 
0.215928 -0.076673 -0.320680 0.392031 -0.944543 24.657302 2.955798 
0.270339 0.032722 0.995719 0.604964 -8.601543 -3.104243 0.490208 
0.080083 -0.736072 0.257570 0.307841 3.922229 1.722536 16.681306 
0.272801 0.549642 -0.464545 -0.049844 10.072815 -0.514301 3.727307 
0.248941 -0.812565 -0.297275 0.654057 8.418471 -8.027713 5.905413 
0.198171 0.051542 -0.135117 0.330643 0.742565 -18.298053 -5.856779 
0.125940 0.098146 -0.352339 0.181316 -2.995217 21.192350 5.656602 
0.397489 0.035100 -0.257652 0.398272 8.798464 -9.479335 13.512590 
0.109822 0.365273 0.233569 0.349511 31.038436 0.108175 -4.849920 
1.950578 -0.385883 0.732239 -0.370633 -4.442696 -12.299229 4.998344 
0.085723 -0.076535 -0.158988 -0.299258 -6.414344 10.735350 12.979600 
0.261677 -0.081463 0.009841 -0.251728 14.149285 14.744952 2.498144 
0.410668 -0.613149 1.022105 0.270222 5.518620 5.146078 13.663209 
0.278253 -0.108498 -0.389935 -0.068615 13.079743 -7.617290 15.462026 
0.362834 -0.003240 -0.473505 0.175625 -15.055194 11.877668 6.848267 
0.191416 1.456712 -0.305109 0.013067 32.607169 11.719779 -4.490621 
0.204516 0.361267 -0.485891 -0.859071 11.380060 -3.183262 -4.208123 
0.119244 0.227045 1.124389 0.108846 -1.292950 -1.503066 10.255710 
0.394798 -0.420286 0.258376 -0.576422 2.436689 -6.869123 -1.016916 
0.108074 -0.031361 -0.135930 0.201867 2.431711 13.836759 -21.714791 
1.687457 0.687285 1.545897 -0.211204 15.309945 18.885755 6.560720 
0.142585 -0.344441 -0.761648 -0.076476 2.398636 3.444462 -8.496184 
0.999592 0.242484 -0.077664 0.068836 -8.974906 17.858325 -22.870422 
0.835224 0.905568 -0.710058 -0.113291 14.197070 11.439465 -0.852103 
0.133760 -0.430761 -0.616987 -0.327543 -16.922638 -5.296056 4.697085 
2.914902 -0.005661 0.085235 0.085857 27.892212 -12.680791 1.644996 
0.289537 0.045000 -0.123035 0.343454 -14.315161 -18.891876 -0.427092 
0.111589 -0.252983 0.125462 0.268460 4.332511 7.189469 9.610603 
0.666435 -0.189679 -0.125972 -0.071946 4.667104 26.179597 1.401824 
0.118124 -0.416521 -0.344592 0.031891 2.856051 -8.927894 9.684898 
0.082017 0.249100 -0.294616 0.423276 6.735001 21.227663 3.867868 
0.384643 -0.727140 -0.243921 0.202546 1.992809 -8.025187 -8.836215 
0.170390 0.154721 0.241159 0.226896 -14.390468 13.294480 22.028140 
0.164634 -0.184096 0.504971 -0.328622 -8.077093 -7.151007 9.695998 
0.710018 -0.629304 0.636077 0.241924 -8.252522 16.444758 10.539786 
0.490174 0.226428 -0.183440 0.577968 -6.070723 -4.152517 -16.999505 
0.209872 -0.130785 -0.481150 0.737141 -6.371648 9.706201 15.563114 
0.191407 -1.305890 -0.822387 -0.497169 -8.299418 -3.237524 -15.956921 
0.086220 0.210572 0.059144 -0.252483 25.220242 -1.588077 7.111234 
0.253249 0.345457 -0.650242 -0.051320 0.306083 14.079964 3.790629 
0.443660 0.199438 -0.031158 -0.108152 10.302932 14.404477 -4.294833 
1.478874 0.668523 0.459731 0.245051 1.966120 14.345393 5.144974 
0.997008 0.650116 0.524689 0.208016 -9.002630 -7.765983 -0.945453 
0.119733 -0.722035 0.778132 -0.741110 1.199250 -1.067564 -12.792247 
0.155712 -0.900196 -0.559913 0.591698 -4.592865 3.226866 4.614271 
0.248140 0.279681 -0.209936 -0.114289 28.461896 3.239532 -0.042339 
0.211986 -0.312684 -0.380416 1.552690 -8.808938 -12.598828 13.440936 
3.164370 0.133501 -0.131734 -0.688420 7.877214 13.099869 6.445300 
7.811175 -0.318573 0.868736 -0.201916 3.504287 2.318856 -1.901133 
0.119711 -0.587899 0.089582 -0.112800 -1.432209 -1.110587 19.672227 
0.081905 -0.258899 1.353448 0.389294 -0.334422 12.230575 3.143975 
0.128974 0.103262 0.669922 0.103274 -11.602839 -10.204847 12.529685 
0.098410 0.175516 -0.031380 0.171454 -21.814712 0.137778 -8.454241 
0.208666 -0.656641 -0.311922 -0.197981 -7.809927 4.706799 21.471829 
0.338702 -0.489416 -0.161062 -0.238991 3.588981 -22.802116 11.155583 
0.270406 -0.751985 -0.372477 -0.197357 2.898647 -6.543003 -15.966926 
0.261780 -0.500893 0.450229 -0.649723 5.748589 -1.211193 2.652318 
0.198271 -0.138566 -0.559116 0.401384 12.378869 5.723455 -4.214302 
0.547947 -0.557602 -0.310173 -0.179322 6.292892 0.948200 7.514063 
0.084496 -0.114942 1.215853 -0.127469 -6.076419 3.548366 11.527017 
0.547853 0.051111 0.365567 0.047292 0.121675 -12.695275 3.123137 
0.124445 0.390421 -0.590186 -0.012234 -0.717262 8.774100 10.844917 
0.573077 -0.306598 0.144799 0.029886 -0.879342 9.842563 -16.804768 
0.415176 -0.161361 0.218375 -0.214893 5.815032 -18.873271 -12.904699 
0.878922 0.310947 0.776592 -0.384859 -4.866346 -8.544036 -14.444895 
0.094683 -0.307679 0.994165 -1.011164 -2.483210 -0.081530 -10.734430 
3.025229 -0.987296 0.891640 0.242983 -1.107014 15.554484 -7.411593 
0.102725 0.081874 0.520407 -0.408509 -15.625248 -13.391417 -5.609965 
1.385436 -1.113969 -0.350916 0.084645 -19.357766 11.121715 7.614319 
0.188343 0.144914 -0.068993 -0.277103 22.223788 -11.205970 5.866392 
0.308804 -0.493291 0.356455 0.622181 15.119735 10.768870 2.400781 
0.266901 0.070319 0.847163 0.127706 24.013895 9.050155 4.202008 
0.352073 0.622266 -0.074501 -0.999325 -6.386488 -4.327171 -4.896400 
0.588656 0.021830 -0.487597 -0.812936 14.521716 -7.816842 -13.536012 
0.105091 -0.302035 -0.326122 0.285918 -6.151098 3.910829 0.445799 
0.147682 0.235956 0.261650 -0.849122 16.719514 -6.663426 -0.137521 
0.179358 0.567467 -0.341049 -0.039080 -9.900311 8.656242 -7.885301 
0.522896 0.239742 0.154436 0.112621 14.252765 -15.100715 1.313856 
0.141510 0.200639 -0.093103 -0.249544 17.070115 -11.666523 -10.216414 
0.105633 -0.211067 0.243296 -0.389782 -4.648716 -1.419364 -4.325284 
1.115389 0.047466 0.012550 -0.501174 7.277618 -10.170744 2.525099 
0.100224 1.358017 -0.652701 0.375570 14.292141 -12.690739 -7.194586 
3.043771 0.764812 -0.179317 -1.360454 12.643473 -3.390840 -10.917755 
1.677124 0.030880 -0.730887 0.753431 6.707547 -6.740919 -2.284403 
0.154714 -1.460856 -0.331547 -0.071918 -8.552166 -7.296868 -5.901563 
0.509531 0.134078 -0.105953 0.281144 14.836211 8.263227 8.784062 
0.118595 0.726818 -0.536709 0.621225 5.097734 2.700370 3.304679 
0.192470 0.284310 0.024140 0.089485 25.278856 -5.568829 9.073957 
0.156661 -0.090007 -0.919533 0.688198 2.424328 1.291458 18.236406 
0.269171 0.374223 0.075569 0.391620 4.728390 4.435141 -11.457158 
0.275015 0.496838 -0.066280 0.325457 -17.311072 11.382731 6.641758 
0.133107 0.239940 -0.038516 -0.437085 -15.188817 6.480754 8.978361 
0.116244 0.421272 -0.223358 0.229719 6.726697 -16.985448 3.785847 
0.262815 0.008699 0.058548 0.613669 -8.782337 -21.014628 11.259287 
0.152197 0.500385 0.016969 -0.364047 -16.061380 7.279437 -20.822275 
0.591538 0.569658 -0.545729 -0.063212 3.911235 -14.649298 -23.903908 
0.273814 -0.695849 -0.576110 -0.115827 2.195546 1.817161 2.057226 
1.296377 0.161859 -0.167566 0.078581 -6.526359 24.591558 15.902999 
0.625099 -0.132950 -0.279703 -0.484726 3.733019 -9.710117 17.987279 
0.953431 -0.786840 -0.335939 0.257273 -18.406770 -7.729109 19.284378 
1.362864 -0.739056 0.161923 0.302396 4.264664 8.691385 -4.664340 
0.388981 0.336960 0.161976 -0.161035 -15.482105 9.184888 14.489071 
0.178332 0.436239 -0.569355 -0.384322 29.582647 0.113854 2.697325 
0.372184 -0.587160 -0.066887 0.704608 -7.231475 -11.265081 3.807017 
1.884918 -0.324709 0.182221 -0.271935 -27.669709 0.094818 0.804456 
0.093160 -0.948971 -0.314736 -0.589229 -4.802107 -6.995626 -4.325919 
0.093696 0.016606 -0.603261 0.015593 7.555987 -10.723955 5.224760 
0.080850 1.297450 -0.381611 0.587353 9.947980 -17.790459 13.351827 
0.277717 -0.153827 -1.579173 0.348504 0.859207 -11.848441 16.149229 
0.330199 -0.314565 0.024826 0.423868 -10.084256 17.304162 9.376238 
1.020862 -0.242323 0.580675 0.168267 20.014828 4.111736 -1.424282 
0.554068 -0.003929 0.057030 0.226672 -14.830806 9.725815 15.553647 
0.410517 0.900800 -0.089750 0.034820 0.547417 -2.922679 14.510646 
2.241100 -0.117199 -0.221833 0.499762 -28.528559 8.892253 6.316024 
0.769947 -0.398645 -0.294974 0.761642 -9.282999 -4.665914 -14.402418 
0.085466 0.528785 0.438980 0.332049 -2.318740 -14.984948 -11.603229 
0.645582 0.029607 0.183388 0.653717 -8.034180 10.418652 -11.086036 
0.291207 0.381170 0.115436 -0.114173 28.306635 0.409361 -11.654111 
0.780826 1.058690 0.527705 0.025821 1.620223 21.202410 5.964468 
0.178041 -0.183501 0.016404 -0.037937 -8.340977 8.884597 14.626462 
0.111657 0.666191 -0.227254 0.029212 6.632180 9.981189 10.978189 
0.141933 -0.436143 0.489951 0.665172 -5.144798 -10.650484 -3.513713 
0.503658 0.344868 0.307475 -0.356714 -6.997435 -9.552186 13.375297 
0.266518 0.872336 -0.310384 -0.444268 -4.879709 -11.482547 -12.945648 
0.136578 0.085144 -0.117220 0.241916 27.685672 5.439176 8.161120 
0.126498 -0.180115 0.209659 0.037604 -18.430025 -16.296931 -14.818935 
0.081261 0.768974 0.948569 0.335974 20.735234 -3.201705 -1.482455 
0.167252 -0.060347 0.102897 0.078451 -4.158878 -4.117703 4.468275 
0.607244 -0.543474 1.502651 0.510423 -1.517677 14.775260 2.120721 
0.266741 -0.008283 0.159621 -0.255509 -21.745198 10.007302 9.040538 
0.157175 0.573773 -0.246176 0.666881 -15.856751 -10.350824 21.338200 
0.366807 -0.252525 -0.294746 0.201989 10.673160 -15.331889 -17.751424 
1.030213 -0.119720 0.026877 0.762244 3.583431 1.611639 2.354935 
0.140945 1.182719 0.908596 -0.225695 14.979953 3.427004 9.535935 
0.288794 0.153201 -0.238859 0.255973 -12.474641 -2.397952 -23.695558 
0.182724 -0.356314 1.035139 0.333563 -11.386150 1.665535 -9.289607 
0.115248 -0.771470 0.802350 -0.039303 -15.605122 9.112359 5.087341 
1.012019 -0.404694 -0.515450 0.524069 1.017254 7.187467 -5.663384 
0.292049 -0.550800 0.300698 -0.123173 -8.399773 -19.205316 6.143215 
3.273691 -0.164921 0.025218 0.197208 3.549877 4.330079 17.168378 
0.507219 -0.037700 0.856404 -0.041081 -15.493414 7.042079 21.047836 
0.325723 -0.833614 0.053010 0.815552 -9.698707 8.086711 -7.008004 
0.153073 0.309470 1.078013 -0.813738 13.068025 3.905866 -31.905710 
0.229855 -0.163836 0.149884 0.341887 17.841074 10.865901 10.383361 
0.196589 -0.229266 -0.281342 -0.235840 4.956669 1.753414 -13.634546 
0.095001 0.284754 0.028189 -0.053040 -4.172428 5.376662 -26.346454 
0.458870 -1.027055 -0.786749 -0.126951 -3.037373 0.692135 -1.487365 
0.085890 -0.627104 1.246174 -0.175807 0.215900 17.486829 18.472804 
0.170408 0.510722 -0.210760 -0.093603 -12.946334 10.698372 -8.111463 
0.130084 0.260303 -0.484825 0.247882 -0.717949 -4.477722 -3.528669 
1.384359 -0.460276 -0.354788 -0.085273 -2.544557 3.530931 10.048276 
0.642711 -0.048229 -0.255616 -0.195621 -9.080763 10.182862 -10.329885 
0.176254 -0.855426 -0.352859 -0.302033 1.263961 2.247858 9.640353 
0.156623 -0.031093 -0.580910 0.104735 -22.542904 -9.305258 3.898989 
0.874755 0.223775 0.098498 -0.162928 -16.597563 -9.602157 -4.943666 
0.628183 -0.172015 0.525029 0.168719 1.230838 -9.762238 19.017919 
0.127719 0.554672 0.008445 -0.367553 15.146322 -7.644347 20.136973 
0.209256 0.287847 -0.216666 0.449420 -9.797711 -2.547798 10.534199 
0.393003 0.416806 0.128652 0.122916 15.478679 6.527349 -5.415139 
0.395444 -1.054489 -1.003394 -0.562320 -6.369612 -11.290562 3.324600 
0.150757 -0.425447 -0.271044 0.284732 16.011195 -16.090461 20.049075 
0.613619 0.279457 0.291594 -0.499763 17.744671 -4.829798 -22.413046 
0.371705 0.415431 -0.553772 0.149662 13.817784 13.243453 9.493123 
0.128172 0.090510 -0.153751 -0.324795 -1.392041 24.434878 7.213302 
1.227367 -0.737993 0.336161 0.166108 -16.904212 22.672072 10.315871 
1.287495 0.101690 -0.018390 0.005719 -8.058381 -10.317118 -8.518282 
0.285623 -0.406073 0.219114 0.258349 -18.443225 -17.613597 -12.620890 
0.186793 0.120009 -0.219838 0.491792 -1.555667 4.130826 -7.267971 
0.151928 0.881064 0.241174 0.118062 -3.093107 -6.059226 -6.662419 
0.107729 0.132622 -1.066900 0.133875 4.073047 -1.286417 -8.533490 
0.789450 0.046394 1.003375 0.559460 0.417877 -2.716808 0.127384 
0.417882 0.644982 0.283277 -0.915369 13.495002 -0.578753 6.737001 
0.415458 0.122805 -1.606194 -0.661600 -5.379335 -21.454322 1.707364 
0.510419 0.516410 -0.441461 0.053821 -1.989266 16.505620 10.939903 
0.130425 0.569020 -0.198065 0.524231 -5.293317 -5.274637 12.597497 
0.312402 -0.715744 0.681935 -0.270309 7.430960 0.587744 0.498800 
0.489643 0.245706 0.049864 -1.480800 -3.073011 6.446305 -18.699445 
0.449688 0.094130 -0.405601 0.860786 17.134867 13.762174 10.777701 
4.640213 -0.944261 -1.683186 -1.745797 -8.298109 -24.878543 -34.879333 
0.102329 -0.594088 -0.475823 0.493520 11.630944 -5.158461 -0.803373 
0.088752 0.022075 -0.400809 0.335551 -30.005176 4.758046 6.681816 
0.124181 0.127638 -0.518725 0.589540 11.681448 -17.962561 2.777958 
0.142677 0.731166 -0.222852 0.008840 -10.401130 -6.581605 -12.916363 
0.646196 -0.732864 0.792886 0.198768 -4.844333 6.175640 -20.038212 
0.112694 -0.065723 0.436827 0.529719 -16.188321 -16.742639 3.782315 
0.176104 0.465655 -0.062237 0.928898 -7.686244 -8.703661 3.620852 
0.106965 -0.050484 -0.249017 -0.299508 -15.139053 1.402580 14.517190 
0.330430 -0.554205 0.806618 0.126087 -9.513935 4.596456 0.214483 
1.059937 0.307690 -0.057403 0.064938 16.579994 -6.512720 -14.442283 
0.446854 0.049061 0.673287 -0.129408 5.053183 4.439866 -12.920544 
0.249843 0.160310 -0.023649 0.181027 -8.528866 27.012047 19.406637 
0.126972 -0.168434 -0.301517 -0.533112 -6.429852 1.426940 -5.201580 
0.148713 -0.412041 0.188460 0.216236 5.953902 -6.426821 15.965333 
0.153845 0.655650 0.496923 -0.041087 11.555804 10.539894 -5.849175 
1.523067 -0.095830 0.513458 0.041255 -0.171688 -12.628049 6.847493 
1.665441 0.216444 -0.875044 0.143084 4.179767 0.493548 -16.741475 
0.167356 0.308806 -0.146276 -0.081835 12.820827 19.854042 10.553335 
1.433413 1.590952 -0.523023 -0.162187 15.649452 -17.304660 1.121921 
0.264805 -0.175763 -0.956847 -0.060166 -14.103018 -13.335469 4.178028 
0.110793 -0.068065 -0.144678 0.494493 -5.695136 12.620289 -17.914026 
0.180061 -0.265056 0.521405 -0.259834 -4.638437 1.515960 3.943155 
0.195410 -0.129035 0.123837 -1.438707 -1.085596 2.046013 -8.392743 
0.091610 1.097625 0.437378 -0.292974 11.402528 5.115346 14.968543 
0.100160 0.098263 -0.549768 -0.313326 -13.417347 1.112532 2.972074 
0.329612 -0.451631 -0.131181 0.609835 -9.221852 3.226902 7.602643 
0.174903 0.128211 -1.136574 0.200412 -11.186785 -12.444182 -7.691416 
0.088879 -0.125477 -0.055294 0.017981 -15.877131 6.544937 -3.945687 
1.382242 -0.575711 0.043776 -0.959272 8.125372 -12.011034 -8.929616 
0.137418 0.444704 0.452307 0.372846 -16.945291 -4.394153 12.183115 
0.550522 -0.893755 -0.197395 -0.266173 -2.908475 -18.345871 8.858292 
0.977405 -0.008186 0.808926 -0.308300 -11.776379 9.271091 -7.605890 
1.078071 -0.355814 0.431990 0.509182 1.343320 15.316533 -6.198902 
0.158053 -0.171136 -0.493639 -0.064347 14.905196 -28.653785 -2.182451 
0.173348 -0.217037 -0.049326 0.132566 11.322022 -3.257715 -14.826428 
0.082934 0.163139 -0.446587 0.954519 15.995122 5.283757 -0.447815 
0.136636 -0.191636 -0.018700 0.233903 -18.671482 -12.145812 15.747158 
0.143734 0.783582 0.389387 0.057703 -5.220894 2.302807 -10.388039 
0.441192 -0.571126 -0.036124 0.070761 -3.960393 10.944476 -11.589184 
0.419927 -0.472381 0.065389 0.496720 8.090610 -16.804951 -3.385132 
0.233936 0.387842 0.502396 0.577476 -19.352633 -0.570347 10.215562 
0.472655 -0.578785 -0.143921 -0.171661 -3.045306 -10.668908 -12.154770 
0.114863 -0.497002 0.200385 -0.042040 0.743054 4.875677 -23.166315 
0.090134 0.199482 0.069238 0.169951 10.739815 20.191869 -0.682015 
0.541043 0.533221 -0.053275 -0.488062 25.877727 -4.547148 9.281704 
0.282572 -0.128452 -0.223384 -0.015257 -28.440813 -4.542270 8.264072 
0.115642 0.832286 -0.527209 0.059740 9.748202 -12.361829 -0.043655 
0.081355 -0.316402 -0.080966 -0.872833 -24.207112 8.639495 -9.440730 
0.367829 -0.276309 -0.900967 0.234213 -5.181032 0.108593 5.456708 
0.139629 -0.464199 -0.247001 -0.115266 3.549739 -20.751388 -1.009770 
1.352784 -0.474874 0.038552 0.305410 1.372706 -4.412414 -11.175251 
0.125255 -0.359611 0.407468 -0.145012 11.096707 -10.838384 -15.797008 
0.401327 -0.092646 -0.471550 1.222498 -1.115903 -5.413822 19.923428 
0.285734 -1.126155 -0.587488 -0.435275 -2.232023 -18.181127 1.468555 
0.395651 0.369654 -0.388589 -0.213028 20.937729 -7.041490 -2.580593 
0.293098 0.586098 -0.385871 0.428711 -9.736517 -4.653657 9.599861 
0.087827 -0.719219 0.540709 0.145098 8.332607 10.130609 8.601459 
0.145431 -0.735548 -0.474838 0.505336 -11.231896 2.079148 -16.761280 
0.180115 -0.522412 0.591562 -0.418269 -21.367499 8.473494 2.597625 
0.096200 -0.111320 -0.305344 0.028467 3.713921 -10.776647 -2.921409 
0.666776 -0.342023 -0.283277 0.562289 -19.088501 -9.665688 22.717232 
0.204329 0.100457 0.409295 0.003759 -1.658751 -0.859072 10.149830 
0.115895 -0.094660 -0.398230 0.604809 6.115869 14.091426 -6.453105 
0.093908 -0.270464 -0.392447 -0.549579 5.543145 -7.591689 9.200608 
1.218377 -0.742038 -0.496199 0.433007 -6.633416 15.117177 7.654968 
1.577937 0.460285 0.475787 0.373876 -13.600753 -8.140889 5.291202 
0.624013 0.252237 -0.176465 0.594510 -5.338336 -9.131440 -8.128948 
0.094581 0.203232 0.923010 0.345359 13.708873 -5.554159 3.678278 
0.082735 -0.204107 -0.113132 -0.725688 3.469049 12.785634 2.200884 
0.117562 0.534175 -0.864158 0.114690 -3.696720 -3.886883 -16.129510 
0.104059 0.065455 -0.573767 0.334814 3.234466 -5.040194 -15.579675 
1.175398 0.217044 0.263992 0.650342 -9.515586 -10.164904 21.845294 
0.164169 0.709351 1.589113 -0.119283 15.479082 11.950556 -14.233273 
0.291452 -0.389842 0.379148 0.146855 -9.339034 -9.490877 -15.174854 
0.206673 -0.142718 -0.126429 0.181784 -19.109251 -20.771566 -4.834674 
1.289324 0.135172 0.577248 0.932687 18.590020 24.694471 1.192114 
0.086315 -0.061616 -0.083701 -0.462677 -15.409842 4.440878 -7.847818 
0.235153 -0.068258 0.296940 0.425573 2.285384 -21.844831 -0.348192 
0.115719 0.358285 -0.373811 -1.127388 16.599827 -15.350279 -17.176377 
0.363410 -0.198625 -0.415938 -0.426655 10.450813 0.482346 9.677695 
1.751386 0.933438 0.223457 -0.469265 12.396076 -5.527322 6.601681 
0.207984 -0.424062 -0.146475 0.450837 4.423308 -1.780048 -13.183960 
0.102911 0.187251 -0.938397 -0.484035 11.600769 -10.551273 8.500224 
0.178659 -0.481571 0.966716 0.180936 8.113225 3.971889 6.870898 
1.266026 -0.321348 0.799518 -0.440408 2.567906 0.931956 -10.689226 
0.304509 0.552111 0.349437 0.436046 -2.192880 -15.922672 -1.095370 
0.111776 0.084372 -0.031971 0.249497 -18.319360 6.690172 0.611129 
0.518423 -0.791110 0.287278 0.550315 -17.088004 -13.211488 25.385985 
0.412206 0.505973 -0.443242 0.198448 -16.074379 0.557958 15.700458 
0.151101 -0.190243 -0.124475 -0.598217 8.259244 11.166842 1.203987 
0.220913 -0.224396 0.821325 -0.083183 10.790955 4.532768 5.739195 
1.412488 0.060751 0.048001 0.107889 7.179031 -8.246734 -23.094405 
13.278585 -0.129874 0.630362 0.201138 -16.454266 -1.950547 6.525389 
1.463321 -0.449153 -0.340904 -0.154230 -15.373700 20.343081 5.256358 
0.120159 0.276259 -0.688297 0.493214 10.148528 11.712211 10.750503 
0.365350 -0.283248 0.624691 0.100399 8.633888 -9.777484 8.802306 
0.105973 -0.378737 -0.348331 -0.586232 -3.953104 0.793553 14.513537 
0.295892 -0.742463 -0.462058 -0.123348 3.995934 5.733752 10.220747 
0.206326 -0.474503 0.003419 -0.160158 -1.897598 6.387138 3.094653 
0.093712 -1.280494 0.344938 -0.116851 -3.794828 7.299847 -1.466493 
0.095148 0.233141 -0.365682 0.368775 3.065223 12.701239 9.111217 
0.206538 0.168073 -0.750949 0.157827 -19.363545 -17.923762 6.224432 
0.086877 0.393058 0.505133 0.673342 -3.031367 -5.310316 -4.835229 
0.089099 -0.020399 -0.085680 0.868372 -7.739020 -17.307434 8.608860 
0.510706 -0.557778 0.085882 -0.292605 -16.746955 12.425415 14.598712 
0.209703 1.155658 -0.852694 -0.527302 18.077402 -4.176340 -5.200934 
0.558090 -0.163246 0.908658 -0.195326 0.423797 -3.058085 12.589057 
0.094925 -0.092199 -0.288688 0.234033 7.304628 -4.368332 -19.937499 
0.169485 -0.024955 0.265936 -0.741993 1.244366 -11.539285 -6.927028 
1.190304 -1.024846 -0.617058 0.263089 -10.461613 -16.591572 4.887825 
0.229716 -0.131625 -0.228632 0.004606 -10.958061 -23.137680 -6.487735 
0.590880 -0.015154 -0.256490 0.450189 -23.597323 -3.309704 -5.264879 
0.480535 0.351100 -0.038558 -0.021445 0.096171 8.260284 -2.565005 
0.234429 0.265805 0.172733 -0.258919 -20.885503 -6.581866 -9.705219 
0.582021 -0.698684 0.269112 0.049535 -16.272430 9.843290 -21.605333 
0.189197 0.483197 -0.611237 -0.624192 1.352323 -1.907942 -0.585704 
0.259575 -0.727392 0.253397 -0.617982 11.361519 2.170164 -13.576151 
0.447006 -0.050238 -0.100153 0.297887 -24.526430 15.280183 -10.392310 
0.147887 -0.544036 0.500662 0.175697 8.400847 -1.673565 3.953788 
0.231699 -0.253253 0.535626 -0.035466 1.719805 -12.448335 -2.521017 
0.453708 0.045337 -0.242295 -0.093273 9.487850 -12.779059 7.559602 
0.920339 -0.806493 0.718089 -0.710989 2.525696 12.248175 -12.281381 
0.955703 -0.103692 0.061703 -0.325329 -3.642938 15.311883 11.058665 
0.084577 0.181622 0.455011 -0.222317 -1.994892 -6.759086 -14.885825 
0.160624 -0.270066 0.056158 0.037410 -2.928875 21.435085 11.648498 
1.172148 -0.146110 0.357405 0.336290 -3.513586 -0.512173 -14.936897 
0.760534 -0.263567 1.451438 -0.254346 9.278892 21.942901 14.943336 
0.114553 -0.701843 -0.386672 0.056537 9.946540 -15.739944 8.555003 
0.117572 0.630543 -0.369290 0.082788 15.993109 -27.983948 -5.605928 
0.762149 0.887414 1.563958 -1.511926 23.565327 33.005613 -10.122765 
0.232792 0.425111 -0.863561 -0.144238 0.391971 8.655648 -6.127670 
0.215009 0.006720 0.323008 -0.059230 -1.237401 4.050669 -3.443977 
2.204810 -0.179888 -0.166845 0.088509 -3.684053 19.930290 0.753976 
0.129032 -0.814414 -0.408410 1.732526 2.227801 -18.429565 38.201647 
0.374042 0.914854 0.454023 -0.331319 -1.514815 -1.722669 0.576010 
0.205433 0.113211 -0.151364 1.087829 -13.909166 17.925598 11.500859 
0.160079 0.442416 -0.619808 0.139330 -13.131893 2.264257 6.779630 
0.136090 -0.789681 0.670227 -0.403897 -12.744810 -4.376603 11.206243 
0.119841 0.276336 0.290542 -0.130442 6.976031 18.515829 17.047302 
0.201503 -0.852655 -0.057907 1.315433 -3.985635 -11.074691 12.962132 
0.611073 0.480931 0.114095 0.507589 -10.103155 -14.325005 -5.579087 
0.115016 0.674986 -0.022206 -1.282821 7.626849 -14.314311 -12.285308 
0.399244 0.357796 -0.501518 -0.002357 17.059792 -16.956116 7.593246 
0.131342 -0.540765 -0.470855 -0.932372 -3.641768 8.550785 -8.188404 
0.174201 0.051260 -0.899045 0.430593 -0.241523 2.289185 23.808315 
0.089275 -0.243651 0.101912 -0.004190 18.693983 1.382658 -5.506058 
0.438872 -0.308993 -0.428019 0.497650 16.869517 1.831197 3.664409 
0.085636 0.194375 0.013202 0.309898 17.474040 -5.926446 -8.570813 
0.582912 0.164380 0.034330 0.198168 -2.082709 0.725191 1.382234 
0.240412 -1.141922 -0.076753 -0.049183 -15.280510 -0.814719 21.461126 
0.226021 0.729389 0.076745 0.205041 -1.200529 4.835121 20.706040 
0.107205 0.194078 0.491077 -0.270119 -12.898945 -4.164111 -1.625551 
1.102835 -0.280637 -0.033255 0.059943 13.471112 1.093149 24.543742 
0.266126 -0.032155 0.634459 0.044016 -22.494855 8.003581 -15.283816 
0.409423 0.147374 1.178782 -0.544310 -9.764865 9.609366 -6.530890 
0.089384 -0.101475 0.451383 -0.239893 15.469266 -11.344345 -13.205399 
0.113871 -0.347997 -0.362003 -0.185522 9.602566 -6.856092 -8.098788 
0.746267 0.095461 1.493368 0.015575 -2.724616 8.557736 -8.651966 
0.219386 -0.712414 -0.546830 -0.300952 8.918023 -20.202555 -11.373568 
0.439077 0.443110 0.017387 -0.281864 -16.451968 5.439438 -17.141055 
1.444015 0.527196 -0.337884 0.143158 4.360768 -1.636267 -7.163761 
0.102731 0.275936 -0.961761 0.563863 9.185054 0.466379 2.452143 
0.202560 -0.408699 0.022551 1.164100 19.518810 25.930709 61.252285 
0.091773 -0.232280 0.476748 0.179562 -0.490570 1.473389 -9.913043 
0.159646 -0.636900 0.771337 -0.715806 -6.678095 -5.591824 -4.706651 
0.210510 0.242996 0.716630 0.146742 -19.225934 -1.583709 2.365257 
0.129464 -0.307333 0.578864 -0.279997 8.019981 -0.459366 -1.414592 
0.235395 -0.209401 -0.560037 0.425246 -14.339507 11.674636 -3.237749 
0.392760 0.495440 0.392215 -0.367223 -7.561256 -11.824592 -6.590665 
0.340464 -0.092679 0.121697 -1.034262 3.764555 14.036941 -1.969304 
0.558675 -0.000954 -0.360895 0.337811 22.687819 4.912033 -5.399391 
0.269181 -0.030621 -0.050453 0.641157 2.550192 -2.204905 22.261623 
0.080832 0.173221 0.517360 0.106118 6.150347 13.950253 24.034340 
0.161454 0.320132 -0.010480 0.210204 -11.211420 -13.973549 -17.622236 
3.272843 0.071294 -0.036950 0.073114 -11.817448 2.439561 -9.979362 
0.126733 0.784157 -0.008448 -0.141073 -4.147403 -19.157298 -4.711386 
0.147442 -0.474759 -1.183044 -0.513641 -3.186485 -28.245422 -1.362939 
0.234874 -0.013636 0.380883 -0.555081 -11.517755 9.637093 6.104783 
0.088322 0.390413 0.261219 -0.799567 -4.016005 6.701408 -14.159593 
0.124823 0.393445 -0.228707 -0.793033 -10.087296 2.472527 3.544725 
0.134972 0.596542 0.577550 0.499447 12.990433 9.773042 1.238624 
0.114632 -0.023333 -0.365532 0.376588 -1.443277 12.045136 4.986886 
0.145861 -0.561238 -0.455936 0.555700 9.399496 4.540153 -3.825210 
0.263366 -0.087803 -0.088374 -0.648528 -7.243535 9.939531 9.208798 
0.973808 0.275814 -0.312497 0.058609 -10.417270 10.647114 -3.699343 
1.966409 0.173198 -0.008635 0.129899 -4.078783 13.302374 -16.838730 
0.137245 -0.342939 0.027906 -0.663153 11.743329 -3.723411 -2.694550 
0.175886 -0.141485 0.251504 -0.263769 -11.043551 -10.047151 6.175268 
0.427154 -0.514151 0.186497 0.503470 -3.689993 -14.424676 9.221128 
0.305641 -0.453823 0.417412 -0.304748 -4.618113 -16.628866 -9.621446 
0.126873 0.135740 -0.261831 -0.131179 1.890943 -4.773151 5.525409 
0.202129 1.083583 -0.430361 0.484934 10.133810 -0.863526 20.950443 
0.103947 0.835727 0.480252 -0.178543 -5.643496 15.622112 4.691190 
0.160192 0.152362 -0.850112 0.290384 17.561652 -2.968550 8.087171 
0.087931 -0.390579 -0.020238 -0.439066 -11.096842 -5.443103 12.434748 
0.201166 -0.222228 0.174715 0.081485 -21.062498 -12.871851 16.549219 
0.129271 0.079904 -0.448769 0.657599 -15.162828 -1.468925 -4.461583 
0.244547 -0.376590 0.189204 -0.208399 -8.032254 -3.452593 23.910891 
