0.202999 -0.094701 -0.574596 0.509159 -6.817335 15.507834 -0.550096 
0.583882 -0.807689 0.092384 -0.418689 2.939564 24.460729 1.313476 
0.585149 -0.384435 0.145450 0.973237 6.086129 -0.146106 1.334982 
0.085689 0.400234 -0.478529 -0.304535 -11.361669 -12.420821 17.524661 
0.090936 -0.158265 -0.282564 0.459559 -3.573567 0.206172 -4.884214 
0.457888 -0.080050 0.933535 0.600012 -16.386761 2.803042 10.653344 
0.179449 -0.374341 -0.833488 -0.307068 -7.314717 -15.686874 -9.885428 
0.103175 0.647929 -0.136976 -0.674502 9.701995 -18.889113 -4.262563 
0.199182 1.503784 -0.091190 0.269084 21.144514 -10.144595 4.709235 
0.109107 0.573017 -1.237593 0.173069 3.656081 -14.746258 8.876439 
0.232498 0.440059 -0.124459 0.680738 4.739281 -12.566495 0.602214 
0.683878 0.390323 0.814882 -0.425170 -9.790358 4.428721 -20.007642 
1.809017 -0.164965 -0.008944 0.284545 -1.546526 11.555548 -5.652966 
0.133767 0.103273 0.614563 -0.609774 25.221642 12.647647 -4.200570 
0.207935 -0.681495 -0.103964 -0.925342 -11.891824 15.898935 -11.711153 
5.586845 -0.642533 -0.263787 0.509053 1.467960 -1.935115 -7.969555 
0.099031 -0.353305 -0.612862 -0.330296 1.336500 -6.430702 15.819810 
0.095457 0.316718 0.328925 -0.167838 -8.108414 -6.083413 7.768945 
0.166412 0.149301 0.766679 0.180851 8.431707 10.136593 -20.540943 
0.401973 -0.596170 0.127364 -0.563213 -0.561435 -26.002857 -2.039403 
0.149690 0.296955 -0.014852 -0.293583 11.363440 10.746952 12.620046 
0.135040 -0.730146 -0.498887 0.064161 -1.403782 13.027406 -5.851537 
0.230700 0.753859 -0.247830 -0.695969 7.742771 10.024049 -10.901368 
0.296048 0.374856 -0.831656 -0.443142 -1.941240 -6.198035 7.169305 
0.089040 -0.291396 0.015794 0.151377 -1.018808 -12.425706 14.459713 
0.218861 0.163305 -0.560923 -0.323986 18.810582 -12.015371 -8.692709 
0.780326 0.434580 0.289837 -0.238386 13.639487 -11.652624 -19.689384 
0.110177 0.686452 0.714275 -0.632228 10.853256 15.997924 7.068608 
0.308745 0.209673 0.363138 -0.122923 24.820139 -23.240187 -17.509182 
0.930095 -0.243010 0.028976 0.400768 4.200554 1.220853 -16.179880 
0.154448 -0.508940 -0.332603 0.097514 9.214294 15.422397 -11.560998 
0.449860 0.186916 1.082927 -0.279284 -3.918087 11.296576 9.199313 
0.194281 -0.891653 -0.139591 0.462238 -4.233867 -6.261900 3.705588 
0.121470 0.487134 0.286829 -0.140143 -8.003393 13.511029 24.505894 
0.388680 0.002660 -0.407361 -0.611005 3.011065 5.996992 -10.679601 
0.552874 0.593279 -0.703766 -0.366748 -0.318878 -23.527601 9.802747 
0.107074 -0.373105 0.724736 -0.124312 0.362985 -1.499481 16.347654 
0.218546 0.932335 0.940305 0.302617 7.765811 15.203633 0.615241 
0.118025 0.324519 0.709404 -0.237820 -12.038310 -9.689212 -10.057238 
0.176826 0.284750 -0.176181 0.186072 -2.152243 -13.894323 17.866215 
0.123628 0.318117 -0.650839 -0.861766 -2.433813 -0.801406 -8.704772 
0.103987 -0.193283 -0.753689 0.796095 17.166208 -1.657743 28.906262 
1.612405 0.134555 0.126315 0.364861 -4.294832 -0.872202 14.735004 
3.952128 -0.359560 1.276275 -0.292094 -1.986259 15.227053 7.587158 
0.090817 -0.436090 0.195925 0.218374 2.122050 -2.936088 -4.266380 
0.094271 -0.266267 0.961439 0.019232 -2.669842 -3.950618 -3.255814 
0.105198 0.522591 -0.224815 -0.765316 -11.879291 -5.614979 -18.059900 
0.122132 0.164054 0.093640 0.213416 -16.155959 0.957576 -0.786455 
0.167817 0.525715 -0.338530 -0.701461 -7.487425 -15.534265 2.256874 
0.138488 -0.531281 -0.973184 -0.722175 -2.329373 -23.002964 2.275442 
0.701272 -0.454345 0.080493 -0.725888 29.379211 4.453759 -16.763069 
0.367183 -0.097181 0.630177 0.542995 1.667351 -1.581421 24.116128 
0.116639 0.330339 -0.189763 0.094789 11.761138 -12.916237 -11.033215 
0.156405 0.038250 -0.076960 0.208896 -18.421272 14.587311 -28.417944 
0.118162 0.371787 -0.548271 -0.239082 2.773671 5.209509 8.384657 
0.151293 0.093760 0.128696 0.696181 3.719673 -8.313860 -15.220346 
1.456612 -0.011596 -0.001172 -0.561669 -14.340549 2.433581 13.766311 
0.095248 -0.204100 0.449768 0.589474 -4.991519 6.705173 -4.010516 
0.298886 0.268599 -0.074707 -0.710433 -2.786785 0.273628 10.705011 
0.512636 -0.164261 0.626158 -0.705844 1.194594 5.320293 7.893134 
0.121466 0.204542 -0.811857 -1.295117 14.355173 -15.816787 -17.142181 
0.863813 -0.576075 -0.141695 0.249056 -12.179144 -7.732987 -14.443578 
0.283593 -0.360727 -0.245044 -0.858893 -9.944189 -3.204634 0.986900 
0.114183 0.275646 -0.066407 -0.081679 -7.146645 26.460836 -11.217061 
0.387857 0.184249 0.316565 0.699472 -2.122974 -8.845266 6.666238 
0.102340 0.117325 0.431294 0.189799 -10.071142 -10.552671 32.241352 
1.423034 -0.030669 1.160431 0.178164 16.133414 9.901620 -2.508183 
0.118440 -0.170168 0.240951 0.862530 9.821460 -5.504951 12.719137 
0.087317 0.194598 -0.006923 -0.608020 -12.058501 -0.592456 15.875870 
0.115648 -0.005690 -0.226302 -0.167274 1.790806 -13.296877 18.952708 
0.335498 -0.341561 -0.094124 0.808558 7.438653 -23.460016 4.703660 
0.109210 0.280371 0.567477 -0.443737 -6.114476 1.874207 -15.109376 
5.398343 0.497060 0.210630 0.146784 0.928121 9.778907 5.940789 
0.438696 -0.104492 0.355370 0.588990 -19.424772 -8.997687 -4.106405 
0.102783 0.056381 0.556772 -0.442003 10.363925 -10.406844 6.874739 
0.317653 0.851229 0.158066 -0.778391 2.917456 23.197520 -16.737430 
0.117399 0.351658 -0.442116 0.064002 -13.126890 18.276357 -7.898989 
0.135796 0.954949 0.532113 0.080828 25.004372 -10.751216 5.930552 
0.139152 -0.065755 0.081760 0.189606 -2.116298 19.176897 0.684061 
0.081844 0.462942 -0.386670 0.621112 3.644651 -2.481684 5.690374 
0.210768 0.467303 0.255280 -0.915673 -6.070358 -5.233209 -5.904734 
0.087151 -0.591915 0.212834 0.410912 3.057771 -2.343691 35.400279 
0.247564 0.329174 0.346470 0.521881 -2.604672 -25.491014 2.555291 
0.118055 0.678401 -0.837713 -0.607116 -0.113711 -4.037646 -12.508191 
0.133708 -0.793851 -0.705148 -0.009941 -30.852963 -35.324363 4.826508 
0.137951 -0.091532 -0.516034 0.535146 -15.875508 6.297165 -6.713499 
0.295736 1.365926 1.043381 -0.312866 82.838691 47.001527 -21.048087 
0.093592 -0.360841 -0.042746 0.492620 -4.659335 10.587096 -5.347158 
0.180968 0.266730 0.774480 -0.725950 0.094968 3.691924 1.610522 
1.058781 0.075791 -0.631363 -0.473163 8.097472 5.432670 -3.871982 
0.086350 -0.119326 0.022880 -0.078613 5.164119 1.219147 16.456749 
0.263354 0.614147 -0.798633 -0.130351 -4.714479 -0.812983 -1.007480 
0.556778 -0.023817 0.475043 -0.853666 4.949915 -8.364110 -1.873851 
0.139284 0.565919 -0.161662 -0.696358 -1.387666 4.306109 -0.319492 
0.478468 0.545064 0.271740 -0.216271 2.074669 4.343031 -12.823483 
0.165293 0.080625 -0.609340 0.275511 0.551645 1.106646 -3.150796 
0.493788 -0.376311 0.153029 0.417131 -0.309347 -0.825076 -24.828500 
0.252788 0.443097 -0.088006 -0.882412 9.939314 5.604470 4.639956 
1.145613 0.475946 0.263177 0.133121 -4.302760 -24.128518 17.084343 
0.388183 -0.228839 -0.202838 0.118639 -8.146064 15.549588 30.128260 
0.094407 0.376713 -0.797659 -0.223570 -6.874538 2.196614 -0.691013 
0.126740 -0.057099 0.585420 -0.090273 -0.178095 21.535724 -1.089483 
0.323270 0.140990 0.349377 0.543624 -4.010556 -8.474947 -4.116980 
0.198042 0.291238 0.872388 -0.173230 -14.938740 25.640278 -1.865345 
1.167561 -0.808883 -0.455990 0.505728 5.424221 -3.116269 3.205198 
2.697368 -0.680067 0.076484 -0.515827 5.684593 4.769923 3.485212 
0.376011 0.541941 -0.142565 0.261966 -17.779046 -11.332835 -13.241167 
0.588263 0.293764 -0.141899 0.943916 -0.067538 -4.261858 -3.600306 
0.138650 0.006488 -0.361409 -0.764309 15.780638 15.700725 -7.406963 
0.373816 -0.077797 -0.761599 0.909673 1.265624 2.683366 8.479415 
0.401930 -0.054802 0.558326 -0.514355 -1.910294 9.452967 -17.308170 
0.263064 -0.356371 0.063857 -0.039207 13.340367 12.945251 -9.010896 
0.459762 -0.301012 -0.675270 -0.447090 -21.288497 -1.688228 11.746746 
0.328088 0.398692 0.277580 0.313672 0.873045 14.661410 9.437616 
0.860282 0.350235 0.915023 0.433688 -0.684028 32.991066 37.366631 
0.273055 0.212159 0.430553 -0.158803 9.466382 -10.845060 3.522725 
0.396253 -0.313421 -0.802715 0.120229 -17.892622 -4.990695 -4.230141 
0.246288 0.049316 -0.367181 0.336037 4.219792 8.084718 -22.696833 
0.730294 0.413388 0.096856 -0.247427 -7.004923 2.322830 11.433678 
0.278430 0.374846 0.238851 -0.191883 -1.597535 18.488505 2.185667 
0.151503 0.279995 -0.443478 0.182582 2.249708 -14.867060 -27.387498 
0.100432 -0.023743 -0.617840 -0.284536 16.755279 4.883250 -6.551942 
0.082624 0.318427 -0.880514 0.449839 -13.335972 -5.396239 6.714828 
0.114711 0.699026 0.490767 -0.902453 10.819732 -11.776614 -12.815334 
0.192666 0.806088 -0.206177 0.133554 -2.802879 -2.780702 -23.194841 
0.287114 0.016790 -0.136530 0.954228 13.972525 -19.737472 4.543783 
0.585359 0.482569 0.640887 -0.226394 7.518115 5.712602 15.389353 
1.376095 -0.071857 0.358421 0.187946 -15.752068 -2.869557 -6.332793 
0.431641 0.487433 -1.032195 0.041970 9.028404 -3.179487 -11.355475 
0.136683 0.092742 0.503312 0.047548 -11.854325 10.209036 -3.788259 
0.323241 0.434807 0.111698 0.678962 13.049838 -6.732392 -1.382111 
0.391024 0.351875 -0.249992 0.493521 -26.198181 -1.327437 9.461267 
0.112116 -0.264846 -0.243887 0.604982 0.429709 21.209236 3.512484 
0.116547 -0.394615 0.396063 -0.345638 4.347207 14.060108 -9.548156 
0.952396 0.686652 0.431415 0.194113 6.207069 -11.924187 -4.462342 
0.374161 -0.539654 0.727224 0.059439 -8.797144 -13.629591 -7.923199 
0.178419 0.494492 -0.041199 -0.212218 6.299375 -1.251251 5.391853 
0.192961 0.474875 0.854515 -0.099330 0.289300 5.260248 -21.784767 
0.763069 -0.128815 0.033652 -0.513244 -7.440064 14.801669 16.113563 
0.181019 0.794631 0.247829 -0.224587 -1.511143 8.279757 9.641162 
0.393969 0.246389 -0.018819 -0.552994 22.472794 30.002519 1.814566 
0.408300 -0.109478 -0.050444 0.157627 17.557386 2.010866 1.266574 
0.506972 0.464505 0.584072 0.408976 8.346843 -4.430027 -17.769701 
0.168852 0.350361 -0.651133 -0.680883 6.949258 -8.857690 9.065609 
0.196085 -0.623539 0.522218 0.157530 -3.199737 -0.728805 -4.485805 
0.836938 0.829849 -0.634823 0.376347 10.917574 -5.857235 -7.596551 
0.701221 0.217930 0.724004 -0.123018 7.708011 -4.819214 -0.881395 
0.263429 -0.153887 -0.022957 0.096560 1.911364 19.428088 -9.582731 
0.151360 0.979558 -0.008455 0.731172 -0.422707 -10.846155 19.637460 
0.449375 -0.354016 0.528541 0.281429 0.710857 11.928474 -1.437257 
0.108928 0.278235 0.917188 0.263346 18.358698 -4.040784 15.520019 
0.090465 -0.966569 -0.228565 0.492081 -0.723474 -1.214564 8.138244 
0.531060 0.620230 0.119687 1.052973 -5.139935 15.047913 20.039547 
0.272013 0.582550 0.439130 0.242465 -11.956052 12.276652 19.777450 
0.127889 0.414512 0.191065 0.335524 15.249029 -2.996690 1.530073 
1.070260 -0.071930 0.052170 0.169868 -4.760499 -15.746384 -14.662890 
0.111702 0.304464 -0.361581 -0.781191 -13.712541 3.704685 -3.867162 
0.275275 -0.183321 -0.199407 -0.010992 18.285882 -18.828264 2.697571 
0.433814 0.781643 0.424795 0.028106 -3.672112 -7.529853 -10.234275 
0.121123 0.306153 -0.444201 0.510204 -5.094214 -12.575414 -21.767197 
0.604561 -0.372904 0.357576 -0.700414 -13.118263 14.109762 4.494520 
0.672200 0.411415 -0.292696 -0.323707 16.401167 4.777057 18.558808 
0.485099 0.269275 1.014061 -0.147886 6.958547 21.183035 9.763473 
0.088968 -1.180947 -0.313188 -0.039878 -17.106440 8.718979 -1.489248 
0.372330 0.453269 0.552507 0.480484 -6.776708 6.658391 -6.334542 
0.427499 -0.710695 0.177293 0.773206 6.867411 -11.197791 21.479877 
0.148166 0.570563 0.106364 -0.241707 8.265144 -19.656214 -11.505678 
0.205405 -0.190967 -0.180437 -0.521357 -1.331487 -20.683308 -11.825430 
0.273438 -0.553841 -0.628185 0.264321 15.061721 -5.809899 -2.227773 
0.257004 0.244413 -0.752563 -0.297109 10.953769 8.494307 -25.157703 
0.083821 -0.060297 0.597951 -0.025004 -15.626322 33.198960 46.670971 
0.673429 -0.391522 -0.098516 0.861562 -1.446154 -5.025821 19.459752 
0.093338 -0.192122 -1.058160 0.696230 3.806823 -8.533862 9.662757 
0.097693 0.024847 -0.081527 -0.672106 -0.065467 -2.412702 10.488768 
0.081727 -0.281885 -0.199505 -0.367708 -1.433232 -7.533141 4.284248 
0.417045 -0.225600 0.037678 0.341882 12.731799 -6.886312 -16.836006 
0.387177 -0.563067 0.294212 0.427417 -13.251752 -2.844906 -0.360887 
0.350927 -0.222149 -0.741445 0.347959 -8.843090 2.690530 6.451772 
0.081891 0.648004 0.098241 -0.463605 -5.096211 -3.737121 -17.653258 
0.111530 0.036347 0.116884 -0.379104 -17.273847 11.956924 25.604221 
0.729211 -0.293021 -0.186248 0.382060 -8.508924 -2.845844 -13.201335 
0.081209 0.774915 0.364309 0.056224 7.130324 -1.965576 5.058191 
1.066327 -0.227634 -0.281125 -0.646779 8.590726 8.535698 -4.233033 
0.844840 0.303182 0.026827 0.069780 -12.026095 9.696610 8.977963 
0.286414 0.284561 -0.324923 0.798658 5.067171 -4.294742 6.133920 
0.108220 -0.425262 0.679769 0.177635 12.653893 3.021506 12.728130 
0.106446 -0.534535 -0.103355 0.312792 18.775438 -15.118166 -2.377400 
1.618982 0.482025 0.803879 0.415276 -8.385397 28.198586 -4.337806 
0.126190 0.167854 0.216888 0.410120 -22.341900 3.292635 -10.332107 
0.666898 0.071006 0.015185 0.033684 7.042493 -3.220999 11.319848 
0.355266 0.466197 0.064149 -0.712872 0.894260 -0.104941 -0.720247 
0.365762 -0.358182 -1.483367 0.295351 -20.900551 -37.179575 -4.454221 
0.430606 0.439153 0.158389 0.163568 7.182825 13.163508 -9.281907 
0.100431 -0.850082 -0.527757 0.442745 8.681222 -13.176742 13.884188 
0.189647 0.582158 -0.086729 0.093049 -5.662311 -5.669100 7.576886 
0.132254 0.199625 0.553626 -0.278458 -18.658820 -2.792105 7.713593 
0.500139 0.311836 -0.307762 -0.283855 -14.101797 -9.727572 -24.349622 
0.175237 0.458726 -0.129285 0.290288 6.248210 21.818186 -18.024315 
0.123696 0.118254 0.463236 -0.335069 3.086028 11.263829 2.056479 
0.195281 -0.067704 -0.388104 0.555149 -8.419913 -16.244379 -20.625725 
0.599939 0.550337 -0.223076 0.435256 -24.393939 -14.167841 14.609536 
0.192741 0.114723 0.333739 -0.160824 5.273286 -9.321511 -4.152587 
0.200778 0.491982 0.952780 0.149190 15.387422 -0.843275 0.962445 
0.177472 0.173394 -0.668137 0.614993 -0.433265 -17.721279 -15.290361 
0.127855 -0.053126 0.003867 0.494234 8.551317 -23.227585 12.644942 
0.220526 -0.008771 0.436859 -0.385103 1.245560 -8.709881 9.409485 
0.627642 -0.273610 0.252881 -0.032053 -1.826961 -6.777544 5.577921 
0.637465 0.635409 -0.497467 -0.109136 -5.412602 -0.602348 -2.685794 
0.169117 -0.359100 -0.698694 -0.958388 3.726059 -8.035001 -6.129830 
0.114784 -0.116483 0.592932 0.364700 -14.610921 -12.186464 7.122043 
0.135557 -0.227617 -0.521459 0.073366 -3.047943 8.456910 4.307623 
0.579415 -0.517408 -0.141095 -0.802282 -14.527928 -3.345495 7.335464 
0.624848 -0.110448 0.048402 -0.176117 29.629231 28.282272 -12.540927 
0.385484 -0.121430 0.693880 -0.367762 -20.386657 8.021650 10.236982 
3.082417 0.238763 -0.155378 0.239443 -16.560018 -6.663899 7.359988 
0.310489 -0.221268 0.119828 -0.673287 -2.947706 -17.205334 11.463754 
0.457154 -0.451641 -0.171719 0.352886 2.476262 4.522362 8.897494 
0.279294 -0.149822 0.381562 0.842977 -9.900223 4.310925 8.387019 
0.089763 -0.128829 0.277599 0.723024 9.085589 -11.290033 -2.364438 
1.249225 0.400724 -0.279337 -0.116707 -14.875049 19.952477 -6.758394 
0.163561 -0.159850 0.128648 0.302558 20.720696 -14.458691 3.563290 
1.702665 -0.152125 -0.032746 -0.152371 -17.603111 14.859613 13.581784 
0.087567 -0.567124 0.179346 -0.128181 7.613618 23.721554 -2.678485 
0.192231 -0.370481 -0.170548 0.060206 0.820625 13.775759 -0.727382 
0.122081 0.624724 0.415888 0.492243 10.906243 -6.287617 -9.331749 
0.088452 0.061512 -0.645624 -0.160631 2.479164 -11.577038 6.834876 
0.470758 -0.537464 -1.135362 -0.215758 -7.694227 -18.093099 6.644426 
0.196106 -0.146489 -0.162292 0.006644 5.535718 -2.527125 -9.939712 
0.163499 0.042072 -0.595217 -1.103825 16.931728 -23.774186 -4.926981 
0.080867 -0.334288 -0.066487 -0.985688 22.959522 18.632897 -23.091416 
0.223604 0.662631 0.149353 -0.449728 -4.526128 2.576777 11.622444 
0.155926 0.119645 0.529620 0.059412 -31.409607 9.286217 20.788601 
0.238387 0.285013 0.120124 0.709102 7.109941 17.951498 -5.849096 
0.106154 -0.238601 0.160500 0.482188 9.385588 1.529109 -0.040549 
0.169911 -0.732154 0.733700 0.029611 -0.724688 1.587542 -12.138510 
0.113329 0.040507 0.053454 -0.753929 18.699161 14.043936 3.083027 
0.192419 0.584055 0.257407 0.258231 22.898837 -26.446021 -7.413619 
0.594225 -0.616812 -0.316172 -0.720130 -1.160477 0.010820 -6.313642 
0.085164 0.619363 0.213203 0.289578 1.445858 -2.227962 -16.813575 
0.117057 0.203649 -0.811535 -0.081801 -2.904180 5.420067 -9.113884 
0.205043 -0.256333 -0.580161 0.529396 2.386021 -11.831827 -6.378811 
0.234649 -0.803766 0.132140 0.169277 -0.068149 -15.271955 7.044507 
0.487672 -0.270139 -0.473657 -0.348159 3.370854 15.940547 5.178892 
0.223182 0.367952 0.571114 0.347698 9.693171 -5.241092 -4.387568 
2.476904 -0.393116 -0.664055 0.711788 -9.673945 -11.563416 -12.053317 
0.441734 -0.220099 -0.140931 0.135766 13.154388 -6.435864 -6.135007 
0.230397 0.439790 0.274775 0.099776 6.275033 -1.462492 20.908790 
0.689100 0.431388 0.844537 -0.943089 25.440883 11.167859 -15.121236 
0.815528 -0.169432 0.575437 -0.330425 -31.357974 4.503148 5.575816 
0.161492 -0.459097 -0.170621 0.431420 -7.192290 15.834870 1.013126 
0.542296 1.275339 -0.006855 -0.439370 18.540400 -8.797888 -3.209774 
0.146522 0.693360 0.534423 -0.093195 -0.326396 6.296527 12.333001 
0.256037 -0.601282 0.734635 0.015945 -16.116903 -7.799023 -14.256716 
0.887681 -0.641592 -0.857325 0.694320 -6.989134 2.201036 14.629743 
0.101372 -0.204080 -0.363871 0.198604 -2.545716 7.962641 13.994249 
0.141931 0.382283 -0.330698 0.172187 17.320778 10.289414 1.213898 
0.178446 -0.446066 0.045731 0.038881 -24.524143 11.546111 8.464143 
0.083374 0.125086 -0.125143 -1.112528 5.318174 -4.520786 -3.345405 
0.376685 -0.382174 -0.357818 0.928075 -0.796720 -2.190458 15.246033 
0.585808 0.557256 -0.396978 -0.194815 -5.193653 -22.083620 5.498852 
0.102075 -0.327177 -0.636339 -0.085136 -1.898160 13.683868 12.606060 
0.086694 -0.350057 0.174943 -0.366062 23.537384 20.527832 -6.023507 
0.654455 -0.211488 0.080505 0.208873 -9.294450 0.184611 14.598082 
0.442796 0.732890 -0.063757 0.258563 -2.331879 -2.553720 -18.021679 
0.103990 -0.156314 0.314006 0.068729 -15.344035 17.148182 -11.372054 
0.137893 0.688282 0.655425 0.214762 3.031759 -3.245483 -0.695671 
1.044939 -0.222306 -0.076067 0.264346 18.888420 -7.558235 -18.794400 
1.025335 -0.270382 0.148778 0.690656 -8.667695 -2.033680 -8.276717 
0.472835 0.301640 -0.119641 0.138750 0.006673 9.027979 29.898871 
0.672168 -0.052047 0.533752 -0.580487 -29.899667 13.704115 3.045148 
0.208490 -0.790680 0.116844 0.011323 -22.671609 -16.915531 -2.898773 
0.292610 -0.413695 0.285830 -0.471343 -14.354043 25.961986 6.704755 
0.111344 -0.142477 0.045492 -0.234330 0.387788 -10.289515 16.193355 
0.466067 -0.353091 -0.627074 0.249911 9.341526 -3.193539 9.451171 
0.112109 0.358770 0.623247 0.246663 -4.139744 4.877724 -4.283418 
1.021373 0.595829 0.182901 -0.356176 -8.172307 1.355178 3.228561 
0.247245 0.397008 -0.073425 -0.131990 -18.915270 -19.414165 18.813609 
2.937998 -0.981534 0.089902 -0.551136 -25.059445 -10.322329 6.154713 
0.112201 0.010675 0.546493 0.222006 11.883329 -12.447684 6.185003 
0.941373 0.021794 -0.438564 0.165327 -10.947116 16.387725 -3.632446 
0.186332 0.085297 -0.337425 -0.544748 15.583819 -3.570047 -16.246566 
0.206312 0.270887 -0.392298 0.194935 -9.196622 -3.228463 -19.604611 
0.087521 0.477848 0.872753 0.685298 1.170695 4.723100 4.650107 
0.337060 0.117206 0.610538 0.400708 9.863852 -7.594045 -4.803559 
0.506829 -0.496891 -0.114631 -0.304409 2.112168 1.427024 24.370010 
2.506229 0.920079 0.524094 -0.438515 -2.132567 16.821960 -3.313634 
0.109658 -0.118646 0.176060 0.688817 17.300949 4.487773 -0.092225 
0.093631 0.703232 -0.402670 -0.187383 -10.564236 1.271120 2.984540 
0.994606 -0.161475 -0.154049 0.173447 17.652876 -2.424039 10.958536 
0.184780 0.920765 1.102794 0.229529 12.127590 17.216423 -1.391279 
0.113864 -0.138265 -0.603322 0.453002 0.028572 1.367166 -15.615042 
0.500571 -0.067308 -0.830136 -0.318779 27.315870 -5.991875 -16.744075 
0.375402 -0.313858 0.259334 0.270505 -0.113847 -1.187576 18.783814 
0.121279 -0.102831 0.055861 0.958377 15.291549 0.089076 2.588847 
0.437171 -0.262640 0.019272 0.477118 17.469803 -1.555003 -13.669377 
0.420529 -0.383618 -0.388592 0.503166 4.817526 -3.321234 1.075820 
0.140832 -0.030383 -0.143341 -0.362142 9.169284 -9.824025 4.616363 
0.317286 -0.108211 -0.416178 0.171429 6.078529 13.432152 1.756529 
0.092539 0.868663 0.286098 -0.842102 12.077570 -7.010950 -3.155201 
4.198783 -0.098933 -0.123898 0.538719 -6.654510 -5.405222 -9.839800 
0.435794 0.680782 -0.388853 -0.352881 1.299391 5.721534 3.763839 
0.299195 0.289136 0.544093 -0.458171 -3.600104 -10.132052 -11.586646 
0.366428 0.283952 0.361951 -0.742474 -18.735520 5.978635 -1.947262 
0.300202 -0.103695 -0.346401 0.268885 5.829260 7.414833 -0.751800 
0.585186 -0.244531 -0.174968 -0.755778 5.972056 -5.104213 1.881858 
0.524509 0.148366 0.457210 0.420588 -2.347038 -6.075546 -18.379673 
0.292083 -0.125650 1.036767 -0.675937 6.079128 17.668238 6.361135 
0.107699 0.285501 0.668234 0.017011 -0.202721 22.796900 20.733769 
0.744916 -0.164045 -0.303671 0.118466 -19.599085 30.922000 11.152425 
0.131940 0.188849 0.421871 0.105867 -5.921049 27.709821 -4.416688 
0.104491 0.235133 -0.123706 -0.211620 -14.288800 -16.314688 22.021397 
0.504475 0.262762 0.055431 0.149164 -8.515763 7.174133 3.787720 
0.159200 0.329563 -0.108090 0.531528 -8.958648 -7.485056 5.129729 
0.144224 0.695240 0.823151 -0.841818 3.082746 24.475158 -1.801337 
0.221063 0.740885 0.173701 0.324857 2.585952 9.127312 -17.764482 
0.339783 0.240527 0.534619 -0.514857 -6.818269 -8.342249 -9.902058 
2.985742 -0.139261 -0.864662 0.488056 22.893807 -3.290383 0.431044 
0.098040 -0.309189 -0.261438 0.814430 -6.440497 -3.682632 -7.906964 
0.364111 0.537102 -0.037884 0.616839 -6.502597 -7.065013 1.058414 
0.144886 -0.613225 -0.260562 0.120315 9.077091 11.252100 12.384810 
0.360597 0.239322 -0.404635 0.464276 -6.588781 -0.130641 -2.631651 
0.254317 -0.481298 0.780451 -0.755345 -13.353003 -2.761572 -12.955291 
0.555913 -0.610835 -0.569251 0.272305 4.202978 -7.443580 -6.139242 
0.416651 -0.532822 0.398944 0.326927 -31.698311 -2.807304 -3.236577 
0.151008 -0.297300 0.882204 0.948554 -0.167793 13.032898 13.018695 
0.577563 -0.094827 -0.315572 0.663881 -6.020054 12.457015 -8.382040 
0.141965 0.778744 0.439440 0.435241 14.897367 3.124322 30.366151 
0.120024 0.493892 -0.182173 -0.433996 -0.472152 -4.949066 9.889737 
0.182852 -0.543271 -0.023815 0.222105 16.537725 -24.872908 0.396510 
0.189724 -0.013781 -0.114351 0.723296 9.156468 -2.586563 -12.743461 
0.150160 0.144397 0.287841 -0.251729 13.619199 -17.826532 23.309201 
1.373741 -1.216774 -0.671259 0.584989 -27.772825 -0.469957 12.273598 
0.283453 -0.158210 -0.136831 0.324129 2.562943 -6.117181 33.976385 
0.170281 -0.355102 -0.706121 -0.457334 -13.050015 1.444842 5.579654 
1.505698 -0.689737 0.590215 -0.156046 -10.132465 5.056382 1.553433 
0.360047 0.235873 0.251131 0.361993 -25.431792 11.826988 -6.486371 
0.588861 0.648980 -0.520791 -0.355905 -10.082064 -7.646713 -3.228917 
0.381565 0.550717 -0.245772 -0.225797 -12.227469 -13.758951 0.543167 
0.166121 -0.038667 0.740386 0.374061 -6.551281 -4.860065 -6.494237 
1.652096 -0.027374 -0.475956 0.080936 6.377917 -8.476090 -4.566746 
0.215498 0.610791 -1.121314 0.552529 22.587319 -13.168669 4.086723 
0.524663 0.063388 0.145920 -0.202492 -9.658626 12.958204 7.533687 
0.489037 0.422513 -0.388747 0.250408 -1.758118 11.976771 -19.628867 
0.247044 0.152533 -0.032060 -0.043710 8.020566 1.386717 15.423789 
0.408569 -0.838934 -0.543940 0.260057 -4.880044 3.668170 4.933328 
0.429966 0.244514 -0.000249 0.005543 -11.120177 8.474139 0.229660 
0.205030 0.366271 0.136698 0.286345 26.893416 -15.685233 3.317268 
0.104504 0.618162 -0.181208 -0.080565 10.925381 1.211861 -14.325561 
1.704172 0.513624 -0.808527 -0.505526 2.691066 -4.708405 -17.412454 
0.208973 0.238735 0.907222 -0.524816 8.351995 7.644428 -12.107789 
4.631110 -0.555184 0.831276 -0.286089 -15.880056 14.686299 15.274448 
0.135103 0.194841 0.482750 0.332144 -5.073386 -3.364707 -12.692880 
0.169606 -0.114015 -0.424657 0.695281 8.889598 16.017229 7.767088 
0.567692 0.244020 0.678961 -0.064628 -20.769826 -3.968190 -16.870685 
0.214292 0.257214 -0.221224 -0.383511 6.093840 -4.984291 23.863336 
0.450345 -0.026536 -0.705981 -0.651138 -4.008847 3.704171 -4.037592 
0.407103 0.257767 0.022720 -0.384026 -6.952310 8.893351 -5.634813 
0.846636 -0.004670 -0.226021 0.347642 3.912617 13.887007 -15.126511 
0.123163 0.617319 0.033357 -1.017232 6.097389 -11.351537 -14.826796 
0.120648 0.235164 0.282638 0.441088 3.512300 16.383339 -15.983811 
0.387333 0.456891 0.084567 -0.487995 -0.088575 20.689401 2.473631 
1.095352 0.195100 -0.026722 -0.170202 10.074404 14.285629 10.590224 
0.212730 -0.341693 0.418025 0.455539 1.015808 -1.337309 -17.624561 
1.575080 -0.147539 0.281929 -0.721583 -7.187057 17.255857 12.518602 
0.102042 -0.344905 0.002854 -0.434795 12.370297 15.345348 1.087938 
0.606266 -0.124399 -0.450292 0.246898 -19.351069 9.039350 3.470948 
0.250734 0.577613 -0.050446 0.115275 11.023765 0.395742 -3.763063 
0.184902 0.280283 -0.988533 -0.031428 -8.820746 -0.467372 -1.643621 
0.348863 -0.774362 -0.400430 0.511659 -14.644737 18.936846 -1.008386 
0.127948 0.340962 0.374089 -0.007708 15.771126 -14.776668 11.041570 
0.127545 0.698287 -0.565608 0.310490 12.596049 6.799124 27.273826 
0.089378 -0.082447 0.791975 0.326476 14.866818 11.387692 10.991360 
0.220514 -0.920843 0.131981 0.194579 1.808663 9.666706 12.170644 
0.195396 0.580956 0.423514 0.588573 13.098840 -10.469023 -0.179081 
4.245083 0.062426 -0.048805 0.358412 -13.503847 -22.028736 8.452503 
0.095817 0.216308 0.053591 0.626948 -6.393936 11.343393 0.933468 
0.569763 0.615428 -0.255018 -0.127618 -3.310066 10.783685 -1.312942 
1.098164 0.306469 -0.420618 0.256456 2.977036 -7.514156 4.682700 
0.538990 -0.539084 -0.063981 -0.359003 -1.447172 6.096843 -5.154087 
1.288776 0.606990 0.015957 0.021584 -21.870625 7.291519 7.852506 
0.193816 -0.394695 -0.453862 0.456800 5.865154 7.727429 13.622331 
0.378483 0.982022 0.349655 -0.304879 0.154226 13.976313 2.336382 
0.130333 -0.697563 -0.588758 0.036635 -11.467852 15.727737 3.369941 
0.235233 -0.274726 0.593509 0.685466 -1.602746 7.225247 -13.503577 
0.474050 -0.047312 -0.191089 0.460161 16.821039 5.339639 -1.629862 
0.170650 -0.291509 0.684881 -0.154788 11.255595 -6.087914 -4.990406 
0.551803 -0.798263 0.121341 -0.326416 -16.092523 -7.040823 3.529776 
0.131497 -0.485982 -0.186574 0.291916 -2.256648 15.636300 2.342407 
0.367063 0.358010 0.719146 0.130970 -14.566969 5.006414 -11.531483 
0.237052 -0.049158 0.376944 0.341004 -0.188608 -12.774396 -12.212918 
0.979329 -0.694199 0.097190 0.244856 0.297872 -2.019655 15.630667 
0.113309 -0.533347 -0.598704 0.165208 15.410396 0.062971 -3.024814 
0.202812 -0.387900 0.095142 -0.943597 18.191452 7.053874 -12.295415 
0.145792 -0.309629 -0.585111 0.295816 1.089120 11.513282 -9.765625 
0.206856 0.549700 -0.443667 -0.262623 -3.441522 -31.995550 -18.206194 
0.534870 -0.021841 -0.722106 0.700456 -15.614792 5.899074 2.746356 
0.091732 0.213068 0.691722 -0.156278 -22.732497 6.543573 11.651187 
0.094435 0.225286 -0.613829 0.343485 -0.282823 -2.158468 20.577535 
0.106821 0.010457 -0.094587 0.374819 5.621777 -3.089726 11.435908 
0.443043 -0.415600 -0.202406 -0.110514 9.687917 2.043096 -20.069894 
0.087582 0.546890 -0.325126 0.030725 -3.452750 -9.738444 -16.877051 
0.159466 -0.436585 0.635010 -0.305435 -15.461924 -5.918933 5.984436 
0.829727 0.193325 -0.248484 0.709598 4.616872 -5.661408 -9.888313 
0.093662 -0.387633 0.662356 -0.182624 -9.844932 9.597778 21.725237 
1.055006 -0.021676 0.332919 -0.618999 -12.068964 6.117525 -13.843542 
0.290595 0.278479 -0.615066 -0.589878 10.084610 -2.896202 14.720065 
0.226020 -0.411866 -0.680947 1.219307 10.889456 -16.577670 28.562925 
0.258652 0.039962 -0.244380 0.198557 -12.425795 5.301903 -4.900765 
0.504080 -0.064544 0.185905 -0.622659 12.770487 -6.905415 -2.255375 
0.133644 0.360450 0.715902 -0.354463 -7.941708 -7.260261 -31.188186 
0.102367 0.482936 0.260380 -0.011805 -6.359346 10.235125 10.273510 
0.102733 -0.653279 -0.167655 -0.269435 12.573168 13.586977 -1.518095 
0.406103 -0.056550 0.412662 0.874139 1.942548 0.109386 1.971206 
0.170184 -0.504528 -0.949241 0.020477 -6.499931 -5.700465 -16.947726 
0.080956 0.191843 -0.239250 0.307938 23.815006 25.144456 -7.286220 
0.171393 -0.037247 0.249172 0.549990 -7.534432 25.118433 9.245002 
0.103884 0.162670 -0.268556 0.298514 -11.762414 -2.959562 9.537786 
0.287723 -0.263341 -0.188986 0.092861 -1.961549 -2.767533 10.141062 
0.707610 -0.020170 -0.175777 -0.064520 -6.584580 -1.417691 25.892085 
0.161798 0.284573 0.622063 -0.476621 1.485908 -1.911584 2.332105 
0.495528 -0.647965 1.262018 0.444843 -13.052882 17.081512 4.479596 
0.081729 0.456264 -0.229764 -0.562823 17.331530 7.613629 11.440034 
0.498673 -0.627605 -0.139112 0.532129 6.290977 -6.068039 10.658087 
0.189760 -0.286792 0.207578 -0.505076 -14.152441 -3.359405 2.420086 
0.174582 0.730655 0.317181 -0.320674 17.724348 5.108952 10.649352 
1.913197 0.125793 -0.741972 0.037534 4.892397 17.092432 1.871421 
0.156957 0.229335 -0.512761 0.455744 -9.294884 7.385837 2.629067 
0.318637 0.017519 0.617005 0.460456 12.284104 12.473588 0.697940 
0.384886 -0.136257 -0.810505 0.494785 -15.745337 -4.748422 1.428153 
0.094543 -1.046717 -0.300841 -0.459532 -7.088085 9.862551 -21.116638 
0.093801 0.263673 0.163188 0.916657 14.301499 -9.979083 1.397142 
0.259589 -0.233732 -0.317922 -0.467383 1.848533 11.404286 9.975385 
0.331382 -0.022007 0.056419 0.040298 -6.306380 9.360592 -3.519445 
0.597086 -0.198988 -0.601245 0.140925 -34.611630 10.721533 -17.946890 
0.244466 0.195380 -0.009606 0.015436 -3.362391 -11.408946 6.941414 
0.409757 0.544338 -0.488066 -0.255769 0.798395 -8.421001 23.532809 
0.703460 -0.932106 0.383316 -0.270933 -5.650886 9.812583 12.615439 
0.129081 -0.201596 -0.160115 -0.170386 14.404155 1.328180 -4.523322 
0.592856 -0.204359 -0.854207 -0.031411 15.058864 -1.154643 11.280182 
0.598064 0.059570 -0.049348 -0.686540 7.350687 11.972987 13.961610 
0.315326 0.376429 -0.385270 -0.375716 -2.173377 15.583504 12.913382 
0.830552 0.491064 -0.496598 0.546313 4.723000 -0.903297 -9.288357 
0.107798 -0.041381 -0.196046 0.111418 -14.600039 18.515567 21.450598 
1.282747 -0.455326 0.322065 0.554781 -4.931947 -20.852630 -4.206189 
0.179704 0.366726 0.009365 -0.761432 0.311803 -13.251397 4.068846 
0.226650 0.020974 0.458916 -0.075295 17.861720 -9.522316 4.490065 
0.213577 -0.355700 -0.744345 0.051820 -1.875596 13.744908 4.824627 
0.360054 0.430618 0.627156 0.277680 -1.630658 -4.818241 8.453216 
0.590465 -0.673250 -0.274656 -0.129438 7.558128 -6.968861 2.296145 
0.323997 0.013882 -0.074667 -0.841292 -3.533926 26.397066 -17.635171 
0.080856 -0.507080 -0.890049 0.609513 9.774107 -11.640816 13.526094 
0.143920 0.043117 1.107536 -0.197626 3.838806 15.677339 0.179289 
0.128165 0.367280 -0.434272 -0.188889 21.207316 4.586308 3.349482 
0.371144 -0.387397 0.469585 0.485978 -3.438151 18.491877 -5.469022 
0.145470 -0.968272 0.435109 0.121727 -7.939985 7.285503 -17.448120 
0.092657 -0.005639 -0.859020 0.321392 -3.166658 4.698296 -9.264928 
0.587126 -0.214017 0.392603 -0.902008 20.735477 -11.928154 -18.711286 
0.235289 0.204397 -0.306329 0.012659 9.338374 0.280659 7.016412 
0.569180 0.763826 -0.276809 0.475041 2.292102 -13.799794 -3.618756 
0.093590 0.231703 -0.189723 0.156831 -11.362569 7.615838 18.678081 
0.249342 -0.307688 -0.265707 -0.799102 0.622844 -10.042266 -5.338550 
0.543855 -0.140582 0.353344 -0.200659 30.101127 -4.302654 -10.826839 
0.236315 0.178192 -0.191570 -0.863100 20.330639 28.058882 -18.195442 
0.136931 -0.507413 0.911851 0.108556 -1.528438 4.419658 -7.264612 
0.109437 0.509895 0.109454 0.654736 -3.770831 -16.819919 8.384606 
0.915698 -0.734424 0.269813 0.630320 9.330189 8.648126 3.248383 
0.125769 0.191018 0.524504 0.453210 -9.993494 -3.938239 -5.033531 
0.182221 0.586063 0.321321 0.107764 12.264247 -3.880181 -1.857491 
0.624303 -0.162415 -0.750639 -0.237320 -12.766256 -7.586197 -7.484204 
0.123119 0.611552 0.007180 -0.026764 -12.039236 0.230044 -0.101956 
0.093277 -0.694794 0.300942 -0.349380 7.424115 6.495563 3.712642 
0.126609 -0.814224 -0.540291 -0.267317 -7.918778 -10.052064 13.884103 
0.342755 0.203128 -0.706666 -0.011887 7.222749 13.211334 -0.116031 
0.887808 0.510368 -0.926043 0.006563 11.944560 -14.101295 3.297418 
0.718573 -0.775821 0.047695 -0.011471 -11.136305 -7.044185 -13.846530 
0.789225 0.018468 -0.506311 0.377909 -3.844889 23.779216 16.650159 
0.126531 0.116531 -0.308656 -0.182744 19.171948 0.855798 6.579003 
0.685572 -0.350888 -0.236815 0.121866 -0.990034 -8.890505 1.894272 
0.342997 1.107365 -0.327833 0.106255 6.257291 -1.847784 -4.420212 
1.141486 0.600818 -0.203772 0.692347 8.352711 10.409778 8.501934 
0.181571 0.083838 0.049662 -0.533093 -12.841986 4.441728 -0.240834 
0.271737 0.141183 0.248187 -0.464533 -9.439798 3.177515 2.122105 
2.465276 0.505801 0.146704 0.170251 -1.000120 3.774412 11.467136 
0.132761 -0.926690 -0.342395 -0.092403 -1.808224 0.724102 -12.294410 
0.088416 0.875933 -0.031831 -0.457728 5.146443 -3.635690 4.033913 
0.089291 -0.189023 -0.214511 0.267847 -4.167451 11.366279 -16.750253 
0.263350 0.163689 0.413084 0.683658 8.876323 2.658733 2.642538 
0.423754 -0.286357 -0.618591 -0.395622 13.419904 -7.720560 14.700780 
0.178200 -1.201270 -0.621378 -0.010248 -18.137001 -3.483851 -0.754084 
0.269147 0.558885 -0.826585 0.309411 -10.401205 -12.774547 -3.848996 
1.218772 -0.654724 0.783641 -0.400030 -12.908794 -7.774624 0.630013 
0.195759 0.344780 0.088468 0.532752 10.430675 -18.083658 19.965841 
0.310560 -0.382068 -0.136336 -0.314531 -4.413901 8.388585 15.642261 
0.132928 -0.033180 -0.255090 0.652502 -1.788175 11.804932 -9.932279 
0.130606 -0.480525 0.745161 0.734684 -2.162782 5.940332 3.918237 
0.180981 0.248420 0.006277 0.010635 19.159826 37.364354 30.501360 
8.040799 -0.140444 0.326678 0.173011 9.207070 -3.306608 -1.413754 
0.080873 0.760753 -0.121437 0.174709 4.788001 11.298637 8.246348 
0.337684 -0.270677 0.714224 0.606069 5.465180 4.103964 23.553747 
0.727006 -0.076262 0.587345 -0.265844 -23.850630 9.692916 8.622255 
0.130102 0.005924 0.722785 -0.423091 -1.728133 3.749200 5.948752 
0.107057 -0.170147 -0.502801 -0.668506 -2.675960 -13.341633 15.246327 
1.352041 0.115151 0.097739 0.866940 -9.944510 4.641507 -4.011937 
0.108970 0.437937 -0.168734 0.602671 -17.863303 -2.788496 13.792869 
0.148499 0.880956 0.719848 -0.524147 14.201410 2.901295 -12.266717 
0.263983 -0.219232 0.358192 0.173090 2.716102 -20.842872 1.607340 
0.240265 0.013516 -0.730193 0.087132 -13.619019 13.999061 -7.456153 
0.217954 -0.179799 0.361433 0.340460 1.232992 9.103820 2.644557 
0.444167 -0.265718 0.315358 0.646449 -7.384899 18.084737 3.237193 
2.752555 0.178137 -0.175063 -0.215231 1.963584 10.608026 -27.675432 
0.266546 -0.082095 0.152481 -0.101815 10.204981 6.837359 -22.963108 
0.104305 -1.137442 0.082302 -0.179178 -13.379673 7.660711 3.955317 
0.144490 0.484777 -0.003812 0.486164 21.455662 16.398506 -10.919193 
0.094619 -0.004295 0.052903 0.502843 9.398461 -7.093181 12.419911 
0.144851 -0.742322 0.298748 0.062579 1.435009 9.661690 22.239914 
0.132290 0.413810 -0.545084 0.159024 -5.374150 -5.117624 24.919098 
0.524424 -0.232691 -0.150313 -0.610443 -0.681054 -9.617233 -5.255700 
2.804970 -0.021230 0.079261 -0.142214 32.636251 8.650269 -1.602164 
0.151725 0.431781 -0.217033 0.257753 14.015236 5.698365 9.783966 
0.691052 0.190532 0.642698 0.386040 -10.518398 9.087609 -2.202005 
0.123125 -0.594483 -0.856636 -0.357688 -23.735797 -10.636983 -9.053730 
0.095501 -0.458040 -0.357624 -0.219411 3.841176 2.804308 7.783129 
0.082472 -0.155970 0.022633 -0.167462 1.465434 1.009226 26.578563 
0.088000 -0.514757 -0.076038 -0.484670 -4.107098 -0.920478 16.051467 
0.106567 0.500548 -0.154422 0.045753 -2.573316 -1.775900 3.127817 
0.083960 0.250177 0.366096 -0.297885 -5.868056 -20.464308 13.030042 
0.444394 -0.034826 -0.449639 -0.624072 -5.096269 5.721461 6.546259 
2.968598 -0.285541 0.330560 0.774771 -18.326874 8.652827 0.360571 
0.118415 -0.565245 0.232243 0.883265 -14.323716 0.416099 -4.974521 
0.123056 -0.084317 -0.150506 -0.403136 -7.233603 -14.224986 11.022668 
0.111967 0.208465 -0.441587 0.366525 -18.019343 -0.294463 -10.378563 
0.095336 0.010894 0.257544 0.151984 -3.695243 2.098455 8.064111 
0.085245 0.279346 0.185746 0.658163 -11.262918 3.549290 8.120902 
0.219520 0.199559 -0.171279 0.440573 -22.284379 -10.530775 18.931945 
0.269315 -0.368031 -0.977810 0.592197 -10.477374 -21.421293 15.726442 
0.084729 -0.277518 0.582931 -0.523559 -6.686296 -5.604429 5.362886 
0.193296 -0.133996 -0.952636 -0.320900 5.546064 -6.062916 13.379533 
3.042533 -0.249982 0.600345 -0.414094 -5.542075 -15.372547 -14.433491 
1.417540 0.628405 0.934828 -0.524986 15.249990 13.475510 -0.449558 
0.348250 -0.369614 0.302415 -0.376497 -8.843950 2.497131 -1.020512 
0.189420 -0.720433 -0.253113 -0.457305 0.942773 1.920602 13.388956 
0.222484 -0.182543 -0.058823 0.243039 -4.668153 -10.898323 14.691914 
0.319069 -0.641630 -0.198741 -0.476669 -0.375001 5.607848 -13.254964 
0.092091 -0.500809 0.059249 0.172933 -11.974438 -7.182735 14.620374 
0.486369 -0.131602 0.403740 0.046370 22.072218 -6.582315 -12.260575 
0.293964 -0.474213 -0.582711 0.437887 5.156248 7.508457 -2.878048 
0.150389 0.442947 -0.690267 0.194856 -5.614460 1.456916 -9.257444 
0.098254 0.639176 0.061498 -0.355785 -4.586272 0.171799 -5.641681 
0.129777 -0.139324 0.003468 -0.120710 -2.069287 -5.895501 2.989424 
0.089968 0.375558 -0.000944 0.895998 12.317454 14.547243 -0.910798 
0.178187 -0.492761 0.063720 0.509790 -0.776414 -2.760402 -17.235749 
0.446547 0.202462 -0.367273 0.213332 -18.829877 -6.461285 -5.102924 
2.596189 -0.369885 -0.459903 -0.641293 -21.882902 -19.800726 -5.961246 
0.941679 -0.147435 -0.208261 0.005671 -4.412557 8.775407 -18.057624 
0.357477 0.079604 0.849350 -0.450793 -5.600405 2.547314 3.451304 
0.233141 0.405088 -0.440426 0.395331 -2.511957 2.161307 3.004946 
0.109886 -0.686775 0.381790 -0.012763 -10.610713 -1.675614 -8.158653 
0.103385 -0.630871 0.032882 -0.453989 -0.974901 7.611660 -5.233134 
0.307529 -0.715671 -0.051592 -1.151154 -8.536695 -12.770132 -13.666634 
0.224214 -0.732928 0.739370 -0.229567 -8.738526 0.509599 -29.046172 
0.688471 0.274699 -0.495686 0.410279 11.242779 -9.642872 -4.822517 
0.121886 -0.264360 0.413030 -0.496045 5.889914 -17.716329 -6.245652 
2.036878 1.163256 -0.595825 0.218673 14.248083 -12.036130 -6.670204 
0.108772 -0.195148 -0.446066 0.105463 -10.903314 18.357062 14.379383 
0.087214 -0.816697 -0.497383 -0.861982 -6.828435 -17.340082 -7.923356 
1.095005 -0.171065 0.251028 0.568663 6.143875 9.094597 3.666745 
0.462444 -0.332532 0.244570 0.913750 2.526115 -0.512156 -4.652890 
1.195467 -0.064149 -0.795371 0.032040 -0.608733 -3.843546 0.495172 
0.124532 -0.884746 -0.295352 0.316464 -2.091052 -4.835143 -0.072301 
0.239527 0.560133 0.452633 -0.588579 -1.536728 -6.526341 1.460729 
0.513647 -0.204690 0.585465 0.057796 4.647540 4.334617 22.640460 
2.322161 -0.639832 -0.531042 -0.477926 6.316551 -0.953533 -16.178320 
1.749945 -0.437632 0.939919 -0.053316 3.778101 4.848501 -5.620627 
6.427225 -0.065383 -0.668010 0.383638 -12.598141 -2.158292 7.205051 
0.187473 0.326433 0.172043 -0.642079 -4.821693 -3.315542 -3.821189 
0.080411 -0.810510 0.320172 0.153587 -13.886551 14.970727 15.127647 
0.084886 0.477144 0.166049 0.073659 -19.115200 1.803967 4.601722 
0.210734 -0.325181 0.601746 0.585069 -5.797192 7.346433 -6.397083 
1.039799 -0.144989 -0.276883 -0.529023 16.447717 1.518439 9.379250 
0.589256 -0.484429 0.068595 -0.058506 0.512895 -10.206460 8.510684 
0.193774 0.431301 0.780996 -0.562296 -10.367377 11.353353 4.261793 
0.204408 -0.753364 0.209445 0.141847 -1.593033 0.137724 -14.412226 
0.203976 0.427076 0.100562 0.657617 -21.230907 9.604017 10.473943 
0.100379 0.180967 0.394775 0.140829 -3.767509 -13.152432 -10.502073 
0.224716 0.354511 -0.549265 0.066812 6.801701 -6.222866 23.762206 
0.736908 0.109088 -0.495067 0.242037 14.072003 23.336404 3.051839 
0.183623 0.325441 0.279124 -0.800706 12.272015 4.556428 -9.172136 
5.763363 -0.436523 -0.401169 -0.164642 -8.595048 -16.678047 -3.955799 
0.155563 -0.610619 -0.544734 -0.389371 4.913321 4.115229 2.404294 
0.205052 0.548006 0.384163 -0.450391 -12.700028 16.036379 7.761256 
0.256881 0.017806 0.174384 -0.880001 -8.300337 -16.592047 0.847443 
0.383592 -0.035141 0.411379 0.870443 4.422472 -19.280447 7.169157 
0.115189 0.005580 0.216206 -0.952182 -15.080578 19.764205 0.631846 
0.144188 0.685895 -0.258037 0.122346 -4.165113 -2.600490 8.713050 
0.208231 0.175443 0.169907 -0.533938 -13.769215 9.197525 15.634605 
0.523071 -0.747191 0.389576 -0.662541 -7.909606 -6.649963 1.122808 
0.460238 -0.757594 -0.078635 0.928690 7.874147 0.013142 18.293542 
0.500482 0.444919 -0.181993 -0.552505 3.097682 14.545342 -8.972001 
0.190881 -0.642930 0.408860 0.364556 14.816161 8.804759 24.745078 
0.095002 0.086507 0.617415 0.150462 5.648844 -7.696152 1.677047 
0.282526 0.662546 0.111939 -0.584752 7.350015 -3.969743 6.640045 
7.200905 0.420607 -0.181179 0.329086 -8.619701 7.574538 24.938759 
0.639887 0.173192 0.428934 0.791871 -20.512051 7.849898 -0.656445 
0.088337 -0.047979 0.363748 0.078022 7.670242 -14.128638 -0.286643 
3.427020 -0.009228 -0.181155 0.136342 18.914793 -12.152969 12.144222 
0.286232 0.292282 0.489686 -0.272144 -7.610780 -16.161423 -3.253260 
0.111446 0.202026 -0.229723 0.135347 -6.517407 18.081929 18.913822 
0.194955 0.403365 -0.303686 -0.167019 4.654200 7.907660 -1.685640 
0.190041 0.256435 -0.145433 0.551353 -22.312757 6.768373 4.081499 
0.170109 -0.014982 0.482176 -0.095447 -9.234321 5.227503 10.657119 
0.162386 0.613854 -0.413673 0.229730 -8.795931 0.664259 13.396979 
1.166044 0.336628 -0.708949 0.191745 16.936722 4.456129 26.480514 
0.584740 1.116695 0.291296 0.274823 11.269032 -0.874936 4.184843 
0.396613 0.380191 -1.066622 -0.087717 -7.762131 -11.604877 -12.665894 
2.418064 0.304353 -0.168215 0.240075 -5.303058 10.707886 0.864506 
1.010429 -0.703745 0.542560 0.178881 -3.820510 -2.152871 2.015261 
2.532142 -1.156769 0.456553 0.023009 -10.935837 -5.239554 -0.744142 
0.107929 0.142966 1.000127 0.485412 8.239045 4.365385 7.576038 
0.167175 -0.547861 0.015799 -0.653892 -6.607515 -1.220868 -10.756447 
0.254952 0.670007 -0.861429 0.096769 16.726442 -4.245055 -11.046594 
0.429694 -0.588453 -0.441456 0.061826 10.637566 3.616935 18.930062 
0.496826 -0.604253 -0.089927 -0.746703 3.290083 -4.618370 3.847563 
0.121547 0.310792 0.283598 0.449107 14.874524 -31.238761 2.775841 
0.215928 -0.076970 -0.690878 0.310121 0.884487 14.894916 1.718368 
0.270339 0.173386 1.011161 0.520869 -5.922651 1.875143 6.785614 
0.080083 -0.737830 0.191800 -0.028411 -3.344464 5.002177 17.038656 
0.272801 0.294421 -0.409605 -0.090596 15.850394 -5.558861 0.344073 
0.248941 -0.917434 -0.130826 0.492177 1.884416 -8.730047 10.752138 
0.198171 0.043984 0.226486 0.365834 1.081425 -16.304545 1.422675 
0.125940 0.152933 -0.690239 0.040785 -1.509831 17.060529 10.047215 
0.397489 -0.173025 -0.183536 0.138911 6.881443 -5.393468 13.042158 
0.109822 -0.267785 0.175780 0.361891 31.755661 5.933958 2.657637 
1.950578 -0.189326 0.927734 -0.379163 -7.835428 -5.311637 -3.567286 
0.085723 0.056223 -0.313920 -0.522012 -6.012889 4.885532 10.747811 
0.261677 -0.350484 -0.255766 -0.225652 12.857239 12.324177 -4.408068 
0.410668 -0.686815 0.871166 -0.021543 1.333961 10.423208 16.093901 
0.278253 -0.347170 -0.173198 -0.310758 10.892939 -13.387983 9.097442 
0.362834 0.273890 -0.612727 0.013839 -11.984617 3.497743 9.571100 
0.191416 0.775936 -0.516906 0.100666 37.433039 9.815655 -4.727424 
0.204516 0.117443 -0.392591 -0.725686 14.003666 -6.654838 -9.772620 
0.119244 0.233384 1.106003 -0.091467 0.456903 3.949173 10.417523 
0.394798 -0.416258 0.386900 -0.500798 -2.407788 -5.842631 -6.835835 
0.108074 -0.101973 -0.324469 0.597363 5.540236 3.860930 -16.177104 
1.687457 0.371790 1.143753 -0.331015 17.168102 22.846033 5.522180 
0.142585 -0.370224 -0.756691 0.102443 -0.413716 -3.885778 -9.775337 
0.999592 0.288860 -0.353558 0.506946 2.858402 10.889691 -18.858359 
0.835224 0.587460 -0.899020 -0.085302 18.539201 7.468046 -2.064648 
0.133760 -0.097686 -0.461109 -0.366877 -17.494743 -10.647854 -0.649679 
2.914902 -0.495378 0.271552 0.087379 21.194711 -7.047157 -0.708325 
0.289537 0.276088 0.190816 0.234501 -8.346350 -12.148691 9.759605 
0.111589 -0.268223 -0.070748 0.041377 -2.776874 11.970590 11.393335 
0.666435 -0.236947 -0.579525 -0.036705 0.790165 19.775212 -3.708638 
0.118124 -0.409553 -0.132581 -0.132326 -4.096900 -11.648453 6.164691 
0.082017 0.368156 -0.447722 0.231780 -9.450452 -3.061763 8.988049 
0.384643 -0.675288 -0.086465 0.368829 -7.088861 -8.116240 -7.748186 
0.170390 0.347181 -0.074065 -0.200080 -5.787794 16.253168 20.032521 
0.164634 -0.024523 0.612757 -0.470299 -7.506952 -3.156624 4.654419 
0.710018 -0.413796 0.270309 0.022298 -14.047298 21.523855 10.326073 
0.490174 0.328277 0.005541 0.770719 -3.040129 -11.276142 -3.415952 
0.209872 -0.028584 -0.623877 0.336400 -3.994832 5.881496 19.535264 
0.191407 -1.112898 -0.738957 -0.175073 -11.713081 -5.458665 -17.022620 
0.086220 -0.300263 0.097127 -0.317403 25.923846 -2.193492 0.677813 
0.253249 0.312802 -0.854796 -0.102354 3.069548 6.909344 1.531032 
0.443660 -0.039829 -0.284971 0.064144 13.304135 10.501744 -12.547815 
1.478874 0.515653 0.153928 0.132907 17.356139 16.574718 4.484691 
0.997008 0.768399 0.613577 0.211454 -2.391379 -2.182203 0.590655 
0.119733 -0.716227 0.763547 -0.448348 -2.603502 2.438082 -17.685238 
0.155712 -0.756218 -0.587787 0.475921 -9.866512 -0.866976 6.552132 
0.248140 -0.302152 -0.210494 -0.030749 28.640139 -3.474397 -7.579012 
0.211986 -0.135720 -0.127455 1.249529 -9.356681 -13.286304 18.043865 
3.164370 -0.037648 -0.363911 -0.745916 9.376637 10.561899 -0.676343 
7.811175 -0.373451 0.836467 -0.154148 2.310458 4.537228 -3.112406 
0.119711 -0.490388 0.101989 -0.470022 -7.714685 -0.154215 16.729512 
0.081905 -0.245437 1.065570 0.308204 -1.278205 17.239330 5.185172 
0.128974 0.253228 0.784796 -0.117150 -4.547838 -0.816073 9.770303 
0.098410 0.389699 -0.006792 0.287213 -3.576003 0.350718 -4.561198 
0.208666 -0.447045 -0.381176 -0.566341 -13.213730 2.497864 16.466445 
0.338702 -0.505417 0.289035 -0.413065 -1.640184 -22.421622 7.023476 
0.270406 -0.739170 -0.224274 0.135346 -4.529439 -7.931449 -17.829444 
0.261780 -0.569977 0.456183 -0.641222 1.312648 0.795024 -3.316842 
0.198271 -0.358598 -0.674051 0.479730 7.558623 4.536036 -3.034257 
0.547947 -0.613782 -0.309891 -0.282803 -0.703570 -0.910809 3.136443 
0.084496 -0.003174 1.088833 -0.338700 -5.464108 9.542357 9.892913 
0.547853 0.023427 0.540786 0.048009 0.433808 -8.058342 -2.251624 
0.124445 0.367412 -0.696256 -0.197223 2.931883 2.103034 7.947447 
0.573077 -0.161684 -0.048103 0.360510 -12.912353 7.424179 -14.947602 
0.415176 -0.243634 0.537491 0.085434 1.831054 -13.559120 -16.945336 
0.878922 0.372080 0.890337 -0.076410 -1.256451 -2.704918 -16.685357 
0.094683 -0.252999 0.967447 -0.766205 -3.142667 3.032528 -14.645011 
3.025229 -0.921257 0.559636 0.370129 -5.819845 18.512180 -5.499327 
0.102725 0.348246 0.736755 -0.246567 -11.696334 -7.124374 -10.895247 
1.385436 -0.674746 -0.543005 -0.058023 -25.970295 7.952772 6.926399 
0.188343 -0.291737 0.159967 -0.322167 20.967266 -11.217064 -0.803240 
0.308804 -0.728368 0.137195 0.524497 8.600245 11.967274 7.530102 
0.266901 -0.390646 0.558622 0.040988 21.688968 18.881217 5.214427 
0.352073 0.718012 0.013503 -0.866957 -3.204040 -4.623795 -8.704321 
0.588656 -0.257820 -0.289474 -0.489816 13.499855 -12.675939 -19.473548 
0.105091 -0.121787 -0.315565 0.263476 -12.218292 -4.324190 2.738339 
0.147682 -0.109959 0.377285 -0.784031 18.369154 -5.181451 -6.822955 
0.179358 0.679199 -0.487510 0.125705 -1.811857 5.948110 -8.252857 
0.522896 -0.133551 0.377800 0.124953 23.949070 -5.595599 -5.901971 
0.141510 -0.152032 0.148486 0.028756 17.912305 -11.523574 -17.474351 
0.105633 -0.098251 0.228500 -0.226815 -7.254013 2.817761 -11.824260 
1.115389 -0.094775 0.199230 -0.479842 7.265110 -8.389183 -4.557541 
0.100224 1.043875 -0.391952 0.502205 18.259105 -14.104019 -5.580982 
3.043771 0.500639 -0.107223 -1.113753 14.532400 -4.041208 -14.615019 
1.677124 -0.109440 -0.547927 0.735318 7.504668 -11.703332 4.680128 
0.154714 -1.250556 -0.178898 0.043563 -13.229392 -8.277749 -5.890110 
0.509531 -0.166214 -0.206609 0.099609 14.358054 1.559883 7.898822 
0.118595 0.570713 -0.554587 0.519273 11.045571 -1.441893 7.411436 
0.192470 -0.273958 0.075426 0.012247 28.046901 -0.535588 0.657803 
0.156661 -0.129283 -0.869366 0.302720 1.048025 -7.303683 20.265571 
0.269171 0.206976 -0.044456 0.541977 11.352117 8.207761 -3.123795 
0.275015 0.736695 -0.271162 0.178333 -7.175499 9.384280 8.082540 
0.133107 0.482837 -0.142120 -0.563349 -9.600713 5.065466 4.664745 
0.116244 0.175003 0.135761 0.153210 16.434953 -18.447003 4.370824 
0.262815 0.161558 0.409279 0.276367 -5.396191 -15.221392 20.191943 
0.152197 0.730017 -0.112025 0.087766 -6.519610 5.642037 -24.944564 
0.591538 0.393346 -0.192574 0.404004 15.398175 -24.263790 -20.638609 
0.273814 -0.666370 -0.567285 -0.151999 -4.940290 -3.309528 1.114978 
1.296377 0.244824 -0.572085 -0.192151 -2.521621 17.176872 11.651958 
0.625099 -0.182704 -0.088390 -0.786732 1.508150 -8.725674 12.651417 
0.953431 -0.355424 -0.143849 -0.103132 -26.403589 -9.804499 19.233126 
1.362864 -0.734680 -0.014377 0.373251 -4.966762 9.369191 -2.277815 
0.388981 0.573538 -0.002959 -0.387814 -8.933779 7.590039 8.947366 
0.178332 -0.160894 -0.526688 -0.396070 31.008580 -5.042603 -1.624229 
0.372184 -0.387354 0.150617 0.552318 -14.104087 -10.572964 12.426029 
1.884918 0.214508 0.170149 -0.219324 -26.636888 0.874423 -6.933919 
0.093160 -0.809538 -0.163560 -0.472393 -9.833603 -8.602389 -7.724178 
0.093696 -0.060560 -0.277446 -0.017647 6.727310 -19.376621 -0.159612 
0.080850 1.062205 -0.027802 0.311821 14.657781 -18.384658 14.939034 
0.277717 -0.167798 -1.310035 0.030479 0.517326 -16.041912 16.329312 
0.330199 -0.041508 -0.309448 0.205522 -17.755666 14.771428 12.934178 
1.020862 -0.552119 0.450877 0.178263 12.845911 9.411547 0.793183 
0.554068 0.300437 -0.132727 -0.050618 -13.807406 9.055927 10.467777 
0.410517 0.818262 -0.025529 -0.235860 7.842108 -3.604184 12.820320 
2.241100 0.420752 -0.309831 0.272062 -24.962917 -1.931231 14.510398 
0.769947 -0.189984 -0.186054 0.963331 -11.635001 -6.403433 -6.272454 
0.085466 0.467040 0.679155 0.468078 6.272691 -9.124155 -3.367150 
0.645582 0.167240 -0.043520 0.777387 -5.928504 11.762254 -1.459357 
0.291207 -0.211364 0.098572 0.176139 30.078591 2.395746 -17.252470 
0.780826 0.969719 0.098507 -0.087525 7.839261 22.502120 5.471082 
0.178041 -0.001191 -0.142868 -0.228768 -9.799075 7.063809 5.333002 
0.111657 0.449940 -0.374090 -0.158278 14.960181 5.251192 8.185430 
0.141933 -0.297692 0.646769 0.673236 -8.963631 -5.338227 2.753941 
0.503658 0.446337 0.456062 -0.557779 -3.468016 -5.865529 7.466246 
0.266518 0.913500 -0.070649 -0.166134 1.091664 -13.001584 -15.473867 
0.136578 -0.429931 -0.204819 0.087541 22.133968 3.070630 7.221887 
0.126498 0.221345 0.188831 0.299391 -18.192980 12.740520 -10.010722 
0.081261 0.326085 0.966037 0.353491 24.758004 2.132354 -0.608110 
0.167252 -0.020263 0.118785 0.242589 -0.991955 0.924386 -9.455718 
0.607244 -0.502443 1.180169 0.452971 -2.794273 18.448725 3.886000 
0.266741 0.394008 -0.045916 -0.357051 -18.186295 10.453820 1.707634 
0.157175 0.805337 -0.028414 0.206603 -7.259118 -11.542157 25.283447 
0.366807 -0.366329 0.047241 0.520778 1.973425 -18.603275 -13.051851 
1.030213 -0.164534 -0.006674 0.616828 0.967630 1.785254 12.722442 
0.140945 0.855461 0.817337 -0.405441 18.744781 6.233307 8.713945 
0.288794 0.328262 -0.138684 0.653056 -6.380863 -7.365704 -14.522727 
0.182724 -0.119584 0.944107 0.485626 -12.832897 7.636004 -6.264076 
0.115248 -0.419816 0.589202 -0.140094 -20.828276 12.033569 5.035816 
1.012019 -0.366507 -0.612004 0.572826 -4.263160 2.838851 0.100522 
0.292049 -0.574495 0.639089 -0.173586 -22.182630 -16.629055 7.316206 
3.273691 -0.181025 -0.012054 -0.108642 -4.353337 1.098430 18.931214 
0.507219 0.237655 0.638281 -0.422284 -12.832395 14.708150 17.181622 
0.325723 -0.600433 -0.105498 0.904952 -14.004819 8.017754 -1.967318 
0.153073 0.043983 0.960646 -0.159577 14.163061 8.823975 -34.954341 
0.229855 -0.441303 -0.091841 0.079890 9.716199 13.017922 14.605675 
0.196589 -0.284432 -0.264907 0.088697 -0.078997 -3.781370 -18.688576 
0.095001 0.240704 -0.093079 0.479809 7.728943 8.233263 -23.729368 
0.458870 -0.927465 -0.766177 -0.090499 -7.237833 -2.884419 -2.214242 
0.085890 -0.601903 0.854526 -0.508760 -3.129522 22.694126 14.841474 
0.170408 0.688561 -0.384472 0.087662 -5.066254 7.077102 -10.002454 
0.130084 0.240528 -0.298938 0.317969 2.225485 -15.210212 -2.711713 
1.384359 -0.367870 -0.407124 -0.241882 -5.237768 1.635188 5.082355 
0.642711 0.124095 -0.380655 0.079654 -7.822299 2.701152 -17.261546 
0.176254 -0.826539 -0.373813 -0.459044 -4.357189 -0.074943 6.504908 
0.156623 0.404274 -0.325539 0.023309 -20.217528 -16.131119 2.913884 
0.874755 0.486410 0.272181 -0.043061 -9.831193 -7.466931 -7.387656 
0.628183 -0.087283 0.692747 -0.160195 -7.247576 -5.578624 14.478535 
0.127719 0.209331 0.159741 -0.703330 19.516129 -7.589897 13.907456 
0.209256 0.355509 -0.156236 0.198419 4.086756 -4.363055 12.241186 
0.393003 0.008984 -0.014940 0.218570 23.605982 9.197765 -4.453899 
0.395444 -0.902963 -0.758129 -0.609694 -9.288278 -13.935675 1.439254 
0.150757 -0.653884 0.070832 -0.091655 7.129883 -17.965565 18.532737 
0.613619 -0.079499 0.332808 0.017565 17.749867 0.966515 -28.374192 
0.371705 0.101997 -0.723405 -0.022105 18.043127 3.184149 5.711090 
0.128172 0.129908 -0.546801 -0.388974 -1.318218 17.025135 0.502265 
1.227367 -0.319945 -0.130056 -0.030003 -25.573512 24.393063 9.751989 
1.287495 0.222000 0.143589 0.286197 -5.741686 -5.028413 -15.509075 
0.285623 -0.006129 0.481249 0.467670 -22.149024 -9.238217 -8.215219 
0.186793 0.036673 0.038545 0.411209 -17.731698 45.909492 -10.627626 
0.151928 0.858091 0.346824 0.239084 5.558706 -4.561022 -5.510539 
0.107729 0.047389 -0.968733 0.303529 4.837006 -9.154994 -8.641254 
0.789450 0.040217 1.002098 0.534996 0.199704 2.826179 2.844464 
0.417882 0.354692 0.282448 -1.002790 16.002318 0.800904 1.936810 
0.415458 0.223970 -1.159948 -0.680759 -4.907738 -24.519591 0.053714 
0.510419 0.506269 -0.699278 -0.140300 2.952249 9.887091 8.972530 
0.130425 0.563998 -0.062569 0.215903 4.432221 -6.619610 16.118216 
0.312402 -0.807579 0.636491 -0.250448 1.482650 3.706701 -2.309045 
0.489643 0.299528 -0.075153 -1.076096 -2.438488 6.345901 -23.107786 
0.449688 -0.242931 -0.636150 0.575089 16.820396 9.377516 17.972068 
4.640213 -0.776530 -1.187064 -1.054478 -9.024100 -26.182346 -36.166807 
0.102329 -0.786830 -0.353956 0.491373 7.003533 -7.126780 1.290712 
0.088752 0.552328 -0.400113 0.198771 -22.688795 -3.987202 6.981634 
0.124181 -0.119681 -0.079089 0.444486 13.642898 -26.642199 10.894527 
0.142677 0.847695 -0.075934 0.262040 -1.345874 -8.370095 -12.470263 
0.646196 -0.598432 0.631502 0.561035 -8.900365 10.487562 -16.742578 
0.112694 0.236672 0.688159 0.376433 -13.525220 -8.746112 11.258014 
0.176104 0.571173 0.104859 0.789120 -2.965658 -8.122583 10.558486 
0.106965 0.220704 -0.167245 -0.485296 -11.930082 -7.924637 5.076468 
0.330430 -0.321885 0.667706 0.097943 -14.086383 10.108273 3.090372 
1.059937 -0.111298 0.010470 0.345436 22.076630 -0.106194 -11.958842 
0.446854 -0.053163 0.522885 0.188410 2.922490 11.278360 -17.883583 
0.249843 0.255747 -0.435477 -0.165415 -2.165736 18.092388 14.929753 
0.126972 -0.013575 -0.275514 -0.376831 -8.393726 -4.105416 -9.999257 
0.148713 -0.426300 0.260592 -0.056216 -3.897075 -1.550458 11.520330 
0.153845 0.363383 0.232818 0.109123 17.243784 17.185836 -9.971524 
1.523067 -0.074093 0.702080 -0.019300 -2.351845 -5.703583 1.511828 
1.665441 0.108196 -0.810845 0.467262 7.242385 -7.232306 -15.732344 
0.167356 0.000412 -0.475748 -0.223765 17.236663 13.737349 4.402735 
1.433413 1.253117 -0.177755 -0.178130 19.320371 -18.105317 0.444129 
0.264805 0.104561 -0.624376 -0.112403 -14.170516 -20.855948 0.879053 
0.110793 0.041655 -0.389404 0.703229 -5.446451 10.620270 -4.933811 
0.180061 -0.155747 0.459610 -0.295263 -6.352628 4.564856 -0.342751 
0.195410 -0.104471 0.082369 -1.233679 -1.406432 2.230653 -12.860668 
0.091610 0.822107 0.326636 -0.564125 16.832040 6.224638 12.468909 
0.100160 0.341285 -0.512922 -0.329090 -10.987482 -4.609252 -1.546253 
0.329612 -0.210207 -0.177255 0.371316 -15.763371 0.740109 16.234318 
0.174903 0.328110 -0.821807 0.345297 -8.708579 -19.993787 -6.865194 
0.088879 0.179273 -0.151016 0.183542 -14.330860 3.186328 -13.156814 
1.382242 -0.706397 0.273843 -0.734357 5.025668 -11.340359 -14.247694 
0.137418 0.692534 0.583940 0.208274 -6.659547 -4.826933 5.414597 
0.550522 -0.783922 0.173179 -0.408953 -8.271918 -18.915540 6.823765 
0.977405 0.185644 0.589816 -0.102811 -9.014107 16.654985 -13.289545 
1.078071 -0.334811 0.086176 0.559977 -3.523725 19.570563 1.258317 
0.158053 -0.415826 0.126257 0.022193 9.475459 -32.598353 -6.191326 
0.173348 -0.319212 0.044761 0.374158 -0.039235 -5.414968 -9.985523 
0.082934 -0.156718 -0.519279 0.892933 16.630277 1.962346 6.995382 
0.136636 0.155314 0.234101 -0.140436 -16.582566 -11.389143 17.953988 
0.143734 0.797472 0.311307 0.257325 3.893107 5.380401 -9.428257 
0.441192 -0.402136 -0.239965 0.303227 -12.824477 9.018576 -11.584396 
0.419927 -0.554673 0.357026 0.492262 0.521563 -12.527789 3.084831 
0.233936 0.705443 0.469738 0.302488 -12.581910 3.495397 17.517392 
0.472655 -0.421085 0.074902 0.093254 -14.398393 -10.848213 -14.341038 
0.114863 -0.421551 0.081260 0.423885 -8.951844 7.150640 -23.916988 
0.090134 -0.021619 -0.290926 0.206330 7.865657 12.498334 -3.200843 
0.541043 -0.022628 0.042282 -0.608134 30.784767 -4.366992 2.432112 
0.282572 0.401572 -0.084190 -0.100585 -25.604851 -7.478295 1.991081 
0.115642 0.569595 -0.255133 0.063341 17.805736 -15.491114 -0.397786 
0.081355 0.167180 -0.245205 -0.613834 -24.183603 8.267232 -16.767686 
0.367829 -0.156405 -0.824425 0.128836 -7.336703 -8.320648 5.311225 
0.139629 -0.459477 0.164740 -0.048885 -4.352871 -20.336399 -5.986885 
1.352784 -0.417519 0.111611 0.489370 -7.148505 -2.923717 -6.927821 
0.125255 -0.520430 0.579201 0.180883 5.436304 -6.046065 -16.791186 
0.401327 -0.069276 -0.344843 0.771299 -1.300851 -7.837298 27.064207 
0.285734 -1.041055 -0.214209 -0.444619 -6.787655 -20.025536 -0.506952 
0.395651 -0.069905 -0.203302 -0.086858 23.175715 -12.139854 -10.959855 
0.293098 0.693718 -0.262530 0.211920 -1.047574 -8.148262 12.394142 
0.087827 -0.812932 0.314552 -0.015697 1.274174 12.599708 7.993264 
0.145431 -0.441454 -0.478362 0.741493 -17.519094 -1.459462 -8.426437 
0.180115 -0.078035 0.400041 -0.439337 -22.980899 11.362483 -0.239186 
0.096200 -0.153363 -0.022671 0.153698 -1.321878 -15.850423 -9.200741 
0.666776 0.179730 -0.019550 0.111331 -30.480122 -14.330993 21.845883 
0.204329 0.092095 0.352474 -0.134058 1.752493 5.827344 4.413745 
0.115895 -0.197109 -0.632596 0.639369 3.333202 11.542546 3.059193 
0.093908 -0.346086 -0.208824 -0.675538 1.664889 -10.681858 3.405497 
1.218377 -0.552752 -0.737144 0.267158 -12.477453 9.207204 9.278966 
1.577937 0.662855 0.558145 0.223698 -7.248007 -1.257242 9.400873 
0.624013 0.247752 0.089450 0.583856 2.372104 -13.862877 8.193210 
0.094581 -0.079090 0.962859 0.248938 14.666628 1.536705 6.292050 
0.082735 -0.230892 -0.339037 -0.685363 -0.775666 9.245605 -6.509973 
0.117562 0.563908 -0.733665 0.420412 0.855345 -9.547715 -14.714170 
0.104059 -0.019115 -0.386988 0.590251 4.960244 -12.999623 -9.397587 
1.175398 0.361305 0.408746 0.154676 -4.705783 -5.008000 28.063246 
0.164169 0.389605 1.320021 0.150874 17.332221 15.841292 -13.623938 
0.291452 -0.139562 0.504984 0.414265 -15.342678 -2.562373 -11.482456 
0.206673 0.242931 0.273549 0.244819 -19.022005 -17.549561 -1.738969 
1.289324 -0.233656 0.065957 0.835392 18.230251 27.435639 9.624650 
0.086315 0.202204 -0.168274 -0.292713 -2.382753 10.435660 -4.965737 
0.235153 -0.125744 0.619437 0.300673 2.396067 -11.305022 9.975880 
0.115719 0.019591 -0.059689 -0.736776 18.303806 -16.581546 -23.608108 
0.363410 -0.382406 -0.378512 -0.565482 8.119255 -3.777471 4.672661 
1.751386 0.642195 0.321638 -0.565461 17.428834 -4.375519 2.868644 
0.207984 -0.439744 -0.093855 0.627348 -1.675947 -3.164047 -4.787860 
0.102911 -0.043006 -0.684830 -0.617190 12.000468 -15.689152 5.187514 
0.178659 -0.609501 0.833482 0.021360 4.454667 9.507902 9.702583 
1.266026 -0.421061 0.758586 -0.194911 4.294985 1.885290 -15.903122 
0.304509 0.524876 0.623098 0.394628 4.826251 -11.397692 5.028519 
0.111776 0.317503 -0.119802 0.183535 -2.826431 3.250833 -0.835135 
0.518423 -0.394218 0.513729 0.021668 -23.639261 -9.967784 27.604131 
0.412206 0.736129 -0.397932 -0.106706 -7.667613 -4.646574 14.949926 
0.151101 -0.316420 -0.313830 -0.569132 3.405744 9.358666 -3.885428 
0.220913 -0.434927 0.756864 -0.233908 4.421152 -2.367636 7.917906 
1.412488 -0.082954 0.165869 0.506662 4.527279 -5.423622 -17.606926 
13.278585 0.161752 0.573781 0.071257 -15.446412 6.433486 9.888984 
1.463321 -0.137637 -0.675315 -0.198046 -16.427402 13.758102 0.316264 
0.120159 0.052475 -0.875189 0.261296 12.206136 6.957786 11.859218 
0.365350 -0.405061 0.749524 -0.062280 4.446608 -3.702840 9.718057 
0.105973 -0.275594 -0.333634 -0.813344 -6.469315 -2.647621 8.394989 
0.295892 -0.753903 -0.540879 -0.301730 -2.714236 2.148223 7.821397 
0.206326 -0.343224 -0.103000 -0.176710 -11.645798 4.899143 -0.648978 
0.093712 -1.162222 0.202343 -0.066196 -8.692710 7.259094 -3.142741 
0.095148 0.144384 -0.487699 0.182351 6.296440 0.289088 9.780234 
0.206538 0.501299 -0.325121 0.041414 -13.506548 -25.492546 4.912320 
0.086877 0.415538 0.566328 0.708004 0.632474 -1.078662 1.148765 
0.089099 0.131943 0.252418 0.599154 -6.413080 -16.532585 18.249505 
0.510706 -0.186097 -0.146375 -0.535323 -20.844944 11.654616 9.658331 
0.209703 0.774043 -0.749842 -0.409687 21.384706 -6.659525 -7.032536 
0.558090 -0.220039 0.890577 -0.404011 7.457168 2.526007 6.518771 
0.094925 -0.151145 -0.039735 0.546252 -6.620209 -16.270544 -8.156651 
0.169485 -0.058721 0.469480 -0.544663 2.769142 -8.788236 -12.953566 
1.190304 -0.762374 -0.266146 0.160578 -17.416215 -19.868897 5.496716 
0.229716 0.084490 0.244840 0.186793 -10.226500 -23.185340 -10.983608 
0.590880 0.396597 -0.149863 0.435177 -20.903262 -7.276449 8.739845 
0.480535 0.250799 -0.177825 0.078725 9.110200 5.432159 -7.981537 
0.234429 0.605442 0.260027 0.005310 -12.580489 -2.467763 -16.452975 
0.582021 -0.325008 0.061947 0.461280 -22.732340 11.539679 -19.886645 
0.189197 0.422960 -0.543861 -0.573693 4.792468 -5.028827 -4.860308 
0.259575 -0.896328 0.201815 -0.317059 5.293881 3.446328 -16.744688 
0.447006 0.373743 -0.398210 0.389577 -18.435229 12.764478 2.517443 
0.147887 -0.655916 0.505961 0.103301 3.568390 0.886147 2.567094 
0.231699 -0.237700 0.726449 0.037194 -2.607015 -6.657459 -3.456620 
0.453708 -0.150845 0.043811 -0.157595 10.840842 -14.452007 -1.310363 
0.920339 -0.817905 0.463887 -0.438187 -1.789300 14.074283 -15.806197 
0.955703 -0.031035 -0.223737 -0.465803 -3.515206 13.621691 4.019463 
0.084577 0.167821 0.545145 0.108904 6.771838 -8.135914 -19.214510 
0.160624 -0.145460 -0.334305 -0.118663 -8.692075 16.837296 4.692731 
1.172148 0.506956 0.232150 0.183292 41.818867 -0.311974 -47.347506 
0.760534 -0.441175 0.981380 -0.515968 8.363833 26.685695 11.459709 
0.114553 -0.826598 -0.054242 -0.091312 2.544298 -17.621711 6.808417 
0.117572 0.220109 0.194344 0.204424 25.615244 -28.076135 -7.071530 
0.762149 0.420543 0.907884 -1.299073 24.365527 34.382589 -11.985035 
0.232792 0.394571 -0.973975 -0.010116 2.588044 2.640152 -7.429434 
0.215009 0.007182 0.189729 0.089319 1.320396 8.636669 -10.489654 
2.204810 -0.063833 -0.464434 0.112987 -8.554466 10.866819 -2.806612 
0.129032 -0.841301 -0.043580 0.958503 -0.024616 -18.879740 41.613655 
0.374042 0.897722 0.470588 -0.321635 3.284246 0.017134 -1.253449 
0.205433 0.366729 -0.481961 0.788501 -11.672519 15.328448 19.130161 
0.160079 0.643179 -0.588204 0.006967 -7.222572 -4.751976 6.821437 
0.136090 -0.504047 0.721258 -0.575525 -16.434637 -1.021052 6.177547 
0.119841 0.104799 -0.104523 -0.389123 10.068832 20.599460 9.455153 
0.201503 -0.749494 0.155954 1.025831 -6.746503 -10.676373 16.981799 
0.611073 0.607990 0.371965 0.553117 -3.312093 -12.017601 0.671256 
0.115016 0.509408 0.247676 -1.009554 9.620451 -13.358547 -16.125693 
0.399244 -0.033625 -0.118327 -0.054402 22.252806 -20.904564 -2.194250 
0.131342 -0.452260 -0.613559 -0.713298 -5.595902 5.392618 -14.606225 
0.174201 0.055659 -0.863416 -0.040675 0.214663 -6.352525 23.765416 
0.089275 -0.560833 0.076750 0.181522 11.213381 7.098338 -12.187377 
0.438872 -0.571513 -0.415533 0.371233 10.590982 -3.374373 8.200554 
0.085636 -0.167710 0.084212 0.361029 17.715190 -1.600342 2.001610 
0.582912 0.123881 -0.144268 0.178554 3.304043 13.556674 -1.558590 
0.240412 -0.783852 -0.053148 -0.456410 -21.533890 -1.979846 19.904390 
0.226021 0.663537 -0.014670 -0.194091 7.782388 4.605402 19.214356 
0.107205 0.407087 0.518473 -0.192429 -8.032621 1.078160 -6.264732 
1.102835 -0.471856 -0.050230 -0.352129 7.339501 1.533680 17.786290 
0.266126 0.303147 0.418242 0.349501 -13.459273 13.782856 -13.614881 
0.409423 0.323383 0.946627 -0.390817 -8.074924 14.501348 -9.356504 
0.089384 -0.377918 0.631313 0.057911 12.043875 -6.952873 -16.146410 
0.113871 -0.510087 -0.212277 0.016529 4.858724 -9.280790 -11.497356 
0.746267 0.142147 1.275133 0.181936 -1.851089 14.068119 -8.233104 
0.219386 -0.821214 -0.131165 -0.047840 1.909507 -22.222239 -14.021874 
0.439077 0.685475 -0.082101 0.095204 -7.837242 4.676782 -20.668239 
1.444015 0.354659 -0.265517 0.279914 13.051970 -5.739902 -8.141888 
0.102731 0.063160 -0.887912 0.465601 12.593489 -8.492240 7.454895 
0.202560 -0.650033 -0.264268 0.319259 2.024373 -2.319683 12.583238 
0.091773 -0.156274 0.395699 0.336680 -6.690244 8.157115 -5.711157 
0.159646 -0.483011 0.845603 -0.578402 -9.291791 -1.922122 -9.601885 
0.210510 0.561111 0.674300 0.093599 -14.212791 5.433944 2.219392 
0.129464 -0.432281 0.568572 -0.217266 4.083238 0.979632 -4.970815 
0.235395 -0.006530 -0.725824 0.446667 -5.407187 4.084484 2.589997 
0.392760 0.585399 0.573878 -0.206872 -1.791200 -7.760662 -10.039941 
0.340464 -0.159080 -0.149598 -0.933585 3.053568 13.660951 -8.704069 
0.558675 -0.422950 -0.350513 0.440439 19.029339 -4.090072 -3.721011 
0.269181 -0.012913 -0.213388 -0.128842 16.011054 -20.910527 16.789792 
0.080832 -0.006151 0.177767 -0.316242 10.721588 19.923514 18.254457 
0.161454 0.438262 0.246753 0.499205 -2.340878 -11.679487 -11.228737 
3.272843 0.256148 -0.023399 0.334532 -6.375301 0.231998 -13.751745 
0.126733 0.788178 0.368225 -0.017326 3.740520 -17.965830 -5.675888 
0.147442 -0.399258 -0.585082 -0.458182 -5.073955 -33.464623 -4.899090 
0.234874 0.198356 0.164686 -0.607490 -9.703805 12.338646 -0.924351 
0.088322 0.434732 0.114579 -0.461387 -0.843460 8.546791 -20.912715 
0.124823 0.557418 -0.257593 -0.812888 -6.629251 0.460225 -1.387255 
0.134972 0.292723 0.332808 0.418477 18.543751 15.211437 7.727343 
0.114632 -0.024709 -0.474302 0.239866 0.508788 0.586570 8.411833 
0.145861 -0.709321 -0.505274 0.568869 5.514808 0.202600 2.117893 
0.263366 -0.037202 -0.138258 -0.828846 -1.558531 2.180911 5.224872 
0.973808 0.396978 -0.450939 0.152986 -2.468737 3.099104 -6.040495 
1.966409 0.167794 -0.217084 0.422716 5.116407 2.138022 -8.144752 
0.137245 -0.545230 0.102368 -0.544474 9.317014 -3.584209 -9.241504 
0.175886 0.083098 0.409661 -0.307781 -11.556021 -6.758460 -1.357026 
0.427154 -0.374425 0.420979 0.273135 -10.464189 -9.363722 13.905401 
0.305641 -0.322527 0.719560 -0.090562 -8.205423 -14.986992 -11.196209 
0.126873 0.072565 -0.116276 -0.152981 4.242794 -9.307481 -2.607899 
0.202129 0.834568 -0.396182 0.063334 15.915813 -2.893130 21.972597 
0.103947 0.889464 0.160145 -0.251268 0.427207 16.798528 2.588643 
0.160192 -0.190390 -0.717400 0.124086 17.019006 -10.820070 8.493728 
0.087931 -0.140943 0.088717 -0.610791 -14.158044 -5.122262 5.158364 
0.201166 0.228398 0.355299 -0.180856 -22.218928 -6.823892 10.480808 
0.129271 0.343174 -0.356298 0.654200 -11.627776 -7.783463 4.747275 
0.244547 -0.158147 0.233656 -0.622540 -12.993882 -1.450325 18.114203 
