0.202999 -0.092677 0.558603 -0.171667 -0.913069 14.900917 -18.695835 
0.583882 -0.235077 1.248511 -0.013392 13.794166 12.678334 10.638640 
0.585149 0.128767 -0.024176 0.407129 6.517574 -4.788318 -19.336506 
0.085689 -0.441127 -0.554539 0.839157 -15.068805 8.506562 15.915227 
0.090936 -0.035460 0.378318 -0.395701 2.639914 16.143857 -7.479125 
0.457888 -0.885315 0.736090 0.872562 -10.450884 -8.207555 -0.985234 
0.179449 -0.672057 -1.347552 -0.701294 -3.786769 -4.244247 -4.294645 
0.103175 0.922226 -1.068856 -0.664889 1.318667 -13.205376 3.118309 
0.199182 2.507717 -0.651274 0.500311 14.947695 -9.303977 3.504776 
0.109107 0.665131 -1.814212 0.635638 0.198448 -6.572798 7.167409 
0.232498 0.193065 -0.446866 0.173771 -10.362117 5.149956 -14.356988 
0.683878 -0.294046 0.750385 -1.250717 -12.231714 -4.500572 -8.923021 
1.809017 -0.010844 0.151788 -0.073477 -0.910051 -1.997433 0.293774 
0.133767 1.352388 1.103153 -0.521373 18.225472 5.868425 4.682335 
0.207935 -1.155310 0.791963 -1.289412 -5.506082 14.635130 -2.544582 
5.586845 0.041420 -0.010874 -0.052146 15.042083 10.208688 -7.910717 
0.099031 -0.149013 -0.297795 0.683047 3.878536 16.901769 13.290238 
0.095457 -0.361529 -0.248887 0.489897 -10.711492 -5.874782 7.202471 
0.166412 0.375406 0.682279 -0.872570 0.277401 -7.379108 -14.036324 
0.401973 -0.405448 -1.179981 -0.262070 4.971478 -17.187386 10.347816 
0.149690 0.169543 0.530360 0.646549 -14.464803 3.468100 11.586773 
0.135040 -0.201973 0.368731 -0.028609 19.437309 14.064341 4.847009 
0.230700 0.905475 0.373822 -1.054144 -1.257980 10.455994 -2.247807 
0.296048 0.131121 -0.672464 0.176757 -6.398759 13.136847 12.530996 
0.089040 0.134334 -0.504831 0.445266 6.482358 -0.756678 -5.568032 
0.218861 1.023208 -0.878273 -0.559758 11.203030 -1.299664 -1.136784 
0.780326 0.851985 -0.460174 -0.915384 2.201007 -11.814889 -6.815379 
0.110177 1.088604 1.398052 -0.087145 4.254424 8.317891 9.984367 
0.308745 1.197098 -0.966483 -0.772382 12.195359 -20.910053 -7.697541 
0.930095 0.206663 0.115878 -0.293979 4.093834 0.422865 -0.508094 
0.154448 0.291858 0.611973 -0.168092 10.088200 9.539455 3.653314 
0.449860 -0.145275 1.298138 0.321687 -7.134553 -2.923768 10.169263 
0.194281 -0.453812 -0.380970 0.400285 18.107654 2.047495 -5.452333 
0.121470 -0.265033 0.482959 1.132288 -15.788377 -3.278552 13.942399 
0.388680 0.122354 0.329302 -0.715315 0.336672 14.663224 8.229750 
0.552874 0.382505 -1.701714 0.319200 -5.362230 -12.508658 12.316979 
0.107074 -0.006779 0.304887 0.700065 4.513979 -15.405268 8.047066 
0.218546 1.162337 1.612230 0.272626 1.247734 8.915308 -1.329482 
0.118025 -0.498813 -0.133692 -0.297343 -9.745478 -16.093074 9.588300 
0.176826 -0.266298 -0.312317 0.876554 -11.040444 5.143881 2.212514 
0.123628 0.093436 -0.475500 -1.007476 -5.036604 6.371020 3.233928 
0.103987 0.794194 -0.593091 2.090692 16.166186 4.590502 18.842879 
1.612405 -0.239884 -0.094621 0.434272 -6.435752 -2.563929 -11.461551 
3.952128 -0.391298 1.776249 0.188930 0.494748 3.687987 8.563616 
0.090817 0.323560 -0.106280 0.052731 10.256969 -6.631606 6.280489 
0.094271 -0.233538 0.431870 -0.360883 7.593498 -11.654058 0.966221 
0.105198 -0.282196 -0.419785 -1.419028 -14.451971 -1.586553 -5.573065 
0.122132 -0.479047 -0.107623 0.029336 -1.392724 -1.948462 -4.127022 
0.167817 -0.086650 -0.934916 -0.222137 -12.117116 -3.482941 12.853824 
0.138488 -0.576732 -2.055050 -0.461149 0.615181 -15.760390 5.740716 
0.701272 1.172487 0.306662 -1.258823 26.246203 2.907843 -3.926718 
0.367183 0.003220 0.190420 1.417124 0.847888 -10.522527 7.420828 
0.116639 0.422801 -0.541798 -0.213502 -5.716433 1.301061 -1.124990 
0.156405 -0.685450 0.427232 -0.853062 -6.929209 5.136443 -9.574164 
0.118162 0.047443 0.228203 0.407021 -14.763952 17.573721 6.704947 
0.151293 -0.028177 -0.203235 -0.642082 -8.142602 -0.098859 -16.792798 
1.456612 -0.445486 0.153877 0.668924 1.165074 2.086681 20.437445 
0.095248 -0.210927 0.274697 -0.017895 7.216568 -9.262002 -14.602572 
0.298886 -0.243420 0.216580 0.469869 -11.469700 8.327112 20.312000 
0.512636 -0.218115 0.573163 0.193718 -2.466161 -10.486036 17.017639 
0.121466 0.984839 -1.615677 -2.122792 12.906914 -12.699210 -12.630864 
0.863813 -0.556960 -0.376308 -0.394339 8.948979 0.297658 -7.088136 
0.283593 -0.713975 -0.283105 -0.364986 -0.675724 2.349189 14.846375 
0.114183 -0.469483 1.160358 -0.212186 -15.705457 12.048382 2.930359 
0.387857 -0.189244 -0.373714 0.391923 -9.218732 -7.115088 -16.353441 
0.102340 -0.471268 -0.452935 1.436855 -6.700290 -14.403092 13.344430 
1.423034 0.794311 1.352937 -0.009942 11.839086 -1.377426 -3.353086 
0.118440 0.252165 -0.246373 0.952721 4.620449 -7.024092 -8.922048 
0.087317 -0.500789 0.166325 0.680205 -5.799129 7.555271 14.996961 
0.115648 -0.008378 -0.360780 0.964786 -1.976937 6.131240 13.082374 
0.335498 0.195954 -1.123592 0.526864 9.708883 -10.924950 -10.559776 
0.109210 -0.203725 0.357958 -0.856649 -8.696724 -7.416802 0.668323 
5.398343 -0.319229 0.147281 0.218206 -26.881941 -12.987363 -8.569728 
0.438696 -0.817782 -0.314645 0.042670 -1.126117 -9.592980 -11.724728 
0.102783 0.243261 -0.354178 0.363996 -8.102191 -14.112574 14.523350 
0.317653 0.823718 1.403329 -1.513992 -2.297878 19.950836 -10.146969 
0.117399 -0.404363 0.499515 0.239998 -4.853111 3.460382 9.274778 
0.135796 2.024253 -0.177666 0.393085 14.430406 -12.644195 4.869611 
0.139152 0.036309 0.663587 -0.062518 -1.941242 -2.441279 -3.203904 
0.081844 0.368049 -0.160676 0.277585 -5.684688 8.909666 -15.469289 
0.210768 -0.048266 -0.052029 -0.796494 -10.746063 -4.600276 10.932411 
0.087151 -0.097180 -0.017936 1.963527 10.007999 -4.655199 20.756825 
0.247564 -0.186274 -1.073031 0.163081 -11.172982 -16.770005 -10.397793 
0.118055 0.370295 -0.799188 -1.239816 -6.492390 4.395064 -11.706533 
0.133708 -1.073323 -1.700707 0.044397 -7.678624 -16.336954 3.267827 
0.137951 -0.163406 0.000119 -0.686508 13.273261 9.137563 -24.664994 
0.295736 3.824540 2.018322 -0.079179 47.792840 21.134444 -0.272046 
0.093592 -0.052949 0.342335 -0.079830 11.105459 -1.876909 -9.329157 
0.180968 0.091742 0.700507 -0.262051 -6.818330 -8.535159 13.710065 
1.058781 0.352066 0.072147 -0.259796 -1.226811 16.377460 11.909842 
0.086350 0.014444 0.050091 0.596455 -9.197259 6.400139 2.075708 
0.263354 0.027591 -0.391935 -0.008042 -14.521823 17.316718 5.810123 
0.556778 0.183248 -0.178948 -0.389317 0.261527 -11.000290 18.658487 
0.139284 0.083171 0.273806 -0.196979 -15.213017 10.140635 19.107411 
0.478468 0.159750 0.225990 -0.553058 -13.362194 -4.853363 2.914088 
0.165293 -0.049580 0.347410 -0.008664 -2.185815 26.189014 -4.453423 
0.493788 0.154144 -0.002361 -0.744602 11.546276 -2.603194 -10.142011 
0.252788 0.680844 0.242181 -0.215833 -3.001092 4.716237 17.002409 
1.145613 0.342996 -0.845775 0.679941 -9.536544 -13.428072 4.361898 
0.388183 -0.237822 0.648314 1.251535 2.536280 11.382182 10.123606 
0.094407 -0.197511 -0.072751 0.053164 -9.748387 25.443006 9.982520 
0.126740 -0.194845 1.177483 0.017757 -4.039121 0.786153 2.875723 
0.323270 -0.247714 -0.298387 -0.295559 -10.184937 -1.592978 -16.252081 
0.198042 -0.640251 1.954954 -0.114812 -15.896928 13.970556 3.374115 
1.167561 -0.067168 -0.406089 0.326723 14.106157 6.910805 -9.667668 
2.697368 0.072015 0.154269 0.131618 14.976806 -4.626471 16.580839 
0.376011 -0.795341 -0.335159 -0.216385 -18.776355 5.079619 -3.104090 
0.588263 -0.017045 -0.169994 0.006778 -8.955984 6.092886 -26.467911 
0.138650 0.433821 0.495732 -0.412659 0.013635 12.824766 15.047352 
0.373816 -0.026865 -0.307952 0.930344 0.432039 12.569486 -7.588820 
0.401930 -0.231067 0.797306 -1.074241 -2.667202 0.413689 -4.198468 
0.263064 0.456007 0.327490 -0.009090 5.855141 -4.114719 6.708490 
0.459762 -1.004736 -0.285042 0.455476 -2.964189 12.089342 16.028023 
0.328088 -0.036975 0.596368 0.295233 -13.454613 -6.850333 -6.442604 
0.860282 -0.666742 0.708886 -0.117997 -7.604521 -5.255772 1.432724 
0.273055 0.235904 -0.527458 0.282631 -6.197505 -14.446982 5.154120 
0.396253 -1.013975 -0.582506 -0.105881 -5.867085 9.219360 -3.482709 
0.246288 -0.050189 0.430871 -0.355247 -9.069573 12.301671 2.535963 
0.730294 -0.520112 0.192994 0.314398 -16.556676 -0.972759 0.607440 
0.278430 -0.049036 0.779392 0.200760 -12.284357 -2.615893 7.387793 
0.151503 0.166246 -0.794897 -1.081742 -3.774432 -0.877515 -17.277231 
0.100432 0.692763 0.040777 -0.253949 5.075511 13.131327 8.093996 
0.082624 -0.592700 -0.525939 0.461916 -15.719001 16.008031 -5.144492 
0.114711 1.122124 -0.250759 -1.389134 4.536530 -13.199397 -5.569831 
0.192666 0.096076 -0.178702 -0.931806 -17.536217 3.376327 -11.599421 
0.287114 0.677827 -1.039997 0.699666 8.404238 -11.048600 -9.623128 
0.585359 0.515654 0.514453 0.686305 -5.439871 -8.335132 12.578692 
1.376095 0.124067 -0.418507 0.091794 10.510549 0.842219 1.399979 
0.431641 0.802351 -0.811626 -0.509692 1.937686 8.645715 -7.626123 
0.136683 -0.564763 0.531407 -0.025304 -4.178383 -8.310446 -0.644135 
0.323241 0.575168 -0.312197 0.129159 -7.814066 -5.651286 -14.915566 
0.391024 -0.751901 0.061721 0.158099 -6.465661 8.980885 -12.151805 
0.112116 -0.039039 0.757524 0.125243 3.596178 5.106725 -18.785575 
0.116547 -0.048377 0.760628 -0.249746 3.701927 -4.218844 13.381336 
0.952396 0.263684 -0.329861 -0.075861 -18.313331 -9.972375 -1.367049 
0.374161 -0.614618 -0.281168 -0.354553 5.505967 -18.416536 -3.248512 
0.178419 0.117871 -0.075348 0.234358 -19.578167 -1.518261 2.977752 
0.192961 0.222853 0.802280 -1.124270 -6.764294 -5.095212 -13.433174 
0.763069 -0.181950 0.418522 0.674499 2.806316 -3.178607 15.760146 
0.181019 0.012779 0.413238 0.458345 -25.053234 -3.566034 11.048289 
0.393969 1.215946 1.535877 -0.110695 12.668855 24.037246 9.475408 
0.408300 0.505526 -0.034990 0.108650 -2.379658 -1.807180 -4.236386 
0.506972 0.461835 -0.136835 -0.545851 -8.735094 -15.434151 -10.663193 
0.168852 0.545996 -0.803835 0.113262 -0.687896 4.108572 16.288600 
0.196085 -0.233328 0.138262 0.020731 12.831297 -10.411545 5.366639 
0.836938 1.107388 -0.726844 -0.131701 -0.278877 1.897888 -8.856938 
0.701221 0.140445 -0.141147 0.103943 -12.267889 -26.274417 4.929342 
0.263429 0.074870 0.519751 0.007333 -0.944285 -2.227716 4.919117 
0.151360 0.688340 -0.587916 1.600705 -7.881022 -8.868714 11.226708 
0.449375 -0.014073 0.534594 0.099630 5.455652 -12.352284 -3.013275 
0.108928 1.041447 0.325059 0.917818 8.208513 -13.504390 7.599479 
0.090465 -0.443641 -0.194002 0.603221 17.335020 3.427506 -6.739315 
0.531060 0.182622 0.907165 1.898080 -8.883967 12.322877 10.813576 
0.272013 -0.413414 0.703494 0.903121 -19.486774 -2.653608 3.287283 
0.127889 0.510899 -0.116408 0.010536 -10.577956 -6.262894 -5.758183 
1.070260 -0.206868 -0.462289 -0.169338 -0.009479 1.996693 2.355008 
0.111702 -0.561684 0.118173 -0.401221 -11.970696 10.598191 16.142510 
0.275275 0.851865 -0.572066 0.365355 13.452747 0.529572 5.527281 
0.433814 -0.060359 -0.202336 -0.192358 -22.798095 -10.468535 5.671985 
0.121123 -0.191991 -0.447156 -0.756670 -10.113726 8.829915 -16.009683 
0.604561 -0.818538 0.925036 -0.002044 -2.186504 4.646555 16.918375 
0.672200 0.731251 0.123180 0.854624 -3.511645 7.725608 17.047051 
0.485099 0.483905 1.833901 0.433466 1.558800 9.551188 9.572924 
0.088968 -1.803623 0.232702 -0.097250 -5.469052 9.408828 -0.216404 
0.372330 -0.261466 0.282010 -0.117156 -13.113277 -18.600287 -4.106896 
0.427499 -0.094615 -0.486487 1.573950 11.743682 -10.438333 7.259995 
0.148166 0.592008 -0.845029 -0.580416 -4.482360 -12.566352 -1.740063 
0.205405 -0.160482 -1.058717 -0.834027 1.110117 -10.224385 -0.700699 
0.273438 0.446617 -0.295088 0.123486 13.224494 17.725905 -3.710760 
0.257004 0.683595 0.029911 -1.400270 4.982968 15.392643 -14.182141 
0.083821 -0.404477 0.487601 0.920429 -7.825331 -2.445891 11.328991 
0.673429 -0.334391 -0.322949 1.403344 3.816485 -2.210815 2.400652 
0.093338 0.044325 -1.198313 1.025234 3.978575 2.260135 2.544308 
0.097693 -0.055424 0.080932 0.485058 -3.717108 8.613773 20.869939 
0.081727 -0.040561 -0.192489 0.346271 8.516670 11.047441 13.413619 
0.417045 0.504946 0.020804 -0.285396 4.769171 3.496492 -2.537295 
0.387177 -0.631346 -0.027788 0.133316 11.784468 -5.219825 -6.522421 
0.350927 -0.634287 -0.417410 0.415167 -7.856374 12.287097 -8.759757 
0.081891 0.009397 -0.067088 -1.012113 -14.360437 -1.916206 -1.628191 
0.111530 -0.654174 0.447400 1.147000 -6.999477 1.458561 18.396424 
0.729211 -0.117330 -0.067276 -0.191737 11.448007 4.035621 1.285506 
0.081209 0.451464 0.080621 0.317236 -17.035311 -7.634359 2.707501 
1.066327 0.312586 0.322062 -0.238464 8.810855 12.464148 20.749120 
0.844840 -0.582964 -0.030420 0.290461 -7.406348 -4.823903 -2.029798 
0.286414 0.297001 -0.285140 0.540367 -4.252523 5.315470 -13.818473 
0.108220 0.328814 0.414444 0.240264 6.093014 -12.776310 -6.669630 
0.106446 0.720692 -0.374144 0.039614 13.238394 7.496142 -2.371797 
1.618982 -0.166173 2.036034 0.012403 -12.618884 16.622796 -7.781937 
0.126190 -0.725549 -0.060047 -0.375701 -5.946628 -6.656480 -9.136347 
0.666898 0.246253 -0.112727 0.387582 -5.388476 -0.713685 -3.990859 
0.355266 0.124737 0.096086 -0.224647 -14.231198 3.480358 17.320448 
0.365762 -1.512130 -3.452631 0.023643 -19.532654 -32.659556 -4.800635 
0.430606 0.480777 0.794094 0.133541 -8.614176 4.147160 0.133176 
0.100431 0.023696 -0.875548 0.891490 17.267376 0.338838 2.391869 
0.189647 -0.426194 -0.122126 0.393663 -22.931114 6.307945 -1.300693 
0.132254 -0.805086 -0.058960 0.382335 -12.076056 -17.377663 6.307085 
0.500139 -0.610870 -0.523747 -1.211126 -15.543056 0.840960 -9.158286 
0.175237 0.109486 0.911816 -0.544247 -12.353528 11.625469 -9.761948 
0.123696 0.018627 0.654072 0.138170 -9.641212 -6.918775 11.985796 
0.195281 -0.434730 -0.750892 -0.642129 -4.929872 1.679824 -16.622560 
0.599939 -1.129783 -0.483750 0.497121 -24.673935 1.938965 -7.841159 
0.192741 0.008672 -0.434275 0.251659 -8.276424 -6.981232 12.583532 
0.200778 1.040250 0.543516 0.153375 4.082682 -11.236782 -0.627973 
0.177472 -0.013256 -1.175309 -0.393386 -4.166356 -1.161691 -16.654699 
0.127855 0.271662 -1.063182 0.475947 2.853633 -10.885537 -4.841151 
0.220526 0.005795 -0.344725 0.527165 -0.386019 -10.361425 13.708187 
0.627642 0.227495 -0.302685 0.502800 10.561230 -6.200679 3.615409 
0.637465 -0.164315 -0.071622 0.054645 -17.562786 17.572691 8.137039 
0.169117 -0.099969 -0.938125 -1.021390 4.870377 -0.559842 3.094430 
0.114784 -0.772602 -0.267771 0.481166 -5.006295 -13.875481 -3.542742 
0.135557 0.047483 0.466297 0.249224 8.298528 17.836725 -8.797131 
0.579415 -0.975831 -0.197205 0.019067 -0.516112 1.680279 18.308251 
0.624848 1.142220 1.055872 -0.517931 17.492633 14.107730 -3.102312 
0.385484 -1.048219 0.882259 0.434760 -11.210376 -2.259229 14.054948 
3.082417 -0.604360 -0.115188 0.323585 -5.842218 5.151023 -3.567993 
0.310489 -0.112814 -0.546394 0.513723 4.952081 -0.285221 22.925422 
0.457154 0.147657 0.227349 0.309444 10.348130 7.816955 -9.898674 
0.279294 -0.467920 0.357354 0.655944 -2.331246 -2.981129 -14.147588 
0.089763 0.366740 -0.340641 -0.266837 3.348904 -3.643733 -17.621845 
1.249225 -0.629485 0.739888 0.027580 -14.578430 9.611392 8.014750 
0.163561 0.702129 -0.680772 0.110050 6.747838 -8.284133 -5.778627 
1.702665 -0.464173 0.574793 0.904274 2.476438 6.327580 10.390033 
0.087567 0.070103 1.245612 -0.185994 9.336930 10.776504 -0.446805 
0.192231 0.148313 0.398461 0.163429 5.734514 0.120682 2.377534 
0.122081 0.571714 -0.107453 -0.286284 -11.599696 -10.408191 -13.124615 
0.088452 0.099656 -0.690795 0.444194 -0.997851 9.199605 9.920923 
0.470758 -0.864735 -1.886637 0.202349 -4.330135 -9.318265 7.302853 
0.196106 0.158680 0.080187 -0.011881 0.246113 7.987898 8.927463 
0.163499 0.961369 -1.791313 -1.168368 14.989779 -18.468748 0.977171 
0.080867 0.990847 0.961501 -1.949677 22.220483 16.912951 -13.224312 
0.223604 -0.312543 0.144086 0.471688 -23.421781 -2.682400 11.161127 
0.155926 -1.102114 0.426507 0.768260 -13.431887 -5.623538 6.686108 
0.238387 0.251906 0.667113 -0.154634 -8.710456 -0.469699 -16.899650 
0.106154 0.182559 -0.131691 -0.259661 -3.060754 -10.698005 -16.745026 
0.169911 -0.340233 0.448309 -0.530067 12.846386 -10.224263 -2.251250 
0.113329 0.846566 0.657474 -0.073197 8.399809 6.458172 16.309038 
0.192419 1.242192 -1.169675 -0.253463 5.877503 -21.948546 -8.404096 
0.594225 -0.361564 -0.170645 -0.646133 10.551005 4.247602 8.267069 
0.085164 -0.107265 0.063043 -0.584378 -18.207519 -3.734091 -7.062761 
0.117057 -0.075091 0.091949 -0.209130 -5.836880 22.674583 8.224211 
0.205043 0.129725 0.037695 0.159545 3.934227 21.482104 -9.532182 
0.234649 -0.077500 -0.592381 0.528075 20.065421 -3.339085 4.098299 
0.487672 0.053574 0.603789 0.568786 5.315478 10.764749 19.630451 
0.223182 0.316158 -0.186617 -0.031789 -14.530238 -17.536528 -5.738488 
2.476904 -0.636255 -0.844841 -0.223050 0.602152 -0.113038 -19.939188 
0.441734 0.835106 0.053918 0.094724 16.070789 8.187167 -0.057963 
0.230397 0.539842 -0.112755 0.350988 -9.214543 -7.151622 -1.183302 
0.689100 1.781919 1.362667 -1.637420 21.961522 7.740046 -10.326388 
0.815528 -1.589937 0.662219 0.212697 -17.877205 -0.841570 10.976839 
0.161492 -0.131152 0.613377 0.072549 12.470392 5.637497 -14.436327 
0.542296 2.091980 -0.495641 -0.531843 11.099929 -8.067050 -0.575189 
0.146522 0.168337 0.430639 0.586914 -18.613678 -8.618221 6.397793 
0.256037 -1.239037 0.169511 -0.601618 -4.856391 -10.576026 -6.458465 
0.887681 -0.818165 -0.484865 1.259860 -0.083188 9.530275 5.196275 
0.101372 0.043166 0.359781 0.405282 0.860158 9.867166 -9.227840 
0.141931 0.533308 0.376270 0.273266 -8.899903 10.250102 -0.645144 
0.178446 -1.134749 0.585110 0.471108 -2.954376 7.069586 4.911961 
0.083374 0.359428 -0.291255 -0.892848 2.221947 -0.910399 10.035670 
0.376685 -0.302336 -0.292808 1.347778 1.638411 4.605866 1.770631 
0.585808 -0.042309 -1.207620 0.309347 -13.029521 -6.215406 8.976475 
0.102075 0.042735 0.562163 0.585265 10.534140 19.807633 3.501844 
0.086694 0.946368 1.072417 -0.329285 19.042597 11.355053 4.225879 
0.654455 -0.165340 -0.132469 0.439259 5.671681 1.008296 -6.816689 
0.442796 -0.085420 -0.066724 -0.538038 -20.829186 2.508900 -4.093062 
0.103990 -0.536965 0.930389 -0.332033 -0.229727 3.322522 -3.162740 
0.137893 -0.033251 -0.077845 0.288555 -25.589915 -15.098043 -3.653863 
1.044939 0.735143 -0.115399 -0.342361 6.138434 4.486840 -2.430799 
1.025335 -0.226220 -0.031628 -0.280127 12.264527 -3.599039 -13.293851 
0.472835 -0.728909 0.067171 1.181427 -20.796562 4.587090 3.896336 
0.672168 -1.525834 0.984883 0.006532 -20.438730 3.842082 13.401789 
0.208490 -1.601760 -0.805463 -0.127127 -8.832587 -13.972177 -1.677895 
0.292610 -0.924498 1.471616 0.181230 -6.870312 13.768000 12.556877 
0.111344 -0.174815 -0.367316 1.003422 -2.361709 -2.246805 14.627955 
0.466067 0.206164 -0.234166 0.735843 6.426530 14.482148 1.742161 
0.112109 -0.293153 0.262676 -0.024394 -11.102042 -16.529483 -1.960029 
1.021373 -0.358846 0.121804 0.288218 -16.835856 -0.737782 14.025381 
0.247245 -1.030244 -0.595184 0.947983 -24.130518 -2.192359 11.974770 
2.937998 -2.084638 -0.475052 -0.058387 -14.975127 -9.061548 9.668844 
0.112201 0.352201 -0.451922 0.076482 -2.546555 -14.962288 -8.528246 
0.941373 -0.120354 0.505680 0.107095 8.492369 7.887719 0.300562 
0.186332 0.750771 -0.322848 -1.082117 8.692062 2.385421 -4.216003 
0.206312 -0.364741 0.049135 -0.429477 -8.368994 12.730487 0.325633 
0.087521 0.337638 0.836578 0.674662 -5.806271 -5.589496 -4.661761 
0.337060 0.302277 -0.312636 -0.051118 -8.244155 -18.957426 -6.519724 
0.506829 0.133974 0.054010 1.019331 13.371259 4.749036 13.373756 
2.506229 0.521995 1.271112 -0.456341 -10.063265 9.063343 2.138841 
0.109658 0.541682 0.219117 -0.003807 0.835389 -3.152250 -17.903992 
0.093631 -0.395983 0.109978 0.231645 -18.080065 19.129986 4.625997 
0.994606 0.620051 -0.140513 0.503378 5.046442 1.614397 -0.079970 
0.184780 1.439331 1.903392 0.116372 6.703414 11.662158 -2.340326 
0.113864 -0.038641 -0.059845 -0.279041 -0.444970 18.972199 -4.210514 
0.500571 1.389942 -0.828067 -1.060096 22.765574 3.098443 -10.306957 
0.375402 0.033529 -0.030381 0.776983 8.565571 -6.044585 -3.696857 
0.121279 0.536510 0.006313 0.386386 3.596768 -1.202531 -19.200834 
0.437171 0.527978 -0.019420 -0.520028 4.649153 -0.160286 -11.865527 
0.420529 0.143822 -0.278833 0.072644 7.836168 14.649835 -14.206116 
0.140832 0.270960 -0.210441 0.321802 -2.610202 8.738879 12.669188 
0.317286 0.117237 0.525805 0.002342 -6.684598 8.022118 -3.887362 
0.092539 1.275839 -0.143017 -0.795786 2.899648 -7.349875 3.763594 
4.198783 -0.216176 -0.173845 -0.258688 0.919557 6.005104 -6.864665 
0.435794 0.142156 0.118454 0.169240 -22.633361 7.350214 11.322206 
0.299195 -0.112280 -0.242841 -0.611852 -7.829217 -13.589879 7.630045 
0.366428 -0.818965 0.475835 -0.340885 -15.237951 -1.566543 14.963102 
0.300202 0.058370 0.440025 -0.152467 -7.543384 7.850850 -10.217801 
0.585186 0.158805 -0.144315 0.096104 5.514409 -0.578442 26.612704 
0.524509 -0.241662 -0.364905 -0.282311 -6.757050 -12.553531 2.988309 
0.292083 0.182214 1.720856 -0.091712 4.067730 7.123684 12.287517 
0.107699 -0.017630 1.453478 1.103427 -6.987951 8.098981 15.856047 
0.744916 -0.614022 1.336331 0.566807 -1.516449 21.479940 4.043150 
0.131940 -0.467526 1.614512 0.112798 -12.244379 14.279867 0.740637 
0.104491 -0.805953 -0.524803 1.109360 -18.498378 0.203414 17.329114 
0.504475 -0.109552 0.144417 0.102173 4.156555 -0.024958 -1.403362 
0.159200 -0.270034 -0.130780 -0.018791 -8.109445 11.968387 -16.419751 
0.144224 0.742930 2.046074 -0.779336 -0.531648 18.606042 2.866855 
0.221063 0.158167 0.529846 -0.552461 -17.826461 0.642541 -10.089376 
0.339783 -0.207560 -0.183234 -0.516189 -6.814316 -13.447533 10.851200 
2.985742 0.983031 -0.547522 0.269685 14.112406 11.809857 -6.456745 
0.098040 -0.176929 -0.144885 -0.144412 11.628808 12.052933 -19.578931 
0.364111 -0.400005 -0.367425 0.088762 -17.113619 1.273313 -14.604118 
0.144886 0.344781 0.351211 0.458928 14.209776 6.489484 -4.561940 
0.360597 -0.243423 0.381099 -0.115943 -2.546618 15.949738 -11.374795 
0.254317 -1.067083 0.472022 -1.166479 -7.259083 -6.596535 -2.779633 
0.555913 -0.030831 -0.428757 -0.029177 12.756056 14.781086 -2.766985 
0.416651 -1.855777 0.098380 -0.013585 -16.440223 -6.025770 -7.096356 
0.151008 -0.257552 1.419658 1.450273 1.064627 6.435286 5.427700 
0.577563 -0.066780 0.420102 -0.383196 0.988205 8.251221 -12.765276 
0.141965 1.349159 0.496448 1.944697 7.344999 0.055667 23.711844 
0.120024 -0.067111 -0.124400 0.450566 -17.991584 7.429863 12.321527 
0.182852 0.679755 -0.783651 0.214298 18.850687 -3.618024 -1.307531 
0.189724 0.272076 0.004106 -0.585671 -1.171131 6.969852 -19.169923 
0.150160 0.345722 -0.747175 1.040232 -1.935823 -13.162238 17.353133 
1.373741 -2.624602 -0.623018 1.205954 -22.280178 1.653149 9.768351 
0.283453 0.452368 -0.317700 0.767225 -0.981541 3.381018 5.637323 
0.170281 -0.751021 -0.262935 0.343133 1.712797 12.978201 17.207683 
1.505698 -0.756013 0.629642 -0.025617 6.936656 -4.265898 4.007849 
0.360047 -0.977396 0.403278 -0.236767 -12.756976 -2.902246 -8.420771 
0.588861 -0.221387 -0.576258 -0.205999 -17.164707 7.538553 8.348773 
0.381565 -0.462230 -0.504384 0.180592 -17.344958 6.397957 10.039171 
0.166121 -0.120561 -0.029874 -0.137766 1.459331 -17.833804 -6.102538 
1.652096 0.157174 -0.143461 0.079872 -12.887318 20.303656 -2.365264 
0.215498 1.765424 -1.681915 0.699363 18.245462 -7.644144 1.642105 
0.524663 -0.314484 0.372637 0.466594 -2.867255 -3.880157 7.543465 
0.489037 -0.420792 0.497431 -0.350599 -19.226570 10.358810 -0.899243 
0.247044 -0.173488 -0.004459 0.632530 -12.886477 4.423696 -0.899343 
0.408569 -0.527216 -0.029501 0.421952 17.754430 11.068284 -2.673982 
0.429966 -0.379130 0.094126 0.204853 -4.330776 0.379182 -2.349645 
0.205030 1.218072 -0.660980 0.206952 6.920776 -11.498166 -3.088899 
0.104504 0.647631 0.023451 -0.599578 -7.033164 4.901764 -3.272758 
1.704172 0.514209 -0.832947 -1.250134 -1.881617 2.742704 -9.019550 
0.208973 0.581251 1.039225 -0.939925 3.859042 -1.371466 -3.478821 
4.631110 -1.126757 1.266549 0.608687 -6.118376 1.930583 13.847545 
0.135103 -0.231941 -0.325353 -0.221609 -1.040128 -11.877832 -8.899246 
0.169606 0.426766 0.627119 0.682568 5.388361 15.932907 -6.513697 
0.567692 -0.960773 0.110968 -0.674615 -16.683504 -12.096840 -3.688908 
0.214292 0.119160 -0.168701 1.112495 -8.062081 4.909254 19.723759 
0.450345 -0.227321 -0.100041 -0.452615 -1.767463 16.048238 12.271028 
0.407103 -0.250474 0.301353 -0.054226 -1.234106 -1.786362 18.128273 
0.846636 0.068390 0.316443 -0.124308 -7.190251 0.478146 1.657887 
0.123163 0.874443 -0.599563 -1.790194 4.096358 -9.407067 -11.178979 
0.120648 0.092707 0.760643 -0.534949 -7.845798 0.373328 -13.277007 
0.387333 0.089356 0.926806 0.064242 -11.739251 5.960726 13.510566 
1.095352 -0.021430 0.462758 0.717363 -16.897822 0.970516 10.546331 
0.212730 0.131836 -0.039455 -0.465642 10.319011 -10.555714 -6.372529 
1.575080 -0.389967 1.015331 0.390240 -0.183272 5.072277 20.641418 
0.102042 0.391103 0.545644 0.187437 5.778782 -0.036172 16.804078 
0.606266 -0.601721 0.344619 0.216130 2.659494 14.725273 -5.740003 
0.250734 0.335357 0.050648 0.013650 -18.368078 -0.117195 0.904938 
0.184902 -0.291755 -0.406374 0.024437 -9.170289 22.005393 3.574354 
0.348863 -1.070989 0.704052 0.261162 3.257665 17.770281 -6.301066 
0.127948 0.641180 -0.513190 0.640275 -4.386897 -11.846323 8.096015 
0.127545 1.061463 -0.004813 1.629183 2.434122 10.561720 19.174701 
0.089378 0.643637 0.927556 0.657684 8.914330 -3.691564 2.042784 
0.220514 -0.214165 0.533584 0.610473 18.171392 3.645179 -1.781557 
0.195396 0.750358 -0.349234 0.209595 -7.651809 -13.878813 -10.055717 
4.245083 -0.763207 -0.684555 0.472017 -12.781167 0.476058 -0.868479 
0.095817 -0.336154 0.347684 0.073876 -8.019059 0.371778 -16.292357 
0.569763 -0.314397 0.346401 0.110139 -26.393590 3.723418 5.111531 
1.098164 0.047847 -0.127660 0.308627 -11.194458 14.868955 -5.192953 
0.538990 -0.108636 0.430365 -0.060619 13.589926 4.711472 16.023416 
1.288776 -0.875482 0.110658 0.276791 -16.353573 -3.166503 -0.680109 
0.193816 0.125794 0.209161 0.361205 2.256015 9.279276 -15.024673 
0.378483 0.564178 0.954302 -0.082805 -12.820227 6.178821 5.222689 
0.130333 -0.766565 0.502204 0.183750 10.715720 15.661416 1.607834 
0.235233 -0.134083 0.537859 -0.319952 -4.847345 -6.156928 -10.480859 
0.474050 0.214326 0.220373 -0.346377 -8.780946 6.304116 -12.712947 
0.170650 0.186481 -0.076125 0.060656 0.867196 -21.561082 10.985504 
0.551803 -1.222173 -0.276238 -0.012974 -0.005516 -5.421772 7.257758 
0.131497 -0.037343 0.550603 0.261696 12.260300 5.645660 -6.746955 
0.367063 -0.756216 0.475798 -0.345101 -16.861168 -9.537022 -1.883782 
0.237052 0.072187 -0.449652 -0.372989 -0.354418 -9.933160 -5.230911 
0.979329 -0.132137 -0.095067 0.680588 15.823355 -2.255952 -4.451561 
0.113309 0.505553 0.030726 0.055552 12.668349 18.126619 -1.141951 
0.202812 0.691357 0.430146 -1.181428 17.321474 4.415596 1.889025 
0.145792 0.087411 0.560112 -0.070962 7.457789 16.208515 -1.701066 
0.206856 0.162800 -1.976783 -1.085739 -7.811865 -23.161508 -12.313945 
0.534870 -0.611622 0.007568 0.198367 2.030726 15.316565 -15.500540 
0.091732 -0.820582 0.368578 0.669921 -7.517088 -12.855546 10.767225 
0.094435 -0.020905 -0.230413 1.043979 -6.876984 11.944996 3.566631 
0.106821 0.163619 -0.198717 -0.119235 -3.797967 7.357493 -6.622775 
0.443043 0.373347 0.161361 -0.679909 12.553498 8.998100 1.256102 
0.087582 -0.055772 -0.503627 -0.585529 -13.954746 3.798968 -3.486492 
0.159466 -0.824584 0.174692 0.216700 4.068346 -9.824604 10.146560 
0.829727 0.184410 -0.091062 -0.393873 -6.707250 9.367013 -16.397632 
0.093662 -0.596182 0.795870 0.854746 1.154423 -5.424798 12.140731 
1.055006 -0.727417 0.599850 -0.718016 -9.411178 1.035509 5.308320 
0.290595 0.525281 -0.387597 0.499327 -3.263144 11.045407 19.072809 
0.226020 0.241749 -1.522139 2.660377 11.338055 -13.405999 23.017226 
0.258652 -0.333720 0.401288 0.012306 0.777859 5.476040 -6.273499 
0.504080 0.446870 -0.243515 -0.204171 0.873986 -4.593742 15.337758 
0.133644 -0.206261 0.084819 -1.753391 -10.764731 -12.181478 -18.828653 
0.102367 -0.088327 0.064978 0.514058 -15.553241 -12.587050 0.193417 
0.102733 0.398927 0.433807 0.108323 14.126630 2.325077 14.184243 
0.406103 0.010751 0.031326 0.370680 -3.827097 -11.441786 -19.264814 
0.170184 -0.684153 -0.861806 -0.811918 -0.566536 6.703451 -10.765143 
0.080956 0.795068 1.212487 -0.329603 4.244409 20.729117 -10.019364 
0.171393 -0.490098 1.155984 0.540979 -7.249304 6.463135 -7.082739 
0.103884 -0.615136 -0.141178 0.122778 -8.604566 3.718347 -6.062874 
0.287723 0.169511 -0.102649 0.511933 6.306672 5.635608 -1.980595 
0.707610 -0.270625 -0.065996 1.187978 -3.331108 5.230205 12.348918 
0.161798 0.017360 0.090144 0.107619 -15.398272 -14.141500 18.719737 
0.495528 -1.260781 2.010145 0.607400 -8.829930 9.884584 1.712933 
0.081729 0.926651 0.320088 0.365780 -0.298582 9.141540 16.867076 
0.498673 0.057837 -0.376400 0.450230 12.979312 2.852141 -12.534660 
0.189760 -0.699950 0.307418 0.075218 3.000659 2.352876 16.649618 
0.174582 1.277300 0.468026 0.371162 3.123362 0.421338 11.083934 
1.913197 -0.045167 0.758827 0.110687 -13.334580 21.685505 -0.467186 
0.156957 -0.423440 0.521858 -0.017977 -6.872056 15.271696 -14.415970 
0.318637 0.493528 0.770890 0.112366 4.844196 -4.500661 -6.960961 
0.384886 -0.686313 -0.422704 0.328282 -1.942809 15.872084 -4.147488 
0.094543 -1.173801 0.331090 -1.439706 0.886480 11.048770 -13.604723 
0.093801 0.718618 -0.441749 0.457322 0.043058 -8.729522 -14.045323 
0.259589 0.058173 0.475999 0.504268 4.246673 10.889956 16.812917 
0.331382 -0.138243 0.070110 0.081504 0.414220 -7.407748 -3.786673 
0.597086 -1.223069 0.534946 -0.296770 -9.577113 19.520384 -5.806606 
0.244466 -0.258348 -0.097938 0.482191 -7.053882 11.257379 -0.949439 
0.409757 0.111152 -0.447374 0.968187 -12.328640 7.941828 15.449443 
0.703460 -0.775692 0.785922 0.489529 10.202047 2.901940 12.080679 
0.129081 0.401585 0.154835 0.262105 0.327526 5.386027 12.706053 
0.592856 0.607506 -0.197398 0.535640 8.981027 19.724683 6.618337 
0.598064 0.128213 0.382420 0.661330 -8.776565 1.580879 24.228347 
0.315326 -0.384963 0.557079 0.600248 -20.453148 11.897678 11.796235 
0.830552 0.189432 -0.086651 -0.195908 -14.550162 14.155507 -9.610467 
0.107798 -0.539703 0.642539 0.861798 -2.605600 7.839239 0.763258 
1.282747 -0.182467 -0.713702 -0.231111 10.579358 -8.147135 -16.119453 
0.179704 0.064433 -0.458616 0.027691 -10.649273 2.099377 22.470546 
0.226650 0.434388 -0.406194 0.342925 -5.347899 -14.001266 4.707508 
0.213577 -0.076945 0.541819 0.321348 8.454382 22.941924 -1.981537 
0.360054 -0.115971 0.053728 0.155984 -20.424792 -8.057117 -13.464509 
0.590465 0.235321 -0.104555 0.093164 20.430309 10.933095 -0.853190 
0.323997 -0.202415 1.343616 -1.415175 -3.636382 22.351869 -5.372911 
0.080856 0.195057 -1.038233 1.073999 12.136359 1.963334 4.071760 
0.143920 0.183005 1.585906 -0.081179 0.731929 3.335724 3.177323 
0.128165 1.034741 0.069674 0.200982 2.727609 10.244104 7.204738 
0.371144 -0.257067 0.937303 -0.065715 4.655125 -3.115712 -9.946493 
0.145470 -0.974981 0.687870 -0.771583 5.691423 1.644724 -11.773224 
0.092657 -0.207349 0.185822 -0.093272 -2.506261 29.000735 0.945957 
0.587126 0.937961 -0.349107 -1.557009 18.875794 -12.718383 -6.845175 
0.235289 0.078605 0.164023 0.462515 -12.405516 11.860377 1.966552 
0.569180 0.371554 -0.773136 0.091911 -12.954615 -1.648051 -7.467455 
0.093590 -0.418535 0.069854 0.920616 -8.257533 6.541016 3.535877 
0.249342 -0.181512 -0.602358 -0.619322 2.818591 -0.587052 9.433439 
0.543855 1.225179 -0.107210 -0.264202 16.899715 -8.237146 4.428120 
0.236315 1.211259 1.384217 -1.566882 16.176298 26.174472 -9.086707 
0.136931 -0.224243 0.571859 -0.357555 11.512575 -17.742242 -1.689052 
0.109437 -0.183919 -0.678795 0.485287 -15.348807 -5.976089 -11.208130 
0.915698 0.157792 0.464438 0.327851 15.198443 -3.071027 -14.711716 
0.125769 -0.308744 -0.187568 -0.151793 0.156411 -14.404200 -6.409209 
0.182221 0.525689 -0.238541 0.177184 -13.175653 -11.439079 0.229281 
0.624303 -0.799772 -0.682022 -0.330297 -7.627581 6.298938 4.704066 
0.123119 -0.575566 0.055096 0.284239 -17.148953 1.625113 5.909329 
0.093277 0.103212 0.350178 0.053302 13.190863 -8.536714 9.693453 
0.126609 -0.842037 -0.789905 0.573674 5.849402 1.566959 13.172733 
0.342755 0.088805 0.551909 0.216808 -12.501448 20.349910 3.571474 
0.887808 0.971668 -1.403119 0.175874 5.279911 -4.053073 2.733373 
0.718573 -0.886139 -0.329248 -0.633502 4.864169 -4.997552 -6.238076 
0.789225 -0.121819 0.641314 0.168875 -0.955948 9.823842 -11.883374 
0.126531 0.610194 0.067230 0.453987 -2.981153 7.808389 10.552131 
0.685572 0.020397 -0.075679 0.230522 7.864107 13.164751 -1.850973 
0.342997 1.083012 -0.353830 -0.145062 -5.933106 0.939764 -4.157661 
1.141486 0.633425 0.400360 0.757201 -5.796718 9.037929 -4.711604 
0.181571 -0.473442 0.245818 0.211178 -1.296317 2.455743 22.604140 
0.271737 -0.307409 0.122612 0.307229 1.620767 -3.250725 13.348787 
2.465276 0.175813 0.536517 0.531682 -1.998785 7.896144 8.457224 
0.132761 -0.553080 -0.129365 -0.562616 13.122339 6.135829 -2.075091 
0.088416 0.679330 -0.157306 -0.021798 -12.663839 -0.650999 9.998398 
0.089291 -0.059960 0.403469 -0.338795 5.324959 4.499436 -1.000637 
0.263350 0.284425 0.187862 0.221471 -8.179290 -8.618673 -16.068456 
0.423754 0.442113 -0.455116 0.655150 9.541010 12.414111 16.562909 
0.178200 -1.965723 -0.683517 -0.041568 -9.675483 1.068185 -0.458264 
0.269147 -0.249613 -1.043438 0.017213 -15.201521 4.489589 -5.396844 
1.218772 -0.930895 0.128872 -0.076246 3.192928 -14.417104 9.182792 
0.195759 0.506325 -0.897197 1.067816 -1.343207 -13.657084 2.977670 
0.310560 0.025847 0.242869 0.622938 13.219139 -0.843959 9.086452 
0.132928 -0.095610 0.406620 -0.305866 0.944353 7.487180 -6.684609 
0.130606 -0.398847 0.737872 0.578322 3.915792 -8.077376 -10.133537 
0.180981 0.688797 1.631454 1.331651 4.679273 23.985943 19.481668 
8.040799 0.145729 -0.218732 0.063668 -2.084735 -10.057427 0.584429 
0.080873 0.284414 0.486562 0.420357 -19.326963 6.943483 -0.289358 
0.337684 0.100847 0.636979 1.561186 6.175043 -4.476449 11.016873 
0.727006 -1.183879 0.911273 0.326666 -13.067344 1.811220 10.604021 
0.130102 -0.199840 0.391155 0.145248 -0.732380 -18.563377 6.419785 
0.107057 -0.348301 -0.721070 0.504397 -1.748723 6.195813 21.017074 
1.352041 -0.301063 0.179787 -0.078263 1.119390 0.538716 -22.549339 
0.108970 -0.626609 -0.061011 0.363691 -11.886146 4.843348 -21.124121 
0.148499 1.441841 0.732795 -1.041646 6.574291 -1.308712 -6.770935 
0.263983 0.261788 -0.534767 0.036946 5.252200 -3.522268 -3.633642 
0.240265 -0.481942 0.558012 0.044291 -0.450148 19.905347 7.346956 
0.217954 0.025056 0.174963 0.195988 0.688796 -15.777548 -9.023995 
0.444167 -0.372307 0.567790 0.079724 -2.191369 -12.122578 -19.113124 
2.752555 0.103834 0.491251 -1.230993 -3.057638 10.304082 -9.813487 
0.266546 0.495933 0.109621 -0.798955 5.841433 -3.577544 -3.348068 
0.104305 -1.415269 0.467607 0.188018 2.914312 4.439778 7.901786 
0.144490 1.040273 0.792941 -0.390305 2.384027 10.775650 -15.279375 
0.094619 0.106015 -0.123700 0.768910 -3.926715 -3.342554 -2.482214 
0.144851 -0.168955 0.574378 1.026627 13.655963 -0.405736 8.142985 
0.132290 -0.202779 -0.183973 1.176842 -12.963823 12.125341 9.900843 
0.524424 -0.054061 -0.466795 -0.454330 3.392229 0.517906 10.440587 
2.804970 1.375644 0.397058 0.104525 16.769089 3.327745 5.684681 
0.151725 0.371034 0.172482 0.474801 -11.496869 5.625318 -3.760339 
0.691052 -0.937803 0.188874 0.231512 -14.604614 -16.306952 -0.871314 
0.123125 -1.680268 -1.188775 -0.810359 -14.942489 -3.126888 -6.721109 
0.095501 0.071467 0.024873 0.333007 9.461775 12.745208 4.491256 
0.082472 -0.172184 -0.140606 0.680658 2.466168 3.606073 1.681984 
0.088000 -0.158091 0.001172 0.649771 16.308870 2.003375 13.219304 
0.106567 -0.373466 0.101558 0.177617 -18.105663 11.812577 -1.643766 
0.083960 -0.322105 -0.515280 0.827067 -11.150161 -5.912966 15.869414 
0.444394 -0.153702 0.299225 0.194568 3.505869 16.785793 20.506619 
2.968598 -0.434361 0.179186 -0.206071 6.216181 -5.072889 -13.234571 
0.118415 -0.996381 0.144565 0.209775 1.596940 -2.326245 -15.252898 
0.123056 -0.365892 -0.377463 0.577687 -1.909540 8.765417 16.557020 
0.111967 -0.625620 0.247370 -0.135670 -4.084396 17.545880 -2.283330 
0.095336 -0.299133 -0.160115 -0.128457 -1.015480 -15.804316 -8.270657 
0.085245 -0.456014 0.031492 0.516731 -9.533797 -5.908400 -14.399461 
0.219520 -0.949790 -0.453482 0.506378 -13.495178 -0.846800 -8.452652 
0.269315 -0.710967 -1.276888 1.195612 -4.692128 -2.303924 7.778327 
0.084729 -0.087834 -0.119836 0.291532 9.948551 -13.083837 17.816289 
0.193296 0.187366 -0.745609 0.553756 5.803948 11.911027 14.754728 
3.042533 -0.361920 -0.381112 -0.722575 0.818371 -15.876113 3.375718 
1.417540 1.303703 1.477061 -0.422030 8.935720 6.568208 3.164866 
0.348250 -0.421853 0.192356 -0.053045 8.730077 -9.557574 13.133442 
0.189420 -0.054430 -0.028346 0.513981 18.375856 6.064086 14.793923 
0.222484 0.096213 -0.342343 0.409743 5.409383 4.882117 -6.437345 
0.319069 -0.292118 0.188182 -0.809892 10.641120 6.388345 2.382179 
0.092091 -0.477807 -0.289926 0.723205 9.024275 -3.134051 0.616219 
0.486369 0.741573 -0.353487 -0.210510 4.619893 -13.931310 0.335052 
0.293964 0.116318 0.364686 0.100806 6.378355 19.241670 -9.003296 
0.150389 -0.285288 0.048688 -0.085432 -15.183732 21.217364 3.922493 
0.098254 -0.117286 0.100328 -0.215306 -18.081346 0.326755 12.843096 
0.129777 -0.059011 -0.149931 0.525909 3.718094 3.132720 6.242788 
0.089968 0.713586 0.684833 0.364758 -0.974576 8.832281 -14.195244 
0.178187 0.190503 -0.000086 -0.332984 15.800251 0.847300 -4.747034 
0.446547 -0.622043 0.017844 0.125741 -3.661150 12.911562 2.870537 
2.596189 -1.436024 -1.320401 -0.670738 -15.943020 -11.911040 2.095276 
0.941679 -0.151673 0.445011 -0.321335 2.935406 9.817697 9.441576 
0.357477 -0.416401 0.678614 -0.017328 -6.048314 -6.399554 8.483556 
0.233141 -0.461006 0.343504 0.466623 -16.111307 17.397620 -5.091543 
0.109886 -0.756291 0.184022 -0.286361 7.231041 -4.808985 0.911698 
0.103385 0.020323 0.691118 0.126531 13.087354 4.852176 18.204095 
0.307529 -1.075881 -0.742316 -1.692720 -4.648905 -11.121582 -6.423022 
0.224214 -0.826851 0.498586 -1.566856 1.324917 -6.675016 -18.588640 
0.688471 0.522489 -0.399455 -0.034889 -2.265808 11.328700 -6.679709 
0.121886 0.219752 -0.553753 -0.307322 7.667764 -10.847982 12.099720 
2.036878 1.732768 -1.142551 -0.179509 7.021141 -7.484433 -6.846653 
0.108772 -0.310857 0.740084 0.613628 1.052197 15.879745 -1.320327 
0.087214 -1.032894 -1.345473 -1.086637 -1.905243 -12.458050 -0.989314 
1.095005 0.039995 0.378182 0.200009 -1.593927 -6.838360 -15.702981 
0.462444 0.034759 -0.031022 -0.074473 23.645847 -6.555282 -30.847142 
1.195467 -0.070647 -0.354352 0.192151 0.842558 20.781154 3.125880 
0.124532 -0.353470 -0.320950 0.261051 19.358617 7.377583 -1.139337 
0.239527 0.062234 -0.107447 -0.011454 -17.871699 -10.961085 19.042699 
0.513647 0.169791 0.391302 0.769009 3.113035 -9.714925 1.202158 
2.322161 -0.056770 -0.372726 -1.075017 11.077287 5.902880 -4.510508 
1.749945 0.006662 0.427514 -0.158905 35.887857 -32.682962 12.215583 
6.427225 -0.481228 -0.092317 0.346467 -0.770119 20.796098 -9.516126 
0.187473 -0.140357 -0.192618 -0.334516 -8.404709 -5.187557 16.117635 
0.080411 -1.170163 1.019977 0.844521 -0.996818 9.553504 8.486699 
0.084886 -0.874502 0.107976 0.265697 -22.317732 1.650070 10.210225 
0.210734 -0.240318 0.486277 -0.047826 8.935272 -13.061853 -10.985505 
1.039799 0.518034 0.085754 0.495716 2.612241 7.739717 20.075233 
0.589256 0.112424 -0.279023 0.489040 11.946458 1.216392 3.194748 
0.193774 -0.395979 0.998436 -0.042464 -15.642955 -5.088549 12.650915 
0.204408 -0.212353 0.071550 -0.406378 17.686648 -4.600026 0.585500 
0.203976 -0.883294 0.346398 0.493248 -16.805005 1.272191 -12.946900 
0.100379 -0.049418 -0.340128 0.086693 -1.777499 -2.580678 6.679917 
0.224716 0.305644 -0.342225 1.175277 -5.281939 8.838265 12.389773 
0.736908 0.360443 0.923723 0.300573 -2.322732 16.138529 -0.469408 
0.183623 0.834705 0.400433 -0.962813 5.665798 0.077456 1.890617 
5.763363 -0.629418 -0.910020 -0.199561 0.285978 0.114066 3.284177 
0.155563 -0.037845 0.072205 0.160876 6.733882 20.559686 9.848792 
0.205052 -0.487729 0.832434 0.250972 -19.727759 -2.445534 13.685459 
0.256881 -0.383305 -0.686042 -0.270888 -4.537164 -9.889480 18.079547 
0.383592 0.104786 -0.602183 0.487119 0.814315 -11.282518 -17.621467 
0.115189 -0.789256 1.142117 -0.453627 -11.369747 11.450094 14.193208 
0.144188 -0.225434 -0.112748 0.450114 -24.015652 7.005402 -1.567831 
0.208231 -0.553474 0.505093 0.760459 -6.659861 5.473488 18.227132 
0.523071 -0.800660 -0.070551 -0.247096 6.383665 -7.634521 13.134487 
0.460238 -0.100004 -0.065471 1.553612 12.786569 0.370436 4.009119 
0.500482 0.259440 0.593152 -0.611581 -8.529527 9.563755 6.301060 
0.190881 0.443901 0.587276 1.305625 18.378715 -0.762643 9.383381 
0.095002 0.252829 0.475135 0.147040 -5.343946 -13.176685 0.912114 
0.282526 0.557152 -0.079239 0.104061 -12.486614 -2.868371 15.270857 
7.200905 -0.455796 0.201902 1.071338 -15.501103 5.853682 2.185677 
0.639887 -0.837388 0.508341 0.192845 -8.652252 -4.295186 -16.079570 
0.088337 0.081369 -0.325153 0.183755 -2.040420 -3.030018 -3.195792 
3.427020 0.564993 -0.286771 0.740568 2.501061 3.232067 3.109323 
0.286232 -0.334758 -0.440754 0.166729 -10.103956 -6.493306 15.068429 
0.111446 -0.353375 0.563531 0.904634 -11.625027 8.197056 2.964714 
0.194955 -0.040693 0.301519 0.173167 -20.749681 5.961015 9.117319 
0.190041 -0.774584 0.155028 0.040860 -7.647315 4.933320 -11.767020 
0.170109 -0.607969 0.614203 0.580982 -17.184120 -2.429645 -1.682948 
0.162386 -0.428020 0.125699 0.279417 -18.197099 14.873513 -12.051352 
1.166044 0.944629 -0.077420 1.433660 6.281843 13.190631 17.091348 
0.584740 1.390563 0.179872 0.421338 -0.551762 -2.588783 0.974649 
0.396613 -0.138317 -1.355086 -0.694879 -9.534039 -0.105699 -8.434951 
2.418064 -0.443656 0.362017 0.034938 -7.099245 5.446528 -1.053612 
1.010429 -0.188199 0.145017 0.203622 22.942426 -9.587604 2.364840 
2.532142 -1.382401 0.079871 -0.012201 2.563095 -7.050975 -0.017370 
0.107929 0.423041 0.851162 0.700554 1.485811 -8.634032 -0.357884 
0.167175 -0.631172 -0.041241 -0.830493 3.297722 -0.636817 3.666354 
0.254952 1.326360 -0.820412 -0.504301 7.545884 3.869001 -9.123610 
0.429694 0.336675 0.195870 0.764789 12.821177 14.349755 1.558053 
0.496826 -0.123688 -0.179301 -0.053133 14.367121 10.943425 20.615198 
0.121547 0.610338 -1.394015 0.280526 1.286324 -23.999610 -4.392587 
0.215928 -0.196886 0.703000 0.255291 -2.353888 22.720181 -9.133849 
0.270339 -0.295102 0.640258 0.417243 -8.907249 -16.082284 -9.020019 
0.080083 -0.332570 0.256529 0.761218 14.768370 -0.818233 5.603204 
0.272801 0.660548 -0.323610 0.137341 -5.513030 6.296655 3.697878 
0.248941 -0.306226 -0.506617 0.675264 16.309746 -1.710802 -5.053010 
0.198171 -0.043907 -0.562963 -0.017001 -4.509046 -1.355695 -8.998663 
0.125940 -0.095616 0.549814 0.291632 -7.752104 22.492798 3.492695 
0.397489 0.327669 -0.187240 0.458993 2.521227 5.446704 -4.310976 
0.109822 1.254590 0.241374 0.010087 18.810289 -0.423032 -9.883349 
1.950578 -0.468655 0.363370 -0.014489 4.398015 -14.011415 15.362489 
0.085723 -0.114987 0.323850 0.404069 5.272311 8.292159 15.829030 
0.261677 0.254640 0.404649 0.182043 0.514964 5.406127 15.500561 
0.410668 -0.334061 1.024484 0.697027 8.239539 -4.629559 8.517422 
0.278253 0.320408 -0.355712 0.532384 7.854057 7.949599 12.721789 
0.362834 -0.584862 0.248255 0.360457 -11.512671 20.583439 1.149576 
0.191416 2.591671 0.155062 -0.158549 28.239697 11.988970 -4.391848 
0.204516 0.729479 -0.523426 -0.886893 7.906996 0.779787 2.089098 
0.119244 0.100749 0.875616 0.470055 -5.495294 -12.072875 7.714213 
0.394798 -0.182691 -0.048027 -0.402204 8.507634 -8.462961 12.055559 
0.108074 -0.122057 0.489730 -0.553381 -5.310712 14.627589 -11.938355 
1.687457 1.236581 2.192745 0.042516 13.543459 15.407656 6.693854 
0.142585 -0.203142 -0.396233 -0.274932 5.525784 16.335394 -0.296226 
0.999592 -0.266015 0.530198 -0.383446 -13.597334 11.263950 -0.268781 
0.835224 1.294236 -0.197396 -0.108149 6.198111 15.261756 1.063145 
0.133760 -0.962569 -0.799290 -0.004455 -9.802651 -2.788449 9.838236 
2.914902 0.667759 -0.418853 0.080791 9.272705 -9.327428 -0.605790 
0.289537 -0.543796 -0.573965 0.208407 -14.236371 -4.331596 -4.825772 
0.111589 0.066489 0.197813 0.345504 6.786249 -1.661961 -5.704218 
0.666435 0.078414 0.619260 0.224163 4.552116 11.381525 9.408036 
0.118124 -0.183904 -0.351569 0.418039 9.736476 7.189225 8.474074 
0.082017 -0.338332 0.376782 0.444022 -10.646582 21.059345 -5.760398 
0.384643 -0.344272 -0.369263 -0.099807 16.283989 2.128288 -6.206591 
0.170390 -0.490726 0.481794 0.708894 -17.253122 3.176188 4.488190 
0.164634 -0.351487 0.135434 0.233782 6.063298 -11.075513 18.860474 
0.710018 -0.788221 1.105749 0.558243 -1.270388 8.556875 6.278103 
0.490174 -0.065877 -0.194071 -0.123921 -8.976675 7.466852 -17.887556 
0.209872 -0.351451 -0.005970 1.089044 -3.875900 15.825197 3.312408 
0.191407 -1.535243 -0.897281 -1.054670 -4.251188 -1.039147 -13.358093 
0.086220 0.895628 -0.014131 0.206704 10.603346 -2.606792 12.635039 
0.253249 0.155574 0.116187 0.153632 -14.664154 23.472353 4.868115 
0.443660 0.275634 0.414478 -0.017885 -5.997403 7.722366 6.199116 
1.478874 0.551046 0.798069 0.443098 -8.152809 6.095616 2.489184 
0.997008 -0.000884 0.061940 0.144105 -25.370985 -14.967676 -3.903789 
0.119733 -0.629276 0.666446 -1.077827 3.877494 -4.406519 -5.475458 
0.155712 -0.895740 -0.318784 0.620983 4.649207 8.551494 -2.142910 
0.248140 1.043774 0.032840 -0.008664 13.727699 7.099338 3.624434 
0.211986 -0.627939 -0.824579 1.958642 -7.797228 -10.781201 8.515653 
3.164370 0.298352 0.368959 -0.208270 -1.213611 9.248167 16.884466 
7.811175 -0.163706 0.506987 -0.190550 -2.476881 -14.306110 3.617431 
0.119711 -0.318299 0.039094 0.599483 14.293486 -1.155887 13.082755 
0.081905 -0.265866 1.664065 0.449525 -0.175989 5.235206 0.228290 
0.128974 -0.331383 0.038087 0.473005 -9.655725 -20.717581 2.890752 
0.098410 -0.403582 -0.005399 -0.155662 -8.910968 3.782278 -4.970954 
0.208666 -0.682092 -0.072595 0.654278 7.174758 8.458185 19.956845 
0.338702 -0.220822 -0.809072 0.363364 9.444712 -9.855050 16.595568 
0.270406 -0.474393 -0.475445 -0.646732 10.607083 0.193235 -7.788796 
0.261780 -0.165939 0.323452 -0.309988 12.443908 -4.689795 17.339484 
0.198271 0.154496 0.004157 0.149426 1.241266 17.156478 -10.050751 
0.547947 -0.009142 -0.024033 0.299132 19.666306 13.610825 11.665115 
0.084496 -0.348411 1.152831 0.321740 -5.952897 -6.915996 11.455814 
0.547853 0.301909 -0.339494 0.192069 3.836031 -11.650348 -1.224285 
0.124445 0.188248 -0.010373 0.370073 -11.447995 18.850765 6.490348 
0.573077 -0.113352 0.335769 -0.368950 7.742626 3.646805 -2.244550 
0.415176 0.137767 -0.425669 -0.354706 6.604040 -11.896763 5.064415 
0.878922 0.037558 0.308618 -0.762088 -8.846953 -15.194617 -4.352311 
0.094683 -0.378569 0.912784 -1.309102 -1.235337 -3.918312 -5.117155 
3.025229 -0.871143 1.404901 -0.029924 5.812356 10.814085 -6.177745 
0.102725 -0.518996 -0.119594 -0.322211 -12.225920 -17.411692 11.093022 
1.385436 -1.685023 0.109834 0.357243 -11.277903 12.658762 6.545513 
0.188343 0.771072 -0.388046 0.183899 7.815809 -5.565030 14.533663 
0.308804 0.110544 0.578449 0.223925 13.748780 -2.723611 -15.126772 
0.266901 0.863656 1.056508 0.308512 18.267838 1.663618 3.957916 
0.352073 0.304899 -0.213025 -1.042588 -9.964339 -2.931808 2.641496 
0.588656 0.539002 -0.699174 -1.184880 12.762258 -4.251343 -7.042900 
0.105091 -0.365441 0.054541 0.205033 3.900580 13.634995 -2.919207 
0.147682 0.760485 -0.031214 -0.660725 10.693403 -7.933614 9.019407 
0.179358 -0.052479 0.143697 -0.193000 -20.956576 14.183766 2.057060 
0.522896 0.404621 -0.477556 0.059647 -1.342983 -12.989488 -3.655272 
0.141510 0.657174 -0.405005 -0.382310 7.631774 -4.395094 1.111527 
0.105633 -0.273477 0.108290 -0.214405 2.911709 -2.591488 15.647269 
1.115389 0.246446 -0.267001 -0.163005 1.487453 -2.762718 15.698809 
0.100224 1.811599 -1.094437 0.069688 10.065510 -10.701846 -8.793655 
3.043771 1.188706 -0.293835 -1.692472 9.889131 -2.730873 -6.921854 
1.677124 0.238253 -0.796362 0.521534 4.181675 3.165254 -9.000534 
0.154714 -1.670779 -0.557747 -0.283458 -3.085167 -4.729950 -4.920794 
0.509531 0.466460 0.215128 0.352000 1.624663 6.549089 -2.140931 
0.118595 0.732539 -0.339342 0.639553 -4.880522 7.474757 -2.445818 
0.192470 0.845599 -0.178919 0.383562 7.285581 -4.818236 5.979089 
0.156661 0.002264 -0.706621 1.241177 2.295601 8.795581 11.100302 
0.269171 0.179902 0.183774 -0.169566 -14.418430 0.219022 -14.226546 
0.275015 -0.374210 0.357585 0.323086 -23.278983 8.668736 -8.570311 
0.133107 -0.236207 0.288097 0.275251 -4.712628 7.358565 23.668569 
0.116244 0.456858 -0.717881 0.292169 -3.168849 -7.933512 -0.200530 
0.262815 -0.330221 -0.627060 0.624481 -8.921047 -12.900372 -5.678599 
0.152197 -0.252158 0.243678 -0.898476 -20.729433 4.514394 -7.498993 
0.591538 0.570636 -0.953816 -0.885732 -1.854764 -7.848728 -19.494431 
0.273814 -0.435279 -0.357063 0.009131 11.794956 10.795331 5.385185 
1.296377 -0.134247 0.790982 0.441567 -8.675236 18.233046 3.985481 
0.625099 0.001412 -0.395719 0.351845 2.677319 6.172203 22.404056 
0.953431 -1.249796 -0.537201 0.963176 -8.318148 -3.933356 15.818318 
1.362864 -0.350296 0.378723 0.036184 15.495486 -1.529961 -10.842552 
0.388981 -0.394622 0.263316 0.453082 -18.312924 -2.293055 12.690545 
0.178332 1.411433 -0.461546 -0.187787 22.198902 4.701984 6.595716 
0.372184 -0.655365 -0.430831 0.610886 2.731865 -7.020972 -8.061479 
1.884918 -1.098940 0.139767 -0.100804 -13.869087 -0.062174 7.435306 
0.093160 -1.000328 -0.522801 -0.642577 1.744619 -3.832717 1.300016 
0.093696 0.306459 -0.677551 0.275630 4.678005 3.665253 4.769620 
0.080850 1.580914 -1.021525 1.048409 5.657361 -15.931931 11.121940 
0.277717 -0.117909 -1.930576 0.936954 0.976206 -7.183746 14.762844 
0.330199 -0.528874 0.622694 0.499850 -11.444844 13.167335 -6.958446 
1.020862 0.384202 0.456657 0.149513 10.956498 -9.761303 -1.003621 
0.554068 -0.505750 0.236626 0.443318 -10.733262 0.983323 -0.752506 
0.410517 0.665533 -0.155542 0.547231 -12.984574 -0.637215 11.022050 
2.241100 -0.996402 0.151164 0.453703 -16.198996 9.659761 -5.612484 
0.769947 -0.477384 -0.404823 0.035731 4.817371 1.764520 -18.928492 
0.085466 0.054995 -0.254807 -0.110706 -21.144763 -17.663332 -6.151086 
0.645582 -0.286572 0.385340 -0.060328 -5.679379 -0.436577 -22.941241 
0.291207 1.221000 0.088920 -0.449105 18.008269 -1.624064 -6.564671 
0.780826 0.977693 1.249003 0.242500 -4.928080 16.874519 5.314859 
0.178041 -0.229103 0.285429 0.568410 3.088084 3.779939 9.550194 
0.111657 0.614571 0.192067 0.430636 -8.547935 9.866807 8.941310 
0.141933 -0.362488 -0.104563 0.158325 8.942285 -19.459050 -21.173050 
0.503658 -0.115301 -0.206097 0.411627 -14.802131 -14.053457 20.161371 
0.266518 0.554807 -0.665336 -0.827349 -10.756350 -7.291653 -7.466281 
0.136578 0.851868 0.192116 0.413458 13.196763 7.171139 1.643135 
0.126498 -0.682510 -0.300950 -0.343228 -7.535038 -11.735999 -5.635361 
0.081261 1.427936 0.724892 0.232607 14.506756 -7.597052 -3.405840 
0.167252 -0.124348 0.033656 0.158976 -2.085755 2.062431 -0.369531 
0.607244 -0.571587 1.953971 0.545312 -0.123267 9.304915 -0.124771 
0.266741 -0.644409 0.331788 0.281899 -9.480655 -0.520533 15.100547 
0.157175 -0.152547 -0.553955 1.272256 -20.422898 -5.700651 11.290123 
0.366807 0.150435 -0.489795 -0.340956 9.029374 3.114914 -10.357607 
1.030213 -0.028744 0.097023 0.527624 -6.036650 2.082998 -12.250957 
0.140945 1.652680 0.980101 0.145873 10.077972 0.684333 9.775211 
0.288794 -0.361280 -0.008456 -0.488687 -11.654654 10.132708 -11.688206 
0.182724 -0.696609 0.854900 -0.058081 -6.273462 -10.528700 -9.888004 
0.115248 -1.205924 1.034586 0.182119 -7.396807 3.539300 6.673087 
1.012019 -0.232014 -0.170585 0.232696 5.957181 14.252344 -9.671868 
0.292049 -1.012946 -0.123798 0.181546 0.404779 -14.352858 7.873579 
3.273691 0.005970 0.088189 0.627762 5.665240 0.403591 0.570497 
0.507219 -0.648959 0.871543 0.712886 -14.836451 -6.135495 17.516512 
0.325723 -1.015949 0.349870 0.413557 0.768827 6.790747 -13.383950 
0.153073 0.775776 1.157534 -1.941317 11.662659 1.009555 -28.041401 
0.229855 0.402513 0.367758 0.377290 8.146599 2.987374 -5.844570 
0.196589 0.011969 -0.043458 -0.480589 6.232785 9.657665 0.504396 
0.095001 -0.027511 0.208147 -0.775888 -9.063879 4.692295 -12.683490 
0.458870 -0.992857 -0.654557 -0.148045 4.986311 6.255311 0.723231 
0.085890 -0.557155 1.774028 0.529948 3.009772 10.975373 17.817088 
0.170408 -0.238520 0.263466 -0.124724 -24.053967 14.897797 10.282051 
0.130084 0.100017 -0.326539 0.082764 -8.000665 13.935537 -5.645753 
1.384359 -0.289163 0.003634 0.381825 9.495155 13.549468 11.744675 
0.642711 -0.325612 0.248337 -0.276857 -4.082348 13.889898 6.478289 
0.176254 -0.586094 -0.167996 0.165236 13.648720 8.494231 14.743863 
0.156623 -0.817022 -0.640110 0.289017 -17.447156 4.153848 5.320176 
0.874755 -0.395275 -0.202125 -0.033123 -12.554421 -4.835730 9.216467 
0.628183 -0.145051 -0.031212 0.604045 3.428070 -16.767693 4.324895 
0.127719 0.851770 -0.241513 0.470798 0.870701 -5.491110 21.641912 
0.209256 -0.292742 -0.186418 0.553956 -15.435835 5.011332 -4.473709 
0.393003 0.685209 0.306085 -0.067404 0.279954 2.144477 -4.195555 
0.395444 -1.233666 -1.343947 -0.392887 -3.122906 -6.709214 4.867646 
0.150757 0.204711 -0.685123 0.880112 15.947164 -6.110968 10.950125 
0.613619 0.884166 -0.014977 -1.139919 12.787344 -7.156388 -14.164720 
0.371705 0.668610 0.130400 0.458520 -0.431890 19.080487 5.409112 
0.128172 0.008056 0.628132 0.284862 -3.474753 15.575818 20.200322 
1.227367 -1.162830 1.117721 0.497520 -6.949320 18.769103 7.304594 
1.287495 -0.248419 -0.038966 0.004625 -5.176673 7.549231 3.979963 
0.285623 -0.984233 -0.337676 -0.329221 -8.712321 -13.379755 -13.114007 
0.186793 -0.191093 0.268906 -0.435456 -11.314952 1.088734 -4.930469 
0.151928 0.470252 -0.030809 -0.133513 -18.039132 -8.598619 -5.370412 
0.107729 0.248545 -0.892396 -0.161652 1.712184 9.836485 -6.860827 
0.789450 -0.023398 0.661274 0.436380 -4.377722 -15.518159 -7.087498 
0.417882 1.039386 0.231061 -0.539270 7.278706 -1.909244 12.331929 
0.415458 -0.087535 -2.345668 -0.568169 -5.618924 -17.808031 2.974701 
0.510419 0.214600 0.304582 0.400648 -15.057313 19.205529 5.297437 
0.130425 0.214431 -0.617087 0.596370 -8.796253 -8.295731 -2.048205 
0.312402 -0.193102 0.551219 -0.155550 22.443450 -12.255877 5.597090 
0.489643 0.117192 0.290653 -2.086693 -3.578686 6.170320 -13.748729 
0.449688 0.651523 0.184343 1.029285 11.843302 15.793861 -0.453889 
4.640213 -1.248714 -2.605958 -3.046145 -7.816427 -23.853495 -33.727976 
0.102329 -0.054180 -0.249601 0.765500 13.783286 13.804568 6.211608 
0.088752 -0.985177 0.048270 0.441966 -19.390029 15.140131 -0.348957 
0.124181 0.472297 -0.992419 0.552945 6.788821 -7.642681 -3.178529 
0.142677 0.079666 -0.304215 -0.361621 -22.490359 3.276334 -4.961764 
0.646196 -0.751877 0.861708 -0.521353 3.206026 -2.302012 -16.328835 
0.112694 -0.539211 -0.267383 0.329798 -2.980893 -17.760413 -11.856628 
0.176104 0.047623 -0.354129 0.851251 -13.270437 -5.634582 -7.517745 
0.106965 -0.435284 0.013326 0.526777 -2.800279 14.683022 24.077090 
0.330430 -0.794271 0.813104 0.111107 -2.699440 -4.378384 -0.572606 
1.059937 0.663835 -0.195587 -0.412750 5.354547 -1.746689 -9.231519 
0.446854 0.008086 0.664506 -0.584387 -2.454344 -5.105903 -6.562326 
0.249843 -0.306332 0.703453 0.609668 -13.516257 14.462936 3.534811 
0.126972 -0.327795 -0.120215 -0.508481 -1.732431 6.979599 6.638653 
0.148713 0.146519 0.033250 0.653196 15.673610 1.684876 3.086158 
0.153845 0.900784 0.713082 -0.190100 2.622361 3.144050 -3.278819 
1.523067 -0.232078 -0.191804 0.177048 -3.241690 -17.773998 1.587662 
1.665441 0.304555 -0.641812 -0.435044 0.270477 11.103026 -12.827097 
0.167356 0.411576 0.576515 0.401074 -5.557229 15.746249 11.756315 
1.433413 2.098923 -1.153729 -0.107025 11.462055 -15.911156 1.613619 
0.264805 -0.678342 -1.261182 0.125105 -12.316783 -3.473166 4.771783 
0.110793 -0.185792 0.448441 -0.300459 1.355443 14.745084 -16.447537 
0.180061 -0.339305 0.453976 0.037513 1.559336 -8.242207 11.774921 
0.195410 -0.156252 0.194522 -1.635117 -0.200401 1.525786 -2.321726 
0.091610 1.373880 0.575787 0.294349 3.635935 2.010765 15.154783 
0.100160 -0.337812 -0.250177 -0.001160 -6.388770 14.920601 11.810359 
0.329612 -0.581718 0.018921 0.593050 1.983581 4.792970 -7.924550 
0.174903 -0.302508 -1.426607 -0.092788 -11.312138 -3.688616 -7.546862 
0.088879 -0.485400 0.237701 0.120720 -0.846932 9.273615 5.242408 
1.382242 -0.201914 -0.395670 -1.120429 11.370791 -10.892632 0.378304 
0.137418 -0.268493 0.055531 0.195190 -16.508273 -2.392791 -12.712541 
0.550522 -0.793287 -0.806839 0.132242 7.073931 -13.073205 10.849170 
0.977405 -0.591504 0.843935 -0.499465 -12.812964 -2.230282 1.102284 
1.078071 -0.126030 0.934115 0.109361 4.535595 6.719403 -9.735793 
0.158053 0.389839 -1.343689 -0.048613 14.015635 -17.655351 1.448240 
0.173348 0.240919 -0.067526 -0.178135 9.137054 -0.026968 -0.748270 
0.082934 0.653722 -0.154695 0.692978 8.826644 7.503874 -12.993088 
0.136636 -0.814914 -0.232504 0.886661 -12.577627 -3.695249 10.695917 
0.143734 0.328888 0.335441 -0.298619 -19.870374 -5.307931 -6.007195 
0.441192 -0.412983 0.357498 -0.238006 12.207054 8.499370 -1.219013 
0.419927 0.004567 -0.508814 0.119730 12.460190 -8.508494 -15.643898 
0.233936 -0.454816 0.320331 0.689901 -23.119602 -7.451836 -4.762831 
0.472655 -0.505503 -0.466452 -0.435505 5.332269 -4.929926 -2.264404 
0.114863 -0.252669 0.279137 -0.736691 9.924531 -0.127034 -12.199869 
0.090134 0.176059 0.595712 0.101155 -7.946216 7.004401 -0.062045 
0.541043 1.331349 -0.185649 -0.032750 16.502129 -2.995943 12.654006 
0.282572 -0.902247 -0.194142 0.463411 -11.997382 4.246518 12.109257 
0.115642 1.058266 -0.893327 0.055906 3.200335 -6.912028 -0.136499 
0.081355 -1.161390 0.249626 -1.064350 -19.945973 8.542747 -1.992602 
0.367829 -0.438504 -0.616415 0.416054 -3.230397 14.086909 3.130298 
0.139629 -0.246952 -0.806364 -0.021127 7.596192 -7.310095 4.407717 
1.352784 -0.079669 -0.116416 -0.075619 17.577109 -5.051147 -6.112074 
0.125255 0.113842 -0.127109 -0.495259 11.967480 -14.568210 -1.152544 
0.401327 -0.137469 -0.619940 1.837943 -1.251414 -2.667068 13.303191 
0.285734 -1.097853 -1.203614 -0.330545 3.054030 -14.148428 3.660500 
0.395651 0.980130 -0.508611 -0.181249 11.782870 -0.341814 2.831593 
0.293098 0.015965 -0.334515 0.648832 -17.693326 6.551699 1.064818 
0.087827 -0.202323 0.705048 0.474054 16.627256 -3.832880 8.113885 
0.145431 -0.858819 -0.118056 -0.224764 2.753738 12.264688 -18.134565 
0.180115 -1.167271 0.832599 -0.184345 -12.860646 3.903472 8.496673 
0.096200 -0.026070 -0.401037 0.042947 1.885269 5.191105 3.483476 
0.666776 -1.045324 -0.597446 1.064175 -14.792485 -5.676180 9.835951 
0.204329 -0.121620 0.021433 0.403516 -11.558373 -12.049354 8.267711 
0.115895 0.009390 0.303881 0.087605 -2.219380 18.951113 -18.093336 
0.093908 -0.019331 -0.466141 0.000109 5.862818 6.339739 19.306331 
1.218377 -0.759749 0.151223 0.584565 5.678318 18.516392 -0.915298 
1.577937 -0.256646 0.047266 0.166701 -21.431229 -7.691992 -13.456052 
0.624013 -0.144046 -0.308610 -0.018861 -10.036810 4.206666 -17.975773 
0.094581 0.589154 0.459916 0.384697 5.743902 -16.053567 -1.165603 
0.082735 -0.024839 0.367776 -0.367572 3.771830 12.190627 18.022899 
0.117562 0.268794 -0.813945 -0.456253 -9.435747 6.650553 -13.071346 
0.104059 0.123074 -0.474237 -0.256484 -0.580743 10.683268 -13.399837 
1.175398 -0.222125 -0.196122 1.248975 -14.699027 -11.594797 9.056305 
0.164169 1.083400 1.893630 -0.587491 8.286812 6.164699 -11.219342 
0.291452 -0.503960 -0.063406 -0.296738 3.875730 -12.047392 -6.498820 
0.206673 -0.584227 -0.780127 0.126047 -7.006266 -12.857350 -0.520165 
1.289324 0.770197 1.419131 0.858047 15.266914 19.801708 -4.155168 
0.086315 -0.511274 0.169256 -0.326268 -7.014523 6.914372 10.069411 
0.235153 -0.102943 -0.419110 0.326179 -1.720826 -17.667048 -7.379714 
0.115719 0.950901 -0.909378 -1.677313 14.727008 -13.016698 -12.510731 
0.363410 0.154291 -0.096540 0.179954 7.732587 13.637702 13.162629 
1.751386 1.229495 -0.001977 -0.146401 3.539032 -6.357839 9.652278 
0.207984 -0.141782 -0.438941 -0.365542 7.713184 -10.421087 -25.116346 
0.102911 0.582772 -1.183925 -0.085699 8.995849 -2.798612 11.570235 
0.178659 -0.122677 0.845511 0.394597 9.472631 -10.974895 3.767072 
1.266026 0.097541 0.328321 -0.595247 9.284879 -14.233237 1.998730 
0.304509 0.147550 -0.289049 0.161977 -18.486806 -14.282560 -13.705367 
0.111776 -0.476380 0.299194 0.168216 -10.365076 11.067520 -5.734462 
0.518423 -1.269758 -0.247958 1.384279 -9.778748 -13.978036 19.168971 
0.412206 -0.282810 -0.195037 0.625421 -22.881805 12.439881 3.844658 
0.151101 0.273395 0.327936 -0.310853 12.451009 11.392649 17.012477 
0.220913 0.072134 0.702441 0.094746 3.679144 -11.685048 5.334682 
1.412488 0.043642 -0.295364 -0.403607 -1.371435 -4.136690 -5.400505 
13.278585 -0.592972 0.481266 0.522104 -9.217563 -10.892228 1.530596 
1.463321 -0.769456 0.470180 0.184210 -1.049925 20.972931 10.748927 
0.120159 0.697598 -0.102644 0.694541 13.153701 13.602347 0.063541 
0.365350 0.105851 0.080241 0.304867 8.572175 -16.674775 -3.070609 
0.105973 -0.380421 -0.171372 0.151393 5.856938 9.626769 23.112386 
0.295892 -0.347313 -0.106290 0.358909 14.387642 13.946397 15.404608 
0.206326 -0.272616 0.279240 0.110494 12.627828 8.227918 9.394925 
0.093712 -1.271742 0.562171 -0.103921 4.409547 4.185406 1.521850 
0.095148 0.200742 0.272734 0.497831 -6.866192 16.583943 -3.238406 
0.206538 -0.575983 -1.183507 0.375763 -19.054850 -6.375212 4.749949 
0.086877 0.064521 0.155698 0.187296 -15.624643 -11.918541 -20.264091 
0.089099 -0.193202 -0.665364 0.910815 -5.318427 -11.066499 -4.090464 
0.510706 -0.910269 0.525769 0.315064 -2.018551 9.115264 16.275811 
0.209703 1.766896 -0.959265 -0.684094 14.391656 -1.785268 -3.232791 
0.558090 -0.374481 0.442813 0.254111 -2.118260 -19.595065 8.920178 
0.094925 0.092477 -0.143027 -0.375642 2.582417 9.101645 -11.207770 
0.169485 0.057826 -0.187259 -0.753783 1.910084 -11.058299 6.168796 
1.190304 -1.303579 -1.174323 0.413573 -4.723158 -12.074368 3.381214 
0.229716 -0.474514 -0.768273 -0.108514 -7.047993 -8.116674 -0.618847 
0.590880 -0.811821 0.017828 0.075980 -13.118432 11.763541 -8.919406 
0.480535 0.000599 0.227423 0.054328 -17.910652 2.786961 5.516679 
0.234429 -0.561625 -0.068060 -0.252957 -18.560655 -3.523486 8.449409 
0.582021 -1.151840 0.614468 -0.659614 -8.410310 7.804430 -15.598856 
0.189197 0.444701 -0.570691 -0.520244 -3.435634 4.044148 6.066494 
0.259575 -0.180927 0.297281 -0.941935 16.168666 0.019250 -3.317553 
0.447006 -0.566471 0.507703 -0.014875 -0.380510 11.891956 -2.553628 
0.147887 -0.001051 0.195935 0.287130 16.268212 -15.614022 -1.139746 
0.231699 -0.024825 -0.107954 -0.014172 13.212975 -17.557311 4.215127 
0.453708 0.279129 -0.441224 0.294592 0.106273 2.180441 9.410271 
0.920339 -0.626123 1.097111 -1.069022 6.188984 7.930127 -6.894829 
0.955703 -0.231774 0.495661 0.381793 -2.518813 6.606711 19.966826 
0.084577 0.217961 0.115575 -0.388394 -10.521381 -14.083790 3.431347 
0.160624 -0.153956 0.650070 0.524992 4.563991 9.389960 11.016814 
1.172148 1.086871 0.350007 -0.911126 8.508186 -3.222381 -20.400242 
0.760534 0.058476 2.147993 0.341737 8.008035 15.100539 15.482493 
0.114553 -0.118038 -0.744731 0.369776 17.046474 -2.694784 7.251117 
0.117572 1.066922 -1.290750 -0.105216 8.866369 -21.564049 -4.530744 
0.762149 1.763719 2.787966 -1.868343 22.659607 31.608920 -8.881671 
0.232792 0.321654 -0.338418 -0.266906 -6.413995 18.932247 0.536299 
0.215009 -0.092051 0.076240 0.038266 -2.473515 -16.491605 7.987538 
2.204810 -0.175056 0.635001 0.059664 0.806077 13.751849 -2.200921 
0.129032 -0.708171 -1.089192 3.123261 3.083485 -17.562417 35.501734 
0.374042 0.658061 0.304441 -0.239013 -11.735096 -6.258214 4.222375 
0.205433 -0.422244 0.513401 1.259273 -13.721583 15.956057 -1.500182 
0.160079 -0.173231 -0.232170 0.353855 -17.743892 18.061914 2.386896 
0.136090 -1.087224 0.385667 0.125826 -2.270045 -9.718187 15.203138 
0.119841 0.352376 0.764461 0.578158 -2.228838 7.945665 17.466613 
0.201503 -0.937132 -0.464796 1.699735 -0.885719 -10.126734 7.649837 
0.611073 -0.176724 -0.334039 0.074155 -19.862635 -5.931299 -15.307306 
0.115016 0.964131 -0.567045 -1.679832 7.335009 -13.526830 -8.745600 
0.399244 0.869948 -0.916184 0.283524 10.087086 -6.703834 8.123419 
0.131342 -0.593400 -0.095135 -1.081149 0.734593 10.699844 0.001463 
0.174201 0.035247 -0.597857 1.211968 -0.804972 11.614982 16.882262 
0.089275 0.510358 0.078501 -0.097090 13.911073 -2.499013 2.838707 
0.438872 0.301064 -0.172515 0.338754 11.576250 12.279382 -9.990243 
0.085636 0.479497 -0.308088 -0.203377 -0.917707 -10.784852 -12.624444 
0.582912 -0.183059 0.178270 -0.092786 -11.876200 7.343145 -9.925201 
0.240412 -1.558486 -0.106445 0.734373 -7.478046 -0.457116 19.090181 
0.226021 0.413527 0.232616 0.857918 -13.202443 2.924809 12.880891 
0.107205 -0.312112 0.117939 -0.084534 -10.380490 -11.605954 13.683388 
1.102835 0.180263 0.120386 0.850051 6.849216 5.426396 14.065601 
0.266126 -0.714098 0.842729 -0.460979 -14.881215 1.774521 -11.266163 
0.409423 -0.247504 1.417141 -0.706162 -10.463945 3.351415 -2.252484 
0.089384 0.416320 -0.112078 -0.501166 10.881403 -15.877997 -0.264404 
0.113871 0.075108 -0.378091 -0.238513 11.104662 6.477237 4.516616 
0.746267 -0.032101 1.678717 -0.290588 -3.763139 1.901203 -7.130762 
0.219386 -0.262414 -1.184515 -0.539997 12.648562 -12.887059 -2.884999 
0.439077 -0.257029 0.132878 -0.731716 -17.690401 0.505483 -5.828390 
1.444015 0.371364 -0.229648 -0.064143 -12.561935 7.580064 -2.721885 
0.102731 0.554714 -0.741252 0.543840 4.793534 10.266579 -2.662643 
0.202560 -0.646789 -1.804112 -0.349063 1.223939 -28.147740 -15.795946 
0.091773 -0.164408 0.289201 -0.096886 2.041096 -10.878739 -2.388303 
0.159646 -0.801939 0.481522 -0.758987 -1.309966 -9.020277 2.462035 
0.210510 -0.475523 0.271645 0.197750 -16.784631 -18.833901 0.253465 
0.129464 -0.069489 0.516909 -0.170549 -3.667028 -5.320650 9.392547 
0.235395 -0.570022 -0.163536 0.427042 -0.382289 10.547434 -8.706680 
0.392760 0.049656 -0.108401 -0.442317 -16.137823 -13.079133 3.558840 
0.340464 0.073432 0.611404 -0.916338 4.540749 10.813248 7.392962 
0.558675 0.664541 0.046541 0.005910 10.779671 12.407711 -10.681385 
0.269181 0.222480 0.088109 0.463981 0.756827 3.239921 2.450540 
0.080832 0.281112 0.716533 0.873987 0.401969 0.966209 15.956639 
0.161454 -0.412703 -0.258062 -0.232353 -18.646479 4.245448 -6.343318 
3.272843 -0.221538 0.298013 -0.077312 -5.991677 12.162465 5.144747 
0.126733 0.388138 -0.632203 -0.263205 -15.263565 -12.403400 0.345124 
0.147442 -0.582784 -2.153469 -0.525837 -2.901352 -23.317351 0.412140 
0.234874 -0.416902 0.625577 -0.076430 -6.612622 2.234031 18.865536 
0.088322 0.107520 0.427438 -1.172620 -12.209118 4.397923 -8.030942 
0.124823 -0.070742 -0.037846 -0.423187 -12.310107 6.445038 16.801474 
0.134972 0.812562 0.760927 0.391467 1.844118 2.202305 -4.958293 
0.114632 -0.161338 0.304886 0.344351 -5.138563 18.641072 -8.454914 
0.145861 -0.114266 -0.262973 0.196519 12.067761 9.887189 -14.205478 
0.263366 -0.158999 0.181472 0.101196 0.751567 8.726226 26.869470 
0.973808 -0.260671 0.385853 0.024952 -15.252450 19.394022 -1.081699 
1.966409 -0.197771 0.377971 -0.089096 -15.921521 5.556621 -0.426362 
0.137245 0.143942 -0.052052 -0.501646 12.193098 -0.745032 11.978319 
0.175886 -0.350198 -0.162818 0.195865 2.072784 -7.411780 15.922260 
0.427154 -0.404117 -0.407725 0.624319 6.692935 -13.350615 -3.718474 
0.305641 -0.445064 -0.269811 -0.442396 4.800400 -17.149444 2.354218 
0.126873 0.083127 -0.147946 0.197086 -3.603718 9.851032 5.010562 
0.202129 1.348282 -0.423259 1.218278 4.596680 0.940164 17.769487 
0.103947 0.450790 0.937048 0.041099 -13.663919 8.246744 6.475658 
0.160192 0.761529 -0.739797 0.535532 13.672980 7.383491 4.645344 
0.087931 -0.596039 -0.120073 0.246611 1.892988 1.085085 22.788693 
0.201166 -0.701490 -0.372343 0.589358 -5.031766 -12.019665 9.102006 
0.129271 -0.565610 -0.267968 0.241430 -16.334194 12.883995 -14.224489 
0.244547 -0.325718 0.010028 0.595134 6.788369 -2.841227 14.264884 
