0.202999 -0.181377 0.002416 0.286877 3.188803 21.501008 -13.658589 1
0.583882 -0.588550 0.788478 -0.273261 10.574379 21.063374 7.697807 1
0.585149 -0.141993 0.115974 0.829068 10.325338 -2.285124 -11.543006 1
0.085689 -0.014486 -0.679429 0.318861 -15.382438 -0.287170 21.521946 1
0.090936 -0.142461 -0.046334 0.014419 1.609805 12.042781 -23.330189 1
0.457888 -0.542867 0.904842 0.824844 -14.022789 -4.268950 4.466356 1
0.179449 -0.551181 -1.175023 -0.552428 -4.942301 -8.156709 -6.635122 1
0.103175 0.849456 -0.663765 -0.718850 4.214645 -16.114059 0.737238 1
0.199182 2.070330 -0.389553 0.398670 17.080265 -9.725051 3.976677 1
0.109107 0.644274 -1.594374 0.426420 1.378294 -9.567432 8.014177 1
0.232498 0.422883 -0.428034 0.513334 -5.809924 -5.836183 -10.885410 1
0.683878 0.045030 0.837737 -0.943240 -12.142392 -1.623124 -14.122187 1
1.809017 -0.110674 0.178527 0.059420 6.381554 0.484389 -7.881396 1
0.133767 0.808095 0.916111 -0.625474 21.725807 8.000794 2.411021 1
0.207935 -0.974275 0.373896 -1.177477 -7.912899 15.656679 -5.788478 1
5.586845 -0.426381 -0.230800 0.225625 14.468148 4.106500 -9.785700 1
0.099031 -0.261941 -0.622929 0.207602 4.543484 5.768988 19.194870 1
0.095457 -0.029623 0.012468 0.176987 -12.991595 -12.704378 14.810699 1
0.166412 0.339268 0.842233 -0.414592 4.059259 -2.209855 -18.397828 1
0.401973 -0.539204 -0.621273 -0.494846 4.412320 -22.979992 5.603312 1
0.149690 0.435094 0.337119 0.199143 -3.077961 10.453029 18.826813 1
0.135040 -0.611162 -0.052513 -0.081804 10.023259 15.136889 -2.336202 1
0.230700 0.895515 0.077154 -0.943277 2.149069 11.125376 -5.832105 1
0.296048 0.276643 -0.891432 -0.164685 -4.570772 2.245663 11.329353 1
0.089040 -0.085543 -0.343143 0.502536 9.900574 -11.324413 4.976169 1
0.218861 0.670905 -0.799885 -0.498275 14.635849 -4.754616 -3.550261 1
0.780326 0.742372 -0.121396 -0.676366 6.433676 -13.434640 -10.793703 1
0.110177 0.945156 1.127074 -0.361520 6.520503 11.537354 9.934730 1
0.308745 0.813103 -0.374166 -0.527775 15.980021 -23.526330 -10.065777 1
0.930095 0.016158 0.084873 -0.144700 10.482868 2.396542 -11.736948 1
0.154448 -0.086529 0.221371 -0.179935 16.645505 19.246669 -4.903937 1
0.449860 0.036790 1.295674 0.027852 -5.893616 3.407740 10.738405 1
0.194281 -0.832691 -0.317036 0.488343 8.067598 -5.674783 -2.082461 1
0.121470 0.143190 0.512545 0.639197 -13.779259 2.123842 23.240156 1
0.388680 0.074375 -0.079286 -0.811601 2.453815 14.348440 -1.273815 1
0.552874 0.513242 -1.303445 -0.023951 -4.130743 -16.681551 12.376459 1
0.107074 -0.202758 0.591466 0.301607 9.109147 -9.633778 13.849305 1
0.218546 1.097920 1.335420 0.301426 3.672147 11.418407 -0.597329 1
0.118025 -0.129593 0.340217 -0.431521 -15.712372 -16.045553 -2.031897 1
0.176826 0.049294 -0.369848 0.694359 -10.919051 -1.142478 11.199241 1
0.123628 0.214256 -0.608190 -1.024466 -4.267948 3.393723 -2.334238 1
0.103987 0.335715 -0.705076 1.535709 17.244388 3.450905 21.650390 1
1.612405 -0.038966 0.007171 0.586191 -6.966040 -5.589496 0.934491 1
3.952128 -0.394991 1.618409 -0.047788 -0.404055 8.194223 8.430043 1
0.090817 -0.128697 0.039910 0.034628 16.978152 -7.586340 -4.304436 1
0.094271 -0.338854 0.702173 -0.208805 0.183392 -7.402182 -12.928823 1
0.105198 0.116203 -0.355396 -1.193211 -14.450766 -3.121480 -10.796635 1
0.122132 -0.286126 0.002957 0.159109 -10.665761 -5.811000 -2.564295 1
0.167817 0.233101 -0.741192 -0.529551 -11.077480 -10.462659 9.034405 1
0.138488 -0.574793 -1.590040 -0.610164 -0.773514 -18.430481 4.804233 1
0.701272 0.419000 0.218471 -1.102841 28.919267 3.779362 -8.024236 1
0.367183 -0.035999 0.456370 1.114973 2.096700 -8.565722 14.147061 1
0.116639 0.498777 -0.477194 -0.132748 0.386501 -6.054701 -5.029851 1
0.156405 -0.450993 0.265213 -0.500312 -11.343329 6.179829 -17.634276 1
0.118162 0.336609 -0.250122 0.113937 -6.129302 14.840536 14.162062 1
0.151293 0.131860 -0.140325 -0.014726 -1.247776 -5.459271 -28.526994 1
1.456612 -0.378810 0.086992 0.011594 -7.576431 3.268068 23.920429 1
0.095248 -0.280713 0.469365 0.339772 -0.306399 -2.915735 -11.107853 1
0.298886 0.083257 0.010125 -0.213119 -9.854661 5.687923 23.881377 1
0.512636 -0.133336 0.680322 -0.317578 -0.056663 -0.695146 17.394661 1
0.121466 0.622637 -1.252879 -1.758800 13.526654 -13.793884 -14.113847 1
0.863813 -0.709385 -0.324294 -0.132065 1.824949 -4.087119 -11.868754 1
0.283593 -0.606979 -0.305936 -0.688651 -6.554563 -0.638524 8.869242 1
0.114183 -0.039887 0.698736 -0.243555 -12.210352 22.463015 -1.326171 1
0.387857 0.052600 -0.050902 0.693331 -6.843236 -14.982157 -4.824478 1
0.102340 -0.266144 -0.022022 1.013390 -10.219587 -16.295530 20.641222 1
1.423034 0.435821 1.337463 0.083160 14.396601 2.798192 -3.326604 1
0.118440 0.074344 -0.024414 1.083196 8.324787 -8.947549 0.190078 1
0.087317 -0.216059 0.007677 0.025457 -13.391276 3.426925 26.785502 1
0.115648 0.027780 -0.444709 0.496748 -0.444760 -0.470048 21.513323 1
0.335498 -0.074651 -0.728723 0.772424 9.588853 -17.926098 -6.532389 1
0.109210 0.041370 0.521670 -0.773272 -9.150809 -4.258544 -6.897493 1
5.398343 0.261321 0.342327 0.330191 -13.691856 2.469033 3.599822 1
0.438696 -0.649425 0.013940 0.378127 -12.701665 -12.192718 -11.206909 1
0.102783 0.309972 0.119375 -0.107203 4.246356 -19.789187 14.419610 1
0.317653 0.869347 0.833691 -1.207879 -1.004905 21.612325 -12.324281 1
0.117399 -0.113985 0.210689 -0.005679 -15.226262 20.267338 5.777079 1
0.135796 1.584310 0.171436 0.250529 17.865687 -12.649579 5.430166 1
0.139152 -0.009367 0.558932 0.101833 3.104089 9.633426 -5.699287 1
0.081844 0.435983 -0.356249 0.627613 -5.555195 4.189042 -5.442005 1
0.210768 0.233006 0.085142 -0.976572 -9.427879 -5.740581 2.339976 1
0.087151 -0.367606 0.107899 1.328194 9.703731 -4.326146 26.020478 1
0.247564 0.113288 -0.493051 0.425322 -10.264081 -25.937860 -7.756716 1
0.118055 0.580942 -0.884472 -0.913263 -7.614765 1.115890 -9.094332 1
0.133708 -0.608819 -0.752338 -0.237474 2.442964 -7.322001 -1.688016 1
0.137951 -0.507148 -0.219338 0.235674 -21.489804 6.776383 -3.866103 1
0.295736 2.459835 1.394325 -0.055426 47.740956 20.693742 0.068605 1
0.093592 -0.343183 0.267522 0.209993 4.604923 8.274616 -11.769246 1
0.180968 0.220847 0.820425 -0.566067 -3.087317 -0.916709 8.489826 1
1.058781 0.280330 -0.347145 -0.472536 5.264705 13.098277 3.821689 1
0.086350 0.056458 0.003162 0.424341 4.133503 -0.027051 11.053286 1
0.263354 0.380463 -0.709600 -0.113798 -10.705992 7.046140 2.175786 1
0.556778 0.109200 0.162951 -0.754847 4.485315 -12.446671 8.164767 1
0.139284 0.420075 0.007271 -0.585786 -8.538301 7.184219 7.804105 1
0.478468 0.451556 0.317197 -0.508384 -7.479786 -1.041945 -5.776779 1
0.165293 0.041820 -0.292857 0.139907 -3.077664 17.794953 -5.183908 1
0.493788 -0.181487 0.075236 -0.322918 11.708763 -3.373565 -21.089062 1
0.252788 0.660979 0.091148 -0.624852 4.095803 6.056059 12.368907 1
1.145613 0.535880 -0.392982 0.509503 -4.051710 -19.849094 9.213631 1
0.388183 -0.298129 0.284547 0.871943 1.524148 15.279929 18.347640 1
0.094407 0.115334 -0.580744 -0.166568 -10.321912 12.468315 4.807225 1
0.126740 -0.119974 1.063624 -0.061073 -3.441060 10.064307 1.552370 1
0.323270 -0.017835 -0.031859 0.211460 -7.925853 -13.833298 -18.543506 1
0.198042 -0.188563 1.517818 -0.186799 -16.433896 18.345607 0.758918 1
1.167561 -0.488091 -0.451345 0.504869 17.021577 3.119326 -3.724360 1
2.697368 -0.378703 0.173972 -0.297179 13.652618 1.668840 11.717902 1
0.376011 -0.178381 -0.393885 -0.072830 -25.968407 -2.536979 -8.065985 1
0.588263 0.214793 -0.224336 0.630791 -5.697075 -0.621389 -17.369602 1
0.138650 0.333356 0.086424 -0.728271 7.018884 16.053092 7.187916 1
0.373816 -0.045101 -0.596410 1.034109 0.982010 8.151394 -0.023050 1
0.401930 -0.149189 0.742718 -0.903749 -3.388276 3.560088 -8.960766 1
0.263064 0.143716 0.343473 -0.154779 16.372227 4.169095 1.846041 1
0.459762 -0.807753 -0.565697 0.003000 -10.630869 7.825659 16.986314 1
0.328088 0.231824 0.622522 0.390502 -8.298950 5.671290 -1.404746 1
0.860282 -0.730825 1.599249 -2.261191 -26.022902 26.079220 -54.026837 1
0.273055 0.363576 -0.039160 0.024776 -1.835058 -18.546550 8.468052 1
0.396253 -0.768142 -0.787100 -0.002795 -12.076192 5.074372 -4.158560 1
0.246288 0.083988 0.035048 -0.245899 -1.359402 15.285771 -10.508268 1
0.730294 0.019934 0.173483 0.190394 -19.583263 3.527048 10.058010 1
0.278430 0.225580 0.671523 -0.032689 -6.984102 9.357358 7.434531 1
0.151503 0.256347 -0.719949 -0.553263 -2.619024 -4.987777 -21.557885 1
0.100432 0.439333 -0.340387 -0.380526 12.977735 12.851497 0.350759 1
0.082624 -0.148392 -0.850123 0.534215 -16.138560 7.063155 -0.395113 1
0.114711 0.963737 0.111888 -1.206390 7.019740 -13.103563 -7.916126 1
0.192666 0.537489 -0.240336 -0.515049 -13.781032 0.649007 -18.848884 1
0.287114 0.405877 -0.675674 0.918285 11.382705 -15.571415 -5.708240 1
0.585359 0.589773 0.682955 0.275551 -0.062615 -3.290986 16.921669 1
1.376095 -0.196742 -0.230307 0.056785 4.606022 -20.278062 3.703972 1
0.431641 0.704143 -0.994193 -0.273988 5.170371 4.414498 -9.579530 1
0.136683 -0.320971 0.593797 0.033715 -12.667873 -2.912138 -0.180290 1
0.323241 0.661232 -0.123441 0.483673 1.962866 -7.890428 -10.466672 1
0.391024 -0.408073 -0.170295 0.467087 -19.082680 7.583624 -8.941120 1
0.112116 -0.155113 0.399385 0.489071 5.481507 19.194501 -10.055973 1
0.116547 -0.187169 0.721537 -0.492082 6.254715 3.724486 6.051929 1
0.952396 0.645644 0.024553 0.041984 -8.337118 -13.782385 -5.527934 1
0.374161 -0.676383 0.245592 -0.187892 -0.129178 -18.117624 -7.009075 1
0.178419 0.493490 -0.054525 0.034198 -7.502953 0.443563 9.616302 1
0.192961 0.389956 0.899395 -0.699304 -4.840808 -1.569321 -17.805693 1
0.763069 -0.250020 0.400033 0.098901 0.473441 6.777217 23.673173 1
0.181019 0.562469 0.436260 0.117184 -14.176843 3.420723 12.304240 1
0.393969 0.825030 0.840865 -0.364702 16.243220 26.693233 8.904652 1
0.408300 0.407280 -0.016649 0.192502 10.417771 0.901750 -1.013229 1
0.506972 0.589020 0.289335 -0.142441 -0.109361 -14.380268 -17.285052 1
0.168852 0.507420 -0.824241 -0.315824 3.389478 -2.414645 14.513870 1
0.196085 -0.550046 0.401305 0.011198 7.480043 -6.875974 -3.998746 1
0.836938 1.053079 -0.736263 0.119655 4.367903 -1.261349 -9.112036 1
0.701221 0.340369 0.419968 -0.077704 0.285403 -15.392394 3.827342 1
0.263429 -0.000642 0.424608 -0.066160 5.768775 8.997568 -0.087603 1
0.151360 0.878671 -0.325916 1.245552 -5.655567 -10.122510 14.780107 1
0.449375 -0.225817 0.713220 0.173563 6.939489 -0.425141 -4.168114 1
0.108928 0.751115 0.668079 0.666339 12.812339 -11.465162 11.180070 1
0.090465 -0.823998 -0.234860 0.653182 9.686468 0.508490 2.231349 1
0.531060 0.416171 0.551104 1.557197 -7.948859 13.645648 14.112233 1
0.272013 0.103912 0.685470 0.706661 -18.896341 3.898774 11.077819 1
0.127889 0.649123 0.043132 0.204495 0.722769 -4.657916 -6.978515 1
1.070260 -0.175813 -0.364486 -0.153109 -2.127677 -9.059806 -5.311327 1
0.111702 -0.161879 -0.166408 -0.723471 -15.774501 9.259338 7.915230 1
0.275275 0.424954 -0.533720 0.175271 18.569461 -4.524740 7.915626 1
0.433814 0.493587 0.131163 -0.205209 -15.702235 -11.619267 -3.802500 1
0.121123 0.079354 -0.599932 -0.221464 -9.468545 1.696454 -22.880114 1
0.604561 -0.687382 0.720046 -0.427264 -7.584688 9.881995 13.151285 1
0.672200 0.732222 -0.096231 0.322021 4.307376 7.960813 21.702738 1
0.485099 0.420656 1.524732 0.156130 3.268720 13.444128 10.340762 1
0.088968 -1.586021 -0.030832 -0.076420 -10.333836 9.697893 -1.152227 1
0.372330 0.148784 0.588615 0.172148 -13.209163 -5.127354 -11.981197 1
0.427499 -0.418329 -0.173102 1.296859 11.617625 -11.900688 13.698747 1
0.148166 0.665161 -0.444541 -0.489504 -0.755134 -16.373730 -5.243435 1
0.205405 -0.187257 -0.719884 -0.762905 0.932451 -14.717063 -4.575772 1
0.273438 -0.020851 -0.635114 0.198076 19.016666 6.177086 -2.091333 1
0.257004 0.519710 -0.385841 -0.953169 7.155307 14.501291 -18.634218 1
0.083821 -0.205653 0.489618 0.460507 -6.888601 1.100561 24.122318 1
0.673429 -0.405151 -0.240727 1.237803 1.381659 -3.799304 8.927595 1
0.093338 -0.067766 -1.206249 0.917010 4.227056 -1.915692 5.418601 1
0.097693 0.004096 -0.096286 -0.172443 -1.094977 2.553493 23.127341 1
0.081727 -0.240088 -0.334861 -0.081321 4.432805 -0.390841 14.786692 1
0.417045 0.241623 -0.075242 -0.142395 13.647462 1.548283 -9.142879 1
0.387177 -0.779466 0.143286 0.331845 -0.862426 -6.305463 -6.281168 1
0.350927 -0.371773 -0.653945 0.547341 -10.511596 2.589287 2.072419 1
0.081891 0.378222 -0.004537 -0.866590 -12.204904 -3.010523 -8.968469 1
0.111530 -0.395352 0.370298 0.517950 -11.769829 4.171210 29.409220 1
0.729211 -0.357585 -0.180476 -0.043096 4.217291 3.007639 -11.815905 1
0.081209 0.774459 0.253332 0.213613 -6.588113 -5.187927 4.652584 1
1.066327 0.035234 0.032912 -0.607087 10.139637 9.951075 7.423017 1
0.844840 -0.218750 0.086459 0.295825 -16.124421 -4.614938 1.531232 1
0.286414 0.354080 -0.371376 0.804818 -0.470040 1.134361 -5.088338 1
0.108220 0.023665 0.647894 0.689856 10.461327 -2.485087 28.065299 1
0.106446 0.165389 -0.427687 0.178430 24.012056 -3.800497 -4.991700 1
1.618982 0.169186 1.526061 0.229407 -11.598672 20.693716 -7.446712 1
0.126190 -0.446410 0.143278 -0.028617 -15.067202 -7.526062 -15.825589 1
0.666898 0.274475 -0.071618 0.373670 2.378839 -1.351364 5.818069 1
0.355266 0.409504 0.062089 -0.579500 -4.901183 0.286136 9.491898 1
0.365762 -0.969419 -2.539271 0.155236 -19.971042 -33.870268 -4.780849 1
0.430606 0.594957 0.590324 0.114843 0.311331 11.426752 0.568291 1
0.100431 -0.445955 -0.811484 0.762426 16.470289 -5.719466 7.283655 1
0.189647 0.170103 -0.189254 0.313675 -20.573055 -0.813202 5.351660 1
0.132254 -0.367557 0.354334 0.071657 -15.717443 -11.366648 14.667698 1
0.500139 -0.158726 -0.498598 -0.880003 -16.514333 -3.528299 -15.838188 1
0.175237 0.395538 0.504487 -0.209058 -7.603627 18.244004 -14.404321 1
0.123696 0.145592 0.689915 -0.159746 -1.431234 3.537562 8.714382 1
0.195281 -0.281793 -0.715535 -0.118570 -5.880288 -5.232844 -21.452731 1
0.599939 -0.350257 -0.472344 0.650719 -31.963063 -3.364625 -0.392695 1
0.192741 0.154405 -0.053125 -0.120569 -6.640537 -14.284196 8.810618 1
0.200778 0.859709 0.810548 0.163880 9.224629 -7.934009 0.088016 1
0.177472 0.092401 -1.058130 0.085896 -3.578447 -7.860692 -18.266670 1
0.127855 0.159257 -0.660710 0.587830 5.365223 -18.544512 -2.851896 1
0.220526 0.015308 0.026380 0.046966 -0.236006 -18.449052 19.332531 1
0.627642 -0.131948 -0.056619 0.281763 15.320015 -12.732854 11.682924 1
0.637465 0.310978 -0.404609 -0.116650 -15.054228 7.334964 2.873950 1
0.169117 -0.231596 -0.876282 -1.055074 4.631848 -3.948606 -0.691594 1
0.114784 -0.541235 0.153347 0.503589 -12.598587 -13.508585 1.507005 1
0.135557 -0.181865 -0.083415 0.242383 7.477491 18.870098 5.970261 1
0.579415 -0.854502 -0.202975 -0.448483 -7.728498 -1.055308 15.275206 1
0.624848 0.608708 0.633015 -0.412139 21.266271 17.005694 -5.669836 1
0.385484 -0.684669 0.880846 0.029871 -15.668884 3.306671 14.638825 1
3.082417 -0.259629 -0.206539 0.374737 -16.123832 2.885755 0.378188 1
0.310489 -0.229441 -0.369438 -0.155785 3.016329 -13.307792 22.977995 1
0.457154 -0.220302 0.001600 0.475777 11.471100 6.478157 -2.425574 1
0.279294 -0.358307 0.424040 0.892500 -5.386936 -0.840658 -3.755586 1
0.089763 0.184848 -0.107753 0.290223 10.016847 -11.866486 -19.680477 1
1.249225 -0.148957 0.352056 -0.163759 -19.655356 18.423597 4.410089 1
0.163561 0.425574 -0.365286 0.262968 14.239019 -14.491021 -4.363559 1
1.702665 -0.478280 0.345255 0.479169 -3.072035 9.758616 20.102222 1
0.087567 -0.215548 0.838260 -0.155375 12.159707 20.700190 -2.006133 1
0.192231 -0.134209 0.273321 0.095583 14.460946 11.252091 2.971869 1
0.122081 0.760508 0.169674 0.113553 -1.952383 -9.488528 -14.942120 1
0.088452 0.107052 -0.817977 0.144922 0.648852 0.040023 11.611331 1
0.470758 -0.731752 -1.587979 -0.000787 -5.482036 -12.605529 7.426073 1
0.196106 0.024090 -0.160575 -0.153929 5.811996 4.783212 1.134606 1
0.163499 0.535847 -1.256919 -1.177452 15.955473 -20.506380 -0.613559 1
0.080867 0.366764 0.485440 -1.552773 23.171591 17.879811 -15.838906 1
0.223604 0.333284 0.205339 0.012732 -17.571517 -0.387211 18.853782 1
0.155926 -0.637670 0.380169 0.523944 -20.809916 -8.801787 12.460476 1
0.238387 0.381626 0.559636 0.338706 -0.985322 9.310867 -17.801977 1
0.106154 0.098189 0.112353 0.286995 10.304412 -4.781432 -14.782328 1
0.169911 -0.626216 0.668318 -0.341089 7.258165 -5.977215 -10.864220 1
0.113329 0.540004 0.430874 -0.492034 13.931233 10.221074 13.390262 1
0.192419 1.032622 -0.525159 -0.010540 9.740471 -24.951362 -9.169751 1
0.594225 -0.562246 -0.272686 -0.783986 4.566054 2.532072 1.968090 1
0.085164 0.375645 0.155530 -0.255188 -15.126895 -2.763041 -15.807242 1
0.117057 0.076495 -0.473637 -0.268085 -5.272276 16.482686 -2.718940 1
0.205043 -0.028842 -0.508623 0.341949 7.418217 14.829444 -5.310628 1
0.234649 -0.592117 -0.336603 0.365142 14.763881 -14.708868 5.075103 1
0.487672 -0.120383 0.126564 -0.031461 7.027745 24.374609 19.655136 1
0.223182 0.519010 0.260537 0.151554 -1.557995 -14.785335 -6.718162 1
2.476904 -0.590492 -0.876258 0.259226 -3.618062 -2.293081 -16.556192 1
0.441734 0.285721 -0.190318 0.082237 15.908729 5.862691 1.648363 1
0.230397 0.655709 0.083337 0.341333 0.497667 -6.817720 3.057395 1
0.689100 1.160117 1.135288 -1.335036 23.266949 8.670822 -11.642816 1
0.815528 -1.024597 0.655079 -0.091079 -24.203456 1.247585 10.379037 1
0.161492 -0.462226 0.308896 0.338976 7.927769 15.577692 -6.661739 1
0.542296 1.751251 -0.267797 -0.505516 13.792340 -8.488360 -1.426229 1
0.146522 0.538090 0.594791 0.306867 -9.314444 -2.868098 13.004103 1
0.256037 -1.030090 0.448812 -0.370549 -10.787438 -9.828313 -10.510581 1
0.887681 -0.783493 -0.715850 1.056821 -2.759487 6.822530 9.606304 1
0.101372 -0.065670 0.018161 0.502323 8.617685 15.000123 3.377710 1
0.141931 0.641710 0.045438 0.259522 1.198399 13.552090 2.065070 1
0.178446 -0.954064 0.356662 0.296954 -10.458407 9.404800 7.879866 1
0.083374 0.269311 -0.237575 -1.092606 4.109579 -2.889029 4.383430 1
0.376685 -0.357076 -0.374443 1.244960 1.948385 1.039426 6.459648 1
0.585808 0.298718 -0.944162 0.053534 -11.658582 -13.331024 9.593331 1
0.102075 -0.247359 -0.050888 0.334105 8.837776 23.130457 13.901971 1
0.086694 0.376563 0.717015 -0.420295 22.775801 15.029902 1.815256 1
0.654455 -0.306488 -0.016996 0.513635 1.668690 -5.582943 2.742322 1
0.442796 0.446208 -0.104075 -0.268608 -16.235951 0.095620 -14.797484 1
0.103990 -0.478457 0.724214 -0.187897 -6.564927 10.955303 -7.685943 1
0.137893 0.536860 0.342510 0.291935 -13.760499 -13.824010 2.966515 1
1.044939 0.400622 -0.214080 -0.192529 17.732240 0.407185 -10.070625 1
1.025335 -0.418890 0.073582 0.219936 0.464589 -4.419572 -20.305587 1
0.472835 -0.091982 -0.035508 0.956609 -26.255335 2.462609 13.782993 1
0.672168 -0.901310 0.841068 -0.341129 -25.437559 7.117606 11.335696 1
0.208490 -1.304786 -0.392463 -0.073096 -12.983115 -16.193389 -2.305865 1
0.292610 -0.738208 1.000720 -0.177554 -7.595553 20.547545 12.165765 1
0.111344 -0.117936 -0.256221 0.477843 -2.379650 -6.755897 24.465855 1
0.466067 -0.018826 -0.560212 0.573054 9.705603 8.114858 9.745785 1
0.112109 0.067878 0.578480 0.086656 -12.881686 -7.463614 -4.813840 1
1.021373 0.188568 0.190807 -0.149042 -18.481408 -2.059837 12.080314 1
0.247245 -0.319996 -0.473886 0.543172 -26.314140 -7.198066 21.195281 1
2.937998 -1.625079 -0.214994 -0.314718 -18.557251 -9.860587 8.979858 1
0.112201 0.342235 0.070174 0.275060 7.603220 -17.971759 -2.688735 1
0.941373 -0.251880 0.169377 0.093514 -3.248476 18.793606 -0.796468 1
0.186332 0.479104 -0.370216 -0.908044 11.240157 0.664669 -8.494734 1
0.206312 -0.066342 -0.283728 -0.282479 -12.321035 9.269624 -11.107555 1
0.087521 0.453516 0.925959 0.743572 -2.711133 -1.095802 -0.507412 1
0.337060 0.328054 0.238424 0.118145 3.672031 -18.203707 -8.825913 1
0.506829 -0.255900 -0.052168 0.495509 13.337501 2.070047 26.130267 1
2.506229 0.765268 0.969923 -0.485978 -7.542301 12.840875 -0.080522 1
0.109658 0.364165 0.255158 0.464357 12.743210 0.226264 -13.874691 1
0.093631 0.215550 -0.273578 -0.001123 -21.307101 8.818877 9.496238 1
0.994606 0.374054 -0.177859 0.442816 13.735748 0.286439 5.630059 1
0.184780 1.229214 1.559787 0.177110 8.757524 13.617423 -2.015355 1
0.113864 -0.068666 -0.485040 -0.012454 2.891083 10.361906 -13.808767 1
0.500571 0.730228 -0.885834 -0.749199 25.305230 0.972602 -12.521599 1
0.375402 -0.204284 0.147267 0.707117 7.440007 -4.848437 8.389896 1
0.121279 0.326831 0.045812 0.818626 11.217010 -1.058235 -11.596211 1
0.437171 0.295728 -0.026762 -0.099468 13.732455 0.351910 -19.018713 1
0.420529 -0.121930 -0.438338 0.382406 10.803268 -1.441251 -8.749553 1
0.140832 0.207784 -0.327662 -0.087709 5.889388 -0.841657 14.052893 1
0.317286 0.131075 0.160847 0.160736 5.654504 22.464852 -6.645410 1
0.092539 1.143748 0.062612 -0.863902 6.678346 -7.602010 1.203285 1
4.198783 -0.175142 -0.241410 0.079182 -0.350258 0.456005 -16.970246 1
0.435794 0.573204 -0.152618 -0.148910 -8.949093 10.113936 9.682302 1
0.299195 0.097033 0.167922 -0.678492 -8.176390 -15.126545 -3.067916 1
0.366428 -0.316366 0.477877 -0.656452 -20.297448 1.689438 7.558913 1
0.300202 0.121049 0.088255 0.170132 2.193200 19.306029 -6.828671 1
0.585186 -0.011706 -0.260243 -0.475522 8.343256 0.147101 15.255076 1
0.524509 -0.037219 0.108535 -0.153902 -8.980274 -18.270189 -13.189749 1
0.292083 0.050563 1.466052 -0.414062 5.527640 11.317065 10.472499 1
0.107699 0.233951 1.187821 0.597232 -3.892636 12.933344 18.329537 1
0.744916 -0.536932 0.653625 0.416115 -5.777851 28.543574 7.905179 1
0.131940 -0.080352 1.148678 0.085334 -10.616501 18.892713 0.023343 1
0.104491 -0.265348 -0.472668 0.545788 -19.274408 -4.756065 26.156494 1
0.504475 -0.106930 0.151814 0.234939 -11.667574 -5.255426 0.222783 1
0.159200 0.022250 -0.271048 0.403068 -12.221690 -2.170855 -10.863532 1
0.144224 0.742984 1.501949 -0.839697 0.537031 20.937516 1.459140 1
0.221063 0.574149 0.432879 -0.193884 -11.603774 6.836299 -15.449351 1
0.339783 -0.003797 0.205284 -0.661228 -8.527825 -13.562661 -0.108565 1
2.985742 0.513819 -0.813333 0.422895 19.916368 6.675457 -4.301792 1
0.098040 -0.380373 -0.312453 0.404433 3.552217 0.152304 -18.626660 1
0.364111 0.117370 -0.246560 0.473657 -19.036685 -8.394426 -10.182002 1
0.144886 -0.164504 0.128321 0.447614 20.808312 11.396382 7.079790 1
0.360597 -0.013608 -0.143550 0.222206 -10.237940 16.283620 -11.294267 1
0.254317 -0.829926 0.639214 -1.043501 -10.110175 -6.018976 -6.534103 1
0.555913 -0.364269 -0.658747 0.087270 11.262605 2.293908 -5.635388 1
0.416651 -1.330626 0.259143 0.178288 -22.313455 -5.596698 -6.183229 1
0.151008 -0.284007 1.207278 1.261816 0.852559 8.955741 8.285169 1
0.577563 -0.165992 0.104149 0.137328 3.453133 13.768027 -23.909493 1
0.141965 1.123221 0.486301 1.264363 9.182890 0.655338 25.816698 1
0.120024 0.337279 -0.261715 -0.004022 -10.501683 1.206461 17.933976 1
0.182852 0.103029 -0.582252 0.225696 23.004261 -12.024165 0.126971 1
0.189724 0.223341 -0.157229 0.072486 4.796609 2.853325 -28.008202 1
0.150160 0.367182 -0.316787 0.479609 -0.207427 -19.510815 23.964105 1
1.373741 -1.989439 -0.660886 0.925399 -24.140937 1.063691 10.615433 1
0.283453 0.357668 -0.277474 0.669375 11.205558 -0.262395 6.415549 1
0.170281 -0.671398 -0.534058 -0.128295 -7.553969 7.484124 15.890334 1
1.505698 -0.837898 0.677903 -0.101207 -0.742926 0.355390 1.777392 1
0.360047 -0.512861 0.436414 0.052955 -21.405508 1.452559 -11.625297 1
0.588861 0.240978 -0.657217 -0.360446 -16.051609 -1.040771 2.830444 1
0.381565 0.051423 -0.536661 -0.090556 -19.019410 -4.593607 8.565789 1
0.166121 -0.123787 0.406298 0.126564 -1.516169 -17.060849 -8.373679 1
1.652096 0.134014 -0.498641 0.033037 4.378132 6.073837 0.696185 1
0.215498 1.243198 -1.449793 0.644682 19.818952 -9.325139 2.367207 1
0.524663 -0.190567 0.388400 0.158995 -5.992687 2.492363 13.824218 1
0.489037 0.153713 0.105814 -0.221282 -15.520118 18.753651 -9.030408 1
0.247044 0.148830 -0.030319 0.470281 -7.997222 -1.740523 11.888810 1
0.408569 -0.834130 -0.338911 0.372911 5.333738 9.948505 3.274692 1
0.429966 -0.072249 0.157204 0.214236 -10.657817 -3.188079 5.757729 1
0.205030 0.947122 -0.312800 0.278717 13.146923 -13.786729 -1.950415 1
0.104504 0.755437 -0.107065 -0.433970 -0.724574 4.262784 -8.740549 1
1.704172 0.542957 -0.870542 -0.956189 -0.199587 -0.008059 -12.746228 1
0.208973 0.446766 1.032935 -0.801255 5.676566 1.613049 -6.883948 1
4.631110 -0.911940 1.152189 0.199775 -9.533785 6.905171 16.290199 1
0.135103 -0.066265 0.210253 -0.075076 -10.720277 -17.805765 -10.266504 1
0.169606 0.202243 0.136206 0.759808 11.254343 20.080479 1.630444 1
0.567692 -0.371375 0.425905 -0.503722 -19.981527 -11.268874 -10.817245 1
0.214292 0.296335 -0.272691 0.456148 -4.058586 2.032557 28.688238 1
0.450345 -0.147947 -0.480564 -0.658744 -4.019078 11.056677 3.180664 1
0.407103 -0.010118 0.241790 -0.390691 -9.804781 4.952391 5.535183 1
0.846636 0.136683 0.202869 -0.053122 2.111821 10.317580 -6.259649 1
0.123163 0.751807 -0.320496 -1.441953 4.704490 -11.013085 -14.139610 1
0.120648 0.251023 0.657442 -0.087942 -3.212809 7.438859 -17.690347 1
0.387333 0.343683 0.637166 -0.278752 -6.697109 14.312016 10.740079 1
1.095352 0.353701 0.338963 0.280534 -7.238377 6.645234 25.435450 1
0.212730 -0.174442 0.237388 -0.124093 9.962716 -10.632182 -17.911390 1
1.575080 -0.345494 0.743710 -0.195387 -5.333945 14.310122 21.510936 1
0.102042 0.094962 0.412151 -0.232633 14.643137 9.777185 12.325359 1
0.606266 -0.551938 -0.054133 0.302768 -7.923037 13.657433 0.560203 1
0.250734 0.667466 0.010473 0.017614 -4.227329 3.530225 -1.945460 1
0.184902 -0.013548 -0.841207 -0.045411 -10.328023 10.236216 1.141847 1
0.348863 -1.056124 0.182349 0.417111 -4.462150 19.602105 -4.627111 1
0.127948 0.647185 -0.156532 0.349852 3.817368 -17.074336 11.507263 1
0.127545 0.955637 -0.292671 1.056368 5.428784 10.347524 22.543808 1
0.089378 0.349676 0.953079 0.563553 12.606052 0.704823 5.450726 1
0.220514 -0.688226 0.382494 0.510841 13.420349 6.525184 7.932051 1
0.195396 0.819262 0.040292 0.455508 2.739075 -13.696005 -7.513526 1
4.245083 -0.354206 -0.579769 0.450744 -16.483429 -11.401627 1.350242 1
0.095817 -0.037261 0.296216 0.439710 -10.620736 3.722156 -12.136001 1
0.569763 0.325041 0.115456 -0.077440 -16.806212 12.481336 5.246168 1
1.098164 0.267433 -0.428697 0.343518 -4.868953 6.472262 1.071434 1
0.538990 -0.442671 0.178020 -0.381268 8.347651 11.326612 6.030203 1
1.288776 -0.245710 0.185376 0.259723 -29.684487 0.749006 2.967209 1
0.193816 -0.093292 -0.101992 0.626126 13.083328 12.241520 -3.069335 1
0.378483 0.852967 0.724491 -0.209357 -8.026342 10.422500 4.006772 1
0.130333 -0.894404 -0.029593 0.120181 -0.989349 19.879493 2.785308 1
0.235233 -0.244998 0.669062 0.163451 4.520652 -2.764557 -19.308226 1
0.474050 0.315738 0.028899 0.100765 4.021973 7.968740 -18.381680 1
0.170650 0.004194 0.407137 -0.145630 9.944588 -13.904498 2.790573 1
0.551803 -1.128911 -0.098773 -0.192676 -6.632035 -7.390954 5.742177 1
0.131497 -0.366730 0.274011 0.355087 9.163592 13.611247 0.685633 1
0.367063 -0.188151 0.676491 -0.189475 -20.434780 -5.927191 -9.593705 1
0.237052 -0.034256 -0.090251 -0.144810 5.261971 -18.929959 -12.091410 1
0.979329 -0.525641 0.004751 0.631914 11.659895 -3.547508 8.095625 1
0.113309 0.019635 -0.421381 0.089014 20.451251 12.507000 -1.555940 1
0.202812 0.185515 0.291137 -1.168346 19.348506 5.809295 -3.302438 1
0.145792 -0.173098 -0.047106 0.025348 5.464495 24.522762 -4.594902 1
0.206856 0.370355 -1.304586 -0.730507 -7.288128 -25.789109 -13.921292 1
0.534870 -0.453539 -0.404844 0.608777 -11.926088 14.322459 -10.194324 1
0.091732 -0.465660 0.693895 0.251283 -20.780655 -6.013521 14.321509 1
0.094435 0.141360 -0.513462 0.836599 -4.786391 7.632640 11.730620 1
0.106821 0.168321 -0.258860 0.168959 2.831166 -1.782299 -12.057444 1
0.443043 -0.017867 -0.073046 -0.575152 14.764929 6.700458 -10.096908 1
0.087582 0.298448 -0.515944 -0.390534 -11.606930 -2.808895 -10.489077 1
0.159466 -0.779588 0.429408 -0.052101 -7.522968 -8.387700 9.868964 1
0.829727 0.268197 -0.302180 0.175552 0.319902 2.504490 -22.091574 1
0.093662 -0.580128 0.855601 0.432022 -4.016215 1.891564 18.956304 1
1.055006 -0.425914 0.532141 -0.782475 -12.493077 3.921851 -1.072391 1
0.290595 0.512657 -0.602413 -0.058983 4.952970 4.208258 19.915501 1
0.226020 -0.071634 -1.141849 2.009077 11.485820 -14.409618 24.675844 1
0.258652 -0.291557 0.096044 0.088169 -9.720192 13.709378 -1.061157 1
0.504080 0.297241 -0.063071 -0.516330 9.831434 -8.587409 7.359390 1
0.133644 0.084004 0.422099 -1.180988 -10.351931 -11.697918 -23.902647 1
0.102367 0.257101 0.337864 0.387019 -2.379730 -6.577905 7.718598 1
0.102733 -0.120889 0.253602 -0.214819 21.570493 12.289680 7.339461 1
0.406103 0.026776 0.300996 0.767225 2.137645 -6.900402 -9.255105 1
0.170184 -0.637843 -0.992432 -0.463290 -2.780884 2.438157 -14.696059 1
0.080956 0.632176 0.587153 -0.035960 8.264102 25.502145 -11.294389 1
0.171393 -0.279185 0.852638 0.658027 -6.776345 14.633832 -2.222459 1
0.103884 -0.225421 -0.165156 0.328549 -17.938844 1.897450 -7.409970 1
0.287723 -0.086202 -0.203763 0.411180 10.092881 -1.415103 9.214606 1
0.707610 -0.167802 -0.170838 0.734673 -4.348032 0.707221 20.961841 1
0.161798 0.248644 0.451876 -0.287206 -3.499995 -9.505868 10.118638 1
0.495528 -0.997020 1.701642 0.549869 -10.473888 12.664889 2.682645 1
0.081729 0.838294 0.047685 -0.113454 7.498480 10.083533 17.390858 1
0.498673 -0.314844 -0.325364 0.662145 13.485208 -5.392780 -2.249380 1
0.189760 -0.642444 0.205522 -0.306345 -6.808012 5.752170 10.838620 1
0.174582 1.120644 0.427935 0.042204 8.637574 2.520386 12.669391 1
1.913197 0.199071 -0.008135 0.127503 -0.797923 31.531584 1.788438 1
0.156957 -0.116722 -0.051296 0.336796 -14.987173 21.437938 -10.259397 1
0.318637 0.330436 0.805843 0.317322 7.450050 0.869949 -7.647879 1
0.384886 -0.519101 -0.767858 0.445651 -10.569521 7.970967 -4.074293 1
0.094543 -1.164678 0.025286 -1.024222 -1.582348 11.215264 -16.706101 1
0.093801 0.607170 -0.161738 0.784519 8.036822 -10.909913 -9.044819 1
0.259589 -0.118371 0.089026 -0.024890 8.280300 15.811717 19.908140 1
0.331382 -0.193099 0.233958 0.090409 -1.656790 0.231524 7.643581 1
0.597086 -0.860402 -0.025484 -0.095697 -18.083632 20.127784 -8.699181 1
0.244466 0.010640 -0.203364 0.324214 -9.332613 -0.735545 9.713168 1
0.409757 0.414492 -0.587913 0.450888 -9.424607 1.243462 21.922624 1
0.703460 -0.966048 0.637585 0.131396 3.335184 6.995896 13.465025 1
0.129081 0.226348 -0.032633 -0.089250 12.198651 6.715826 10.609122 1
0.592856 0.271543 -0.657254 0.300675 14.980604 12.827763 10.135375 1
0.598064 0.228210 0.289857 -0.074529 2.712520 7.785623 26.068125 1
0.315326 0.158778 0.149864 0.168815 -17.423165 17.143138 20.746860 1
0.830552 0.470752 -0.398591 0.164220 -6.223428 6.964540 -14.650375 1
0.107798 -0.380780 0.315517 0.678264 -8.011479 15.057139 13.009592 1
1.282747 -0.440244 -0.345415 0.247179 5.059975 -19.199663 -18.471281 1
0.179704 0.292871 -0.350228 -0.495830 -5.974708 -10.202981 14.259019 1
0.226650 0.438882 0.027461 0.147534 7.230881 -17.815664 9.503798 1
0.213577 -0.298889 -0.154080 0.229165 6.879919 25.170969 7.238969 1
0.360054 0.275581 0.306198 0.420509 -7.200706 -13.783606 -2.956773 1
0.590465 -0.272755 -0.374612 -0.046206 17.198194 3.309217 3.820937 1
0.323997 -0.100069 0.699599 -1.222822 -3.776572 24.658914 -9.017029 1
0.080856 -0.146936 -1.036681 0.912792 12.498198 -2.479507 7.723914 1
0.143920 0.139904 1.440078 -0.161137 2.456565 7.498285 2.281341 1
0.128165 0.856620 -0.208221 -0.007744 10.772482 9.583004 7.666530 1
0.371144 -0.382858 0.872461 0.230192 3.193228 8.281419 -10.371746 1
0.145470 -1.074062 0.606489 -0.392559 0.879665 4.200661 -15.837268 1
0.092657 -0.102353 -0.512676 0.046087 -3.029751 18.287980 -8.614054 1
0.587126 0.405149 0.005987 -1.326254 20.048782 -13.175089 -10.419902 1
0.235289 0.311341 -0.143676 0.295599 -3.791306 9.606698 9.100950 1
0.569180 0.669563 -0.623008 0.298323 -7.990362 -8.720404 -7.443092 1
0.093590 -0.144246 -0.062486 0.710124 -12.003135 3.616800 11.497665 1
0.249342 -0.250015 -0.508543 -0.796979 2.356119 -6.026926 4.226001 1
0.543855 0.685050 0.133538 -0.342759 22.937101 -9.044534 0.396313 1
0.236315 0.747670 0.649458 -1.290120 17.716189 27.383876 -11.373831 1
0.136931 -0.463798 0.894400 -0.171072 4.758018 -5.755685 -10.058297 1
0.109437 0.227534 -0.386008 0.710424 -13.794408 -14.470410 -4.413377 1
0.915698 -0.318249 0.446819 0.605322 18.236804 3.969668 -3.774440 1
0.125769 -0.156132 0.281428 0.120703 -11.735275 -14.060435 -14.699422 1
0.182221 0.732871 0.087757 0.138844 -1.676822 -11.344739 2.164178 1
0.624303 -0.522930 -0.811118 -0.381317 -11.587465 2.600704 -1.686434 1
0.123119 0.014642 0.018651 0.100284 -24.202728 -1.458678 8.459683 1
0.093277 -0.345415 0.440564 -0.173489 15.612216 2.161634 8.157996 1
0.126609 -0.924334 -0.749341 0.177863 0.048945 -4.044113 15.147733 1
0.342755 0.269527 -0.085105 0.091819 -5.804770 33.349337 6.450095 1
0.887808 0.795563 -1.245636 0.098025 7.592891 -7.714524 2.905767 1
0.718573 -0.941934 -0.167534 -0.398435 -1.214235 -6.892127 -11.089857 1
0.789225 -0.096387 0.196506 0.431833 0.226081 22.167887 -5.359025 1
0.126531 0.557153 -0.164177 0.136508 8.066885 7.627945 12.709536 1
0.685572 -0.209089 -0.340693 0.195964 8.983885 4.175527 2.938851 1
0.342997 1.182503 -0.358001 -0.025423 -0.977261 -0.226562 -4.258394 1
1.141486 0.716575 0.124336 0.817581 -0.098542 10.850980 0.547641 1
0.181571 -0.291796 0.186750 -0.347576 -10.945770 3.686889 12.873858 1
0.271737 -0.175649 0.247289 -0.218677 -10.068822 -4.043708 15.216115 1
2.465276 0.343414 0.326015 0.275996 -8.438490 0.528460 -1.502789 1
0.132761 -0.831157 -0.274266 -0.414422 7.452715 3.917413 -8.411474 1
0.088416 0.898318 -0.121716 -0.268694 -3.724146 -2.189795 8.087303 1
0.089291 -0.136218 0.219441 -0.188760 2.317303 10.459462 -11.934948 1
0.263350 0.347886 0.371318 0.587594 2.883052 -4.489476 -8.996267 1
0.423754 0.123684 -0.689136 0.143258 13.261953 3.505069 20.110727 1
0.178200 -1.658420 -0.683221 -0.029424 -12.815592 -0.886706 -0.522225 1
0.269147 0.165843 -1.066717 0.167738 -14.899988 -3.102661 -5.324027 1
1.218772 -0.920784 0.486508 -0.289050 -4.889038 -11.531219 6.277830 1
0.195759 0.505806 -0.470850 0.924302 1.539750 -17.051514 7.845823 1
0.310560 -0.336774 0.166640 0.231465 9.361821 8.843464 19.724551 1
0.132928 -0.081847 0.110483 0.080004 -0.402930 12.768635 -24.077673 1
0.130606 -0.483121 0.832263 0.753620 2.039286 0.058557 -2.565926 1
0.180981 0.545503 0.953364 0.759370 7.093957 27.656393 22.143093 1
8.040799 0.112841 0.139305 0.106473 5.546923 -14.152053 -1.737621 1
0.080873 0.679691 0.231637 0.367011 -9.377339 11.214917 4.245819 1
0.337684 -0.075923 0.728303 1.191369 6.893148 -2.142442 15.748856 1
0.727006 -0.750247 0.813248 0.034007 -19.773907 5.602424 10.213633 1
0.130102 -0.076607 0.698777 -0.151382 -4.539935 -5.325041 11.175177 1
0.107057 -0.281386 -0.756775 -0.100803 -3.007369 -3.940628 21.823179 1
1.352041 -0.185781 0.189094 0.527884 -9.011932 0.539267 -18.091631 1
0.108970 -0.163636 -0.163619 0.747796 -20.437482 3.468836 -4.311690 1
0.148499 1.224571 0.751212 -0.831720 9.240544 -0.091137 -8.673581 1
0.263983 0.050477 -0.260596 0.137266 8.491039 -16.581037 -2.888249 1
0.240265 -0.347645 -0.112950 -0.071207 -9.267878 25.542101 -0.887828 1
0.217954 -0.053517 0.421636 0.384882 3.780577 -0.574431 -3.639983 1
0.444167 -0.293919 0.674425 0.549728 6.114604 6.191087 -10.742800 1
2.752555 0.176034 0.185678 -0.878192 -1.986048 11.823130 -16.474522 1
0.266546 0.274962 0.189002 -0.606281 10.702348 -2.207878 -11.340654 1
0.104305 -1.410463 0.317504 -0.031137 -3.848319 7.644096 7.802980 1
0.144490 0.910089 0.461113 0.048811 7.863756 14.138261 -16.261469 1
0.094619 0.108658 0.037721 0.673203 -0.135359 -4.259357 7.129171 1
0.144851 -0.536371 0.518066 0.684811 11.888741 4.451430 17.526177 1
0.132290 0.135338 -0.447813 0.806492 -11.837905 8.579104 16.779037 1
0.524424 -0.152956 -0.389062 -0.637400 4.406953 -5.298963 3.516234 1
2.804970 0.840878 0.282348 -0.051768 23.091743 5.090971 5.621629 1
0.151725 0.561254 -0.012749 0.471090 -2.863899 7.139725 3.060263 1
0.691052 -0.305873 0.472220 0.253614 -19.933136 -16.443026 -1.250096 1
0.123125 -1.229482 -1.079657 -0.606317 -18.123278 -5.058689 -8.291275 1
0.095501 -0.241376 -0.291938 0.083790 10.666308 7.107876 12.758869 1
0.082472 -0.222718 -0.140192 0.488940 0.566437 -4.569673 14.727218 1
0.088000 -0.498675 -0.058087 0.112180 6.648314 1.242214 22.552401 1
0.106567 0.182112 -0.128124 0.186544 -18.935750 4.956133 3.330872 1
0.083960 -0.006029 -0.254479 0.281674 -10.987086 -14.852639 23.063216 1
0.444394 -0.180419 -0.149502 -0.319925 -3.782698 13.180410 14.485497 1
2.968598 -0.439532 0.323451 0.236160 -4.842536 -3.375808 -16.821288 1
0.118415 -0.896616 0.204274 0.606591 -7.911830 -1.747210 -12.700952 1
0.123056 -0.273064 -0.459884 0.059470 -4.807504 -3.990828 19.376368 1
0.111967 -0.336849 -0.207586 0.014280 -16.375108 14.756246 -9.029787 1
0.095336 -0.160953 0.268111 0.146149 -2.514828 -5.394903 -6.143296 1
0.085245 -0.122975 0.194150 0.751123 -14.297819 -3.326161 -2.931484 1
0.219520 -0.483549 -0.383369 0.669690 -21.079934 -4.016828 -1.388269 1
0.269315 -0.559764 -1.168230 0.938561 -5.736583 -5.409698 9.940579 1
0.084729 -0.306391 0.263616 -0.197923 2.404746 -14.031722 14.781287 1
0.193296 0.038186 -0.978928 0.129262 5.835295 4.311439 16.003990 1
3.042533 -0.351905 0.089042 -0.708468 -1.631396 -17.959045 -4.767423 1
1.417540 1.024806 1.264360 -0.495664 11.442990 8.922138 2.028187 1
0.348250 -0.524805 0.322607 -0.316471 -0.575482 -1.945166 5.175735 1
0.189420 -0.535056 -0.158934 0.028667 12.201039 3.926190 18.130153 1
0.222484 -0.097273 -0.336739 0.489257 7.297077 -4.326759 1.297687 1
0.319069 -0.535655 0.001748 -0.762309 6.677245 7.180475 -5.704775 1
0.092091 -0.645407 -0.149254 0.572260 1.813237 -6.645739 9.925338 1
0.486369 0.479335 0.052106 -0.180110 15.403407 -15.380189 -3.292097 1
0.293964 -0.185233 -0.198285 0.302762 13.061054 19.099097 -4.877488 1
0.150389 0.140479 -0.456271 -0.049393 -13.840337 13.831579 -5.527613 1
0.098254 0.346155 0.085662 -0.405960 -14.384989 0.606683 2.632143 1
0.129777 -0.181734 -0.148108 0.217007 5.034084 -2.054516 13.310111 1
0.089968 0.646514 0.401692 0.711482 5.574937 11.881609 -10.293150 1
0.178187 -0.273439 0.000219 -0.039319 15.132805 -1.732890 -16.403752 1
0.446547 -0.363560 -0.312968 0.107734 -16.352792 10.393351 -0.656408 1
2.596189 -0.968235 -0.960132 -0.703307 -18.186424 -14.293799 0.222305 1
0.941679 -0.201866 0.131618 -0.366382 0.551881 12.650217 -5.761905 1
0.357477 -0.134421 0.781055 -0.252037 -9.949219 -6.960846 9.600597 1
0.233141 0.456183 -0.308891 0.497464 33.998548 9.994730 -9.384563 1
0.109886 -0.851220 0.296582 -0.222491 -0.511122 -3.503183 -5.154771 1
0.103385 -0.382817 0.448020 -0.293460 13.886498 11.513829 12.434015 1
0.307529 -0.930951 -0.423448 -1.482493 -6.048401 -11.968308 -8.981877 1
0.224214 -0.840226 0.665083 -1.007199 -0.332165 -4.796819 -22.423499 1
0.688471 0.499977 -0.593239 0.185059 3.796494 2.604315 -8.518283 1
0.121886 -0.036261 -0.149816 -0.532815 9.698322 -19.191877 2.873484 1
2.036878 1.509092 -0.912441 0.012756 9.383379 -9.273771 -6.973768 1
0.108772 -0.347091 0.201326 0.504966 -0.082114 21.762225 9.914867 1
0.087214 -0.962886 -0.974135 -1.027348 -3.344358 -14.549230 -3.477731 1
1.095005 -0.010679 0.451057 0.532750 4.140464 3.420449 -7.167049 1
0.462444 -0.191176 0.161985 0.591659 7.052703 -5.422390 -18.196969 1
1.195467 -0.073870 -0.738670 0.097122 0.127787 7.863472 3.450158 1
0.124532 -0.765635 -0.390258 0.286400 9.630187 -0.719983 -0.868430 1
0.239527 0.414142 0.193053 -0.407128 -8.352693 -10.026655 10.642524 1
0.513647 0.034856 0.659898 0.571767 6.044304 3.184925 8.503840 1
2.322161 -0.365488 -0.496679 -0.874539 10.790600 3.207482 -9.977672 1
1.749945 -0.314639 0.763200 -0.148304 1.043732 -8.947316 4.516514 1
6.427225 -0.398331 -0.539043 0.499557 -6.657602 11.800687 -0.919434 1
0.187473 0.101332 -0.001699 -0.609256 -8.634819 -9.128608 4.937994 1
0.080411 -1.084512 0.723808 0.564133 -5.428779 11.934608 11.918399 1
0.084886 -0.152343 0.068639 0.207244 -20.587635 -8.665232 -2.373412 1
0.210734 -0.400482 0.679726 0.282569 1.481385 -2.383606 -12.454615 1
1.039799 0.312154 -0.143972 -0.095677 12.710490 7.936950 19.923612 1
0.589256 -0.252391 -0.202884 0.269936 14.523396 -6.686320 11.421965 1
0.193774 0.036546 1.013003 -0.350459 -14.884072 3.907076 9.317503 1
0.204408 -0.618354 0.182992 -0.265264 11.126400 -2.597274 -11.244404 1
0.203976 -0.298337 0.298014 0.747367 -24.637696 3.089612 -4.553322 1
0.100379 -0.008272 -0.088596 -0.032940 -4.414993 -20.008803 3.950276 1
0.224716 0.408561 -0.540715 0.744271 -2.178371 5.162879 19.249002 1
0.736908 0.332472 0.362826 0.277437 4.120271 29.998598 -1.577644 1
0.183623 0.638708 0.374717 -0.962572 8.709823 1.881698 -2.139989 1
5.763363 -0.605588 -0.787406 -0.224354 -2.929923 -8.520709 -0.394896 1
0.155563 -0.360336 -0.328829 -0.212601 11.325429 10.465236 10.704818 1
0.205052 0.069838 0.757325 -0.125211 -18.717911 7.835246 13.152479 1
0.256881 -0.224984 -0.326531 -0.685914 -7.150239 -15.751055 11.860489 1
0.383592 0.059508 -0.186143 0.861265 2.735532 -18.080183 -8.685709 1
0.115189 -0.439437 0.763561 -0.788424 -13.976998 16.067753 9.715556 1
0.144188 0.337185 -0.258515 0.366112 -18.764954 2.421443 6.767558 1
0.208231 -0.277563 0.375876 0.099048 -14.563683 5.542707 26.539920 1
0.523071 -0.876148 0.152511 -0.530564 -0.646995 -8.491662 7.397071 1
0.460238 -0.448697 -0.071071 1.359212 12.136768 0.236591 10.329912 1
0.500482 0.432269 0.271891 -0.692476 -3.909294 13.835574 -0.460944 1
0.190881 -0.086242 0.572539 0.973534 20.397126 2.386419 15.117005 1
0.095002 0.387665 0.503250 0.481004 5.913907 -8.553149 9.837309 1
0.282526 0.748680 0.005518 -0.285487 -1.911758 -3.231842 12.612229 1
7.200905 -0.008734 0.033246 0.885947 -16.507699 6.841400 11.924119 1
0.639887 -0.448321 0.555549 0.596880 -18.405664 0.824509 -12.482116 1
0.088337 0.073026 -0.093497 0.188854 3.544441 -13.222523 2.059363 1
3.427020 0.390425 -0.330530 0.542279 5.656998 0.362413 11.026779 1
0.286232 -0.026525 -0.086152 -0.221953 -11.713102 -19.628308 8.629619 1
0.111446 -0.048083 0.275117 0.693419 -10.921843 13.542072 13.251142 1
0.194955 0.380750 0.025574 -0.084498 -7.369819 12.990963 7.366980 1
0.190041 -0.408596 0.035072 0.400183 -19.283539 4.174481 -11.663948 1
0.170109 -0.278249 0.510423 0.312222 -6.053593 -4.213586 14.740157 1
0.162386 0.148574 -0.252095 0.489581 -18.706384 12.424156 -1.461959 1
1.166044 0.729964 -0.428879 0.913833 9.695886 12.207761 21.087393 1
0.584740 1.341201 0.243737 0.372484 4.239419 -2.091460 2.450527 1
0.396613 0.119628 -1.295580 -0.435690 -9.235492 -4.382784 -10.498704 1
2.418064 -0.092661 0.172483 0.148515 -16.731099 10.608341 -8.552731 1
1.010429 -0.664511 0.392390 0.201729 6.214099 -7.811893 -0.118608 1
2.532142 -1.367835 0.271425 -0.000187 -3.501769 -6.832702 -0.803903 1
0.107929 0.333614 1.008953 0.658130 4.613798 -3.312416 3.461844 1
0.167175 -0.662561 -0.019681 -0.842650 -1.023337 -1.022278 -2.559533 1
0.254952 1.074001 -0.894886 -0.235422 10.878872 1.351475 -10.549119 1
0.429694 -0.117580 -0.191084 0.580243 19.109676 12.310769 12.705015 1
0.496826 -0.430781 -0.219245 -0.511552 8.200793 -3.136662 11.930474 1
0.121547 0.548113 -0.661343 0.395355 2.145108 -28.858192 -5.155561 1
0.215928 -0.101650 -0.043130 0.397087 -3.801772 28.237362 -1.935298 1
0.270339 -0.057752 0.938408 0.586830 -8.200075 -6.841795 -2.833898 1
0.080083 -0.671286 0.268450 0.474944 8.027962 0.231526 14.551897 1
0.272801 0.635794 -0.456396 -0.005174 6.289486 2.012725 4.835192 1
0.248941 -0.707440 -0.375640 0.702226 11.586248 -6.957715 3.134843 1
0.198171 0.049836 -0.320247 0.243136 -2.144421 -15.076601 -9.192444 1
0.125940 0.066440 -0.149927 0.213006 -4.016170 24.695009 4.097568 1
0.397489 0.149512 -0.309321 0.551911 10.107955 -3.430636 11.790994 1
0.109822 0.662945 0.243455 0.272255 25.539317 1.090687 -8.139509 1
1.950578 -0.442980 0.665080 -0.316981 -5.793730 -8.591380 7.428896 1
0.085723 -0.140220 -0.039245 -0.132222 -5.073108 12.616325 18.114062 1
0.261677 0.066656 0.165748 -0.203289 13.578686 13.792536 7.862453 1
0.410668 -0.549532 1.060701 0.408447 6.656315 2.439208 12.514282 1
0.278253 0.030132 -0.443190 0.109814 12.606783 -2.519483 17.282406 1
0.362834 -0.165945 -0.313503 0.248845 -15.961079 17.889502 6.623701 1
0.191416 1.781383 -0.174060 -0.035808 30.740625 12.037325 -4.498802 1
0.204516 0.476680 -0.510595 -0.889105 10.527319 -1.720524 -1.929184 1
0.119244 0.208416 1.097390 0.217723 -2.208848 -3.917053 10.106396 1
0.394798 -0.377096 0.179480 -0.575973 5.153802 -8.008317 1.313153 1
0.108074 0.012952 0.026761 -0.016248 3.394577 19.228448 -22.908527 1
1.687457 0.845451 1.738282 -0.141725 14.976627 17.784878 6.576240 1
0.142585 -0.316192 -0.703296 -0.161475 2.974344 7.019996 -7.256769 1
0.999592 0.118167 0.110385 -0.143860 -13.973605 17.730231 -17.769646 1
0.835224 1.043853 -0.581709 -0.119292 12.055470 12.780398 -0.280563 1
0.133760 -0.603339 -0.665931 -0.257663 -16.598928 -4.865254 7.920210 1
2.914902 0.278756 -0.081918 0.090364 23.903875 -16.936121 -0.831550 1
0.289537 -0.109115 -0.304001 0.324491 -15.936265 -15.683176 -3.085951 1
0.111589 -0.170939 0.200611 0.346083 8.840235 3.883573 5.639046 1
0.666435 -0.124860 0.151383 -0.037211 8.219400 24.757827 4.869473 1
0.118124 -0.371465 -0.414349 0.136845 5.767209 -4.235465 10.492272 1
0.082017 -0.030242 -0.162551 0.492962 -15.903208 15.784626 4.758091 1
0.384643 -0.683330 -0.313824 0.115005 6.709204 -6.253286 -8.420035 1
0.170390 -0.022694 0.342939 0.413830 -17.033678 7.977449 16.788836 1
0.164634 -0.268079 0.421985 -0.220730 -7.578172 -9.116428 11.927735 1
0.710018 -0.706241 0.795439 0.351009 -5.919537 14.080470 9.484485 1
0.490174 0.165399 -0.220044 0.397702 -6.211073 -3.294356 -17.794745 1
0.209872 -0.204663 -0.378347 0.891452 -6.320402 11.330019 11.646047 1
0.191407 -1.385074 -0.850345 -0.661426 -6.891283 -2.352912 -15.288149 1
0.086220 0.467350 0.041415 -0.140100 21.595737 -1.086770 11.646653 1
0.253249 0.338678 -0.480311 -0.003487 -1.749682 17.939647 5.225510 1
0.443660 0.288330 0.115721 -0.136201 6.099395 13.642804 -0.173970 1
1.478874 0.688763 0.570667 0.336047 -1.391241 11.206722 4.821401 1
0.997008 0.534826 0.430794 0.198861 -12.822182 -10.475414 -1.185342 1
0.119733 -0.705182 0.757283 -0.861687 1.638221 -2.363107 -10.362677 1
0.155712 -0.935213 -0.509970 0.617414 -1.841680 5.151088 2.345507 1
0.248140 0.555966 -0.160553 -0.099782 23.643508 5.829166 2.416981 1
0.211986 -0.403859 -0.510002 1.683473 -8.516353 -12.095494 11.656787 1
3.164370 0.208417 0.012711 -0.602246 6.549379 14.278029 10.158769 1
7.811175 -0.255730 0.840809 -0.252090 5.938428 -5.793512 -3.433561 1
0.119711 -0.581360 0.073392 0.098865 3.059651 -2.028445 20.623552 1
0.081905 -0.262683 1.460981 0.417193 -0.121010 9.785708 2.367231 1
0.128974 0.013168 0.559110 0.221508 -11.004982 -13.769309 11.814909 1
0.098410 -0.019766 -0.059133 0.071279 -18.024959 -0.283776 -10.969041 1
0.208666 -0.723615 -0.260545 0.037775 -4.717645 5.013510 22.951871 1
0.338702 -0.443521 -0.394990 -0.100008 5.492894 -20.791066 15.423639 1
0.270406 -0.704443 -0.415377 -0.352267 5.877521 -4.401413 -13.815879 1
0.261780 -0.429556 0.429388 -0.606158 7.644879 -2.535947 5.591924 1
0.198271 -0.026399 -0.438096 0.348321 9.993262 11.957241 -6.293895 1
0.547947 -0.461739 -0.280279 -0.079492 10.982976 4.238956 11.210764 1
0.084496 -0.181115 1.237948 -0.005326 -6.200684 0.782714 11.718081 1
0.547853 0.064407 0.084565 0.151116 10.823777 -22.185821 9.513464 1
0.124445 0.371980 -0.474195 0.105325 -2.839421 12.748837 11.518895 1
0.573077 -0.289701 0.224960 -0.131625 3.594996 6.828535 -14.016508 1
0.415176 -0.088871 0.008879 -0.327573 8.115631 -19.186781 -8.167436 1
0.878922 0.255479 0.677320 -0.525935 -6.038579 -10.794892 -12.413391 1
0.094683 -0.328507 0.985434 -1.118203 -2.026831 -1.358430 -9.210601 1
3.025229 -0.985832 1.048000 0.161271 1.633772 14.650735 -8.078719 1
0.102725 -0.090372 0.357667 -0.458899 -16.851377 -15.613268 -2.455778 1
1.385436 -1.305218 -0.228802 0.163282 -16.778709 11.857733 7.397336 1
0.188343 0.364285 -0.183564 -0.188358 19.789915 -10.362198 11.261854 1
0.308804 -0.326611 0.487715 0.586903 16.525139 9.192185 -9.761248 1
0.266901 0.303759 0.957920 0.176346 22.140053 7.815308 4.301892 1
0.352073 0.549022 -0.117866 -1.039449 -7.634338 -3.964657 -2.787938 1
0.588656 0.172025 -0.559993 -0.939349 14.065423 -6.210522 -10.934891 1
0.105091 -0.352610 -0.262089 0.283789 -3.987152 8.216276 -0.835485 1
0.147682 0.404027 0.184687 -0.833700 15.037870 -7.719545 3.029183 1
0.179358 0.440462 -0.237923 -0.113187 -14.176909 11.204955 -6.170880 1
0.522896 0.349172 -0.027324 0.138735 6.298055 -16.925726 1.315160 1
0.141510 0.362515 -0.211717 -0.333979 14.030655 -10.038556 -5.639900 1
0.105633 -0.260399 0.213649 -0.418844 -3.981135 -3.511408 -0.159378 1
1.115389 0.121727 -0.094674 -0.457464 6.746252 -9.396294 5.778662 1
0.100224 1.498943 -0.782119 0.296830 12.774644 -12.033093 -7.727434 1
3.043771 0.892113 -0.212351 -1.466312 11.735713 -3.130093 -9.494122 1
1.677124 0.099275 -0.785016 0.714689 6.065036 -3.822273 -4.814235 1
0.154714 -1.539618 -0.405093 -0.134458 -6.582682 -6.597474 -5.835558 1
0.509531 0.274939 -0.013940 0.341516 12.462324 8.904158 4.522178 1
0.118595 0.765006 -0.499946 0.646583 2.300122 4.246436 1.802935 1
0.192470 0.508982 -0.037490 0.186226 18.173210 -5.101519 8.904158 1
0.156661 -0.064070 -0.889600 0.867871 2.527698 4.216115 16.138501 1
0.269171 0.397577 0.118749 0.253857 -0.667692 4.256436 -14.412344 1
0.275015 0.285204 0.054791 0.386589 -22.376672 11.288236 4.081854 1
0.133107 0.066318 0.031984 -0.318426 -17.301057 6.916263 13.768377 1
0.116244 0.473188 -0.394408 0.266328 2.564766 -15.219298 2.726854 1
0.262815 -0.064588 -0.154498 0.658587 -9.407173 -20.388584 3.903106 1
0.152197 0.317587 0.095159 -0.566685 -18.904990 7.367651 -17.710224 1
0.591538 0.591643 -0.685813 -0.308421 1.074393 -12.103407 -22.598924 1
0.273814 -0.657438 -0.547910 -0.092886 4.933910 3.446083 2.379108 1
1.296377 0.080852 0.123724 0.238724 -6.994460 29.700029 11.811118 1
0.625099 -0.096765 -0.372654 -0.287281 3.712434 -7.588944 20.928763 1
0.953431 -0.958096 -0.398966 0.485298 -14.137195 -6.500060 18.816126 1
1.362864 -0.671535 0.251498 0.250977 8.679933 8.143513 -5.213449 1
0.388981 0.157560 0.249013 0.007315 -19.112327 6.008465 17.263843 1
0.178332 0.734654 -0.557489 -0.345273 27.214223 1.973529 4.553490 1
0.372184 -0.645782 -0.176289 0.727485 -3.985705 -10.637337 0.231741 1
1.884918 -0.590438 0.154431 -0.250350 -23.536717 -1.518669 2.650776 1
0.093160 -0.985375 -0.383557 -0.624041 -2.638654 -6.182253 -2.594934 1
0.093696 0.133086 -0.649556 0.124460 8.126853 -6.445048 5.041616 1
0.080850 1.391021 -0.567166 0.722507 8.248243 -17.297918 12.580892 1
0.277717 -0.144342 -1.695334 0.516766 0.927615 -10.238232 15.821413 1
0.330199 -0.400037 0.195221 0.505806 -5.996079 15.398331 5.625011 1
1.020862 -0.045587 0.592268 0.163174 18.668059 -1.092897 -0.611607 1
0.554068 -0.128271 0.151674 0.329636 -15.082337 6.741414 9.316293 1
0.410517 0.883657 -0.117743 0.189976 -3.419829 -2.394817 14.472322 1
2.241100 -0.408975 -0.118863 0.539359 -26.530141 10.066868 0.779434 1
0.769947 -0.481483 -0.340260 0.580346 -6.297575 -3.985014 -19.541821 1
0.085466 0.474115 0.262469 0.203623 -8.459461 -17.369626 -12.703436 1
0.645582 -0.060620 0.278523 0.517995 -9.181626 7.605958 -15.277189 1
0.291207 0.653173 0.112372 -0.229187 23.878077 0.029213 -9.481537 1
0.780826 1.060231 0.744079 0.088442 -0.907183 19.941799 5.892313 1
0.178041 -0.249802 0.114756 0.158264 -4.312157 9.289019 19.378229 1
0.111657 0.710857 -0.112085 0.150675 2.071731 11.322423 11.498690 1
0.141933 -0.466254 0.350589 0.595102 -0.544293 -13.991547 -8.911866 1
0.503658 0.259402 0.191081 -0.194719 -10.102073 -12.474494 17.861810 1
0.266518 0.805065 -0.426617 -0.571823 -7.352260 -10.291271 -11.323880 1
0.136578 0.361161 -0.036683 0.317793 23.619188 8.544240 6.474506 1
0.126498 -0.364984 0.093387 -0.108829 -16.203000 -14.922322 -12.362842 1
0.081261 0.972927 0.899852 0.315390 18.741628 -5.117643 -2.159128 1
0.167252 -0.085372 0.055966 0.119246 -1.098319 -3.625283 4.940524 1
0.607244 -0.556441 1.647688 0.529689 -1.036575 13.061317 1.462538 1
0.266741 -0.229890 0.248676 -0.135236 -19.671773 7.022166 13.106211 1
0.157175 0.390562 -0.350050 0.875184 -18.622043 -9.369379 18.161155 1
0.366807 -0.136988 -0.423077 0.026530 11.244648 -9.277087 -16.040764 1
1.030213 -0.076486 0.042528 0.760222 5.366796 1.367220 -2.013038 1
0.140945 1.331810 0.937816 -0.123714 13.382072 2.406412 9.747742 1
0.288794 0.013495 -0.224106 0.002961 -13.860290 3.697369 -23.545999 1
0.182724 -0.469111 1.030524 0.231485 -10.315108 -1.928483 -10.107225 1
0.115248 -0.931083 0.885251 0.014076 -13.451344 7.111991 5.467277 1
1.012019 -0.368078 -0.436925 0.447862 5.664116 6.734803 -8.025330 1
0.292049 -0.894763 0.289361 -0.034827 -9.196590 -15.170956 7.624206 1
3.273691 -0.115836 0.047267 0.416213 4.862492 2.462133 13.312900 1
0.507219 -0.203690 0.929721 0.166730 -15.993372 4.180620 20.126424 1
0.325723 -0.918688 0.139070 0.728153 -7.142149 8.288647 -9.197631 1
0.153073 0.443933 1.111625 -1.144710 12.536776 2.651377 -30.615491 1
0.229855 0.030138 0.238297 0.424750 17.926127 6.615083 5.717254 1
0.196589 -0.172360 -0.250686 -0.360416 6.086770 4.399938 -9.883570 1
0.095001 0.224000 0.080381 -0.303933 -8.320618 4.461624 -21.080517 1
0.458870 -1.047583 -0.769194 -0.140649 -0.894337 2.336934 -1.067052 1
0.085890 -0.619876 1.416571 0.020094 1.214008 15.278677 18.845169 1
0.170408 0.350451 -0.089335 -0.164994 -17.556969 12.195627 -4.975719 1
0.130084 0.241124 -0.504783 0.209502 -2.465890 0.234298 -3.704347 1
1.384359 -0.468210 -0.303484 0.026478 1.130748 6.527242 11.151891 1
0.642711 -0.141020 -0.137432 -0.286580 -8.683047 12.612936 -6.361410 1
0.176254 -0.827477 -0.319517 -0.191274 4.053550 3.711454 11.391536 1
0.156623 -0.266130 -0.650989 0.151541 -21.975540 -4.519329 4.823931 1
0.874755 0.060406 -0.014397 -0.197052 -16.403311 -9.945478 -0.311640 1
0.628183 -0.207740 0.389339 0.321334 -0.986617 -13.958426 15.108696 1
0.127719 0.695376 -0.069097 -0.144550 11.312637 -7.133233 22.122505 1
0.209256 0.158228 -0.235540 0.536936 -15.384345 -1.992725 6.034602 1
0.393003 0.556201 0.193827 0.067071 10.306964 5.846045 -5.216313 1
0.395444 -1.118234 -1.115617 -0.519747 -5.596356 -10.021786 4.337275 1
0.150757 -0.246622 -0.425799 0.489326 17.476849 -13.666990 18.266195 1
0.613619 0.493064 0.176320 -0.691833 16.959410 -7.165798 -19.023433 1
0.371705 0.542098 -0.391496 0.249863 9.671281 17.741075 9.310153 1
0.128172 0.073860 0.112423 -0.217013 -1.960733 24.971374 13.323141 1
1.227367 -0.897039 0.567147 0.271917 -13.216865 21.373367 9.720008 1
1.287495 0.005847 -0.092909 -0.037602 -9.124133 -2.536473 -1.642191 1
0.285623 -0.629121 0.066540 0.098706 -17.682848 -16.065922 -14.000254 1
0.186793 0.067413 0.222892 -0.071848 -6.232100 5.687404 -13.267896 1
0.151928 0.824421 0.175312 0.047605 -7.591227 -6.363143 -7.044988 1
0.107729 0.173147 -1.061293 0.044899 3.654247 2.263924 -8.230180 1
0.789450 0.042665 0.947289 0.550682 -0.857800 -6.616072 -1.345378 1
0.417882 0.778340 0.275044 -0.833054 11.808960 -1.106000 8.740808 1
0.415458 0.066211 -1.824490 -0.640483 -5.475884 -20.211837 2.219759 1
0.510419 0.485176 -0.247746 0.173850 -4.062245 19.381524 11.206478 1
0.130425 0.422129 -0.295989 0.562238 -12.037334 -6.634254 7.060611 1
0.312402 -0.620673 0.680171 -0.259461 10.667551 -0.574571 1.040715 1
0.489643 0.211042 0.118492 -1.666037 -3.309578 6.445667 -16.916303 1
0.449688 0.268443 -0.251698 0.951276 15.985998 15.406090 6.796176 1
4.640213 -1.030043 -1.942331 -2.109566 -8.096104 -24.489920 -34.449232 1
0.102329 -0.461398 -0.508512 0.485331 15.691350 -1.241196 -0.794943 1
0.088752 -0.300430 -0.310878 0.394959 -30.657512 11.214734 4.663237 1
0.124181 0.241899 -0.690589 0.603252 10.163253 -14.619001 0.182432 1
0.142677 0.597931 -0.280223 -0.123300 -14.735609 -4.880528 -11.821348 1
0.646196 -0.770720 0.845414 -0.013079 -2.193629 3.798225 -20.194916 1
0.112694 -0.252284 0.291170 0.484707 -16.034166 -16.078209 -2.460209 1
0.176104 0.372282 -0.151041 0.947646 -9.924731 -8.321790 0.117760 1
0.106965 -0.206860 -0.235313 -0.129564 -14.137326 3.508299 18.519863 1
0.330430 -0.648809 0.843065 0.128511 -8.066446 2.095049 -0.292947 1
1.059937 0.456883 -0.113027 -0.093324 11.052637 -4.376155 -13.989814 1
0.446854 0.034856 0.689210 -0.305159 0.878658 0.888171 -13.913404 1
0.249843 0.054541 0.203912 0.371149 -11.842387 21.163589 14.832460 1
0.126972 -0.226759 -0.268876 -0.568680 -5.032022 3.568218 -1.815813 1
0.148713 -0.302497 0.135165 0.396950 11.569989 -6.092760 15.788728 1
0.153845 0.761853 0.581455 -0.081219 8.485841 6.902212 -4.366277 1
1.523067 -0.147915 0.353270 0.073166 -2.367741 -17.960458 5.547566 1
1.665441 0.256229 -0.850361 -0.031113 3.317308 4.011307 -16.244165 1
0.167356 0.417522 0.072625 0.047107 6.848407 20.785041 12.903795 1
1.433413 1.745113 -0.703196 -0.148514 14.195199 -16.912638 1.373715 1
0.264805 -0.319661 -1.078033 -0.011997 -13.636339 -9.996276 4.804670 1
0.110793 -0.136554 -0.009357 0.276771 -5.406607 16.193243 -21.564840 1
0.180061 -0.312629 0.526671 -0.218148 -3.566294 -0.049398 5.239276 1
0.195410 -0.139008 0.145809 -1.516231 -0.891957 1.991509 -6.476974 1
0.091610 1.205069 0.487650 -0.131830 8.906574 4.356843 15.509462 1
0.100160 -0.045177 -0.515826 -0.263765 -13.729973 4.748423 5.858063 1
0.329612 -0.536375 -0.094657 0.667332 -6.152695 3.633195 3.253601 1
0.174903 0.009018 -1.250139 0.117332 -11.360092 -9.399148 -7.841968 1
0.088879 -0.282797 0.012814 0.005079 -12.873163 7.174820 1.308034 1
1.382242 -0.482883 -0.082369 -1.038718 9.291578 -11.881786 -6.239363 1
0.137418 0.278772 0.389785 0.442763 -13.035361 -9.296863 -1.802580 1
0.550522 -0.904812 -0.386689 -0.165008 0.542247 -17.304303 10.023638 1
0.977405 -0.169807 0.763529 -0.435816 -14.165869 2.831404 -6.971144 1
1.078071 -0.269779 0.594950 0.383605 7.549815 13.715994 -10.712914 1
0.158053 -0.013070 -0.774027 -0.075990 15.136370 -24.656516 -0.143677 1
0.173348 -0.096160 -0.072807 -0.022596 12.682837 -1.542958 -11.736004 1
0.082934 0.320542 -0.371592 0.931452 14.603584 7.339850 -4.088351 1
0.136636 -0.395107 -0.085328 0.482726 -16.033936 -7.884586 19.282828 1
0.143734 0.703484 0.402915 -0.051513 -9.351354 0.139061 -10.411496 1
0.441192 -0.592209 0.079445 -0.050098 0.570656 10.849969 -10.609038 1
0.419927 -0.355757 -0.100909 0.442796 13.168160 -16.070342 -6.663520 1
0.233936 0.168910 0.479201 0.665981 -21.671240 -3.323321 6.559055 1
0.472655 -0.595984 -0.257053 -0.283359 0.219488 -10.011482 -9.050115 1
0.114863 -0.470237 0.249779 -0.266000 4.403469 2.831531 -21.666947 1
0.090134 0.247323 0.265404 0.125403 2.857281 17.512088 -2.945480 1
0.541043 0.792220 -0.097228 -0.377149 23.142979 -3.974069 11.403283 1
0.282572 -0.416181 -0.245948 0.105813 -25.079192 -1.085150 12.394119 1
0.115642 0.915606 -0.647389 0.055711 7.089936 -10.761018 -0.040544 1
0.081355 -0.571498 0.013796 -0.950569 -23.353059 8.792894 -6.801058 1
0.367829 -0.326737 -0.874434 0.291782 -4.567145 4.255849 5.299925 1
0.139629 -0.425891 -0.458659 -0.118852 4.439831 -18.164439 1.040201 1
1.352784 -0.434239 -0.008120 0.189284 6.824648 -4.464935 -11.122978 1
0.125255 -0.235227 0.279038 -0.298614 12.820181 -13.600010 -12.949897 1
0.401327 -0.104466 -0.521324 1.416990 -1.136252 -4.426334 17.471332 1
0.285734 -1.138641 -0.772378 -0.413959 -0.336521 -17.111953 2.345816 1
0.395651 0.576268 -0.451238 -0.229645 18.118953 -4.782303 -0.195744 1
0.293098 0.458570 -0.419102 0.514783 -14.177526 -1.370532 7.316706 1
0.087827 -0.615060 0.632454 0.235410 11.243804 7.597912 8.342497 1
0.145431 -0.823702 -0.408783 0.304819 -6.337975 8.723249 -19.511940 1
0.180115 -0.738115 0.676837 -0.378123 -19.084368 7.494058 4.752311 1
0.096200 -0.079812 -0.393996 0.009722 3.241428 -5.767723 -0.657353 1
0.666776 -0.585922 -0.399110 0.729019 -19.508982 -8.936557 15.784656 1
0.204329 0.076251 0.333343 0.108345 -3.260807 -9.114589 11.337818 1
0.115895 -0.037732 -0.231377 0.513326 4.844060 17.073869 -11.211453 1
0.093908 -0.206193 -0.459025 -0.436458 6.584020 -5.031410 12.094902 1
1.218377 -0.794957 -0.329720 0.506335 -3.426424 16.475855 6.026788 1
1.577937 0.280871 0.365480 0.418648 -18.671431 -13.455974 1.066876 1
0.624013 0.165605 -0.264642 0.464689 -8.952403 -6.377113 -14.827847 1
0.094581 0.340877 0.832433 0.386994 12.049928 -9.810587 2.965786 1
0.082735 -0.161089 0.019796 -0.684815 4.407586 13.277215 6.111585 1
0.117562 0.483883 -0.889984 -0.054630 -5.765051 -1.010752 -15.872438 1
0.104059 0.099030 -0.614336 0.163907 2.311352 -0.918097 -16.482718 1
1.175398 0.132193 0.149393 0.892417 -11.058921 -12.058785 18.735229 1
0.164169 0.836821 1.691415 -0.265930 9.797593 8.510680 -12.360850 1
0.291452 -0.475687 0.271143 -0.003906 -5.849739 -11.811728 -13.697542 1
0.206673 -0.317650 -0.329436 0.144096 -13.935995 -18.183173 -2.958306 1
1.289324 0.321834 0.833346 0.935695 17.459114 23.159282 -1.251606 1
0.086315 -0.190488 -0.028528 -0.454484 -13.526037 5.467549 -1.355261 1
0.235153 -0.012777 0.127333 0.448417 2.803787 -20.284819 -1.106452 1
0.115719 0.529963 -0.531711 -1.296760 16.019089 -14.591516 -15.338181 1
0.363410 -0.085695 -0.390474 -0.307364 10.853050 5.343174 13.272346 1
1.751386 1.048903 0.162912 -0.391846 9.722765 -5.824147 7.930955 1
0.207984 -0.345457 -0.161003 0.294090 8.008371 -1.667628 -16.754620 1
0.102911 0.304494 -1.034673 -0.385681 11.031801 -8.102956 9.892578 1
0.178659 -0.391601 0.991511 0.252843 9.003464 0.805733 6.413690 1
1.266026 -0.169729 0.655269 -0.544045 10.844030 -9.887202 -7.777655 1
0.304509 0.499727 0.173165 0.399595 -7.367967 -16.965784 -4.747718 1
0.111776 -0.043643 0.029425 0.258586 -14.862933 8.058667 -0.461002 1
0.518423 -0.952659 0.140499 0.809513 -13.821989 -14.222326 23.319182 1
0.412206 0.321000 -0.420608 0.361152 -19.379039 3.773604 15.008276 1
0.151101 -0.061257 -0.018259 -0.587350 10.556411 12.572103 4.859160 1
0.220913 -0.119224 0.837660 -0.028778 9.272846 0.886035 4.576448 1
1.412488 0.069634 -0.092698 -0.107017 0.384955 -11.644287 -16.044950 1
13.278585 -0.236842 0.643307 0.533566 -14.253820 -3.860715 10.089062 1
1.463321 -0.593942 -0.121524 -0.081454 -12.041485 21.080735 8.107278 1
0.120159 0.374714 -0.548748 0.592785 8.489033 14.904648 8.302026 1
0.365350 -0.185804 0.514752 0.173441 9.999631 -13.129533 8.755186 1
0.105973 -0.413290 -0.329562 -0.420631 -2.413305 2.621298 17.292383 1
0.295892 -0.680028 -0.389711 -0.009905 7.634483 8.044060 11.015990 1
0.206326 -0.475536 0.071418 -0.111904 2.260907 6.626945 5.389763 1
0.093712 -1.308013 0.415394 -0.124782 -1.658788 6.301522 -0.167743 1
0.095148 0.270763 -0.200256 0.454197 2.579101 16.807030 7.031919 1
0.206538 -0.040596 -0.916182 0.222856 -19.843904 -13.780614 6.140353 1
0.086877 0.343488 0.435303 0.598771 -5.961312 -7.919915 -8.769251 1
0.089099 -0.047830 -0.282903 0.931587 -5.744787 -16.070825 3.413559 1
0.510706 -0.711976 0.218768 -0.133193 -12.394152 12.637809 15.628120 1
0.209703 1.339547 -0.890865 -0.579923 16.870938 -3.286401 -4.570156 1
0.558090 -0.256727 0.836268 -0.031264 -5.279588 -8.337713 11.265353 1
0.094925 -0.017949 -0.308486 0.041420 6.101468 1.308601 -18.170272 1
0.169485 -0.007089 0.140197 -0.797624 2.104131 -12.334688 -3.382151 1
1.190304 -1.129237 -0.800203 0.305619 -8.432604 -15.414596 4.311526 1
0.229716 -0.244189 -0.439336 -0.054748 -10.298538 -17.480290 -4.378927 1
0.590880 -0.277870 -0.255688 0.357196 -25.238738 5.423709 -11.225001 1
0.480535 0.326372 0.048668 -0.035032 -5.283323 8.099101 0.015744 1
0.234429 0.042664 0.095606 -0.338826 -22.248010 -7.849174 -4.751608 1
0.582021 -0.856790 0.371795 -0.167192 -13.080736 9.376938 -20.525586 1
0.189197 0.489211 -0.620441 -0.620967 -0.098956 -0.207682 1.291923 1
0.259575 -0.595758 0.272201 -0.746108 13.531617 1.562744 -10.909278 1
0.447006 -0.293527 0.079931 0.177431 -20.266429 17.602900 -13.036749 1
0.147887 -0.436001 0.465624 0.219952 11.799727 -5.017395 4.177883 1
0.231699 -0.238440 0.384813 -0.056657 3.112397 -16.380264 -0.658243 1
0.453708 0.147221 -0.358525 0.013097 8.669633 -8.278138 10.714100 1
0.920339 -0.770162 0.838937 -0.830226 4.109637 10.881482 -10.625160 1
0.955703 -0.144342 0.216308 -0.180182 -3.550765 14.342336 16.398566 1
0.084577 0.443841 0.441992 -0.145731 4.152308 -8.055985 -6.499699 1
0.160624 -0.272165 0.262944 0.166843 2.419296 18.098040 12.742709 1
1.172148 0.803674 0.406996 -0.292825 13.094680 -1.532101 -23.552812 1
0.760534 -0.170274 1.671135 -0.094938 8.624269 19.935415 15.692456 1
0.114553 -0.567490 -0.535265 0.140783 14.165505 -12.621448 8.408288 1
0.117572 0.783226 -0.645848 0.027228 12.564927 -25.641481 -5.211586 1
0.762149 1.133328 1.907484 -1.615410 23.237538 32.477626 -9.612726 1
0.232792 0.419596 -0.754851 -0.201870 -1.245779 11.784059 -4.691223 1
0.215009 -0.009207 0.328916 -0.077865 -2.179523 -1.455390 0.067913 1
2.204810 -0.209379 0.058941 0.100370 -1.254922 22.619246 2.096445 1
0.129032 -0.787241 -0.599000 2.127110 2.690632 -18.104473 37.119989 1
0.374042 0.882904 0.429252 -0.318371 -4.485407 -2.956540 1.976747 1
0.205433 -0.035540 0.038926 1.186610 -14.271558 18.211073 7.350970 1
0.160079 0.292974 -0.572529 0.211912 -15.178371 6.521325 6.961259 1
0.136090 -0.911773 0.611363 -0.275202 -10.378669 -6.520733 13.252755 1
0.119841 0.337222 0.463557 0.059801 4.196146 14.486425 18.691632 1
0.201503 -0.887207 -0.174102 1.441608 -2.839335 -10.956550 11.248814 1
0.611073 0.350173 -0.034618 0.428019 -14.554030 -14.455440 -9.476272 1
0.115016 0.752392 -0.175044 -1.404078 7.508213 -14.757060 -11.124408 1
0.399244 0.537443 -0.654556 0.061640 15.180982 -13.232306 7.638872 1
0.131342 -0.572115 -0.374746 -1.004420 -2.383189 9.440287 -5.608639 1
0.174201 0.047721 -0.854188 0.673594 -0.519082 6.038170 22.534197 1
0.089275 -0.017538 0.120912 -0.099542 23.145753 -0.200648 -4.586767 1
0.438872 -0.119289 -0.404814 0.501745 17.615335 3.286163 -2.044627 1
0.085636 0.347336 -0.060251 0.198401 12.103647 -6.319279 -12.453768 1
0.582912 0.104301 0.049932 0.190868 -10.256089 1.871712 -4.174645 1
0.240412 -1.286670 -0.085187 0.179435 -12.531293 -0.833896 21.483981 1
0.226021 0.688504 0.128983 0.417801 -6.057475 4.749999 19.135438 1
0.107205 0.065462 0.424102 -0.276298 -13.761171 -7.583583 1.097513 1
1.102835 -0.114652 -0.012391 0.317045 14.788138 2.994980 23.635259 1
0.266126 -0.235309 0.720643 -0.081759 -20.198706 5.362620 -13.902521 1
0.409423 0.039633 1.268440 -0.610766 -10.254414 7.639013 -5.363459 1
0.089384 0.052105 0.317494 -0.366739 14.514395 -14.240216 -9.963900 1
0.113871 -0.243725 -0.421881 -0.253653 10.805528 -3.531975 -4.617408 1
0.746267 0.063845 1.569995 -0.074692 -3.109054 6.322020 -8.479169 1
0.219386 -0.601946 -0.752760 -0.407604 11.532389 -18.896356 -8.437185 1
0.439077 0.254449 0.078289 -0.445487 -19.312937 5.609533 -13.753496 1
1.444015 0.545804 -0.344511 0.068418 -0.789171 0.297677 -6.650356 1
0.102731 0.367245 -0.938419 0.576721 8.414927 3.767596 0.418054 1
0.202560 -0.433145 -0.877343 -0.315471 9.417960 -26.460464 -35.989392 1
0.091773 -0.237254 0.481741 0.084754 1.278759 -1.975943 -8.580608 1
0.159646 -0.702037 0.703673 -0.755475 -5.736277 -6.867797 -2.822616 1
0.210510 0.081484 0.642240 0.130074 -19.909016 -6.600671 2.238028 1
0.129464 -0.227693 0.573053 -0.300619 8.213600 -1.057448 -0.194938 1
0.235395 -0.351655 -0.418136 0.449189 -14.475158 12.822275 5.698856 1
0.392760 0.423969 0.272361 -0.419161 -9.608066 -13.576945 -4.364150 1
0.340464 -0.052293 0.269697 -1.039528 4.083233 13.759715 1.045660 1
0.558675 0.223466 -0.288099 0.271917 20.698492 9.393963 -7.167209 1
0.269181 -0.006163 0.053402 0.349386 6.912057 4.779434 13.639068 1
0.080832 0.220772 0.597574 0.350528 4.298781 7.536768 23.192388 1
0.161454 0.149711 -0.139167 0.032223 -18.587827 -10.861524 -15.238191 1
3.272843 -0.031375 0.032947 -0.028392 -8.075890 7.440099 -8.182547 1
0.126733 0.719525 -0.203125 -0.214341 -8.016875 -18.217647 -4.107471 1
0.147442 -0.505083 -1.467257 -0.524401 -2.762213 -26.391397 -0.624917 1
0.234874 -0.136839 0.471888 -0.474956 -11.792335 7.750561 9.474349 1
0.088322 0.338700 0.318884 -0.935004 -5.538690 5.310056 -11.348714 1
0.124823 0.278825 -0.196795 -0.739397 -11.698962 3.810016 6.651852 1
0.134972 0.670413 0.640094 0.490892 8.484881 6.478421 -1.490259 1
0.114632 -0.042369 -0.211372 0.410669 -3.389914 16.560902 1.413328 1
0.145861 -0.451724 -0.403428 0.497471 12.005417 4.747221 -7.080103 1
0.263366 -0.122686 -0.025208 -0.496960 -3.220473 6.759397 15.854056 1
0.973808 0.146316 -0.171924 0.033895 -13.557902 16.485266 -0.955215 1
1.966409 0.106981 0.069091 0.027752 -8.887208 14.947978 -9.690195 1
0.137245 -0.213024 -0.008810 -0.668298 12.799063 -2.921011 1.046655 1
0.175886 -0.256702 0.123152 -0.190383 -9.096265 -12.513967 9.639300 1
0.427154 -0.522679 0.026206 0.587171 0.597720 -16.305155 6.194697 1
0.305641 -0.491546 0.231621 -0.393142 -2.394625 -18.821313 -6.686567 1
0.126873 0.137564 -0.280913 -0.065708 0.357597 -0.548108 9.145309 1
0.202129 1.176935 -0.432838 0.702343 8.015750 -0.109839 20.057276 1
0.103947 0.758005 0.633424 -0.122948 -8.606143 13.520050 5.572973 1
0.160192 0.334584 -0.859269 0.371631 16.961459 0.759690 7.285681 1
0.087931 -0.496152 -0.070258 -0.288469 -8.587457 -3.995233 15.972568 1
0.201166 -0.416998 0.005056 0.245338 -16.501036 -15.557955 15.687265 1
0.129271 -0.085873 -0.447332 0.588661 -16.348640 1.689880 -8.547635 1
0.244547 -0.438218 0.140719 0.048977 -2.971520 -5.482578 24.952676 1
