0.789987 0.406815 -0.070573 0.261023 -8.715536 2.521304 -6.727079 
0.659595 0.444059 0.083718 -0.800326 -11.360603 2.215501 0.083836 
0.987106 -0.053892 0.154573 0.184153 -5.641242 -13.431291 -16.125402 
0.043442 0.757400 0.478508 -0.219732 -4.902095 -5.336934 -7.201488 
0.319200 -0.874885 0.383056 -0.077020 4.877299 3.526613 6.801074 
0.608922 0.358601 -0.092025 0.040307 -1.461260 -0.133834 -15.160102 
0.862696 -0.132963 -0.185309 -0.094268 -12.063670 10.869045 -10.244605 
0.581404 -0.376819 -0.359104 0.165194 -2.116586 12.695350 -20.314072 
0.448457 0.012850 0.053279 0.161984 15.087925 4.519820 -22.433205 
0.461195 -0.275210 -0.147571 0.317288 11.735165 11.833360 -20.835001 
0.538804 -0.230975 0.049930 -0.076316 14.968164 16.403368 -4.601291 
0.629667 -0.427767 -0.072300 -0.508547 5.593431 -3.934180 5.839015 
0.122893 0.253874 -0.171108 -0.094158 -21.040600 -12.837568 0.265005 
0.632701 -0.276284 0.046690 -0.052354 16.631695 6.561435 21.491568 
0.504819 -0.055109 0.274468 -0.174549 2.091939 -14.694125 19.968752 
0.437917 -0.209190 0.021131 0.071149 -6.136356 2.548611 11.854962 
0.277480 -0.302368 -0.376173 0.133682 9.250048 -1.433618 -19.517046 
0.170134 -0.034386 -0.063576 -0.343632 -30.280607 -9.135506 5.345178 
0.303114 -0.125951 -0.187481 -0.286229 1.066198 -10.866840 -8.472962 
0.667593 0.392429 0.044749 -0.119935 -4.558749 -10.665527 8.243545 
0.998794 0.641013 -0.143114 0.251437 -12.484545 1.636349 0.462370 
0.401274 0.144121 -0.289032 -0.326852 -17.080982 -7.557846 -12.170848 
0.829412 -0.163552 -0.190209 -0.514755 12.728409 -2.177102 15.280689 
0.034945 -0.356133 -0.334384 -0.319119 -4.600921 -5.718403 18.982601 
0.734039 -0.072393 -0.098830 0.408353 18.188242 -1.753000 -16.274805 
0.394417 0.590956 -0.311235 0.273621 -13.360396 -7.446307 -2.353857 
0.165372 -0.262548 -0.119504 0.114671 7.779733 -2.951257 -5.118375 
0.300634 0.229525 0.260288 0.216454 -6.168427 22.204203 -16.318695 
0.326876 -0.043485 -0.630330 0.012432 3.303592 8.307984 -12.868275 
0.310756 1.127093 -0.354508 -0.688764 0.508187 -8.364324 -2.539521 
0.901577 -0.040802 0.258455 0.096717 -16.213589 -15.549180 -5.056067 
0.971869 -0.541624 0.110622 0.476376 -11.714538 -0.694196 -19.506151 
0.622502 -0.163827 -0.270762 0.044625 -1.602374 -5.914712 -28.807533 
0.633972 0.301218 0.140817 0.499727 -14.588972 -9.168629 1.097327 
0.436742 -0.972139 0.216818 -0.039245 6.650239 6.802251 4.579272 
0.854284 0.039120 -0.161289 0.133034 -2.869829 12.510720 -4.165812 
0.380192 -0.795213 0.050716 -0.987165 4.194792 4.176814 -13.089602 
0.416903 0.163689 -0.297525 -0.025364 17.046642 0.948147 -6.087341 
0.201440 0.184751 -0.704031 0.381083 10.921642 6.495661 18.579561 
0.975593 -0.147293 -0.185727 -0.092818 8.542741 -1.392845 -6.436847 
0.728970 0.521711 -0.156194 0.601547 4.361607 -18.967726 -12.184429 
0.695564 0.022145 0.162593 0.078366 22.663681 4.858938 -9.167955 
0.257377 -0.150294 -0.013764 0.316413 -4.341720 -16.629726 -7.773321 
0.057255 0.283726 0.181751 0.062645 -1.762724 14.354088 16.672628 
0.285165 -0.016198 0.203568 0.415970 3.816088 12.815552 -10.895509 
0.139179 0.648914 -1.006649 0.702450 10.111396 0.019545 2.777110 
0.279393 -0.394858 -0.072445 0.199849 18.038179 -5.386439 -5.222018 
0.575961 -0.095304 0.292059 -0.225580 1.561126 -9.863813 3.069882 
0.397839 0.571668 -0.606422 -0.074526 -0.076924 5.802184 -5.356627 
0.547901 0.130055 0.143136 0.232899 -12.550757 3.602525 11.320237 
0.391222 0.237451 -0.294663 0.024269 -6.858585 14.571415 7.087685 
0.112921 -0.227077 -0.590039 -0.009984 -11.305782 -3.567381 -9.281077 
0.793480 0.116592 -0.040419 -0.138758 -23.267588 3.753154 4.241570 
0.058316 0.734818 0.076692 -0.132583 -10.101478 1.951579 10.279546 
0.705974 -0.215946 -0.043615 0.415918 13.050520 -10.471760 -15.783753 
0.795866 -0.994651 0.653315 0.521672 -5.639447 2.479539 1.742327 
0.044725 -0.069056 0.391187 -0.350173 5.905931 14.567546 16.407766 
0.383364 -0.216277 -0.393701 -0.011342 11.037540 9.609439 -22.677828 
0.257132 -0.034195 -0.110990 -0.029694 -15.585017 8.493382 15.414428 
0.185847 -0.685104 0.219481 -0.674516 -14.085259 4.379938 9.333292 
0.626215 0.128039 0.286012 0.140995 -17.455086 16.516079 10.490952 
0.845397 -0.120539 0.325361 0.032925 9.267928 -10.320090 -7.049638 
0.960382 0.264415 0.407799 0.505914 14.929983 -11.227741 -7.356918 
0.818413 -0.050057 0.264164 0.494017 10.481281 -12.523235 -7.623061 
0.357100 0.388525 -0.596361 -0.298084 2.621145 9.718349 1.994401 
0.279151 0.030868 -0.255635 -0.072078 15.489956 -1.118883 -0.714983 
0.994218 0.342397 -0.100203 0.307422 -3.176009 22.669355 -10.363088 
0.214880 -0.846646 0.709573 -0.299038 -0.561903 15.949193 -0.721705 
0.616602 0.469913 0.306243 -0.030329 -10.585616 -20.117447 -4.917436 
0.369131 0.148762 -0.004375 0.163085 -17.327042 -10.475430 11.810155 
0.722629 -0.065553 0.560690 0.700373 13.636229 -1.422318 -3.978060 
0.248328 -0.148385 -0.188297 0.014330 22.810911 3.781113 -7.954924 
0.675158 -0.029933 0.292639 -0.402960 -12.141026 -12.395516 13.545763 
0.960572 -0.011852 0.574818 -0.403263 -5.869508 -13.508577 -2.339330 
0.290170 0.100115 0.199503 0.126846 -7.431573 -27.619656 6.716140 
0.976489 0.146834 -0.059775 0.267086 -2.075449 -18.656574 -22.396528 
0.068353 -0.150854 -0.185918 -0.617129 5.334805 4.112214 8.826091 
0.103418 -0.020066 -0.128074 0.087620 14.440928 10.300096 -21.061237 
0.154252 -0.278039 -0.182194 -0.150440 0.432747 15.512693 -6.465754 
0.883116 0.187921 -0.206378 0.640452 -13.810183 11.189238 -8.459816 
0.735290 0.004832 -0.586903 0.298076 -12.850599 9.382499 -6.667375 
0.106333 0.617043 0.012950 0.346416 -5.044534 -10.066888 -17.272802 
0.254489 0.138689 0.544626 -0.099673 -6.143775 -17.731688 11.431406 
0.050639 0.084368 -0.114751 0.052113 -15.532562 16.424541 -13.271352 
0.104006 0.323346 0.192561 -0.472483 -7.241295 -12.739697 3.278299 
0.952048 0.422403 0.428384 -1.449368 12.133086 2.715372 -6.262746 
0.826104 -0.416964 0.806602 -0.387449 -9.432590 -8.412122 2.803131 
0.543322 0.488837 0.119998 -0.163268 10.076875 -18.496223 7.659440 
0.421453 -0.933112 -0.047714 -0.478716 6.108296 -0.675682 -1.043833 
0.278551 0.289875 0.024010 -0.015482 -5.973575 5.641617 12.486686 
0.751398 0.114884 0.444693 -0.346397 13.940699 -14.314737 -18.258537 
0.094418 -0.152731 0.376190 -0.305103 6.326180 -2.002225 14.025162 
0.774747 -0.444621 -0.561616 -0.512328 4.503946 3.766962 -7.171606 
0.314702 -0.558151 -0.448140 0.192552 19.738565 -5.511220 8.460595 
0.566859 -0.231015 0.040924 -0.070590 8.054173 12.521782 -29.203131 
0.170035 0.393018 0.089296 0.206735 19.429245 11.017953 -18.299137 
0.855795 0.334277 0.086301 0.242019 -23.992659 7.481905 -2.352444 
0.396343 -0.081976 0.083272 -0.170678 -6.230621 -0.234027 -11.057092 
0.338059 -0.158244 0.569782 0.162639 -0.412220 -2.496321 -0.206090 
0.029187 0.245627 0.125762 0.380151 -7.154459 1.926511 -12.800118 
0.431818 0.310998 0.186295 0.191099 -1.708198 -12.999198 -30.036036 
0.417854 0.327532 -0.106230 0.482036 -17.195236 2.957738 -14.078077 
0.855568 0.593707 0.590957 -0.353775 -9.473034 -1.177835 6.991951 
0.330107 -0.360609 0.387396 0.155982 5.421252 1.701487 6.811392 
0.286775 -0.653544 0.121369 -0.487770 14.496989 10.249486 0.119588 
0.529101 0.023075 -0.034209 -0.113739 -1.832108 27.247849 -1.475694 
0.821626 -0.176277 -0.015480 -0.078670 20.225811 6.774647 -17.030888 
0.531526 0.116229 0.246574 -0.171193 -19.227348 -16.931461 -0.057787 
0.337221 -0.090148 -0.372286 0.686128 7.343805 2.180692 -7.182561 
0.669106 0.160211 -0.068313 -0.139826 -11.859494 -1.664785 14.260270 
0.640948 -0.565806 0.098939 -0.767327 7.574381 -8.421481 -0.560483 
0.119456 0.498426 0.006897 -0.331429 -15.967546 10.625394 -2.058103 
0.044545 0.049308 -0.190618 0.419837 3.630553 17.014898 -1.582722 
0.661287 0.454948 -0.251640 0.217354 3.833232 13.899780 -7.330885 
0.762850 -0.301872 0.090009 0.069658 6.356750 24.877920 14.365542 
0.792429 -0.046148 0.240996 -0.668069 -17.322569 2.224964 10.594599 
0.166809 0.258148 -0.051947 0.354993 3.346689 8.346729 2.563187 
0.994279 0.729969 -0.335245 0.058138 -10.225757 9.808985 1.939163 
0.236430 -0.018872 0.510298 -0.898587 -8.580812 13.195776 8.740572 
0.887467 0.135624 -0.105242 0.718596 9.276527 6.221908 -15.576651 
0.690306 -0.282627 0.024404 0.324619 8.591269 -1.403085 17.050575 
0.725100 -0.073109 -0.713754 0.029780 -12.607396 14.840603 15.156481 
0.384654 0.129178 0.570633 -0.028389 3.128716 -17.022963 8.204461 
0.074477 -0.153461 -0.309734 0.068910 5.694696 10.460628 -23.595255 
0.219644 0.444651 -0.399971 0.601298 -4.726889 7.660937 5.622186 
0.054296 0.424664 -0.504829 0.146599 -13.098626 -9.935049 -12.378181 
0.095743 -0.407798 -0.378493 -0.334313 0.675172 -2.754466 24.817488 
0.180724 -0.071234 -0.515107 0.266171 11.163245 16.523193 -8.538735 
0.732151 -0.613279 -0.751292 -0.137635 -1.866030 9.056555 -2.317790 
0.918659 -0.494361 0.234206 0.585739 -1.596686 5.954365 1.923014 
0.280796 0.032347 -0.043140 -0.239335 2.636333 -20.029352 17.047670 
0.740659 0.531449 -0.256394 -0.756790 -8.795135 -0.409878 3.368905 
0.071722 0.412971 -0.362776 0.272388 12.367720 17.305590 -14.193011 
0.865125 -0.110655 0.279385 -0.126039 -6.878451 19.062115 10.575154 
0.017823 -0.046021 -0.169073 0.094674 -15.422565 14.761862 2.654214 
0.392429 -0.119808 0.618828 0.560466 3.118201 2.196054 -11.964355 
0.506943 -0.416743 -0.382988 0.166201 -16.344536 21.976263 -12.285601 
0.851017 -0.073176 -0.401643 -0.006961 10.921275 -2.237738 -9.747727 
0.982680 -0.888843 -0.098518 0.287993 1.607088 -2.838826 -5.997254 
0.265252 0.196185 0.164082 -0.186459 -14.840979 -8.243586 -5.964382 
0.452971 0.357726 -0.103215 0.296381 4.463176 23.253811 -6.440660 
0.329338 -0.413793 0.352524 -0.197814 -16.224094 -20.266567 -0.922515 
0.760046 0.170821 0.301066 0.691675 5.471067 -4.529130 -6.205779 
0.516611 0.354668 -0.267756 -0.049934 -18.304251 14.031083 0.898170 
0.559269 -0.180492 0.211280 -0.115602 3.572142 -3.547558 10.979718 
0.934246 0.380984 -0.821035 0.203987 -5.606437 -2.894997 20.561726 
0.904470 -0.177580 -0.192947 -0.020751 1.867424 13.480380 -11.653477 
0.257681 -0.146493 -0.277221 -0.350120 -8.624866 -9.307811 18.548958 
0.744064 0.115139 -0.061645 -0.019673 -23.591276 -6.807879 -0.945706 
0.146149 0.040204 0.231280 0.782887 -14.894773 -10.038719 -7.516050 
0.945040 0.257803 0.343682 0.167796 -2.018582 -18.075115 15.549211 
0.365361 -0.561813 -0.114873 0.423150 4.918293 3.821812 -5.170125 
0.972589 -0.428655 0.270693 0.131889 9.097401 17.262028 -7.451648 
0.534650 0.119157 0.252109 0.188283 -13.201507 2.580940 -18.573551 
0.566162 0.169432 -0.359723 -0.130641 3.581704 8.661907 18.063211 
0.858721 -0.009715 -0.291311 0.007112 -0.273201 7.674159 31.175468 
0.825426 0.758139 0.398521 0.835260 -7.745934 7.494388 1.607919 
0.530991 0.192027 -0.416842 -1.491560 9.308066 3.284639 -9.689215 
0.537827 0.009869 -0.287266 0.029593 -13.800708 -8.840279 8.969419 
0.667461 0.164655 0.321889 -0.188744 -0.366916 -6.117894 3.605095 
0.020935 -0.381359 0.100251 -0.297255 2.274473 -19.476707 4.225336 
0.479204 -0.411289 0.060785 -0.519246 -9.471320 -9.662122 6.786441 
0.930664 -0.774539 -0.532477 0.746219 7.045208 -3.894391 5.651756 
0.119851 0.173646 -0.302524 0.157657 -19.912779 9.049598 7.795860 
0.760680 -0.062917 0.586155 -0.126481 26.737249 4.229715 0.773598 
0.695361 0.308229 0.038104 -0.131767 -15.603285 -5.648863 17.603106 
0.694281 -0.243273 0.401659 -0.375135 -4.514607 -9.220830 -0.555527 
0.830399 0.345594 0.408122 -0.148056 -16.442915 14.283385 3.618263 
0.580485 0.168666 0.016270 0.067052 6.036211 -2.054938 -0.871639 
0.391083 0.116590 0.235566 -0.165463 15.379843 4.439506 -3.040502 
0.710626 0.116128 0.214036 0.409021 -7.165878 -3.306388 7.626773 
0.516106 -0.400501 0.503536 0.311113 2.683836 8.954777 -19.021593 
0.010596 -0.185592 0.195178 -0.321789 -16.802984 -7.948618 12.557566 
0.898727 -0.792417 -0.305594 -0.165971 9.131631 -4.460004 -11.326842 
0.470887 0.203319 0.042675 0.211778 -1.304031 -1.127740 9.493654 
0.037019 0.193503 0.367010 0.269371 16.090763 0.630313 -5.281499 
0.928119 -0.157192 0.401935 -0.349421 0.156181 -9.997625 20.026913 
0.790214 0.722502 -0.707538 -0.084358 5.500757 2.647165 19.592422 
0.206503 -0.068175 -0.032141 -0.299259 8.483002 -19.770710 5.878059 
0.677948 0.817681 0.287847 0.209910 -6.251126 -1.605140 -12.220702 
0.343939 0.082548 0.157613 -0.293401 -26.489605 -6.471093 -0.669434 
0.719101 -0.347498 -0.211660 0.034034 -9.479297 25.302404 12.354501 
0.006676 -0.033554 -0.149529 -0.124609 -7.597996 15.687503 22.721672 
0.770202 -0.429905 0.455634 -0.210042 2.970967 -10.469829 14.370301 
0.350173 -0.253076 -0.579669 0.047200 -1.923857 -3.390902 11.477331 
0.458147 0.181931 0.067996 -0.087567 -8.042543 -0.484696 1.808599 
0.158447 0.058311 -0.246321 0.499830 10.339413 17.066906 -9.484168 
0.219087 0.237203 0.341292 0.376794 -19.614794 -10.604385 9.692345 
0.871152 -0.157440 -0.001029 -0.073638 -3.283747 -15.039737 4.642009 
0.550398 0.031937 0.071034 -0.156665 6.252454 -6.850710 3.430672 
0.024337 -0.110059 -0.077238 -0.098430 -7.352731 17.477900 4.831368 
0.042737 -0.310708 -0.585506 -0.417179 12.222238 6.891664 6.755260 
0.019484 -0.340070 -0.006705 -1.238446 -0.587694 -2.378090 -0.976687 
0.072753 -0.189190 0.403618 -0.287225 14.779860 -5.779243 11.990983 
0.752032 -0.693966 -0.267316 0.153980 6.181308 9.328719 14.490625 
0.337426 0.589287 -0.428491 -0.140667 -6.570060 -20.936914 19.160585 
0.149374 0.634734 -0.328923 0.180890 14.092313 13.092944 11.938783 
0.391295 -0.367570 -0.445430 0.116351 20.330853 4.217408 -2.716967 
0.112933 0.175028 0.116431 -0.313718 -26.831066 9.263479 -9.627413 
0.419182 0.235414 0.025504 0.198507 0.736975 9.026756 23.994545 
0.148705 0.254928 -0.034642 0.471477 -9.156788 -1.857406 -20.483675 
0.859872 0.000020 0.602656 0.536870 13.293873 4.003999 -4.971659 
0.821281 -0.150764 -0.014631 -0.242794 7.771001 5.210588 18.951721 
0.485809 0.240009 0.083202 -0.311903 11.826125 0.604183 10.404836 
0.858760 0.261442 -0.212859 -0.106302 -7.134912 12.834962 14.994981 
0.874537 0.339075 0.807988 0.575643 -7.289244 0.754971 -6.641026 
0.019092 0.060175 0.422856 0.281842 -19.180946 -15.476964 -2.605077 
0.021336 -0.856445 -1.193842 -0.414463 -9.793086 -12.890341 12.605934 
0.386869 0.751809 -0.090687 -0.210654 -3.101342 11.359853 8.340779 
0.243270 0.211649 -0.171843 0.253881 8.309259 4.455675 -11.213276 
0.866022 -0.202926 0.084882 -0.244982 -24.918598 5.575462 -10.723360 
0.310904 0.066939 0.331716 0.772833 21.474527 6.121256 -4.144682 
0.085471 0.149298 0.324732 0.401654 -5.831188 8.320597 -9.982924 
0.421755 0.188228 0.292477 -0.260520 -8.394395 -22.736197 4.523006 
0.034771 -0.889688 -0.629104 -0.667628 -10.906000 -6.151369 6.780819 
0.908974 0.306258 0.409846 -0.330687 -4.429853 -13.777534 3.543331 
0.107847 -0.239234 -0.124603 0.390963 -3.029865 -15.636115 -9.375367 
0.771082 0.265641 0.005258 0.301086 -5.763486 11.469231 -19.657249 
0.004738 0.772638 0.590028 -0.431965 -5.629034 3.819897 8.480852 
0.452854 -0.790819 0.319265 -0.117658 -5.210065 5.589809 -5.024708 
0.118981 -0.023200 0.005191 0.213215 19.340012 -14.230844 -9.681825 
0.809881 0.265678 0.058374 0.489703 -2.196325 18.429485 2.908344 
0.443216 0.403267 0.088842 0.409507 -17.009018 -9.526781 -11.119825 
0.992835 -0.418010 -0.454369 0.280308 15.815255 -9.448119 -16.453808 
0.157275 -0.036288 0.087353 -0.337952 -2.788066 -17.613813 3.360238 
0.963527 0.431744 1.125100 0.718280 -6.438639 9.283435 -0.661182 
0.772777 0.326032 -0.990374 -0.528171 11.584785 5.464436 -4.226603 
0.655859 -0.465768 0.296487 -0.822434 -17.797544 -8.462028 6.721152 
0.540122 0.547242 0.302844 -0.096084 -11.221516 -9.212806 -1.180066 
0.963484 -0.286991 0.257710 -0.191056 20.164574 -4.142194 -2.981254 
0.297241 -0.458602 0.266645 -0.117148 21.469120 -2.800049 4.127918 
0.909012 -0.159290 0.006066 -0.079298 14.820868 2.850441 -13.611103 
0.348033 0.100601 0.128904 -0.311135 -15.005064 -2.056588 10.430676 
0.812206 0.173051 -0.817142 0.007894 -7.405562 12.742833 -5.598075 
0.360823 0.106910 -0.016053 -0.345775 -9.288570 5.852324 -5.421793 
0.554627 0.543360 0.352268 -0.005924 -3.368809 -0.372271 -7.627622 
0.405549 -0.052468 -0.279367 -0.454293 -22.267109 -11.399192 -0.850661 
0.718791 -0.161654 0.205895 0.126080 22.203001 10.056772 -15.097940 
0.060227 0.000932 -0.146085 -0.735208 -3.215903 -7.826929 2.586863 
0.537041 -0.101974 -0.599739 -0.309838 5.993137 10.264415 16.321484 
0.580908 -0.400446 0.039402 0.167896 22.444447 -7.158438 -8.867413 
0.574063 0.230367 0.066114 0.321645 -4.286140 5.671154 -18.190928 
0.253205 -0.360241 1.092566 0.111569 10.557369 4.384357 -8.505402 
0.055791 0.442246 0.232281 -0.185942 -22.124308 -1.819927 -5.765197 
0.370161 0.028547 -0.479188 -0.062886 4.882257 10.333567 10.153111 
0.321911 -0.278954 -0.233872 0.095148 -19.464766 16.084597 -9.194789 
0.365430 -0.235135 0.262753 -1.257213 6.791583 -3.952622 -5.922837 
0.299493 0.214110 0.064825 0.767434 -15.286514 0.637155 -4.677734 
0.396954 -1.183156 0.821805 -0.480153 -14.231096 -0.806310 -2.841002 
0.035037 -0.166307 0.161348 0.268755 15.562157 5.191412 -13.243241 
0.398618 0.067482 -0.093517 0.302275 13.387548 23.269407 -9.529952 
0.278234 -0.106612 0.235739 -1.034611 -2.761911 -0.661995 6.002839 
0.961317 0.340668 -0.267819 -0.226339 -1.445135 3.138023 15.381344 
0.578880 0.279255 -0.033122 0.343731 -5.570221 7.151513 -10.691861 
0.173955 0.273500 0.234861 0.478261 -12.888505 14.148112 7.192052 
0.731486 0.468402 -0.429491 0.392129 -10.766013 -4.516053 0.738390 
0.297408 0.256197 0.283516 0.098781 5.657439 -21.258108 -13.780961 
0.304124 -1.012058 -0.566334 0.382176 -5.369728 6.985247 -4.879214 
0.728252 0.168771 0.151828 -0.315544 9.278347 -10.354474 8.522975 
0.925053 -0.220959 -0.087771 0.296477 12.071917 -5.917776 -1.019334 
0.008297 -0.427942 -0.438070 -0.225018 -7.880166 -5.171581 15.276984 
0.392138 -0.384629 0.178407 -0.041253 0.135542 -17.201681 3.160085 
0.722049 -0.116016 -0.386492 -0.608062 -6.568945 3.607411 15.050373 
0.523079 -0.378065 -0.367304 0.241664 1.398474 12.169974 -0.425665 
0.019319 0.558488 -0.441257 0.386500 -7.665703 9.642566 -1.450961 
0.038802 0.059671 1.337700 -0.025241 -0.651811 17.734600 -4.068919 
0.260288 0.412196 0.414578 -0.057366 9.873619 -10.121193 20.937689 
0.620508 -0.064807 -0.274463 -0.323176 12.176073 3.369127 22.845795 
0.500354 0.028919 0.192380 0.466016 3.151089 -18.275223 -10.339524 
0.579786 -0.002804 -0.107124 0.057442 10.839071 -10.425744 2.369148 
0.403479 0.111053 -0.454389 -0.474766 -8.612432 7.584144 -9.951102 
0.479195 -0.439356 -0.721249 -3.848923 -16.324987 -9.131860 -96.884903 
0.943596 -0.309291 0.159831 0.542170 -13.998237 -9.415070 -3.092323 
0.483962 -0.284842 1.207434 0.228405 5.269838 16.004435 -17.172016 
0.182097 -0.470342 -0.154317 -0.496494 4.476603 4.092660 9.822313 
0.338273 -0.071325 0.267245 0.011853 -4.481118 -11.986440 -6.608309 
0.420601 -0.189937 -0.252219 0.297856 14.427649 10.252460 17.087765 
0.652905 -0.490066 -0.737382 0.453497 -13.171519 5.759450 -9.799789 
0.099707 -0.274719 0.024371 0.373416 -1.533150 17.362026 -16.865658 
0.316419 -0.016483 -0.214610 1.347001 9.648328 -11.643131 10.969886 
0.221117 0.205233 0.008973 -0.343276 -9.347505 -7.354760 9.696175 
0.745456 -0.209184 0.024339 -0.106395 8.174693 18.392702 10.814485 
0.706238 -0.214769 0.953577 -0.277041 -1.588844 0.387831 -3.120451 
0.999025 0.125428 -0.298060 0.074048 3.920370 16.706621 -13.058762 
0.184900 0.365635 -0.478592 0.387836 2.736877 9.092192 -18.146210 
0.544072 0.085935 -0.184381 0.012357 11.204817 11.525203 13.572761 
0.810579 0.453838 0.349856 0.019571 8.337231 8.445689 3.349447 
0.337042 -0.479434 -0.096192 0.110978 0.725776 12.427394 15.786263 
0.134496 0.126798 0.152383 0.167197 14.108072 12.763798 -19.708941 
0.438101 0.219136 -0.565664 0.382025 -12.582691 12.025779 1.381165 
0.899968 0.566019 0.684459 0.400369 5.258775 -14.111971 7.288487 
0.147625 0.082396 -0.329597 0.039107 -0.141289 10.134918 -3.970183 
0.024360 0.135841 -0.501879 -0.777819 12.308390 6.656616 5.291707 
0.864129 0.674789 0.119647 -0.655224 3.373433 1.355399 8.524773 
0.884475 -0.278708 0.087242 -0.283973 19.033054 -6.957412 -5.654345 
0.169235 -0.145967 -0.251980 0.688660 13.319484 10.592694 3.401207 
0.794473 0.125179 -0.070195 -0.089456 0.473762 14.111158 7.899806 
0.987811 -0.094314 -0.583402 0.367058 -12.075665 16.076921 0.560986 
0.548565 -0.001664 -0.321597 -0.016123 -24.714998 9.665597 3.527734 
0.846897 0.707983 -0.216803 0.577605 -10.363357 4.826107 -3.547832 
0.021832 0.004868 0.585194 0.416436 0.095454 -4.849827 -2.906345 
0.099300 0.392604 -0.048792 0.564629 10.334357 12.368861 4.550150 
0.432895 -0.731626 -0.023391 -0.312070 6.798362 -10.761884 6.847590 
0.896915 -0.068562 -0.336852 -0.258184 6.097733 -16.713617 -8.545712 
0.899157 0.509858 -0.189193 -0.613725 -5.899468 3.994268 -9.344326 
0.957621 -0.084374 -0.328856 -0.198574 -7.781454 1.241905 -6.746512 
0.982298 -0.713073 -0.286843 -0.183800 1.407925 -2.451615 17.181196 
0.602898 -0.442808 0.083490 -0.221457 14.978198 -10.568295 10.345763 
0.082677 0.406159 0.389929 0.147823 9.975204 -21.832882 2.706546 
0.146185 0.494832 0.014890 0.023835 -14.834866 3.608145 16.338373 
0.589030 -0.098724 -0.500857 0.313008 -3.357096 17.420395 -2.118032 
0.228468 -0.383487 -0.125999 -0.274411 3.393615 20.299189 14.633679 
0.134783 -0.307964 0.029618 -0.096019 20.007353 -10.491021 7.806127 
0.986116 -0.294994 0.027486 -0.854213 13.415691 -16.906456 -9.170001 
0.656415 0.456562 -0.327154 0.563760 -1.223841 12.129863 -10.630162 
0.472126 0.173604 -0.686732 0.466404 15.927951 2.683062 18.715435 
0.229579 -0.249330 0.304629 -0.022509 5.390867 8.465172 -9.157033 
0.970015 0.478248 0.153588 -0.482558 0.193737 -4.274140 -1.221626 
0.629349 0.475703 0.478376 -0.279142 -7.704377 5.183990 14.740125 
0.517496 0.318665 -0.407649 0.238676 1.264476 14.416894 19.441872 
0.255452 -0.096171 0.115798 -0.117849 -0.269929 -12.701192 18.437431 
0.498814 -0.249215 0.249470 0.251117 19.303370 5.975004 -8.451604 
0.734834 -0.096755 -0.577050 -0.328506 -15.424040 1.846419 -9.073682 
0.227837 -0.280790 0.000162 -0.534115 4.486168 -3.875099 19.110092 
0.277000 -0.228371 0.059817 -0.091510 2.839622 -23.292414 15.024664 
0.769298 -0.344662 0.121467 0.084351 17.944836 -8.382751 3.467630 
0.150668 0.185794 -0.091475 -0.025004 -23.264826 -4.403902 18.955303 
0.208727 0.343600 -0.182182 -0.146779 3.531556 19.757240 14.044900 
0.075106 -0.079286 -0.963934 -0.883700 -1.491765 -1.079848 -1.498334 
0.369734 -0.085823 -0.166834 -0.109521 22.508223 -6.559711 3.105208 
0.146125 -0.084927 0.546091 0.563851 -1.724978 -15.626304 1.484629 
0.741268 -0.307737 -0.397769 0.064500 6.098545 15.419833 8.789441 
0.976514 -0.157862 0.205687 0.541921 -1.748800 -1.811427 -3.501989 
0.872519 -0.271742 -0.334229 0.144135 18.147820 -0.200604 -10.153224 
0.970334 -0.723351 0.609603 -0.172707 0.435856 -0.619286 9.310382 
0.122958 -0.067313 -0.647388 -0.267203 -0.744022 9.798023 9.970451 
0.750728 0.804802 -0.222893 0.288953 -3.662488 4.634322 -2.437699 
0.405998 0.396252 0.220777 0.504447 -1.446615 1.930661 -8.923827 
0.187830 0.609903 -0.134732 -0.065766 -7.146690 4.591236 0.143942 
0.684918 0.147706 -0.385435 0.138572 -6.751457 4.092647 -14.830474 
0.347222 -0.258926 -0.482584 0.754390 -15.392878 10.002603 6.669933 
0.155626 0.228670 0.490630 0.077329 0.870804 -24.975782 4.600887 
0.869994 0.165659 -0.215886 0.062726 -14.591823 -2.206290 16.400267 
0.660109 -0.556888 0.011367 0.087562 -0.991727 -15.017686 9.502737 
0.464124 -0.433273 -0.055463 0.105635 4.502727 17.061388 -5.665386 
0.250073 -0.239123 0.237466 -0.182553 -20.776306 -16.861721 7.554124 
0.377718 0.334481 -0.212920 0.501576 -22.482794 4.125632 -4.107831 
0.376629 -0.309481 -0.347809 0.263346 11.013417 8.896456 -11.028532 
0.041127 -0.263016 0.324845 -0.006061 -10.011106 -5.407621 0.971978 
0.943690 -0.252882 0.176882 0.419228 -10.950881 7.723495 -18.156460 
0.014199 0.234891 -0.734279 -0.213904 12.880493 6.130368 5.469736 
0.592234 0.625938 0.107161 0.034919 10.849804 5.742577 -10.821254 
0.822610 -0.023157 0.058237 0.344373 -7.583076 -11.063585 3.882703 
0.429009 -0.933762 0.794645 -0.708018 -4.399739 2.380383 -1.402603 
0.643806 -0.204825 -0.294037 0.485166 6.454228 10.046433 -9.197170 
0.107449 -0.587687 -0.318433 -0.436632 -6.335726 -5.687297 10.842325 
0.053034 -0.499980 0.358244 -0.244382 14.387799 -8.247713 -19.955317 
0.196606 -0.571233 -0.719015 0.858460 -3.060542 1.123349 -1.463896 
0.248013 0.182414 -0.368692 -0.475777 -14.693892 -1.747043 10.682681 
0.464826 -0.378582 -0.149576 0.181045 21.528746 -15.182764 -10.787658 
0.407432 0.084959 0.564699 -0.273493 6.932289 11.485318 22.222239 
0.740531 -0.062413 -0.139097 -0.416217 25.218697 -6.435769 2.739805 
0.592785 -0.561478 -0.118490 0.035758 18.750349 11.126171 1.568811 
0.228348 0.433738 0.000746 -0.219111 5.324605 3.367960 20.454388 
0.844594 -0.599035 0.165020 0.606736 -9.618407 -2.289586 -11.970325 
0.118156 0.103745 -0.140093 -0.581351 7.360963 9.014692 10.651917 
0.401344 0.046829 -1.263464 -0.546773 -3.666833 -5.041758 -0.596628 
0.054213 -0.457959 0.034358 0.563490 1.994449 -16.475191 -0.643053 
0.065028 0.415211 0.516887 -0.642090 10.819364 -7.194769 10.580631 
0.379483 -0.525445 -0.272727 -0.580766 3.454403 4.564231 -4.046647 
0.137260 0.132131 0.378672 0.436999 20.031263 -3.319218 -8.027023 
0.134832 -0.475266 0.360107 0.197308 -0.104498 -4.800489 -19.149719 
0.081922 -0.191270 0.420398 0.265131 8.416799 -9.503497 -4.567574 
0.800659 -0.084134 -0.808347 -0.492909 6.098041 7.775741 0.681436 
0.695787 -0.301100 -0.709102 -0.002570 -10.434790 -14.658072 22.774212 
0.980403 0.828090 -0.093158 0.597803 -3.621247 1.845444 -4.780432 
0.349570 0.067912 0.299891 -0.057898 16.891325 -14.568151 -18.165928 
0.857238 0.178211 0.781833 -0.124314 4.258954 -10.119480 -11.621884 
0.922440 -0.298212 -0.406689 0.119076 19.080359 13.074993 4.665391 
0.684270 -0.378116 0.458442 0.688282 -5.365397 -13.834877 0.228721 
0.071821 -0.132543 -0.504221 -0.090939 11.728518 -1.164042 6.776567 
0.538456 0.209401 0.125221 -0.975452 -8.782575 -17.960182 -7.931038 
0.933733 0.674517 -0.238802 0.248983 -5.611373 -10.439961 5.657883 
0.375857 0.107980 -0.004135 0.296851 7.234713 7.530152 -19.277666 
0.867538 0.015482 0.370435 -0.608291 -8.308761 -11.295896 3.696706 
0.296522 0.097735 -0.228658 0.060765 2.541895 -7.968727 21.656816 
0.046151 0.593400 -1.188881 0.483205 66.015709 -102.585876 -10.479702 
0.269741 -0.681805 -0.267586 -0.262996 3.502176 -4.734952 1.669127 
0.047358 -0.218391 0.325055 -0.049411 -1.753630 -8.929305 -20.765106 
0.344316 -0.818776 -0.688927 0.641203 -26.459967 8.651604 1.390513 
0.676338 0.238390 -0.145583 0.440632 5.736618 19.250460 -9.937811 
0.069267 -0.034128 -0.108853 0.101168 5.609809 -19.630657 4.347703 
0.524885 0.056080 0.195812 0.172288 -12.570565 -14.652729 18.108389 
0.897974 0.294984 0.230865 0.340584 -16.711161 -19.119911 2.668618 
0.634988 -1.090464 -0.110023 -0.125601 -0.893493 -4.470334 -8.794344 
0.460521 0.216231 0.266310 0.229572 -8.051489 7.154993 1.186871 
0.355899 -0.141486 0.901235 -0.018838 -8.741038 -6.721125 -6.895131 
0.702576 -0.351443 0.426657 0.954972 1.851761 -13.998225 6.848471 
0.917172 -0.505833 1.000897 -0.347488 9.720448 2.817352 -10.093322 
0.152591 0.496566 0.241348 0.162095 -9.943998 -5.817038 -3.975428 
0.655907 0.239191 0.424334 0.520526 -2.821731 6.658185 -22.143734 
0.424638 -0.125058 0.056170 0.216534 28.151833 2.267946 -6.325304 
0.775964 0.026943 0.152497 0.464965 3.481422 9.304563 -20.652073 
0.888528 -0.507541 0.116669 0.564410 1.727640 -17.372217 -6.826361 
0.997403 -0.357490 0.433823 -0.298544 -9.673567 -17.385365 -1.885752 
0.685015 -0.331939 0.507251 0.548674 -2.250661 -12.128740 5.312768 
0.458573 0.210270 0.017648 -0.254493 -3.062147 12.175003 -5.192596 
0.370787 -0.280116 -0.234788 0.113415 25.331032 7.281559 1.089212 
0.965812 0.489661 -0.150141 -0.157408 -10.580165 16.626457 -1.148368 
0.127356 -0.105605 0.296571 0.205071 5.611811 -22.045387 15.033987 
0.574782 -0.499066 -0.266732 0.210060 22.647514 -3.863768 -1.077318 
0.985796 -1.605450 0.403183 0.269888 -16.463976 -4.555327 14.141985 
0.314139 -0.191435 -0.165086 0.151363 -18.159101 7.620366 6.451131 
0.566827 0.417903 -0.347546 0.286264 14.599176 -1.073860 -21.495199 
0.109811 0.163421 0.640106 0.294261 19.528011 -8.699206 -6.121633 
0.653947 -0.066521 0.198078 -0.530023 -2.812396 10.873883 19.844629 
0.379125 0.117255 0.019860 0.137078 -20.167465 9.870028 13.571854 
0.784139 -0.909740 -0.015643 -0.127335 10.533074 8.404569 -0.890754 
0.810795 -0.339805 0.415047 -0.040073 -5.813931 -1.410915 19.441971 
0.338071 -0.018568 -0.267289 -0.223459 18.459557 -1.739504 10.408749 
0.778489 0.132961 -0.036056 0.321727 -6.066356 8.613038 -24.735388 
0.966874 0.477569 -0.061930 0.404983 1.593067 11.864818 -15.034670 
0.287610 -0.499256 0.112082 -0.251076 6.915608 4.398985 19.653667 
0.039579 -0.269698 0.455765 -0.449632 1.813681 -3.946068 8.771303 
0.729162 0.400679 0.747055 0.614687 7.929197 -6.727120 0.828504 
0.525732 0.171117 -0.570004 0.118797 -2.395512 8.884526 -5.912841 
0.426709 0.032500 -0.800141 -0.164544 -0.097715 0.516004 10.457921 
0.587304 -0.605665 -0.380511 -0.122897 -14.257011 10.868896 13.181407 
0.876356 0.214225 -0.185329 0.577123 -2.144204 12.147693 -13.377441 
0.998943 0.044403 -0.074073 0.211214 2.379891 -2.686169 -3.895108 
0.342669 0.172289 0.130080 0.062135 7.969926 4.372111 1.469294 
0.507796 0.303152 0.165580 -0.153563 -1.137649 11.575659 7.180967 
0.785819 0.160995 -0.311620 -0.017913 -9.715349 0.070541 -3.736539 
0.246030 -0.413520 0.076814 -0.084030 13.771690 13.298037 10.287565 
0.359520 0.105065 -0.060842 -0.080448 11.393039 -13.682970 -6.205582 
0.726122 -0.600722 -0.365192 0.455709 -13.518039 20.744061 7.677660 
0.931352 0.126517 -0.667204 0.513899 -14.329705 -15.980047 0.998815 
0.355546 0.040680 -0.168302 -0.019511 -4.032796 -10.727407 9.127197 
0.922371 -0.147810 -0.179998 0.001207 22.173397 15.405007 -8.441126 
0.094666 -0.407192 0.744384 0.572973 5.434995 4.196603 -9.777326 
0.053625 0.553085 -0.503300 -0.198570 -5.879880 1.960499 7.281615 
0.781784 -0.739659 0.671170 0.274698 4.985747 -5.572947 1.964430 
0.397986 0.448478 0.549866 0.480548 15.872746 -10.736173 -2.352913 
0.734650 0.166625 0.362612 0.450521 -2.610940 -2.658457 -12.734727 
0.613660 0.557843 0.500306 -0.388467 -2.159975 -8.317774 4.720772 
0.719989 -0.027479 0.328885 -0.089750 -10.531727 -18.880096 6.027615 
0.552602 -0.954319 -0.199430 1.257256 -12.571309 -8.285621 2.833528 
0.787409 -0.259781 0.861993 -0.004203 13.883265 10.088279 10.113570 
0.483415 1.022536 0.647741 -0.217907 1.691942 5.111670 4.873518 
0.937130 -0.505989 0.341408 -0.242207 4.670724 -8.393406 19.377378 
0.587475 0.297776 -0.225623 -0.534579 -3.344383 12.492007 13.427292 
0.825347 -0.341932 -0.528156 -0.043972 -2.260304 -7.390433 -9.731771 
0.289660 -0.319466 0.543904 -0.194430 17.059353 1.127284 -7.991238 
0.959632 -0.280807 -0.129176 0.277923 -1.204065 13.986887 -18.183872 
0.356233 0.245529 -0.271396 0.076706 -14.356302 16.040411 3.934191 
0.022357 -0.000075 0.221594 -0.353580 -15.913683 -8.055444 7.027792 
0.048309 0.236421 0.145342 -0.033285 4.963715 -22.170856 -12.172488 
0.718386 -0.731348 -0.564430 -0.138720 10.494243 -5.241980 -6.460540 
0.283221 1.896762 -1.115132 -0.637087 24.245466 -25.274815 -26.709076 
0.310528 0.355128 0.007064 0.402632 -18.740574 12.736754 -1.329579 
0.642153 -0.404900 -0.270687 0.097010 14.322425 -4.878498 -7.412554 
0.508837 -0.539868 -0.800096 -0.053015 0.686714 5.324460 9.716990 
0.973756 0.261059 0.313990 -0.088438 -20.304886 2.291919 -17.360556 
0.825948 0.204827 -0.168515 -0.166189 -16.721764 -0.515363 7.297144 
0.930474 0.347378 0.297664 0.064570 6.989982 -11.429106 9.279301 
0.327556 0.392836 0.639521 0.324306 -19.086044 10.212602 0.732626 
0.378033 0.634557 -0.134420 -0.032218 -15.769372 -3.709820 -2.196592 
0.996786 -0.248465 0.048805 -0.217646 13.721447 -4.826288 4.277882 
0.335836 -0.500877 -0.026953 0.270181 18.043591 -4.156228 -8.125977 
0.226276 0.681496 -0.258657 0.234581 -8.092469 12.826525 -7.225030 
0.005512 0.124948 -0.068694 -0.020806 12.448084 16.828272 2.718813 
0.984438 0.030343 -0.217816 -0.552064 -1.535826 19.873219 2.146309 
0.193822 -0.472542 -0.015885 -0.066938 10.088189 -12.827530 23.315657 
0.864457 0.470869 -0.252730 -0.376719 -10.797036 -5.877756 0.638103 
0.889722 0.133863 0.630803 0.248825 1.134970 -7.869347 -16.869825 
0.127815 -0.208591 0.565034 -0.155951 10.733538 -13.988126 5.236575 
0.927712 -0.274758 -0.600944 0.063438 9.042382 0.472346 -3.438210 
0.132022 -0.606563 -0.794583 -0.039274 -1.403966 3.447634 -8.978305 
0.122783 0.463419 -0.035319 0.542356 -16.783875 11.279321 -5.525002 
0.327814 -0.056274 -0.263375 -0.204693 -6.412084 -4.039773 7.142706 
0.239992 0.351478 -0.407180 -0.128829 -6.425436 5.043549 20.310869 
0.932337 -0.114046 0.179219 -0.613117 9.592400 -13.546765 9.812160 
0.758346 -0.986177 -0.193363 -0.945754 -4.539989 0.681124 -35.224461 
0.007382 0.369044 0.285083 0.257883 -17.559446 7.113707 16.670355 
0.993873 -0.124112 0.128147 -0.055967 -4.449244 19.269823 -3.112772 
0.876781 0.031248 0.207926 0.333043 -9.227258 -10.126330 -8.733875 
0.769365 0.194874 0.413470 0.560715 0.308433 4.346729 -15.664699 
0.027998 -0.197729 -0.047063 0.342080 9.051837 -20.182713 -5.960352 
0.810450 0.038431 -0.037150 0.250483 -4.494641 17.534834 -4.074347 
0.038031 0.688659 -0.029311 0.204250 -13.611102 8.583944 -5.025150 
0.190941 -0.240307 -0.196422 -0.156160 15.610290 12.325658 -15.058029 
0.423984 -0.468327 -0.104305 -0.312310 4.686691 10.110709 -3.590471 
0.105215 -0.139086 -0.021751 0.038797 -1.831117 25.983662 -6.486776 
0.327922 -0.093159 0.533070 0.095248 -4.976413 -4.116985 23.706562 
0.619452 0.600742 -0.216428 -0.136078 -11.449942 -11.333167 4.860993 
0.676197 0.310209 -0.086970 0.421793 2.347350 -18.272352 -17.414988 
0.515988 -0.130875 -0.178887 0.100084 19.961607 13.941107 -13.943906 
0.694451 -0.437883 -0.089731 -0.019580 5.706554 3.966540 -18.607693 
0.288025 0.013567 0.090939 -0.362494 4.068439 -8.637381 9.953393 
0.572985 0.272532 0.035411 -0.162345 -10.820883 -8.327899 -11.880416 
0.084360 1.068447 -0.393548 0.298527 -3.971131 0.563819 -0.833102 
0.144621 0.355142 -0.095203 0.383611 -2.358491 -1.905640 -10.279459 
0.572252 0.239832 -0.114632 0.460831 3.096978 -2.880625 -4.123196 
0.609747 0.388204 -0.057419 0.086602 -3.997153 13.418087 -14.272316 
0.894668 -0.191481 0.698940 0.155807 -10.317722 -14.745253 -7.312630 
0.010681 0.088654 -0.034178 0.405227 4.657322 2.689478 11.454749 
0.082298 -0.440533 0.007069 0.072528 -2.340695 5.960758 -12.252221 
0.152287 -0.111331 -0.029732 -0.153417 6.856183 22.257418 3.511772 
0.035888 0.062403 0.114251 0.215858 -15.960946 3.645728 -18.683201 
0.010264 0.245869 0.705202 0.444256 -0.638376 -7.267176 10.873627 
0.895955 -0.079578 -0.702007 -0.291760 -4.119585 14.815286 1.523683 
0.446710 0.416964 -0.240859 0.457819 -14.704173 -16.414986 -5.587389 
0.834053 -0.124722 -0.028216 -0.235441 -6.234412 -1.277871 8.223641 
0.788714 -0.308824 -0.343311 -0.281818 -1.824997 17.973200 15.676151 
0.540014 0.557392 -0.031232 0.402134 -4.980824 3.564334 -19.880596 
0.925021 -0.041031 0.211436 0.476839 -4.549534 -9.382416 -7.533621 
0.420123 0.076717 0.538529 0.606190 16.636789 -4.123330 -4.998404 
0.840534 0.117758 0.050288 0.069600 -17.177919 -6.317614 -16.343033 
0.662545 -0.428034 -0.336589 0.026952 22.103437 -2.452540 0.276311 
0.365434 0.038715 0.041132 0.014545 14.240419 -12.412304 -15.880802 
0.551713 -0.488306 0.309958 -0.314390 15.565694 -10.639764 -5.489853 
0.645648 0.492920 -0.116945 -0.011959 -13.681140 16.455515 5.253325 
0.628375 -0.045620 0.349216 0.380784 -3.389006 -15.949521 -1.314382 
0.687753 0.748751 -0.431466 -0.237483 6.568602 -4.555125 12.061083 
0.159305 0.711923 -0.482572 -0.432788 -12.457076 -4.573075 -2.473471 
0.787162 -0.769283 0.677060 -0.383578 -6.880662 -3.556435 10.064063 
0.646691 -0.533714 -0.203741 -0.181875 8.119238 -7.508430 11.659099 
0.493411 -0.063317 0.225626 -0.210967 9.990596 9.409875 -0.385620 
0.725854 0.226040 0.324623 0.133542 -18.781012 9.954072 -9.124966 
0.924411 0.192526 0.347612 0.307283 -19.019613 -11.517105 0.030439 
0.605310 -0.398083 0.561485 0.975304 8.380171 -6.085113 8.437714 
0.138563 -0.348344 -0.050781 0.156581 15.274524 -5.585353 -8.032423 
0.035332 0.178844 0.158672 -0.068240 2.816577 13.187151 -20.370260 
0.645890 -0.099440 1.153344 0.193570 4.535696 -1.044397 1.830068 
0.510435 0.256642 -0.016247 0.240610 -20.009735 6.863578 -3.231824 
0.319289 -1.430599 -0.513373 0.441219 -6.316613 -4.263703 3.662451 
0.542571 0.701092 -0.434774 0.152271 -6.968550 11.445132 1.319658 
0.827135 0.339483 0.026771 0.580932 -19.574093 -14.571665 16.786434 
0.340605 0.084718 0.214635 0.396747 1.856377 -5.960263 -10.858259 
0.461199 -0.554566 -0.116794 0.038034 -7.945240 13.366101 -3.158307 
0.767766 0.732769 0.090073 0.052514 0.182611 -20.000626 13.745246 
0.713892 0.082261 -0.602361 0.017762 6.988885 13.354965 -3.403590 
0.923260 -0.527865 0.029959 0.369115 5.320823 19.491297 12.953209 
0.399889 0.403770 0.304792 0.372400 -21.764572 -4.639585 0.473440 
0.999543 0.606210 0.303846 0.567716 7.955495 4.498390 -16.011105 
0.075505 -0.007366 0.203264 -0.190400 5.086902 -12.343489 13.440858 
0.407760 -0.398212 -0.310014 0.444217 -6.598495 12.034777 -18.359327 
0.920366 -0.156976 -0.008495 -0.112361 2.881953 10.938919 -20.013296 
0.156686 0.115359 0.014629 0.202020 22.774076 -0.432421 3.009956 
0.275462 -0.199714 0.103246 -0.094280 -18.400135 -15.301179 -5.941814 
0.943958 0.209728 -0.496928 -0.989793 6.261049 1.352407 3.526186 
0.513224 0.406343 0.142867 0.823238 4.687318 -8.906779 -5.612570 
0.456740 -0.429610 0.263728 -0.395249 -1.288350 -4.068091 9.938638 
0.644668 0.926848 0.816198 -1.010217 4.633529 -0.195066 -19.494938 
0.700827 -0.763800 0.358562 -0.253475 -7.689984 -6.586509 7.559768 
0.669493 -0.430041 -0.424883 0.335734 3.708799 0.898943 5.867797 
0.453755 -0.067738 -0.067029 -0.255359 -14.613943 6.707776 17.855341 
0.621220 0.112595 -0.372448 1.134709 -14.490096 -1.165523 3.032581 
0.122516 0.046401 0.104208 -0.260299 -9.531857 -5.894201 -3.842506 
0.116293 0.105384 0.274380 -0.083507 -0.216777 -2.423824 0.494576 
0.510120 -0.024556 0.025382 -0.326235 -11.195715 -7.971146 11.424462 
0.974141 0.820503 -0.736328 -0.109861 6.563324 4.676542 -10.271567 
0.359507 0.044340 0.342860 -0.809556 13.722498 -3.349519 -11.771882 
0.076158 0.192687 -0.456697 -0.208907 -0.309056 16.865679 -12.361395 
0.410246 0.077550 -0.211058 -0.212121 -22.854893 -15.316307 -3.101178 
0.933197 -0.260196 0.967728 -0.794478 -2.565896 5.841976 4.067419 
0.303080 -0.014143 0.046772 0.330574 7.527116 10.192116 -17.003414 
0.374887 -1.125026 0.452736 -0.723605 -17.198755 1.039555 4.091528 
0.943070 -0.104555 0.507942 -0.226182 -21.958113 -8.191794 8.738717 
0.610488 0.196060 -0.151354 0.111217 5.413634 -2.758375 -8.953761 
0.794160 -0.347586 0.022558 0.075910 3.027848 -1.326476 -17.432512 
0.180330 -0.311226 0.161009 -0.068918 -10.511194 -3.709602 27.315437 
0.261776 0.526507 0.118652 0.229638 -7.262271 -6.275827 21.566847 
0.273719 -0.394141 -0.045252 -0.045289 -2.090039 14.313204 -7.973140 
0.463560 0.577980 -0.401494 -0.572630 -4.062611 7.823096 -8.448205 
0.730785 0.108050 0.155603 0.771493 5.538793 27.719990 10.027136 
0.190318 0.576937 -0.177758 0.175672 -3.143528 6.664596 -5.241294 
0.214637 -0.062886 0.384702 0.414183 -12.507852 -12.012464 -12.392553 
0.390679 -0.134523 -0.236315 -0.308243 11.162773 3.857820 5.634973 
0.220819 0.135484 0.560961 -0.352001 -22.710133 8.859109 5.317209 
0.674284 -0.531807 -0.174539 -0.417304 7.407802 17.458036 1.967821 
0.699060 0.716994 0.424561 -0.319809 -6.727150 4.262301 13.749006 
0.607782 0.122960 0.687673 0.280119 7.815658 -14.734691 2.712633 
0.028328 -0.364324 -0.546984 0.255684 -10.687303 11.652040 -1.684567 
0.107030 0.201572 0.125622 -0.454746 4.283868 10.317705 -0.327281 
0.471186 -0.150649 -0.399448 0.315293 6.574282 -4.891131 5.222661 
0.170165 0.045896 0.578662 -0.713016 3.274333 -16.504517 -9.720494 
0.878161 -0.141305 0.111546 0.412883 5.005439 -10.226425 9.061002 
0.343653 -0.317429 -1.249999 0.472171 1.066999 -2.093956 6.003726 
0.292290 0.675419 0.766954 -0.374989 -4.658825 3.885204 4.226470 
0.900381 -0.247554 -0.088872 0.014526 15.962737 6.259115 -22.856567 
0.933930 0.415338 -0.098565 0.251879 -14.569595 8.208527 -14.076338 
0.007293 -0.133185 0.206814 -0.658217 -3.076835 -5.380923 14.465862 
0.517276 -0.088845 0.597840 0.145403 -0.237591 -7.910833 -20.302881 
0.999686 0.286022 0.183470 0.203038 -15.522044 -5.586389 15.987418 
0.265754 1.028453 0.455177 -0.723761 8.288652 13.207061 3.030137 
0.575726 0.615341 0.410607 0.304894 -14.384083 -1.859045 15.617485 
0.831436 -0.242162 -0.011867 -0.108348 7.162087 22.408558 1.250681 
0.625358 -0.013781 -0.378459 0.724487 14.848264 -9.049512 -9.285164 
0.739241 -0.660687 0.258890 0.279992 -0.422065 -0.516556 -4.255752 
0.947295 -0.107638 -0.534987 0.375955 11.397186 10.436155 -5.131429 
0.625777 -0.786449 -0.138007 -0.147648 -0.527883 13.531013 14.389279 
0.442046 0.044185 -0.145711 0.217936 3.202224 18.529579 -5.242272 
0.706310 -0.888777 -0.047763 -0.155389 -4.678843 10.618983 -6.857926 
0.400028 0.630379 0.015117 0.216932 -1.804791 10.092270 22.987579 
0.020510 0.646875 -0.505962 -0.281538 -2.362023 4.937243 -16.101395 
0.572068 -0.551039 0.143974 0.552692 -4.513247 5.066761 4.042613 
0.085663 0.342257 -0.529025 0.130499 -19.560808 5.739050 2.193236 
0.564170 1.016393 0.630287 -0.422493 2.881824 -6.867405 -5.422827 
0.682174 -0.289433 0.617904 0.242036 13.278827 -7.546515 1.514016 
0.764481 -0.262598 0.104759 -0.338994 -8.487051 -21.220709 13.272642 
0.492633 -0.970641 -0.150000 -0.782982 0.271787 2.012585 0.732316 
0.845183 -0.760980 0.311955 -0.089275 6.415156 -5.292169 -5.540028 
0.686861 0.140075 0.561357 0.174625 -6.120044 -4.362498 5.408704 
0.849235 0.139117 0.182170 0.248402 -7.532673 -17.034351 -16.620836 
0.112550 0.080109 0.106187 -0.313784 8.782487 -22.998829 14.720718 
0.839333 0.374873 -0.075591 0.324789 6.313230 -17.439411 -2.345786 
0.596487 0.185954 -0.517685 0.536853 3.236656 31.052008 8.678454 
0.161568 -0.547063 -0.350328 -0.127893 -17.403406 4.636966 -9.028047 
0.672228 0.180878 -0.132224 -0.086350 -4.234676 -16.046133 22.093826 
0.766398 -0.336346 0.323413 -0.318828 3.370665 -13.474057 -1.383670 
0.483727 -0.460342 0.023130 0.003445 2.729909 -1.251497 24.404011 
0.981250 0.183814 0.164454 0.116315 -13.156941 6.948164 12.804230 
0.850924 -0.179608 -0.501359 0.222233 6.719957 18.204840 -6.349385 
0.109821 -0.244928 -0.274602 0.253292 24.824654 9.093021 6.622041 
0.573481 -0.005023 -0.034688 0.431977 3.120417 0.178847 -25.534836 
0.500279 -1.235842 0.144577 0.151539 -8.175629 -16.768030 2.328156 
0.204226 -0.945421 0.515612 0.396824 -1.829296 -5.593902 1.352887 
0.640631 -0.051951 -0.113451 -0.199594 0.020025 1.054014 -24.253540 
0.969119 1.393468 -0.758931 0.079853 12.575076 1.799296 9.406861 
0.038281 -0.603624 -0.773100 0.347414 2.493134 3.454870 -9.371357 
0.251453 -0.020714 -0.469581 0.764052 10.553599 2.645978 -10.273507 
0.435549 -0.439291 0.002201 0.160407 10.188200 -13.082869 0.262597 
0.289450 -0.315066 0.587034 -0.185189 -17.281868 -0.249689 6.006002 
0.836631 -0.338109 -0.513280 -0.824748 9.172014 -5.336580 -1.814742 
0.942200 0.117261 0.070090 0.205810 -4.483703 -22.641319 -12.372282 
0.601528 -0.293228 -0.566628 -0.576601 6.869194 -0.178922 -2.930371 
0.159049 0.154066 -0.340813 -0.030645 0.589757 14.019634 5.158557 
0.682728 0.234890 -0.252919 0.133879 11.058922 25.122694 -1.951058 
0.335995 0.300565 -0.475457 -0.026143 -13.368207 4.543138 0.772006 
0.271554 -0.767242 -0.788163 0.750620 -6.345628 -0.554303 2.485810 
0.512387 -0.155931 -0.046314 -0.235378 -15.089773 -6.402392 10.511149 
0.889104 0.433399 0.286301 -0.241482 6.786846 -25.557789 -7.390563 
0.005800 -0.160718 -0.231938 -0.294884 3.436161 3.556921 18.213633 
0.818137 0.105103 0.226354 0.224576 -8.296320 -11.629857 19.543079 
0.950308 0.227169 0.044522 0.107699 -15.558185 -8.137694 -14.551391 
0.008805 0.411141 0.183201 -0.417799 -2.877727 9.066431 15.035954 
0.445266 0.112036 0.094905 -0.484121 2.488765 -3.477450 21.711267 
0.336190 0.086860 0.241281 -0.479330 -17.805296 1.249310 11.355030 
0.250087 0.411403 -0.194166 0.236528 -10.131580 0.452917 -7.413866 
0.194107 -0.296242 -0.157256 -0.100250 11.868554 -6.397499 3.004385 
0.632796 0.394619 0.521193 0.043338 -10.238503 -11.430923 17.061899 
0.518539 -0.417397 -0.198447 -0.012680 17.565454 -3.630085 15.606338 
0.754326 -0.001249 0.042650 0.354902 -14.425303 -13.805284 5.162297 
0.437476 0.255817 -0.282400 0.077556 7.781646 -5.819284 25.980721 
0.667550 0.246365 -0.080486 0.287880 4.752441 -2.205612 -12.043047 
0.002917 -0.794715 0.268482 0.871325 -0.463331 8.264279 -3.247434 
0.380949 -0.107804 0.140245 0.146598 -15.629811 0.054902 -14.997802 
0.688732 0.007344 0.888687 0.878073 -8.678016 1.156584 5.739868 
0.261385 -0.234196 0.112854 -0.099884 10.397403 -1.259038 12.200390 
0.602610 -0.361317 -0.052675 -0.381245 -6.015124 12.621250 20.876318 
0.924268 0.168409 0.208743 -0.007138 0.596731 17.966099 14.034796 
0.439538 -0.169475 -0.252687 -0.190303 7.222769 11.111856 11.239613 
0.776603 0.342288 0.496230 0.079729 -9.049497 -2.090950 -7.766240 
0.951302 0.672685 -1.148110 -0.273990 9.786683 -0.964229 2.689036 
0.988386 -0.443600 0.251662 -0.236250 3.381414 -19.681376 6.591016 
0.919720 0.042814 -0.017803 0.041864 -3.520114 1.464864 10.584041 
0.260808 0.847859 -0.009347 -0.131687 -1.858445 -17.796762 -1.435308 
0.336994 -0.282538 -0.161737 0.117205 1.838083 -4.415123 -0.322217 
0.748006 -0.108829 0.161477 0.080523 -2.746794 8.932163 -26.109068 
0.847921 -0.330663 -0.226585 0.211783 17.146837 7.398609 7.644147 
0.069333 -0.238389 0.490141 0.089650 10.159524 -5.943461 -4.122913 
0.342390 -0.065226 -0.275152 -0.213327 -1.076413 -12.395025 -0.658505 
0.103145 0.101499 0.210855 -0.347631 -2.989258 -21.061518 10.876153 
0.445936 -0.380891 0.196241 -0.290504 -8.899715 -15.351311 10.268061 
0.105030 -0.176730 -0.023735 -0.464578 -6.407262 -6.802113 16.898335 
0.767578 -0.234613 0.193228 -0.630958 -3.286544 2.879658 -5.744715 
0.925392 0.466055 0.272709 -0.076664 -8.062800 3.288271 17.593010 
0.539532 0.144391 0.296549 -0.215078 5.180818 -21.717926 -16.575661 
0.311123 -0.418153 -0.594255 0.203516 6.883349 -2.685339 -18.287580 
0.829524 -0.417713 0.002738 1.086675 1.796112 -8.675797 -2.210583 
0.414827 0.081752 0.383266 0.065103 -20.931656 -3.401965 10.406095 
0.242574 0.097480 0.224517 0.004794 -17.470175 -10.421082 6.585067 
0.525198 -0.137780 -0.067404 0.333499 -11.539948 23.530006 -8.453597 
0.767291 -0.021627 0.543296 -0.300228 -10.399478 -15.095361 -5.390632 
0.237588 -0.417951 0.181458 -0.664730 5.557114 -0.559046 12.975400 
0.443392 -0.368937 -0.287675 -0.050900 16.705040 -1.303980 -13.662478 
0.001196 -0.342389 0.362475 0.566573 13.618433 3.680892 5.616236 
0.829343 0.189357 0.874904 -0.695061 3.339308 -5.498262 -0.553433 
0.074950 -0.183982 -0.131161 -0.283238 16.826836 22.705507 1.382340 
0.662469 -0.067046 -0.690308 -0.042922 -5.624118 13.659318 0.610840 
0.321865 0.560082 0.884055 1.098242 -7.397225 8.629121 8.283463 
0.501741 0.085747 -0.081059 0.445178 -20.473467 -1.421250 -13.537621 
0.169591 -0.381975 -0.335359 0.393226 -7.273662 -0.482744 -22.369232 
0.354278 0.408108 0.534867 0.240465 -18.593412 -3.012168 -2.480608 
0.810379 0.371149 0.570702 2.063284 3.312543 22.681021 47.410522 
0.841808 -0.306772 -0.290296 -0.048373 19.877348 11.135755 -9.643293 
0.196965 -0.298629 -0.507315 0.372912 9.961822 16.811298 -3.874332 
0.290354 -0.532842 0.294967 0.593729 -1.080614 -3.820331 -11.484309 
0.425906 -0.039485 0.575403 -0.339534 2.119924 -4.615581 15.252873 
0.984508 -0.019094 0.185576 0.101704 -21.312984 -7.082415 -14.812999 
0.768834 -0.117601 0.626076 -0.198873 -17.536013 3.940745 -9.067700 
0.728900 -0.161635 0.108327 0.314553 -20.680746 -0.075381 -15.817436 
0.188264 0.110111 0.038558 0.268535 -18.588964 -9.047831 -17.457064 
0.730846 -0.390816 0.115107 -0.317079 4.976923 4.645894 -4.538559 
0.723348 -0.469142 0.675438 -0.152655 -1.118467 7.862349 17.694387 
0.001010 0.613615 -0.485134 -0.018979 3.116812 13.068725 0.319919 
0.407015 -0.527832 -0.516345 -0.232392 0.938915 -0.195005 21.712160 
0.417411 -0.164473 -0.595819 -0.460699 -1.198058 9.108070 4.294540 
0.618642 -0.239282 1.022099 -0.137701 -2.620052 1.537165 -2.009701 
0.957748 -0.110567 -0.381874 -0.056785 -13.549040 -0.314389 21.719412 
0.117031 0.147853 0.359747 -0.089675 11.083213 -14.755921 9.643621 
0.273865 0.382349 0.344989 0.058153 12.300238 -21.570875 14.201230 
0.899351 0.421687 0.571089 0.969606 6.174488 2.541002 -4.205503 
0.394075 -0.037878 -0.496701 0.175338 1.192363 -17.426657 -15.733579 
0.627568 -0.188155 -0.576983 -0.271614 2.459797 11.767056 -15.996933 
0.744587 -0.049193 -0.102375 0.582065 -4.759388 -0.671528 -14.808604 
0.634520 0.159793 0.472235 -0.028672 -0.687613 -23.279581 -0.862901 
0.815548 -0.386008 -0.241194 0.124524 15.950959 12.112041 -21.935738 
0.242372 0.821306 -0.414027 -0.000780 -7.567543 2.762497 -15.824092 
0.594527 -0.927945 0.647294 -0.344612 1.991516 3.438897 0.836789 
0.794310 -0.455253 0.138410 -0.195644 6.515069 -5.256717 14.953310 
0.494484 -0.089721 0.341339 0.126391 11.311259 -2.600336 0.507649 
0.313623 0.401200 -0.954714 -0.568564 -3.662121 -8.134089 9.824099 
0.451444 0.330486 0.435508 -0.037324 2.355090 -14.780678 3.493082 
0.253431 0.302829 0.380538 0.006060 -6.504631 -0.287891 1.862890 
0.473986 0.422046 0.921347 -0.403228 0.681602 -4.332804 6.033999 
0.065276 0.033553 -0.018985 0.198100 -6.746460 -0.826827 -5.398151 
0.651560 0.065645 0.083666 0.209649 8.379553 3.967669 -25.210480 
0.473384 0.140800 -0.479563 0.173346 -12.833699 -0.176658 14.887110 
0.336559 -0.185738 -0.021127 -0.655798 5.512767 7.061233 8.421082 
0.704111 -0.454530 -0.085715 0.072245 5.711627 -0.766228 -3.806786 
0.330689 0.257151 -0.565300 0.652707 -18.386736 8.254771 12.665774 
0.078777 0.096945 -0.104794 0.576631 13.821498 -3.777023 -10.129101 
0.081420 -0.165006 -0.266637 -0.224747 21.419598 1.967458 -1.111925 
0.694719 0.693510 -0.172374 -0.104785 -4.606795 1.552440 -8.668262 
0.288741 -0.123900 -0.080573 -0.535377 1.671672 0.752799 7.095274 
0.056803 -0.753014 -0.577272 0.116232 9.350995 4.351683 5.710749 
0.843229 -0.352460 -0.133474 -0.364230 13.980529 -9.046488 3.853141 
0.684262 0.015357 0.100178 0.258933 12.944053 -29.849350 -2.603511 
0.056459 0.261690 0.125547 0.751709 -6.716343 -11.243646 1.041416 
0.292531 0.683449 0.178889 0.005960 -1.252191 -16.463877 -11.688221 
0.352311 0.092867 -0.169286 0.103969 -20.312531 13.225723 1.771076 
0.325304 -0.103765 0.661613 -0.244090 -1.364045 -9.462837 -10.872021 
0.761165 0.314239 0.298924 -0.252542 -6.550200 -9.390199 17.844053 
0.982585 0.435172 -0.041342 0.349281 5.950624 15.685271 -20.900671 
0.812913 -0.414558 -0.256139 0.232934 10.855538 8.748445 -12.680729 
0.574703 0.307822 -0.047592 -0.227388 13.275603 4.530122 10.914854 
0.482881 0.016899 -0.285986 1.311278 4.513560 -5.318501 2.726511 
0.947072 0.035713 -0.092263 -0.344274 3.417625 5.852953 2.813319 
0.592403 0.114834 0.330632 -0.338146 -3.473234 -16.714621 12.220030 
0.966427 0.530595 -0.346433 -0.130484 -12.169197 13.515972 -7.372842 
0.918789 -0.611868 -0.327701 -0.099843 13.727219 9.901689 -11.172589 
0.513741 0.128957 0.802470 0.136432 3.010028 -6.616170 -11.075626 
0.602272 -0.166293 -0.335466 0.047203 -1.854072 3.970984 -22.193283 
0.908010 -0.147972 -0.769733 -0.060704 -16.548113 6.538256 7.295525 
0.860963 -0.055513 0.594862 0.141982 -9.339063 -13.026070 4.038326 
0.416958 0.208926 0.810119 0.416311 -19.496748 8.752390 1.064042 
0.895027 -1.051939 -0.203038 -0.438998 -12.199759 7.615797 13.991696 
0.200492 -0.267955 0.109595 -0.240678 19.423487 14.162703 13.848373 
0.928223 -0.089177 0.429080 -0.425813 -3.884093 -7.561251 6.863618 
0.074984 0.025203 -0.730677 -0.031818 -9.909052 8.514807 -8.576960 
0.094300 0.265659 0.334770 -0.326509 3.886106 -17.936674 -9.672567 
0.871491 0.291920 -0.288643 -0.031824 -19.392731 7.125450 2.081659 
0.634652 0.075342 -0.413361 -0.113577 -25.607447 1.712031 -11.336490 
0.932303 0.189911 0.183130 -0.056393 12.080704 7.329147 -9.989382 
0.004236 0.212329 -0.398934 0.289405 -2.915570 9.248244 -16.197947 
0.721655 -0.269784 -0.246748 0.058764 5.604217 11.202925 -7.669819 
0.676019 0.169943 0.332642 0.480244 -3.078351 -11.696119 -14.328910 
0.202481 0.290880 -0.237242 0.100308 -6.398125 12.213164 1.817893 
0.034296 0.145451 -0.399803 -0.185183 -13.292065 15.132591 14.165731 
0.118454 -0.007120 0.202091 -0.061260 4.289240 -19.284765 10.412980 
0.001997 -0.040760 0.651171 0.375910 7.472064 -12.919002 1.786089 
0.350479 0.040481 0.275907 0.040408 0.127322 -17.817373 -4.055941 
0.546807 -0.066275 -0.404512 -0.390935 3.376953 11.929340 15.770071 
0.570696 -0.621535 0.081809 -0.129729 15.605601 -1.967628 -16.223454 
0.641134 0.131624 -0.738172 -0.097810 28.306162 -5.921144 3.088471 
0.779905 -0.044128 -0.166928 -0.144410 12.476437 22.700453 3.262841 
0.495068 0.465484 0.551550 0.029985 -14.406879 4.607689 13.147102 
0.817135 -0.386923 -0.220377 -0.296411 14.177699 9.703552 8.925764 
0.540973 -0.009160 -0.162655 -0.304444 -10.741819 -8.908308 18.780384 
0.454705 -0.262215 0.370562 0.117388 18.172035 2.872524 3.047246 
0.916293 0.346203 0.125806 -0.399921 -2.080342 -3.009969 12.440561 
0.677652 -0.090021 -0.241424 -0.287272 22.789814 -12.127019 2.759186 
0.405922 0.609861 -0.021222 -0.410144 6.204674 -2.715510 20.439699 
0.393467 -0.697782 -0.070643 -0.592362 3.678063 -13.277775 -4.539856 
0.044181 0.164623 0.824225 0.795022 5.465748 1.875353 0.929091 
0.249183 0.690735 0.097255 0.230686 -17.736591 1.324028 0.981158 
0.140747 0.084545 0.361345 -0.919071 8.022979 -10.803423 -2.363989 
0.976472 -0.658410 -0.795558 -0.194749 -3.572810 -10.496345 8.095227 
0.321127 -0.432120 -0.254873 0.122565 -4.902113 -3.601285 -14.678476 
0.176918 0.296196 -0.192764 0.321118 -23.024443 2.222078 -6.332029 
0.188700 0.500937 0.479402 -0.326847 20.063190 -3.028564 -4.456107 
0.721782 0.266051 0.034462 0.374118 -12.974639 4.260173 -1.767338 
0.907617 0.558267 -0.498819 -0.128824 12.174623 30.356108 -12.907718 
0.880861 -0.139206 0.029499 -0.111148 -13.102684 -4.333236 3.389648 
0.253134 0.103172 -0.938392 0.585817 7.015865 5.932339 0.159674 
0.850446 0.206553 -0.596166 0.042135 1.949623 15.234553 1.076314 
0.424043 0.217533 -0.601110 0.335635 -18.193262 4.474662 -11.143504 
0.599817 0.295502 0.140427 0.004771 1.059630 2.499002 -2.588307 
0.098304 0.458485 -0.536891 -0.495413 2.216703 12.549711 -0.106173 
0.928714 -0.063747 -0.067934 -0.296522 17.560772 7.416171 -17.596397 
0.022376 0.253325 0.617741 0.125608 9.139847 -14.726301 -5.197296 
0.841267 -0.041857 0.120787 -0.344962 13.184597 -10.351019 5.547329 
0.697427 0.303971 0.070765 -0.188745 -0.326942 -10.889035 12.316963 
0.250671 0.044079 0.264468 -0.065451 -5.093721 13.187901 -1.489931 
0.754826 0.155979 0.235334 0.168491 -17.023386 -0.991123 -8.918047 
0.556472 -0.211435 -0.078723 -0.205296 18.177998 1.824462 -1.608172 
0.524587 0.100775 -0.147035 -0.367004 1.056803 5.669134 12.319700 
0.293018 0.173038 -0.062049 -0.194033 9.134495 29.898930 -4.277585 
0.684226 -0.151425 -0.688031 0.333077 -0.516408 3.437064 -14.832226 
0.909218 0.023008 0.549067 0.434145 -21.094662 1.862172 -12.505177 
0.847010 -0.370636 0.232458 0.086241 10.321693 -0.620183 7.516969 
0.829378 0.288841 0.401028 -0.298537 -11.845181 -2.060001 -2.991348 
0.345538 -0.455069 -0.031794 0.120637 -15.480209 1.434360 -15.996572 
0.002275 0.929049 -0.335180 0.379422 -8.893836 -6.331096 9.060533 
0.994503 -0.069775 0.286446 -0.459509 -9.130522 -5.109347 9.613242 
0.623667 0.950396 -0.940314 -0.271585 16.508551 5.216205 -13.505150 
0.227975 -0.084305 0.258389 0.584953 5.843503 -2.366499 -12.966897 
0.498294 -0.044481 -0.229540 -0.250701 15.439811 -5.609242 -25.154623 
0.439769 -0.609526 -0.325448 0.591296 4.672532 -1.781526 -11.457491 
0.841781 -0.197646 -0.389953 -0.312910 16.641468 5.295130 1.075657 
0.845861 0.356575 0.155808 -0.077747 -0.975088 26.899237 0.513399 
0.722243 0.356514 -0.501223 0.246533 -4.498639 17.737761 -1.944308 
0.682210 -0.212776 0.060071 -0.476998 -6.779661 5.542854 22.855965 
0.934768 0.207841 -0.196727 -0.102384 -12.261809 14.985397 -5.461986 
0.375331 0.697914 0.447119 -0.474667 -8.841045 -7.123267 -8.472198 
0.565466 -0.054947 0.005423 -0.155075 1.354708 -28.580132 -14.982100 
0.152297 0.114540 -0.050148 0.298930 15.949350 20.034733 9.925431 
0.313712 0.476772 -0.381056 0.242202 -11.231688 -11.055088 -1.883426 
0.419964 0.349810 0.155488 0.103975 -23.078089 -5.890622 -11.267277 
0.344850 0.074848 0.472258 -0.150349 6.111776 -6.123571 15.888824 
0.514557 -0.123211 0.211147 0.455294 8.129313 14.984753 -21.193899 
0.182733 -0.027004 -0.388455 0.367300 -2.166637 12.843094 -8.527124 
0.868124 0.011555 -0.148133 -0.328653 0.205087 -17.478815 -21.070183 
0.236321 -0.241225 -0.179759 0.313595 5.182554 -8.688931 -20.273525 
0.101351 -0.190104 0.411142 -0.425689 5.172631 4.841283 17.391132 
0.616450 0.494669 0.355673 0.084170 13.016920 20.645239 12.363664 
0.331316 -0.156500 -0.138793 0.107186 -0.429358 -1.503382 9.356611 
0.282488 -0.073178 -0.528059 0.183504 0.435512 6.051181 13.419701 
0.831132 -0.598036 0.911736 -0.281056 2.060768 -3.076988 -0.305157 
0.867907 0.294343 -0.137119 0.251273 -15.606703 -2.874467 22.725174 
0.626799 -0.192569 0.056713 -0.246818 7.306624 -3.584657 13.564597 
0.445196 -0.462808 -0.862773 0.093779 -11.121549 3.056050 -5.785904 
0.578746 -0.447828 0.169032 0.032078 8.212239 -17.385462 6.588651 
0.773324 -0.111172 -0.713451 0.107784 -22.577742 2.376899 8.065331 
0.459437 0.303797 -0.136095 -0.088833 1.335553 -10.012864 -8.314342 
0.245100 0.019436 0.582078 -0.172793 13.492291 3.477954 -5.021265 
0.997312 -0.245521 0.489005 0.574943 8.932234 -1.201850 -8.097680 
0.391261 -0.029978 0.326218 -0.653251 -4.102611 -20.019684 2.425408 
0.289166 0.043273 -0.540108 -0.354989 8.704929 9.341861 11.078349 
0.607205 0.886257 -0.303869 -0.096532 -9.149113 4.427329 -3.839953 
0.951169 -0.665891 -0.777102 0.198636 1.035040 8.705248 1.666649 
0.670992 -0.528746 -0.432114 -0.153121 18.633434 -1.627252 3.189367 
0.698692 -0.600459 -0.244430 -0.150207 12.668856 0.383296 22.477343 
0.537988 -0.257581 0.651007 0.028833 8.203432 -10.502696 -11.983852 
0.042442 -0.486961 0.228044 0.050025 7.847803 -11.819015 -14.244219 
0.722333 0.457932 0.211303 0.484398 10.149162 9.254745 -11.757512 
0.472408 0.634661 0.359351 -0.636777 11.694611 -0.937510 7.642702 
0.654454 -0.051625 0.505846 -0.403695 -10.812519 -6.846785 2.763189 
0.886690 -0.024251 -0.561808 -0.305106 12.079126 13.777806 3.692722 
0.108681 0.704444 -0.108280 0.044820 -9.495632 2.900827 0.295570 
0.547526 0.321514 0.129877 0.338767 -2.837153 5.726582 -24.815975 
0.287592 0.091159 0.601919 -0.229018 2.771320 -17.751749 -15.108300 
0.275971 -0.666242 -0.605598 0.727334 7.583559 1.562799 8.503999 
0.884626 0.049525 0.099892 0.250074 -0.169203 5.189212 -15.387660 
0.116460 0.894525 0.360934 -0.487327 0.593662 -2.521499 3.635805 
0.433047 0.131416 0.036159 -0.421285 -16.795088 -14.035824 -0.610470 
0.163372 0.545669 -0.141461 0.121211 -12.753015 14.269000 14.811831 
0.370694 0.735677 0.278238 0.869314 8.443432 -6.613746 -2.301377 
0.513477 0.293487 0.204048 0.180305 -15.198682 -10.221206 -8.323911 
0.409117 0.528155 -0.405743 0.270737 -8.277203 14.006112 14.006276 
0.278931 -0.652869 0.627878 0.201004 5.789875 -8.208620 2.888966 
0.234928 0.255496 -0.251400 0.468779 9.639853 -16.767979 -11.831233 
0.554819 -0.096463 -0.140152 -0.266216 -8.863590 -11.207420 -10.554970 
0.172347 -0.290001 -0.013438 -0.519189 17.968637 -1.416439 2.562030 
0.896974 0.502130 0.475143 0.564638 -12.302796 -10.780235 12.419893 
0.819526 -0.327773 -0.136017 -0.345178 5.361412 13.277573 0.098467 
0.108680 0.084684 -0.533316 0.268169 -3.532217 -3.410536 -8.795120 
0.591218 0.723803 -0.323648 0.276536 1.364585 7.450268 13.717177 
0.461395 0.272192 0.074925 -0.048002 7.619860 -10.561101 -5.652562 
0.221264 -0.354204 -0.190593 0.198931 20.101564 -14.947886 -12.113658 
0.771679 -0.050582 0.277828 0.293427 -3.660505 19.249968 -14.620358 
0.823061 0.052959 0.229224 -0.083328 12.828250 1.411193 22.961859 
0.378776 0.677262 -0.166504 0.576915 -15.121634 -0.262705 20.804127 
0.867671 -0.659155 -1.018492 -0.482125 -20.400740 3.056303 -4.118135 
0.121492 0.123692 -0.135613 -0.466900 5.472146 -2.575391 -3.278349 
0.148889 0.175947 -0.383960 -0.474045 10.612422 6.389606 15.395821 
0.885803 0.448244 -0.395121 -0.079412 -18.518288 -4.236697 -8.843079 
0.955273 -0.377146 0.479239 0.383963 12.017488 1.047829 -9.600424 
0.193064 -0.846246 -0.823588 -0.015907 -0.990048 5.110033 -3.761245 
0.198803 -0.496818 0.258485 -0.465224 9.185026 6.969069 14.807823 
0.876805 0.322311 -0.435990 -0.402315 -2.562339 3.050331 14.083428 
0.064451 -0.163243 0.007841 -0.075312 -32.073345 -4.776380 24.405668 
0.881173 -0.121122 -0.254786 -0.067821 0.034022 0.982211 0.046408 
0.956021 0.181499 0.330080 0.254130 -8.802317 -21.312906 11.330095 
0.590331 -0.662530 0.007650 -0.576699 11.086929 4.251333 0.656462 
0.037236 -0.542889 -0.036579 0.295956 -3.861442 -2.846873 1.196935 
0.970920 0.058238 -0.574330 0.715486 0.404650 0.255531 10.921134 
0.068757 0.342040 0.240035 0.221859 -4.664047 -21.889397 5.186715 
0.300087 0.115860 -0.357915 -0.599458 7.787888 -12.268252 15.083655 
0.364075 0.879157 -0.469405 0.540938 -1.262760 3.265046 5.764028 
0.076095 0.813530 0.573964 -0.016751 -4.729324 -6.530169 -6.564730 
0.246412 -0.630311 0.625172 0.254563 2.156650 -10.063365 10.519523 
0.765828 0.078626 0.360273 0.325701 -14.017889 -5.665658 -12.620455 
0.900693 0.718610 0.215483 0.360199 0.822653 -9.740272 -1.521154 
0.894101 -0.110195 0.167496 -0.453630 -11.006597 -16.859055 10.398144 
0.023092 -0.365884 0.070918 0.004572 9.106046 -18.439817 -11.122230 
0.352330 -0.758725 -0.860751 -0.122507 -0.959490 -1.329470 2.804868 
0.437452 -0.733879 -0.245907 -0.016603 10.843926 11.188507 5.701196 
0.938766 -0.336861 0.099898 1.011320 -4.620048 1.176187 -6.886290 
0.826999 0.239899 0.043964 0.455457 -17.195148 20.911924 13.670849 
0.601805 -0.227093 0.119218 -0.448039 4.350649 5.147174 16.589058 
0.611053 -0.649442 -0.551328 -0.175083 -16.211920 16.812925 -0.273633 
0.727172 0.066941 -0.081656 -0.233175 -0.780958 3.331444 11.952607 
0.070392 0.118864 -0.048132 -0.096045 -3.908937 4.865203 13.796534 
0.806594 -0.204912 0.364443 0.557597 12.193343 2.428343 -6.264803 
0.610385 0.409618 -0.284751 -0.069434 -14.430703 6.904782 -20.498341 
0.092694 -0.648967 0.134907 0.144101 10.125854 9.427031 -9.228275 
0.080864 0.139821 -0.060647 -0.173002 -24.154148 9.243245 2.450252 
0.030923 -0.058919 0.320087 -0.209175 1.282575 -6.847961 11.315071 
0.062588 1.338695 -0.481347 1.183753 10.501026 1.398479 16.119686 
0.234731 -0.191158 -0.040733 -0.628483 10.819846 8.664796 5.241331 
0.109682 0.122337 -0.218977 0.174159 -13.172416 15.859644 -19.875801 
0.711996 -0.340854 -0.159296 0.296027 18.542646 2.498043 8.053986 
0.285198 0.287783 0.061850 0.448256 -22.819412 -2.791269 20.226566 
0.331554 0.481800 -0.372167 -0.644164 -5.814291 6.798372 5.883799 
0.828135 0.156062 -0.143705 0.146435 10.683172 -9.320459 -0.311515 
0.913059 0.205708 0.132675 -0.011262 -9.954004 -4.154901 -14.249467 
0.151644 -0.289943 -0.008263 -0.065821 -20.092268 18.429903 -17.234245 
0.139613 0.332426 -0.299691 0.160877 4.967374 10.979599 4.818263 
0.881903 0.072327 -0.023760 0.199595 2.608139 -10.202898 -24.153772 
0.232668 0.191236 0.195499 0.079167 -18.242916 0.264051 2.464409 
0.509879 -0.455143 0.875651 -1.103625 -8.048752 6.743539 -4.744570 
0.749133 -0.462747 -0.335640 0.136731 12.833344 14.353541 6.062683 
0.169500 -0.173373 -0.250110 0.538251 3.501561 -8.647344 -19.215975 
0.401245 -0.310913 0.443647 -0.038341 6.965076 -19.335121 6.522726 
0.864957 -0.392033 0.353669 -0.155991 -3.675547 -8.877189 6.810021 
0.109528 0.182560 0.236159 0.011848 -15.177056 -17.505436 -14.964168 
0.610817 -0.185528 -0.291976 -0.275913 7.858352 11.693632 -2.409951 
0.542363 0.455261 -0.689181 0.472127 9.550634 -6.526107 -9.136711 
0.132692 -0.419050 -0.049977 -0.219630 3.030299 21.974810 2.472851 
0.080269 0.812032 0.092653 -0.226629 -10.097758 3.833595 4.232234 
0.760957 -0.482225 0.918778 -0.130914 -4.748227 -4.888516 -4.175610 
0.086296 0.472661 0.190139 -0.065221 1.620297 -11.026978 8.334974 
0.062061 0.616121 -0.245867 0.108416 -11.222444 12.482632 -0.558111 
0.129440 -0.023313 -0.950127 0.683534 9.199839 -16.296371 -5.934551 
0.923770 0.125205 -0.022017 0.263572 -12.760662 -14.195566 -18.371546 
0.944471 -0.310492 0.053528 -0.266763 19.235470 -17.611877 9.984757 
0.049523 -0.329093 -0.460937 -0.272054 -6.356891 1.439426 17.846783 
0.777775 -0.097612 0.203847 0.057988 1.639885 -10.399174 4.686583 
0.212846 0.061759 0.270152 -0.164048 1.896667 -12.016819 11.705439 
0.583622 -0.415808 0.122430 0.279849 -2.200305 7.072469 14.119305 
0.521374 0.458744 -0.061834 0.213531 -8.888745 -3.303136 -5.243642 
0.718287 0.162931 0.185001 0.193085 -15.497398 -2.208589 -21.538925 
0.154659 0.262293 0.342333 0.318771 -8.013937 -9.757233 -11.181424 
0.762204 -0.078312 -0.264429 0.122837 0.735042 2.480175 5.564246 
0.533920 0.478110 0.098690 0.130460 2.970950 -15.314500 -0.717959 
0.661395 0.321176 -0.524997 -0.064636 -1.405402 10.950487 19.312576 
0.052551 0.362839 0.419442 -0.455631 -17.002790 -1.219631 5.685288 
0.999562 0.269212 1.096663 -0.236719 -15.437798 4.667456 -4.026059 
0.269074 -0.151582 -0.144933 0.083247 6.142558 3.632576 -20.217833 
0.483366 -0.250035 0.022677 0.345606 10.133768 24.910891 10.201351 
0.128698 0.686372 0.099609 -0.593371 -0.498040 -14.067466 0.968375 
0.417360 0.194477 0.223139 -0.154808 8.235175 6.239543 11.980018 
0.390938 -0.650209 -0.288506 -0.368772 15.676831 8.562337 -6.259534 
0.586547 0.291259 0.117434 0.035600 -16.774620 -3.553559 15.561236 
0.855672 -0.350353 -0.388255 0.195589 1.086790 17.971678 -6.948267 
0.921403 -0.154925 -0.165871 -0.196564 -8.818546 10.162640 3.650728 
0.218065 -0.299218 0.467487 0.662321 -6.103945 -16.618931 -3.659971 
0.542481 -0.428392 -0.374964 -0.301811 -6.420455 13.739579 0.586784 
0.004334 -0.242626 -0.171814 0.293841 10.919837 -16.565605 -2.933991 
0.389293 -0.290828 -0.367907 0.235228 -3.999187 7.135817 14.147779 
0.386639 0.410356 0.095094 0.408998 5.213124 8.243347 7.287470 
0.982117 -0.499871 -0.176096 -0.137095 16.701185 2.943666 7.750185 
0.230278 0.190580 -0.589674 -0.657951 -15.173457 -1.655584 -11.606581 
0.734248 -0.135751 -0.040596 -0.049790 -6.254150 4.355886 21.589464 
0.519475 -0.263803 0.168377 0.429327 21.638775 3.504306 1.048547 
0.569922 0.615019 0.406513 -0.092990 -3.114791 17.604225 -2.276991 
0.914968 -0.517233 0.272735 0.266470 1.369654 -5.978881 -16.211605 
0.752376 -0.449834 -0.210809 0.647292 -17.049654 12.687414 -10.732347 
0.548291 -0.036320 0.090903 -0.192403 14.171256 6.687687 6.783452 
0.019775 -0.067964 -0.865820 0.199646 0.796467 10.254594 7.450706 
0.605920 0.259624 0.207798 -0.403870 -10.779461 13.734434 15.768894 
0.169463 -0.301495 -0.512714 0.121997 13.227617 -1.911042 20.699575 
0.003546 0.005782 0.874400 0.029404 -3.586897 -7.554314 -5.281305 
0.560003 0.518231 -0.261156 0.465004 -5.404477 5.713963 12.793067 
0.876336 -0.465523 -0.784804 0.269091 16.897638 -4.654581 11.448468 
0.006714 0.443689 0.222708 0.054027 7.731485 -11.024891 6.960255 
0.533975 -0.745795 0.731549 -0.143570 9.620412 7.212910 4.816726 
0.516802 -0.320633 -0.110852 0.303913 4.200634 -5.116318 11.236065 
0.891928 -0.339651 -0.077037 0.277116 19.261549 11.013798 -2.257777 
0.238727 0.829002 -0.019041 0.236147 -0.383390 -8.909207 -16.129787 
0.929945 0.534439 -0.152216 -0.672113 -9.423119 15.833536 -5.915467 
0.358894 -0.210536 -0.071105 -0.252065 8.309008 -24.809307 13.712274 
0.025365 0.396728 -0.646122 0.386720 -9.454562 -3.956131 -3.535843 
0.161243 -0.257265 -0.206428 -0.145674 -0.881552 29.463556 4.314631 
0.084587 0.275092 -0.698653 0.278755 2.753581 16.495096 0.978445 
0.022449 -0.378893 0.268011 -0.544234 -2.501892 2.417896 16.570906 
0.808539 -0.020119 -0.068705 -0.137563 2.725530 2.073399 30.318615 
