0.202999 -0.141264 -0.460625 0.495059 -6.467146 17.138524 -3.471035 
0.583882 -0.778325 0.262786 -0.400190 5.214496 23.900832 3.445237 
0.585149 -0.338531 0.142693 0.973210 7.099570 -0.506892 -1.421356 
0.085689 0.315567 -0.558290 -0.174895 -12.744443 -10.285394 19.492999 
0.090936 -0.176603 -0.271957 0.416506 -1.485750 3.122245 -7.305683 
0.457888 -0.193652 0.946449 0.669144 -16.053944 0.961028 9.131207 
0.179449 -0.422264 -0.934850 -0.373103 -6.479212 -13.408265 -8.976372 
0.103175 0.710293 -0.267380 -0.699192 8.156012 -18.341472 -2.808757 
0.199182 1.647332 -0.161928 0.301289 19.906102 -10.063725 4.495296 
0.109107 0.596289 -1.335309 0.234456 2.964864 -13.241792 8.686602 
0.232498 0.465361 -0.210675 0.673363 2.431112 -11.878083 -2.779934 
0.683878 0.312183 0.831591 -0.563212 -10.804172 2.580504 -18.701115 
1.809017 -0.171803 0.066401 0.246325 -0.619475 9.460275 -5.319346 
0.133767 0.277419 0.697928 -0.631602 24.533373 11.217684 -2.113438 
0.207935 -0.760744 0.007759 -1.001020 -10.771758 16.027641 -9.952205 
5.586845 -0.624028 -0.274003 0.447484 3.822439 -1.012992 -9.686852 
0.099031 -0.339624 -0.648594 -0.215042 2.444354 -3.663546 17.113107 
0.095457 0.252841 0.280614 -0.109698 -10.185901 -7.819983 9.005062 
0.166412 0.206090 0.816585 0.033283 7.395690 4.807906 -20.902122 
0.401973 -0.597121 -0.054989 -0.566403 0.299076 -25.725346 0.694161 
0.149690 0.369442 0.060555 -0.196590 9.136411 11.041854 15.223477 
0.135040 -0.731401 -0.403746 0.022088 0.926213 14.069629 -6.112035 
0.230700 0.802670 -0.175848 -0.767610 6.220633 10.510692 -9.579321 
0.296048 0.359351 -0.868287 -0.388932 -2.560176 -4.246910 8.229156 
0.089040 -0.285250 -0.072663 0.252137 2.746171 -12.498735 14.203288 
0.218861 0.292090 -0.637935 -0.378803 17.962996 -9.988383 -7.087920 
0.780326 0.526793 0.198230 -0.367554 12.758256 -13.530253 -17.050719 
0.110177 0.758377 0.822842 -0.578496 9.732976 15.013715 8.247342 
0.308745 0.375239 0.195325 -0.242569 22.781346 -24.613648 -15.867498 
0.930095 -0.201981 0.034675 0.275907 7.378254 0.466728 -19.972606 
0.154448 -0.435135 -0.218314 0.016079 11.661575 17.168934 -11.627856 
0.449860 0.157957 1.154941 -0.211736 -4.375301 9.162766 9.927017 
0.194281 -0.909705 -0.184166 0.486561 -1.447870 -6.197031 3.181241 
0.121470 0.422748 0.373129 0.038281 -10.284437 10.971865 26.403145 
0.388680 0.019859 -0.359102 -0.681211 2.075593 8.138239 -9.482687 
0.552874 0.586006 -0.862812 -0.294748 -1.700217 -21.884026 10.742135 
0.107074 -0.360985 0.709887 -0.021719 1.752389 -1.650791 15.544992 
0.218546 0.982182 1.042785 0.305627 6.540509 14.107634 0.234020 
0.118025 0.221557 0.653516 -0.303569 -14.312600 -10.945512 -8.411022 
0.176826 0.261009 -0.255053 0.325254 -4.974877 -9.759899 20.688916 
0.123628 0.299279 -0.652528 -0.916946 -3.007669 0.284208 -7.127300 
0.103987 -0.070957 -0.758132 0.990935 18.051750 0.527459 26.594941 
1.612405 0.100777 0.114234 0.455152 -5.321649 -2.631377 11.406369 
3.952128 -0.371876 1.375557 -0.237501 -1.593785 13.221686 7.992380 
0.090817 -0.410826 0.172832 0.184851 5.282044 -3.720360 -5.303143 
0.094271 -0.286168 0.923469 -0.008767 -2.899965 -6.980819 -4.675910 
0.105198 0.436255 -0.263050 -0.885053 -12.780026 -5.040038 -16.254288 
0.122132 0.050418 0.093711 0.208144 -16.168773 -1.046380 -0.948556 
0.167817 0.468883 -0.443970 -0.679773 -8.752770 -14.584940 3.972287 
0.138488 -0.545809 -1.129878 -0.703308 -1.833792 -21.777114 3.087634 
0.701272 -0.261318 0.118450 -0.843604 29.317786 4.670554 -14.881630 
0.367183 -0.084479 0.610714 0.704053 1.866553 -3.844256 21.870571 
0.116639 0.401774 -0.275067 0.025168 8.681347 -11.333880 -9.062569 
0.156405 -0.094115 0.023172 0.014669 -19.588102 14.106848 -26.778124 
0.118162 0.385362 -0.504015 -0.175119 1.104852 7.395534 9.941898 
0.151293 0.116151 0.068961 0.572557 3.011635 -9.127847 -19.179074 
1.456612 -0.111318 0.016669 -0.456399 -14.190267 2.754672 16.191309 
0.095248 -0.232607 0.482567 0.553061 -3.857981 3.383548 -6.224557 
0.298886 0.245706 -0.072153 -0.626429 -3.977220 0.681688 13.228037 
0.512636 -0.155280 0.657739 -0.641506 1.344596 3.613418 10.494338 
0.121466 0.304271 -0.920395 -1.411631 14.140740 -15.209382 -16.179326 
0.863813 -0.638681 -0.188068 0.166934 -8.553288 -6.916112 -13.736763 
0.283593 -0.426642 -0.265636 -0.842788 -8.917903 -2.666691 3.529708 
0.114183 0.211185 0.114076 -0.153793 -11.606529 25.764704 -8.947367 
0.387857 0.164308 0.245975 0.733170 -3.279207 -10.510801 3.415022 
0.102340 0.018636 0.343332 0.412033 -12.606482 -13.406944 30.504903 
1.423034 0.082178 1.222152 0.159040 16.064439 7.802711 -2.973404 
0.118440 -0.124252 0.176160 0.959135 8.377811 -8.400617 10.493365 
0.087317 0.105753 -0.010167 -0.488534 -13.261857 -0.311545 18.181164 
0.115648 0.007484 -0.309231 -0.027314 1.744896 -10.403516 21.413307 
0.335498 -0.286935 -0.255782 0.830116 8.365676 -22.781045 1.892253 
0.109210 0.234364 0.573903 -0.542518 -7.004699 0.019355 -13.165867 
5.398343 0.478756 0.273801 0.192716 -3.892981 6.287872 6.019660 
0.438696 -0.244619 0.275076 0.559827 -20.335846 -11.719449 -3.944612 
0.102783 0.126080 0.478479 -0.386204 9.584766 -11.963491 9.084085 
0.317653 0.867052 0.319867 -0.891017 1.673641 22.985357 -15.451653 
0.117399 0.253035 -0.303307 0.013014 -14.949578 20.809781 -6.224974 
0.135796 1.121545 0.453882 0.121794 22.813031 -11.588259 5.815146 
0.139152 -0.075862 0.212635 0.203104 -1.383497 18.674457 1.138502 
0.081844 0.480723 -0.397625 0.650977 1.500643 -0.777060 2.907531 
0.210768 0.421317 0.217599 -0.951211 -6.996405 -5.437903 -4.267603 
0.087151 -0.560084 0.194405 0.652488 5.931404 -2.927032 33.298299 
0.247564 0.302100 0.161816 0.528170 -4.722016 -27.177714 -0.691143 
0.118055 0.673223 -0.861834 -0.690524 -1.369378 -2.872702 -11.328563 
0.133708 -0.573761 -0.679881 -0.110360 -13.738452 -26.417551 2.477536 
0.137951 -0.198958 -0.468265 0.478438 -14.537409 7.483644 -9.407804 
0.295736 1.359247 0.924368 -0.063824 50.737695 22.721184 -0.377267 
0.093592 -0.381026 0.034754 0.449608 -1.206387 11.430077 -7.619063 
0.180968 0.265317 0.795801 -0.708511 -0.498583 2.403457 3.377441 
1.058781 0.130642 -0.586235 -0.494048 7.595884 7.409926 -2.093211 
0.086350 -0.070917 0.024729 0.047157 5.474388 -0.803437 18.309928 
0.263354 0.575835 -0.799129 -0.134640 -6.122038 0.751016 -0.253542 
0.556778 0.009718 0.412842 -0.858333 4.614537 -9.412746 0.549205 
0.139284 0.550729 -0.129497 -0.692289 -2.949762 4.841092 1.488879 
0.478468 0.550191 0.297890 -0.301613 -0.568340 2.863826 -11.633942 
0.165293 0.078626 -0.564847 0.253221 -0.370729 5.901290 -3.896523 
0.493788 -0.368499 0.141689 0.240626 2.452901 -2.323024 -25.597253 
0.252788 0.509029 -0.048286 -0.843746 8.883159 5.814248 6.434300 
1.145613 0.505404 0.091705 0.245972 7.476244 -22.070266 13.204246 
0.388183 -0.273560 -0.088958 0.326364 -4.466026 16.777761 28.884082 
0.094407 0.324685 -0.774587 -0.223742 -7.866731 4.478303 0.466107 
0.126740 -0.061291 0.729212 -0.090726 -0.825892 19.099865 0.831837 
0.323270 0.109108 0.280130 0.504305 -4.817343 -10.871882 -7.279681 
0.198042 0.183112 1.042402 -0.181716 -15.749041 23.231765 -0.955336 
1.167561 -0.762082 -0.471888 0.523749 7.880105 -1.503972 1.909264 
2.697368 -0.629221 0.106287 -0.483410 7.658416 3.828819 5.000726 
0.376011 0.399803 -0.221499 0.172490 -22.533240 -10.875499 -12.354522 
0.588263 0.289734 -0.170154 0.908447 -1.059993 -3.821323 -6.579439 
0.138650 0.110709 -0.268421 -0.788473 12.805123 14.899530 -2.485830 
0.373816 -0.069470 -0.737654 0.961495 1.025823 4.042882 6.394734 
0.401930 -0.071646 0.618156 -0.629054 -2.862804 7.705235 -15.307460 
0.263064 -0.253664 0.149981 -0.096312 15.964229 11.364786 -6.902971 
0.459762 -0.448100 -0.679180 -0.360240 -20.643502 0.538545 12.911562 
0.328088 0.385740 0.384410 0.362599 -3.751354 14.308766 5.081217 
0.860282 0.020893 0.659677 -0.113120 -16.299988 6.950526 -1.123639 
0.273055 0.272844 0.349875 -0.129869 7.777558 -12.646534 5.034061 
0.396253 -0.435275 -0.828001 0.091348 -16.617767 -2.107070 -4.166449 
0.246288 0.078032 -0.296842 0.171691 4.097172 12.769457 -23.208041 
0.730294 0.356616 0.111963 -0.160241 -9.422488 1.941730 13.501395 
0.278430 0.357892 0.363020 -0.171161 -3.519061 16.886542 3.897936 
0.151503 0.289674 -0.536162 -0.005231 0.520429 -11.764317 -26.350591 
0.100432 0.092277 -0.576577 -0.324772 16.415668 7.117823 -4.974156 
0.082624 0.220286 -0.909435 0.492515 -14.736674 -2.851846 5.421854 
0.114711 0.771277 0.406394 -0.987344 9.842733 -12.315267 -11.458344 
0.192666 0.775439 -0.222912 -0.027727 -5.951284 -2.009722 -22.867189 
0.287114 0.114114 -0.273042 0.975250 13.722874 -19.180887 1.550556 
0.585359 0.528378 0.674780 -0.114326 5.594332 3.889542 16.350541 
1.376095 -0.164948 0.251926 0.139765 -5.876165 -21.202236 -5.952259 
0.431641 0.548055 -1.044708 -0.037001 8.386264 -0.453643 -11.013721 
0.136683 -0.005181 0.559180 0.040098 -13.753482 7.255064 -0.797735 
0.323241 0.517082 0.061425 0.659454 10.583284 -7.680755 -4.213013 
0.391024 0.164093 -0.252670 0.542765 -27.127672 0.720671 4.680254 
0.112116 -0.254859 -0.090928 0.616696 2.392909 22.195632 -0.076887 
0.116547 -0.358671 0.491924 -0.407551 6.105683 13.349513 -8.336947 
0.952396 0.718445 0.343547 0.161592 2.815072 -13.320575 -4.731543 
0.374161 -0.594217 0.627285 0.000401 -6.823895 -15.048472 -8.647423 
0.178419 0.529203 -0.048890 -0.168118 3.562930 -0.908782 7.172583 
0.192961 0.469607 0.883740 -0.249816 -1.667712 3.230949 -21.063127 
0.763069 -0.176992 0.136275 -0.393110 -6.265568 14.409897 18.206989 
0.181019 0.775314 0.303806 -0.154111 -4.010518 7.693160 10.503532 
0.393969 0.398816 0.190939 -0.531935 21.097058 29.825569 4.197262 
0.408300 0.014637 -0.035690 0.167693 17.754202 1.728967 1.831600 
0.506972 0.516166 0.545627 0.279397 6.518066 -6.692619 -19.080385 
0.168852 0.396226 -0.708393 -0.611298 6.184211 -7.518607 10.780865 
0.196085 -0.638594 0.510794 0.123166 -0.387931 -2.721925 -5.697292 
0.836938 0.899975 -0.671204 0.320905 9.151044 -4.565438 -8.206549 
0.701221 0.266278 0.678296 -0.121747 5.771637 -7.803156 0.841458 
0.263429 -0.128058 0.103822 0.027359 4.098874 17.524944 -9.408348 
0.151360 0.970881 -0.084284 0.864468 -2.019823 -10.802503 18.443403 
0.449375 -0.343403 0.602824 0.267045 2.336854 9.395258 -2.805545 
0.108928 0.403346 0.880390 0.367857 17.499685 -6.314880 14.658983 
0.090465 -0.962329 -0.235272 0.545376 1.962292 -0.699131 7.044980 
0.531060 0.580571 0.224052 1.187238 -6.118061 14.759531 18.353207 
0.272013 0.490998 0.520270 0.375531 -14.124727 10.817068 18.090645 
0.127889 0.509905 0.153333 0.331009 12.183983 -5.146206 -2.347807 
1.070260 -0.104804 -0.062126 0.069258 -4.339507 -16.563737 -13.894375 
0.111702 0.204671 -0.332372 -0.800880 -14.850245 4.631713 -1.694575 
0.275275 -0.043141 -0.314446 0.014537 20.568126 -14.975983 4.770305 
0.433814 0.746628 0.367590 -0.041071 -6.431964 -8.771483 -9.556770 
0.121123 0.265792 -0.521145 0.346882 -6.220350 -9.340303 -24.600513 
0.604561 -0.460909 0.453417 -0.660725 -11.982336 13.268814 6.852610 
0.672200 0.518791 -0.256255 -0.185534 14.147209 5.518642 20.818070 
0.485099 0.315067 1.153788 -0.078237 6.077889 18.916158 10.030352 
0.088968 -1.294226 -0.250271 -0.049741 -15.313073 9.196352 -1.312540 
0.372330 0.400235 0.592437 0.427231 -8.294224 4.606743 -8.863119 
0.427499 -0.655895 0.098366 0.916978 8.553313 -11.526431 19.507282 
0.148166 0.619749 -0.030607 -0.316233 5.590518 -19.363379 -10.022190 
0.205405 -0.197947 -0.322724 -0.597881 -0.608354 -19.899647 -10.195056 
0.273438 -0.443570 -0.661919 0.247880 16.471255 -3.641762 -2.455280 
0.257004 0.318350 -0.684478 -0.468355 10.152356 10.694445 -23.777257 
0.083821 -0.039976 0.411766 -0.110278 -7.934020 6.933531 23.773444 
0.673429 -0.414319 -0.136840 0.962366 -0.931440 -4.911705 15.716205 
0.093338 -0.164535 -1.111062 0.759499 4.039722 -6.627032 8.458282 
0.097693 0.023188 -0.095023 -0.586825 -0.442363 -1.648690 13.466231 
0.081727 -0.288716 -0.249051 -0.329495 -0.369434 -6.581224 6.666788 
0.417045 -0.122628 -0.009745 0.214136 15.432814 -5.142497 -19.643450 
0.387177 -0.646034 0.270873 0.421130 -10.423544 -3.965767 -1.462721 
0.350927 -0.275401 -0.711174 0.392129 -6.212521 6.032000 6.177329 
0.081891 0.605830 0.073210 -0.580773 -6.878530 -3.472473 -15.796770 
0.111530 -0.083422 0.198024 -0.189222 -16.275592 11.134622 28.602731 
0.729211 -0.343028 -0.200308 0.283861 -5.733926 -1.195038 -14.759133 
0.081209 0.813300 0.348288 0.091935 3.821355 -2.761183 5.246699 
1.066327 -0.173314 -0.207086 -0.672029 8.592840 10.242314 -2.194483 
0.844840 0.209781 0.092038 0.138330 -14.903531 8.767709 11.198238 
0.286414 0.316060 -0.350749 0.830928 3.899887 -3.095169 3.185736 
0.108220 -0.331326 0.692232 0.261982 14.146053 0.457331 11.358745 
0.106446 -0.394248 -0.209743 0.290642 21.447812 -14.733009 -3.895072 
1.618982 0.419215 0.993151 0.380669 -9.583872 26.022231 -5.489850 
0.126190 0.009957 0.226545 0.335786 -22.947941 0.482299 -12.386425 
0.666898 0.118084 -0.010073 0.118545 6.528872 -3.919669 13.224770 
0.355266 0.467643 0.063045 -0.710686 -0.491326 -0.213183 1.362402 
0.365762 -0.503470 -1.739329 0.263662 -20.613030 -36.012244 -4.599832 
0.430606 0.503146 0.263006 0.115834 9.061191 15.916974 -2.655799 
0.100431 -0.778438 -0.613690 0.536147 11.753819 -11.255602 12.263771 
0.189647 0.530032 -0.120585 0.148442 -9.259938 -4.423655 8.060148 
0.132254 0.065855 0.529279 -0.215235 -19.486433 -4.179227 10.136420 
0.500139 0.212065 -0.370575 -0.445971 -15.059689 -8.063147 -22.053484 
0.175237 0.483684 0.021541 0.167413 1.558804 21.770111 -17.609510 
0.123696 0.137211 0.536793 -0.313332 2.195898 9.706881 4.262507 
0.195281 -0.125703 -0.492770 0.402412 -7.922677 -14.116814 -22.958971 
0.599939 0.363833 -0.314586 0.525455 -28.603097 -11.678100 11.080333 
0.192741 0.147899 0.262401 -0.183700 4.069551 -11.210354 -2.106045 
0.200778 0.594431 0.939373 0.154431 13.891068 -2.930207 0.681726 
0.177472 0.165976 -0.784599 0.500185 -1.726555 -15.549113 -17.441966 
0.127855 0.003328 -0.162297 0.564504 7.802192 -24.070972 7.564953 
0.220526 -0.000439 0.370396 -0.311267 1.440626 -10.890490 12.099178 
0.627642 -0.279822 0.200727 0.012962 -0.019957 -8.209558 7.440088 
0.637465 0.588167 -0.495539 -0.125961 -8.279609 1.004901 -2.060894 
0.169117 -0.331774 -0.751227 -0.996035 4.057083 -6.984573 -4.646054 
0.114784 -0.215268 0.496853 0.406625 -13.595331 -15.218558 4.794323 
0.135557 -0.242240 -0.452233 0.105648 -1.194987 11.300365 4.966010 
0.579415 -0.615321 -0.162230 -0.742252 -13.293991 -2.569503 9.868819 
0.624848 0.064861 0.187053 -0.234485 26.248549 21.906658 -9.402548 
0.385484 -0.265841 0.743097 -0.290423 -20.877125 6.281586 12.094231 
3.082417 0.124703 -0.195251 0.289936 -16.786582 -4.733985 6.793260 
0.310489 -0.238227 -0.001307 -0.583536 -1.882269 -17.338643 14.225780 
0.457154 -0.425550 -0.137458 0.409921 4.975803 5.263647 7.242812 
0.279294 -0.202682 0.404621 0.881904 -8.155727 2.675017 4.810333 
0.089763 -0.060405 0.190646 0.645274 8.924196 -12.981345 -10.814024 
1.249225 0.289026 -0.135088 -0.158183 -17.073143 21.227948 -4.874273 
0.163561 -0.012600 0.018045 0.321279 21.342760 -16.829837 1.430909 
1.702665 -0.273637 0.079557 -0.023930 -15.254359 13.585797 20.590138 
0.087567 -0.504907 0.342485 -0.142688 10.096682 22.861631 -1.494880 
0.192231 -0.354081 -0.070607 0.054760 3.802914 14.829070 -0.588227 
0.122081 0.691822 0.367474 0.421483 8.213373 -7.491492 -11.023901 
0.088452 0.077682 -0.717772 -0.104277 2.003650 -9.035693 9.110734 
0.470758 -0.588926 -1.256405 -0.168022 -7.020086 -16.523081 6.975958 
0.196106 -0.108404 -0.179885 -0.059213 5.027041 -2.048218 -8.824696 
0.163499 0.159949 -0.758656 -1.133162 16.742750 -22.929279 -3.509887 
0.080867 -0.171514 0.063187 -1.139247 23.389407 18.621590 -20.841068 
0.223604 0.621665 0.167095 -0.361933 -7.300690 2.525771 13.473127 
0.155926 -0.073629 0.548535 0.177674 -28.059781 3.250329 16.906816 
0.238387 0.328742 0.242128 0.656658 5.458419 16.676325 -9.002272 
0.106154 -0.167242 0.167137 0.473989 10.755023 0.313244 -2.522211 
0.169911 -0.728587 0.739487 -0.057060 1.748540 0.020718 -12.671150 
0.113329 0.168869 0.150290 -0.722149 17.955782 13.615325 5.974486 
0.192419 0.727697 0.071160 0.199995 18.132252 -26.623363 -8.794662 
0.594225 -0.619321 -0.313279 -0.757407 0.341337 0.753461 -4.382591 
0.085164 0.611745 0.196273 0.159814 -4.380115 -1.820937 -19.514879 
0.117057 0.180666 -0.763220 -0.141271 -3.658853 8.345593 -7.866059 
0.205043 -0.235090 -0.658282 0.478709 4.305285 -10.184196 -8.620045 
0.234649 -0.793164 0.021316 0.217329 3.040229 -15.667605 7.012144 
0.487672 -0.245406 -0.355605 -0.304917 3.769095 17.744142 7.216406 
0.223182 0.429657 0.526875 0.310121 8.112188 -7.261047 -6.090491 
2.476904 -0.456004 -0.738624 0.620184 -8.304805 -9.632867 -14.021977 
0.441734 -0.116829 -0.184724 0.098240 16.329056 -5.352052 -4.239487 
0.230397 0.521271 0.233969 0.222808 14.358375 -6.596509 7.611747 
0.689100 0.607552 0.919856 -1.044791 24.887482 10.369315 -13.984329 
0.815528 -0.387206 0.603923 -0.288624 -30.589261 3.574050 6.697341 
0.161492 -0.500839 -0.058746 0.430991 -4.617387 16.021466 -1.103439 
0.542296 1.399029 -0.069006 -0.460123 17.115021 -8.778296 -2.644478 
0.146522 0.682833 0.573110 -0.004142 -2.638330 4.668858 12.989445 
0.256037 -0.706171 0.674365 -0.085557 -13.960525 -9.231106 -14.733001 
0.887681 -0.686264 -0.836867 0.792838 -5.782453 3.625243 13.461825 
0.101372 -0.212226 -0.299634 0.292974 0.232499 10.259495 12.916793 
0.141931 0.489570 -0.251813 0.189554 12.871850 11.866869 3.423952 
0.178446 -0.603804 0.125050 0.099567 -20.691988 10.968816 8.727089 
0.083374 0.161775 -0.155704 -1.129002 5.144233 -4.200309 -1.377808 
0.376685 -0.384649 -0.370286 1.026306 0.091535 -1.363056 12.874653 
0.585808 0.514298 -0.547934 -0.151350 -6.808436 -20.987873 7.223762 
0.102075 -0.335470 -0.529906 0.004627 -0.489050 16.624019 13.015045 
0.086694 -0.180815 0.315975 -0.401749 24.704522 19.726386 -4.180241 
0.654455 -0.262465 0.072285 0.311919 -5.247832 -2.260230 13.889938 
0.442796 0.705310 -0.080150 0.130603 -5.806003 -2.156304 -18.467037 
0.103990 -0.254090 0.428185 0.000029 -12.712094 15.400096 -9.107611 
0.137893 0.703824 0.619703 0.209220 1.637332 -6.763485 -0.737216 
1.044939 -0.079185 -0.125551 0.132704 21.750750 -7.055767 -18.680662 
1.025335 -0.328547 0.140209 0.614228 -7.088608 -2.111474 -12.571241 
0.472835 0.285459 -0.068940 0.356417 -4.988121 5.661725 30.240443 
0.672168 -0.261235 0.624048 -0.549097 -29.827145 11.937906 5.784978 
0.208490 -0.938553 -0.003470 -0.009445 -19.669241 -17.276456 -3.004998 
0.292610 -0.510202 0.464950 -0.420370 -12.650606 25.207329 8.193371 
0.111344 -0.134927 -0.030952 -0.101180 1.627383 -11.235520 21.387609 
0.466067 -0.280729 -0.640382 0.315357 11.329480 -0.634381 9.329803 
0.112109 0.318973 0.646097 0.210293 -7.009001 2.020079 -5.619141 
1.021373 0.529949 0.191571 -0.327793 -11.026464 1.434546 4.473504 
0.247245 0.249442 -0.200324 0.012890 -22.584362 -16.990771 21.725303 
2.937998 -1.150047 0.017726 -0.504449 -23.146967 -10.294905 7.137667 
0.112201 0.096035 0.453348 0.256954 12.216694 -14.054805 3.835404 
0.941373 -0.057175 -0.316160 0.138965 -11.730040 19.091053 -3.428065 
0.186332 0.189862 -0.358096 -0.651368 14.267215 -2.270989 -14.263069 
0.206312 0.200907 -0.398561 0.063475 -10.701764 0.321596 -18.217640 
0.087521 0.482868 0.900617 0.713073 0.265492 3.279696 3.272010 
0.337060 0.185120 0.549589 0.356856 9.166209 -9.676139 -7.797354 
0.506829 -0.471972 -0.102541 -0.130460 5.058764 2.131591 25.425090 
2.506229 0.899554 0.638820 -0.458393 -3.737289 15.908890 -2.408703 
0.109658 0.005234 0.212614 0.669339 17.114034 4.465635 -4.140151 
0.093631 0.619539 -0.390429 -0.162125 -13.354448 2.274871 4.238538 
0.994606 -0.032605 -0.167219 0.243381 19.248875 -1.058922 9.653333 
0.184780 1.002077 1.219344 0.219010 11.130801 16.112644 -1.598606 
0.113864 -0.129274 -0.599384 0.336704 2.352987 -0.119550 -16.200201 
0.500571 0.123309 -0.863689 -0.431394 27.122443 -3.679617 -15.473673 
0.375402 -0.306126 0.245139 0.397026 2.182400 -2.953388 17.210829 
0.121279 0.004712 0.055404 0.964971 15.328911 0.010118 -0.730282 
0.437171 -0.133627 0.006719 0.367711 19.274839 -2.096222 -17.445824 
0.420529 -0.345363 -0.408279 0.502882 6.133772 -2.320800 -0.751591 
0.140832 0.032394 -0.208079 -0.322178 8.890105 -8.647574 6.638466 
0.317286 -0.058060 -0.315389 0.178587 8.333104 15.729990 -0.129079 
0.092539 0.948005 0.235673 -0.859319 10.526111 -7.318994 -1.864851 
4.198783 -0.140392 -0.157278 0.456230 -4.893603 -4.440691 -13.778437 
0.435794 0.681897 -0.345757 -0.321201 -0.973652 6.611348 5.267684 
0.299195 0.258861 0.470260 -0.532533 -5.013945 -11.134706 -9.701550 
0.366428 0.149971 0.400744 -0.748322 -19.554006 5.084573 0.302921 
0.300202 -0.058151 -0.283424 0.256726 7.323375 10.857437 -2.563807 
0.585186 -0.199159 -0.209285 -0.731196 7.106314 -4.631591 5.518583 
0.524509 0.129295 0.405555 0.283734 -3.123743 -8.311528 -20.844469 
0.292083 -0.083430 1.154807 -0.626407 5.989339 16.070867 7.740893 
0.107699 0.273732 0.822019 0.165295 -2.755915 19.478628 21.313901 
0.744916 -0.291639 -0.077378 0.196994 -16.583679 33.139439 11.207522 
0.131940 0.139929 0.619473 0.081918 -8.677270 28.919619 -1.763308 
0.104491 0.128027 -0.235175 -0.052485 -16.194846 -15.344225 23.753884 
0.504475 0.194189 0.099330 0.179574 -13.291330 5.707147 4.901780 
0.159200 0.262413 -0.161706 0.550749 -9.613151 -7.968023 -0.199649 
0.144224 0.713753 0.991437 -0.850833 2.241669 23.611496 -0.786181 
0.221063 0.746208 0.236037 0.196261 -1.257364 8.723290 -18.886156 
0.339783 0.190097 0.472107 -0.575337 -7.511550 -9.537483 -7.460466 
2.985742 0.018613 -0.886892 0.487202 22.645160 -0.723628 -0.919562 
0.098040 -0.350107 -0.283704 0.749505 -5.202825 -2.647346 -10.589165 
0.364111 0.481977 -0.088305 0.615000 -9.450581 -7.284312 -1.812551 
0.144886 -0.544714 -0.167740 0.203493 11.467683 12.744704 12.513758 
0.360597 0.191860 -0.393626 0.435175 -7.033329 3.409618 -5.793309 
0.254317 -0.571780 0.757338 -0.839797 -12.535599 -3.824289 -11.231571 
0.555913 -0.573534 -0.615725 0.228469 6.346405 -5.787912 -6.272883 
0.416651 -0.745910 0.374759 0.300888 -29.191602 -4.031228 -4.265533 
0.151008 -0.297170 0.969518 1.034961 0.173486 11.920326 11.703842 
0.577563 -0.134361 -0.222686 0.592059 -5.169841 14.174543 -12.421118 
0.141965 0.876669 0.457423 0.639490 12.833267 2.205726 28.877118 
0.120024 0.483431 -0.214272 -0.357628 -2.572307 -4.194527 11.998934 
0.182852 -0.416727 -0.175646 0.220273 19.431445 -22.610860 -0.214956 
0.189724 0.049649 -0.130291 0.618906 8.911374 -2.106710 -17.160556 
0.150160 0.232987 0.154676 -0.082902 11.260031 -20.294798 24.587076 
1.373741 -1.407568 -0.674996 0.669553 -26.649761 0.005449 11.796334 
0.283453 0.052037 -0.213406 0.366783 17.368117 -6.034834 19.147174 
0.170281 -0.441092 -0.685729 -0.411305 -11.673799 4.271479 7.785888 
1.505698 -0.752943 0.622722 -0.143916 -7.869240 4.297785 1.911688 
0.360047 0.055320 0.319425 0.314499 -26.420794 9.187409 -8.130665 
0.588861 0.571615 -0.569548 -0.373142 -11.986019 -6.313027 -1.710331 
0.381565 0.455170 -0.337348 -0.216453 -14.903600 -12.011968 2.126253 
0.166121 -0.082162 0.695717 0.321809 -5.705065 -7.896954 -8.547935 
1.652096 0.011284 -0.520785 0.055324 5.374154 -4.555765 -2.943036 
0.215498 0.766136 -1.208990 0.579040 21.807999 -11.933142 3.511672 
0.524663 -0.006015 0.228747 -0.141170 -9.416951 10.772047 9.603574 
0.489037 0.397674 -0.292948 0.117031 -5.304689 15.025171 -18.210861 
0.247044 0.205003 -0.021651 0.073405 6.733304 1.489137 17.990732 
0.408569 -0.865083 -0.513178 0.293222 -2.547516 5.155107 4.547871 
0.429966 0.180134 0.061883 0.028714 -10.089521 8.428099 4.313977 
0.205030 0.542378 0.025248 0.299784 23.492698 -15.686138 0.776369 
0.104504 0.681935 -0.170207 -0.177854 7.508422 1.655839 -13.201633 
1.704172 0.529017 -0.836389 -0.623048 1.735059 -3.278424 -16.189334 
0.208973 0.295337 0.954237 -0.603589 7.812421 5.875562 -10.521700 
4.631110 -0.657252 0.927327 -0.175793 -13.509396 12.703182 16.091426 
0.135103 0.154803 0.452830 0.236206 -6.428844 -5.088140 -14.455657 
0.169606 -0.050073 -0.308480 0.738780 9.200065 17.358372 4.517356 
0.567692 0.090923 0.638787 -0.177682 -22.548794 -7.095850 -16.113771 
0.214292 0.294025 -0.251187 -0.206952 4.427941 -3.435838 26.453268 
0.450345 -0.054820 -0.673536 -0.672493 -4.053248 5.535227 -2.136538 
0.407103 0.204193 0.084038 -0.414329 -8.384743 8.548110 -2.904938 
0.846636 0.024287 -0.120602 0.235517 3.974986 15.551539 -16.500445 
0.123163 0.654468 -0.046903 -1.116234 4.801315 -11.714244 -13.672565 
0.120648 0.251347 0.396389 0.329122 2.642761 15.528243 -17.780941 
0.387333 0.449651 0.228767 -0.462896 -1.864236 20.335263 4.719210 
1.095352 0.265232 0.054438 -0.079506 8.601098 13.587629 13.177168 
0.212730 -0.327776 0.400465 0.325759 2.860909 -3.627952 -19.369662 
1.575080 -0.195560 0.400419 -0.624465 -6.383280 16.639309 15.186592 
0.102042 -0.253363 0.109438 -0.419491 13.912938 15.114134 3.279681 
0.606266 -0.251831 -0.378117 0.267418 -17.241936 11.756915 2.371849 
0.250734 0.635262 -0.038219 0.089189 6.694546 1.615964 -3.566830 
0.184902 0.216765 -0.983037 -0.041394 -9.312384 2.037306 -1.249758 
0.348863 -0.870795 -0.270187 0.494349 -11.824840 19.345035 -2.499510 
0.127948 0.447009 0.261862 0.060851 14.570264 -16.928851 11.848436 
0.127545 0.779960 -0.513254 0.497070 10.498565 8.238438 26.277757 
0.089378 0.022824 0.861435 0.398405 15.218431 8.453899 9.407518 
0.220514 -0.898423 0.198390 0.278262 4.573649 9.264095 11.716623 
0.195396 0.665090 0.343325 0.578172 10.820336 -12.153237 -2.619466 
4.245083 -0.032073 -0.203417 0.409719 -13.174338 -21.578601 5.832112 
0.095817 0.169266 0.129811 0.620095 -7.154907 10.234920 -2.812591 
0.569763 0.581909 -0.176406 -0.132793 -6.231892 11.638800 -0.119781 
1.098164 0.322419 -0.460978 0.285945 1.070860 -3.876676 3.919074 
0.538990 -0.540120 -0.020648 -0.388576 0.898809 6.295689 -3.400719 
1.288776 0.442148 0.068556 0.081398 -25.175632 7.771107 9.306532 
0.193816 -0.345985 -0.387675 0.543441 8.189505 11.029442 10.028820 
0.378483 0.975255 0.445971 -0.286480 -2.097068 13.602183 2.812487 
0.130333 -0.769906 -0.471399 0.057746 -9.415948 17.712281 2.611131 
0.235233 -0.283323 0.638599 0.582764 -0.890592 5.352933 -15.639927 
0.474050 0.068052 -0.143586 0.431358 15.464565 7.456221 -7.551064 
0.170650 -0.236822 0.636422 -0.145477 10.251505 -6.955376 -2.348935 
0.551803 -0.902128 0.072125 -0.302065 -13.557345 -7.069537 3.554458 
0.131497 -0.490669 -0.074747 0.307620 0.956829 16.070207 1.915720 
0.367063 0.245577 0.739344 0.048428 -17.672593 1.392193 -11.483531 
0.237052 -0.052257 0.278615 0.243541 -0.911518 -14.909581 -16.566851 
0.979329 -0.686653 0.081832 0.354181 2.520130 -2.818800 15.264224 
0.113309 -0.418665 -0.590450 0.145807 17.254220 2.322969 -2.840611 
0.202812 -0.258251 0.143977 -1.021171 18.784756 6.846196 -9.953958 
0.145792 -0.295253 -0.497276 0.225156 3.015943 13.754058 -10.348859 
0.206856 0.519185 -0.663517 -0.383029 -4.934770 -30.498022 -16.479408 
0.534870 -0.131971 -0.672223 0.711317 -15.599578 8.511388 0.427644 
0.091732 0.053269 0.726661 -0.065932 -23.087834 2.898411 13.706067 
0.094435 0.218723 -0.618071 0.482034 -1.527441 0.877447 18.879451 
0.106821 0.058898 -0.122091 0.389432 5.591696 -6.732310 -3.504736 
0.443043 -0.339508 -0.183956 -0.244686 11.850883 3.229408 -18.210262 
0.087582 0.512750 -0.387665 -0.084266 -6.238555 -8.174404 -16.058221 
0.159466 -0.537719 0.593964 -0.257465 -13.557468 -6.135738 7.627707 
0.829727 0.222583 -0.283106 0.627155 3.750650 -4.119040 -13.845957 
0.093662 -0.447239 0.728130 -0.036685 -7.705756 9.578234 21.310519 
1.055006 -0.118632 0.405880 -0.673800 -13.462213 7.065630 -9.259630 
0.290595 0.345989 -0.630021 -0.480778 9.148203 -1.401806 16.450156 
0.226020 -0.334384 -0.794618 1.414503 11.214936 -15.900211 27.263105 
0.258652 -0.035126 -0.180555 0.158977 -9.384804 11.309719 -5.217149 
0.504080 0.023446 0.135378 -0.627919 12.405543 -7.525932 0.809315 
0.133644 0.307712 0.660354 -0.565718 -8.622269 -8.703190 -29.449599 
0.102367 0.436601 0.313085 0.062772 -8.523927 7.480185 12.164515 
0.102733 -0.555440 -0.071039 -0.276052 15.356026 14.014935 -0.308730 
0.406103 -0.035565 0.405457 0.876796 2.853006 -2.026143 -0.926843 
0.170184 -0.545806 -0.981904 -0.097857 -5.407479 -3.610562 -16.689598 
0.080956 0.346057 -0.048520 0.238865 18.414315 28.008152 -12.184523 
0.171393 -0.095424 0.418323 0.607296 -8.752861 22.772115 6.654058 
0.103884 0.080045 -0.274477 0.357243 -11.782954 1.552978 6.888360 
0.287723 -0.262941 -0.204568 0.166757 1.632289 -0.784018 11.005633 
0.707610 -0.065574 -0.179282 0.124977 -6.596433 0.373019 28.598852 
0.161798 0.289933 0.602457 -0.452885 0.185332 -3.629494 4.208414 
0.495528 -0.736614 1.376945 0.474452 -12.297644 15.808420 3.941162 
0.081729 0.570761 -0.171784 -0.476304 15.359947 8.736223 13.292065 
0.498673 -0.576796 -0.184720 0.597473 8.260851 -6.826466 7.690203 
0.189760 -0.381429 0.182355 -0.480735 -12.853014 -3.821632 4.530271 
0.174582 0.846969 0.350490 -0.242615 15.516735 4.400919 11.607957 
1.913197 0.157787 -0.611296 0.050708 4.339895 20.505792 2.150415 
0.156957 0.162230 -0.449528 0.464289 -9.912775 10.823954 -0.214531 
0.318637 0.104370 0.693896 0.456436 12.342545 9.770436 -2.072421 
0.384886 -0.237975 -0.837958 0.497973 -13.734062 -2.412609 -0.393594 
0.094543 -1.090057 -0.229081 -0.603521 -5.351603 10.555402 -20.028026 
0.093801 0.359358 0.091192 0.914899 13.133363 -10.560357 -1.585532 
0.259589 -0.218645 -0.234562 -0.393227 2.665588 12.627302 11.443312 
0.331382 -0.067464 0.117442 0.020423 -6.631535 7.958775 -1.960530 
0.597086 -0.344766 -0.468984 0.122589 -26.136211 17.011923 -10.131443 
0.244466 0.167688 -0.087094 0.069234 -4.600598 -10.405204 8.716420 
0.409757 0.542976 -0.536785 -0.087578 -1.265045 -5.453874 24.115313 
0.703460 -0.964148 0.449826 -0.180719 -3.514344 9.199826 13.157590 
0.129081 -0.100499 -0.147629 -0.192786 14.974914 2.927418 -1.474275 
0.592856 -0.095139 -0.850715 0.050233 16.369734 2.508810 11.973274 
0.598064 0.111059 0.034148 -0.578504 6.981654 12.312026 17.301872 
0.315326 0.355242 -0.270222 -0.277050 -3.914214 17.222954 15.322050 
0.830552 0.516159 -0.495284 0.474082 2.375858 1.263647 -11.291973 
0.107798 -0.138065 -0.069109 0.269763 -13.070032 17.941865 22.395643 
1.282747 -0.481593 0.170659 0.516668 -2.483082 -22.299161 -6.562661 
0.179704 0.365060 -0.082828 -0.725079 -0.807227 -13.029474 6.343020 
0.226650 0.143618 0.387499 -0.039631 16.855066 -11.180015 5.874765 
0.213577 -0.363754 -0.639699 0.087362 -0.432800 16.265348 5.246724 
0.360054 0.413403 0.581234 0.332787 -3.396308 -7.949983 7.253549 
0.590465 -0.609767 -0.321161 -0.111408 10.506528 -6.284243 2.869333 
0.323997 -0.011884 0.109848 -0.954991 -3.835004 26.325167 -14.882763 
0.080856 -0.424679 -0.920723 0.690807 11.375784 -7.818578 11.874355 
0.143920 0.068834 1.208896 -0.194737 3.615654 13.347147 0.605883 
0.128165 0.509567 -0.395483 -0.160083 19.365303 6.409901 4.872991 
0.371144 -0.405053 0.590095 0.442645 -1.748628 16.187578 -7.235417 
0.145470 -1.017306 0.483745 -0.001359 -6.055197 6.586760 -17.584681 
0.092657 -0.028907 -0.813639 0.257661 -3.442440 8.185787 -9.027260 
0.587126 -0.068400 0.307086 -1.025074 20.975836 -12.539564 -16.311960 
0.235289 0.264756 -0.295890 0.068634 7.605767 2.483916 8.834218 
0.569180 0.769856 -0.370720 0.445075 -0.428618 -12.891008 -4.895135 
0.093590 0.142899 -0.136766 0.314784 -13.388975 4.698667 24.020794 
0.249342 -0.300248 -0.333576 -0.826175 1.450748 -9.208514 -2.531158 
0.543855 0.071949 0.317651 -0.269097 30.371795 -6.031885 -8.538244 
0.236315 0.318411 0.005917 -0.982478 19.671561 28.313960 -16.030325 
0.136931 -0.513084 0.934734 0.052684 -0.123500 2.093267 -8.685705 
0.109437 0.473350 -0.008949 0.704126 -6.464430 -16.985233 5.458224 
0.915698 -0.661681 0.327032 0.646515 11.476800 7.664167 1.350934 
0.125769 0.117383 0.488220 0.407126 -10.865403 -6.199516 -8.209219 
0.182221 0.654942 0.287553 0.094964 7.896660 -5.928923 -0.693589 
0.624303 -0.250582 -0.792780 -0.285047 -12.333897 -4.613150 -6.205004 
0.123119 0.513725 0.011696 -0.017656 -15.679399 0.882226 2.382319 
0.093277 -0.635986 0.343385 -0.319922 9.381525 5.669886 4.688996 
0.126609 -0.862575 -0.606278 -0.168565 -5.659118 -8.607051 14.518301 
0.342755 0.252773 -0.594086 -0.005048 5.579166 16.560194 1.585401 
0.887808 0.589514 -1.018540 0.029313 10.638252 -12.369498 3.145233 
0.718573 -0.839223 -0.003261 -0.108717 -8.168228 -7.125119 -13.520799 
0.789225 -0.073412 -0.367702 0.402696 -8.244983 23.712167 8.672741 
0.126531 0.248077 -0.295488 -0.129396 18.212141 2.878638 8.778826 
0.685572 -0.347535 -0.291961 0.135408 1.945457 -6.757131 1.895008 
0.342997 1.144409 -0.339163 0.075155 4.349480 -1.400475 -4.455721 
1.141486 0.651331 -0.129382 0.743783 6.063133 10.863926 6.213186 
0.181571 -0.010634 0.078788 -0.527000 -13.989085 4.081100 2.193433 
0.271737 0.071972 0.266045 -0.441083 -10.273456 1.696413 4.694915 
2.465276 0.490906 0.174026 0.217587 -5.661280 5.987029 8.251453 
0.132761 -0.930688 -0.334658 -0.176912 0.659506 1.460683 -11.795319 
0.088416 0.904908 -0.056392 -0.425304 3.136433 -3.376151 5.201946 
0.089291 -0.207952 -0.126730 0.143643 -1.281249 13.466535 -18.150234 
0.263350 0.220385 0.420852 0.692269 7.708521 0.517382 -0.052801 
0.423754 -0.191125 -0.664789 -0.286950 13.722610 -5.382730 16.451314 
0.178200 -1.322999 -0.643298 -0.015236 -16.659537 -2.769806 -0.683544 
0.269147 0.480835 -0.908407 0.280296 -11.854167 -10.577886 -4.435702 
1.218772 -0.737920 0.725740 -0.388939 -11.059912 -8.805077 2.325086 
0.195759 0.409852 -0.047856 0.660040 8.019132 -19.496868 16.524224 
0.310560 -0.408895 -0.074924 -0.198843 -3.292412 9.680231 17.520765 
0.132928 -0.046714 -0.166723 0.568044 -2.022425 13.161328 -14.632600 
0.130606 -0.492377 0.781670 0.756514 -1.222266 4.479075 2.356332 
0.180981 0.328929 0.247035 0.199319 10.981721 33.320478 27.560844 
8.040799 -0.075891 0.313329 0.160290 8.664495 -2.225262 -2.314140 
0.080873 0.780686 -0.041035 0.226830 0.954204 11.727141 7.639009 
0.337684 -0.230050 0.735446 0.764415 6.069571 2.080882 21.665957 
0.727006 -0.243781 0.649832 -0.200693 -23.941713 8.286675 10.031681 
0.130102 -0.008489 0.741984 -0.374979 -2.329609 1.767772 7.789511 
0.107057 -0.208980 -0.579910 -0.553863 -3.470137 -11.022601 17.120384 
1.352041 0.043450 0.128762 0.826427 -10.444935 4.116323 -7.433614 
0.108970 0.305055 -0.185523 0.685956 -19.956815 -1.949078 9.746036 
0.148499 0.975535 0.735921 -0.606319 12.820689 1.753217 -11.166941 
0.263983 -0.170891 0.208192 0.180476 9.928216 -21.040050 0.096444 
0.240265 -0.080925 -0.621986 0.036068 -13.244987 17.051387 -6.944119 
0.217954 -0.143892 0.369984 0.405093 2.992796 5.101382 2.847186 
0.444167 -0.288940 0.428564 0.658476 -2.789730 14.342392 -0.016314 
2.752555 0.189756 -0.095680 -0.399750 1.193526 11.921181 -24.939740 
0.266546 -0.005295 0.192020 -0.256079 12.671719 4.582048 -20.928210 
0.104305 -1.223858 0.136020 -0.150575 -11.347061 7.680465 4.212283 
0.144490 0.622746 0.108170 0.401352 17.968913 15.779753 -13.320003 
0.094619 0.000698 0.117541 0.491001 6.225864 -3.261716 5.997250 
0.144851 -0.723884 0.363649 0.216830 4.074308 8.916555 22.033484 
0.132290 0.367353 -0.569445 0.332260 -7.859506 -1.799265 24.579195 
0.524424 -0.231633 -0.218657 -0.639105 1.125396 -9.849220 -3.525477 
2.804970 0.204950 0.138833 -0.145318 31.764049 8.201654 0.374282 
0.151725 0.508288 -0.175058 0.326475 8.244918 6.506567 10.117194 
0.691052 0.113859 0.694741 0.360889 -11.316823 5.853123 -5.098582 
0.123125 -0.754095 -0.923673 -0.419111 -22.515693 -8.909281 -8.363962 
0.095501 -0.423831 -0.348418 -0.153822 6.013884 0.606192 9.615086 
0.082472 -0.158552 -0.006442 0.032681 -5.115622 -9.091734 27.621466 
0.088000 -0.537991 -0.079594 -0.363980 -2.458568 0.176122 18.315143 
0.106567 0.470859 -0.162633 0.071061 -5.951543 -0.679269 4.329863 
0.083960 0.203033 0.218320 -0.196991 -7.627468 -22.135995 15.709688 
0.444394 -0.070014 -0.401168 -0.572588 -5.047005 8.041406 8.212815 
2.968598 -0.261574 0.325042 0.589727 -9.710182 3.573784 -12.251120 
0.118415 -0.661289 0.231457 0.840337 -12.937186 -0.391974 -7.141439 
0.123056 -0.133066 -0.247174 -0.320234 -6.696978 -13.191400 12.737221 
0.111967 0.080915 -0.431264 0.286741 -18.436578 3.539838 -12.266051 
0.095336 -0.025915 0.270946 0.206331 -7.459684 2.328245 6.521967 
0.085245 0.195573 0.206072 0.704964 -12.583913 2.285488 5.106813 
0.219520 0.035734 -0.240707 0.548861 -23.688114 -8.824662 12.737935 
0.269315 -0.411950 -0.996391 0.681354 -7.655542 -10.273269 13.311943 
0.084729 -0.311423 0.534155 -0.468179 -1.961484 -9.800883 9.444074 
0.193296 -0.094436 -0.986482 -0.223973 5.725981 -3.638148 14.282022 
3.042533 -0.285073 0.490100 -0.507643 -4.687929 -16.360257 -12.351671 
1.417540 0.731398 1.024590 -0.525127 14.197636 12.215479 0.382663 
0.348250 -0.426599 0.317416 -0.378628 -7.366228 1.826620 0.403918 
0.189420 -0.705842 -0.236984 -0.358971 3.221705 2.638056 14.713848 
0.222484 -0.210524 -0.133380 0.336613 -2.660314 -10.145820 12.187801 
0.319069 -0.637812 -0.156825 -0.563387 1.497166 6.318521 -11.576786 
0.092091 -0.568766 0.012369 0.282143 -8.663024 -7.208932 14.529637 
0.486369 0.024224 0.348640 -0.029905 22.298760 -9.011493 -9.772675 
0.293964 -0.430091 -0.520752 0.416283 7.137334 9.628826 -3.825325 
0.150389 0.395326 -0.670672 0.130571 -7.810876 4.215262 -9.093388 
0.098254 0.597621 0.063905 -0.389333 -7.252007 0.551786 -3.864474 
0.129777 -0.171142 -0.044545 -0.077928 -5.707150 -6.748591 9.145929 
0.089968 0.456644 0.100098 0.879559 10.890360 14.230057 -3.709425 
0.178187 -0.483536 0.046624 0.382597 3.349856 -1.941399 -18.702069 
0.446547 0.068135 -0.400953 0.179332 -19.630890 -2.819072 -4.548991 
2.596189 -0.518560 -0.594657 -0.673452 -21.017238 -18.391023 -3.694191 
0.941679 -0.175104 -0.140567 -0.111440 -3.222003 10.493187 -15.359640 
0.357477 0.038529 0.859770 -0.420913 -6.158941 0.474516 5.086338 
0.233141 0.373852 -0.410840 0.408805 -5.929884 5.813515 0.689352 
0.109886 -0.752749 0.367566 -0.068422 -8.179991 -2.385206 -7.729668 
0.103385 -0.637893 0.113073 -0.494669 4.906434 23.519141 1.268060 
0.307529 -0.772757 -0.140586 -1.241775 -7.794849 -12.644445 -12.265210 
0.224214 -0.783644 0.739160 -0.430445 -5.362673 -0.626097 -28.103011 
0.688471 0.347498 -0.550592 0.369480 9.499688 -6.066126 -6.740724 
0.121886 -0.219671 0.286657 -0.532189 6.796171 -18.298147 -4.184231 
2.036878 1.257752 -0.677436 0.171371 12.790027 -11.293044 -6.831272 
0.108772 -0.261956 -0.308434 0.207056 -8.247687 20.897486 14.533601 
0.087214 -0.860814 -0.616353 -0.912985 -5.766057 -16.646591 -6.693015 
1.095005 -0.127585 0.315253 0.593830 5.323075 8.533109 2.218239 
0.462444 -0.312608 0.236353 0.873687 3.501820 -1.625290 -7.240155 
1.195467 -0.068157 -0.812215 0.037030 -0.696539 -1.011885 1.096706 
0.124532 -0.889203 -0.326735 0.314159 0.805451 -4.162817 -0.636924 
0.239527 0.544524 0.402891 -0.571579 -2.938893 -7.638510 3.366220 
0.513647 -0.167559 0.606030 0.214063 6.134271 1.536484 21.798804 
2.322161 -0.588986 -0.534453 -0.585848 8.159260 0.303449 -14.856971 
1.749945 -0.405813 0.960730 -0.097939 5.398133 0.801896 -7.310293 
6.427225 -0.151882 -0.673729 0.428902 -12.122018 0.526581 5.916323 
0.187473 0.288058 0.146564 -0.660272 -6.093637 -3.993743 -1.286856 
0.080411 -0.898879 0.422490 0.257804 -11.383993 14.321953 14.650735 
0.084886 0.343321 0.178519 0.120181 -19.528133 1.611507 7.817312 
0.210734 -0.360974 0.645581 0.533599 -4.517546 5.141638 -8.191362 
1.039799 -0.031288 -0.261332 -0.455921 16.291928 2.984110 11.518295 
0.589256 -0.469359 -0.004187 0.007870 3.449911 -10.398052 11.436642 
0.193774 0.353372 0.855429 -0.525833 -12.279993 9.732655 5.977311 
0.204408 -0.754155 0.208732 0.040541 1.424337 -0.141331 -14.441968 
0.203976 0.273253 0.165070 0.720675 -22.789863 8.736184 7.460736 
0.100379 0.151940 0.300922 0.069573 -5.128318 -14.345059 -9.947968 
0.224716 0.395141 -0.582295 0.234820 4.677857 -3.080854 24.121742 
0.736908 0.202827 -0.319833 0.262662 12.784620 27.233126 2.659542 
0.183623 0.408202 0.309133 -0.857713 11.387764 3.952427 -7.205089 
5.763363 -0.498281 -0.516600 -0.187140 -6.706411 -14.608072 -3.193448 
0.155563 -0.571101 -0.510720 -0.372173 6.664212 5.797374 3.258968 
0.205052 0.453527 0.492085 -0.390720 -14.324159 14.706223 9.271384 
0.256881 -0.041049 0.056958 -0.865195 -8.455453 -16.938548 3.314782 
0.383592 -0.008777 0.275475 0.909305 3.363652 -19.865166 4.055492 
0.115189 -0.100785 0.353068 -0.939425 -15.275275 19.312002 2.851816 
0.144188 0.645304 -0.271641 0.183862 -7.432425 -1.325863 8.986543 
0.208231 0.074854 0.233349 -0.415585 -14.925175 8.814231 18.195246 
0.523071 -0.797135 0.339977 -0.648809 -6.279613 -7.439241 2.685519 
0.460238 -0.697577 -0.078146 1.050323 9.225006 0.144399 16.453164 
0.500482 0.461931 -0.077123 -0.607154 1.607888 15.300015 -6.608373 
0.190881 -0.532009 0.466814 0.531014 16.981298 7.204919 23.093709 
0.095002 0.165237 0.605809 0.141914 10.169952 6.634723 -1.323639 
0.282526 0.707234 0.084657 -0.531912 5.385524 -3.791154 8.402481 
7.200905 0.342395 -0.130112 0.495716 -12.774988 7.293061 22.238413 
0.639887 0.026591 0.477612 0.777202 -21.181773 6.102037 -3.363350 
0.088337 -0.004118 0.259985 0.087382 4.916074 -14.963745 2.975823 
3.427020 0.104913 -0.256330 0.241063 17.271656 -9.397810 14.491949 
0.286232 0.233558 0.371677 -0.286687 -9.175746 -17.724142 -1.057015 
0.111446 0.154175 -0.096058 0.282886 -7.234351 18.936477 22.689280 
0.194955 0.427194 -0.241140 -0.170620 2.293071 9.689786 0.289815 
0.190041 0.096799 -0.096930 0.563667 -23.108207 6.913069 -0.613293 
0.170109 -0.078170 0.512523 -0.015459 -8.588115 3.468838 12.377568 
0.162386 0.540212 -0.401458 0.321412 -12.298476 2.872764 12.685646 
1.166044 0.449273 -0.667674 0.374868 15.153255 7.315474 25.739002 
0.584740 1.188607 0.283839 0.302534 9.315837 -1.250631 3.739419 
0.396613 0.323898 -1.140186 -0.174506 -8.303255 -9.484978 -12.146177 
2.418064 0.253501 -0.089950 0.249765 -9.481297 12.053581 1.825517 
1.010429 -0.721809 0.522518 0.190697 -1.361602 -3.536410 1.360085 
2.532142 -1.226594 0.418058 0.017778 -9.029254 -5.741473 -0.753282 
0.107929 0.197640 1.023964 0.537790 7.290744 2.416940 7.201273 
0.167175 -0.589780 0.007151 -0.720786 -5.372273 -1.258353 -8.436568 
0.254952 0.781087 -0.885382 0.018762 15.023005 -2.634160 -11.220642 
0.429694 -0.506393 -0.402973 0.192645 12.986008 5.752528 18.695174 
0.496826 -0.575653 -0.122530 -0.713825 4.719361 -4.813455 5.485010 
0.121547 0.402203 0.061858 0.461366 11.936873 -32.349925 0.177502 
0.215928 -0.072587 -0.577650 0.337599 0.230090 17.098942 4.955251 
0.270339 0.129083 1.017144 0.562613 -6.662704 -0.154891 5.156444 
0.080083 -0.752733 0.223386 0.092984 -1.192990 3.607765 17.494001 
0.272801 0.398362 -0.441718 -0.083671 13.894901 -3.464309 1.662946 
0.248941 -0.894680 -0.191796 0.561513 4.557293 -8.688157 9.053593 
0.198171 0.050917 0.104463 0.370139 0.911406 -18.535665 -0.443282 
0.125940 0.123841 -0.595246 0.096495 -2.931663 14.470312 6.932772 
0.397489 -0.112497 -0.201784 0.236650 10.481137 -1.912891 13.540934 
0.109822 -0.039417 0.210235 0.373555 33.201104 3.667129 0.435411 
1.950578 -0.263254 0.859930 -0.393288 -7.208460 -8.834525 -2.068285 
0.085723 0.010208 -0.274397 -0.440271 -7.371789 6.602507 12.632724 
0.261677 -0.259022 -0.165480 -0.251165 13.618653 13.191100 -2.658848 
0.410668 -0.670313 0.937221 0.088861 3.357425 8.452743 15.358205 
0.278253 -0.266688 -0.262837 -0.237077 12.004121 -12.063488 11.748497 
0.362834 0.183101 -0.579746 0.082962 -14.190312 5.493806 9.700385 
0.191416 1.030198 -0.444757 0.068056 35.264001 10.897073 -4.606918 
0.204516 0.210745 -0.434208 -0.786349 12.776083 -5.221647 -7.574908 
0.119244 0.234924 1.124729 -0.018906 -0.028193 1.549824 10.273399 
0.394798 -0.428216 0.342941 -0.541190 -0.966081 -6.573692 -4.721183 
0.108074 -0.061788 -0.288196 0.471818 6.184979 6.753176 -19.587818 
1.687457 0.489364 1.296954 -0.290367 16.391983 21.105414 6.052973 
0.142585 -0.367250 -0.774916 0.035148 1.049595 -1.319155 -9.339931 
0.999592 0.302693 -0.268266 0.360098 0.001871 13.114250 -23.124042 
0.835224 0.711526 -0.840301 -0.098089 16.904133 9.245454 -1.605473 
0.133760 -0.214064 -0.531155 -0.364529 -17.231127 -8.785947 1.227270 
2.914902 -0.336697 0.219389 0.081935 24.143438 -8.075741 -0.733688 
0.289537 0.206433 0.096040 0.296204 -11.287908 -15.069726 7.590236 
0.111589 -0.276660 0.011587 0.123860 0.325099 11.732850 11.735816 
0.666435 -0.227633 -0.431980 -0.059571 1.832526 22.356352 -2.707493 
0.118124 -0.427405 -0.214115 -0.081745 -1.287581 -11.287856 8.077295 
0.082017 0.287035 -0.438445 0.306463 -10.443442 4.835041 11.711456 
0.384643 -0.714642 -0.142071 0.312515 -4.088019 -7.864466 -8.307352 
0.170390 0.296510 0.040282 -0.051752 -9.253460 16.617752 21.956854 
0.164634 -0.079541 0.584225 -0.431520 -8.186059 -4.925276 6.477212 
0.710018 -0.505236 0.411906 0.100893 -11.768724 19.220139 11.631247 
0.490174 0.301145 -0.073473 0.734795 -4.595963 -11.330000 -7.011174 
0.209872 -0.056430 -0.582721 0.513653 -6.164627 5.816513 21.226847 
0.191407 -1.189953 -0.774012 -0.293082 -10.331007 -4.564567 -16.678526 
0.086220 -0.112837 0.081766 -0.303731 26.795048 -2.056757 2.551209 
0.253249 0.330892 -0.797645 -0.088873 2.063251 9.445474 2.295201 
0.443660 0.051329 -0.202247 -0.015418 12.798330 12.802669 -10.149536 
1.478874 0.611571 0.260868 0.187140 9.570138 15.116886 8.309349 
0.997008 0.741100 0.592419 0.215437 -5.423400 -3.937900 0.366762 
0.119733 -0.726048 0.776785 -0.564211 -0.644495 1.263824 -15.551688 
0.155712 -0.820089 -0.586424 0.519717 -8.365643 1.126228 6.139243 
0.248140 -0.094179 -0.225096 -0.077522 30.378866 -0.588114 -5.590254 
0.211986 -0.200280 -0.219790 1.368919 -9.174367 -13.078275 16.120107 
3.164370 0.026974 -0.285359 -0.741917 9.055653 11.678532 1.947033 
7.811175 -0.355424 0.859886 -0.176091 2.636790 2.123248 -2.931237 
0.119711 -0.540109 0.099528 -0.347816 -6.299699 -0.439641 18.078612 
0.081905 -0.253930 1.178600 0.341515 -0.860185 15.178378 4.330643 
0.128974 0.216171 0.765058 -0.044666 -6.044025 -4.499726 10.741102 
0.098410 0.350261 -0.011292 0.252630 -7.951840 -1.258517 -5.412465 
0.208666 -0.533621 -0.361346 -0.445779 -11.571709 3.203326 18.100293 
0.338702 -0.510853 0.129455 -0.359249 0.017335 -23.200467 8.354871 
0.270406 -0.761072 -0.276926 0.013474 -1.732395 -7.362084 -17.228288 
0.261780 -0.555899 0.458228 -0.657849 2.776520 -0.177692 -1.395376 
0.198271 -0.290694 -0.623197 0.468084 9.884122 7.255284 -3.611544 
0.547947 -0.608910 -0.313961 -0.255285 1.976016 -0.258639 4.700777 
0.084496 -0.041638 1.147775 -0.266645 -5.705379 7.311054 10.715583 
0.547853 0.028143 0.482058 0.038897 0.920324 -8.990617 -0.554736 
0.124445 0.383581 -0.673299 -0.137479 1.667430 4.473073 9.094143 
0.573077 -0.241802 0.012827 0.245805 -9.321578 9.848283 -17.046906 
0.415176 -0.224308 0.435260 -0.031429 3.627223 -15.678228 -16.208905 
0.878922 0.357855 0.862349 -0.191690 -2.714357 -5.111318 -16.122847 
0.094683 -0.274072 0.984135 -0.862941 -2.892201 1.763455 -13.086093 
3.025229 -0.955605 0.685433 0.328777 -4.005200 17.444626 -6.279971 
0.102725 0.264511 0.655632 -0.315669 -13.439174 -10.100957 -9.201845 
1.385436 -0.847455 -0.481489 -0.008785 -23.438866 9.524655 7.217977 
0.188343 -0.139775 0.078038 -0.320174 22.517950 -12.054593 1.394080 
0.308804 -0.660347 0.220218 0.571506 11.189850 11.541765 5.835368 
0.266901 -0.233446 0.684115 0.075677 23.211728 16.897362 4.526298 
0.352073 0.691073 -0.018632 -0.922979 -4.498791 -4.566960 -7.313543 
0.588656 -0.159954 -0.372738 -0.619408 14.312184 -10.881050 -17.523639 
0.105091 -0.198831 -0.337543 0.276266 -10.027005 -1.822315 1.112027 
0.147682 0.017823 0.338176 -0.822152 18.096532 -5.819475 -4.200647 
0.179358 0.657076 -0.439122 0.067607 -4.525089 7.778852 -8.345120 
0.522896 0.022389 0.314729 0.107689 20.084497 -11.040297 -0.407778 
0.141510 -0.024246 0.062055 -0.087731 18.297864 -12.898115 -15.533103 
0.105633 -0.145611 0.243421 -0.301339 -6.165014 1.498008 -9.503455 
1.115389 -0.043413 0.137293 -0.503976 7.347433 -9.362445 -2.193742 
0.100224 1.165677 -0.488775 0.460441 16.599325 -13.557501 -6.314799 
3.043771 0.599335 -0.134325 -1.211143 13.786287 -3.785848 -13.133839 
1.677124 -0.056846 -0.624555 0.758109 7.373069 -10.231773 1.815602 
0.154714 -1.336759 -0.235868 0.002276 -11.417499 -7.999348 -5.911364 
0.509531 -0.061420 -0.187017 0.161077 15.742676 4.354525 9.424610 
0.118595 0.639724 -0.557632 0.565379 8.757342 0.469680 5.773107 
0.192470 -0.070720 0.065073 0.019657 29.366827 -2.400521 1.876234 
0.156661 -0.119206 -0.907671 0.445779 1.972912 -3.626629 20.435261 
0.269171 0.281546 0.009517 0.506187 9.971808 6.936325 -7.017061 
0.275015 0.673441 -0.202388 0.234410 -10.859589 10.231795 7.834715 
0.133107 0.407636 -0.109203 -0.527790 -11.572596 4.826353 5.588012 
0.116244 0.290298 0.004200 0.180689 15.377283 -18.829212 3.555346 
0.262815 0.126136 0.300881 0.409495 -5.999012 -16.760328 17.803614 
0.152197 0.670086 -0.069592 -0.083575 -10.533832 6.537956 -23.935971 
0.591538 0.484129 -0.338201 0.240198 9.884379 -18.860284 -24.523752 
0.273814 -0.693010 -0.582640 -0.141460 -2.658661 -1.121232 1.867084 
1.296377 0.223439 -0.443622 -0.104763 -3.623200 19.560350 13.406495 
0.625099 -0.171337 -0.151228 -0.688054 1.720960 -9.493607 15.555980 
0.953431 -0.524012 -0.221700 0.031356 -23.210402 -9.556629 19.837815 
1.362864 -0.758018 0.050152 0.353216 -1.609852 9.277280 -3.440247 
0.388981 0.503358 0.051977 -0.318527 -11.134208 8.076573 10.870664 
0.178332 0.055997 -0.554384 -0.401204 30.953687 -2.929330 0.111906 
0.372184 -0.473196 0.074565 0.626617 -11.035231 -10.949973 8.983009 
1.884918 0.021108 0.174527 -0.256197 -27.902510 -0.111894 -3.116692 
0.093160 -0.870927 -0.221345 -0.522005 -7.782693 -7.942789 -6.456038 
0.093696 -0.041302 -0.387024 0.009445 5.618978 -16.086338 3.583591 
0.080850 1.157421 -0.156052 0.414308 12.618895 -18.242660 14.346560 
0.277717 -0.163575 -1.416222 0.144992 0.679549 -14.336943 16.364965 
0.330199 -0.159263 -0.194718 0.291015 -15.450019 17.800497 11.381884 
1.020862 -0.454285 0.510280 0.180559 14.909481 7.384421 -0.296552 
0.554068 0.234191 -0.055518 0.016334 -14.783678 10.093268 11.718063 
0.410517 0.864392 -0.050098 -0.142684 5.295383 -3.408083 13.734158 
2.241100 0.235428 -0.306473 0.370012 -27.501650 2.789015 13.839095 
0.769947 -0.269632 -0.228933 0.909060 -11.145307 -5.839561 -9.224722 
0.085466 0.505168 0.606612 0.437390 4.547931 -11.598659 -5.506780 
0.645582 0.122963 0.039568 0.754905 -6.692498 11.843997 -4.967468 
0.291207 0.004019 0.110156 0.058436 30.916520 0.958652 -16.408069 
0.780826 1.016092 0.255291 -0.048224 5.397533 22.258533 5.772223 
0.178041 -0.068140 -0.086224 -0.179345 -9.847929 8.477983 8.443377 
0.111657 0.545687 -0.331024 -0.097095 12.452545 6.805588 9.232363 
0.141933 -0.355654 0.602109 0.684115 -7.693323 -7.332320 0.441273 
0.503658 0.417764 0.411201 -0.498704 -4.729604 -6.984780 9.422528 
0.266518 0.912070 -0.160007 -0.271492 -1.380727 -12.512798 -14.620087 
0.136578 -0.262148 -0.179874 0.138755 25.748138 4.126271 7.790014 
0.126498 0.091137 0.265209 0.222213 -19.165541 9.788424 -11.656506 
0.081261 0.494811 0.972108 0.347256 23.148796 -0.621675 -0.561930 
0.167252 -0.029113 0.119725 0.174160 -1.352093 -0.564877 -10.101115 
0.607244 -0.520070 1.304190 0.477589 -2.258688 17.013809 3.166312 
0.266741 0.259387 0.028011 -0.336132 -20.312790 10.576864 4.235066 
0.157175 0.741877 -0.108786 0.380443 -10.752805 -11.407720 24.245763 
0.366807 -0.344278 -0.079295 0.419504 4.193816 -17.878306 -15.792442 
1.030213 -0.154364 0.006032 0.692057 1.833131 1.702171 8.810937 
0.140945 0.981610 0.856581 -0.342676 17.332863 5.011169 9.172207 
0.288794 0.277909 -0.187555 0.535337 -7.718396 -6.086118 -19.767817 
0.182724 -0.207735 0.989903 0.437711 -12.333535 5.484073 -7.424118 
0.115248 -0.558719 0.672474 -0.104354 -18.823564 11.574018 5.174274 
1.012019 -0.391295 -0.587081 0.568128 -2.778225 4.258238 -1.535687 
0.292049 -0.589968 0.621254 -0.196231 -16.735072 -13.493476 6.136931 
3.273691 -0.176996 -0.015262 0.007321 -0.308024 2.158680 19.388063 
0.507219 0.145014 0.734817 -0.295840 -13.708981 12.697715 19.028617 
0.325723 -0.693607 -0.048882 0.883930 -12.567628 8.171667 -3.951127 
0.153073 0.142096 1.013601 -0.401417 13.731367 6.524017 -34.039461 
0.229855 -0.361374 -0.000127 0.180450 13.090682 13.142006 14.203517 
0.196589 -0.276540 -0.282381 -0.038476 2.196307 -1.406432 -17.547897 
0.095001 0.287745 -0.040421 0.297602 5.256226 6.146309 -28.054327 
0.458870 -0.972697 -0.781714 -0.105218 -5.683670 -1.547930 -1.978441 
0.085890 -0.618749 1.006980 -0.397949 -1.731692 20.846343 16.737518 
0.170408 0.642649 -0.329866 0.018977 -8.037483 8.448564 -9.489999 
0.130084 0.255161 -0.390193 0.294442 1.696654 -10.782334 -3.545966 
1.384359 -0.407335 -0.393541 -0.196144 -5.640848 2.209368 7.609602 
0.642711 0.065133 -0.352660 -0.034446 -8.905219 5.351277 -15.260115 
0.176254 -0.849735 -0.371131 -0.409664 -2.248190 0.776217 7.593247 
0.156623 0.254235 -0.431015 0.048711 -22.514266 -13.768427 4.416725 
0.874755 0.409907 0.216241 -0.087904 -12.134461 -8.656156 -5.477359 
0.628183 -0.137235 0.646351 -0.053018 -6.475835 -7.791994 16.282020 
0.127719 0.342676 0.105800 -0.597340 18.505707 -7.726929 16.385833 
0.209256 0.362545 -0.184303 0.292472 -1.586013 -3.368993 13.927929 
0.393003 0.173621 0.043582 0.187192 23.573361 7.621770 -4.371154 
0.395444 -0.963902 -0.852172 -0.596914 -8.148593 -12.940404 2.192862 
0.150757 -0.593334 -0.055418 0.040378 10.388163 -17.983361 19.139886 
0.613619 0.058994 0.308757 -0.174559 18.928535 -2.818748 -26.639099 
0.371705 0.224883 -0.687267 0.032407 16.594982 7.534579 9.032543 
0.128172 0.118426 -0.421631 -0.379059 -1.948887 18.795675 2.336217 
1.227367 -0.489198 0.041494 0.039639 -23.102485 24.376172 9.646801 
1.287495 0.176487 0.097696 0.171890 -5.901238 -8.080062 -16.709835 
0.285623 -0.160789 0.407040 0.401900 -21.846057 -11.997213 -10.724697 
0.186793 0.151544 -0.049364 0.305947 -0.764799 18.722759 -17.450624 
0.151928 0.885828 0.312412 0.198459 2.347046 -5.254538 -6.069159 
0.107729 0.079633 -1.021942 0.242272 4.434478 -6.093814 -8.763350 
0.789450 0.041419 1.014741 0.550326 0.197152 0.803623 1.529850 
0.417882 0.464532 0.286072 -0.982451 15.317716 0.198997 3.866545 
0.415458 0.188661 -1.327149 -0.677735 -5.140320 -23.275614 0.794127 
0.510419 0.521239 -0.622705 -0.075184 1.276107 12.125618 9.602206 
0.130425 0.563193 -0.144212 0.297657 -0.034227 -8.644288 14.432968 
0.312402 -0.788228 0.659178 -0.263545 4.028681 2.791888 -1.379146 
0.489643 0.281651 -0.030537 -1.231418 -2.668608 6.401251 -21.315454 
0.449688 -0.122992 -0.562519 0.693819 17.343244 11.504447 15.838361 
4.640213 -0.838404 -1.368149 -1.305590 -8.676812 -25.587240 -35.603147 
0.102329 -0.729985 -0.402436 0.498011 9.344931 -6.470178 0.390523 
0.088752 0.379834 -0.417781 0.247598 -26.532179 -0.941859 6.882893 
0.124181 -0.026981 -0.258344 0.521123 12.624340 -23.874573 9.173723 
0.142677 0.825527 -0.129223 0.171145 -4.808369 -7.789702 -13.022591 
0.646196 -0.655681 0.699244 0.438630 -7.446231 8.848382 -18.154710 
0.112694 0.131103 0.614077 0.445421 -15.741718 -11.695045 7.968460 
0.176104 0.543860 0.046609 0.854838 -4.785468 -8.524288 8.147940 
0.106965 0.133116 -0.218999 -0.440126 -13.033104 -6.655765 7.874027 
0.330430 -0.415479 0.730358 0.115308 -12.615295 7.820259 1.877545 
1.059937 0.043903 0.003882 0.254110 22.135584 -1.701233 -13.850701 
0.446854 -0.026998 0.592131 0.061455 4.745766 8.768854 -18.115551 
0.249843 0.236446 -0.301953 -0.054642 -3.510607 20.054011 16.765054 
0.126972 -0.073052 -0.296447 -0.442141 -8.415682 -1.679571 -9.000369 
0.148713 -0.444139 0.246148 0.033332 -0.786684 -2.773980 13.920047 
0.153845 0.483203 0.343456 0.045806 16.324150 14.241955 -7.911784 
1.523067 -0.088471 0.652311 -0.008042 -1.749971 -8.596548 1.709024 
1.665441 0.154187 -0.851448 0.353178 5.887935 -4.359660 -16.729362 
0.167356 0.120022 -0.372057 -0.185872 16.895973 15.930701 6.548714 
1.433413 1.382785 -0.303480 -0.173924 17.772781 -17.816248 0.739242 
0.264805 0.004837 -0.762211 -0.101110 -14.313601 -18.103850 2.274343 
0.110793 0.001926 -0.309305 0.657027 -5.805133 12.282858 -8.398035 
0.180061 -0.198970 0.488787 -0.292826 -5.927716 3.684521 1.123594 
0.195410 -0.113992 0.097693 -1.317490 -1.312694 2.145118 -11.107493 
0.091610 0.934581 0.368407 -0.472970 14.905823 5.856443 13.649249 
0.100160 0.260877 -0.539620 -0.333342 -12.151088 -2.765976 0.340034 
0.329612 -0.312498 -0.166664 0.476768 -13.216814 2.192912 13.679688 
0.174903 0.262726 -0.952245 0.294814 -9.986759 -17.241862 -7.421382 
0.088879 0.074543 -0.122999 0.103819 -15.517785 4.681113 -9.676896 
1.382242 -0.666623 0.192928 -0.827138 6.319940 -11.746094 -12.275788 
0.137418 0.625570 0.549026 0.257216 -11.472505 -8.310889 6.282652 
0.550522 -0.835581 0.038265 -0.363227 -6.383934 -19.197626 6.793906 
0.977405 0.103644 0.643212 -0.215611 -11.583660 11.096858 -13.387053 
1.078071 -0.353615 0.221375 0.558633 -1.769270 18.818894 -1.361590 
0.158053 -0.341959 -0.104421 -0.017574 11.631431 -32.912195 -5.030226 
0.173348 -0.312252 0.008935 0.294577 3.551027 -5.124027 -11.848056 
0.082934 -0.043484 -0.495678 0.932373 16.531770 3.477265 4.202632 
0.136636 0.035930 0.147665 -0.013027 -17.472195 -13.113984 18.750118 
0.143734 0.813864 0.346865 0.188076 0.592083 4.627555 -10.206050 
0.441192 -0.482611 -0.171228 0.220095 -9.996510 10.496449 -12.116364 
0.419927 -0.541764 0.262851 0.507376 3.210810 -14.416792 1.312428 
0.233936 0.607476 0.490092 0.418267 -15.408135 2.291786 15.490229 
0.472655 -0.506198 -0.008172 -0.005959 -9.059951 -11.196992 -14.440453 
0.114863 -0.470461 0.132188 0.258542 -5.140390 6.842396 -23.668517 
0.090134 0.043355 -0.184127 0.182492 11.175080 17.190013 -2.461239 
0.541043 0.188762 0.008728 -0.580724 29.277013 -5.009955 5.051397 
0.282572 0.217135 -0.140688 -0.084479 -27.035600 -7.951742 3.349602 
0.115642 0.681398 -0.359925 0.060764 14.606612 -14.383751 -0.286440 
0.081355 -0.007485 -0.185735 -0.721269 -25.305246 8.339571 -14.451620 
0.367829 -0.204264 -0.868880 0.167654 -6.427924 -5.000491 5.401340 
0.139629 -0.479718 0.018441 -0.084832 -1.419271 -21.437175 -4.037416 
1.352784 -0.455333 0.089445 0.433546 -4.089441 -3.419116 -9.018892 
0.125255 -0.475521 0.528392 0.061723 7.408361 -8.401686 -16.977303 
0.401327 -0.078207 -0.395583 0.949627 -1.237825 -6.795266 24.011715 
0.285734 -1.082008 -0.352394 -0.445784 -4.948118 -19.420915 0.187434 
0.395651 0.091943 -0.279953 -0.151605 22.968945 -10.020182 -7.787245 
0.293098 0.675056 -0.314466 0.295240 -4.338173 -6.743523 11.514626 
0.087827 -0.795048 0.400417 0.040984 3.813255 11.942435 8.163479 
0.145431 -0.558342 -0.484754 0.674092 -15.953813 -0.381443 -10.773991 
0.180115 -0.239679 0.474763 -0.435730 -23.286461 10.624364 1.119515 
0.096200 -0.155984 -0.134730 0.095206 1.448121 -15.701925 -7.617270 
0.666776 -0.030434 -0.128204 0.265862 -29.845266 -16.197758 22.456322 
0.204329 0.101347 0.385775 -0.098270 0.846679 3.692456 6.053594 
0.115895 -0.169008 -0.552168 0.646674 5.311209 11.112396 -0.553143 
0.093908 -0.328149 -0.281677 -0.643410 3.454960 -10.014969 5.700102 
1.218377 -0.633579 -0.663945 0.330375 -10.556310 11.617124 8.723368 
1.577937 0.600444 0.545230 0.290000 -9.597707 -2.978534 8.661992 
0.624013 0.262549 -0.016501 0.631661 1.132410 -15.187363 4.709845 
0.094581 0.024320 0.964370 0.289375 14.813925 -1.150002 5.293666 
0.082735 -0.230512 -0.269333 -0.721666 0.458130 11.186218 -3.573593 
0.117562 0.563761 -0.793351 0.314001 -0.932429 -7.480961 -15.607363 
0.104059 0.016467 -0.475168 0.513081 4.795644 -11.265957 -12.492880 
1.175398 0.326484 0.370132 0.351666 -5.446136 -7.102462 27.422143 
0.164169 0.508442 1.425551 0.055065 16.640284 14.274659 -13.789532 
0.291452 -0.242643 0.476857 0.327355 -13.965990 -5.330138 -13.461638 
0.206673 0.105034 0.142737 0.229791 -20.094800 -20.246454 -2.614668 
1.289324 -0.102515 0.255765 0.890940 18.850630 26.899635 6.401495 
0.086315 0.133067 -0.125661 -0.329259 -14.504456 3.192730 -8.907867 
0.235153 -0.105082 0.529184 0.363867 3.338093 -14.281867 7.942080 
0.115719 0.145117 -0.175127 -0.892003 17.574669 -16.361636 -20.836812 
0.363410 -0.322063 -0.401525 -0.527188 9.141697 -2.645332 6.375604 
1.751386 0.758194 0.289078 -0.539526 15.688926 -4.915831 4.478972 
0.207984 -0.442857 -0.114265 0.583238 0.420336 -2.709719 -7.699728 
0.102911 0.040107 -0.787428 -0.577081 11.825818 -13.651835 6.356633 
0.178659 -0.571983 0.893377 0.085436 6.188375 7.630098 8.564391 
1.266026 -0.388623 0.770335 -0.295397 5.503192 1.700594 -12.761186 
0.304509 0.550017 0.534940 0.422693 2.399863 -13.624141 2.800868 
0.111776 0.280869 -0.108912 0.186555 -7.907289 3.049706 3.397822 
0.518423 -0.552083 0.439525 0.216120 -21.230338 -11.077162 27.884936 
0.412206 0.672465 -0.426120 -0.000029 -10.546002 -3.371523 15.520675 
0.151101 -0.253229 -0.280684 -0.598187 5.691656 9.953052 -2.442952 
0.220913 -0.367972 0.761509 -0.172354 11.549243 2.968328 8.673929 
1.412488 -0.041148 0.128892 0.383048 5.446033 -6.574168 -19.919675 
13.278585 0.084247 0.653986 0.184370 -14.667619 5.817060 11.623478 
1.463321 -0.251266 -0.570550 -0.191575 -16.078585 16.234433 1.546330 
0.120159 0.135999 -0.815630 0.345470 12.059396 9.361789 12.821556 
0.365350 -0.364825 0.721728 -0.003739 6.403125 -4.842526 7.619104 
0.105973 -0.319050 -0.346092 -0.745915 -5.707509 -1.131389 10.814153 
0.295892 -0.764313 -0.520599 -0.242732 -0.405001 3.565706 8.843004 
0.206326 -0.417372 -0.070427 -0.177027 -9.702136 4.835647 0.230696 
0.093712 -1.215998 0.253099 -0.087509 -6.698323 7.272188 -2.917513 
0.095148 0.183689 -0.470741 0.251506 5.060177 4.500730 9.932400 
0.206538 0.396480 -0.495618 0.079799 -16.574529 -23.042092 6.128839 
0.086877 0.415457 0.553405 0.708566 -0.612248 -2.586459 -0.997169 
0.089099 0.093670 0.126305 0.720915 -6.180390 -18.337884 15.501468 
0.510706 -0.328203 -0.064966 -0.460909 -19.652520 11.737006 11.700965 
0.209703 0.918658 -0.792100 -0.456310 19.966573 -5.558724 -6.250655 
0.558090 -0.196441 0.913618 -0.325767 0.706955 1.819908 11.917663 
0.094925 -0.179340 -0.158757 0.475208 0.575528 -18.537936 -13.599160 
0.169485 -0.041623 0.403014 -0.628997 1.830864 -10.254689 -11.189678 
1.190304 -0.873143 -0.403992 0.197110 -14.620017 -19.012272 5.242773 
0.229716 0.008923 0.077733 0.110981 -11.170691 -24.600975 -10.615368 
0.590880 0.252314 -0.198732 0.468872 -19.742374 -5.699230 1.891317 
0.480535 0.307005 -0.134232 0.031238 6.652078 6.894844 -5.896308 
0.234429 0.504574 0.238601 -0.103816 -16.151762 -3.672885 -14.706217 
0.582021 -0.476385 0.142626 0.319105 -20.270763 11.065473 -20.793160 
0.189197 0.452276 -0.574988 -0.601732 3.592026 -3.883967 -3.152675 
0.259575 -0.850094 0.223132 -0.432227 7.947289 2.695067 -15.999593 
0.447006 0.239709 -0.291957 0.395068 -19.493777 17.615408 -3.132226 
0.147887 -0.623050 0.509423 0.125637 4.826909 0.388860 4.232498 
0.231699 -0.253363 0.671719 0.010634 -1.694838 -9.060502 -4.008282 
0.453708 -0.076742 -0.063602 -0.151215 10.357346 -15.401762 2.782549 
0.920339 -0.823939 0.559533 -0.544583 0.026182 13.271798 -14.550003 
0.955703 -0.057148 -0.126113 -0.430457 -3.795054 14.302515 6.124542 
0.084577 0.227236 0.538165 0.002586 6.352462 -1.267964 -14.102022 
0.160624 -0.203057 -0.207414 -0.077375 -7.445724 19.552035 7.090694 
1.172148 0.407574 0.378064 0.281067 20.625604 6.543141 -26.662951 
0.760534 -0.379835 1.161310 -0.430303 9.045696 24.721725 13.021000 
0.114553 -0.799070 -0.176507 -0.041968 5.331383 -17.282433 7.263192 
0.117572 0.390894 -0.007997 0.158587 22.790343 -29.326299 -6.412636 
0.762149 0.589993 1.146561 -1.379781 24.052033 33.819934 -11.118770 
0.232792 0.410447 -0.947741 -0.060984 1.911840 4.832675 -7.077798 
0.215009 0.012272 0.246101 0.020947 0.289201 7.560890 -8.933627 
2.204810 -0.117453 -0.379396 0.095018 -6.545134 13.852358 -1.914565 
0.129032 -0.836756 -0.175316 1.244086 1.198895 -18.750904 40.077460 
0.374042 0.914390 0.468687 -0.329463 1.523840 -0.605192 -0.867676 
0.205433 0.281012 -0.369551 0.913498 -12.749995 16.749307 16.466326 
0.160079 0.585165 -0.614946 0.055051 -9.464263 -2.747872 6.893331 
0.136090 -0.614695 0.710347 -0.525039 -15.187530 -2.134756 8.176493 
0.119841 0.172499 0.040213 -0.312504 9.336731 20.497702 12.269044 
0.201503 -0.792838 0.080149 1.138905 -5.627398 -10.948055 15.357784 
0.611073 0.577066 0.285079 0.550714 -5.526199 -12.872014 -1.459853 
0.115016 0.573506 0.152930 -1.116597 8.732050 -13.712899 -14.490583 
0.399244 0.116138 -0.263211 -0.063390 21.004558 -19.912564 0.245269 
0.131342 -0.487919 -0.569006 -0.807166 -4.706693 7.090822 -12.018151 
0.174201 0.055701 -0.895852 0.127748 -0.270240 -2.992346 24.237174 
0.089275 -0.471298 0.079605 0.103388 14.536404 2.141811 -11.831951 
0.438872 -0.490489 -0.431982 0.426045 12.520127 -1.324910 7.339809 
0.085636 -0.040141 0.065944 0.364819 18.590109 -3.245808 -0.916681 
0.582912 0.144466 -0.048774 0.173886 2.718343 13.729588 0.450520 
0.240412 -0.926499 -0.064539 -0.313745 -19.252266 -1.318943 20.789544 
0.226021 0.707625 0.018046 -0.054959 4.714486 4.686159 20.453726 
0.107205 0.343512 0.520150 -0.229050 -9.995584 -0.595968 -4.626743 
1.102835 -0.414671 -0.040817 -0.220632 9.232479 1.003743 19.958971 
0.266126 0.202469 0.509289 0.248623 -15.417787 11.888438 -15.365179 
0.409423 0.263307 1.040759 -0.452275 -8.849727 12.592016 -8.234885 
0.089384 -0.287550 0.575811 -0.054607 13.735691 -8.661159 -15.951963 
0.113871 -0.464985 -0.272613 -0.062787 7.865990 -7.724757 -10.859660 
0.746267 0.127369 1.366103 0.123032 -2.342225 11.918127 -8.525981 
0.219386 -0.798026 -0.285061 -0.144261 4.664314 -21.669878 -13.463913 
0.439077 0.618128 -0.047543 -0.047547 -11.266057 5.192459 -19.936474 
1.444015 0.437900 -0.300865 0.230043 10.167747 -4.201135 -6.629652 
0.102731 0.148294 -0.934251 0.512064 11.547354 -4.998553 5.798545 
0.202560 -0.626211 -0.276573 0.412616 4.902784 -1.058215 16.715068 
0.091773 -0.196367 0.441751 0.289767 -4.925695 5.240490 -7.859117 
0.159646 -0.543894 0.826996 -0.638275 -8.271997 -3.337617 -7.659981 
0.210510 0.487354 0.685073 0.086105 -15.018425 2.489868 1.560322 
0.129464 -0.397293 0.574291 -0.248375 5.968299 0.774491 -4.078280 
0.235395 -0.056195 -0.683163 0.452298 -9.071906 7.864491 -0.730014 
0.392760 0.575909 0.530582 -0.265773 -3.469550 -8.619669 -8.624367 
0.340464 -0.136718 -0.053094 -0.984994 3.301621 13.866038 -6.057330 
0.558675 -0.283278 -0.373671 0.409584 20.891815 -2.416386 -5.161433 
0.269181 -0.183046 -0.012406 0.014508 -3.986987 -1.033353 -2.919334 
0.080832 0.068707 0.310769 -0.178607 10.127643 18.101844 21.588954 
0.161454 0.412465 0.161291 0.411692 -4.949804 -12.866710 -14.031935 
3.272843 0.205010 -0.030263 0.231921 -8.120126 -2.195296 -15.271964 
0.126733 0.803908 0.232455 -0.087513 0.875405 -18.973312 -6.750221 
0.147442 -0.430596 -0.812035 -0.486115 -3.998095 -31.289250 -3.170787 
0.234874 0.127097 0.247509 -0.604943 -10.693478 11.454261 1.674875 
0.088322 0.426628 0.165950 -0.598822 -1.773867 7.689881 -18.251093 
0.124823 0.506234 -0.251684 -0.816558 -7.964362 1.207714 0.304601 
0.134972 0.402648 0.429012 0.464187 14.751565 12.427891 4.797124 
0.114632 -0.021363 -0.459845 0.295887 0.552353 3.878404 7.452445 
0.145861 -0.665358 -0.497880 0.577086 7.077242 1.944340 0.199753 
0.263366 -0.048599 -0.122571 -0.782369 -1.771042 2.221844 8.132365 
0.973808 0.370222 -0.418393 0.114100 -5.086083 6.129332 -5.120167 
1.966409 0.178195 -0.156023 0.354383 2.428106 6.138426 -12.059659 
0.137245 -0.478913 0.076033 -0.601501 9.858824 -3.894034 -6.983699 
0.175886 -0.000335 0.357736 -0.310042 -12.430237 -7.733381 0.688658 
0.427154 -0.439817 0.348530 0.365702 -8.170182 -11.308565 12.537716 
0.305641 -0.377846 0.614616 -0.170495 -7.335358 -15.090815 -11.331961 
0.126873 0.093917 -0.169743 -0.170606 3.431811 -7.938387 -0.440477 
0.202129 0.937178 -0.412930 0.216816 13.484668 -1.971105 21.831290 
0.103947 0.884013 0.276976 -0.230041 -1.981408 16.567240 3.455837 
0.160192 -0.068064 -0.783250 0.183980 17.698022 -7.916069 8.603772 
0.087931 -0.237486 0.051587 -0.565404 -13.377477 -5.612527 7.718663 
0.201166 0.068889 0.301476 -0.100393 -23.589950 -8.636601 12.115211 
0.129271 0.256376 -0.403763 0.676082 -13.086301 -5.710633 1.490371 
0.244547 -0.245839 0.221742 -0.487807 -12.007074 -1.967598 20.379777 
