0.202999 -0.165843 -0.389233 0.478084 -5.846774 18.678192 -5.128494 
0.583882 -0.755078 0.357590 -0.384942 6.377326 23.510446 4.058031 
0.585149 -0.308765 0.141088 0.963643 7.602251 -0.581496 -3.076135 
0.085689 0.263265 -0.596589 -0.094774 -13.329741 -8.682163 20.592702 
0.090936 -0.178040 -0.253896 0.385568 1.032282 5.842250 -8.178948 
0.457888 -0.257439 0.948606 0.704123 -15.825574 0.009697 8.342340 
0.179449 -0.447581 -0.986411 -0.407979 -6.127597 -12.288886 -8.504879 
0.103175 0.741258 -0.340054 -0.708836 7.357003 -17.965605 -2.063681 
0.199182 1.725702 -0.202079 0.319035 19.296586 -10.010359 4.384772 
0.109107 0.607302 -1.386820 0.269050 2.618798 -12.488127 8.580164 
0.232498 0.472168 -0.256643 0.658449 0.857090 -11.094546 -4.503974 
0.683878 0.272699 0.846333 -0.634699 -11.015082 1.981709 -17.837109 
1.809017 -0.173949 0.099427 0.223545 -0.112166 7.579289 -6.336641 
0.133767 0.374544 0.741378 -0.638102 23.976876 10.555855 -1.147001 
0.207935 -0.802618 0.072008 -1.038968 -10.182864 16.049631 -9.053454 
5.586845 -0.605583 -0.276065 0.411034 5.814720 1.092881 -7.566185 
0.099031 -0.329035 -0.659685 -0.145436 2.823994 -1.868472 17.641997 
0.095457 0.209881 0.246366 -0.071574 -11.018617 -9.236915 9.712092 
0.166412 0.233739 0.838302 -0.050053 6.535617 3.620437 -20.777238 
0.401973 -0.595240 -0.157319 -0.562669 0.980035 -25.528628 1.454991 
0.149690 0.401368 0.106498 -0.132121 6.773010 11.793734 16.793573 
0.135040 -0.724996 -0.346083 -0.002173 2.282153 14.770059 -5.986202 
0.230700 0.825919 -0.133367 -0.804489 5.425409 10.717456 -8.887687 
0.296048 0.348223 -0.882998 -0.355119 -2.960530 -3.140303 8.769400 
0.089040 -0.271011 -0.120835 0.307630 4.579782 -12.005794 13.534828 
0.218861 0.363029 -0.675552 -0.405959 17.556148 -8.794029 -6.506433 
0.780326 0.573321 0.147429 -0.433002 11.244460 -13.492406 -15.409939 
0.110177 0.796208 0.881708 -0.544346 9.178242 14.434731 8.808732 
0.308745 0.465633 0.096698 -0.300559 21.760344 -24.977089 -14.217306 
0.930095 -0.169602 0.039582 0.192672 8.868514 2.225801 -21.201573 
0.154448 -0.385558 -0.148475 -0.029116 13.062502 17.944783 -11.049170 
0.449860 0.139920 1.188723 -0.171961 -4.695211 7.928313 10.188240 
0.194281 -0.913132 -0.208520 0.497990 1.298931 -6.128504 1.600973 
0.121470 0.380256 0.413150 0.145818 -11.079808 9.124370 27.048446 
0.388680 0.028012 -0.322464 -0.717870 2.102974 10.166491 -8.695466 
0.552874 0.577892 -0.948394 -0.250863 -2.335936 -20.916646 11.199532 
0.107074 -0.343255 0.705370 0.047752 8.514119 -4.262323 16.285148 
0.218546 1.007210 1.098137 0.306146 5.940315 13.565779 0.054967 
0.118025 0.168390 0.598296 -0.334043 -14.626783 -12.104741 -7.298280 
0.176826 0.235832 -0.291686 0.407431 -7.745048 -8.207685 19.815245 
0.123628 0.286451 -0.650278 -0.943867 -3.291389 0.858978 -6.273268 
0.103987 0.001024 -0.754455 1.094432 17.936953 1.366527 25.280028 
1.612405 0.079259 0.100691 0.497950 -5.665645 -3.767193 9.423368 
3.952128 -0.377970 1.426474 -0.205173 -1.397225 12.196498 8.144101 
0.090817 -0.384880 0.155864 0.162677 7.933244 -4.952986 -5.766661 
0.094271 -0.297669 0.891927 -0.029063 -3.027045 -8.631777 -5.733970 
0.105198 0.384074 -0.281627 -0.948457 -13.268152 -4.627525 -15.246830 
0.122132 -0.013425 0.087371 0.203337 -15.879160 -2.110567 -1.249369 
0.167817 0.432439 -0.501183 -0.661793 -9.432530 -14.039722 4.955028 
0.138488 -0.552644 -1.215651 -0.690156 -1.594765 -21.118537 3.479055 
0.701272 -0.131509 0.130998 -0.893297 30.163132 4.249620 -13.166197 
0.367183 -0.077348 0.593744 0.789280 1.864867 -4.941634 20.661931 
0.116639 0.432926 -0.317839 -0.009163 6.928228 -10.355827 -8.101871 
0.156405 -0.172275 0.079376 -0.088305 -19.459814 13.798160 -24.709476 
0.118162 0.387980 -0.472034 -0.133229 0.230959 8.613758 10.993216 
0.151293 0.128512 0.029490 0.495251 2.522201 -9.665774 -21.330145 
1.456612 -0.167641 0.028219 -0.389478 -13.668473 2.835460 17.599412 
0.095248 -0.251411 0.498959 0.527149 -3.770601 2.622236 -7.291564 
0.298886 0.227667 -0.067849 -0.570275 -4.814678 1.247344 15.179338 
0.512636 -0.149733 0.670052 -0.597095 1.376810 2.561198 11.721590 
0.121466 0.360599 -0.980608 -1.475388 14.022046 -14.907914 -15.715631 
0.863813 -0.677226 -0.218965 0.099873 -6.828631 -6.753956 -14.129049 
0.283593 -0.461304 -0.275662 -0.826056 -8.440364 -2.354788 4.817735 
0.114183 0.166360 0.219134 -0.180312 -10.617110 27.103940 -5.853930 
0.387857 0.152038 0.204896 0.745750 -3.586574 -11.354091 1.616473 
0.102340 -0.013313 0.293807 0.526861 -11.610581 -14.214559 28.374496 
1.423034 0.146109 1.251370 0.146623 15.891533 6.756245 -3.192310 
0.118440 -0.082277 0.146238 0.984071 8.887396 -8.129986 7.619922 
0.087317 0.052520 -0.011377 -0.412923 -13.323338 -0.248382 19.549636 
0.115648 0.012777 -0.349642 0.061595 1.451765 -10.021247 22.636577 
0.335498 -0.251996 -0.345948 0.836993 8.821433 -22.092231 0.664263 
0.109210 0.205698 0.571685 -0.594094 -7.451723 -0.905629 -12.139458 
5.398343 0.468024 0.288353 0.215095 -4.432292 4.022377 6.188215 
0.438696 -0.312671 0.229036 0.525461 -18.379977 -12.856575 -7.521266 
0.102783 0.163528 0.428583 -0.347523 9.068203 -13.018420 10.377337 
0.317653 0.872481 0.411410 -0.951463 1.047901 22.772334 -14.795414 
0.117399 0.192671 -0.219271 -0.009664 -15.088257 21.857910 -5.511495 
0.135796 1.211218 0.406513 0.145066 21.780425 -11.972784 5.745529 
0.139152 -0.082432 0.289370 0.192136 1.147303 20.510283 -3.399307 
0.081844 0.484540 -0.399337 0.659806 0.274720 0.139689 1.529250 
0.210768 0.392618 0.195621 -0.966216 -7.360100 -5.572718 -3.235599 
0.087151 -0.534038 0.182367 0.782859 7.079331 -3.147126 31.806030 
0.247564 0.284691 0.050052 0.523435 -5.545379 -28.552361 -2.272109 
0.118055 0.666259 -0.872058 -0.734515 -2.114103 -2.246517 -10.672995 
0.133708 -0.128696 -0.900161 -0.102553 16.681216 -32.799331 3.347019 
0.137951 -0.255122 -0.435900 0.438385 -13.605035 8.794088 -10.619437 
0.295736 1.962986 1.293204 -0.304687 68.243438 34.830151 -10.612829 
0.093592 -0.383146 0.081363 0.415756 -0.402602 11.336848 -8.930783 
0.180968 0.262727 0.804043 -0.692900 -0.786889 1.754628 4.502036 
1.058781 0.160498 -0.554482 -0.500334 7.290788 8.495896 -1.042725 
0.086350 -0.051991 0.022833 0.126789 5.226352 -1.016587 19.235254 
0.263354 0.549844 -0.794001 -0.134966 -6.879294 1.815765 0.091928 
0.556778 0.027817 0.373974 -0.853311 4.462936 -9.959720 1.949271 
0.139284 0.537161 -0.109679 -0.684229 -3.886540 5.193297 2.538240 
0.478468 0.544999 0.307040 -0.346475 -1.932532 1.891861 -10.792854 
0.165293 0.077874 -0.556301 0.235595 -0.671178 7.036721 -4.214883 
0.493788 -0.355651 0.130689 0.137063 4.501479 -3.013661 -26.255137 
0.252788 0.543273 -0.024535 -0.815898 8.205031 5.942097 7.487422 
1.145613 0.545869 0.013042 0.307425 7.233821 -19.972817 14.441980 
0.388183 -0.286832 -0.021523 0.438795 -2.841769 16.680803 27.375454 
0.094407 0.292575 -0.753759 -0.221179 -8.318534 5.794338 1.091107 
0.126740 -0.065013 0.801913 -0.085536 -1.057061 17.236151 1.677639 
0.323270 0.089325 0.237497 0.470981 -4.452868 -12.809052 -9.594945 
0.198042 0.119948 1.134160 -0.185953 -16.035989 22.354981 -0.713053 
1.167561 -0.727997 -0.476304 0.529820 9.241960 -0.664794 1.056903 
2.697368 -0.600013 0.123572 -0.464015 8.449073 4.015614 5.666378 
0.376011 0.305394 -0.262867 0.123621 -24.481033 -10.142948 -11.962361 
0.588263 0.284427 -0.185036 0.878544 -1.642522 -3.565279 -8.401873 
0.138650 0.149818 -0.196386 -0.801099 10.895252 15.444390 -0.641314 
0.373816 -0.065333 -0.719989 0.984906 1.043834 4.805059 5.279040 
0.401930 -0.083987 0.647242 -0.687790 -3.229259 6.858616 -13.986332 
0.263064 -0.187991 0.193956 -0.120391 16.885092 10.632433 -5.189496 
0.459762 -0.529416 -0.674167 -0.307132 -19.998595 2.053695 13.746445 
0.328088 0.370933 0.462438 0.384954 -3.963894 14.722517 4.622568 
0.860282 0.204484 0.991191 0.593370 -7.804474 17.736863 24.470374 
0.273055 0.301522 0.294288 -0.106438 6.647658 -14.318748 5.993897 
0.396253 -0.499389 -0.832751 0.074300 -15.855504 -0.617016 -4.109693 
0.246288 0.095415 -0.242222 0.081817 3.953890 14.615466 -21.805926 
0.730294 0.313967 0.120710 -0.103823 -11.740011 3.073921 14.357829 
0.278430 0.340662 0.428435 -0.152875 -4.770207 15.626953 4.866982 
0.151503 0.290373 -0.579659 -0.108899 -0.540838 -10.250039 -25.386980 
0.100432 0.157516 -0.544941 -0.343091 16.174819 8.385919 -4.243222 
0.082624 0.159165 -0.917848 0.512553 -15.996394 -1.233592 4.507924 
0.114711 0.809665 0.356602 -1.031658 9.354909 -12.546953 -10.706717 
0.192666 0.747984 -0.229996 -0.118642 -7.633241 -1.532857 -22.497523 
0.287114 0.168216 -0.348787 0.978412 13.493899 -18.725739 -0.019376 
0.585359 0.548747 0.687693 -0.048866 4.536466 2.739379 16.652756 
1.376095 -0.184339 0.164801 0.115721 -4.709950 -22.087818 -5.962999 
0.431641 0.580794 -1.044290 -0.080317 7.977031 0.624133 -10.618189 
0.136683 -0.040256 0.612549 0.042175 -11.805459 10.350112 1.639174 
0.323241 0.556795 0.029498 0.638923 9.119692 -8.109356 -5.664982 
0.391024 0.055248 -0.247792 0.556063 -27.384843 1.750137 1.966659 
0.112116 -0.243619 -0.002440 0.613016 3.299551 22.163845 -2.082298 
0.116547 -0.331724 0.543546 -0.440362 7.230846 12.297547 -7.841934 
0.952396 0.724463 0.287906 0.142259 0.488106 -14.296123 -4.958372 
0.374161 -0.619581 0.565022 -0.034052 -5.747988 -15.756050 -8.692173 
0.178419 0.540421 -0.051884 -0.137381 2.192058 -0.660439 8.244761 
0.192961 0.461323 0.894933 -0.332913 -2.497344 2.235599 -20.543227 
0.763069 -0.200516 0.192945 -0.318005 -5.468149 13.928945 19.420025 
0.181019 0.755850 0.333652 -0.110493 -5.896151 6.996646 11.504501 
0.393969 0.481639 0.309645 -0.512015 20.261168 29.481609 5.733805 
0.408300 0.087035 -0.029728 0.176933 18.812454 1.304071 2.834968 
0.506972 0.541858 0.516246 0.203032 5.888285 -8.091514 -18.872955 
0.168852 0.420120 -0.736933 -0.566462 5.759349 -6.736209 11.603016 
0.196085 -0.635494 0.498237 0.100794 1.608758 -3.460486 -5.355244 
0.836938 0.934710 -0.688111 0.287527 8.226796 -3.907288 -8.461161 
0.701221 0.286284 0.644549 -0.117439 4.654260 -9.090861 1.430245 
0.263429 -0.103024 0.181327 -0.007996 5.299220 17.044060 -7.638257 
0.151360 0.961174 -0.127375 0.936853 -2.820544 -10.731213 17.768626 
0.449375 -0.332258 0.637917 0.253632 3.284459 8.020832 -3.618508 
0.108928 0.471526 0.851664 0.427689 16.671548 -7.380602 14.317035 
0.090465 -0.951290 -0.237413 0.572024 3.525789 -0.391160 6.250260 
0.531060 0.555310 0.282703 1.258928 -6.547423 14.567678 17.498753 
0.272013 0.433223 0.560251 0.445274 -14.973499 9.519763 16.757747 
0.127889 0.553515 0.136331 0.316751 9.965267 -4.903418 -4.403448 
1.070260 -0.120554 -0.126589 0.017215 -3.868487 -15.786147 -12.417560 
0.111702 0.143750 -0.312511 -0.804733 -15.619700 5.353027 -0.181296 
0.275275 0.040141 -0.370018 0.035774 20.673845 -12.815745 5.927501 
0.433814 0.716742 0.329777 -0.078143 -8.179047 -10.489012 -9.098290 
0.121123 0.239767 -0.553959 0.247047 -6.769724 -7.090109 -25.144738 
0.604561 -0.507431 0.505321 -0.630771 -11.287687 12.658103 8.091111 
0.672200 0.572396 -0.232777 -0.100495 12.626465 6.224961 21.665463 
0.485099 0.338341 1.227716 -0.038227 5.580542 17.896756 10.092630 
0.088968 -1.353714 -0.213268 -0.054658 -14.425565 9.329994 -1.152521 
0.372330 0.366358 0.608326 0.389251 -8.890311 3.114227 -10.056878 
0.427499 -0.620536 0.051467 0.992405 9.294621 -11.680292 18.356296 
0.148166 0.638720 -0.107329 -0.355212 4.169422 -19.043062 -9.103098 
0.205405 -0.198647 -0.400359 -0.637167 0.062640 -18.958823 -9.212123 
0.273438 -0.375864 -0.673427 0.237892 17.388726 -2.113711 -2.484176 
0.257004 0.358217 -0.640202 -0.561477 9.754134 11.676443 -22.795154 
0.083821 -0.120483 0.586866 0.145832 -9.957376 13.582183 31.706643 
0.673429 -0.405476 -0.153150 1.038648 0.009524 -4.678510 14.888656 
0.093338 -0.148322 -1.135651 0.792160 4.105160 -5.678971 7.853756 
0.097693 0.021458 -0.100976 -0.531703 -0.552855 -1.341934 14.900136 
0.081727 -0.288230 -0.273980 -0.300063 0.546171 -5.857932 8.114366 
0.417045 -0.059466 -0.026513 0.131825 15.973071 -4.748991 -19.941645 
0.387177 -0.684641 0.253370 0.414060 -8.867656 -4.661785 -2.143865 
0.350927 -0.295944 -0.683002 0.416868 -3.898444 8.079840 6.253386 
0.081891 0.576227 0.059433 -0.641692 -7.915019 -3.442714 -14.708764 
0.111530 -0.146937 0.241467 -0.072377 -15.530938 10.391923 29.938217 
0.729211 -0.362729 -0.203924 0.223824 -4.041387 -0.635155 -15.133058 
0.081209 0.824329 0.335609 0.113389 1.713542 -3.398138 5.466489 
1.066327 -0.135415 -0.170314 -0.674780 8.048270 10.724072 -0.200966 
0.844840 0.138078 0.118610 0.188660 -24.445240 0.775477 13.557770 
0.286414 0.330166 -0.361695 0.840605 3.164014 -2.344017 1.613922 
0.108220 -0.273276 0.690686 0.305509 14.916656 -1.236833 10.435423 
0.106446 -0.304302 -0.264388 0.272412 23.456462 -13.042596 -5.125846 
1.618982 0.378786 1.095129 0.357923 -10.261795 24.944925 -5.882505 
0.126190 -0.081085 0.231227 0.279113 -22.826284 -0.382870 -14.726620 
0.666898 0.147105 -0.026214 0.177347 9.662540 -4.312998 16.806036 
0.355266 0.464075 0.062010 -0.702723 -1.284195 -0.316573 2.627908 
0.365762 -0.585619 -1.882296 0.245108 -20.472118 -35.495670 -4.654136 
0.430606 0.542353 0.329732 0.118464 7.682576 15.330808 0.838326 
0.100431 -0.725103 -0.657659 0.581160 13.471392 -10.400121 11.113738 
0.189647 0.489214 -0.137937 0.180716 -11.418092 -4.011410 8.103156 
0.132254 -0.012346 0.508965 -0.174205 -19.680369 -5.362051 11.100880 
0.500139 0.148221 -0.399990 -0.532209 -15.805059 -7.124075 -20.922564 
0.175237 0.486037 0.107340 0.096573 -0.703162 22.009672 -17.366664 
0.123696 0.144733 0.573058 -0.293806 1.631215 8.697568 5.400185 
0.195281 -0.155551 -0.549166 0.309601 -7.444670 -13.079848 -23.200752 
0.599939 0.246129 -0.357616 0.565666 -30.187033 -9.725704 9.215528 
0.192741 0.162754 0.215301 -0.189670 3.575481 -12.216526 -1.286414 
0.200778 0.648387 0.925608 0.157301 13.064324 -3.922663 0.603616 
0.177472 0.156915 -0.844754 0.428593 -2.929576 -14.626875 -18.107653 
0.127855 0.035453 -0.259040 0.587089 7.731113 -23.701554 4.302165 
0.220526 0.003709 0.321555 -0.260944 0.924015 -12.904473 13.061966 
0.627642 -0.277758 0.166602 0.049048 1.588269 -8.843008 11.142624 
0.637465 0.551919 -0.489964 -0.132753 -9.780826 1.822298 -1.302717 
0.169117 -0.315265 -0.778018 -1.013028 4.191096 -6.422969 -3.869015 
0.114784 -0.268608 0.433581 0.422614 -12.869902 -16.572208 3.428573 
0.135557 -0.244908 -0.404240 0.124828 -0.065200 13.095280 5.042920 
0.579415 -0.666332 -0.171819 -0.700276 -12.231431 -2.253815 11.067875 
0.624848 0.207598 0.287927 -0.225854 28.719968 22.047899 -3.907096 
0.385484 -0.350052 0.767809 -0.239078 -21.109214 6.436316 13.344747 
3.082417 0.059524 -0.214259 0.313681 -16.339202 -4.137096 5.553620 
0.310489 -0.244505 -0.070475 -0.523568 -1.220854 -17.227636 15.720770 
0.457154 -0.402552 -0.115825 0.436363 6.586293 5.571485 6.000078 
0.279294 -0.247469 0.411949 0.902268 -8.689862 1.732533 3.440282 
0.089763 -0.044720 0.122001 0.653632 7.938298 -14.477770 -8.380851 
1.249225 0.218474 -0.049177 -0.174903 -18.123401 21.758650 -3.446537 
0.163561 0.073493 -0.050654 0.322835 21.653732 -17.533378 -0.432806 
1.702665 -0.323263 0.132111 0.053603 -12.648000 14.064221 21.333045 
0.087567 -0.462069 0.432930 -0.147499 11.301005 22.350233 -0.926282 
0.192231 -0.335208 -0.009967 0.053263 5.717154 15.423783 -0.043273 
0.122081 0.721538 0.336001 0.374803 6.542376 -8.102102 -12.067744 
0.088452 0.085101 -0.750583 -0.066136 1.725526 -7.399526 9.861195 
0.470758 -0.616293 -1.320856 -0.139829 -6.687864 -15.720286 7.112189 
0.196106 -0.090435 -0.188198 -0.093981 4.958438 -1.046171 -7.597213 
0.163499 0.226685 -0.849443 -1.145815 16.618172 -22.471062 -2.844597 
0.080867 -0.078003 0.138266 -1.220295 23.471527 18.611839 -19.716414 
0.223604 0.588517 0.177202 -0.306374 -9.280096 2.461591 14.228541 
0.155926 -0.166873 0.629702 0.261694 -23.219515 7.524975 17.077910 
0.238387 0.349402 0.306383 0.617820 4.556962 15.764786 -10.569153 
0.106154 -0.124165 0.164686 0.458793 11.216907 -0.771967 -4.542593 
0.169911 -0.719178 0.737585 -0.108348 2.881180 -0.936925 -12.882984 
0.113329 0.239771 0.204059 -0.695038 17.471994 13.260749 7.528016 
0.192419 0.794699 -0.035005 0.165049 15.998546 -26.476172 -8.976320 
0.594225 -0.616636 -0.309638 -0.772828 1.070401 1.134276 -3.277872 
0.085164 0.588166 0.189609 0.082294 -6.897654 -1.571260 -19.005732 
0.117057 0.165171 -0.726631 -0.171226 -4.000964 9.870079 -7.130778 
0.205043 -0.202042 -0.691208 0.438195 15.273764 -0.715953 -9.213060 
0.234649 -0.777619 -0.039145 0.246225 4.853172 -15.533670 7.058318 
0.487672 -0.229343 -0.282460 -0.273475 4.205436 18.798315 8.540854 
0.223182 0.462123 0.496525 0.284853 7.519471 -8.396047 -6.571305 
2.476904 -0.487712 -0.774481 0.562353 -7.483535 -8.387270 -14.864250 
0.441734 -0.049040 -0.203128 0.084822 17.397303 -3.812061 -2.532392 
0.230397 0.559984 0.198093 0.259656 8.976669 -8.038638 7.127578 
0.689100 0.706472 0.960515 -1.099644 24.582337 9.997185 -13.453162 
0.815528 -0.507373 0.616681 -0.259547 -29.504862 3.070884 7.578018 
0.161492 -0.516038 0.005691 0.424314 -2.877997 16.354533 -2.206143 
0.542296 1.466891 -0.103521 -0.469850 16.450608 -8.722339 -2.362481 
0.146522 0.669773 0.589131 0.048058 -3.913613 3.530233 13.256737 
0.256037 -0.762740 0.635011 -0.145958 -16.463784 -10.794260 -15.079149 
0.887681 -0.708112 -0.820900 0.845163 -5.164517 4.319297 12.749723 
0.101372 -0.208394 -0.255339 0.343564 1.941605 11.945018 12.519324 
0.141931 0.535850 -0.203990 0.203608 10.407355 12.135271 3.468691 
0.178446 -0.682680 0.168140 0.134505 -18.749805 10.527573 8.735277 
0.083374 0.182045 -0.172120 -1.132323 4.993460 -3.998826 -0.316500 
0.376685 -0.383332 -0.374734 1.075368 0.522736 -0.914216 11.625479 
0.585808 0.485364 -0.629657 -0.120397 -7.686135 -19.719391 8.167594 
0.102075 -0.335764 -0.460393 0.057758 0.270763 18.152187 13.377025 
0.086694 -0.081571 0.393599 -0.416222 24.837174 19.028053 -3.030990 
0.654455 -0.281213 0.063097 0.362332 -3.758576 -2.953372 12.095892 
0.442796 0.677032 -0.087999 0.056387 -7.926390 -1.606950 -18.414339 
0.103990 -0.301903 0.487526 -0.035856 -11.389197 14.365345 -8.732482 
0.137893 0.712184 0.585912 0.207625 3.046459 -11.927671 0.985397 
1.044939 0.008654 -0.153789 0.060868 21.703042 -6.795042 -17.133264 
1.025335 -0.353370 0.130604 0.566521 -6.543705 -2.029319 -13.797667 
0.472835 0.263388 -0.048816 0.474525 -6.418468 4.612463 29.249911 
0.672168 -0.379621 0.669805 -0.523504 -29.355652 10.898890 7.050140 
0.208490 -1.014284 -0.072665 -0.021545 -18.211000 -17.235071 -3.001603 
0.292610 -0.557184 0.564997 -0.384589 -11.530290 24.744594 9.126702 
0.111344 -0.127821 -0.075460 -0.014043 1.930177 -11.206229 23.145327 
0.466067 -0.233049 -0.640534 0.353713 12.575727 0.579997 10.190532 
0.112109 0.291813 0.653851 0.188809 -7.838414 0.664836 -5.794292 
1.021373 0.483840 0.196641 -0.308840 -12.149354 1.057836 5.155341 
0.247245 0.156130 -0.264776 0.102561 -23.793601 -15.692155 22.876930 
2.937998 -1.240666 -0.023413 -0.474952 -22.200477 -10.256990 7.577433 
0.112201 0.141873 0.391982 0.265776 11.178595 -15.964277 1.792141 
0.941373 -0.104116 -0.235823 0.126059 -11.119884 20.630342 -2.842783 
0.186332 0.245327 -0.365334 -0.706336 13.512641 -1.485505 -13.133798 
0.206312 0.157652 -0.399080 -0.009339 -11.178832 1.540037 -17.724073 
0.087521 0.482844 0.912341 0.724522 -0.268475 2.544334 2.521355 
0.337060 0.219879 0.508538 0.324567 8.200514 -11.016142 -8.890616 
0.506829 -0.448684 -0.092338 -0.027320 6.673076 2.762494 26.083139 
2.506229 0.882826 0.701241 -0.467144 -4.542135 15.370200 -1.956649 
0.109658 0.069935 0.221801 0.658180 16.806467 2.970137 -5.135553 
0.093631 0.562583 -0.379315 -0.143306 -15.130029 3.610670 5.375033 
0.994606 0.044844 -0.169752 0.283744 20.115530 -0.860724 9.850828 
0.184780 1.045606 1.282713 0.212439 10.634988 15.581181 -1.690001 
0.113864 -0.118834 -0.597781 0.273805 2.402986 1.247993 -15.665437 
0.500571 0.231457 -0.876106 -0.491954 26.945788 -2.572603 -14.807604 
0.375402 -0.295920 0.231174 0.462893 2.975880 -3.911119 16.143860 
0.121279 0.065219 0.056189 0.958205 15.122517 0.070682 -2.615742 
0.437171 -0.055357 -0.002313 0.294667 19.941894 -2.494511 -19.167131 
0.420529 -0.318939 -0.415695 0.497661 7.157195 -1.323663 -1.999199 
0.140832 0.067764 -0.241388 -0.293761 8.599414 -7.787813 7.759093 
0.317286 -0.024614 -0.247623 0.175525 8.262927 18.069057 -0.654303 
0.092539 0.988554 0.206217 -0.865650 9.802332 -7.388526 -1.258408 
4.198783 -0.156571 -0.176655 0.396700 -3.191107 -4.896806 -15.849567 
0.435794 0.675443 -0.318207 -0.298454 -2.248528 7.172676 6.097187 
0.299195 0.237296 0.424121 -0.569113 -5.735782 -11.857844 -8.546025 
0.366428 0.070830 0.419864 -0.744540 -19.983673 4.492268 1.576306 
0.300202 -0.027674 -0.235008 0.245633 8.011128 13.316348 -2.757297 
0.585186 -0.168968 -0.226404 -0.704068 7.925613 -3.795953 8.064116 
0.524509 0.114077 0.371660 0.196351 -4.407042 -9.275793 -21.996975 
0.292083 -0.059569 1.217327 -0.594057 5.924073 15.189979 8.406406 
0.107699 0.265010 0.888649 0.248145 -3.226313 17.408114 20.622520 
0.744916 -0.353412 0.056856 0.241004 -14.087963 33.813177 10.670602 
0.131940 0.082473 0.739435 0.077572 -13.939979 27.473397 0.352714 
0.104491 0.061415 -0.295326 0.044209 -16.744018 -14.391958 24.844799 
0.504475 0.138900 0.117201 0.184433 -5.259170 9.718611 -2.168219 
0.159200 0.225874 -0.191269 0.542864 -8.829151 -6.476908 -3.220276 
0.144224 0.721952 1.084908 -0.852899 1.857380 23.118953 -0.297903 
0.221063 0.735550 0.272067 0.119825 -4.062186 9.679757 -18.768236 
0.339783 0.159715 0.432524 -0.602766 -7.828663 -10.268844 -6.162051 
2.985742 0.110314 -0.878454 0.481062 22.521753 1.315115 -1.769734 
0.098040 -0.369357 -0.293124 0.704179 -4.373988 -2.111419 -12.166683 
0.364111 0.439508 -0.117340 0.603538 -11.854342 -7.179286 -3.632053 
0.144886 -0.491146 -0.122555 0.254787 13.730723 12.905808 11.810385 
0.360597 0.162433 -0.374381 0.408261 -7.861593 6.478303 -7.542238 
0.254317 -0.621123 0.740937 -0.882981 -12.088983 -4.357477 -10.347768 
0.555913 -0.546049 -0.636417 0.203362 7.397593 -4.524365 -6.264996 
0.416651 -0.859956 0.357624 0.282574 -27.737985 -4.490546 -4.738724 
0.151008 -0.296263 1.015913 1.080439 0.319801 11.329868 11.029870 
0.577563 -0.153211 -0.164683 0.536017 -4.180484 14.605880 -15.632833 
0.141965 0.925110 0.465786 0.756027 11.922488 1.804791 28.283474 
0.120024 0.470581 -0.229945 -0.307065 -3.785601 -3.618661 13.219355 
0.182852 -0.335690 -0.274694 0.221517 21.324991 -22.082824 0.188322 
0.189724 0.084755 -0.139051 0.544988 8.807169 -2.097786 -19.923233 
0.150160 0.277590 0.071146 0.015318 10.908536 -20.994160 24.232661 
1.373741 -1.512656 -0.672719 0.715948 -26.079889 0.317439 11.538141 
0.283453 -0.024937 -0.220187 0.549470 9.736635 -5.027206 20.244086 
0.170281 -0.486997 -0.666024 -0.377463 -11.321030 5.555010 9.075622 
1.505698 -0.780771 0.639283 -0.135737 -5.884001 3.948690 2.141771 
0.360047 -0.050192 0.358013 0.277246 -26.698437 7.956886 -10.429178 
0.588861 0.521767 -0.593259 -0.378393 -12.917555 -5.550855 -0.927585 
0.381565 0.393413 -0.383437 -0.205689 -15.996848 -11.070837 3.291818 
0.166121 -0.104232 0.660680 0.284358 -4.857397 -9.906974 -10.438429 
1.652096 0.034028 -0.534822 0.046238 5.676394 -2.598881 -2.216273 
0.215498 0.852542 -1.255535 0.592532 21.403143 -11.349509 3.246301 
0.524663 -0.041700 0.268869 -0.100189 -9.056390 9.791655 10.916192 
0.489037 0.371929 -0.230046 0.046352 -7.242704 15.953958 -17.274312 
0.247044 0.227579 -0.016251 0.148916 3.790138 1.211966 20.225783 
0.408569 -0.872592 -0.490699 0.310745 -1.279299 6.044119 4.071966 
0.429966 0.127131 0.091754 0.040937 -11.714469 7.590121 5.227039 
0.205030 0.632572 -0.034346 0.301596 21.136708 -14.944557 -0.079799 
0.104504 0.709337 -0.164051 -0.228511 5.907406 1.980154 -12.393609 
1.704172 0.534989 -0.847994 -0.686495 1.260831 -2.561765 -15.542950 
0.208973 0.325863 0.976081 -0.644381 7.426888 4.930462 -9.743793 
4.631110 -0.709758 0.975755 -0.110729 -12.518291 11.628749 16.271422 
0.135103 0.125861 0.428135 0.176904 -7.956379 -6.669403 -14.927115 
0.169606 -0.013426 -0.237187 0.752487 9.281605 17.988801 2.315224 
0.567692 0.004668 0.612009 -0.249540 -21.845637 -7.144082 -16.626280 
0.214292 0.309477 -0.263145 -0.098389 3.249842 -2.723550 27.891693 
0.450345 -0.071048 -0.649351 -0.679004 -4.053081 6.525630 -1.148567 
0.407103 0.169126 0.117433 -0.422506 -9.114280 8.086868 -1.429281 
0.846636 0.043690 -0.056747 0.170881 4.958555 15.969535 -16.209094 
0.123163 0.673083 -0.094728 -1.170680 4.136818 -12.084834 -13.512331 
0.120648 0.259981 0.448870 0.243809 1.280839 13.301955 -19.419736 
0.387333 0.440569 0.309113 -0.441721 -2.702222 19.790341 5.826602 
1.095352 0.293350 0.124514 -0.032340 7.138424 14.552620 13.355581 
0.212730 -0.315241 0.384269 0.246439 4.023903 -4.679815 -20.181504 
1.575080 -0.221243 0.465846 -0.560747 -6.819863 16.028140 16.721995 
0.102042 -0.195543 0.169570 -0.403270 14.906976 14.920002 4.931793 
0.606266 -0.318824 -0.326808 0.275657 -15.872768 13.488659 1.987790 
0.250734 0.668167 -0.038884 0.076272 5.630445 1.068085 -3.363282 
0.184902 0.179034 -0.972035 -0.046069 -9.594361 3.433382 -0.976641 
0.348863 -0.912631 -0.188695 0.486451 -10.920320 19.749544 -2.440055 
0.127948 0.503108 0.193681 0.123854 13.233089 -17.074107 14.352939 
0.127545 0.818864 -0.478482 0.601689 9.328746 8.896414 25.599999 
0.089378 0.083563 0.892805 0.434492 15.086651 7.067038 8.610023 
0.220514 -0.876988 0.234844 0.324460 6.146072 8.957829 11.364456 
0.195396 0.705951 0.293800 0.565458 9.479743 -12.695024 -3.726072 
4.245083 -0.084975 -0.286486 0.431137 -13.043932 -19.987580 4.858860 
0.095817 0.140075 0.168423 0.604657 -7.731508 9.242540 -4.780113 
0.569763 0.553760 -0.129136 -0.131660 -7.876274 11.998278 0.652467 
1.098164 0.322655 -0.472013 0.301228 -0.493710 -1.926512 3.529559 
0.538990 -0.534350 0.004974 -0.400289 1.933329 6.614498 -2.456257 
1.288776 0.337842 0.099937 0.119693 -27.032840 7.695196 9.802732 
0.193816 -0.311146 -0.341816 0.579155 9.193715 11.763042 8.037285 
0.378483 0.964220 0.499853 -0.275165 -3.406284 13.178869 2.932566 
0.130333 -0.805409 -0.398955 0.067920 -8.297582 18.442575 2.530965 
0.235233 -0.286853 0.656688 0.518937 -0.573618 4.015093 -16.656772 
0.474050 0.128412 -0.115046 0.395785 14.905435 6.828361 -10.382719 
0.170650 -0.178294 0.611651 -0.187926 10.749133 -7.506701 -3.389716 
0.551803 -0.953672 0.043541 -0.287209 -12.223284 -7.232532 3.917616 
0.131497 -0.482811 -0.010314 0.314518 2.821573 16.252526 1.483405 
0.367063 0.173032 0.744000 0.002958 -18.468854 -0.049608 -11.570772 
0.237052 -0.056827 0.222750 0.166365 -1.015506 -12.604198 -20.502044 
0.979329 -0.671309 0.068825 0.412608 3.922061 -3.147232 14.349959 
0.113309 -0.347863 -0.578332 0.132968 18.155840 3.796072 -3.235066 
0.202812 -0.182602 0.170891 -1.058676 19.064240 6.698789 -8.694187 
0.145792 -0.281686 -0.439433 0.184057 3.981377 15.403366 -10.281736 
0.206856 0.498818 -0.782886 -0.447772 -5.589092 -29.503793 -15.843936 
0.534870 -0.193222 -0.635595 0.710308 -15.059134 9.727946 -0.969599 
0.091732 -0.037222 0.734441 -0.008072 -23.159124 0.863161 14.823410 
0.094435 0.211237 -0.611462 0.555237 -2.225162 2.359675 17.700652 
0.106821 0.081351 -0.150780 0.369337 5.921115 -7.525601 -5.857756 
0.443043 -0.290363 -0.169581 -0.315260 12.818774 3.795715 -16.932778 
0.087582 0.484860 -0.418754 -0.147269 -7.502065 -7.363051 -15.347090 
0.159466 -0.590208 0.567049 -0.226041 -12.370587 -6.687501 8.107039 
0.829727 0.236445 -0.297195 0.566703 3.085265 -2.807772 -16.354443 
0.093662 -0.477759 0.767171 0.052330 -6.606390 8.729930 21.059722 
1.055006 -0.169622 0.421171 -0.720044 -13.443705 6.078554 -8.107995 
0.290595 0.381106 -0.634201 -0.413257 8.412396 -0.697912 17.312631 
0.226020 -0.289295 -0.857466 1.522315 11.321232 -15.564312 26.656044 
0.258652 -0.080067 -0.143092 0.137916 -10.772491 10.654710 -3.933502 
0.504080 0.072713 0.104707 -0.621063 12.173490 -7.838062 2.663790 
0.133644 0.268178 0.623764 -0.682484 -9.367521 -9.426590 -28.475337 
0.102367 0.398630 0.347885 0.115427 -8.990554 6.144207 13.372429 
0.102733 -0.491118 -0.014696 -0.275645 16.732394 14.191977 0.510592 
0.406103 -0.027015 0.394615 0.871399 2.438465 -3.315720 -2.090448 
0.170184 -0.566526 -0.993915 -0.163790 -4.872334 -2.480121 -16.461299 
0.080956 0.414323 0.063583 0.188358 15.748701 28.114360 -12.517341 
0.171393 -0.126571 0.506226 0.628301 -8.264814 21.489793 5.042425 
0.103884 0.034710 -0.263942 0.381650 -11.355591 3.941972 4.963444 
0.287723 -0.253368 -0.203854 0.211906 3.250540 0.290592 11.158960 
0.707610 -0.087256 -0.175297 0.241489 -4.362998 1.407995 29.165197 
0.161798 0.289632 0.585899 -0.434455 -0.481270 -4.580802 5.198850 
0.495528 -0.785050 1.438919 0.489523 -11.922850 15.171255 3.667973 
0.081729 0.629832 -0.135940 -0.420934 14.192923 9.159565 14.313141 
0.498673 -0.541416 -0.212430 0.624036 9.385716 -6.663620 5.943747 
0.189760 -0.431330 0.166603 -0.460279 -12.121096 -4.045764 5.699601 
0.174582 0.906403 0.367040 -0.195278 14.197654 3.902554 11.996759 
1.913197 0.174554 -0.524763 0.060829 3.735630 22.546434 3.012811 
0.156957 0.121754 -0.401291 0.459740 -10.302283 13.341353 -2.071539 
0.318637 0.152360 0.731629 0.445595 11.802292 8.468342 -3.464089 
0.384886 -0.291448 -0.845277 0.494412 -13.081635 -0.566582 -1.173780 
0.094543 -1.109765 -0.186274 -0.682379 -4.545852 10.828771 -19.398217 
0.093801 0.410971 0.048277 0.906608 12.468864 -10.817814 -3.082348 
0.259589 -0.206467 -0.181405 -0.345335 3.190941 13.363981 12.813860 
0.331382 -0.094436 0.148433 0.014981 -6.978924 7.643483 -0.661324 
0.597086 -0.514820 -0.443997 0.016291 -29.016179 15.473594 -13.832324 
0.244466 0.148337 -0.126059 0.106886 -5.370481 -8.983370 10.446768 
0.409757 0.535149 -0.556808 0.008659 -2.710993 -4.663370 23.899611 
0.703460 -0.975771 0.485963 -0.127500 -2.325400 8.879479 13.443415 
0.129081 -0.037079 -0.129507 -0.189463 15.136352 4.231349 0.968978 
0.592856 -0.028921 -0.833936 0.096284 16.399135 5.501293 11.064555 
0.598064 0.136323 0.084273 -0.504927 6.515105 12.076386 19.026591 
0.315326 0.337455 -0.199761 -0.212757 -5.027104 17.985575 16.732855 
0.830552 0.522723 -0.488083 0.426893 0.888288 2.308013 -12.242414 
0.107798 -0.186290 0.005257 0.354735 -11.823797 18.074065 20.824539 
1.282747 -0.489009 0.080688 0.488650 -1.023960 -22.689689 -8.021573 
0.179704 0.360443 -0.134361 -0.696981 -1.519746 -12.705342 7.688784 
0.226650 0.208825 0.340622 -0.011517 15.693075 -12.419810 6.839878 
0.213577 -0.363853 -0.570964 0.108881 0.353922 17.949330 5.590439 
0.360054 0.398053 0.548122 0.360704 -4.124726 -9.288780 6.624975 
0.590465 -0.564588 -0.345545 -0.099317 12.021243 -5.844848 3.212415 
0.323997 -0.027578 0.214996 -1.011817 -3.932158 26.237600 -13.617538 
0.080856 -0.385911 -0.979489 0.743625 11.362096 -7.813907 11.442018 
0.143920 0.083295 1.259873 -0.191983 3.546184 12.087814 0.857382 
0.128165 0.584535 -0.368518 -0.138934 18.102332 6.705689 5.511594 
0.371144 -0.411080 0.653050 0.411336 -0.939053 15.003715 -8.071425 
0.145470 -1.039147 0.509205 -0.071432 -4.891924 6.142577 -17.600802 
0.092657 -0.042707 -0.777366 0.220838 -3.352084 9.853126 -9.271732 
0.587126 0.015972 0.256069 -1.087286 20.940094 -12.846661 -15.033035 
0.235289 0.291950 -0.283751 0.105608 6.280906 3.868222 9.752874 
0.569180 0.765547 -0.420751 0.424197 -1.839837 -12.292986 -5.507086 
0.093590 0.090847 -0.120499 0.402399 -13.123402 3.545609 21.821910 
0.249342 -0.293712 -0.368946 -0.833879 1.808477 -8.615785 -1.150325 
0.543855 0.192220 0.291485 -0.299237 30.039231 -6.818656 -6.391278 
0.236315 0.396138 0.119236 -1.044556 19.317331 28.293560 -14.967576 
0.136931 -0.512144 0.940382 0.016546 0.587626 0.789216 -9.321655 
0.109437 0.444762 -0.077674 0.721619 -7.964209 -17.352285 3.442733 
0.915698 -0.612933 0.356457 0.649897 12.783364 6.987417 0.232531 
0.125769 0.073140 0.461872 0.371047 -11.351164 -7.330708 -9.875770 
0.182221 0.678601 0.262118 0.095710 5.111159 -6.103136 -0.070401 
0.624303 -0.298847 -0.808349 -0.308256 -12.058797 -3.189631 -5.510503 
0.123119 0.447731 0.015687 -0.005704 -17.606330 1.160315 3.188244 
0.093277 -0.596288 0.365305 -0.300089 10.504174 5.266249 5.269670 
0.126609 -0.881847 -0.638469 -0.109449 -4.474361 -7.727425 14.825590 
0.342755 0.267326 -0.531998 0.002008 3.936105 17.937939 2.487868 
0.887808 0.630705 -1.065974 0.041622 9.982728 -11.373788 3.023882 
0.718573 -0.873157 -0.030227 -0.160830 -7.003977 -7.013116 -13.195096 
0.789225 -0.070418 -0.247192 0.476054 -6.550322 27.746221 5.985353 
0.126531 0.318543 -0.281561 -0.091840 16.922020 4.147509 9.842808 
0.685572 -0.336614 -0.316206 0.142726 3.426099 -5.463164 2.196794 
0.342997 1.159689 -0.344367 0.057324 3.319659 -1.245617 -4.464630 
1.141486 0.673041 -0.085444 0.766126 4.823646 11.008812 5.047220 
0.181571 -0.065827 0.098157 -0.513438 -12.891250 5.471398 4.636499 
0.271737 0.030247 0.270807 -0.418609 -10.599835 0.789159 6.519561 
2.465276 0.453802 0.211231 0.249214 -7.812953 8.121551 5.289081 
0.132761 -0.925305 -0.328033 -0.223279 2.003877 1.847246 -11.380180 
0.088416 0.915147 -0.069567 -0.403253 1.992032 -3.221366 5.812382 
0.089291 -0.209565 -0.070226 0.071537 0.624144 15.013947 -17.852448 
0.263350 0.251891 0.424967 0.690745 7.196663 -0.195330 -1.350693 
0.423754 -0.136176 -0.683436 -0.219275 13.735760 -3.954988 17.310397 
0.178200 -1.388051 -0.653549 -0.017930 -15.890268 -2.396088 -0.646424 
0.269147 0.431975 -0.948191 0.262036 -12.562666 -9.328167 -4.667796 
1.218772 -0.780283 0.689176 -0.378452 -10.082247 -9.441639 3.013933 
0.195759 0.438618 -0.124407 0.721650 6.489474 -19.378136 14.275668 
0.310560 -0.419337 -0.031057 -0.129160 -1.086569 11.492297 16.938523 
0.132928 -0.054989 -0.115577 0.502812 -1.972666 12.621762 -17.775747 
0.130606 -0.496226 0.797669 0.764378 -0.704913 3.628082 1.525282 
0.180981 0.400929 0.384162 0.325802 13.358868 32.453681 27.972183 
8.040799 -0.039790 0.300357 0.149801 8.932206 -3.832436 -2.498680 
0.080873 0.780368 0.006942 0.260000 -0.997371 11.930960 7.300391 
0.337684 -0.205665 0.741897 0.849199 6.256793 1.146144 20.634169 
0.727006 -0.339235 0.682056 -0.158745 -23.616031 7.929755 10.659744 
0.130102 -0.018358 0.747014 -0.341875 -2.599120 0.692821 8.834917 
0.107057 -0.207917 -0.627984 -0.484042 -2.716480 -10.087317 18.115388 
1.352041 0.001623 0.144014 0.793739 -10.498117 3.710750 -9.274998 
0.108970 0.224010 -0.191879 0.719486 -20.525083 -1.138198 7.037831 
0.148499 1.025291 0.741997 -0.649700 12.053180 1.290066 -10.567098 
0.263983 -0.129460 0.123672 0.177728 10.502745 -21.426215 -0.919121 
0.240265 -0.132912 -0.549991 0.009320 -12.737258 18.911882 -6.382636 
0.217954 -0.138698 0.401030 0.395272 3.020290 4.503867 0.481878 
0.444167 -0.331514 0.479907 0.688658 -5.948714 11.925106 2.356077 
2.752555 0.193668 -0.046774 -0.496375 0.564438 12.403944 -23.581060 
0.266546 0.046349 0.201033 -0.331882 12.379932 1.533485 -17.965093 
0.104305 -1.267076 0.166749 -0.133429 -10.278020 7.685267 4.359814 
0.144490 0.690811 0.171136 0.345033 15.944260 15.642554 -14.464531 
0.094619 0.043523 0.071959 0.537028 7.897755 -4.975676 3.962578 
0.144851 -0.704067 0.398418 0.305166 5.534394 8.429063 21.713785 
0.132290 0.334554 -0.565471 0.428667 -8.390812 2.582552 23.166967 
0.524424 -0.225562 -0.256570 -0.651354 2.205700 -9.024539 -2.434975 
2.804970 0.330272 0.168279 -0.141695 31.026534 7.209975 2.036038 
0.151725 0.536402 -0.145421 0.371132 6.200955 7.221527 9.665014 
0.691052 0.068485 0.716655 0.340319 -11.841810 4.214481 -6.322149 
0.123125 -0.844870 -0.958698 -0.451421 -22.005448 -8.167795 -8.003050 
0.095501 -0.399975 -0.346305 -0.114569 6.603314 0.540072 9.489564 
0.082472 -0.174128 -0.019625 0.141889 -5.995631 -6.062064 25.812454 
0.088000 -0.545293 -0.077827 -0.288959 -1.184101 0.680461 19.170667 
0.106567 0.443044 -0.164720 0.090520 -8.031972 -0.208247 4.960250 
0.083960 0.172629 0.126498 -0.131380 -7.660204 -22.977218 17.042702 
0.444394 -0.090371 -0.366586 -0.537872 -5.065022 9.172254 9.170492 
2.968598 -0.399626 0.371540 0.656151 -13.103267 4.654248 -8.532110 
0.118415 -0.710207 0.230175 0.809658 -11.866210 -0.644246 -8.294557 
0.123056 -0.159572 -0.298028 -0.266537 -6.639943 -12.212421 14.019714 
0.111967 0.006896 -0.412007 0.236930 -18.482994 6.071342 -12.671109 
0.095336 -0.060953 0.282574 0.221128 -9.077514 2.982817 0.714946 
0.085245 0.144340 0.213661 0.723202 -13.205593 1.606434 4.666335 
0.219520 -0.055946 -0.276412 0.595563 -23.355124 -8.015946 9.857671 
0.269315 -0.458322 -1.118941 0.744676 -8.306167 -14.074072 13.481404 
0.084729 -0.316879 0.491328 -0.429711 -0.875871 -10.624762 10.176202 
0.193296 -0.071433 -0.998309 -0.165904 5.770544 -2.289982 14.742159 
3.042533 -0.302960 0.422716 -0.554929 -3.879670 -16.917949 -11.305610 
1.417540 0.787104 1.072183 -0.522792 13.671838 11.570069 0.759783 
0.348250 -0.454149 0.324035 -0.375476 -6.397149 1.435554 1.179955 
0.189420 -0.690307 -0.225863 -0.298497 4.534582 2.932208 15.509086 
0.222484 -0.216454 -0.174721 0.383917 0.604739 -10.008399 11.733088 
0.319069 -0.629250 -0.130805 -0.607810 2.752381 6.723310 -10.549322 
0.092091 -0.603785 -0.019202 0.333738 -7.079088 -7.266973 13.979894 
0.486369 0.113755 0.310408 -0.067270 21.895585 -10.131397 -8.755800 
0.293964 -0.400338 -0.481470 0.398425 8.189063 10.862564 -4.360535 
0.150389 0.361909 -0.650418 0.094238 -8.929843 5.936632 -9.067122 
0.098254 0.565779 0.066866 -0.402535 -8.655953 0.966956 -2.769144 
0.129777 -0.203963 -0.083064 -0.049627 -5.176031 -6.950493 9.629538 
0.089968 0.498750 0.156094 0.862035 10.067380 13.834690 -5.097257 
0.178187 -0.466437 0.039725 0.307956 5.166619 -1.747437 -18.772650 
0.446547 -0.010711 -0.407532 0.161321 -19.672845 -0.496386 -4.376164 
2.596189 -0.602941 -0.664730 -0.687424 -20.616760 -17.144589 -2.647699 
0.941679 -0.183992 -0.097854 -0.171114 -1.876540 10.956619 -13.939289 
0.357477 0.013049 0.859544 -0.398790 -6.524835 -0.689138 6.002022 
0.233141 0.348712 -0.385455 0.408478 -7.543563 7.309625 -0.605362 
0.109886 -0.782524 0.357281 -0.098799 -6.850710 -2.682659 -7.470254 
0.103385 -0.605856 0.186778 -0.467215 9.686168 15.997020 8.219338 
0.307529 -0.803186 -0.190981 -1.289417 -7.426200 -12.549100 -11.571606 
0.224214 -0.802391 0.734912 -0.540493 -4.211049 -1.444821 -27.037904 
0.688471 0.383252 -0.572592 0.341029 8.377329 -4.821540 -7.506284 
0.121886 -0.192034 0.213147 -0.546389 7.128891 -18.493330 -2.756125 
2.036878 1.307424 -0.721805 0.143912 12.064805 -10.903473 -6.889722 
0.108772 -0.292550 -0.222080 0.264588 -6.919458 22.147342 14.301073 
0.087214 -0.882667 -0.682134 -0.938511 -5.226406 -16.257938 -6.064147 
1.095005 -0.101925 0.340479 0.587957 6.252294 6.863838 -0.485831 
0.462444 -0.296573 0.230356 0.838454 4.073102 -1.835005 -9.188258 
1.195467 -0.070963 -0.813899 0.043674 -0.555180 0.061032 2.030105 
0.124532 -0.882832 -0.342735 0.310785 2.368690 -3.853778 -1.025067 
0.239527 0.531033 0.371072 -0.555941 -3.840771 -8.275390 4.504414 
0.513647 -0.139476 0.608959 0.298121 7.675291 0.156389 20.240044 
2.322161 -0.554827 -0.531482 -0.644565 8.897585 0.565961 -14.309137 
1.749945 -0.381858 0.957529 -0.129841 6.433799 -2.105690 -8.320494 
6.427225 -0.200556 -0.669170 0.452123 -12.218093 1.790234 5.220389 
0.187473 0.262366 0.129996 -0.662430 -6.755265 -4.286696 0.213147 
0.080411 -0.941671 0.479115 0.315783 -10.074470 13.935970 14.264275 
0.084886 0.263729 0.186014 0.153462 -20.523263 0.686715 8.101999 
0.210734 -0.378339 0.663507 0.499574 -3.869466 3.852685 -9.149815 
1.039799 0.034530 -0.247937 -0.407041 16.145032 3.767811 13.028581 
0.589256 -0.453231 -0.044779 0.054569 4.903979 -10.045782 11.772408 
0.193774 0.301966 0.892663 -0.501058 -13.094270 8.810960 6.430225 
0.204408 -0.745289 0.207814 -0.016905 3.008668 -0.408866 -14.224292 
0.203976 0.180777 0.198628 0.747694 -23.906889 8.167500 5.671283 
0.100379 0.126552 0.240316 0.028838 -6.558340 -15.474995 -9.493059 
0.224716 0.410805 -0.590502 0.331496 3.052976 -1.096883 24.234972 
0.736908 0.249352 -0.205597 0.273091 10.089099 29.165267 3.066626 
0.183623 0.452803 0.324039 -0.884618 10.916062 3.556767 -6.242376 
5.763363 -0.534843 -0.569874 -0.198407 -6.406656 -13.249240 -2.623088 
0.155563 -0.541653 -0.485163 -0.355080 7.714494 6.528072 4.636396 
0.205052 0.394448 0.548906 -0.351868 -15.203661 13.731016 10.166588 
0.256881 -0.074993 -0.010900 -0.849015 -8.496369 -16.974363 4.763818 
0.383592 0.001740 0.195226 0.922886 2.773014 -20.193570 2.250767 
0.115189 -0.161544 0.429417 -0.925320 -15.107720 18.867930 4.174116 
0.144188 0.611627 -0.275691 0.220388 -9.499008 -0.645054 8.897613 
0.208231 0.014718 0.266636 -0.340065 -15.185179 8.108728 19.652187 
0.523071 -0.820140 0.309560 -0.636644 -5.326703 -7.731959 3.559979 
0.460238 -0.659352 -0.077275 1.114094 9.852833 0.246737 15.425713 
0.500482 0.466351 -0.015340 -0.630922 0.642915 15.554735 -5.440939 
0.190881 -0.461151 0.491753 0.622845 18.130385 5.933996 22.241135 
0.095002 0.132034 0.602664 0.056490 -1.555100 2.949158 -10.763158 
0.282526 0.726462 0.069837 -0.496469 4.226502 -3.637498 9.298257 
7.200905 0.290251 -0.100657 0.580372 -14.371973 7.314470 20.361135 
0.639887 -0.057991 0.500517 0.761987 -21.341231 5.151281 -4.612242 
0.088337 0.013379 0.201772 0.101620 3.727827 -14.527261 4.414609 
3.427020 0.184730 -0.290042 0.291435 17.038659 -6.677745 14.797566 
0.286232 0.194788 0.297712 -0.288708 -10.960543 -19.432007 0.063327 
0.111446 0.125745 -0.022993 0.368737 -7.319362 17.745561 20.408618 
0.194955 0.433758 -0.200986 -0.167301 0.998080 10.307902 1.358186 
0.190041 0.004453 -0.070313 0.556331 -23.083527 6.460256 -3.124657 
0.170109 -0.103121 0.525010 0.038959 -6.591224 3.010518 13.750263 
0.162386 0.487065 -0.387514 0.370644 -14.195281 3.961887 11.939109 
1.166044 0.507585 -0.635415 0.476432 14.022388 8.744751 25.005275 
0.584740 1.223780 0.278416 0.316981 8.297664 -1.434958 3.491010 
0.396613 0.290154 -1.175969 -0.222543 -8.548740 -8.433022 -11.867685 
2.418064 0.208419 -0.039784 0.253375 -12.727452 12.574945 -0.021030 
1.010429 -0.724540 0.506877 0.195411 -0.007489 -4.267835 1.020960 
2.532142 -1.260605 0.394588 0.014749 -7.990604 -5.980267 -0.765953 
0.107929 0.226490 1.030095 0.565138 6.845121 0.626100 6.546718 
0.167175 -0.609870 0.002234 -0.752411 -4.653953 -1.272258 -7.264820 
0.254952 0.839322 -0.894174 -0.026220 14.116317 -1.774105 -11.255805 
0.429694 -0.451683 -0.382176 0.267486 14.331543 6.778095 18.577474 
0.496826 -0.555929 -0.141710 -0.689525 5.142370 -4.759446 6.631106 
0.121547 0.454890 -0.075095 0.453919 10.477315 -33.436572 -1.413172 
0.215928 -0.072102 -0.506750 0.357467 -0.026030 18.571120 4.682309 
0.270339 0.101902 1.013893 0.581054 -7.074433 -1.355080 4.168730 
0.080083 -0.754875 0.236412 0.163012 0.331646 3.099166 17.476112 
0.272801 0.452045 -0.452728 -0.075535 12.760108 -2.353336 2.367157 
0.248941 -0.873521 -0.226428 0.595395 5.868777 -8.563341 7.978957 
0.198171 0.054259 0.027268 0.362439 0.489252 -19.568145 -2.606572 
0.125940 0.119657 -0.516835 0.129994 -2.292297 17.178244 6.442446 
0.397489 -0.070114 -0.212019 0.284486 11.692650 -0.570053 12.793775 
0.109822 0.092636 0.221223 0.370479 32.878445 2.109816 -1.490181 
1.950578 -0.274897 0.825386 -0.401132 -6.389766 -10.360174 -0.407741 
0.085723 -0.020966 -0.242635 -0.395801 -6.918768 8.874435 9.976475 
0.261677 -0.203381 -0.111371 -0.257897 14.235342 13.664911 -1.124359 
0.410668 -0.654831 0.968774 0.149161 4.230035 7.371030 14.816363 
0.278253 -0.217923 -0.309398 -0.188916 12.508409 -11.129765 12.709502 
0.362834 0.124254 -0.555859 0.116198 -14.807163 7.226996 7.434216 
0.191416 1.169067 -0.399342 0.049545 34.300499 11.441119 -4.566328 
0.204516 0.260848 -0.453563 -0.814253 12.282020 -4.487319 -6.405945 
0.119244 0.234053 1.128969 0.022025 -0.416221 0.486508 10.261589 
0.394798 -0.430194 0.316283 -0.557656 -0.015661 -6.730296 -3.515633 
0.108074 -0.043334 -0.250098 0.389659 0.370859 12.195673 -20.465801 
1.687457 0.553976 1.380098 -0.265714 15.990051 20.333332 6.255098 
0.142585 -0.361778 -0.777031 -0.001709 1.614048 0.228530 -9.089471 
0.999592 0.295940 -0.213433 0.266197 -3.422598 14.307450 -23.678916 
0.835224 0.777313 -0.801621 -0.103966 16.008670 10.053741 -1.356250 
0.133760 -0.286861 -0.562442 -0.357741 -17.183875 -7.559026 2.371705 
2.914902 -0.236317 0.184220 0.078594 25.911307 -9.683364 -0.849535 
0.289537 0.159430 0.032181 0.323097 -12.384438 -16.786325 5.520672 
0.111589 -0.271556 0.058629 0.170448 2.468410 11.179084 13.172526 
0.666435 -0.219257 -0.339868 -0.068784 2.446197 23.745217 -1.828173 
0.118124 -0.429449 -0.256783 -0.047100 0.027830 -10.491245 8.784692 
0.082017 0.257609 -0.411345 0.349617 -9.062317 7.233448 10.205288 
0.384643 -0.727606 -0.173425 0.278807 -2.222974 -7.770201 -8.498639 
0.170390 0.256960 0.108684 0.035033 -10.590774 17.046860 21.542795 
0.164634 -0.112900 0.562628 -0.403452 -8.409726 -5.851697 7.532813 
0.710018 -0.549740 0.487360 0.147521 -10.486562 18.534021 11.602280 
0.490174 0.281583 -0.119032 0.701356 -5.382888 -11.224907 -9.983849 
0.209872 -0.035271 -0.492225 0.580425 -2.827906 11.872798 18.710108 
0.191407 -1.229845 -0.791299 -0.359351 -9.629737 -4.101265 -16.458332 
0.086220 -0.007562 0.074045 -0.293068 26.502110 -1.904933 3.615474 
0.253249 0.337881 -0.756825 -0.078859 1.470002 10.935809 2.731471 
0.443660 0.102792 -0.149638 -0.053253 12.589718 13.456693 -8.719841 
1.478874 0.628770 0.339942 0.212459 5.310875 16.143133 7.162442 
0.997008 0.715110 0.574203 0.215704 -7.384037 -4.568193 -0.105995 
0.119733 -0.727768 0.780307 -0.624473 0.045267 0.523668 -14.627624 
0.155712 -0.853706 -0.579454 0.544586 -7.508054 2.107034 5.775244 
0.248140 0.027317 -0.224938 -0.097080 30.350187 0.664261 -4.001851 
0.211986 -0.237099 -0.271769 1.431412 -9.088623 -12.929651 15.174972 
3.164370 0.062769 -0.238216 -0.730813 8.724901 12.078781 3.450486 
7.811175 -0.345268 0.865399 -0.186435 2.884577 0.905195 -2.526101 
0.119711 -0.562030 0.097383 -0.274844 -4.769402 -0.688442 18.402460 
0.081905 -0.256077 1.237471 0.357913 -0.635229 14.121858 3.910591 
0.128974 0.189828 0.743678 -0.000836 -7.605408 -6.371733 12.072500 
0.098410 0.312654 -0.016803 0.228968 -11.071911 -1.790862 -6.203459 
0.208666 -0.577751 -0.347502 -0.370985 -10.588821 3.657089 19.172920 
0.338702 -0.509194 0.036055 -0.324204 0.857520 -23.462480 9.089863 
0.270406 -0.765586 -0.307570 -0.055715 -0.244494 -7.097322 -17.012281 
0.261780 -0.542559 0.456757 -0.660933 3.952292 -0.483813 -0.121464 
0.198271 -0.252690 -0.600359 0.443060 11.904029 7.161174 -4.823643 
0.547947 -0.598249 -0.314496 -0.234512 3.354122 0.026332 5.612804 
0.084496 -0.065366 1.174474 -0.222984 -5.908393 6.069624 11.069302 
0.547853 0.040111 0.448734 0.040413 1.322103 -9.242795 0.834802 
0.124445 0.388726 -0.652552 -0.099887 0.963047 5.918203 9.729601 
0.573077 -0.274296 0.051548 0.176678 -7.060921 9.992708 -17.572603 
0.415176 -0.207564 0.370519 -0.094588 4.589776 -16.713675 -15.244036 
0.878922 0.345761 0.839887 -0.255296 -3.426403 -6.255751 -15.662661 
0.094683 -0.285386 0.989889 -0.913813 -2.753504 1.126092 -12.300626 
3.025229 -0.969617 0.754024 0.302943 -3.039777 16.825773 -6.651946 
0.102725 0.209527 0.625268 -0.351595 -14.295468 -10.916308 -8.162493 
1.385436 -0.938292 -0.441884 0.020424 -22.062043 10.190613 7.406622 
0.188343 -0.048602 0.030011 -0.312259 22.897915 -11.889895 2.593820 
0.308804 -0.611470 0.265155 0.592783 12.749796 11.185620 4.776170 
0.266901 -0.138454 0.747970 0.092862 24.224938 14.924816 4.242284 
0.352073 0.671635 -0.036843 -0.950666 -5.168051 -4.521539 -6.545855 
0.588656 -0.102025 -0.413856 -0.686773 14.525239 -9.722949 -16.201588 
0.105091 -0.237316 -0.341486 0.280097 -9.176014 -0.060119 0.797854 
0.147682 0.089507 0.314615 -0.836253 17.717186 -5.927481 -2.889731 
0.179358 0.636028 -0.408184 0.032455 -6.140077 7.201714 -8.964890 
0.522896 0.099631 0.268714 0.106389 18.132757 -12.084379 0.224405 
0.141510 0.048867 0.010874 -0.147074 18.148371 -12.857647 -13.983269 
0.105633 -0.168899 0.247844 -0.336815 -5.573637 0.496980 -8.249532 
1.115389 -0.014161 0.098368 -0.509872 7.192962 -9.997799 -0.712573 
0.100224 1.230424 -0.542376 0.434479 15.783340 -13.263205 -6.647433 
3.043771 0.654016 -0.149440 -1.261770 13.422485 -3.653670 -12.365645 
1.677124 -0.027974 -0.663487 0.762329 7.126603 -9.151926 0.323864 
0.154714 -1.380400 -0.267459 -0.021456 -10.423456 -7.784171 -5.953305 
0.509531 0.000108 -0.165708 0.195963 15.379728 5.832208 8.708199 
0.118595 0.672497 -0.554001 0.586733 7.628102 1.306933 4.894656 
0.192470 0.046423 0.055605 0.030096 29.200004 -2.543404 3.444896 
0.156661 -0.110462 -0.918064 0.526219 2.287534 -1.750626 19.811016 
0.269171 0.319528 0.034096 0.474759 8.658478 5.367569 -8.470729 
0.275015 0.625730 -0.160452 0.265070 -12.931460 10.671571 7.463629 
0.133107 0.359037 -0.089182 -0.503319 -12.720233 5.287333 6.737365 
0.116244 0.348745 -0.069412 0.192640 12.617563 -18.594582 3.620647 
0.262815 0.095315 0.227439 0.479322 -8.072415 -17.297366 16.817219 
0.152197 0.623431 -0.042327 -0.177624 -12.595362 6.815702 -23.034000 
0.591538 0.519219 -0.409460 0.141960 7.566026 -17.096516 -24.481850 
0.273814 -0.700700 -0.584522 -0.133562 -1.120698 0.074215 2.030064 
1.296377 0.207229 -0.362350 -0.048697 -4.596428 21.203863 14.623475 
0.625099 -0.162085 -0.192926 -0.625037 3.022330 -10.899322 15.475256 
0.953431 -0.618005 -0.244194 0.115431 -21.945955 -8.146499 20.347904 
1.362864 -0.760362 0.087310 0.338761 0.475517 9.129718 -3.804078 
0.388981 0.456061 0.085022 -0.272763 -12.547009 8.659813 11.856923 
0.178332 0.179590 -0.563895 -0.399104 30.780947 -1.776115 0.848447 
0.372184 -0.516681 0.030202 0.659742 -9.943058 -10.912064 7.324704 
1.884918 -0.088682 0.173610 -0.268530 -27.642114 -0.056856 -2.314103 
0.093160 -0.900000 -0.252496 -0.546408 -6.763730 -7.630720 -5.750546 
0.093696 0.000503 -0.457479 0.011913 6.609529 -14.590279 4.143089 
0.080850 1.205869 -0.228789 0.471010 11.648098 -18.114587 14.013140 
0.277717 -0.160714 -1.471806 0.210382 0.750085 -13.471251 16.326703 
0.330199 -0.217904 -0.123124 0.336528 -13.459801 18.025728 11.448430 
1.020862 -0.392709 0.537587 0.178165 15.999820 6.265259 -0.721903 
0.554068 0.146877 -0.021322 0.078128 -16.506131 10.457178 14.730275 
0.410517 0.882463 -0.063357 -0.086929 3.766466 -3.236629 14.100208 
2.241100 0.124053 -0.287255 0.422008 -28.046676 5.974573 11.975377 
0.769947 -0.313640 -0.251646 0.868907 -10.702554 -5.567184 -10.870926 
0.085466 0.521425 0.557621 0.412594 3.492487 -13.105760 -6.769634 
0.645582 0.095330 0.086263 0.731372 -7.197284 11.665722 -6.880464 
0.291207 0.127019 0.112514 -0.004918 30.601427 0.208492 -14.960205 
0.780826 1.034738 0.343838 -0.024729 4.039060 22.006679 5.899818 
0.178041 -0.108254 -0.053963 -0.141971 -9.530212 8.437299 10.722866 
0.111657 0.592782 -0.302600 -0.059232 10.848528 7.597680 9.715272 
0.141933 -0.385730 0.569901 0.684115 -7.123795 -8.637147 -0.682850 
0.503658 0.397372 0.381586 -0.458714 -5.474730 -7.823251 10.572220 
0.266518 0.904270 -0.209412 -0.329071 -2.586492 -12.213812 -14.100840 
0.136578 -0.155928 -0.161611 0.170968 27.403645 4.962406 8.210798 
0.126498 0.010451 0.303091 0.172692 -22.276918 8.797688 -13.444104 
0.081261 0.585006 0.967085 0.344709 22.127222 -1.592530 -0.836599 
0.167252 -0.034269 0.116274 0.132873 -1.403131 -1.107443 -10.044056 
0.607244 -0.528595 1.370736 0.489534 -1.995804 16.253427 2.808813 
0.266741 0.176105 0.070428 -0.316491 -21.210102 10.616595 5.618126 
0.157175 0.695196 -0.154207 0.475825 -12.535647 -11.159799 23.471981 
0.366807 -0.325105 -0.150823 0.353563 5.862435 -17.638814 -17.027152 
1.030213 -0.146811 0.011518 0.723418 2.218626 1.503895 6.805304 
0.140945 1.049479 0.875422 -0.305705 16.556913 4.412112 9.316532 
0.288794 0.246258 -0.207654 0.451750 -8.727262 -4.203338 -21.682250 
0.182724 -0.256467 1.009654 0.406823 -12.033535 4.289261 -8.044792 
0.115248 -0.632400 0.717177 -0.082977 -17.884566 10.846116 5.283090 
1.012019 -0.400494 -0.568253 0.559811 -1.842631 5.163477 -2.729506 
0.292049 -0.721921 0.512033 -0.134620 -17.385492 -15.362983 7.080155 
3.273691 -0.188228 -0.002509 0.089072 -0.169623 2.078449 18.941207 
0.507219 0.088810 0.781982 -0.217431 -14.403816 10.821308 20.044589 
0.325723 -0.741962 -0.015827 0.866169 -11.630207 8.250590 -4.961132 
0.153073 0.196286 1.038068 -0.536358 13.562123 5.602186 -33.368445 
0.229855 -0.304457 0.050518 0.237125 14.884745 11.961314 14.074343 
0.196589 -0.265733 -0.285932 -0.107084 3.224652 -0.438263 -16.637390 
0.095001 0.301989 -0.018075 0.182951 1.543540 5.233241 -28.795877 
0.458870 -0.993706 -0.786387 -0.112834 -4.824461 -0.801327 -1.829473 
0.085890 -0.624374 1.088219 -0.329269 -1.033158 19.747575 17.517197 
0.170408 0.607053 -0.294832 -0.018377 -9.786653 9.046098 -9.212563 
0.130084 0.260431 -0.429670 0.279812 0.870933 -8.689703 -3.812508 
1.384359 -0.427742 -0.382747 -0.165370 -4.865155 2.897760 8.332510 
0.642711 0.029180 -0.328004 -0.092769 -9.016938 6.879729 -13.800018 
0.176254 -0.856218 -0.367290 -0.378015 -1.087208 1.224519 8.227068 
0.156623 0.161973 -0.483001 0.067832 -23.527478 -12.766098 4.869168 
0.874755 0.357292 0.179107 -0.107502 -14.537383 -9.906968 -5.016746 
0.628183 -0.159003 0.611880 0.015194 -4.429874 -9.064044 17.439354 
0.127719 0.414982 0.074642 -0.528830 17.599760 -7.855065 17.720797 
0.209256 0.350493 -0.196543 0.347721 -4.599318 -2.892198 13.237378 
0.393003 0.263390 0.073101 0.168583 21.011000 6.713358 -4.824651 
0.395444 -0.995304 -0.902823 -0.587366 -7.561427 -12.394562 2.573110 
0.150757 -0.547799 -0.127016 0.117327 12.335560 -17.861876 19.359038 
0.613619 0.123807 0.315402 -0.276859 18.308755 -2.931907 -25.145630 
0.371705 0.289627 -0.652393 0.069272 15.703456 9.727325 9.341182 
0.128172 0.109890 -0.344206 -0.367611 -2.359554 19.923652 3.395293 
1.227367 -0.578127 0.137898 0.078242 -21.151762 23.900942 9.821123 
1.287495 0.158865 0.066621 0.109837 -4.675179 -8.420663 -14.637567 
0.285623 -0.245892 0.357014 0.354411 -20.811126 -13.264162 -12.286046 
0.186793 0.027315 0.150274 0.270280 -8.429044 20.628597 -15.054494 
0.151928 0.891291 0.290625 0.173493 0.493233 -5.577403 -6.387722 
0.107729 0.097179 -1.042953 0.207381 4.289411 -4.457858 -8.741594 
0.789450 0.042785 1.015704 0.554994 0.415841 -0.336098 0.833580 
0.417882 0.524732 0.286219 -0.964961 14.783173 -0.101652 4.857915 
0.415458 0.167974 -1.418944 -0.673805 -5.232905 -22.642157 1.134416 
0.510419 0.524193 -0.570739 -0.036225 0.223785 13.823420 9.976071 
0.130425 0.560960 -0.150488 0.371643 -2.937561 -6.874874 14.088077 
0.312402 -0.769425 0.669249 -0.267802 5.283967 2.248346 -0.801361 
0.489643 0.270759 -0.004868 -1.314861 -2.805457 6.420882 -20.403680 
0.449688 -0.053189 -0.515271 0.754395 17.483879 12.091681 14.324819 
4.640213 -0.872806 -1.469947 -1.447461 -8.530684 -25.321993 -35.338995 
0.102329 -0.690053 -0.427362 0.499123 10.533450 -6.066519 -0.189259 
0.088752 0.270018 -0.419147 0.275538 -28.321859 0.233347 7.174548 
0.124181 0.022188 -0.350472 0.550972 12.285502 -21.995723 6.187737 
0.142677 0.803011 -0.162340 0.119821 -6.595782 -7.500367 -13.106499 
0.646196 -0.683802 0.732641 0.364840 -6.623135 7.915973 -18.811870 
0.112694 0.069152 0.567498 0.472875 -16.003429 -12.633770 6.353008 
0.176104 0.522983 0.012040 0.884437 -5.703055 -8.699400 6.728504 
0.106965 0.079589 -0.243748 -0.406007 -13.924224 -5.779734 9.130855 
0.330430 -0.464122 0.759068 0.121450 -11.683522 6.601436 1.247782 
1.059937 0.132978 -0.004868 0.196362 23.349684 -3.245661 -15.530998 
0.446854 -0.000875 0.625793 -0.008231 5.724262 7.563264 -16.092156 
0.249843 0.219448 -0.219752 0.015440 -5.230552 21.009240 18.224436 
0.126972 -0.105893 -0.301001 -0.476176 -7.951740 -0.581777 -7.907420 
0.148713 -0.443068 0.232922 0.090003 1.281135 -3.829029 14.321931 
0.153845 0.547535 0.397343 0.017324 15.192089 12.768311 -6.869284 
1.523067 -0.093903 0.613151 0.001637 -1.360404 -10.336420 2.863887 
1.665441 0.176332 -0.865499 0.286052 5.262523 -2.727138 -16.791934 
0.167356 0.186061 -0.304772 -0.156905 15.722040 17.780162 7.286272 
1.433413 1.452302 -0.374406 -0.170700 17.017708 -17.647392 0.877333 
0.264805 -0.052791 -0.830610 -0.090669 -14.397017 -16.519901 3.039291 
0.110793 -0.021287 -0.258275 0.618143 -5.802563 13.250923 -11.232041 
0.180061 -0.221905 0.502095 -0.286136 -5.623385 2.983089 2.053054 
0.195410 -0.119117 0.106172 -1.360012 -1.249986 2.107669 -10.176737 
0.091610 0.990735 0.391792 -0.416807 13.724964 5.650000 14.213539 
0.100160 0.210548 -0.547665 -0.329858 -12.756934 -1.627736 1.231234 
0.329612 -0.362230 -0.156845 0.527366 -11.803904 2.662505 11.764032 
0.174903 0.221396 -1.017852 0.264960 -10.594689 -15.601209 -7.506526 
0.088879 0.011454 -0.103634 0.068196 -16.155627 4.827237 -7.987265 
1.382242 -0.640023 0.145620 -0.874036 6.965175 -11.890237 -11.194294 
0.137418 0.578100 0.512541 0.286980 -14.830888 -8.548837 9.346479 
0.550522 -0.858953 -0.038298 -0.335301 -5.269705 -19.058996 7.395736 
0.977405 0.072978 0.721170 -0.238777 -10.964614 11.332186 -9.935155 
1.078071 -0.360667 0.294207 0.551230 -1.069863 17.907314 -2.483279 
0.158053 -0.292670 -0.234535 -0.036107 13.012156 -32.080426 -4.211143 
0.173348 -0.289025 -0.013552 0.248730 5.703344 -4.990053 -13.023269 
0.082934 0.025331 -0.485010 0.945795 16.520126 3.910929 2.707031 
0.136636 -0.034641 0.094204 0.065616 -17.686321 -13.713941 20.185465 
0.143734 0.811299 0.363603 0.146632 -1.574866 3.830373 -10.553975 
0.441192 -0.519403 -0.128488 0.171439 -8.389789 10.868866 -12.131873 
0.419927 -0.525871 0.203282 0.511228 4.751519 -15.311611 0.312983 
0.233936 0.542523 0.497812 0.476536 -17.033299 1.519005 13.580319 
0.472655 -0.537481 -0.051061 -0.063369 -6.724779 -11.116203 -13.659682 
0.114863 -0.487741 0.157119 0.162278 -3.322998 6.211167 -23.842456 
0.090134 0.083800 -0.117096 0.171185 10.264012 18.012867 -1.745981 
0.541043 0.303973 -0.011628 -0.557170 28.247232 -5.151101 6.738462 
0.282572 0.109113 -0.172423 -0.070400 -27.816415 -7.311318 4.797145 
0.115642 0.737309 -0.415938 0.060706 12.763642 -13.778896 -0.229984 
0.081355 -0.107735 -0.152753 -0.777432 -25.145545 8.298392 -12.771303 
0.367829 -0.229321 -0.887146 0.187938 -5.964607 -3.358030 5.373402 
0.139629 -0.482190 -0.067891 -0.098544 0.342545 -21.634466 -2.920547 
1.352784 -0.469856 0.074976 0.396115 -2.749448 -3.660244 -9.750205 
0.125255 -0.443735 0.492908 -0.005751 8.533589 -9.254150 -16.721618 
0.401327 -0.083076 -0.422206 1.042671 -1.194030 -6.341364 22.535757 
0.285734 -1.099851 -0.429313 -0.444178 -4.006952 -19.034083 0.616730 
0.395651 0.183154 -0.318641 -0.179887 22.786351 -9.249852 -5.732482 
0.293098 0.654003 -0.340127 0.340501 -6.151874 -6.048335 11.013370 
0.087827 -0.776966 0.447472 0.073744 5.228420 11.569345 8.223122 
0.145431 -0.620674 -0.485079 0.628513 -15.051164 0.331378 -12.107173 
0.180115 -0.333888 0.517409 -0.430809 -23.340359 9.761144 0.931114 
0.096200 -0.145496 -0.194988 0.066372 3.301041 -14.479810 -6.672877 
0.666776 -0.150493 -0.190143 0.355197 -29.013209 -16.034211 22.675171 
0.204329 0.103849 0.398584 -0.070507 0.155784 2.219325 7.270845 
0.115895 -0.146055 -0.507340 0.640919 5.857604 11.770064 -2.160421 
0.093908 -0.312635 -0.320452 -0.618175 4.302770 -9.330466 6.887438 
1.218377 -0.673446 -0.615178 0.364539 -9.403893 12.793983 8.388098 
1.577937 0.562706 0.528455 0.320128 -10.757048 -4.444360 7.538754 
0.624013 0.265772 -0.076605 0.643887 0.957054 -16.237967 1.220179 
0.094581 0.083187 0.957097 0.309746 14.648230 -2.669914 4.790605 
0.082735 -0.227196 -0.220182 -0.730506 1.790289 12.264411 -1.394858 
0.117562 0.558075 -0.820882 0.250981 -1.884714 -6.300816 -15.871440 
0.104059 0.033162 -0.513606 0.460415 4.274707 -9.345519 -13.891379 
1.175398 0.298188 0.336443 0.453547 -6.914253 -8.250396 25.451721 
0.164169 0.574273 1.480824 -0.000421 16.261648 13.488200 -13.857726 
0.291452 -0.296763 0.453687 0.270149 -12.923960 -6.615945 -14.530168 
0.206673 0.025611 0.057049 0.218153 -20.065000 -21.863412 -3.470942 
1.289324 -0.028442 0.363595 0.913598 18.845501 26.491354 4.735427 
0.086315 0.054535 -0.125117 -0.374277 -17.249313 2.161446 -9.282264 
0.235153 -0.091870 0.469585 0.391982 3.615122 -15.650126 6.253340 
0.115719 0.214849 -0.239977 -0.972453 17.200074 -16.108638 -19.450214 
0.363410 -0.284297 -0.410258 -0.499560 9.635779 -1.753948 7.435516 
1.751386 0.818856 0.268858 -0.520005 14.643305 -5.157005 5.269746 
0.207984 -0.440292 -0.124711 0.549374 1.507458 -2.523827 -9.427282 
0.102911 0.087695 -0.840101 -0.550684 11.785283 -12.616254 7.128716 
0.178659 -0.545681 0.921688 0.118291 6.919717 6.543961 7.917755 
1.266026 -0.363823 0.779005 -0.342344 6.531190 1.484436 -10.955363 
0.304509 0.557645 0.478462 0.431589 1.338958 -14.643429 1.780286 
0.111776 0.234709 -0.082599 0.212041 -12.733870 5.652205 6.040561 
0.518423 -0.634399 0.393722 0.326613 -19.919932 -11.829712 27.285485 
0.412206 0.626867 -0.437070 0.063346 -12.192257 -1.826080 16.020947 
0.151101 -0.249026 -0.221659 -0.597986 6.446999 10.627034 -1.504660 
0.220913 -0.319710 0.780544 -0.136261 12.069494 5.047066 8.003160 
1.412488 -0.026354 0.093123 0.290997 5.390361 -8.170469 -22.259506 
13.278585 -0.001473 0.643891 0.187568 -16.129641 2.800857 9.494814 
1.463321 -0.315549 -0.502897 -0.183639 -15.939584 17.600795 2.357055 
0.120159 0.183862 -0.778767 0.395584 11.662785 9.518748 12.159222 
0.365350 -0.343871 0.700331 0.025014 5.274468 -5.273682 6.942628 
0.105973 -0.340276 -0.349815 -0.699806 -5.122142 -0.477516 12.094322 
0.295892 -0.763621 -0.504870 -0.206874 1.007464 4.317405 9.390541 
0.206326 -0.445865 -0.046644 -0.174257 -5.306910 5.939908 1.012132 
0.093712 -1.240654 0.282333 -0.098699 -5.659337 7.333609 -2.654869 
0.095148 0.202773 -0.448223 0.291330 4.498760 6.938109 9.627937 
0.206538 0.327049 -0.584479 0.105066 -17.934957 -21.295684 6.363647 
0.086877 0.411970 0.541659 0.702298 -1.286979 -3.392218 -2.169262 
0.089099 0.057056 0.057327 0.773588 -6.886620 -18.330114 13.276448 
0.510706 -0.405187 -0.017803 -0.411432 -18.832020 11.920900 12.972596 
0.209703 0.997056 -0.813573 -0.480345 19.291048 -5.064078 -5.869944 
0.558090 -0.206779 0.942143 -0.291988 -1.540288 2.633038 11.085611 
0.094925 -0.160216 -0.226066 0.408187 7.771468 -12.998885 -18.936557 
0.169485 -0.034723 0.361636 -0.670658 1.476097 -10.670948 -9.839934 
1.190304 -0.929302 -0.477319 0.218731 -13.194229 -18.376382 5.162864 
0.229716 -0.035531 -0.021710 0.069438 -11.234821 -24.937641 -9.635866 
0.590880 0.172324 -0.219757 0.472665 -20.333929 -4.837750 -0.306765 
0.480535 0.329632 -0.105674 0.009467 4.776201 7.485839 -4.820640 
0.234429 0.435951 0.222291 -0.159752 -18.141131 -4.514823 -13.618228 
0.582021 -0.554295 0.184386 0.234536 -18.538407 10.272538 -21.233496 
0.189197 0.465309 -0.589271 -0.612437 2.919032 -3.262137 -2.243473 
0.259575 -0.815646 0.233517 -0.494762 9.226876 2.507156 -15.264392 
0.447006 0.153960 -0.229210 0.372774 -22.668781 15.129499 -6.553616 
0.147887 -0.604409 0.509508 0.141734 5.220531 -0.518521 3.738504 
0.231699 -0.257802 0.632575 -0.005449 -0.665489 -10.217165 -3.954998 
0.453708 -0.035031 -0.123839 -0.136014 10.110317 -14.988970 4.244185 
0.920339 -0.821972 0.611749 -0.601131 0.952431 12.851385 -13.734075 
0.955703 -0.072201 -0.067700 -0.403253 -3.721991 14.820291 7.465560 
0.084577 0.201601 0.532187 -0.089456 0.688498 -1.863847 -16.613331 
0.160624 -0.229849 -0.126210 -0.047279 -6.016495 20.774045 8.129404 
1.172148 0.740797 0.296234 -0.102006 28.503847 -1.145352 -36.325097 
0.760534 -0.343332 1.258135 -0.376577 9.262420 23.714969 13.705070 
0.114553 -0.774432 -0.245359 -0.012297 6.974419 -17.149957 7.550238 
0.117572 0.478864 -0.124545 0.132491 20.711824 -28.940015 -6.212020 
0.762149 0.685868 1.281248 -1.423465 23.886592 33.532388 -10.739067 
0.232792 0.417211 -0.925954 -0.088841 1.451056 6.047914 -6.834670 
0.215009 0.013207 0.275567 -0.012535 -0.119448 6.832682 -7.575288 
2.204810 -0.140268 -0.319358 0.088307 -5.509265 15.961545 -1.238883 
0.129032 -0.830962 -0.250133 1.403036 1.637533 -18.634965 39.379419 
0.374042 0.918721 0.465438 -0.332002 0.617341 -0.983718 -0.345807 
0.205433 0.229054 -0.301380 0.976070 -13.250529 17.300994 14.878204 
0.160079 0.544370 -0.622960 0.082511 -10.768249 -1.416124 6.789277 
0.136090 -0.674173 0.700377 -0.490403 -14.497682 -2.815361 9.157781 
0.119841 0.209165 0.121715 -0.260765 8.818852 20.386310 13.686754 
0.201503 -0.813968 0.036251 1.198581 -5.024870 -11.021951 14.509661 
0.611073 0.552580 0.232230 0.541923 -6.827928 -13.448616 -2.817801 
0.115016 0.607585 0.097652 -1.172845 8.312586 -13.902362 -13.684770 
0.399244 0.199973 -0.340719 -0.057784 20.644992 -19.432708 1.743131 
0.131342 -0.506251 -0.539786 -0.852391 -4.438992 7.604093 -10.670944 
0.174201 0.054072 -0.904264 0.224975 -0.454021 -1.224242 24.355290 
0.089275 -0.409367 0.108509 0.051945 16.560411 3.129147 -11.947910 
0.438872 -0.438265 -0.435123 0.453759 13.655587 -0.265117 6.470757 
0.085636 0.033769 0.053247 0.356661 18.566873 -3.341685 -3.095605 
0.582912 0.158577 0.003600 0.178294 3.700402 10.332163 1.815004 
0.240412 -1.000961 -0.069216 -0.229917 -17.933024 -1.031781 21.136110 
0.226021 0.722636 0.037007 0.027721 2.810852 4.726852 20.853572 
0.107205 0.302005 0.515567 -0.246661 -10.925364 -1.723306 -3.768724 
1.102835 -0.376613 -0.038741 -0.136777 9.613837 0.394057 21.813692 
0.266126 0.137603 0.550778 0.183483 -17.228555 10.616389 -16.334052 
0.409423 0.227860 1.089637 -0.484148 -9.207887 11.589393 -7.684677 
0.089384 -0.230814 0.539596 -0.117470 14.566424 -9.388306 -15.388272 
0.113871 -0.431293 -0.302654 -0.105437 9.072990 -7.207627 -10.418013 
0.746267 0.117676 1.411415 0.088902 -2.509835 10.720076 -8.580401 
0.219386 -0.776461 -0.370792 -0.197154 6.119755 -21.261582 -12.954582 
0.439077 0.569575 -0.026312 -0.125880 -13.049056 5.281843 -19.388569 
1.444015 0.474618 -0.316509 0.203012 8.228516 -3.409440 -6.876489 
0.102731 0.192870 -0.950464 0.533245 10.659126 -3.144912 4.772244 
0.202560 -0.615735 -0.306491 0.371335 -9.120975 -43.939900 -64.123128 
0.091773 -0.214718 0.459959 0.254708 -4.027713 3.861930 -8.915410 
0.159646 -0.576445 0.812318 -0.667318 -7.755345 -4.087469 -6.718242 
0.210510 0.392986 0.709444 0.106293 -17.267975 1.620893 1.938678 
0.129464 -0.372642 0.577984 -0.264000 6.422776 0.820824 -3.473590 
0.235395 -0.097275 -0.649165 0.447311 -11.417023 9.222498 -1.723228 
0.392760 0.553033 0.483090 -0.302468 -4.758516 -9.910458 -8.036656 
0.340464 -0.123339 0.002504 -1.006427 3.427388 13.979282 -4.677597 
0.558675 -0.197468 -0.380495 0.387134 22.086537 -0.869090 -6.080592 
0.269181 -0.152830 -0.177929 -0.041238 -0.200625 -5.962204 15.709868 
0.080832 0.106965 0.382069 -0.093408 9.206074 17.124051 21.892343 
0.161454 0.390638 0.107337 0.350484 -6.263327 -13.573277 -15.772072 
3.272843 0.170276 -0.039523 0.170446 -10.122189 -1.893597 -14.974910 
0.126733 0.819689 0.155734 -0.091029 -0.200960 -19.011718 -5.359024 
0.147442 -0.445851 -0.934968 -0.497511 -3.661549 -30.206790 -2.523393 
0.234874 0.083148 0.292942 -0.595203 -11.141664 10.933087 3.159342 
0.088322 0.418569 0.199570 -0.668396 -2.538200 7.475272 -16.801841 
0.124823 0.473026 -0.246032 -0.813391 -8.629730 1.605857 1.282501 
0.134972 0.485953 0.483318 0.481721 16.184911 12.294300 3.491867 
0.114632 -0.017712 -0.439126 0.322659 0.804929 6.167439 6.741112 
0.145861 -0.635162 -0.487944 0.575558 7.950792 2.893557 -0.975529 
0.263366 -0.056018 -0.114036 -0.746174 -1.818281 1.971279 9.868105 
0.973808 0.347054 -0.390638 0.094576 -6.561055 7.685333 -4.649568 
1.966409 0.194579 -0.143601 0.298665 1.171584 5.867478 -14.038265 
0.137245 -0.438067 0.060407 -0.626821 10.479289 -3.926654 -5.620403 
0.175886 -0.047465 0.327709 -0.302610 -11.443622 -7.906088 2.674069 
0.427154 -0.470257 0.301285 0.414098 -6.911764 -12.354688 11.768226 
0.305641 -0.406080 0.554341 -0.215121 -6.511034 -15.306614 -11.043424 
0.126873 0.111719 -0.205184 -0.164205 3.200484 -7.357777 1.364816 
0.202129 0.988628 -0.420039 0.303835 12.292243 -1.557361 21.615576 
0.103947 0.873332 0.343105 -0.215183 -3.281154 16.531478 3.978770 
0.160192 0.002538 -0.811208 0.218533 17.632264 -6.168040 8.651127 
0.087931 -0.289479 0.028481 -0.531497 -12.652162 -5.860861 9.244523 
0.201166 -0.026208 0.265243 -0.049200 -23.796947 -9.568602 13.366489 
0.129271 0.202800 -0.424156 0.678196 -13.742297 -4.393629 -0.404857 
0.244547 -0.292332 0.213084 -0.403965 -11.237517 -2.331799 21.651525 
