0.202999 -0.066512 0.538623 -0.113253 2.889659 16.999958 -15.937551 
0.583882 -0.262058 1.233979 -0.029882 13.525827 13.376795 10.413282 
0.585149 0.110533 -0.013041 0.421718 6.461138 -4.855618 -19.693613 
0.085689 -0.419434 -0.567020 0.816835 -15.280144 8.237694 16.333005 
0.090936 -0.037279 0.370739 -0.400006 2.870842 17.125246 -7.853426 
0.457888 -0.877315 0.748911 0.878766 -11.100572 -8.029863 -0.545604 
0.179449 -0.667310 -1.342452 -0.695997 -3.893780 -4.463045 -4.470860 
0.103175 0.920570 -1.048885 -0.669326 1.460808 -13.379390 3.019522 
0.199182 2.485228 -0.637382 0.494787 15.044244 -9.330167 3.518798 
0.109107 0.664534 -1.804699 0.624825 0.250524 -6.727572 7.210063 
0.232498 0.204822 -0.444105 0.192152 -10.285406 4.712810 -14.365307 
0.683878 -0.264725 0.773100 -1.237855 -12.170126 -4.183081 -9.301260 
1.809017 -0.004836 0.158736 -0.042482 0.244605 -1.191612 1.104777 
0.133767 1.328158 1.095291 -0.530188 18.596206 6.064975 4.599245 
0.207935 -1.147236 0.769812 -1.285424 -5.628946 14.691705 -2.690914 
5.586845 0.027639 -0.049274 0.016691 17.962655 8.920515 -7.467482 
0.099031 -0.147538 -0.327725 0.666918 4.039532 16.439789 13.992653 
0.095457 -0.365555 -0.236529 0.475870 -12.040471 -6.838324 7.676844 
0.166412 0.376040 0.735273 -0.867157 0.546138 -6.298709 -14.745482 
0.401973 -0.416907 -1.154544 -0.285497 4.961769 -17.675620 9.891537 
0.149690 0.163011 0.519147 0.635553 -15.589272 2.927583 13.805947 
0.135040 -0.229770 0.333496 -0.069630 20.508601 13.842095 3.224355 
0.230700 0.909564 0.358924 -1.051812 -1.063008 10.504234 -2.666598 
0.296048 0.140756 -0.692469 0.157384 -6.253412 12.480011 12.563636 
0.089040 0.136261 -0.496447 0.495156 7.078774 -1.454551 -3.950201 
0.218861 1.006711 -0.876094 -0.558179 11.391176 -1.460437 -1.239765 
0.780326 0.845114 -0.433050 -0.909962 2.389834 -11.830148 -7.077864 
0.110177 1.083299 1.385073 -0.102337 4.439822 8.432055 9.994373 
0.308745 1.184996 -0.933126 -0.749116 12.436430 -21.003436 -7.613531 
0.930095 0.243247 0.143456 -0.374602 6.458349 2.190774 -3.348666 
0.154448 0.282832 0.596432 -0.178131 10.738555 10.028642 3.023927 
0.449860 -0.133788 1.303844 0.301800 -7.031897 -2.444099 10.136426 
0.194281 -0.441427 -0.360699 0.448272 19.232314 2.582181 -4.516066 
0.121470 -0.248162 0.477687 1.104594 -15.765268 -3.507317 14.344834 
0.388680 0.122793 0.308048 -0.727562 0.766715 14.685438 7.620518 
0.552874 0.390344 -1.683355 0.300463 -5.320750 -12.731879 12.335139 
0.107074 -0.008663 0.376732 0.895580 4.029885 -11.276386 14.291293 
0.218546 1.161274 1.599733 0.274925 1.390662 9.073549 -1.288607 
0.118025 -0.471079 -0.123640 -0.300113 -10.145002 -16.806554 10.118895 
0.176826 -0.250627 -0.338538 0.885358 -10.953064 4.159616 2.732300 
0.123628 0.100646 -0.485135 -1.013308 -4.904143 6.163523 2.909170 
0.103987 0.770171 -0.600360 2.062810 16.221323 4.547002 18.969525 
1.612405 -0.225288 -0.116668 0.523151 -6.941567 -2.737296 -9.130792 
3.952128 -0.392977 1.772165 0.175762 0.431402 3.976316 8.569125 
0.090817 0.302659 -0.104553 0.065717 10.066118 -6.536236 7.965498 
0.094271 -0.270764 0.437469 -0.386434 6.018972 -12.328474 -1.636132 
0.105198 -0.260480 -0.415259 -1.412259 -14.496977 -1.644229 -5.886715 
0.122132 -0.482493 -0.123773 0.078388 -2.753772 -3.397915 -2.636238 
0.167817 -0.068428 -0.930111 -0.241253 -12.047450 -3.942948 12.716844 
0.138488 -0.577622 -2.031600 -0.470171 0.593456 -15.905091 5.690736 
0.701272 1.165658 0.284412 -1.227051 26.774425 2.701650 -3.748471 
0.367183 -0.003408 0.211060 1.417059 0.824226 -10.410830 8.105460 
0.116639 0.431777 -0.542194 -0.211159 -5.229112 0.806679 -1.170856 
0.156405 -0.724630 0.415859 -0.886768 -8.474949 5.191294 -11.331083 
0.118162 0.070539 0.206644 0.399079 -15.545140 18.411487 7.061321 
0.151293 0.050471 -0.243551 -0.593296 -5.272566 -0.997793 -17.882972 
1.456612 -0.454741 0.147242 0.628389 0.345472 1.571361 20.620865 
0.095248 -0.298271 0.490530 0.012210 2.930689 -4.746838 -12.871614 
0.298886 -0.198796 0.190161 0.451983 -9.559468 6.816756 23.008076 
0.512636 -0.211125 0.590010 0.164854 -3.403477 -9.365566 17.904205 
0.121466 0.965536 -1.596555 -2.103789 12.939372 -12.747844 -12.695115 
0.863813 -0.625301 -0.405483 -0.429131 7.098547 -0.817867 -8.260671 
0.283593 -0.714180 -0.288425 -0.386576 -1.460038 1.883574 14.612012 
0.114183 -0.503794 1.067848 -0.246347 -17.801518 9.643052 1.003833 
0.387857 -0.169483 -0.362023 0.448666 -8.876135 -8.283643 -14.807566 
0.102340 -0.383487 -0.442670 1.356385 -5.929616 -14.659617 11.727858 
1.423034 0.777546 1.359279 -0.005243 12.022443 -1.059041 -3.374184 
0.118440 0.250446 -0.224560 0.878712 4.333479 -7.365220 -10.505092 
0.087317 -0.488590 0.146965 0.661293 -7.750540 6.801873 16.499939 
0.115648 -0.007706 -0.374535 0.945843 -1.876494 5.668678 13.542782 
0.335498 0.182327 -1.110824 0.554416 9.712882 -11.408480 -10.237971 
0.109210 -0.187549 0.365755 -0.867172 -8.734523 -7.302381 -0.087475 
5.398343 -0.142051 0.279050 0.301693 -17.344517 -4.133724 -3.689859 
0.438696 -0.646770 -0.441403 -0.023656 2.350516 -12.109644 -12.538057 
0.102783 0.245991 -0.323288 0.338477 -7.961753 -13.761408 14.834350 
0.317653 0.827861 1.372837 -1.498503 -2.219416 20.016522 -10.251717 
0.117399 -0.395982 0.476941 0.217374 -7.457143 3.775941 7.622014 
0.135796 2.004865 -0.160809 0.385517 14.632383 -12.702601 4.886589 
0.139152 0.056898 0.683486 -0.079004 -0.990610 -1.130410 -3.820046 
0.081844 0.358996 -0.237064 0.314128 -5.720401 6.558893 -14.812993 
0.210768 -0.031813 -0.043418 -0.814589 -10.686483 -4.588036 10.313986 
0.087151 -0.111238 -0.002163 1.932638 10.022424 -4.493804 20.961139 
0.247564 -0.160363 -1.052594 0.197524 -11.145663 -17.330987 -9.955884 
0.118055 0.380423 -0.805437 -1.223589 -6.526212 4.275960 -11.953030 
0.133708 0.619799 -2.125588 0.082691 16.082536 -24.023449 4.334964 
0.137951 -0.369726 0.215085 0.398307 6.772968 16.179229 2.539738 
0.295736 4.994634 2.837882 -0.776101 66.884780 34.056433 -10.399610 
0.093592 -0.009866 0.349395 -0.080144 14.412045 0.139740 -8.023663 
0.180968 0.106250 0.712277 -0.286795 -6.849277 -8.057787 13.219851 
1.058781 0.355361 0.047340 -0.279503 -0.493815 16.537354 11.385818 
0.086350 0.036995 0.043751 0.593300 -8.210266 3.632609 1.477886 
0.263354 0.049828 -0.417474 -0.016808 -14.309652 16.655914 5.260630 
0.556778 0.183268 -0.162685 -0.418098 0.626865 -11.299896 17.905582 
0.139284 0.109931 0.254711 -0.232710 -14.349556 10.103331 17.605788 
0.478468 0.178647 0.229568 -0.557535 -13.099300 -4.935146 2.385152 
0.165293 -0.064714 0.198156 0.003859 -5.215678 21.720976 -4.398204 
0.493788 0.165933 0.024463 -0.739626 12.357912 -1.893282 -11.042231 
0.252788 0.687288 0.233197 -0.241505 -2.473039 4.620408 16.860370 
1.145613 0.467868 -0.769797 0.763885 -7.255035 -13.280786 6.132924 
0.388183 -0.245131 0.627659 1.240020 2.379434 11.419283 10.713978 
0.094407 -0.175019 -0.109965 0.036073 -9.377471 24.602101 10.295242 
0.126740 -0.190917 1.193968 0.023600 -3.929447 1.751377 2.886601 
0.323270 -0.223378 -0.341325 -0.253332 -8.252114 -5.072343 -16.524526 
0.198042 -0.614163 1.939307 -0.125203 -15.950542 14.286316 3.194377 
1.167561 -0.075265 -0.396510 0.360834 15.111702 6.666772 -8.531326 
2.697368 0.045747 0.191518 0.099643 16.989427 -1.897032 17.121312 
0.376011 -0.768228 -0.348557 -0.212032 -19.196900 4.496407 -3.217394 
0.588263 -0.012930 -0.179913 0.057657 -9.912811 5.784649 -26.120628 
0.138650 0.405358 0.490476 -0.432702 0.130826 12.789827 15.137140 
0.373816 -0.027120 -0.326671 0.941876 0.450736 12.405286 -7.194136 
0.401930 -0.227093 0.798402 -1.071328 -2.688410 0.675771 -4.532240 
0.263064 0.447707 0.339004 -0.019880 6.512773 -3.794012 6.569382 
0.459762 -0.964764 -0.290348 0.435706 -2.319120 12.333789 16.172160 
0.328088 0.047505 0.755415 0.350808 -11.047227 -1.892507 -4.849675 
0.860282 -0.186736 1.621357 1.548800 -8.980428 11.558853 19.010477 
0.273055 0.254185 -0.510161 0.318640 -6.920202 -14.581925 8.128219 
0.396253 -1.003492 -0.593015 -0.108114 -6.164750 9.057105 -3.783425 
0.246288 -0.039386 0.430883 -0.320844 -8.224299 14.089029 2.613339 
0.730294 -0.489983 0.203070 0.284982 -16.958799 -0.408310 0.266352 
0.278430 -0.034316 0.779387 0.184289 -11.706353 -2.027525 7.800134 
0.151503 0.177796 -0.789966 -1.057233 -3.629017 -1.004165 -17.521372 
0.100432 0.686343 0.020474 -0.264563 5.611515 13.185782 7.912627 
0.082624 -0.571503 -0.550858 0.485134 -16.249841 15.500492 -4.793545 
0.114711 1.116979 -0.230740 -1.379663 4.750189 -13.198861 -5.647291 
0.192666 0.122524 -0.183324 -0.915428 -17.395183 3.297056 -12.051635 
0.287114 0.663514 -1.022741 0.715915 8.547222 -11.194718 -9.412653 
0.585359 0.570591 0.526537 0.644556 -3.291642 -7.889154 11.964550 
1.376095 0.156942 -0.387776 0.082518 12.147543 1.768717 1.163251 
0.431641 0.799467 -0.824616 -0.498711 2.131982 8.436738 -7.756626 
0.136683 -0.534765 0.576835 0.340458 -8.353650 -11.735190 8.360100 
0.323241 0.593170 -0.315160 0.144602 -6.900548 -6.156800 -15.200318 
0.391024 -0.753743 0.054283 0.201819 -6.865796 9.423724 -11.279289 
0.112116 -0.063433 0.723438 0.152929 3.469893 6.115769 -15.022504 
0.116547 0.017099 0.828967 -0.359755 6.399598 -0.612859 9.629855 
0.952396 0.279589 -0.325830 -0.072728 -18.301641 -10.857743 -1.705824 
0.374161 -0.604525 -0.237069 -0.350960 5.925740 -17.721794 -3.815452 
0.178419 0.144358 -0.078539 0.232923 -19.449264 -1.759497 3.696838 
0.192961 0.233908 0.812412 -1.106017 -6.680411 -4.843980 -13.726994 
0.763069 -0.205121 0.456006 0.668529 2.003034 -1.620863 17.462169 
0.181019 0.037825 0.351401 0.444167 -26.358988 -6.577129 9.874475 
0.393969 1.200840 1.499304 -0.123963 12.921296 24.134748 9.501864 
0.408300 0.513875 -0.033348 0.113555 -1.385560 -2.077161 -3.914218 
0.506972 0.482608 -0.086612 -0.510368 -9.101398 -14.581074 -11.742618 
0.168852 0.547244 -0.810086 0.088871 -0.440779 3.703802 16.288736 
0.196085 -0.222679 0.175595 -0.024260 17.087599 -9.615861 2.213753 
0.836938 1.107803 -0.729482 -0.118609 -0.038056 1.733308 -8.910541 
0.701221 0.147815 -0.111134 0.095952 -13.302020 -25.280183 7.202190 
0.263429 0.075319 0.579065 -0.002511 -0.838550 -0.377288 4.788208 
0.151360 0.700391 -0.575084 1.583662 -7.793299 -8.960215 11.383941 
0.449375 0.016993 0.423148 0.134679 6.875412 -16.368886 -2.072309 
0.108928 1.030320 0.343902 0.923384 8.565280 -13.411208 8.112797 
0.090465 -0.466925 -0.196547 0.613000 17.387602 3.153334 -6.172529 
0.531060 0.196348 0.888798 1.883104 -8.849493 12.408683 11.015302 
0.272013 -0.366740 0.708502 0.912955 -18.897867 -1.907799 4.482006 
0.127889 0.522030 -0.082650 0.013346 -10.220451 -5.691876 -6.032902 
1.070260 -0.204629 -0.480032 -0.164310 0.113816 1.140109 1.881896 
0.111702 -0.545206 0.101506 -0.425624 -12.623327 10.520228 15.477955 
0.275275 0.839441 -0.568917 0.354190 13.979964 0.440498 5.700830 
0.433814 -0.017211 -0.245426 -0.215430 -21.628698 -12.291796 4.507639 
0.121123 -0.176665 -0.460736 -0.732558 -10.088816 8.486510 -16.383330 
0.604561 -0.820459 0.918747 -0.029636 -2.780547 5.138907 16.787472 
0.672200 0.739013 0.110034 0.828917 -3.106885 7.694522 17.336147 
0.485099 0.482825 1.823746 0.417300 1.673954 9.835955 9.592648 
0.088968 -1.794747 0.218346 -0.096846 -5.671114 9.454265 -0.281483 
0.372330 -0.232649 0.310607 -0.110458 -16.196131 -16.509735 -8.195803 
0.427499 -0.113810 -0.477489 1.549859 11.577967 -10.778872 6.860888 
0.148166 0.599084 -0.825205 -0.579223 -4.283903 -12.812499 -1.909397 
0.205405 -0.158208 -1.043409 -0.835556 1.166901 -10.467951 -0.950470 
0.273438 0.427331 -0.323707 0.128471 13.812355 17.434969 -3.469763 
0.257004 0.677142 0.004403 -1.379705 5.098095 15.357958 -14.431516 
0.083821 -0.264897 0.879722 1.146384 -2.603623 1.381400 16.258792 
0.673429 -0.323425 -0.306383 1.451122 3.363009 -2.086953 4.091574 
0.093338 0.037205 -1.201766 1.022636 3.980443 2.088875 2.762063 
0.097693 -0.156034 0.202327 0.458924 -13.563838 16.456426 23.736690 
0.081727 -0.057131 -0.199230 0.326358 8.424075 11.361825 13.914932 
0.417045 0.507848 0.030972 -0.294100 5.634165 3.836330 -3.240062 
0.387177 -0.655251 -0.008025 0.154895 10.540715 -5.160846 -6.455741 
0.350927 -0.597026 -0.446596 0.427879 -6.711010 11.512577 -8.671669 
0.081891 0.031923 -0.063819 -1.010126 -14.281865 -1.917430 -2.087435 
0.111530 -0.619129 0.458607 1.122601 -6.844800 1.674815 18.924973 
0.729211 -0.133197 -0.072520 -0.207223 11.169228 4.129649 -0.439806 
0.081209 0.477147 0.086948 0.304467 -16.544466 -7.663869 2.595454 
1.066327 0.327544 0.279603 -0.261988 8.618892 11.934408 19.257645 
0.844840 -0.652842 -0.116001 0.343664 -5.800005 -7.856472 -2.399223 
0.286414 0.298218 -0.297470 0.567647 -4.276163 4.798080 -13.095402 
0.108220 0.294437 0.195662 0.307305 4.718406 -19.680405 -6.315200 
0.106446 0.706752 -0.388470 0.038868 17.148570 7.049323 -2.866715 
1.618982 -0.151947 2.015819 0.028264 -12.664689 16.986056 -7.724672 
0.126190 -0.717102 -0.037106 -0.388983 -6.713115 -6.961422 -10.072641 
0.666898 0.282428 -0.131000 0.398091 -4.145784 -1.611588 -3.253650 
0.355266 0.141640 0.089024 -0.253203 -14.440783 2.627511 16.248161 
0.365762 -1.482824 -3.403619 0.030759 -19.552458 -32.710060 -4.801063 
0.430606 0.545615 0.775298 0.255016 -6.034282 5.469876 3.615164 
0.100431 0.031192 -0.877314 0.864636 17.848406 0.222078 2.139171 
0.189647 -0.377906 -0.153931 0.389740 -21.668801 4.655369 0.327308 
0.132254 -0.668213 0.027287 0.476864 -7.650210 -12.747427 13.334510 
0.500139 -0.595083 -0.520492 -1.197422 -15.758900 0.807399 -9.379810 
0.175237 0.122565 0.878710 -0.537790 -12.645185 11.613189 -10.077295 
0.123696 0.036034 0.655400 0.120901 -8.501002 -6.569054 13.211523 
0.195281 -0.418080 -0.765704 -0.616018 -4.807952 1.223406 -16.963483 
0.599939 -1.092076 -0.485913 0.507376 -24.949611 1.842845 -7.706668 
0.192741 0.035608 -0.382874 0.242535 -7.548080 -6.686615 12.908512 
0.200778 1.037097 0.563511 0.155365 4.458883 -10.980339 -0.606638 
0.177472 -0.011764 -1.169160 -0.362858 -4.200910 -1.357642 -16.643172 
0.127855 0.256893 -1.048087 0.484301 2.721390 -11.258523 -4.624785 
0.220526 0.003721 -0.332811 0.505104 -0.772182 -10.735873 14.240974 
0.627642 0.206475 -0.314372 0.488640 10.986865 -7.106133 3.786882 
0.637465 -0.136381 -0.098344 0.045841 -16.852946 17.052615 9.522352 
0.169117 -0.107487 -0.937407 -1.026292 4.853675 -0.766057 2.872539 
0.114784 -0.532836 -0.442654 0.322081 2.826498 -16.189665 -5.194300 
0.135557 -0.016135 0.521900 0.296571 -1.333037 32.175983 -4.977780 
0.579415 -0.977240 -0.202021 -0.007237 -1.230409 1.357423 18.238828 
0.624848 1.283715 1.061252 -0.254062 20.252775 14.516024 0.954015 
0.385484 -1.031148 0.883442 0.422621 -11.475663 -2.301970 14.372658 
3.082417 -0.595058 -0.100718 0.318475 -9.199080 5.784560 -3.443092 
0.310489 -0.115057 -0.552719 0.476801 5.092484 -1.090446 23.249220 
0.457154 0.135797 0.225629 0.335366 10.695270 9.415328 -9.184757 
0.279294 -0.524217 0.356055 0.690271 -3.360630 -3.267332 -13.106052 
0.089763 0.190573 -0.404767 -0.106201 -0.955278 -3.010484 -20.250228 
1.249225 -0.602487 0.729691 0.019654 -14.330361 10.338515 8.843251 
0.163561 0.689872 -0.664609 0.131122 7.080989 -8.533804 -5.447361 
1.702665 -0.537663 0.549075 0.886177 -0.091832 6.000469 11.465558 
0.087567 0.060874 1.232941 -0.206941 9.699389 11.348519 -1.337447 
0.192231 0.145230 0.401060 0.232250 5.745489 -0.183405 7.316653 
0.122081 0.597233 -0.099252 -0.264202 -11.040664 -10.580772 -13.265219 
0.088452 0.100704 -0.704843 0.430612 -1.008501 8.689303 10.134978 
0.470758 -0.858139 -1.873589 0.191481 -4.378291 -9.523976 7.336169 
0.196106 0.093161 0.027336 0.033544 -0.874469 6.729504 12.085078 
0.163499 0.939006 -1.763574 -1.169790 15.043282 -18.563923 0.915456 
0.080867 0.957456 0.937448 -1.930169 22.288122 16.966638 -13.346823 
0.223604 -0.274736 0.150144 0.460090 -22.958536 -2.413932 13.178366 
0.155926 -0.911695 0.659680 0.734671 -11.142356 -4.125781 4.981961 
0.238387 0.277556 0.670887 -0.122199 -8.016583 0.385744 -17.085837 
0.106154 0.155797 -0.148987 -0.251612 -3.589748 -12.590683 -17.533886 
0.169911 -0.363765 0.459602 -0.527262 12.525138 -10.166365 -2.952764 
0.113329 0.829727 0.645877 -0.101128 8.474918 6.557025 16.192741 
0.192419 1.226246 -1.134092 -0.240219 5.887842 -22.027499 -8.428467 
0.594225 -0.377983 -0.178289 -0.659012 10.289389 4.131160 7.733069 
0.085164 -0.073143 0.062609 -0.595678 -17.696390 -3.641939 -8.453823 
0.117057 -0.084315 0.047571 -0.206302 -7.128609 21.990957 8.358754 
0.205043 0.158090 0.023964 0.144347 4.872844 20.689901 -13.012789 
0.234649 -0.113029 -0.582884 0.528479 19.879400 -4.036667 4.792773 
0.487672 0.011716 0.493242 0.496937 4.415286 8.747910 17.018345 
0.223182 0.375426 -0.136615 -0.011675 -12.446507 -17.026736 -5.661792 
2.476904 -0.642955 -0.844354 -0.189158 -1.779280 2.202847 -19.753371 
0.441734 0.693448 0.062092 0.189118 11.063830 9.378509 4.277302 
0.230397 0.496226 -0.178511 0.382751 -9.451861 -8.254788 -0.988917 
0.689100 1.749290 1.350510 -1.622057 22.038736 7.760323 -10.390108 
0.815528 -1.561990 0.662876 0.199639 -18.097419 -0.749169 11.100242 
0.161492 -0.211143 0.636034 0.179274 11.552795 8.157824 -7.720827 
0.542296 2.076732 -0.481782 -0.530718 11.241793 -8.058833 -0.626462 
0.146522 0.229655 0.441204 0.586723 -16.070909 -8.856561 7.891579 
0.256037 -1.247919 0.181733 -0.584286 -5.658917 -10.700699 -6.534602 
0.887681 -0.818506 -0.498412 1.251967 -0.221516 9.452047 5.410042 
0.101372 0.033832 0.338163 0.401079 0.790281 9.468539 -11.192957 
0.141931 0.545952 0.355365 0.269239 -8.477440 10.243345 -0.717531 
0.178446 -1.125566 0.578172 0.465907 -2.948996 7.297937 5.117918 
0.083374 0.356324 -0.290086 -0.907931 2.398708 -1.038797 9.696956 
0.376685 -0.296510 -0.301641 1.348092 2.658449 4.285667 1.641744 
0.585808 -0.022029 -1.200100 0.296425 -12.989403 -6.602320 9.058698 
0.102075 0.038808 0.517812 0.593362 10.784717 18.920818 4.505772 
0.086694 0.913101 1.056558 -0.334874 18.991690 11.599997 4.264211 
0.654455 -0.194563 -0.158555 0.447619 5.202354 -4.015464 -5.783410 
0.442796 -0.052817 -0.064286 -0.535335 -20.545714 2.733851 -4.989486 
0.103990 -0.543448 0.935834 -0.325549 -0.340370 4.498746 -4.626944 
0.137893 -0.032168 -0.063158 0.347910 -25.619838 -14.865731 -2.703893 
1.044939 0.735916 -0.129218 -0.351162 7.166704 4.460501 -2.989482 
1.025335 -0.280411 -0.039840 -0.237530 11.396749 -3.823220 -14.601410 
0.472835 -0.697551 0.060337 1.174839 -21.059449 4.478656 4.226409 
0.672168 -1.498866 0.980151 -0.016410 -20.790210 3.988529 13.317413 
0.208490 -1.587559 -0.785176 -0.126410 -8.985275 -14.083151 -1.752458 
0.292610 -0.912850 1.451567 0.166470 -7.024776 14.093253 12.717741 
0.111344 -0.176100 -0.372961 0.961988 -3.197099 -2.027144 15.347539 
0.466067 0.198540 -0.252831 0.727246 6.770132 14.322446 1.870692 
0.112109 -0.257531 0.276936 -0.018729 -12.765426 -16.787705 -0.800568 
1.021373 -0.318695 0.057258 0.211887 -18.162323 -5.774098 12.582323 
0.247245 -0.984635 -0.609732 0.948064 -23.858413 -2.961686 12.667521 
2.937998 -2.061349 -0.461515 -0.072479 -15.113005 -9.097588 9.660617 
0.112201 0.328626 -0.445766 0.054855 -2.825418 -14.790713 -8.433757 
0.941373 -0.116770 0.487885 0.085945 9.285277 8.568180 0.220991 
0.186332 0.737541 -0.325520 -1.076836 8.835494 2.323036 -4.466915 
0.206312 -0.348323 0.010354 -0.438086 -8.444258 12.973672 -0.601993 
0.087521 0.344833 0.860385 0.687297 -5.320146 -4.105532 -3.683453 
0.337060 0.330218 -0.267070 -0.053241 -6.659479 -18.840776 -6.328815 
0.506829 0.099217 0.033145 1.015835 12.942518 4.081627 14.641830 
2.506229 0.537664 1.257257 -0.460017 -9.941290 9.325224 2.017751 
0.109658 0.549191 0.190417 0.076746 1.926348 -3.619197 -17.178595 
0.093631 -0.376020 0.077551 0.245691 -20.090187 15.707591 7.463025 
0.994606 0.607943 -0.146373 0.490676 5.374513 1.820375 -0.648786 
0.184780 1.429617 1.886625 0.120074 6.815299 11.768889 -2.323462 
0.113864 -0.038520 -0.098855 -0.279391 0.152071 18.075810 -5.554595 
0.500571 1.356048 -0.832641 -1.044729 22.905163 3.019796 -10.411119 
0.375402 -0.000278 -0.065539 0.781326 8.205189 -6.833443 -2.624862 
0.121279 0.527429 0.007515 0.416806 4.165086 -1.065283 -19.170257 
0.437171 0.520791 -0.017616 -0.515878 5.857788 -0.646760 -11.266334 
0.420529 0.135682 -0.273581 0.141855 8.234540 12.946566 -13.241073 
0.140832 0.273484 -0.227247 0.304436 -2.106651 8.123197 13.573208 
0.317286 0.135459 0.523496 0.021323 -5.200440 9.454265 -2.001106 
0.092539 1.274018 -0.127965 -0.799630 3.258413 -7.243830 3.654905 
4.198783 -0.225085 -0.200010 -0.261606 0.377981 4.329604 -8.454806 
0.435794 0.176742 0.106085 0.155662 -22.128125 8.038212 12.464161 
0.299195 -0.097816 -0.223224 -0.628029 -7.789793 -13.862422 6.746264 
0.366428 -0.797075 0.472445 -0.364792 -15.793263 -1.654492 14.620537 
0.300202 -0.020120 0.626836 0.270420 -6.263964 13.877592 -0.528173 
0.585186 0.176654 -0.168706 0.040911 2.759819 6.560285 29.588534 
0.524509 -0.253791 -0.336107 -0.320317 -7.537569 -13.821091 0.985347 
0.292083 0.176070 1.710517 -0.110487 4.139262 7.370151 12.234398 
0.107699 0.021590 1.426786 1.065600 -6.459715 8.195340 15.831064 
0.744916 -0.653390 1.308775 0.549071 -3.060637 21.892323 3.853072 
0.131940 -0.606916 1.593185 0.101172 -14.780731 14.068496 0.430531 
0.104491 -0.776477 -0.543586 1.079122 -18.577912 -0.452945 17.426209 
0.504475 -0.355910 0.132243 -0.026783 -7.228837 -1.568433 -3.758041 
0.159200 -0.273352 -0.171621 0.029301 -8.897346 9.652411 -15.791190 
0.144224 0.744133 2.018215 -0.783765 -0.472597 18.731592 2.798047 
0.221063 0.184279 0.503193 -0.523832 -17.945078 0.253228 -9.771706 
0.339783 -0.195851 -0.162968 -0.535996 -6.960592 -13.706361 10.008364 
2.985742 0.965022 -0.535605 0.269853 14.379670 12.080946 -6.617798 
0.098040 -0.191248 -0.088020 -0.117309 13.069446 13.801348 -18.908027 
0.364111 -0.305621 -0.406316 0.173490 -15.697889 -0.096657 -14.083595 
0.144886 0.315037 0.319971 0.450009 13.892666 5.703841 -5.423384 
0.360597 -0.248955 0.332318 -0.095389 -5.020389 18.255405 -10.914097 
0.254317 -1.056547 0.481828 -1.162929 -7.401055 -6.553196 -2.981495 
0.555913 -0.048459 -0.453710 -0.028334 12.719267 13.890118 -3.362166 
0.416651 -1.831647 0.108057 -0.002234 -16.667832 -6.003905 -7.094133 
0.151008 -0.257175 1.411351 1.441820 1.250893 6.778372 5.583569 
0.577563 -0.066156 0.420093 -0.347396 2.590938 8.114170 -14.066632 
0.141965 1.337422 0.496859 1.915256 7.439965 0.082761 23.901544 
0.120024 -0.040494 -0.137565 0.434417 -17.738680 6.876123 12.864688 
0.182852 0.636008 -0.831512 0.215823 18.663769 -4.910879 -1.168605 
0.189724 0.269187 -0.010318 -0.556044 -0.895352 7.189674 -19.721055 
0.150160 0.340759 -0.743101 0.997652 -1.988798 -13.867204 17.087065 
1.373741 -2.589850 -0.621006 1.190446 -22.337071 1.692335 9.792553 
0.283453 0.325490 -0.273561 0.973916 4.863104 1.856024 2.080634 
0.170281 -0.785387 -0.290959 0.315074 0.118133 12.121692 17.246179 
1.505698 -0.765022 0.631788 -0.026060 6.350215 -4.392778 4.398439 
0.360047 -0.952154 0.467527 -0.234599 -13.195017 -1.160591 -8.533760 
0.588861 -0.195534 -0.586904 -0.218333 -17.376780 7.056982 8.092002 
0.381565 -0.434382 -0.512721 0.164571 -17.509765 5.862689 10.117157 
0.166121 -0.089273 0.289960 -0.044637 -3.260854 -14.564057 -4.136290 
1.652096 0.172591 -0.179060 0.092727 -9.104167 22.158615 -2.510757 
0.215498 1.738137 -1.670527 0.696819 18.321599 -7.720549 1.672829 
0.524663 -0.311387 0.386160 0.460202 -3.649376 -3.053727 7.727718 
0.489037 -0.391524 0.441441 -0.338436 -20.019459 8.244305 -1.306540 
0.247044 -0.146373 -0.027573 0.638507 -13.114193 3.093736 0.828879 
0.408569 -0.553016 -0.051379 0.416216 17.199446 11.959704 -2.134670 
0.429966 -0.232152 0.157274 0.189931 -3.835323 -0.927689 -3.318491 
0.205030 1.213774 -0.631095 0.215180 7.306476 -11.447520 -2.987541 
0.104504 0.662390 0.012084 -0.594953 -6.614252 4.829080 -3.631270 
1.704172 0.517245 -0.836914 -1.236559 -1.796763 2.581559 -9.216719 
0.208973 0.575581 1.042083 -0.936587 3.948955 -1.187363 -3.704363 
4.631110 -1.121369 1.261655 0.589956 -6.368002 2.091998 14.002251 
0.135103 -0.305607 -0.193425 -0.017158 -3.883351 -13.506249 3.676536 
0.169606 0.412367 0.587396 0.672548 5.491414 15.709005 -6.691836 
0.567692 -0.917470 0.149051 -0.718280 -16.875553 -11.736492 -5.008115 
0.214292 0.133154 -0.171605 1.084149 -7.857794 4.876311 20.182087 
0.450345 -0.223660 -0.123783 -0.469223 -2.013402 15.839703 11.680183 
0.407103 -0.244419 0.294162 -0.092723 -6.560931 -0.145149 16.812934 
0.846636 0.110498 0.314380 -0.147179 -5.283644 0.099914 0.293909 
0.123163 0.872151 -0.585602 -1.776789 4.229419 -9.455649 -11.404495 
0.120648 0.086135 0.713392 -0.556860 -8.744606 -0.801019 -13.516152 
0.387333 0.098831 0.946110 0.024227 -11.581271 7.461277 12.860011 
1.095352 0.088936 0.454806 0.631244 -14.122129 -0.329836 10.400575 
0.212730 0.134463 -0.015985 -0.460199 11.332556 -10.134106 -6.964206 
1.575080 -0.375473 0.986411 0.375613 0.320921 4.507254 21.510572 
0.102042 0.380905 0.546345 0.159011 6.593112 1.116854 16.764914 
0.606266 -0.599354 0.320299 0.292160 2.828750 15.453963 -1.450353 
0.250734 0.436167 0.031725 -0.028521 -15.230693 0.522975 -0.505960 
0.184902 -0.276080 -0.439279 0.018308 -9.290469 21.404503 3.558309 
0.348863 -1.079620 0.678905 0.266321 2.971564 17.905742 -6.395058 
0.127948 0.653026 -0.481937 0.677857 -4.148255 -11.892455 9.172671 
0.127545 1.055966 -0.019818 1.601976 2.540606 10.559079 19.355210 
0.089378 0.641027 0.962165 0.677709 9.547300 -2.602985 2.824866 
0.220514 -0.220407 0.521600 0.585166 19.362577 2.427575 -2.303461 
0.195396 0.762158 -0.329536 0.224135 -7.421342 -13.955717 -10.071462 
4.245083 -0.710148 -0.705160 0.462576 -12.757727 -0.381491 -1.584025 
0.095817 -0.312218 0.334691 0.076120 -8.866585 1.398591 -16.405992 
0.569763 -0.259885 0.334801 0.106498 -25.388441 4.269961 6.550403 
1.098164 0.053409 -0.141561 0.314919 -11.369577 14.667868 -4.823033 
0.538990 -0.136283 0.422457 -0.088164 14.227013 5.115664 15.687645 
1.288776 -0.876074 0.195463 0.315958 -18.658679 -0.531398 0.295230 
0.193816 0.115623 0.250196 0.398447 3.033284 11.828565 -14.518891 
0.378483 0.584773 0.940277 -0.098166 -12.463573 6.328130 4.849239 
0.130333 -0.784205 0.483300 0.186044 10.726354 18.297719 2.411462 
0.235233 -0.021022 0.396738 -0.208077 5.150587 -14.159869 -11.893956 
0.474050 0.208673 0.207240 -0.315732 -8.434299 6.334223 -13.377971 
0.170650 0.205234 -0.010292 -0.048860 2.420714 -18.679353 10.378786 
0.551803 -1.218677 -0.269049 -0.026885 -0.283026 -5.578592 7.085284 
0.131497 -0.082785 0.520254 0.294422 11.166509 4.629137 -5.608006 
0.367063 -0.713558 0.468531 -0.363796 -16.675238 -10.506116 -2.976721 
0.237052 0.026170 -0.338434 -0.113199 2.095688 -6.641774 3.490764 
0.979329 -0.152191 -0.090102 0.689767 15.705296 -2.606802 -3.652232 
0.113309 0.490133 0.001947 0.059469 13.458119 18.216196 -0.734360 
0.202812 0.664115 0.423370 -1.188091 17.388398 4.484990 1.560498 
0.145792 0.028045 0.566061 -0.044853 5.613377 19.429693 -0.276426 
0.206856 0.177576 -1.939068 -1.068088 -7.747926 -23.226928 -12.392006 
0.534870 -0.615682 -0.007503 0.232382 1.108213 15.938744 -14.524901 
0.091732 -0.591312 0.335976 0.650847 -1.128313 -13.036928 5.082349 
0.094435 -0.010597 -0.248700 1.039258 -6.785067 11.804078 3.978056 
0.106821 0.165173 -0.211014 -0.125828 -3.408333 6.822699 -7.845243 
0.443043 0.361768 0.154173 -0.682188 13.166519 9.211959 0.891224 
0.087582 -0.035485 -0.509999 -0.580155 -13.920939 3.321177 -3.944821 
0.159466 -0.815958 0.192717 0.193595 4.568241 -8.730599 9.810762 
0.829727 0.166705 -0.119294 -0.346625 -6.757041 9.131279 -16.341224 
0.093662 -0.598157 0.788985 0.839838 0.484499 -5.485346 12.536387 
1.055006 -0.702104 0.569685 -0.773986 -9.611605 0.952394 4.166213 
0.290595 0.529409 -0.406714 0.470981 -2.917312 10.618402 19.301131 
0.226020 0.224600 -1.501769 2.625920 11.343485 -13.443010 23.084766 
0.258652 -0.479875 0.417881 0.095715 0.146264 11.269139 4.388982 
0.504080 0.446306 -0.236621 -0.229698 1.503525 -4.797873 14.863632 
0.133644 -0.203452 0.101570 -1.729843 -11.129416 -12.054852 -19.159554 
0.102367 0.021645 0.061700 0.411605 -12.635398 -12.901271 -4.541134 
0.102733 0.381127 0.435001 0.077149 15.045178 2.523835 13.316420 
0.406103 0.007945 0.039878 0.414475 -3.609621 -11.645366 -18.646131 
0.170184 -0.686168 -0.871508 -0.796899 -0.813087 6.528156 -11.028430 
0.080956 0.785251 1.180558 -0.315547 4.356392 20.920413 -10.047688 
0.171393 -0.468416 1.174951 0.579862 -7.246409 8.557605 -5.569409 
0.103884 -0.631398 -0.143943 0.142656 -10.647576 3.921209 -6.364349 
0.287723 0.136100 -0.156577 0.530290 6.064230 4.002144 -0.879420 
0.707610 -0.264857 -0.087556 1.159083 -2.962810 4.882356 12.689671 
0.161798 0.024085 0.109180 0.065467 -15.420869 -14.979506 16.667330 
0.495528 -1.247976 1.995140 0.604934 -8.925189 10.011905 1.761220 
0.081729 0.929653 0.306789 0.340400 0.178513 9.235403 16.956602 
0.498673 0.033599 -0.380564 0.462893 12.942016 2.341184 -12.232902 
0.189760 -0.714555 0.260740 0.020692 1.671756 2.423784 16.433427 
0.174582 1.266787 0.459708 0.351364 3.255937 0.317818 11.101728 
1.913197 -0.002646 0.721093 0.131825 -12.224161 22.060567 0.938954 
0.156957 -0.434262 0.487856 0.024265 -7.803518 17.351503 -13.212970 
0.318637 0.509525 0.800906 0.153126 3.996962 -4.497960 -7.272583 
0.384886 -0.691207 -0.459286 0.325543 -2.767224 15.180284 -4.744602 
0.094543 -1.175055 0.314247 -1.418815 0.771317 11.056310 -13.743662 
0.093801 0.723985 -0.434623 0.484931 0.594432 -9.298914 -13.758285 
0.259589 0.136346 0.557882 0.319117 6.529911 11.722806 10.751516 
0.331382 -0.097115 0.117818 0.147530 5.129984 -6.708346 -0.713115 
0.597086 -1.511372 0.346749 -0.516826 -17.093136 17.805858 -9.554938 
0.244466 -0.240615 -0.130287 0.472389 -7.482856 9.123415 1.312480 
0.409757 0.126987 -0.462307 0.947062 -12.333466 7.619515 15.989699 
0.703460 -0.786438 0.775423 0.474554 10.061888 2.758282 12.219565 
0.129081 0.404474 0.149024 0.265175 0.924866 5.447999 12.709083 
0.592856 0.593935 -0.225672 0.523053 9.297861 19.384123 6.634079 
0.598064 0.116920 0.360134 0.626028 -10.114553 -0.853141 24.135676 
0.315326 -0.340732 0.656737 0.610208 -19.171362 16.980105 12.771414 
0.830552 0.212426 -0.112074 -0.183764 -13.917494 13.672382 -10.231282 
0.107798 -0.556802 0.627633 0.863276 -5.586557 7.491377 2.147411 
1.282747 -0.214488 -0.678422 -0.238704 10.718044 -8.092207 -16.927530 
0.179704 0.079038 -0.460136 -0.003301 -10.633986 1.260874 22.241812 
0.226650 0.478429 -0.382526 0.359228 -3.535373 -14.647362 5.278400 
0.213577 -0.077898 0.491717 0.346306 9.718181 21.778533 -0.286213 
0.360054 -0.066529 0.081255 0.185953 -19.025313 -6.999376 -13.049584 
0.590465 0.193609 -0.126317 0.075217 14.148197 16.286278 -8.652746 
0.323997 -0.197181 1.310472 -1.407207 -3.646513 22.478609 -5.530132 
0.080856 0.154541 -1.129619 1.105795 11.909921 0.150166 5.204614 
0.143920 0.181960 1.582881 -0.088537 0.810045 3.616559 3.079209 
0.128165 1.032899 0.050641 0.188161 3.178694 10.176623 7.258188 
0.371144 -0.282503 0.922273 -0.062190 3.969040 -3.504045 -10.497577 
0.145470 -0.983779 0.684417 -0.752457 5.419589 1.741939 -11.983141 
0.092657 -0.199380 0.121001 -0.108670 -2.860889 27.051485 -1.848553 
0.587126 0.911986 -0.331365 -1.545370 18.978355 -12.787785 -6.974371 
0.235289 0.099556 0.123643 0.457990 -12.783801 10.469150 2.279864 
0.569180 0.392104 -0.771432 0.104330 -12.704799 -2.184947 -7.444560 
0.093590 -0.434717 0.056873 0.896178 -8.508871 5.662739 3.145707 
0.249342 -0.186213 -0.600372 -0.635458 2.764871 -0.938786 9.056818 
0.543855 1.248638 -0.094995 -0.286114 18.318279 -8.530695 3.843621 
0.236315 1.187233 1.344710 -1.553503 16.268086 26.224243 -9.182945 
0.136931 -0.242241 0.613435 -0.364825 11.581044 -15.673516 -3.454257 
0.109437 -0.163292 -0.671731 0.508810 -15.540181 -6.516500 -10.679141 
0.915698 0.128317 0.422577 0.248631 14.155276 -6.424155 -17.549630 
0.125769 -0.318595 -0.150822 -0.145455 -1.389225 -14.418449 -6.388942 
0.182221 0.536677 -0.210354 0.135546 -12.910655 -11.269290 -0.194774 
0.624303 -0.793028 -0.694659 -0.349063 -8.438254 6.008509 4.126361 
0.123119 -0.578125 0.060967 0.268668 -18.742974 2.268789 6.103673 
0.093277 0.081258 0.370392 0.032511 14.062261 -7.519795 9.800008 
0.126609 -0.847314 -0.789030 0.551684 5.544511 1.095693 13.358477 
0.342755 -0.007258 0.674737 0.244206 -16.322077 25.995367 4.869597 
0.887808 0.963831 -1.397079 0.171470 5.396263 -4.238838 2.741975 
0.718573 -0.910902 -0.317791 -0.617488 4.235159 -5.105826 -6.401292 
0.789225 -0.281329 0.771348 0.249271 -3.363043 14.072165 -11.464375 
0.126531 0.609895 0.057136 0.431616 -2.789449 8.053616 10.099620 
0.685572 0.008342 -0.077845 0.228227 7.577882 13.742251 -2.208567 
0.342997 1.092038 -0.355362 -0.139235 -5.613597 0.801526 -4.214917 
1.141486 0.643428 0.385067 0.764191 -5.391013 9.078548 -4.411484 
0.181571 -0.449298 0.235199 0.186904 -0.380625 1.621855 23.657035 
0.271737 -0.324089 0.102674 0.287223 -2.224193 -6.676159 19.145294 
2.465276 -0.062647 0.251666 0.301032 -21.569958 -6.452681 -1.915674 
0.132761 -0.572463 -0.140712 -0.555908 12.735676 5.945517 -2.400220 
0.088416 0.699129 -0.155326 -0.036197 -12.094006 -0.746557 9.989200 
0.089291 -0.069220 0.398776 -0.322993 0.199896 8.830049 0.247392 
0.263350 0.311187 0.214336 0.265511 -7.403612 -8.324861 -15.516407 
0.423754 0.435988 -0.476779 0.633374 10.123824 12.028985 16.987706 
0.178200 -1.950932 -0.684466 -0.041092 -9.796809 0.961208 -0.469633 
0.269147 -0.226493 -1.050322 0.024670 -15.190768 4.060313 -5.399144 
1.218772 -0.939210 0.151564 -0.091098 2.809586 -14.243166 8.887334 
0.195759 0.509213 -0.871522 1.062133 -1.201465 -13.725957 3.082102 
0.310560 -0.050357 0.400573 0.641622 11.227677 6.541812 10.547596 
0.132928 -0.134985 0.420596 -0.354907 0.789147 0.666718 -10.880299 
0.130606 -0.416046 0.746423 0.601730 3.474361 -6.928000 -9.252211 
0.180981 0.833311 1.641955 1.387226 7.625989 25.479489 21.344211 
8.040799 0.148020 -0.193901 0.070768 -1.606815 -12.062813 1.292132 
0.080873 0.315982 0.473464 0.428955 -18.464038 7.011003 -0.223253 
0.337684 0.086733 0.644277 1.550817 6.130183 -4.342153 11.460882 
0.727006 -1.164393 0.904077 0.323359 -13.323155 1.758940 10.952001 
0.130102 -0.228015 0.496129 0.171371 -5.661696 -14.623509 10.084099 
0.107057 -0.304491 -0.746562 0.471377 -1.406820 5.441493 21.218707 
1.352041 -0.335218 0.116489 -0.015575 -1.351573 -1.833745 -22.427166 
0.108970 -0.592781 -0.123960 0.463114 -12.712990 2.736379 -17.472503 
0.148499 1.433178 0.732477 -1.031947 6.791169 -1.324543 -6.922990 
0.263983 0.281456 -0.546697 0.037223 6.088028 -4.883568 -4.103413 
0.240265 -0.458632 0.543283 0.009914 0.674978 22.554940 6.415866 
0.217954 -0.006507 0.282975 0.162731 2.679622 -11.175234 -7.420256 
0.444167 -0.484947 0.691015 0.432172 -1.117471 -3.497331 -12.904581 
2.752555 0.112463 0.476162 -1.215549 -2.945412 10.393261 -10.137942 
0.266546 0.476814 0.116606 -0.802498 5.908844 -3.489408 -3.950191 
0.104305 -1.418539 0.460588 0.177334 2.652000 4.509643 7.977914 
0.144490 1.046353 0.771836 -0.367574 2.873601 10.898052 -15.261616 
0.094619 0.101639 -0.059196 0.224223 -5.571828 -2.373900 -15.425679 
0.144851 -0.170003 0.545552 1.008291 14.137486 -1.129907 8.454583 
0.132290 -0.183123 -0.188082 1.158411 -13.253784 12.215962 9.747079 
0.524424 -0.066002 -0.470503 -0.474259 3.189700 -0.137962 9.799136 
2.804970 1.348766 0.378561 0.097093 16.999128 3.057115 5.777022 
0.151725 0.452307 0.158090 0.496237 -9.190330 5.303338 -3.005434 
0.691052 -0.709468 0.310550 0.030295 -13.503090 -15.579118 -1.764041 
0.123125 -1.666421 -1.183523 -0.795558 -15.265406 -3.127026 -6.706012 
0.095501 0.047768 -0.001263 0.337101 9.461293 12.391713 5.534981 
0.082472 -0.221661 -0.107104 0.797322 1.189187 1.956638 3.697608 
0.088000 -0.193918 -0.009608 0.642521 14.283198 1.859497 16.021346 
0.106567 -0.314300 0.088990 0.178558 -14.446846 14.482998 0.282624 
0.083960 -0.308562 -0.521402 0.791151 -11.153505 -7.305065 16.199806 
0.444394 -0.155499 0.281202 0.149114 4.158958 18.167292 20.421357 
2.968598 -0.643129 0.400613 0.069870 3.807627 -3.120310 -14.130313 
0.118415 -0.980552 0.157918 0.228291 1.552031 -1.930481 -15.300943 
0.123056 -0.356443 -0.387366 0.554334 -1.795536 8.554877 16.975394 
0.111967 -0.621492 0.217851 -0.139501 -5.777937 17.258654 -2.741320 
0.095336 -0.360683 -0.092801 -0.056972 -5.537374 -13.891160 -5.548821 
0.085245 -0.438769 0.039224 0.537808 -10.184677 -6.143176 -13.487759 
0.219520 -0.913205 -0.461001 0.518509 -13.581491 -0.997200 -8.462372 
0.269315 -0.778283 -1.602544 1.257560 -6.262936 -8.407556 9.837987 
0.084729 -0.095720 -0.101585 0.261206 11.543963 -13.712729 18.189782 
0.193296 0.174133 -0.768988 0.538324 5.484628 11.704547 15.151500 
3.042533 -0.366651 -0.361574 -0.728908 0.565356 -16.170000 2.879856 
1.417540 1.291019 1.467358 -0.427336 9.092563 6.688547 3.110434 
0.348250 -0.431310 0.227121 -0.090880 7.764781 -3.851240 12.563978 
0.189420 -0.086541 -0.041772 0.490186 18.976437 5.624935 15.130032 
0.222484 0.076456 -0.392308 0.430221 5.486861 3.469890 -5.572548 
0.319069 -0.307909 0.177419 -0.813086 10.425645 6.446242 1.872640 
0.092091 -0.499656 -0.294275 0.715430 9.050828 -3.385139 1.159871 
0.486369 0.745037 -0.325655 -0.217363 5.406211 -14.032765 -0.008395 
0.293964 0.113257 0.314731 0.119140 7.230513 19.157442 -7.667323 
0.150389 -0.251157 0.017915 -0.108535 -14.737621 20.901140 1.607488 
0.098254 -0.086339 0.105674 -0.232313 -18.007632 1.088969 11.946762 
0.129777 -0.142327 -0.185673 0.511767 2.414389 3.945168 8.444864 
0.089968 0.718574 0.667284 0.391535 -0.399313 8.653471 -13.883679 
0.178187 0.170625 0.010676 -0.333907 16.393007 1.600645 -5.867179 
0.446547 -0.603100 -0.008456 0.093408 -3.581916 12.900376 1.202560 
2.596189 -1.415624 -1.298809 -0.679710 -16.102497 -11.968118 1.936013 
0.941679 -0.131301 0.420795 -0.339934 2.644780 11.049993 8.610331 
0.357477 -0.343363 0.514614 -0.063103 -7.017215 -12.878119 11.326420 
0.233141 0.267588 0.208207 -0.230991 -7.585072 13.836351 -15.328307 
0.109886 -0.771913 0.194402 -0.287531 6.505825 -4.700859 0.492035 
0.103385 -0.012804 0.585415 0.210361 13.576907 -0.332271 18.189504 
0.307529 -1.069013 -0.725810 -1.682931 -4.720551 -11.178504 -6.539518 
0.224214 -0.829653 0.506885 -1.538540 1.201776 -6.681936 -18.761068 
0.688471 0.527310 -0.419782 -0.024144 -1.927071 10.706025 -7.001738 
0.121886 0.206336 -0.561125 -0.311226 7.982157 -12.289889 12.209556 
2.036878 1.722230 -1.131151 -0.169473 7.134051 -7.566589 -6.870488 
0.108772 -0.319204 0.705474 0.618266 1.612770 15.635168 -0.741214 
0.087214 -1.029536 -1.326580 -1.084524 -1.965265 -12.564153 -1.077472 
1.095005 0.088178 0.287730 0.171782 -2.538761 -12.395104 -16.134657 
0.462444 -0.002573 0.001756 -0.055235 5.837350 -8.532925 -25.062494 
1.195467 -0.077927 -0.387469 0.184481 -1.195695 19.741982 2.243472 
0.124532 -0.393909 -0.337054 0.252039 18.761568 6.251307 -1.374795 
0.239527 0.089792 -0.083951 -0.044521 -16.951683 -11.333477 18.656590 
0.513647 0.159086 0.335361 0.743689 3.347689 -11.392208 1.448935 
2.322161 -0.075074 -0.378283 -1.069392 11.104341 5.810581 -4.861349 
1.749945 -0.276962 0.510272 -0.016542 3.462119 -15.692648 5.565856 
6.427225 -0.474749 -0.133904 0.389626 -0.219928 19.965014 -8.161723 
0.187473 -0.133245 -0.184694 -0.359942 -8.720856 -5.750637 14.911549 
0.080411 -1.165909 1.003792 0.832182 -1.113412 9.571685 8.646779 
0.084886 -0.616387 -0.454355 -0.122212 -13.614352 -13.961611 -6.383311 
0.210734 -0.224758 0.405823 0.030186 8.217355 -16.270185 -8.820449 
1.039799 0.522592 0.064752 0.464907 3.374270 7.419830 20.379254 
0.589256 0.087996 -0.278568 0.494816 11.964453 0.843663 4.042536 
0.193774 -0.382327 1.006488 -0.065457 -16.008963 -4.632372 12.279439 
0.204408 -0.243221 0.070014 -0.416469 17.439948 -4.828492 -0.627382 
0.203976 -0.868701 0.330901 0.508416 -17.406224 1.252172 -13.670067 
0.100379 -0.166526 -0.376394 0.108756 -4.076918 -4.993727 6.629954 
0.224716 0.311619 -0.354433 1.154635 -5.187289 8.753191 12.589745 
0.736908 0.152486 0.984600 0.283938 -9.130936 19.070647 -0.795735 
0.183623 0.826965 0.398598 -0.967508 5.737711 0.099048 1.550616 
5.763363 -0.671972 -0.905262 -0.205243 0.427716 -1.403599 3.047749 
0.155563 -0.095942 -0.033041 0.140448 -0.647679 10.992929 7.005513 
0.205052 -0.462643 0.830625 0.225104 -20.341693 -2.382909 13.380698 
0.256881 -0.376402 -0.671221 -0.299212 -4.632631 -10.263111 17.813826 
0.383592 0.094460 -0.589766 0.529690 0.657584 -11.880942 -16.822506 
0.115189 -0.772893 1.124654 -0.476864 -11.585587 11.792422 13.950655 
0.144188 -0.197061 -0.132510 0.438210 -22.287138 6.726461 -1.129982 
0.208231 -0.593516 0.517646 0.713600 -11.040619 4.797466 17.611745 
0.523071 -0.811406 -0.060796 -0.267940 5.827413 -7.786024 12.776788 
0.460238 -0.118762 -0.065628 1.547614 12.807509 0.300657 4.324982 
0.500482 0.267434 0.567742 -0.614609 -8.505170 9.410987 6.237761 
0.190881 0.419916 0.563272 1.289739 18.502253 -1.157351 9.557888 
0.095002 -0.151614 0.390771 -0.255850 -9.438942 -11.035030 -1.738657 
0.282526 0.579247 -0.073691 0.082926 -11.771355 -2.823556 15.429923 
7.200905 -0.426209 0.184962 1.073130 -15.497563 5.530179 2.761471 
0.639887 -0.829552 0.492428 0.204346 -7.772617 -5.727637 -17.346809 
0.088337 0.081287 -0.299579 0.170597 -1.107642 -3.533360 -2.918355 
3.427020 0.553443 -0.325040 0.756080 2.254140 2.453826 4.965579 
0.286232 -0.296306 -0.465482 0.099071 -9.409082 -8.473663 14.730320 
0.111446 -0.329944 0.545450 0.900421 -11.028157 8.136720 3.847568 
0.194955 -0.009126 0.288909 0.163211 -21.926921 5.719044 12.140358 
0.190041 -0.743336 0.124750 0.059022 -7.726582 4.363537 -12.212831 
0.170109 -0.830613 0.584461 0.502151 -19.591813 -7.669876 0.034000 
0.162386 -0.399721 0.061283 0.391885 -20.057285 12.965944 -8.267486 
1.166044 0.935373 -0.097691 1.407250 6.417751 13.140452 17.240942 
0.584740 1.392043 0.182754 0.419107 -0.269699 -2.608776 1.048120 
0.396613 -0.124022 -1.355061 -0.682029 -9.520039 -0.342408 -8.553693 
2.418064 -0.399494 0.351719 0.011728 -7.729538 5.013146 -1.712757 
1.010429 -0.233377 0.213007 0.237306 23.087652 -6.650202 0.593074 
2.532142 -1.385649 0.090168 -0.011404 2.200255 -7.073774 -0.032269 
0.107929 0.406762 0.824866 0.724045 1.113801 -9.589070 -0.130832 
0.167175 -0.637105 -0.039933 -0.837489 3.019763 -0.659995 3.257705 
0.254952 1.315116 -0.826070 -0.490835 7.724104 3.763037 -9.206114 
0.429694 0.310498 0.157543 0.777511 13.101981 14.114649 2.496489 
0.496826 -0.145495 -0.179668 -0.089680 13.963009 12.422461 19.441954 
0.121547 0.597445 -1.362381 0.307304 -0.433324 -23.606424 -3.029612 
0.215928 -0.207364 0.657040 0.280249 -3.147605 23.010465 -8.338141 
0.270339 -0.246196 0.692784 0.448234 -7.905763 -14.469705 -8.222940 
0.080083 -0.360776 0.276215 0.751626 14.463282 -0.065180 5.857298 
0.272801 0.661239 -0.330954 0.123574 -6.850977 5.230904 0.502645 
0.248941 -0.328020 -0.497734 0.679002 16.384869 -1.738809 -4.837086 
0.198171 -0.033857 -0.587996 -0.008402 -4.316308 -3.293292 -9.137941 
0.125940 -0.073009 0.573511 0.269524 -4.635170 22.590580 0.052824 
0.397489 0.271997 -0.310873 0.466019 1.913729 3.083211 -2.970251 
0.109822 1.222242 0.238551 0.015735 19.004358 -0.511789 -10.032798 
1.950578 -0.458953 0.335815 -0.098021 2.269957 -13.968556 13.672090 
0.085723 -0.156530 0.345148 0.371907 4.053058 12.429698 16.808011 
0.261677 0.265454 0.445157 0.135298 1.949502 8.235441 14.151030 
0.410668 -0.353158 1.030434 0.682579 7.896563 -4.297017 8.680233 
0.278253 0.307480 -0.363623 0.509430 7.999624 8.016225 13.045497 
0.362834 -0.566091 0.206249 0.356082 -12.293177 20.967932 1.952282 
0.191416 2.547848 0.140906 -0.153313 28.316334 12.055351 -4.431712 
0.204516 0.718142 -0.524832 -0.890319 8.049617 0.622099 1.875791 
0.119244 0.113718 0.900438 0.454430 -4.975731 -11.394896 7.690565 
0.394798 -0.196273 -0.037065 -0.422721 8.311985 -8.494682 11.160926 
0.108074 -0.000151 0.416432 -0.474605 -2.576675 12.188744 -11.902752 
1.687457 1.217012 2.171144 0.031973 13.639942 15.544122 6.681852 
0.142585 -0.206573 -0.418704 -0.271029 5.607869 15.583391 -0.546881 
0.999592 -0.260905 0.503553 -0.407181 -13.776710 11.853945 -2.884382 
0.835224 1.284937 -0.220125 -0.109621 6.480813 15.123016 0.951976 
0.133760 -0.965936 -0.790309 -0.029038 -10.569906 -3.226632 9.486821 
2.914902 0.692166 -0.385687 0.095893 11.237669 -9.352914 0.097862 
0.289537 -0.528931 -0.562580 0.224996 -14.816818 -4.798007 -4.367788 
0.111589 0.072384 0.162683 0.364436 6.950877 0.264882 -3.507334 
0.666435 0.067252 0.611430 0.205313 4.842603 12.877840 10.235655 
0.118124 -0.177388 -0.353138 0.402318 9.371381 7.589194 9.144226 
0.082017 -0.252796 0.298909 0.465391 -10.804412 18.750629 -4.358058 
0.384643 -0.382918 -0.388373 -0.082389 15.276719 0.740759 -6.092772 
0.170390 -0.458097 0.490011 0.724686 -17.048989 2.558929 6.151873 
0.164634 -0.347018 0.132922 0.190419 2.907978 -12.201759 17.184033 
0.710018 -0.785702 1.085433 0.549604 -1.429704 8.510165 6.370001 
0.490174 -0.071617 -0.192592 -0.080231 -10.057305 6.365496 -16.476861 
0.209872 -0.195901 0.283287 0.989403 -5.914622 19.659453 1.801984 
0.191407 -1.528424 -0.895302 -1.034464 -4.347018 -1.091826 -13.450911 
0.086220 0.874784 -0.018328 0.184346 11.092595 -3.049212 12.960018 
0.253249 0.174161 0.079530 0.151814 -13.437992 22.483980 4.805664 
0.443660 0.287519 0.399227 -0.032189 -5.403868 7.995135 5.989850 
1.478874 0.460570 0.855613 0.391558 -9.858672 6.601909 1.729863 
0.997008 0.043344 0.082738 0.168836 -25.065000 -15.021999 -2.409597 
0.119733 -0.638866 0.672637 -1.070445 3.674765 -4.331689 -5.776755 
0.155712 -0.929299 -0.327925 0.641897 3.629783 8.475938 -1.327361 
0.248140 1.019965 0.022472 -0.017759 13.972255 7.110580 3.617518 
0.211986 -0.617541 -0.807662 1.945368 -7.852424 -10.831268 8.640985 
3.164370 0.295830 0.347192 -0.232071 -0.660360 9.451051 17.240263 
7.811175 -0.101291 0.557908 -0.254887 5.403594 -15.606428 3.210742 
0.119711 -0.329613 0.014616 0.583572 13.491661 -4.811333 14.345430 
0.081905 -0.265175 1.661160 0.450474 -0.175799 5.629939 0.394952 
0.128974 -0.372507 0.081764 0.452644 -12.326281 -19.946828 4.027042 
0.098410 -0.423911 0.047962 -0.129072 -10.982971 4.654261 -6.115811 
0.208666 -0.690684 -0.074727 0.622728 6.865855 8.645409 20.340446 
0.338702 -0.239223 -0.798318 0.337199 9.123944 -10.582805 16.755607 
0.270406 -0.495819 -0.483192 -0.631527 10.096176 -0.247197 -7.930819 
0.261780 -0.189075 0.328284 -0.333559 11.967264 -4.952134 16.504090 
0.198271 0.136404 -0.037283 0.168365 1.551269 19.115316 -11.221665 
0.547947 -0.056488 -0.058433 0.285787 18.740403 13.745056 11.904803 
0.084496 -0.346757 1.162844 0.300069 -6.215881 -6.376412 11.331452 
0.547853 0.351437 -0.286444 0.128146 4.476114 -11.245190 -2.640307 
0.124445 0.209389 -0.037032 0.361234 -10.798596 19.003710 6.678538 
0.573077 -0.119292 0.332568 -0.370706 8.251634 3.815620 -3.080922 
0.415176 0.141895 -0.406955 -0.371250 7.621145 -13.194470 3.342930 
0.878922 0.053135 0.334973 -0.759339 -8.612712 -14.958516 -5.308642 
0.094683 -0.376765 0.919259 -1.302720 -1.285676 -3.753706 -5.375588 
3.025229 -0.880112 1.387852 -0.018711 5.636687 11.009391 -6.180867 
0.102725 -0.478811 -0.080962 -0.357736 -12.255656 -17.591541 9.267308 
1.385436 -1.666725 0.092133 0.346176 -11.496065 12.699693 6.573358 
0.188343 0.753735 -0.377230 0.165624 6.986061 -5.223396 14.728764 
0.308804 0.127292 0.666118 0.146006 13.617211 -0.652836 -18.585737 
0.266901 0.838638 1.016379 0.295403 18.376132 0.885812 3.864840 
0.352073 0.320285 -0.208543 -1.046585 -9.816031 -2.992687 2.293656 
0.588656 0.522031 -0.692223 -1.174351 12.903074 -4.273638 -7.212164 
0.105091 -0.357636 0.061708 0.154083 4.861867 13.653056 -5.217167 
0.147682 0.743728 -0.012146 -0.674671 10.944824 -7.567203 8.685969 
0.179358 -0.018886 0.115963 -0.195406 -20.586960 14.213081 1.317461 
0.522896 0.428044 -0.468384 0.057170 0.009172 -14.280273 -3.753706 
0.141510 0.649880 -0.397295 -0.385984 8.117392 -4.660127 0.813990 
0.105633 -0.275868 0.109337 -0.238299 3.229115 -2.689306 14.891727 
1.115389 0.247773 -0.264401 -0.191856 2.136613 -3.272559 15.026859 
0.100224 1.796582 -1.078284 0.082510 10.192772 -10.768009 -8.746911 
3.043771 1.174982 -0.290058 -1.680644 10.026706 -2.739166 -7.024777 
1.677124 0.230969 -0.801603 0.536093 4.136057 2.708649 -8.845610 
0.154714 -1.665551 -0.550173 -0.276162 -3.249939 -4.787310 -4.992102 
0.509531 0.461732 0.188498 0.340679 2.114045 6.390028 -2.365418 
0.118595 0.735964 -0.350421 0.642403 -4.689325 7.179923 -2.244458 
0.192470 0.834268 -0.170283 0.372603 7.638486 -4.997768 6.041012 
0.156661 -0.001678 -0.716166 1.222563 2.312901 8.704531 11.289471 
0.269171 0.213667 0.182085 -0.142750 -13.315774 0.410555 -14.489406 
0.275015 -0.307184 0.356721 0.330886 -21.074160 10.097324 -7.523425 
0.133107 -0.539831 0.325516 0.032609 -22.728266 14.437120 12.823078 
0.116244 0.484962 -0.705125 0.273265 -2.481864 -8.461282 -0.520025 
0.262815 -0.284622 -0.575422 0.639548 -8.166971 -12.308674 -5.438361 
0.152197 -0.219255 0.239037 -0.888852 -20.750343 4.577358 -8.088693 
0.591538 0.579958 -0.941767 -0.855996 -1.619761 -8.070766 -19.638171 
0.273814 -0.448543 -0.381101 -0.007865 11.416545 10.195642 4.824447 
1.296377 -0.029219 0.661578 0.332777 -5.694943 13.815360 1.428998 
0.625099 -0.006255 -0.383144 0.338891 2.537471 6.085589 23.010628 
0.953431 -1.253247 -0.495637 0.951573 -8.840199 -3.659074 16.151654 
1.362864 -0.432124 0.400016 0.103603 11.386151 2.158658 -6.199765 
0.388981 -0.378883 0.288359 0.437678 -19.751005 -0.626141 13.617579 
0.178332 1.378668 -0.469465 -0.197246 22.475283 4.575851 6.553336 
0.372184 -0.669315 -0.417645 0.632180 2.441295 -7.237162 -7.409389 
1.884918 -1.078556 0.140684 -0.129126 -14.532034 -0.054737 7.067523 
0.093160 -1.003175 -0.517452 -0.643204 1.486777 -3.993471 1.148699 
0.093696 0.497806 -0.627825 0.190119 8.448188 4.424374 3.649851 
0.080850 1.572215 -0.997763 1.031320 5.758617 -16.005122 11.183401 
0.277717 -0.119372 -1.919945 0.914759 0.976881 -7.324196 14.826549 
0.330199 -0.501355 0.578702 0.509021 -4.013594 12.481151 -6.184503 
1.020862 0.379219 0.517164 0.215807 11.979060 -8.323231 0.649328 
0.554068 -0.488558 0.388351 0.466408 -12.101980 10.332130 -1.180385 
0.410517 0.686877 -0.155498 0.530460 -11.974073 -0.844207 11.363591 
2.241100 -0.977765 0.134166 0.472852 -16.930239 9.823714 -5.068399 
0.769947 -0.498426 -0.401857 0.057452 3.661973 1.286936 -19.446740 
0.085466 0.096277 -0.232701 -0.103421 -20.392245 -18.908733 -7.060575 
0.645582 -0.295732 0.377097 0.014167 -7.305311 0.572503 -21.616305 
0.291207 1.193909 0.098132 -0.438319 18.334713 -1.290565 -6.560536 
0.780826 0.983167 1.222878 0.232198 -4.757319 17.029669 5.278890 
0.178041 -0.248867 0.298196 0.537947 2.006584 5.255303 9.946577 
0.111657 0.630656 0.174016 0.415834 -7.973871 9.930806 9.016718 
0.141933 -0.427185 -0.027692 0.226396 6.254571 -14.192826 -16.749638 
0.503658 -0.078114 -0.196025 0.384297 -13.831921 -15.255299 20.583368 
0.266518 0.572120 -0.654047 -0.816879 -10.585950 -7.485469 -7.690530 
0.136578 0.832179 0.169283 0.419605 13.592740 6.957972 1.986663 
0.126498 -0.670774 -0.276191 -0.356940 -8.426583 -12.010306 -6.086071 
0.081261 1.405544 0.734928 0.240909 14.725186 -7.465042 -3.312336 
0.167252 -0.129582 0.017949 0.183682 -2.251703 -0.140656 1.764235 
0.607244 -0.572323 1.940707 0.546400 -0.199923 9.535418 -0.014599 
0.266741 -0.613364 0.368573 0.261178 -10.224652 4.058552 16.699643 
0.157175 -0.117540 -0.545475 1.257884 -20.257030 -5.875417 11.676877 
0.366807 0.132405 -0.494909 -0.328381 9.144943 2.570112 -10.585943 
1.030213 -0.001873 0.082544 0.551667 -4.569000 3.013500 -13.789588 
0.140945 1.638395 0.978577 0.129980 10.259062 0.760942 9.748186 
0.288794 -0.300171 -0.022868 -0.484746 -10.125236 9.980960 -12.392157 
0.182724 -0.699327 0.874422 -0.043122 -7.018836 -9.915517 -9.951332 
0.115248 -1.198792 1.028712 0.180001 -7.731928 3.714556 6.811672 
1.012019 -0.239397 -0.176628 0.246778 6.475205 14.176143 -8.900036 
0.292049 -1.186584 -0.204921 0.222839 -3.831895 -15.248925 8.005732 
3.273691 -0.018520 0.084241 0.603364 5.863802 0.072106 1.276502 
0.507219 -0.631594 0.864828 0.674500 -15.388682 -5.779016 17.191262 
0.325723 -1.012195 0.345475 0.431264 0.676038 7.184420 -13.425717 
0.153073 0.757485 1.157323 -1.900881 11.699065 1.087504 -28.191977 
0.229855 0.399015 0.347302 0.361036 9.166432 2.060006 -7.219186 
0.196589 0.001882 -0.053085 -0.484250 6.146365 10.302809 -0.210435 
0.095001 0.008028 0.160200 -0.756990 -8.374246 2.013345 -13.101487 
0.458870 -0.998334 -0.662611 -0.150715 4.816205 6.003585 0.521312 
0.085890 -0.563409 1.758709 0.503153 2.898083 11.209968 17.907833 
0.170408 -0.207401 0.227906 -0.137569 -25.321522 13.576853 5.663002 
0.130084 0.116802 -0.344091 0.085327 -7.766211 11.512070 -7.764809 
1.384359 -0.317020 -0.009582 0.358203 8.836616 13.900364 13.216894 
0.642711 -0.316186 0.231381 -0.282534 -3.519205 14.487662 6.135221 
0.176254 -0.603152 -0.184034 0.145755 13.189782 7.654608 14.548774 
0.156623 -0.789910 -0.649550 0.278158 -17.663161 3.692578 5.161360 
0.874755 -0.379664 -0.194280 -0.051567 -13.218624 -4.649420 8.283269 
0.628183 -0.213447 0.092597 0.697735 -0.276423 -14.088713 7.182961 
0.127719 0.852224 -0.233894 0.439176 1.347944 -5.688958 21.804933 
0.209256 -0.297356 -0.121241 0.524588 -15.900127 8.582246 -5.614329 
0.393003 0.691552 0.301554 -0.059604 0.962518 2.260859 -4.175584 
0.395444 -1.228242 -1.334072 -0.401412 -3.212494 -6.862983 4.815910 
0.150757 0.184645 -0.669639 0.867764 16.121918 -6.143445 11.382924 
0.613619 0.799952 0.055576 -1.128031 11.835820 -6.553393 -14.626454 
0.371705 0.666735 0.103797 0.448744 -0.072686 19.177983 5.575025 
0.128172 -0.012683 0.582666 0.249895 -5.680809 14.668539 20.148872 
1.227367 -1.155266 1.088160 0.487249 -7.157075 18.703914 7.371247 
1.287495 -0.129265 -0.006130 -0.022216 -5.244926 3.446530 5.588751 
0.285623 -0.763064 -0.327959 -0.411620 -3.773291 -13.913587 -14.707345 
0.186793 -0.150511 0.687253 -0.548619 -4.129882 5.350847 -11.505931 
0.151928 0.500732 -0.022854 -0.127480 -17.342501 -8.737058 -5.373416 
0.107729 0.246746 -0.907629 -0.152254 1.865837 9.386680 -6.978369 
0.789450 0.007577 0.706854 0.465605 -2.937083 -13.882600 -6.238024 
0.417882 1.030191 0.228669 -0.560222 7.537358 -2.323917 12.123559 
0.415458 -0.078865 -2.318880 -0.572475 -5.608467 -17.923763 2.947662 
0.510419 0.239003 0.276759 0.393408 -14.577553 19.535038 5.518014 
0.130425 0.091578 -0.381929 0.675263 -14.891048 -2.648080 -0.542726 
0.312402 -0.247628 0.579608 -0.167247 17.804248 -8.829213 6.605806 
0.489643 0.122983 0.281299 -2.066319 -3.557411 6.181081 -13.911068 
0.449688 0.630455 0.162863 1.029358 11.952991 15.815808 -0.156933 
4.640213 -1.236979 -2.570131 -2.995516 -7.826696 -23.876951 -33.755957 
0.102329 -0.305197 -0.257348 0.782593 4.622790 14.194284 7.375433 
0.088752 -0.954121 0.031366 0.439314 -19.886405 15.198202 -0.091679 
0.124181 0.443426 -0.981156 0.553808 6.538294 -8.065998 -3.075997 
0.142677 0.118254 -0.316072 -0.354068 -21.417432 2.483930 -5.071672 
0.646196 -0.758724 0.862845 -0.491606 2.721283 -2.098926 -16.397751 
0.112694 -0.528694 -0.249996 0.359481 -4.606492 -19.119991 -8.412072 
0.176104 0.069087 -0.354124 0.861654 -12.936581 -6.459584 -7.181991 
0.106965 -0.456536 -0.145215 0.421541 -12.605203 -2.804722 16.841401 
0.330430 -0.794094 0.812894 0.118866 -3.162121 -4.472096 -0.157452 
1.059937 0.654864 -0.197235 -0.405530 5.560464 -2.196034 -9.611612 
0.446854 0.087030 0.664035 -0.509814 -1.354501 -5.017178 -5.945541 
0.249843 -0.285422 0.689524 0.592185 -14.080566 13.773125 3.505820 
0.126972 -0.329752 -0.135860 -0.522421 -2.244715 6.661089 5.821955 
0.148713 0.117803 0.090276 0.654159 13.542258 4.550510 6.855096 
0.153845 0.943552 0.759044 -0.208503 4.193523 4.961381 -3.967563 
1.523067 -0.161640 -0.183778 0.216501 -0.198885 -19.755966 1.755108 
1.665441 0.304083 -0.657163 -0.415158 0.460911 10.740567 -13.060369 
0.167356 0.414897 0.549431 0.386170 -5.374108 15.888714 11.920572 
1.433413 2.081414 -1.129584 -0.109722 11.582784 -15.962896 1.602891 
0.264805 -0.659540 -1.258543 0.117522 -12.395135 -3.875017 4.850567 
0.110793 -0.224189 0.473242 -0.217088 0.248341 16.076300 -16.086704 
0.180061 -0.338814 0.459717 0.030428 1.853995 -6.130463 12.284863 
0.195410 -0.155056 0.191293 -1.631682 -0.095940 1.416426 -2.544222 
0.091610 1.362027 0.568293 0.271484 3.780231 2.013153 15.210541 
0.100160 -0.377269 -0.315953 0.034059 -10.212159 10.983835 15.195696 
0.329612 -0.582843 0.012269 0.599113 1.655291 4.688266 -7.654755 
0.174903 -0.285141 -1.421424 -0.082560 -11.294935 -4.003273 -7.582679 
0.088879 -0.479108 0.210515 0.098728 -1.920643 8.554271 5.457144 
1.382242 -0.219413 -0.379807 -1.120624 11.195811 -11.030365 0.012482 
0.137418 -0.232618 0.004415 0.223727 -20.948635 -10.398682 -5.846353 
0.550522 -0.802216 -0.786291 0.115149 6.887957 -13.367900 10.823606 
0.977405 -0.551113 0.923537 -0.367297 -13.414971 -2.405293 3.155550 
1.078071 -0.358142 0.663324 0.030109 0.402904 -5.054135 -17.790953 
0.158053 0.371268 -1.316280 -0.052645 14.170533 -17.905653 1.391201 
0.173348 0.214910 -0.030450 -0.184941 9.494212 2.568595 -0.742216 
0.082934 0.640092 -0.179958 0.710062 9.106458 7.528287 -12.509506 
0.136636 -0.685511 -0.257012 0.834877 -8.575538 -4.736860 9.988931 
0.143734 0.362771 0.339415 -0.286764 -18.507344 -5.171754 -6.970746 
0.441192 -0.433945 0.347804 -0.249377 11.319931 9.700149 -3.074397 
0.419927 -0.034064 -0.485314 0.129902 15.981215 -8.606688 -12.160133 
0.233936 -0.410792 0.329668 0.692561 -22.615608 -8.102407 -3.959530 
0.472655 -0.518011 -0.464162 -0.444445 4.787619 -5.715062 -3.194203 
0.114863 -0.272197 0.276835 -0.729429 9.684223 0.021976 -13.011731 
0.090134 0.121528 0.519375 0.039658 -10.266606 3.550526 -3.231119 
0.541043 1.308419 -0.182914 -0.052424 16.979957 -3.100669 12.843668 
0.282572 -0.891873 -0.214382 0.412024 -13.112552 3.835364 11.535093 
0.115642 1.058101 -0.882459 0.058091 3.513093 -7.139189 -0.163747 
0.081355 -1.130265 0.235258 -1.067577 -20.136691 8.518209 -2.301220 
0.367829 -0.434381 -0.643735 0.410587 -3.548709 13.539173 3.580378 
0.139629 -0.261404 -0.797449 -0.032472 7.402552 -7.915488 4.183489 
1.352784 -0.134395 -0.096184 -0.051275 16.785409 -1.213285 -7.067812 
0.125255 0.098962 -0.101213 -0.500449 12.291570 -14.815041 -2.484665 
0.401327 -0.136172 -0.617016 1.818306 -1.264185 -2.756224 13.496408 
0.285734 -1.101019 -1.181407 -0.335462 2.981250 -14.254872 3.635109 
0.395651 0.963568 -0.510108 -0.188739 12.141162 -0.563149 2.697638 
0.293098 0.024646 -0.342035 0.655030 -18.145222 6.440606 1.924513 
0.087827 -0.219192 0.671881 0.454190 16.542888 -4.469958 6.742254 
0.145431 -0.854596 -0.128956 -0.197193 2.589979 12.241331 -18.306272 
0.180115 -1.156183 0.829973 -0.194171 -13.394280 4.106105 8.421943 
0.096200 0.021150 -0.402358 0.071529 5.521271 4.942819 5.986765 
0.666776 -0.992553 -0.563818 1.075951 -14.159329 -5.456930 10.586780 
0.204329 -0.084854 0.032072 0.402180 -9.098374 -13.823498 8.918954 
0.115895 0.020320 0.270656 0.122123 -1.186305 19.833497 -17.064052 
0.093908 -0.028924 -0.473185 -0.029116 5.927583 5.304143 19.102944 
1.218377 -0.772577 0.126768 0.585606 5.052969 18.865233 -0.630326 
1.577937 -0.200220 0.028919 0.229948 -19.108335 -11.426286 -12.811402 
0.624013 -0.139532 -0.245682 -0.050217 -11.065014 6.126932 -19.597512 
0.094581 0.601720 0.513819 0.385629 7.156942 -14.881449 -1.278744 
0.082735 -0.031674 0.353523 -0.386178 4.617240 12.491478 17.502610 
0.117562 0.283255 -0.823896 -0.436654 -9.299297 6.203259 -13.267888 
0.104059 0.111625 -0.470732 -0.231610 -0.790894 10.675204 -13.344536 
1.175398 -0.257698 -0.198691 1.212618 -16.171405 -11.792447 8.827031 
0.164169 1.063452 1.887354 -0.570513 8.133929 6.389785 -11.252419 
0.291452 -0.518371 -0.032046 -0.318072 2.763878 -11.882050 -8.020984 
0.206673 -0.618422 -0.686385 0.046383 -9.884986 -9.208986 -4.474471 
1.289324 0.738456 1.396855 0.873163 15.253948 20.116230 -3.818969 
0.086315 -0.626614 0.063683 -0.457260 -10.665653 5.161951 5.307571 
0.235153 -0.062588 -0.399017 0.315916 -2.567370 -16.915623 -7.462756 
0.115719 0.929932 -0.889388 -1.658165 14.817963 -13.085979 -12.626881 
0.363410 0.171247 -0.111189 0.146933 11.824159 15.039998 12.445364 
1.751386 1.239822 0.020694 -0.155920 4.386005 -5.988108 9.688425 
0.207984 0.032837 -0.044587 0.033837 18.910873 14.077860 -28.319254 
0.102911 0.570790 -1.181097 -0.105400 9.153459 -3.110270 11.494921 
0.178659 -0.146068 0.865725 0.381236 9.067518 -9.676290 3.528503 
1.266026 0.072261 0.394337 -0.445343 8.014820 -13.715091 6.226818 
0.304509 0.181270 -0.264011 0.185057 -18.130497 -14.859349 -12.746527 
0.111776 -0.445996 0.395600 0.049814 -9.811669 8.854076 -8.841795 
0.518423 -1.253042 -0.220858 1.358478 -9.854620 -13.843983 19.377669 
0.412206 -0.250032 -0.205847 0.621148 -23.163034 12.373159 4.443465 
0.151101 0.185996 0.312435 -0.288579 10.015950 10.627305 15.899155 
0.220913 0.078662 0.744954 0.102195 5.261137 -10.398358 5.505680 
1.412488 -0.056467 -0.407443 -0.256871 -5.325469 -5.699176 -2.119063 
13.278585 -0.648396 0.411280 0.440493 -9.910232 -11.243716 1.384377 
1.463321 -0.758466 0.445911 0.170299 -0.086321 21.899741 10.890955 
0.120159 0.659858 -0.135426 0.695794 11.950508 13.858316 0.387277 
0.365350 0.062725 0.160655 0.377305 10.234354 -15.906388 -1.021830 
0.105973 -0.390729 -0.188564 0.115952 5.071700 8.822188 22.853674 
0.295892 -0.375536 -0.116786 0.326983 14.811931 13.783781 15.261820 
0.206326 -0.270638 0.247399 0.097312 12.887514 7.066330 9.526073 
0.093712 -1.278303 0.555783 -0.104733 4.031289 4.342334 1.574591 
0.095148 0.237628 0.251235 0.468542 -5.821018 16.959701 -3.959237 
0.206538 -0.547855 -1.173863 0.370382 -19.138609 -6.648979 4.914402 
0.086877 0.087246 0.162328 0.231536 -16.239090 -11.781268 -19.030829 
0.089099 -0.226110 -0.624272 0.904409 -5.752056 -10.856744 -4.225138 
0.510706 -0.905840 0.513384 0.298607 -1.915976 9.487837 17.003466 
0.209703 1.745126 -0.956909 -0.678905 14.514642 -1.847711 -3.293922 
0.558090 -0.421482 0.507323 0.153699 -2.777721 -19.530740 7.954044 
0.094925 0.072486 -0.174650 -0.377288 1.541271 8.181993 -12.051856 
0.169485 0.061887 -0.169334 -0.763172 2.167020 -11.201675 5.581041 
1.190304 -1.297653 -1.151774 0.410222 -4.894697 -12.172161 3.434977 
0.229716 -0.461920 -0.764535 -0.115497 -7.169548 -8.420512 -0.729118 
0.590880 -0.754429 0.017957 0.054126 -12.264170 11.949004 -10.551242 
0.480535 0.026276 0.214348 0.051749 -18.185986 3.151973 7.184833 
0.234429 -0.517398 -0.086671 -0.277383 -18.483958 -5.452612 7.083733 
0.582021 -1.140188 0.601559 -0.640661 -8.628018 7.990151 -15.920765 
0.189197 0.450250 -0.577025 -0.529346 -3.142505 3.766307 5.753486 
0.259575 -0.205660 0.296445 -0.937276 16.064708 0.124071 -3.805096 
0.447006 -0.685893 0.475338 -0.115593 -9.817968 13.274738 -8.203323 
0.147887 -0.043435 0.283529 0.330506 16.039787 -17.187958 -1.181506 
0.231699 -0.051709 -0.094142 0.019648 10.763188 -19.035785 5.412964 
0.453708 0.283047 -0.445810 0.284100 1.416694 1.341146 9.207580 
0.920339 -0.636717 1.085257 -1.059675 6.062664 8.094063 -7.128161 
0.955703 -0.221232 0.450768 0.332328 -1.078631 3.775711 19.218246 
0.084577 0.072379 0.173571 -0.570928 -5.402878 -11.973942 -3.096698 
0.160624 -0.143610 0.617016 0.526352 4.477947 8.505663 12.546638 
1.172148 1.788000 0.187982 -1.636481 20.691909 -2.932424 -32.470581 
0.760534 0.045846 2.126008 0.318411 8.024262 15.291495 15.511428 
0.114553 -0.147219 -0.745166 0.351583 16.872472 -3.435118 7.340999 
0.117572 1.064006 -1.261346 -0.105273 9.235241 -21.832300 -4.687544 
0.762149 1.729863 2.740482 -1.855100 22.689831 31.645066 -8.912924 
0.232792 0.331386 -0.367305 -0.267345 -6.057705 18.389859 0.094454 
0.215009 -0.099289 0.109409 0.022729 -1.803256 -17.046519 7.490327 
2.204810 -0.158719 0.619339 0.036325 0.471565 15.438636 -3.080126 
0.129032 -0.712436 -1.062431 3.070059 3.076836 -17.575484 35.562937 
0.374042 0.699383 0.307244 -0.234586 -10.397352 -6.095455 4.561600 
0.205433 -0.402360 0.486974 1.262169 -13.805590 15.996355 -1.026210 
0.160079 -0.144235 -0.254448 0.350135 -17.199690 17.955788 2.697203 
0.136090 -1.086751 0.400741 0.104215 -2.727623 -9.484434 15.380545 
0.119841 0.341581 0.729603 0.545759 -3.031515 6.861940 17.103172 
0.201503 -0.934598 -0.448338 1.687067 -0.946757 -10.153942 7.789383 
0.611073 -0.140164 -0.307896 0.104131 -19.874494 -5.451750 -13.993192 
0.115016 0.953832 -0.546703 -1.665916 7.431330 -13.600175 -8.860875 
0.399244 0.846550 -0.921889 0.286752 10.128209 -7.311908 8.372553 
0.131342 -0.595312 -0.111377 -1.080146 0.558370 10.667068 -0.291140 
0.174201 0.035608 -0.613957 1.185872 -0.782366 11.491530 17.131872 
0.089275 0.386574 0.003178 0.030241 11.194464 -4.985894 7.715165 
0.438872 0.281608 -0.197309 0.360424 12.083882 11.713440 -9.425383 
0.085636 0.455391 -0.303072 -0.166930 -1.078309 -11.468581 -10.411136 
0.582912 -0.168412 0.153410 -0.010839 -10.734596 5.232380 -8.759611 
0.240412 -1.546936 -0.105376 0.705212 -7.686027 -0.465319 19.193211 
0.226021 0.440615 0.224702 0.841871 -12.624640 2.846436 13.468190 
0.107205 -0.272239 0.115777 -0.124359 -7.197040 -14.869177 8.041161 
1.102835 0.163579 0.100477 0.821146 6.893206 4.943789 14.238813 
0.266126 -0.742944 0.785385 -0.421787 -16.492901 0.916828 -9.813501 
0.409423 -0.229624 1.414279 -0.704198 -10.452443 3.605410 -2.431619 
0.089384 0.393799 -0.091218 -0.499987 10.615447 -15.562858 -0.906468 
0.113871 0.047964 -0.393603 -0.248313 9.951461 6.611490 5.057164 
0.746267 -0.026252 1.678163 -0.279925 -3.735818 2.189225 -7.238306 
0.219386 -0.284705 -1.169415 -0.528005 12.462628 -13.242997 -2.894522 
0.439077 -0.242236 0.164287 -0.701421 -18.544943 2.173030 -5.212570 
1.444015 0.390547 -0.246021 -0.063611 -11.611097 7.302534 -3.165060 
0.102731 0.552894 -0.760814 0.557909 5.338728 9.750773 -2.196075 
0.202560 -0.810369 -2.060309 -2.432285 -3.137316 -37.095792 -60.922920 
0.091773 -0.165835 0.364008 -0.092423 4.451602 -11.310113 -5.796530 
0.159646 -0.805318 0.495672 -0.767425 -1.751480 -9.066260 1.842819 
0.210510 -0.549472 0.363451 0.198274 -20.315979 -16.282345 1.038380 
0.129464 -0.041350 0.517117 -0.206389 3.051437 -2.820002 5.702549 
0.235395 -0.555675 -0.121494 0.432455 -0.232608 10.322067 -5.796696 
0.392760 0.064319 -0.121744 -0.450773 -15.775186 -13.359607 2.918732 
0.340464 0.065965 0.594074 -0.928094 4.581970 11.011522 7.025080 
0.558675 0.656488 0.023142 0.019861 11.711371 12.610985 -10.773014 
0.269181 -0.436544 -0.161303 0.704819 -8.057483 4.934790 8.999904 
0.080832 0.282605 0.784388 0.871404 0.566420 3.155640 17.290070 
0.161454 -0.388072 -0.287498 -0.258819 -19.217219 2.289478 -6.401473 
3.272843 -0.231945 0.242959 -0.183693 -6.114509 8.868673 1.990820 
0.126733 0.445648 -0.609775 -0.217106 -14.820895 -12.724880 0.299530 
0.147442 -0.578433 -2.119250 -0.527230 -2.930078 -23.488964 0.338279 
0.234874 -0.412220 0.619509 -0.108378 -7.677135 2.527948 18.401728 
0.088322 0.130523 0.424453 -1.159099 -11.967844 3.849772 -8.046687 
0.124823 -0.050887 -0.046628 -0.449400 -12.072007 6.568371 15.987920 
0.134972 0.969014 0.826182 0.468923 6.315281 4.590193 -2.688167 
0.114632 -0.136989 0.274086 0.336507 -2.316719 21.997348 -11.765402 
0.145861 -0.125130 -0.268406 0.220113 12.596954 9.755467 -13.793975 
0.263366 -0.184535 0.251817 -0.005880 4.523015 11.554993 22.963828 
0.973808 -0.238647 0.357541 0.027563 -14.795730 20.407677 0.295036 
1.966409 -0.169178 0.368071 -0.123768 -15.089664 9.970332 0.053527 
0.137245 0.125726 -0.052751 -0.520517 12.498733 -0.915993 11.128058 
0.175886 -0.348282 -0.154557 0.172580 1.508259 -8.518129 15.851921 
0.427154 -0.430509 -0.381251 0.644091 6.439506 -13.746102 -2.971265 
0.305641 -0.449390 -0.244841 -0.459402 4.512449 -17.487679 1.334581 
0.126873 0.090145 -0.172061 0.200877 -4.523414 9.244642 6.144662 
0.202129 1.341003 -0.424937 1.191534 4.726939 0.880382 17.877755 
0.103947 0.471678 0.918722 0.029906 -13.332871 8.655542 6.332684 
0.160192 0.738862 -0.748426 0.527232 13.816873 7.184878 4.814362 
0.087931 -0.600890 -0.124019 0.209963 0.972101 0.365514 22.031653 
0.201166 -0.675168 -0.369776 0.575859 -4.387994 -12.916244 9.314448 
0.129271 -0.545191 -0.295370 0.270353 -16.868584 11.381285 -13.638350 
0.244547 -0.356590 0.007808 0.587828 5.947734 -2.284496 15.965136 
