0.202999 -0.187835 -0.060204 0.333168 1.475404 21.093902 -12.014299 
0.583882 -0.620594 0.724026 -0.296435 9.843290 21.912654 7.300592 
0.585149 -0.172362 0.124376 0.860680 9.574936 -1.745862 -10.100574 
0.085689 0.033525 -0.678167 0.251739 -15.116878 -1.654376 21.807172 
0.090936 -0.144985 -0.082027 0.080800 1.343814 10.968145 -24.305725 
0.457888 -0.501389 0.920345 0.812613 -14.590444 -3.456756 5.203067 
0.179449 -0.536803 -1.153812 -0.531793 -5.125879 -8.840777 -6.947711 
0.103175 0.836493 -0.615241 -0.721499 4.668380 -16.416920 0.339006 
0.199182 2.018047 -0.360393 0.386084 17.359347 -9.774845 4.011172 
0.109107 0.640003 -1.565561 0.402659 1.535438 -9.972694 8.111934 
0.232498 0.439886 -0.408865 0.543451 -5.036296 -7.443647 -10.134579 
0.683878 0.088773 0.852346 -0.893527 -11.894019 -0.942059 -14.538946 
1.809017 -0.132560 0.173046 0.080744 5.344870 1.699791 -9.199844 
0.133767 0.741631 0.890458 -0.632956 22.107779 8.225039 1.731281 
0.207935 -0.948816 0.326787 -1.159759 -8.210417 15.741299 -6.223390 
5.586845 -0.458010 -0.236333 0.271785 13.386307 3.935309 -8.366532 
0.099031 -0.272643 -0.639883 0.149958 4.430589 4.395644 19.188006 
0.095457 0.007086 0.059865 0.129762 -13.525069 -12.995163 15.250180 
0.166412 0.315594 0.854399 -0.371619 3.855344 -1.278101 -19.283618 
0.401973 -0.554311 -0.550199 -0.512712 3.933929 -23.427984 4.866489 
0.149690 0.440179 0.306340 0.140656 -1.562225 11.346309 18.047204 
0.135040 -0.641268 -0.100972 -0.077610 8.462882 15.280954 -3.591393 
0.230700 0.889696 0.042167 -0.925806 2.657945 11.113355 -6.304553 
0.296048 0.290067 -0.898119 -0.198367 -4.274179 1.289843 10.863877 
0.089040 -0.121578 -0.305517 0.482565 11.630751 -9.845530 7.311055 
0.218861 0.625052 -0.784125 -0.487615 15.082161 -5.245988 -3.929385 
0.780326 0.716778 -0.068554 -0.646686 6.928929 -13.298508 -11.517018 
0.110177 0.925720 1.091996 -0.392133 6.961093 11.923663 9.872553 
0.308745 0.771376 -0.290608 -0.493411 16.834073 -23.362407 -10.413688 
0.930095 -0.016569 0.081573 -0.118403 11.008320 2.222845 -15.854908 
0.154448 -0.136799 0.164196 -0.162268 17.380274 19.764896 -5.497008 
0.449860 0.054119 1.282203 -0.004312 -5.842172 3.933305 10.709863 
0.194281 -0.848053 -0.294001 0.500519 6.901239 -5.045037 -1.380144 
0.121470 0.182776 0.504324 0.560170 -13.368887 2.758624 23.684998 
0.388680 0.067328 -0.121275 -0.807786 2.501834 14.013425 -2.459444 
0.552874 0.526986 -1.253411 -0.060352 -3.876911 -17.298498 12.341289 
0.107074 -0.166690 0.603985 0.329461 8.976240 -3.457567 24.946773 
0.218546 1.085689 1.299766 0.302065 3.968875 11.710969 -0.534444 
0.118025 -0.077185 0.375517 -0.414471 -15.784817 -15.612376 -2.580941 
0.176826 0.080287 -0.370607 0.665672 -10.843110 -2.310625 12.779212 
0.123628 0.226991 -0.619421 -1.017887 -4.092965 2.952192 -3.021446 
0.103987 0.283739 -0.716157 1.471716 17.361868 3.197893 22.146329 
1.612405 -0.016926 0.018257 0.599360 -6.663106 -5.957768 3.615539 
3.952128 -0.393610 1.592091 -0.072243 -0.540668 8.673867 8.425393 
0.090817 -0.176264 0.061526 0.050960 16.593317 -7.697191 -5.473336 
0.094271 -0.336303 0.726913 -0.167566 -0.777094 -10.015301 -11.060422 
0.105198 0.160917 -0.344957 -1.161901 -14.349984 -3.311142 -11.508217 
0.122132 -0.252792 0.021873 0.169410 -12.761258 -6.118753 -2.038240 
0.167817 0.266779 -0.707403 -0.555427 -11.059616 -11.347685 8.299465 
0.138488 -0.572077 -1.534429 -0.624379 -0.888326 -18.808315 4.652253 
0.701272 0.349305 0.194369 -1.064071 29.601963 3.586258 -8.290614 
0.367183 -0.046501 0.485922 1.078510 1.944628 -8.032464 15.609399 
0.116639 0.496358 -0.456052 -0.116457 1.197054 -6.809875 -5.480618 
0.156405 -0.422742 0.249649 -0.451528 -12.909636 6.638994 -19.644533 
0.118162 0.354329 -0.294791 0.070135 -4.826629 13.709806 13.950008 
0.151293 0.140806 -0.132393 0.086029 -0.410781 -7.943013 -28.838569 
1.456612 -0.354836 0.077381 -0.061424 -8.947700 3.372524 23.033202 
0.095248 -0.293475 0.506196 0.370200 -1.130437 -0.525248 -12.632759 
0.298886 0.111965 -0.005244 -0.282800 -8.649577 4.978640 21.037069 
0.512636 -0.136492 0.682356 -0.368849 -0.190137 -0.665300 16.757928 
0.121466 0.581369 -1.210945 -1.714666 13.584590 -13.936956 -14.289793 
0.863813 -0.732073 -0.317408 -0.117155 -0.250865 -5.154100 -13.063977 
0.283593 -0.586311 -0.303953 -0.714824 -7.126844 -1.028430 8.352013 
0.114183 -0.016068 0.611900 -0.238682 -12.341940 22.245508 -1.488868 
0.387857 0.078266 -0.001757 0.716774 -5.965473 -15.445812 -3.497890 
0.102340 -0.180113 0.031762 0.920565 -8.888569 -17.649775 20.291666 
1.423034 0.391744 1.329418 0.092844 14.662273 3.328112 -3.364790 
0.118440 0.061976 0.010177 1.047758 8.878072 -8.896382 0.141239 
0.087317 -0.173548 -0.001450 -0.053503 -14.508752 2.794877 25.368034 
0.115648 0.027709 -0.442180 0.430386 -0.137859 -1.695311 22.240893 
0.335498 -0.102344 -0.675163 0.796349 9.587519 -18.764927 -5.447834 
0.109210 0.073956 0.532577 -0.753151 -8.847885 -3.835976 -7.768088 
5.398343 0.309033 0.338073 0.296909 -11.387962 3.499004 2.338252 
0.438696 -0.554680 -0.011736 0.363925 -10.866927 -16.288466 -12.407809 
0.102783 0.289964 0.177775 -0.145322 5.801861 -18.537315 13.569105 
0.317653 0.873841 0.767852 -1.169988 -0.709613 21.780249 -12.639346 
0.117399 -0.064756 0.143858 -0.018028 -15.371873 21.558411 4.520257 
0.135796 1.530966 0.208369 0.234996 18.399109 -12.639577 5.497718 
0.139152 -0.001152 0.533715 0.082763 4.511937 11.338029 -7.210210 
0.081844 0.451543 -0.369787 0.642658 -4.389618 3.430044 -3.917950 
0.210768 0.261401 0.102575 -0.983779 -9.117275 -5.808205 1.163670 
0.087151 -0.398588 0.124877 1.249297 9.411493 -4.002731 26.793699 
0.247564 0.152837 -0.417312 0.456081 -9.762986 -27.259275 -6.763434 
0.118055 0.602471 -0.887616 -0.886559 -6.402261 0.440588 -8.704163 
0.133708 0.142000 -1.381248 -0.041557 16.862995 -27.903835 4.139226 
0.137951 -0.438877 -0.248759 0.255286 -13.408769 16.914623 -9.547588 
0.295736 3.047838 1.846345 -0.473389 67.467930 34.378166 -10.491297 
0.093592 -0.356764 0.237251 0.242183 3.923187 7.894560 -12.105182 
0.180968 0.233732 0.822074 -0.593196 -2.640034 -0.234786 7.796035 
1.058781 0.264847 -0.387061 -0.484668 5.633039 12.309534 3.056846 
0.086350 0.043605 0.014527 0.394161 5.358996 0.128033 12.265242 
0.263354 0.412268 -0.729035 -0.119140 -10.193170 6.247873 1.883200 
0.556778 0.094955 0.199843 -0.778793 4.248463 -12.059398 7.381401 
0.139284 0.445289 -0.013405 -0.608993 -7.628255 6.813206 6.885979 
0.478468 0.473520 0.318062 -0.486087 -6.802385 -0.581610 -6.477838 
0.165293 0.053558 -0.376359 0.156314 -2.611872 15.219196 -5.119810 
0.493788 -0.207091 0.090412 -0.261118 12.088869 -3.123216 -22.273880 
0.252788 0.648168 0.073291 -0.661917 4.857636 6.110968 11.680810 
1.145613 0.600395 -0.300488 0.514676 -0.083440 -18.933809 11.371191 
0.388183 -0.303341 0.238016 0.814452 0.803668 15.510478 19.676117 
0.094407 0.147525 -0.617917 -0.180991 -9.789792 11.270802 4.102782 
0.126740 -0.093153 1.023395 -0.051357 -2.599643 10.562559 2.349413 
0.323270 0.003863 -0.008078 0.264865 -6.661216 -15.996846 -17.289882 
0.198042 -0.138640 1.462308 -0.184601 -16.388784 18.740911 0.664029 
1.167561 -0.535900 -0.460536 0.515720 15.183238 2.716313 -2.918558 
2.697368 -0.425565 0.173734 -0.336218 12.924520 2.079196 10.767239 
0.376011 -0.102481 -0.384420 -0.047142 -25.962962 -4.067156 -8.735427 
0.588263 0.231301 -0.222112 0.681076 -5.231494 -0.949594 -15.864299 
0.138650 0.295813 0.055770 -0.753574 7.242770 16.324150 6.255244 
0.373816 -0.048657 -0.619558 1.032965 0.994329 7.672383 0.786355 
0.401930 -0.138198 0.732690 -0.874265 -3.417284 4.018636 -9.582169 
0.263064 0.090855 0.332412 -0.155130 16.834835 5.778540 0.950966 
0.459762 -0.771587 -0.584141 -0.049306 -10.974307 7.641533 16.753399 
0.328088 0.294729 0.652449 0.419028 -6.028408 8.772347 0.206496 
0.860282 0.070812 1.247668 0.961025 -8.684057 14.574367 21.771488 
0.273055 0.363744 0.023972 0.014069 -0.105728 -18.459900 8.632850 
0.396253 -0.729706 -0.800854 0.009285 -12.827057 4.370859 -4.129180 
0.246288 0.085140 -0.010887 -0.208945 -2.167218 15.646483 -13.434940 
0.730294 0.080449 0.166685 0.153370 -20.903462 5.260554 13.211394 
0.278430 0.244857 0.641369 -0.051679 -6.826652 10.424759 7.586799 
0.151503 0.266881 -0.702645 -0.487617 -2.008252 -5.389193 -22.019078 
0.100432 0.401047 -0.379790 -0.381102 13.779834 12.131662 -0.456084 
0.082624 -0.098369 -0.871358 0.542680 -16.090577 5.880625 0.524193 
0.114711 0.943389 0.151570 -1.182751 7.403695 -13.035102 -8.304545 
0.192666 0.577528 -0.240967 -0.457108 -13.074010 0.296792 -19.524922 
0.287114 0.370819 -0.628134 0.935198 11.716210 -16.120399 -4.979545 
0.585359 0.589660 0.692495 0.222714 0.657410 -2.280418 17.021138 
1.376095 -0.208210 -0.171620 0.050399 2.732734 -19.686585 0.501385 
0.431641 0.689010 -1.007055 -0.244233 5.586973 3.855064 -9.759923 
0.136683 -0.235200 0.714577 0.105606 -12.025350 2.540691 6.277187 
0.323241 0.655040 -0.102697 0.512463 3.172359 -8.233660 -9.941866 
0.391024 -0.353639 -0.191820 0.497311 -20.659984 6.311403 -8.066381 
0.112116 -0.174156 0.334834 0.521811 4.910857 19.369168 -8.773547 
0.116547 -0.201671 0.706868 -0.519532 8.340513 8.989906 -0.812444 
0.952396 0.667336 0.061477 0.053307 -7.218677 -13.874471 -5.661499 
0.374161 -0.675418 0.297863 -0.165283 -1.070487 -17.585723 -7.374642 
0.178419 0.515026 -0.056967 0.003990 -5.764909 0.175654 9.429038 
0.192961 0.401905 0.902488 -0.643619 -4.683926 -1.086696 -18.229028 
0.763069 -0.250135 0.377853 0.027445 -0.624448 9.009187 23.424517 
0.181019 0.606377 0.407356 0.081171 -12.633317 2.770473 12.277605 
0.393969 0.776207 0.760082 -0.391685 16.854156 26.997388 8.724709 
0.408300 0.373198 -0.018637 0.190894 12.617366 0.502165 -0.520100 
0.506972 0.595618 0.342427 -0.085274 0.911799 -13.060073 -17.151791 
0.168852 0.496939 -0.816560 -0.359485 3.833302 -3.140122 14.098664 
0.196085 -0.569925 0.422274 0.022110 6.537279 -6.106339 -4.419420 
0.836938 1.039339 -0.732107 0.146699 4.948173 -1.669461 -9.060646 
0.701221 0.325375 0.454037 -0.078211 0.115626 -14.704383 3.575079 
0.263429 -0.010577 0.419770 -0.066238 5.807776 11.623494 -0.575808 
0.151360 0.894859 -0.295437 1.200654 -5.291093 -10.249594 15.252719 
0.449375 -0.227939 0.707110 0.187026 9.882290 -0.862683 -2.128252 
0.108928 0.713186 0.703258 0.637097 13.513747 -10.869693 11.857572 
0.090465 -0.852139 -0.236582 0.646116 8.724174 0.411809 2.946246 
0.531060 0.439808 0.509467 1.514905 -7.775065 13.776112 14.634488 
0.272013 0.170979 0.671884 0.674156 -17.554184 4.701483 12.112537 
0.127889 0.647189 0.065244 0.223050 2.113255 -4.315688 -6.770866 
1.070260 -0.168408 -0.343854 -0.126584 -2.251787 -10.620344 -5.825421 
0.111702 -0.113245 -0.193802 -0.747393 -15.874111 8.942035 6.806655 
0.275275 0.369333 -0.512239 0.151761 19.366541 -5.295211 7.847786 
0.433814 0.536502 0.145579 -0.198886 -14.647305 -12.330905 -5.053786 
0.121123 0.107526 -0.604145 -0.151264 -9.379235 0.487790 -23.581643 
0.604561 -0.663005 0.689266 -0.466869 -8.168704 10.394802 12.378899 
0.672200 0.718384 -0.120004 0.254611 5.640465 7.751703 21.973223 
0.485099 0.411072 1.483852 0.126761 3.513362 14.068794 10.441642 
0.088968 -1.555992 -0.060996 -0.072343 -10.949749 9.664933 -1.125798 
0.372330 0.199787 0.604939 0.207955 -12.041233 -3.575976 -12.120760 
0.427499 -0.454035 -0.137848 1.253934 11.326988 -11.868141 14.521665 
0.148166 0.669229 -0.395486 -0.473305 -0.065842 -16.825255 -5.766120 
0.205405 -0.189083 -0.674160 -0.750878 0.940900 -15.333657 -5.241540 
0.273438 -0.078755 -0.652254 0.204593 19.071583 4.890653 -1.941591 
0.257004 0.498326 -0.430890 -0.896973 7.647748 14.134155 -19.323383 
0.083821 -0.189075 0.763017 0.585680 -2.544105 7.538911 23.076051 
0.673429 -0.393353 -0.222947 1.238071 1.342008 -3.959328 10.250206 
0.093338 -0.081582 -1.199700 0.900518 4.190492 -2.453860 5.767812 
0.097693 0.008668 -0.103840 -0.246299 -1.020295 1.355584 21.182699 
0.081727 -0.254188 -0.333365 -0.124088 3.652708 -1.255285 13.821849 
0.417045 0.201568 -0.069454 -0.118278 14.723214 0.792678 -10.451226 
0.387177 -0.775877 0.162765 0.351844 -2.268529 -6.148480 -5.725383 
0.350927 -0.340234 -0.660691 0.543575 -10.641137 -0.424609 3.951468 
0.081891 0.417026 0.005663 -0.838733 -11.607912 -3.124661 -9.894285 
0.111530 -0.355975 0.361689 0.424435 -11.172460 5.319823 30.146025 
0.729211 -0.368718 -0.188266 -0.004837 3.193797 2.553947 -12.718807 
0.081209 0.793146 0.268228 0.197962 -5.291146 -5.002752 4.822699 
1.066327 0.015371 -0.012740 -0.625157 10.414815 9.351472 6.544493 
0.844840 -0.223290 0.085395 0.311672 -20.765226 -5.943209 4.701426 
0.286414 0.355810 -0.375167 0.819991 0.082164 0.545626 -4.012410 
0.108220 -0.016187 0.616336 0.395773 14.738571 -7.764886 0.639061 
0.106446 0.091718 -0.411478 0.193868 24.427036 -5.029061 -4.924376 
1.618982 0.201513 1.464546 0.251995 -11.610052 21.365669 -7.293850 
0.126190 -0.398014 0.173841 0.007079 -16.124173 -6.269792 -17.168915 
0.666898 0.268663 -0.068013 0.353143 4.060591 -2.165152 7.195218 
0.355266 0.423932 0.060733 -0.606972 -4.059997 0.316679 8.633334 
0.365762 -0.909456 -2.437728 0.169631 -20.036577 -34.066939 -4.760568 
0.430606 0.613607 0.542660 0.151310 1.673109 11.113898 3.127858 
0.100431 -0.480089 -0.793958 0.731150 16.802666 -6.474064 7.521186 
0.189647 0.234086 -0.187669 0.295783 -19.640646 -1.825453 5.786521 
0.132254 -0.317917 0.387366 0.037564 -17.082305 -10.186552 14.717348 
0.500139 -0.112466 -0.486321 -0.832938 -16.516010 -3.931125 -16.699016 
0.175237 0.418364 0.439966 -0.168381 -6.946932 18.708413 -15.387796 
0.123696 0.151818 0.677202 -0.180182 -0.887980 4.414278 8.609684 
0.195281 -0.261747 -0.704207 -0.051084 -5.903079 -6.434191 -21.670804 
0.599939 -0.255952 -0.461271 0.649773 -32.033471 -4.043913 1.293159 
0.192741 0.191199 -0.012245 -0.135962 -2.075324 -16.921115 9.435542 
0.200778 0.831447 0.834644 0.163219 9.829040 -7.306468 0.141778 
0.177472 0.100960 -1.032337 0.144477 -3.670500 -8.775003 -18.073983 
0.127855 0.141040 -0.605127 0.592705 5.423743 -19.429350 -2.148011 
0.220526 0.012554 0.082204 -0.005602 0.232246 -17.379829 19.427572 
0.627642 -0.177227 -0.014768 0.248809 10.663000 -14.417406 10.611549 
0.637465 0.356443 -0.426396 -0.124380 -14.285114 6.299532 2.206885 
0.169117 -0.245008 -0.863908 -1.052617 4.559310 -4.339205 -1.167932 
0.114784 -0.448521 0.135445 0.443681 -9.017850 -20.196298 -1.187986 
0.135557 -0.201707 -0.142842 0.221338 7.315286 17.880838 6.015957 
0.579415 -0.830268 -0.199923 -0.493653 -8.394548 -1.265791 14.614077 
0.624848 0.636321 0.602479 -0.261900 24.861266 17.638938 -0.934322 
0.385484 -0.634237 0.870056 -0.008617 -15.608977 4.292925 14.861952 
3.082417 -0.205915 -0.218405 0.381387 -16.157025 2.256934 2.436926 
0.310489 -0.237933 -0.327112 -0.224562 2.097408 -14.215292 21.552551 
0.457154 -0.256347 -0.019234 0.480860 10.987542 6.687474 -0.937536 
0.279294 -0.373851 0.420460 0.910682 -7.036414 -0.588365 -2.313241 
0.089763 0.089524 -0.107844 0.457643 7.662898 -13.480539 -15.656458 
1.249225 -0.089361 0.294581 -0.176176 -19.782758 19.738746 3.345030 
0.163561 0.379521 -0.320816 0.275297 15.060829 -15.043625 -3.784498 
1.702665 -0.462994 0.316663 0.406055 -5.985972 9.543547 21.647818 
0.087567 -0.253490 0.775419 -0.148900 13.634794 21.252642 -0.153327 
0.192231 -0.177259 0.240039 0.085991 14.063140 13.626834 2.376811 
0.122081 0.769169 0.194231 0.157558 -0.443314 -9.481907 -14.640779 
0.088452 0.104293 -0.819053 0.109412 0.829116 -1.250199 11.654075 
0.470758 -0.714401 -1.549898 -0.023288 -5.636726 -13.029995 7.397560 
0.196106 -0.004328 -0.171967 -0.157736 5.426653 3.391428 -0.520281 
0.163499 0.488282 -1.195352 -1.174301 16.071988 -20.805144 -0.870834 
0.080867 0.296879 0.431756 -1.506072 23.269915 17.993487 -16.330029 
0.223604 0.384893 0.206319 -0.042960 -15.991730 0.505103 18.374607 
0.155926 -0.493009 0.705458 0.495847 -18.107010 1.996834 12.159342 
0.238387 0.389477 0.525161 0.396081 0.419176 10.502116 -17.128229 
0.106154 0.062548 0.118631 0.324274 11.010749 -4.863515 -12.884196 
0.169911 -0.647098 0.686261 -0.306903 6.477192 -5.681561 -11.610054 
0.113329 0.497763 0.398883 -0.532077 14.576302 10.796374 12.592734 
0.192419 1.000991 -0.449227 0.018201 10.372822 -25.163905 -9.186793 
0.594225 -0.575393 -0.281629 -0.790452 4.084677 2.279757 1.158307 
0.085164 0.418113 0.162580 -0.213675 -14.047887 -2.369876 -17.244623 
0.117057 0.093426 -0.523708 -0.258721 -4.956220 15.408091 -3.583944 
0.205043 -0.048337 -0.545257 0.370404 7.623899 13.752843 -4.211760 
0.234649 -0.637469 -0.287747 0.350257 12.998714 -15.121032 5.656591 
0.487672 -0.139930 0.053939 -0.087383 6.078566 23.952974 18.640353 
0.223182 0.541192 0.315332 0.177129 1.256372 -13.515611 -6.661548 
2.476904 -0.579813 -0.866716 0.308418 -4.144327 -3.156310 -16.449274 
0.441734 0.232694 -0.204408 0.076499 17.378425 4.085321 1.273339 
0.230397 0.631652 0.068943 0.347331 0.801977 -8.298999 3.859540 
0.689100 1.090735 1.110965 -1.301461 23.486892 8.891308 -11.903383 
0.815528 -0.948433 0.651969 -0.118038 -24.968043 1.769986 10.452474 
0.161492 -0.489200 0.257587 0.359737 5.800686 14.995412 -5.622554 
0.542296 1.710996 -0.241489 -0.500580 14.171967 -8.511847 -1.536958 
0.146522 0.568812 0.602592 0.265787 -8.308356 -2.123130 13.497514 
0.256037 -1.001787 0.480371 -0.335647 -12.050755 -9.699513 -10.830138 
0.887681 -0.773495 -0.733095 1.027388 -3.082348 6.543178 10.068041 
0.101372 -0.095742 -0.025697 0.489691 8.425024 14.374781 5.054025 
0.141931 0.637911 0.001569 0.251970 2.702455 13.317372 2.329164 
0.178446 -0.921383 0.328660 0.270973 -11.492163 9.674185 8.105253 
0.083374 0.256352 -0.229232 -1.104848 4.262602 -3.101527 3.667639 
0.376685 -0.364145 -0.376395 1.225156 1.766523 0.725324 7.250827 
0.585808 0.335953 -0.903864 0.023880 -10.918007 -14.568178 9.627911 
0.102075 -0.271304 -0.122584 0.293069 7.842267 22.951240 14.642485 
0.086694 0.305385 0.670318 -0.425189 23.208880 15.721878 1.437734 
0.654455 -0.309172 -0.002856 0.499900 0.595768 -5.462822 4.260876 
0.442796 0.491270 -0.102023 -0.222736 -15.131386 -0.095338 -15.845960 
0.103990 -0.452268 0.694939 -0.162593 -7.268635 11.773543 -7.394313 
0.137893 0.556868 0.373314 0.294905 -13.033389 -13.766827 5.353461 
1.044939 0.348170 -0.212546 -0.162516 19.048601 -0.652791 -11.192973 
1.025335 -0.429442 0.088397 0.296197 -2.202978 -3.775917 -19.113894 
0.472835 -0.005422 -0.043362 0.914527 -27.383918 1.329870 16.362832 
0.672168 -0.824204 0.818618 -0.376493 -26.088193 7.647272 10.876063 
0.208490 -1.266644 -0.343330 -0.066548 -13.638536 -16.443023 -2.448806 
0.292610 -0.712473 0.936841 -0.212669 -7.996042 21.276625 11.936489 
0.111344 -0.105272 -0.239432 0.385910 -1.125195 -8.187610 25.139042 
0.466067 -0.048593 -0.583887 0.541742 10.030570 7.106681 10.489109 
0.112109 0.133369 0.616103 0.092150 -11.712572 -5.376034 -5.952602 
1.021373 0.247295 0.198029 -0.182134 -17.389346 -1.131275 10.887898 
0.247245 -0.241735 -0.449667 0.477802 -25.619577 -7.824219 23.269344 
2.937998 -1.569778 -0.185257 -0.343060 -19.084624 -9.939025 8.789651 
0.112201 0.287535 0.095261 0.254224 6.725780 -19.953724 -3.202717 
0.941373 -0.238123 0.106327 0.092621 -4.964499 19.389752 -1.563158 
0.186332 0.443162 -0.370550 -0.882510 11.428737 0.536982 -9.092389 
0.206312 -0.027034 -0.318665 -0.248946 -12.021500 8.178950 -12.213002 
0.087521 0.462028 0.929859 0.743688 -2.310238 -0.354662 -0.047503 
0.337060 0.335158 0.278075 0.166962 7.351585 -17.382112 -8.817852 
0.506829 -0.296454 -0.056367 0.413014 12.384024 1.525515 27.427049 
2.506229 0.788324 0.930439 -0.485309 -7.117212 13.258269 -0.367582 
0.109658 0.321410 0.238768 0.527807 14.029350 -0.305466 -11.072027 
0.093631 0.277787 -0.295703 -0.027499 -20.452272 7.645889 8.979160 
0.994606 0.325702 -0.180738 0.420791 14.716115 0.207494 6.084205 
0.184780 1.202019 1.517487 0.182944 8.995996 13.860421 -1.979526 
0.113864 -0.076934 -0.517565 0.031467 2.900955 8.733508 -14.319391 
0.500571 0.654191 -0.890082 -0.710781 25.688768 0.508483 -12.802212 
0.375402 -0.232152 0.143362 0.675956 5.845775 -6.242557 9.955205 
0.121279 0.290008 0.049961 0.852962 12.027943 -1.081698 -10.451467 
0.437171 0.249842 -0.025389 -0.049372 15.085954 -0.137291 -21.099458 
0.420529 -0.157120 -0.424883 0.419770 11.395731 -1.423394 -7.078450 
0.140832 0.189887 -0.324489 -0.128735 6.533996 -2.078883 13.093628 
0.317286 0.110496 0.091425 0.170908 8.104509 22.471885 -2.487510 
0.092539 1.124070 0.086253 -0.868148 7.184460 -7.550330 0.885194 
4.198783 -0.176795 -0.241447 0.125134 -0.014127 -0.917343 -16.886860 
0.435794 0.599054 -0.183057 -0.176577 -7.563360 9.692292 9.046249 
0.299195 0.125955 0.212279 -0.665812 -7.884652 -14.660287 -3.692719 
0.366428 -0.254470 0.471221 -0.678934 -20.419927 2.016886 6.582164 
0.300202 0.109036 0.032199 0.192463 -8.637006 28.523816 -4.855795 
0.585186 -0.034946 -0.261433 -0.524300 8.493525 -0.593332 13.990365 
0.524509 -0.013125 0.158686 -0.118220 -9.569978 -16.887273 -15.457836 
0.292083 0.032591 1.433648 -0.442760 5.564663 11.923305 10.332683 
0.107699 0.195155 1.129016 0.564545 -5.252755 12.916466 18.863405 
0.744916 -0.524334 0.568698 0.387434 -7.787829 29.908735 7.977480 
0.131940 -0.160119 1.112867 0.090053 -15.698350 20.054184 0.611344 
0.104491 -0.210672 -0.460040 0.462127 -18.043930 -5.897938 27.152990 
0.504475 -0.018156 0.196316 0.180429 -9.659106 -0.111881 -3.928684 
0.159200 0.060433 -0.262553 0.432705 -11.217230 -2.715252 -10.500903 
0.144224 0.742048 1.439873 -0.844624 0.737669 21.298242 1.223473 
0.221063 0.608885 0.405338 -0.148246 -10.923358 6.509497 -15.526138 
0.339783 0.026438 0.245249 -0.659446 -8.497571 -13.106900 -1.039602 
2.985742 0.455824 -0.815444 0.432063 20.424366 6.370145 -4.134160 
0.098040 -0.397073 -0.303220 0.460362 1.575961 1.047239 -17.691508 
0.364111 0.175027 -0.228571 0.509132 -17.194440 -11.331158 -6.647151 
0.144886 -0.219274 0.085425 0.425422 20.004104 12.132565 8.376056 
0.360597 0.012540 -0.194925 0.255795 -10.147144 14.937781 -10.978106 
0.254317 -0.800960 0.657825 -1.022246 -10.428796 -5.865943 -7.128439 
0.555913 -0.398285 -0.664857 0.105076 10.786033 1.078026 -5.809439 
0.416651 -1.262554 0.276140 0.197181 -22.958266 -5.477053 -5.903941 
0.151008 -0.287233 1.180673 1.237619 0.769873 9.342899 8.709912 
0.577563 -0.176957 0.065827 0.212380 1.874041 15.160288 -22.820421 
0.141965 1.095013 0.485686 1.191165 9.556425 0.810380 26.241199 
0.120024 0.368552 -0.262737 -0.058486 -9.340877 0.126880 17.487732 
0.182852 0.031586 -0.565281 0.228856 23.198126 -14.013722 0.461663 
0.189724 0.205949 -0.165642 0.157819 5.627911 0.581124 -27.506820 
0.150160 0.363484 -0.258260 0.407233 0.397454 -19.868711 23.306275 
1.373741 -1.915239 -0.661502 0.893818 -24.352750 1.019528 10.741411 
0.283453 0.126727 -0.280426 0.789356 8.840188 -1.928411 11.194190 
0.170281 -0.653504 -0.558354 -0.173778 -8.961309 6.658497 15.480042 
1.505698 -0.833335 0.676593 -0.107865 -1.311391 0.732685 1.533216 
0.360047 -0.444071 0.444051 0.079093 -22.097577 3.471235 -12.583374 
0.588861 0.289305 -0.654427 -0.367446 -15.719029 -1.875565 2.252101 
0.381565 0.111495 -0.520584 -0.116389 -18.749145 -5.772710 7.725478 
0.166121 -0.079442 0.571615 0.117866 1.316368 -4.185188 -7.482619 
1.652096 0.119876 -0.514366 0.036260 4.627971 4.703481 0.594304 
0.215498 1.183605 -1.422095 0.637825 20.044004 -9.600115 2.477303 
0.524663 -0.168898 0.377223 0.118543 -6.145073 4.031713 14.826924 
0.489037 0.196238 0.052686 -0.188269 -14.596479 19.087534 -10.681112 
0.247044 0.168086 -0.029024 0.430985 -7.194956 -2.056608 13.253003 
0.408569 -0.849310 -0.371239 0.363701 4.336716 9.173046 3.033908 
0.429966 -0.063171 0.173508 0.170314 -9.285568 2.187756 9.465090 
0.205030 0.909729 -0.264953 0.286296 14.217338 -13.810025 -1.696896 
0.104504 0.758477 -0.121934 -0.405032 0.337807 3.381383 -9.818270 
1.704172 0.543272 -0.870058 -0.915815 -0.052411 -0.344413 -13.154507 
0.208973 0.432027 1.031492 -0.779632 5.958967 2.180620 -7.276218 
4.631110 -0.885232 1.131015 0.151203 -9.758160 7.766802 16.427399 
0.135103 -0.052176 0.262244 -0.015257 -12.156050 -13.932922 -7.007465 
0.169606 0.164559 0.069883 0.750781 12.232342 19.562825 1.819521 
0.567692 -0.351807 0.472360 -0.480439 -22.189154 -9.821316 -11.968232 
0.214292 0.307910 -0.277765 0.368128 -3.397912 1.577720 29.050336 
0.450345 -0.135487 -0.513865 -0.667975 -4.012438 10.322726 2.435815 
0.407103 0.020878 0.223977 -0.405382 -9.564427 5.430694 4.181729 
0.846636 0.136863 0.173028 -0.037516 3.438690 11.658954 -8.706622 
0.123163 0.739457 -0.288488 -1.401473 4.721555 -11.342472 -14.580637 
0.120648 0.248423 0.611819 -0.068628 -2.529587 7.550197 -19.275314 
0.387333 0.364731 0.597751 -0.313884 -6.413955 16.050081 9.867557 
1.095352 0.354236 0.328844 0.192036 0.013714 10.395615 15.844163 
0.212730 -0.207376 0.273077 -0.075857 9.187342 -9.106928 -19.025580 
1.575080 -0.329088 0.700954 -0.258974 -6.314275 14.238330 20.573628 
0.102042 0.049871 0.380215 -0.269620 15.041452 10.790106 11.413176 
0.606266 -0.525006 -0.090873 0.301043 -9.515977 13.901799 1.419862 
0.250734 0.699137 -0.018550 0.023400 -1.676782 1.837295 -2.987817 
0.184902 0.018533 -0.872510 -0.048711 -10.266947 9.027277 0.789625 
0.348863 -1.042812 0.125698 0.430992 -5.569606 19.636200 -4.453505 
0.127948 0.648092 -0.071555 0.353116 5.404493 -16.198062 13.321846 
0.127545 0.938887 -0.323846 0.990101 5.941077 10.203875 23.024915 
0.089378 0.311042 0.968471 0.550207 13.206723 2.663408 6.025405 
0.220514 -0.728185 0.363944 0.487539 12.444193 7.124024 8.737489 
0.195396 0.813447 0.080659 0.477811 3.986223 -13.721324 -6.976809 
4.245083 -0.286603 -0.546921 0.462394 -13.439256 -13.315628 0.249146 
0.095817 -0.002898 0.277518 0.475670 -10.134906 4.435450 -10.976356 
0.569763 0.374524 0.077423 -0.092270 -15.044707 13.032338 4.431113 
1.098164 0.276726 -0.443455 0.340871 -4.681629 5.385730 1.452181 
0.538990 -0.467556 0.141043 -0.398053 6.939517 11.183230 4.054446 
1.288776 -0.148880 0.191170 0.254891 -30.843286 3.311922 5.172951 
0.193816 -0.134104 -0.137837 0.633593 12.863899 12.011066 -1.857960 
0.378483 0.876666 0.691860 -0.221698 -7.341337 10.832283 3.785435 
0.130333 -0.889590 -0.090268 0.110445 -2.203792 19.752712 2.736851 
0.235233 -0.249052 0.665779 0.215803 9.179347 -5.666179 -17.179849 
0.474050 0.296681 0.001660 0.158218 5.038484 8.286383 -17.743255 
0.170650 -0.006505 0.459095 -0.212596 10.354627 -11.839956 0.490374 
0.551803 -1.110064 -0.075231 -0.210823 -7.459603 -7.452006 5.497797 
0.131497 -0.395539 0.230344 0.351127 8.040174 13.259735 1.705419 
0.367063 -0.142711 0.692658 -0.166163 -20.868562 -5.714210 -9.734951 
0.237052 -0.063626 -0.008945 -0.082707 1.781135 -16.242951 -7.512039 
0.979329 -0.553713 0.014252 0.605781 10.608740 -3.567427 9.457170 
0.113309 -0.041516 -0.459082 0.091800 19.730525 11.264559 -1.769688 
0.202812 0.127035 0.272756 -1.160133 19.387965 5.969146 -4.157601 
0.145792 -0.188933 -0.123683 0.043431 4.726215 23.672736 -6.156155 
0.206856 0.394792 -1.227029 -0.686670 -7.066741 -26.246339 -14.135309 
0.534870 -0.418066 -0.447186 0.637693 -12.640676 13.729209 -8.564361 
0.091732 -0.384989 0.675636 0.261104 -17.974348 -8.094577 18.920094 
0.094435 0.155451 -0.534167 0.799057 -4.515683 6.970870 12.706578 
0.106821 0.155833 -0.255214 0.209481 3.093044 -3.432368 -11.938345 
0.443043 -0.064352 -0.090428 -0.540957 14.880812 6.829889 -11.661010 
0.087582 0.333435 -0.507663 -0.357389 -11.077511 -3.598621 -11.148030 
0.159466 -0.753097 0.451565 -0.084199 -8.017493 -8.014559 9.577030 
0.829727 0.261129 -0.305592 0.245052 0.570299 1.907389 -22.061129 
0.093662 -0.560697 0.847310 0.378325 -3.649262 2.223915 19.186703 
1.055006 -0.379646 0.500828 -0.803245 -12.561464 3.908089 -2.638743 
0.290595 0.496016 -0.614230 -0.118073 5.684405 3.380196 19.564700 
0.226020 -0.106570 -1.097718 1.933414 11.464929 -14.538588 24.876522 
0.258652 -0.281270 0.046881 0.084234 -12.881720 14.020588 -2.390426 
0.504080 0.266025 -0.035093 -0.540331 10.794398 -8.979016 6.531716 
0.133644 0.107211 0.454448 -1.104818 -10.510919 -11.533809 -24.429332 
0.102367 0.246027 0.375351 0.339117 -8.283263 -3.784757 12.425544 
0.102733 -0.187679 0.214606 -0.235552 21.155011 13.592683 5.518267 
0.406103 0.013470 0.318770 0.802206 2.241482 -6.400250 -7.480765 
0.170184 -0.629771 -0.999336 -0.417544 -3.135431 1.710883 -15.107865 
0.080956 0.603350 0.508157 -0.004157 8.828633 26.171195 -11.531212 
0.171393 -0.253846 0.810866 0.669285 -7.667641 16.651813 0.121238 
0.103884 -0.171013 -0.179630 0.357328 -17.261337 1.654566 -7.228812 
0.287723 -0.114381 -0.199242 0.386339 10.772692 -1.966317 10.464755 
0.707610 -0.154060 -0.173370 0.667806 -4.786265 -0.155329 22.354349 
0.161798 0.261642 0.480803 -0.317575 -3.035486 -8.568312 9.361250 
0.495528 -0.965278 1.663689 0.540738 -10.659017 13.008866 2.779355 
0.081729 0.813664 0.018245 -0.165347 8.640061 10.006084 17.102922 
0.498673 -0.355353 -0.308938 0.666021 13.153009 -5.730556 -0.836548 
0.189760 -0.618630 0.176432 -0.352617 -8.301657 5.070236 8.001112 
0.174582 1.092677 0.418114 0.002517 9.357851 2.588327 12.553689 
1.913197 0.203306 -0.103655 0.118428 -0.679533 29.976414 3.263511 
0.156957 -0.077835 -0.117491 0.369847 -15.167881 19.798486 -8.961915 
0.318637 0.319036 0.824041 0.361422 9.030508 3.253073 -6.503850 
0.384886 -0.486336 -0.794258 0.456023 -11.202387 6.623191 -3.644113 
0.094543 -1.161103 -0.009350 -0.973672 -2.021541 11.176806 -17.092978 
0.093801 0.583436 -0.129866 0.814413 8.893410 -11.102358 -8.104910 
0.259589 -0.140730 0.049345 -0.085282 8.132067 13.104029 15.383711 
0.331382 -0.186703 0.234771 0.071640 -3.296959 1.839718 7.057411 
0.597086 -0.933662 -0.172725 -0.196886 -23.374582 17.673515 -12.560155 
0.244466 0.039389 -0.200470 0.291297 -8.516355 -1.790852 10.465806 
0.409757 0.443199 -0.590062 0.383089 -8.773076 0.338622 22.352667 
0.703460 -0.974763 0.616834 0.090416 2.518276 7.385926 13.571292 
0.129081 0.194884 -0.043970 -0.104885 13.146304 6.096981 10.362439 
0.592856 0.226135 -0.694785 0.270120 15.359807 11.652277 10.396038 
0.598064 0.213923 0.267161 -0.148953 3.484989 9.477373 25.307510 
0.315326 0.206003 0.096247 0.102748 -13.164138 17.407366 21.957101 
0.830552 0.486866 -0.417766 0.209345 -5.415112 6.164319 -14.702886 
0.107798 -0.355565 0.270657 0.633519 -8.938911 15.116917 14.239865 
1.282747 -0.458332 -0.284366 0.302268 3.667374 -21.411599 -19.136785 
0.179704 0.309441 -0.319803 -0.536303 -4.780833 -10.350989 12.322804 
0.226650 0.422674 0.097064 0.130454 9.969275 -16.666067 10.488012 
0.213577 -0.318118 -0.229460 0.208351 5.990187 24.773781 6.877833 
0.360054 0.306627 0.356955 0.432227 -6.225449 -14.043310 0.609525 
0.590465 -0.327248 -0.389182 -0.054299 16.425522 1.521873 3.202266 
0.323997 -0.089336 0.624217 -1.195532 -3.808681 24.886167 -9.604876 
0.080856 -0.197058 -1.074854 0.904914 12.099719 -4.265086 8.828061 
0.143920 0.133268 1.417646 -0.167913 2.620974 8.023658 2.099060 
0.128165 0.823409 -0.239622 -0.031950 11.904819 9.177093 7.462363 
0.371144 -0.394503 0.848586 0.258079 3.013616 8.947633 -10.753221 
0.145470 -1.074566 0.594145 -0.343559 0.184862 4.542335 -16.192001 
0.092657 -0.093307 -0.566120 0.072574 -3.092947 16.769652 -8.860126 
0.587126 0.345389 0.046343 -1.293402 20.217244 -13.195541 -10.988555 
0.235289 0.318194 -0.171148 0.266660 -2.467212 8.811850 9.612463 
0.569180 0.693316 -0.595328 0.320950 -7.063126 -9.363543 -7.237562 
0.093590 -0.122117 -0.072033 0.677735 -13.239446 3.377358 13.128790 
0.249342 -0.257882 -0.489475 -0.813284 2.379055 -6.485905 3.495634 
0.543855 0.632362 0.164514 -0.344076 25.053381 -8.750455 -0.403149 
0.236315 0.693631 0.566418 -1.255795 17.920049 27.507488 -11.779728 
0.136931 -0.475787 0.910305 -0.142438 4.197142 -4.741165 -10.091125 
0.109437 0.268969 -0.344619 0.722004 -13.347464 -15.323808 -3.057951 
0.915698 -0.361878 0.436048 0.595927 17.159143 3.503829 -5.364345 
0.125769 -0.120012 0.301378 0.166424 -11.942421 -13.434219 -15.020293 
0.182221 0.730442 0.122508 0.119977 -0.088277 -11.207690 1.275516 
0.624303 -0.486656 -0.819512 -0.374932 -11.534604 1.650592 -2.674894 
0.123119 0.092507 0.025671 0.073577 -25.845797 -2.039627 8.087781 
0.093277 -0.391898 0.433512 -0.197344 14.922342 2.891258 7.624802 
0.126609 -0.920784 -0.736090 0.131360 -0.525088 -4.535332 15.114112 
0.342755 0.276801 -0.178650 0.072248 -4.195382 26.258030 5.986557 
0.887808 0.773275 -1.220785 0.088971 7.934654 -8.176322 2.917407 
0.718573 -0.946887 -0.141678 -0.360345 -2.346352 -6.869600 -11.368884 
0.789225 -0.168145 0.182676 0.486045 -5.372614 25.599267 -3.361759 
0.126531 0.528008 -0.183406 0.097184 9.399714 7.451202 12.694726 
0.685572 -0.235814 -0.347322 0.189058 8.807992 2.548963 3.101897 
0.342997 1.184402 -0.358045 -0.013489 -0.274627 -0.405262 -4.341073 
1.141486 0.714963 0.091051 0.814468 0.611904 10.900513 1.157452 
0.181571 -0.256224 0.174986 -0.385659 -11.180480 4.162026 11.445270 
0.271737 -0.142617 0.257671 -0.262303 -10.649631 -2.788699 13.358117 
2.465276 0.373355 0.291849 0.307116 -11.084429 -1.860796 4.661651 
0.132761 -0.853676 -0.285902 -0.387249 6.733676 3.464239 -8.782590 
0.088416 0.909633 -0.114688 -0.293913 -2.716908 -2.348722 7.735234 
0.089291 -0.158679 0.181692 -0.152493 5.199729 14.391026 -11.056316 
0.263350 0.344094 0.391649 0.621884 4.101048 -3.741820 -7.232060 
0.423754 0.084320 -0.699482 0.082026 13.550352 2.083522 20.026626 
0.178200 -1.620397 -0.681306 -0.027193 -13.259678 -1.120763 -0.520675 
0.269147 0.211407 -1.055436 0.182987 -14.688801 -4.031579 -5.207742 
1.218772 -0.905321 0.521771 -0.306820 -5.643920 -11.238725 5.883813 
0.195759 0.502338 -0.419143 0.900867 2.119237 -17.504224 8.684089 
0.310560 -0.363422 0.140395 0.169009 7.806875 9.620788 19.676052 
0.132928 -0.083977 0.067593 0.154889 -1.621993 11.784843 -24.428200 
0.130606 -0.490875 0.830573 0.761702 1.366888 0.561817 -1.875214 
0.180981 0.585373 0.867587 0.735895 9.985036 28.396672 23.950283 
8.040799 0.093102 0.182943 0.107769 6.815400 -11.709447 -2.355760 
0.080873 0.706980 0.197189 0.359659 -8.039730 11.468447 4.917115 
0.337684 -0.101359 0.736012 1.147073 6.666772 -1.637444 16.719824 
0.727006 -0.684899 0.796311 0.011712 -19.676137 5.818919 10.712251 
0.130102 -0.063283 0.731018 -0.172048 -3.787477 -2.843257 11.862373 
0.107057 -0.248739 -0.752112 -0.167326 -2.395196 -5.304138 21.270669 
1.352041 -0.158855 0.183230 0.584568 -9.543690 0.935303 -16.693411 
0.108970 -0.103296 -0.177374 0.754971 -20.185549 2.797536 -1.861727 
0.148499 1.197677 0.752295 -0.804365 9.654041 0.083592 -8.898417 
0.263983 0.032866 -0.207407 0.145508 10.488124 -17.863045 -2.503787 
0.240265 -0.317948 -0.191223 -0.066626 -9.909076 25.270375 -2.312477 
0.217954 -0.077866 0.441236 0.357006 3.626238 0.641084 -5.050851 
0.444167 -0.415963 0.630126 0.682669 -4.068408 6.912869 -3.180901 
2.752555 0.183468 0.151454 -0.825819 -1.652206 12.058122 -17.515953 
0.266546 0.234673 0.201061 -0.572201 10.847053 -1.400382 -12.352458 
0.104305 -1.398149 0.293454 -0.053458 -5.619120 8.372084 6.583002 
0.144490 0.886803 0.413506 0.095813 9.014351 14.277014 -16.193712 
0.094619 0.137011 0.022184 0.516851 3.015061 -2.995435 -4.494146 
0.144851 -0.567467 0.501453 0.632278 11.608716 4.197234 18.231289 
0.132290 0.174195 -0.480175 0.760829 -11.362433 7.594175 18.266410 
0.524424 -0.170091 -0.374204 -0.648384 4.169207 -5.871699 2.653329 
2.804970 0.767727 0.263960 -0.069780 24.044152 5.082963 5.439051 
0.151725 0.587895 -0.028909 0.478899 0.219303 7.047896 4.270366 
0.691052 -0.182377 0.689316 0.193457 -20.139550 -8.129471 -9.081860 
0.123125 -1.176793 -1.066062 -0.578880 -18.722558 -5.316959 -8.292989 
0.095501 -0.276334 -0.307518 0.048040 9.459399 5.394099 11.830228 
0.082472 -0.225477 -0.085521 0.487537 -1.132662 -3.546553 17.967608 
0.088000 -0.516587 -0.062180 0.043129 5.061697 1.153674 22.044713 
0.106567 0.239305 -0.145404 0.176274 -17.811371 3.277488 4.580925 
0.083960 0.024861 -0.204574 0.207915 -10.712292 -16.162062 23.114778 
0.444394 -0.169074 -0.187259 -0.365738 -4.283561 12.599223 12.714963 
2.968598 -0.578355 0.418965 0.484831 -8.640395 1.507751 -12.526862 
0.118415 -0.868595 0.212244 0.643089 -8.491958 -1.426387 -12.307151 
0.123056 -0.256827 -0.445055 0.001568 -5.173177 -5.562533 18.973666 
0.111967 -0.285997 -0.249233 0.043143 -17.295739 14.034958 -9.941149 
0.095336 -0.150938 0.280990 0.152871 -3.077529 -3.769279 -6.267048 
0.085245 -0.075280 0.199443 0.755733 -14.232385 -2.908972 -1.680907 
0.219520 -0.412618 -0.377309 0.672273 -21.415239 -4.636882 0.382150 
0.269315 -0.582741 -1.320327 0.946045 -7.323004 -11.327763 11.799664 
0.084729 -0.311602 0.303009 -0.240287 1.709203 -13.241071 14.023205 
0.193296 0.019620 -0.992128 0.083853 5.700578 3.133645 16.147777 
3.042533 -0.349167 0.143339 -0.692329 -2.080042 -17.894188 -5.751727 
1.417540 0.990533 1.238525 -0.501000 11.795164 9.321111 1.877731 
0.348250 -0.521171 0.328004 -0.331872 -1.320776 -1.271221 4.331114 
0.189420 -0.570873 -0.172497 -0.027037 10.842515 3.550955 17.852614 
0.222484 -0.120322 -0.330264 0.486228 6.810708 -6.899268 2.056484 
0.319069 -0.557469 -0.022194 -0.744820 6.012987 7.013430 -6.513404 
0.092091 -0.656158 -0.132757 0.534661 0.425494 -6.901823 10.663573 
0.486369 0.433298 0.107097 -0.171239 16.929112 -14.680105 -4.311141 
0.293964 -0.228337 -0.256323 0.317507 13.251782 17.609564 -5.641730 
0.150389 0.182634 -0.497491 -0.030255 -13.028685 12.782517 -6.475080 
0.098254 0.390301 0.083705 -0.411989 -13.338431 0.734375 1.769008 
0.129777 -0.232659 -0.167204 0.151592 2.895434 -3.099952 14.529570 
0.089968 0.630818 0.364394 0.742564 6.409865 12.168392 -9.544440 
0.178187 -0.318507 0.006936 0.010285 13.733930 -2.209601 -17.679809 
0.446547 -0.311264 -0.340520 0.110990 -17.087825 9.070505 -1.316284 
2.596189 -0.915181 -0.916309 -0.708712 -18.571701 -14.613331 -0.248493 
0.941679 -0.192278 0.091510 -0.348497 0.776861 12.619505 -7.442429 
0.357477 -0.088676 0.792280 -0.287574 -6.027619 -7.720135 6.065225 
0.233141 0.328636 -0.207389 0.255453 2.949415 13.354705 -15.065207 
0.109886 -0.850145 0.308876 -0.205309 -1.595684 -3.335814 -5.613252 
0.103385 -0.419945 0.403144 -0.292522 12.504794 11.491053 14.677773 
0.307529 -0.911891 -0.388246 -1.455666 -6.223646 -12.095387 -9.329410 
0.224214 -0.839862 0.680058 -0.938425 -0.723659 -4.527462 -22.721449 
0.688471 0.486782 -0.598460 0.210693 4.606998 1.613181 -8.480524 
0.121886 -0.066510 -0.089603 -0.540059 8.534891 -21.731197 4.294141 
2.036878 1.480872 -0.884969 0.032638 9.753306 -9.531156 -6.995723 
0.108772 -0.347149 0.135760 0.473404 -0.715859 22.128630 11.026894 
0.087214 -0.951940 -0.930453 -1.017291 -3.560840 -14.811072 -3.844144 
1.095005 -0.002442 0.416266 0.530222 5.765121 2.480502 -6.678678 
0.462444 -0.212983 0.183581 0.635511 6.605787 -4.673207 -16.587220 
1.195467 -0.073333 -0.761454 0.087977 0.116837 6.547606 3.303870 
0.124532 -0.795271 -0.388763 0.288331 8.364770 -1.495737 -1.185368 
0.239527 0.439629 0.224111 -0.438655 -7.513712 -9.728400 9.869126 
0.513647 -0.005840 0.578853 0.546890 7.615074 -4.234989 11.868730 
2.322161 -0.399542 -0.505033 -0.845091 10.447504 2.821871 -10.722844 
1.749945 -0.323400 0.804361 -0.151066 0.096570 -6.388103 6.581602 
6.427225 -0.375481 -0.575958 0.502049 -8.559897 10.285946 1.288467 
0.187473 0.129011 0.025301 -0.624173 -9.153885 -9.036307 3.722373 
0.080411 -1.068481 0.688824 0.528336 -6.018282 12.273828 12.287492 
0.084886 -0.094161 0.034932 0.143787 -21.515837 -19.837221 -11.264857 
0.210734 -0.407285 0.685430 0.318809 1.355464 -1.482666 -13.172190 
1.039799 0.276092 -0.167807 -0.155707 13.664121 6.986579 18.937551 
0.589256 -0.298043 -0.181499 0.238213 13.838204 -7.262342 11.621162 
0.193774 0.078872 1.002689 -0.377585 -14.778982 4.820526 8.956339 
0.204408 -0.648826 0.193011 -0.230308 9.196010 -1.850176 -12.039884 
0.203976 -0.225653 0.279851 0.762906 -25.264816 2.961734 -3.035390 
0.100379 0.001080 -0.039590 -0.050477 -8.201126 -18.309549 2.936166 
0.224716 0.415370 -0.556856 0.684612 -1.549378 4.396711 20.049027 
0.736908 0.323828 0.267976 0.279702 1.096116 30.768077 -1.751601 
0.183623 0.613599 0.368608 -0.955998 9.130000 2.083245 -2.756080 
5.763363 -0.616703 -0.746508 -0.225556 -3.953616 -8.873086 -0.777275 
0.155563 -0.394915 -0.358933 -0.239328 10.547800 9.731130 9.793886 
0.205052 0.125299 0.732309 -0.164148 -18.426112 8.863611 12.976872 
0.256881 -0.202932 -0.278004 -0.722220 -7.387311 -16.022407 10.851503 
0.383592 0.045965 -0.131978 0.891071 3.055498 -19.153673 -7.060079 
0.115189 -0.396941 0.713513 -0.817910 -14.207827 16.506498 8.974292 
0.144188 0.394257 -0.267337 0.346160 -17.516929 1.696363 6.804779 
0.208231 -0.230289 0.361030 0.019943 -15.661283 3.700873 25.318388 
0.523071 -0.873589 0.179750 -0.552802 -1.388652 -8.369538 6.820998 
0.460238 -0.484864 -0.071496 1.327029 11.851659 0.329318 11.115592 
0.500482 0.443416 0.227700 -0.690374 -3.398822 14.434973 -1.599627 
0.190881 -0.147674 0.554646 0.927987 20.203708 2.353124 16.099844 
0.095002 0.072465 0.604489 -0.095866 -5.293365 -2.742803 -8.469108 
0.282526 0.753862 0.015885 -0.323744 -0.827509 -3.225858 12.131483 
7.200905 0.043551 0.007678 0.851422 -16.087646 6.610292 13.512221 
0.639887 -0.395660 0.552271 0.644106 -20.632430 1.277524 -10.381393 
0.088337 0.056324 -0.039367 0.172340 3.323499 -13.930327 2.263970 
3.427020 0.392456 -0.346495 0.513400 9.371297 -1.170165 12.122800 
0.286232 0.017871 -0.030556 -0.254711 -11.530244 -20.630790 6.016633 
0.111446 -0.013987 0.229282 0.646877 -10.465150 14.076512 14.448186 
0.194955 0.400946 -0.013760 -0.106986 -5.650930 12.849899 6.386023 
0.190041 -0.344948 0.014879 0.432463 -20.147399 4.218731 -10.867694 
0.170109 -0.210884 0.575045 0.283327 -8.746031 5.522588 18.037432 
0.162386 0.207822 -0.288172 0.495831 -19.039031 8.759571 2.290265 
1.166044 0.700572 -0.466410 0.849278 10.298208 11.851242 21.649065 
0.584740 1.327848 0.250792 0.365458 4.845145 -1.989933 2.596348 
0.396613 0.147935 -1.281656 -0.403089 -9.146497 -4.948044 -10.685863 
2.418064 -0.036831 0.135093 0.170398 -16.299700 10.621654 -9.083847 
1.010429 -0.682647 0.415970 0.201517 5.043976 -7.091226 -0.046371 
2.532142 -1.356969 0.292535 0.002157 -4.132782 -6.726802 -0.800092 
0.107929 0.316305 1.007920 0.655355 4.664774 -3.147686 4.459568 
0.167175 -0.660843 -0.016149 -0.836482 -1.670873 -1.033911 -3.349101 
0.254952 1.041282 -0.898911 -0.202596 11.323215 0.953964 -10.677418 
0.429694 -0.177700 -0.236337 0.542026 19.002500 11.344537 14.265132 
0.496826 -0.455158 -0.209342 -0.547441 7.617109 -3.511253 11.036713 
0.121547 0.566574 -0.589744 0.399803 4.092709 -30.288155 -4.937773 
0.215928 -0.090897 -0.127620 0.403209 -3.625029 27.135804 -0.317317 
0.270339 -0.023571 0.963986 0.595242 -7.583301 -4.944591 -2.104733 
0.080083 -0.697317 0.264935 0.431048 6.690769 0.501229 15.414615 
0.272801 0.615314 -0.461777 -0.018557 7.397822 1.272752 4.576972 
0.248941 -0.741160 -0.354258 0.691850 10.643303 -7.295912 3.975061 
0.198171 0.056867 -0.282420 0.264423 -1.697260 -17.144389 -8.480948 
0.125940 0.073134 -0.182867 0.219893 -3.974436 24.810891 5.050537 
0.397489 0.105185 -0.295683 0.428563 8.639626 -5.240607 5.673287 
0.109822 0.583084 0.237310 0.290502 26.860198 1.371118 -8.081780 
1.950578 -0.392893 0.672261 -0.363235 -5.956134 -9.587317 4.868216 
0.085723 -0.123105 -0.074208 -0.189213 -5.784639 12.081877 16.387679 
0.261677 0.021596 0.120619 -0.218218 13.590165 14.652746 6.319252 
0.410668 -0.568203 1.052879 0.369513 6.411405 3.134613 12.748832 
0.278253 -0.010342 -0.433733 0.053089 13.062423 -3.930052 16.989932 
0.362834 -0.116629 -0.369007 0.227869 -15.497884 15.952634 6.928866 
0.191416 1.690101 -0.209314 -0.023073 31.196678 12.034839 -4.538286 
0.204516 0.444500 -0.506138 -0.884259 10.812586 -2.153989 -2.547984 
0.119244 0.214061 1.107141 0.186795 -2.032054 -3.215426 10.149157 
0.394798 -0.392750 0.204489 -0.579467 4.603779 -7.645157 0.460590 
0.108074 0.001446 -0.032087 0.052905 3.449981 16.211544 -22.045829 
1.687457 0.800594 1.686093 -0.160861 15.210011 18.178126 6.612923 
0.142585 -0.324296 -0.725864 -0.137292 2.867199 5.991352 -7.648880 
0.999592 0.153098 0.055203 -0.087216 -13.255687 17.776625 -19.031128 
0.835224 1.006400 -0.620363 -0.118182 12.665630 12.430288 -0.445291 
0.133760 -0.558829 -0.651145 -0.285234 -17.061575 -4.315715 6.836940 
2.914902 0.199514 -0.024923 0.095579 25.804229 -15.823260 -0.099146 
0.289537 -0.060261 -0.255203 0.336457 -15.406132 -17.024763 -2.346791 
0.111589 -0.190893 0.166946 0.318646 8.742148 3.316572 6.587072 
0.666435 -0.146840 0.073744 -0.049400 6.963399 26.766242 4.183535 
0.118124 -0.388282 -0.394626 0.103387 5.097692 -5.751106 10.002424 
0.082017 0.093163 -0.219551 0.465454 -11.177926 15.000068 4.268941 
0.384643 -0.702686 -0.294880 0.141528 5.152062 -6.899334 -8.383587 
0.170390 0.037219 0.323350 0.370962 -16.145511 9.743584 18.188595 
0.164634 -0.246794 0.450709 -0.251872 -8.114666 -8.087265 11.388473 
0.710018 -0.685514 0.753243 0.318653 -6.389075 14.761932 9.730550 
0.490174 0.176869 -0.210040 0.448630 -6.152299 -2.986462 -17.725941 
0.209872 -0.082896 -0.265482 0.818194 -2.993798 16.022408 11.042732 
0.191407 -1.364230 -0.844191 -0.615005 -7.268273 -2.602217 -15.470164 
0.086220 0.394878 0.046410 -0.180274 22.582732 -1.462516 10.788261 
0.253249 0.343137 -0.534360 -0.018821 -1.014693 16.802518 4.865793 
0.443660 0.269410 0.074527 -0.132015 7.356983 13.799570 -1.488236 
1.478874 0.651212 0.573083 0.305713 -1.990797 12.834075 4.168086 
0.997008 0.572276 0.457008 0.203642 -11.565643 -9.760642 -0.659292 
0.119733 -0.712083 0.765394 -0.830384 1.427352 -2.135381 -11.002169 
0.155712 -0.937231 -0.524317 0.615664 -3.075232 4.675455 3.125394 
0.248140 0.479986 -0.175825 -0.106099 24.967515 5.311559 1.994468 
0.211986 -0.378941 -0.473349 1.648620 -8.634592 -12.238313 12.148101 
3.164370 0.189414 -0.029498 -0.630975 7.006599 14.132121 9.033153 
7.811175 -0.273102 0.852625 -0.239284 6.218471 -4.794205 -3.988566 
0.119711 -0.589209 0.078964 0.036684 1.708746 -1.821328 20.316328 
0.081905 -0.262028 1.432669 0.408763 -0.186579 10.434169 2.506973 
0.128974 0.022575 0.591190 0.195164 -12.457308 -12.778501 12.318965 
0.098410 0.035395 -0.043993 0.112380 -18.564235 -0.425258 -8.929585 
0.208666 -0.708230 -0.274225 -0.030307 -5.932025 5.276605 22.652088 
0.338702 -0.459149 -0.330041 -0.144840 4.713034 -21.834957 14.385265 
0.270406 -0.723187 -0.405211 -0.308495 5.083218 -4.944385 -14.281742 
0.261780 -0.453145 0.437494 -0.622336 7.057229 -2.174798 4.757497 
0.198271 -0.059399 -0.485268 0.369613 10.794056 10.165794 -4.802367 
0.547947 -0.496486 -0.296016 -0.111811 9.857293 3.431797 10.157522 
0.084496 -0.163575 1.233725 -0.039051 -6.280351 1.419829 11.742317 
0.547853 0.048318 0.204381 0.091590 3.202307 -25.582957 7.906831 
0.124445 0.380821 -0.512252 0.070556 -1.942211 11.752075 11.266880 
0.573077 -0.296646 0.205448 -0.090899 2.647793 7.706971 -15.036264 
0.415176 -0.108963 0.072929 -0.299897 8.797903 -18.900600 -9.188497 
0.878922 0.270205 0.706709 -0.486040 -5.883267 -10.223268 -12.955352 
0.094683 -0.325309 0.990215 -1.087807 -2.244376 -0.983938 -9.538139 
3.025229 -0.988507 1.004393 0.185552 0.785444 14.668951 -8.019666 
0.102725 -0.037874 0.416441 -0.445597 -16.357137 -15.007464 -3.411827 
1.385436 -1.252055 -0.265669 0.140975 -17.415249 11.650603 7.463127 
0.188343 0.303959 -0.150951 -0.220887 20.414400 -10.642900 9.620442 
0.308804 -0.360652 0.473854 0.595948 18.047994 13.252279 -10.393098 
0.266901 0.243527 0.913878 0.169191 22.680496 7.098110 4.757287 
0.352073 0.571160 -0.106104 -1.030441 -7.289698 -4.078782 -3.402684 
0.588656 0.129334 -0.542112 -0.907293 14.188728 -6.642327 -11.649061 
0.105091 -0.341403 -0.283699 0.285883 -4.200831 7.025223 -0.177416 
0.147682 0.357303 0.208433 -0.841695 15.572398 -7.519035 2.145966 
0.179358 0.482150 -0.270517 -0.093788 -12.890817 10.209820 -6.642891 
0.522896 0.328839 0.033556 0.121653 9.519941 -16.420110 1.062705 
0.141510 0.320232 -0.179137 -0.314455 14.821381 -10.584956 -6.763770 
0.105633 -0.245958 0.226052 -0.412671 -4.170715 -2.874720 -1.434836 
1.115389 0.100874 -0.063771 -0.474696 6.959730 -9.800455 4.773034 
0.100224 1.461051 -0.745988 0.320011 13.204052 -12.223629 -7.585277 
3.043771 0.857231 -0.204107 -1.438469 12.000348 -3.225218 -9.888482 
1.677124 0.079582 -0.773863 0.729616 6.250604 -4.673638 -4.090618 
0.154714 -1.519478 -0.384461 -0.115845 -7.094396 -6.807473 -5.827892 
0.509531 0.234967 -0.043274 0.318556 13.192491 8.940505 4.726535 
0.118595 0.757294 -0.512326 0.642071 3.067703 3.808262 2.278283 
0.192470 0.453823 -0.021591 0.158996 20.172263 -5.595210 9.006764 
0.156661 -0.072308 -0.901011 0.819061 2.463540 3.498069 16.753539 
0.269171 0.400284 0.105203 0.296921 1.291088 4.297562 -13.701137 
0.275015 0.355828 0.021328 0.370174 -20.692487 11.682910 4.923918 
0.133107 0.119377 0.011517 -0.358923 -16.918093 6.808689 12.035673 
0.116244 0.476313 -0.346777 0.247717 4.193087 -16.026149 2.898120 
0.262815 -0.038202 -0.092559 0.655021 -8.138836 -20.370127 5.514652 
0.152197 0.372408 0.074652 -0.511190 -18.132085 7.655309 -18.472259 
0.591538 0.588156 -0.646658 -0.240794 1.714896 -12.724049 -22.988211 
0.273814 -0.669848 -0.558753 -0.102237 4.289802 2.698837 1.975255 
1.296377 0.107260 0.033388 0.197904 -3.314288 26.909864 13.542436 
0.625099 -0.105607 -0.344693 -0.340244 3.663541 -7.494140 20.716735 
0.953431 -0.918049 -0.355058 0.436688 -15.433276 -6.255281 19.451456 
1.362864 -0.697169 0.228111 0.267524 7.223191 8.454394 -4.927417 
0.388981 0.215658 0.229604 -0.045229 -17.598666 7.883599 16.272032 
0.178332 0.652043 -0.563808 -0.358626 27.940488 1.450368 4.106516 
0.372184 -0.637793 -0.143804 0.727396 -5.153389 -10.715563 1.340234 
1.884918 -0.515788 0.161622 -0.264529 -24.666337 -1.267504 1.738858 
0.093160 -0.979192 -0.365047 -0.616830 -3.284780 -6.431620 -3.082306 
0.093696 0.184758 -0.627098 0.080371 13.164236 -5.235846 3.451232 
0.080850 1.367242 -0.513416 0.685199 8.734377 -17.424941 12.796548 
0.277717 -0.147176 -1.663513 0.468746 0.914549 -10.648851 15.915444 
0.330199 -0.380804 0.149161 0.486993 -7.212680 15.662442 6.829193 
1.020862 -0.093658 0.610349 0.175162 19.502566 2.898022 1.968534 
0.554068 -0.102823 0.116943 0.317957 -15.153345 7.309373 11.557054 
0.410517 0.894320 -0.109361 0.143843 -2.253578 -2.502191 14.472668 
2.241100 -0.328953 -0.150897 0.536689 -27.567793 9.654828 2.548553 
0.769947 -0.462030 -0.327643 0.638018 -7.521260 -4.053932 -18.478420 
0.085466 0.503275 0.314911 0.242016 -6.133475 -16.975940 -12.589739 
0.645582 -0.031865 0.249610 0.563576 -8.807307 8.065962 -13.829704 
0.291207 0.580738 0.113840 -0.199512 25.066702 0.311659 -10.144375 
0.780826 1.062809 0.683163 0.069859 -0.234501 20.301680 5.849660 
0.178041 -0.238344 0.080989 0.087461 -5.263961 8.746120 19.218222 
0.111657 0.704433 -0.148232 0.113744 3.474191 10.953402 11.421261 
0.141933 -0.472108 0.383586 0.623399 -3.206268 -13.946614 -8.019228 
0.503658 0.289061 0.227642 -0.246779 -8.729179 -11.618212 16.318590 
0.266518 0.829041 -0.393013 -0.536927 -6.609156 -10.641888 -11.848405 
0.136578 0.287903 -0.062188 0.297663 25.431384 8.222014 7.253409 
0.126498 -0.311304 0.128108 -0.082896 -16.886494 -15.006166 -14.066558 
0.081261 0.915718 0.915691 0.321303 19.257185 -4.618676 -2.007489 
0.167252 -0.082854 0.067278 0.097678 -1.912508 -4.711246 4.049675 
0.607244 -0.553400 1.608381 0.524412 -1.162875 13.531259 1.605721 
0.266741 -0.167370 0.226724 -0.174585 -20.654899 8.002384 12.163899 
0.157175 0.447926 -0.320912 0.818923 -17.815872 -9.670734 19.141565 
0.366807 -0.172359 -0.392889 0.074276 11.161749 -10.938120 -16.531437 
1.030213 -0.093891 0.034602 0.767661 4.641699 1.273373 -1.101220 
0.140945 1.291831 0.931120 -0.153340 13.858087 2.680634 9.682479 
0.288794 0.057872 -0.235820 0.071049 -13.340091 2.050096 -24.329339 
0.182724 -0.438464 1.037377 0.260008 -10.723598 -0.958852 -10.169935 
0.115248 -0.888837 0.864552 0.000374 -14.082062 7.623231 5.432435 
1.012019 -0.385158 -0.458600 0.474690 4.430472 7.496804 -7.519563 
0.292049 -0.959386 0.259471 -0.013383 -12.155590 -16.158263 8.005042 
3.273691 -0.144428 0.043904 0.373652 4.360655 2.427478 14.425806 
0.507219 -0.159059 0.902643 0.112736 -16.349760 4.291129 20.784957 
0.325723 -0.897353 0.115221 0.755695 -7.758945 8.167823 -8.785281 
0.153073 0.405827 1.103869 -1.048783 12.663767 2.943362 -30.852887 
0.229855 -0.026551 0.212753 0.404278 18.256985 7.392536 6.775140 
0.196589 -0.190119 -0.259940 -0.329552 5.714865 3.682521 -11.151986 
0.095001 0.251516 0.066727 -0.238732 -7.118019 4.626449 -22.748483 
0.458870 -1.044078 -0.776913 -0.137003 -1.494315 1.901591 -1.190607 
0.085890 -0.623418 1.371402 -0.035499 0.955177 15.863374 18.839473 
0.170408 0.401731 -0.125215 -0.148090 -16.272420 11.965148 -6.161667 
0.130084 0.251118 -0.502349 0.221493 -1.853998 -0.909755 -3.550558 
1.384359 -0.469835 -0.317872 -0.014225 -0.087036 5.811539 10.101670 
0.642711 -0.115184 -0.170968 -0.262043 -8.878095 12.194089 -7.307545 
0.176254 -0.837823 -0.331558 -0.224691 3.262829 3.431807 10.997161 
0.156623 -0.199268 -0.636715 0.136375 -22.121256 -5.923008 4.459585 
0.874755 0.104709 0.016829 -0.186609 -16.903324 -10.123325 -1.578252 
0.628183 -0.185110 0.450012 0.307381 -0.433512 -9.897130 18.182764 
0.127719 0.659355 -0.047778 -0.210656 12.544357 -7.284861 21.674337 
0.209256 0.203891 -0.229014 0.516872 -15.107328 0.678650 7.565998 
0.393003 0.521586 0.179539 0.079388 11.708465 6.269073 -5.497456 
0.395444 -1.100303 -1.085237 -0.533367 -5.867895 -10.446048 4.163976 
0.150757 -0.300592 -0.382878 0.433629 17.687624 -13.759850 19.079303 
0.613619 0.403343 0.239103 -0.633531 16.188128 -6.094488 -19.828747 
0.371705 0.511568 -0.444260 0.222540 11.318031 16.611153 9.939300 
0.128172 0.078386 0.033714 -0.258053 -1.919310 25.404583 10.879352 
1.227367 -0.857623 0.503626 0.241222 -14.183501 21.873033 9.946326 
1.287495 0.039091 -0.071297 -0.029872 -5.504990 -1.126110 -2.910633 
0.285623 -0.525525 0.117716 0.088918 -13.178290 -15.784254 -19.625481 
0.186793 -0.052563 0.430067 -0.054552 -2.204777 13.138385 -21.414118 
0.151928 0.844358 0.193916 0.066025 -6.320723 -6.465421 -6.966169 
0.107729 0.162359 -1.067249 0.070308 3.796465 1.241589 -8.352475 
0.789450 0.050224 0.973455 0.556741 -0.104531 -4.932340 -0.705506 
0.417882 0.742070 0.277376 -0.859483 12.330428 -0.978415 8.176301 
0.415458 0.082166 -1.763697 -0.647311 -5.462632 -20.554630 2.089767 
0.510419 0.496476 -0.306686 0.139142 -2.809469 19.002329 11.402208 
0.130425 0.453927 -0.238066 0.560183 -9.792328 -4.881057 9.173853 
0.312402 -0.651812 0.682104 -0.261869 9.827459 -0.206604 0.928182 
0.489643 0.222070 0.098134 -1.616224 -3.230973 6.428777 -17.421068 
0.449688 0.220177 -0.296635 0.930983 16.366272 15.117560 7.907879 
4.640213 -1.005934 -1.868654 -2.006168 -8.151978 -24.584457 -34.560862 
0.102329 -0.504283 -0.503779 0.490247 13.056599 -2.069090 -0.545063 
0.088752 -0.206267 -0.345778 0.379915 -30.923421 9.222423 5.489884 
0.124181 0.203756 -0.645420 0.598066 10.201946 -15.480078 0.675425 
0.142677 0.641449 -0.267406 -0.085824 -13.473222 -5.495051 -12.214935 
0.646196 -0.762410 0.832613 0.048485 -3.102299 4.665722 -20.340265 
0.112694 -0.192508 0.325891 0.526352 -15.737801 -17.629644 0.470012 
0.176104 0.402758 -0.126814 0.946247 -9.234922 -8.498564 1.136530 
0.106965 -0.169473 -0.233627 -0.179564 -14.760434 3.649449 17.592152 
0.330430 -0.621657 0.835880 0.128553 -8.272022 2.758340 -0.094461 
1.059937 0.421908 -0.095607 -0.052628 12.656593 -4.694308 -14.570638 
0.446854 0.068691 0.704138 -0.234013 3.067595 2.486867 -12.617931 
0.249843 0.087341 0.144662 0.319445 -11.061790 22.819415 15.914457 
0.126972 -0.212592 -0.281767 -0.563652 -5.469727 2.964389 -2.810261 
0.148713 -0.336402 0.156429 0.331287 10.616861 -5.373756 15.212918 
0.153845 0.746680 0.566951 -0.075462 9.931657 8.620620 -5.095456 
1.523067 -0.112927 0.408280 0.084807 -1.218912 -15.810360 6.718364 
1.665441 0.244833 -0.861103 0.019222 3.479018 3.120334 -16.411917 
0.167356 0.393230 0.008105 0.008234 9.056283 20.935546 12.882338 
1.433413 1.704357 -0.651485 -0.153085 14.626139 -17.000484 1.291621 
0.264805 -0.278511 -1.049207 -0.025912 -13.752186 -11.039268 4.681159 
0.110793 -0.112253 -0.052848 0.341508 -6.766901 12.707952 -21.681750 
0.180061 -0.298453 0.529297 -0.228454 -3.857672 0.618653 4.937432 
0.195410 -0.136668 0.138941 -1.496418 -0.949885 1.982055 -7.008947 
0.091610 1.174745 0.472899 -0.178114 9.476028 4.444856 15.359159 
0.100160 -0.002548 -0.532564 -0.283069 -13.596459 3.537842 4.923156 
0.329612 -0.514720 -0.106461 0.654718 -7.078740 3.393980 4.452090 
0.174903 0.043898 -1.221323 0.142139 -11.316965 -10.224230 -7.815321 
0.088879 -0.239502 -0.010963 -0.001141 -13.942788 6.570925 -0.140352 
1.382242 -0.511559 -0.046001 -1.019713 8.958772 -11.930817 -7.038582 
0.137418 0.353129 0.430776 0.424427 -11.638634 -8.654182 -0.391567 
0.550522 -0.906236 -0.333370 -0.195621 -0.433974 -17.610731 9.843224 
0.977405 -0.127875 0.870983 -0.363587 -14.549295 7.295388 -4.887516 
1.078071 -0.364631 0.551701 0.481692 0.824215 14.110182 -6.653559 
0.158053 -0.058685 -0.698373 -0.074741 15.216369 -25.710209 -0.660989 
0.173348 -0.129948 -0.069101 0.018680 10.874676 -2.603630 -13.238816 
0.082934 0.280770 -0.401253 0.942637 15.121541 6.609795 -3.011693 
0.136636 -0.338663 -0.069572 0.407394 -16.282604 -5.820328 18.135848 
0.143734 0.730623 0.400835 -0.022008 -8.290434 0.773865 -10.435230 
0.441192 -0.592285 0.047006 -0.016528 -0.785646 11.011752 -11.005799 
0.419927 -0.397695 -0.053520 0.465462 11.428194 -16.328439 -6.267210 
0.233936 0.236694 0.490696 0.640157 -20.699048 -2.542485 7.452668 
0.472655 -0.591913 -0.224508 -0.257321 -0.525393 -10.424547 -10.041495 
0.114863 -0.483919 0.238229 -0.207341 3.421678 3.706771 -22.342148 
0.090134 0.227953 0.203885 0.118404 4.052352 18.665076 -4.004333 
0.541043 0.720984 -0.085628 -0.412592 24.004507 -4.060969 10.902586 
0.282572 -0.335410 -0.247230 0.061648 -26.202586 -2.057835 11.258758 
0.115642 0.897792 -0.615046 0.059410 7.839171 -11.220116 0.005684 
0.081355 -0.497306 -0.015253 -0.932727 -23.748860 8.861957 -7.488460 
0.367829 -0.313624 -0.889438 0.274566 -4.739939 2.979839 5.363106 
0.139629 -0.440061 -0.402480 -0.119916 3.756381 -19.449988 0.380383 
1.352784 -0.456722 0.005725 0.225285 4.820490 -4.826731 -11.102664 
0.125255 -0.272177 0.320281 -0.256463 12.469454 -12.631795 -14.006187 
0.401327 -0.101411 -0.510375 1.365398 -1.134643 -4.754186 18.157132 
0.285734 -1.137644 -0.721008 -0.421658 -0.854280 -17.416836 2.118322 
0.395651 0.519270 -0.432951 -0.226219 18.940591 -5.313155 -0.681319 
0.293098 0.501476 -0.414829 0.493763 -12.935709 -2.919554 7.958358 
0.087827 -0.648743 0.610311 0.209544 10.505698 8.422246 8.475950 
0.145431 -0.801500 -0.433229 0.363230 -6.796600 8.175614 -19.506047 
0.180115 -0.679954 0.656515 -0.388396 -19.948202 7.797949 4.456716 
0.096200 -0.089221 -0.369975 0.011818 3.376864 -6.882945 -1.373063 
0.666776 -0.518273 -0.360135 0.689303 -19.532324 -8.921152 17.649843 
0.204329 0.082828 0.375312 0.080341 -3.232986 -6.046378 11.170914 
0.115895 -0.050310 -0.282292 0.543994 5.344566 16.297074 -9.917772 
0.093908 -0.225873 -0.443246 -0.473639 6.293793 -5.810595 11.175754 
1.218377 -0.783536 -0.379664 0.488055 -4.357123 16.035245 6.695023 
1.577937 0.343757 0.399654 0.410113 -16.957274 -11.466819 3.483086 
0.624013 0.195378 -0.225093 0.496267 -9.042054 -5.174210 -15.763914 
0.094581 0.302961 0.869052 0.371559 12.678850 -8.265899 3.004935 
0.082735 -0.174776 -0.016688 -0.699454 4.287900 13.185661 5.022270 
0.117562 0.500877 -0.885496 -0.006079 -5.202375 -1.825122 -16.007168 
0.104059 0.085774 -0.600889 0.214341 2.357531 -1.826774 -16.280641 
1.175398 0.159614 0.173506 0.811722 -10.514073 -12.021095 19.309513 
0.164169 0.806435 1.665947 -0.228303 9.682957 8.867155 -12.910998 
0.291452 -0.459022 0.314007 0.027640 -7.163924 -10.518249 -14.860599 
0.206673 -0.268409 -0.283274 0.157405 -13.637893 -20.589732 -2.856628 
1.289324 0.263714 0.765350 0.942865 17.608622 23.748739 -0.306620 
0.086315 -0.222789 -0.075953 -0.479933 -16.645490 3.683740 -4.027812 
0.235153 -0.034566 0.182634 0.440979 3.221373 -20.216513 -0.270093 
0.115719 0.481439 -0.486730 -1.251311 16.171072 -14.782150 -15.827232 
0.363410 -0.118632 -0.403383 -0.346920 10.928865 3.147313 11.753153 
1.751386 1.021903 0.183765 -0.413677 10.894855 -5.312618 7.704356 
0.207984 -0.373677 -0.156672 0.344246 6.486949 -1.760203 -16.031324 
0.102911 0.273165 -1.011314 -0.416453 11.275136 -8.874689 9.485584 
0.178659 -0.417539 0.987126 0.230989 8.969610 1.478838 6.426524 
1.266026 -0.206817 0.712974 -0.468655 10.395073 -8.401354 -4.274398 
0.304509 0.526169 0.224898 0.415095 -5.597878 -16.764652 -3.747910 
0.111776 -0.026080 0.075472 0.257346 -17.868013 12.079783 -1.888380 
0.518423 -0.910106 0.185847 0.737624 -14.601349 -13.769305 24.017286 
0.412206 0.378062 -0.430822 0.315663 -18.036862 2.763963 15.340233 
0.151101 -0.116917 -0.041664 -0.582687 9.874797 12.573128 4.234864 
0.220913 -0.146411 0.851862 -0.039018 9.749115 2.239579 5.061071 
1.412488 0.060151 -0.089998 -0.050647 -1.470105 -17.545242 -13.274607 
13.278585 -0.262224 0.636490 0.318152 -15.956016 -3.526130 6.342877 
1.463321 -0.557828 -0.185935 -0.104404 -13.236520 20.793705 7.496164 
0.120159 0.348005 -0.595082 0.568777 8.996966 13.672999 9.130690 
0.365350 -0.222968 0.576774 0.151604 9.795391 -9.990274 10.115654 
0.105973 -0.404710 -0.338075 -0.470393 -2.913961 2.027248 16.460204 
0.295892 -0.701372 -0.413195 -0.044407 6.596468 7.331910 10.737014 
0.206326 -0.479990 0.051668 -0.124943 1.130034 6.448600 4.730486 
0.093712 -1.303380 0.397539 -0.123284 -2.296656 6.646760 -0.392725 
0.095148 0.263927 -0.252314 0.427495 3.216855 16.348851 6.937333 
0.206538 0.021012 -0.873797 0.206170 -19.743115 -14.933628 6.357840 
0.086877 0.365232 0.458884 0.626649 -4.809175 -7.048908 -7.402408 
0.089099 -0.050097 -0.226749 0.914654 -6.232181 -16.550141 4.660589 
0.510706 -0.672799 0.180175 -0.180592 -13.721046 12.710903 15.408631 
0.209703 1.287883 -0.881492 -0.564397 17.183284 -3.529036 -4.707615 
0.558090 -0.270944 0.908518 -0.099228 -6.150041 -7.606991 10.852126 
0.094925 -0.037716 -0.315009 0.097119 6.493853 -0.414074 -18.699702 
0.169485 -0.011020 0.179028 -0.785260 1.908510 -12.123968 -4.455467 
1.190304 -1.103592 -0.749606 0.296085 -8.981251 -15.750705 4.493749 
0.229716 -0.211104 -0.387922 -0.042535 -10.547089 -19.347588 -5.257616 
0.590880 -0.202171 -0.264464 0.387286 -26.070087 2.484616 -10.704708 
0.480535 0.336985 0.022730 -0.033733 -3.974690 8.034109 -0.589492 
0.234429 0.107456 0.119016 -0.317144 -22.037288 -7.479482 -6.160301 
0.582021 -0.816386 0.341527 -0.109027 -13.935131 9.485837 -20.997488 
0.189197 0.489583 -0.621244 -0.623504 0.330286 -0.740776 0.767951 
0.259575 -0.637021 0.268386 -0.712409 12.899231 1.791161 -11.669973 
0.447006 -0.230252 0.027135 0.213431 -22.293754 17.566151 -11.895031 
0.147887 -0.473562 0.482352 0.206249 10.746391 -3.275671 4.016621 
0.231699 -0.238584 0.435559 -0.047719 2.858063 -14.812531 -0.930609 
0.453708 0.121750 -0.328362 -0.014234 9.228357 -9.500862 10.285971 
0.920339 -0.783505 0.806608 -0.798641 3.668199 11.305800 -11.103886 
0.955703 -0.133721 0.173012 -0.229150 -4.547359 14.243650 14.514934 
0.084577 0.189967 0.462509 -0.328674 -2.110647 -6.719552 -13.063868 
0.160624 -0.271636 0.207082 0.126246 1.406479 19.214246 12.548877 
1.172148 1.153723 0.268180 -0.668937 23.602210 -2.482478 -34.543409 
0.760534 -0.196417 1.611664 -0.139770 8.776842 20.535229 15.640641 
0.114553 -0.610222 -0.496027 0.113914 13.109774 -13.649579 8.060162 
0.117572 0.746900 -0.569635 0.040260 13.498252 -26.295526 -5.436586 
0.762149 1.063398 1.810040 -1.586419 23.333785 32.626270 -9.740309 
0.232792 0.424107 -0.790173 -0.186535 -0.710302 10.898538 -5.115845 
0.215009 -0.005109 0.337748 -0.076382 -1.996534 0.498450 -0.764150 
2.204810 -0.197083 -0.006599 0.088948 -1.902587 21.917471 1.049443 
0.129032 -0.796083 -0.544650 2.015763 2.570104 -18.185349 37.392330 
0.374042 0.896527 0.435572 -0.322851 -3.374472 -2.803494 1.398019 
0.205433 0.007771 -0.016162 1.163592 -14.200512 18.152595 8.577509 
0.160079 0.338158 -0.590951 0.191543 -14.607957 5.313987 7.030710 
0.136090 -0.880441 0.631134 -0.313600 -11.116560 -5.944159 12.821984 
0.119841 0.323795 0.418104 0.004001 5.023860 15.780784 18.454190 
0.201503 -0.878344 -0.140330 1.407220 -3.136291 -10.974684 11.693059 
0.611073 0.395070 0.005777 0.453743 -12.977536 -14.532313 -8.298745 
0.115016 0.731460 -0.131088 -1.371683 7.474868 -14.695130 -11.432855 
0.399244 0.484874 -0.616306 0.045455 15.518659 -14.462383 7.702044 
0.131342 -0.564942 -0.404499 -0.986538 -2.773269 9.166951 -6.280828 
0.174201 0.048558 -0.872216 0.605255 -0.539733 4.881281 22.835197 
0.089275 -0.109852 0.119331 -0.065028 20.304496 -1.868353 -3.925093 
0.438872 -0.174517 -0.413982 0.510030 18.123828 2.151926 -0.532622 
0.085636 0.306132 -0.037971 0.231254 13.761942 -6.892759 -11.725263 
0.582912 0.133660 0.042932 0.194741 -7.422206 -0.280045 -2.054617 
0.240412 -1.248518 -0.082499 0.113038 -13.263102 -0.753790 21.524801 
0.226021 0.707714 0.114323 0.357125 -4.584797 4.814578 19.710922 
0.107205 0.105771 0.451391 -0.274257 -13.354151 -6.254098 0.498022 
1.102835 -0.161695 -0.023001 0.242200 17.038258 2.955641 24.673827 
0.266126 -0.184563 0.680898 -0.061871 -21.412261 5.368643 -14.178266 
0.409423 0.072175 1.246668 -0.590289 -10.145697 8.207835 -5.586721 
0.089384 0.010991 0.360170 -0.330941 15.007763 -13.318839 -10.777564 
0.113871 -0.277679 -0.410514 -0.238807 10.210419 -4.688238 -5.790270 
0.746267 0.073995 1.550645 -0.048774 -2.990908 6.897176 -8.548686 
0.219386 -0.636354 -0.696451 -0.377975 11.002905 -19.465460 -9.071671 
0.439077 0.312096 0.061447 -0.401148 -18.570177 5.782555 -14.656211 
1.444015 0.546830 -0.345716 0.089399 0.499658 -0.436856 -6.930243 
0.102731 0.344490 -0.948579 0.577714 8.735949 2.838088 1.161111 
0.202560 -0.712297 -0.965446 -0.645151 -3.834306 -39.037227 -62.814516 
0.091773 -0.239345 0.498413 0.099759 0.863680 1.198849 -9.172049 
0.159646 -0.686076 0.725082 -0.745982 -6.126926 -6.560059 -3.303262 
0.210510 0.085567 0.686092 0.137337 -20.953481 -4.747670 1.940727 
0.129464 -0.251993 0.576808 -0.298010 8.181306 -0.566855 -0.871452 
0.235395 -0.311685 -0.459690 0.419232 -12.048347 14.185643 1.539379 
0.392760 0.441072 0.294276 -0.406899 -9.053797 -13.535540 -4.987024 
0.340464 -0.063401 0.227448 -1.041105 4.015662 13.907229 0.206802 
0.558675 0.160875 -0.315906 0.293235 21.241279 8.173534 -6.620460 
0.269181 -0.178119 -0.225166 0.265081 -6.423522 -2.628105 19.746579 
0.080832 0.209942 0.602171 0.282003 4.776801 10.594182 23.242746 
0.161454 0.209335 -0.111024 0.073064 -17.832949 -12.557756 -16.862685 
3.272843 -0.011176 0.010841 -0.021295 -9.392958 7.006749 -12.149079 
0.126733 0.766051 -0.145465 -0.164717 -6.409558 -18.392489 -3.799853 
0.147442 -0.497554 -1.390084 -0.521675 -2.895391 -26.935236 -0.795057 
0.234874 -0.100686 0.447683 -0.501892 -11.722876 8.283950 8.479047 
0.088322 0.356737 0.306445 -0.898455 -5.099551 5.752204 -12.105372 
0.124823 0.313503 -0.206953 -0.758533 -11.262133 3.399444 5.691435 
0.134972 0.711311 0.644566 0.511619 11.901851 8.317644 0.243711 
0.114632 -0.029704 -0.260000 0.402758 -2.617436 15.423978 2.315738 
0.145861 -0.485266 -0.417669 0.517873 11.141878 5.290369 -6.283767 
0.263366 -0.133183 -0.026040 -0.558998 -5.553409 8.455997 12.854345 
0.973808 0.186278 -0.218664 0.039269 -13.024478 14.782065 -1.434244 
1.966409 0.150682 -0.004708 0.054049 -6.790792 12.893894 -12.971967 
0.137245 -0.252394 0.001176 -0.671949 12.555977 -3.178625 -0.029628 
0.175886 -0.222541 0.165482 -0.210856 -9.619243 -12.275405 8.747106 
0.427154 -0.534409 0.078280 0.570580 -1.167034 -15.210034 7.239816 
0.305641 -0.481576 0.291335 -0.370851 -2.975363 -18.028662 -8.166282 
0.126873 0.143586 -0.282283 -0.083369 0.854893 -1.699412 8.288099 
0.202129 1.153726 -0.434600 0.639370 8.614848 -0.348921 20.274846 
0.103947 0.783317 0.588487 -0.140217 -7.833557 14.026471 5.257742 
0.160192 0.282399 -0.861764 0.348227 17.109556 -0.272281 7.440477 
0.087931 -0.467993 -0.057381 -0.336455 -9.406527 -4.367332 14.938455 
0.201166 -0.365016 0.060111 0.197443 -17.196787 -15.219314 16.030581 
0.129271 -0.037789 -0.451910 0.613192 -16.146687 0.759235 -7.335976 
0.244547 -0.426755 0.156947 -0.027677 -4.909694 -4.894924 24.696094 
