0.202999 -0.070423 -0.627649 0.508149 -7.060459 14.769538 1.141397 
0.583882 -0.815687 0.007141 -0.422768 1.620137 24.230338 1.058114 
0.585149 -0.404739 0.145688 0.966068 5.473880 -0.017710 2.776361 
0.085689 0.438562 -0.433410 -0.364250 -10.536830 -13.304859 16.607756 
0.090936 -0.144405 -0.281231 0.474442 -4.304351 -1.043467 -3.678787 
0.457888 -0.022444 0.922119 0.561249 -16.529855 3.688660 11.517002 
0.179449 -0.347770 -0.776391 -0.271625 -7.857360 -16.904804 -10.384950 
0.103175 0.612450 -0.070563 -0.658144 10.576047 -19.040001 -5.118649 
0.199182 1.428534 -0.055630 0.252391 21.870630 -10.173355 4.833090 
0.109107 0.559551 -1.184470 0.141808 4.079703 -15.608969 8.974108 
0.232498 0.421633 -0.080348 0.675817 5.792453 -12.647116 2.227437 
0.683878 0.421884 0.795782 -0.354773 -9.221162 5.172469 -20.712953 
1.809017 -0.158388 -0.049615 0.303882 -2.163446 11.577885 -5.326160 
0.133767 0.014346 0.568787 -0.592957 25.555163 13.567924 -5.437232 
0.207935 -0.638749 -0.159372 -0.882590 -12.551967 15.726147 -12.740673 
5.586845 -0.645695 -0.256176 0.535430 0.347234 -2.405139 -7.088244 
0.099031 -0.356651 -0.588091 -0.384738 0.588309 -7.714840 15.330738 
0.095457 0.343854 0.348908 -0.193497 -7.445310 -5.293847 6.755695 
0.166412 0.119511 0.727766 0.251324 8.583086 11.984718 -19.760784 
0.401973 -0.593177 0.217263 -0.553969 -1.039284 -25.431642 -3.054780 
0.149690 0.255741 -0.052238 -0.335590 12.133061 10.536259 11.382440 
0.135040 -0.722942 -0.543204 0.084468 -2.711487 12.272130 -5.742579 
0.230700 0.725342 -0.282377 -0.656566 8.564183 9.707200 -11.631171 
0.296048 0.381405 -0.808261 -0.467117 -1.804290 -7.183236 6.539638 
0.089040 -0.285065 0.058757 0.100813 -2.466261 -12.215744 14.333242 
0.218861 0.096947 -0.517199 -0.291952 19.088630 -12.977300 -9.606439 
0.780326 0.385261 0.328417 -0.167370 14.717905 -11.098307 -20.714239 
0.110177 0.647375 0.657388 -0.655787 11.483686 16.520577 6.374842 
0.308745 0.122020 0.444090 -0.060078 24.977261 -23.088585 -18.578714 
0.930095 -0.255837 0.024547 0.455357 3.260546 1.321910 -15.077369 
0.154448 -0.539028 -0.385010 0.137710 7.981597 14.597120 -11.390443 
0.449860 0.200437 1.041522 -0.310781 -3.838480 12.423486 8.862457 
0.194281 -0.874527 -0.117570 0.448845 -5.280387 -6.492062 4.003035 
0.121470 0.513537 0.238609 -0.224475 -7.185294 13.974489 23.495435 
0.388680 -0.008898 -0.427198 -0.572641 3.538698 5.281714 -11.246333 
0.552874 0.592995 -0.620122 -0.400061 0.488987 -24.262986 9.206374 
0.107074 -0.373653 0.732762 -0.184410 1.017035 -3.528829 15.203678 
0.218546 0.903916 0.886021 0.300105 8.473784 15.830943 0.844868 
0.118025 0.362572 0.747537 -0.201933 -12.259914 -8.299582 -10.644962 
0.176826 0.290942 -0.126546 0.129232 -1.577661 -13.932661 14.940561 
0.123628 0.326119 -0.646997 -0.829789 -2.086420 -1.391174 -9.549670 
0.103987 -0.253067 -0.745954 0.692911 16.998609 -2.745192 30.047237 
1.612405 0.149372 0.127300 0.310867 -4.247052 0.398470 15.738817 
3.952128 -0.352170 1.221062 -0.318199 -2.200985 16.309189 7.317424 
0.090817 -0.441158 0.205541 0.232390 0.767093 -2.565833 -3.728076 
0.094271 -0.257120 0.972692 0.029560 -2.651298 -2.424008 -2.750242 
0.105198 0.563093 -0.204716 -0.700390 -11.246870 -6.028128 -19.010857 
0.122132 0.220095 0.089039 0.216596 -15.823311 1.635648 -1.077295 
0.167817 0.550755 -0.283307 -0.707842 -6.810785 -16.028618 1.368678 
0.138488 -0.522648 -0.891577 -0.729325 -2.607204 -23.629644 1.801542 
0.701272 -0.558698 0.065719 -0.666208 28.497271 4.787928 -18.207650 
0.367183 -0.102622 0.633510 0.456688 1.427951 -0.292055 25.201986 
0.116639 0.286574 -0.142497 0.136546 12.985716 -14.301887 -13.011390 
0.156405 0.102725 -0.127304 0.308190 -18.493082 14.015554 -28.173859 
0.118162 0.360568 -0.564682 -0.267018 3.642143 4.193947 7.569075 
0.151293 0.080099 0.157009 0.746162 3.968531 -7.800552 -13.738674 
1.456612 0.038012 -0.009539 -0.607763 -13.895389 2.347407 12.652666 
0.095248 -0.185867 0.423908 0.601493 -5.215870 7.873509 -2.902350 
0.298886 0.277528 -0.075516 -0.745717 -2.225960 0.088136 9.526372 
0.512636 -0.168216 0.606306 -0.731415 1.052520 6.020214 6.740099 
0.121466 0.154110 -0.755894 -1.234134 14.462085 -16.170279 -17.720025 
0.863813 -0.528185 -0.112839 0.304457 -13.317920 -7.851788 -13.906027 
0.283593 -0.324955 -0.233329 -0.859755 -10.493000 -3.503710 -0.516433 
0.114183 0.299291 -0.159064 -0.040592 -6.422386 26.371294 -12.139185 
0.387857 0.190802 0.345898 0.673466 -1.623884 -8.321930 8.049257 
0.102340 0.150959 0.468798 0.074322 -11.377774 -11.200422 33.604345 
1.423034 -0.087097 1.123798 0.186505 16.108680 11.036695 -2.230814 
0.118440 -0.208540 0.258488 0.815330 8.588092 -7.016323 16.088960 
0.087317 0.235789 -0.004888 -0.661230 -11.453548 -0.571139 14.566804 
0.115648 -0.012209 -0.177523 -0.230660 2.017699 -14.520596 17.225993 
0.335498 -0.366794 -0.011942 0.790020 6.751277 -23.375174 5.895216 
0.109210 0.301181 0.559041 -0.392315 -5.680147 2.587419 -14.196412 
5.398343 0.491593 0.169984 0.127921 1.626581 14.819930 6.113487 
0.438696 -0.036703 0.384579 0.601149 -19.335690 -7.940912 -2.755128 
0.102783 0.019173 0.591840 -0.464282 10.910432 -9.627267 5.856446 
0.317653 0.839649 0.076795 -0.718613 3.714206 23.231242 -17.428704 
0.117399 0.395894 -0.503354 0.092827 -12.240524 16.899027 -8.681892 
0.135796 0.865191 0.568743 0.060100 26.266268 -10.130384 5.855160 
0.139152 -0.066133 0.011674 0.173293 0.673943 19.710749 5.445045 
0.081844 0.448279 -0.376544 0.598638 4.696376 -3.211766 7.136838 
0.210768 0.487666 0.273176 -0.893477 -5.560856 -4.992963 -6.779398 
0.087151 -0.600159 0.220398 0.285992 1.677464 -1.970427 35.996505 
0.247564 0.336824 0.434089 0.510509 -1.826481 -24.596759 3.947209 
0.118055 0.677678 -0.822469 -0.562277 0.532716 -4.682593 -13.116235 
0.133708 -0.360903 -0.380841 -0.139206 16.025869 -39.465120 2.051165 
0.137951 -0.035802 -0.536908 0.556242 -15.928422 5.596330 -5.345429 
0.295736 0.962156 0.780985 -0.149060 70.181543 36.116594 -10.910150 
0.093592 -0.342197 -0.078660 0.509639 -6.094002 9.753556 -4.098922 
0.180968 0.265896 0.760415 -0.730075 0.379062 4.346019 0.750933 
1.058781 0.047036 -0.648509 -0.458062 8.309650 4.372855 -4.752884 
0.086350 -0.139756 0.017048 -0.139753 6.971526 1.150300 19.049078 
0.263354 0.628961 -0.794351 -0.126246 -3.740253 -1.657555 -1.323091 
0.556778 -0.041334 0.503372 -0.845025 5.054124 -7.819900 -3.062347 
0.139284 0.569412 -0.176363 -0.693692 -0.599956 4.155378 -1.189690 
0.478468 0.535189 0.255679 -0.169852 3.611395 4.901674 -13.680220 
0.165293 0.076209 -0.606384 0.287288 1.815375 0.004657 -3.047848 
0.493788 -0.373472 0.153526 0.504064 -1.147560 0.890512 -25.018677 
0.252788 0.407474 -0.107413 -0.897264 10.406543 5.436274 3.869750 
1.145613 0.489384 0.341605 0.074684 -3.299446 -21.205243 16.543572 
0.388183 -0.197077 -0.254011 0.013948 -9.941183 13.592503 29.583895 
0.094407 0.399773 -0.803351 -0.220048 -6.341034 1.008406 -1.236047 
0.126740 -0.055132 0.508278 -0.084957 -0.901496 22.630360 -1.757281 
0.323270 0.154018 0.377580 0.555705 -3.661689 -7.581153 -2.734877 
0.198042 0.342334 0.780235 -0.165627 -14.292439 26.972160 -2.338840 
1.167561 -0.825383 -0.443659 0.493620 4.023525 -3.875551 3.707008 
2.697368 -0.697782 0.059491 -0.526262 4.903056 4.733483 2.706309 
0.376011 0.599210 -0.103544 0.307765 -15.050924 -11.143317 -12.681319 
0.588263 0.293124 -0.126622 0.954009 0.423320 -4.468973 -2.150399 
0.138650 -0.065799 -0.411540 -0.733051 28.494410 6.983610 -6.552399 
0.373816 -0.082276 -0.769608 0.878131 1.291224 1.884461 9.545017 
0.401930 -0.048241 0.523911 -0.451975 -1.836458 10.202080 -18.397772 
0.263064 -0.400650 0.018112 -0.006643 11.862527 13.157387 -9.614270 
0.459762 -0.226179 -0.667131 -0.486605 -21.463525 -2.941890 10.848030 
0.328088 0.395300 0.222685 0.278168 1.070564 16.929120 10.071518 
0.860282 0.305855 0.702900 0.216890 -5.986238 22.772530 27.504602 
0.273055 0.177952 0.467396 -0.168916 9.981939 -10.185542 2.054353 
0.396253 -0.249861 -0.782763 0.135186 -18.596599 -6.524878 -4.217170 
0.246288 0.034475 -0.393370 0.413483 4.231539 6.935134 -21.547787 
0.730294 0.436057 0.088567 -0.285510 -5.935997 2.413257 10.306605 
0.278430 0.378666 0.173473 -0.197925 -0.388957 18.853325 1.192383 
0.151503 0.274243 -0.386330 0.279512 0.229521 -17.865683 -27.045900 
0.100432 -0.082704 -0.633356 -0.259949 16.882728 3.947465 -7.543920 
0.082624 0.363988 -0.859456 0.425331 -12.701124 -6.632776 7.286630 
0.114711 0.660239 0.531414 -0.856313 11.349702 -11.436812 -13.562912 
0.192666 0.812753 -0.195767 0.214605 -0.951455 -3.157038 -23.030203 
0.287114 -0.032278 -0.067176 0.935574 14.096078 -19.896752 6.102311 
0.585359 0.454540 0.619339 -0.278982 8.499427 6.611965 14.730964 
1.376095 -0.020887 0.365378 0.208104 -13.839465 -1.321200 -5.282087 
0.431641 0.454899 -1.018824 0.081455 9.584811 -4.448244 -11.162562 
0.136683 0.138355 0.470982 0.062478 -14.493969 8.274318 -3.602237 
0.323241 0.387565 0.134170 0.680871 13.940127 -6.146383 0.272181 
0.391024 0.441561 -0.243670 0.456488 -24.976284 -2.274046 11.624616 
0.112116 -0.264937 -0.316791 0.590006 -0.327530 20.479507 4.884024 
0.116547 -0.408506 0.346005 -0.310946 3.520167 14.562237 -10.218142 
0.952396 0.662313 0.472364 0.209296 7.615279 -11.507741 -4.184820 
0.374161 -0.507434 0.773472 0.085709 -9.548634 -12.675834 -7.118439 
0.178419 0.470106 -0.036489 -0.229252 7.649098 -1.484945 4.277111 
0.192961 0.471960 0.834181 -0.022818 1.383549 6.359909 -21.974447 
0.763069 -0.102010 -0.018237 -0.567927 -7.822995 14.810956 15.144781 
0.181019 0.797690 0.218363 -0.257536 -0.226222 8.547876 9.182133 
0.393969 0.166576 -0.123546 -0.557260 23.121379 29.803925 0.614625 
0.408300 -0.170272 -0.057832 0.153201 17.011798 2.505755 1.346467 
0.506972 0.433999 0.597961 0.469648 9.028428 -3.524751 -16.838950 
0.168852 0.325247 -0.618917 -0.711016 7.411269 -9.551358 8.147820 
0.196085 -0.610876 0.523091 0.172781 -3.985128 0.242270 -4.178665 
0.836938 0.789978 -0.613073 0.402223 11.874454 -6.581736 -7.173510 
0.701221 0.190429 0.737713 -0.118369 8.091771 -3.067305 -1.687136 
0.263429 -0.157739 -0.091426 0.130866 2.062490 19.971196 -10.889990 
0.151360 0.979493 0.029470 0.661375 0.474610 -10.818481 20.250049 
0.449375 -0.355007 0.484239 0.285125 -0.208589 13.380752 -0.550961 
0.108928 0.213372 0.929090 0.208284 18.682127 -2.646343 15.860603 
0.090465 -0.961716 -0.223871 0.462792 -2.058028 -1.468741 8.586489 
0.531060 0.637174 0.066815 0.981240 -4.535458 15.156802 20.965475 
0.272013 0.622567 0.394792 0.172207 -10.868467 12.998180 20.269784 
0.127889 0.359486 0.200736 0.326523 16.290459 -3.561562 2.873467 
1.070260 -0.054215 0.106340 0.223117 -5.285792 -15.051526 -15.235720 
0.111702 0.351568 -0.373679 -0.765886 -13.200655 3.202549 -4.879454 
0.275275 -0.245349 -0.132652 -0.018695 17.234609 -19.103476 1.975393 
0.433814 0.791972 0.449866 0.064252 -2.151957 -6.869586 -10.385284 
0.121123 0.321926 -0.397047 0.583338 -3.654520 -14.348299 -19.954162 
0.604561 -0.326074 0.307441 -0.714127 -13.645824 14.538032 3.342485 
0.672200 0.352407 -0.308450 -0.386559 17.255480 4.209212 17.379579 
0.485099 0.244276 0.937704 -0.181692 7.331569 22.430389 9.572967 
0.088968 -1.119355 -0.343187 -0.034537 -18.097248 8.443461 -1.562321 
0.372330 0.475524 0.528060 0.500363 -5.922170 7.294849 -5.048217 
0.427499 -0.732987 0.216280 0.696242 5.967379 -10.978167 22.584676 
0.148166 0.539419 0.175014 -0.199839 9.639554 -19.567591 -12.303103 
0.205405 -0.185077 -0.107462 -0.479436 -1.916103 -20.858325 -12.339155 
0.273438 -0.605040 -0.605957 0.271773 14.176238 -6.952228 -2.034878 
0.257004 0.205485 -0.779906 -0.207781 11.301954 7.195921 -25.874763 
0.083821 0.030868 0.368759 -0.295800 -9.987585 16.459334 28.398431 
0.673429 -0.388765 -0.081292 0.784036 -2.782843 -5.533092 20.524355 
0.093338 -0.205186 -1.026434 0.661235 3.659290 -9.618371 10.336751 
0.097693 0.026356 -0.071728 -0.708019 -0.815514 -2.758272 10.408165 
0.081727 -0.276191 -0.172602 -0.380841 -1.845651 -7.808439 3.228911 
0.417045 -0.267733 0.059902 0.400651 11.446516 -6.021900 -16.620351 
0.387177 -0.514456 0.303391 0.427622 -14.537362 -2.336657 0.279463 
0.350927 -0.189315 -0.748201 0.325141 -9.902694 1.170529 6.604659 
0.081891 0.663883 0.111870 -0.400237 -3.917983 -4.017053 -18.573279 
0.111530 0.096207 0.074572 -0.466639 -16.914844 12.214991 24.455628 
0.729211 -0.261093 -0.174712 0.426378 -9.697936 -3.756307 -12.105395 
0.081209 0.747296 0.370796 0.038666 8.648250 -1.689097 4.928015 
1.066327 -0.258906 -0.308096 -0.629973 8.072413 8.598360 -5.812689 
0.844840 0.343070 -0.007581 0.039788 -10.713800 9.881998 8.110803 
0.286414 0.265787 -0.308766 0.774396 5.683108 -4.954482 7.723993 
0.108220 -0.468159 0.667251 0.131896 11.834984 4.092992 13.421239 
0.106446 -0.598054 -0.050932 0.319949 17.474691 -14.814431 -1.785025 
1.618982 0.509999 0.703195 0.429211 -7.559405 29.358322 -3.591161 
0.126190 0.245500 0.202638 0.444192 -21.785314 4.385927 -8.054048 
0.666898 0.045604 0.025816 -0.004931 7.521685 -2.847258 10.709226 
0.355266 0.461865 0.064435 -0.708556 1.584081 -0.061107 -1.748429 
0.365762 -0.284755 -1.351946 0.310760 -21.063076 -37.946806 -4.337024 
0.430606 0.417947 0.114086 0.193322 5.494110 12.362991 -7.526959 
0.100431 -0.878205 -0.480157 0.393948 7.384698 -13.976870 13.985797 
0.189647 0.598730 -0.065453 0.067582 -3.817693 -6.243700 7.081965 
0.132254 0.264118 0.561852 -0.303475 -18.188198 -1.862586 6.655409 
0.500139 0.360266 -0.272420 -0.196666 -13.272895 -10.440612 -25.507818 
0.175237 0.426593 -0.216711 0.347363 10.877148 26.348313 -13.389371 
0.123696 0.106791 0.422446 -0.340033 3.512884 11.993410 0.664066 
0.195281 -0.037631 -0.329782 0.625528 -8.977963 -16.507880 -19.555866 
0.599939 0.631837 -0.172610 0.381649 -22.226128 -14.603997 15.970589 
0.192741 0.094754 0.365152 -0.143575 6.014210 -8.465431 -5.655909 
0.200778 0.436902 0.953683 0.145467 16.070996 0.378274 1.142297 
0.177472 0.173930 -0.604339 0.666367 0.112932 -18.719939 -14.045748 
0.127855 -0.082886 0.083818 0.446572 8.610379 -22.559549 13.907746 
0.220526 -0.013527 0.466420 -0.416315 1.477952 -8.232049 8.400167 
0.627642 -0.265641 0.275494 -0.050163 -2.703206 -6.126673 4.776416 
0.637465 0.652282 -0.493713 -0.099138 -4.222509 -1.547714 -3.030661 
0.169117 -0.371751 -0.669606 -0.935548 3.495320 -8.591829 -6.932113 
0.114784 -0.064851 0.633046 0.337987 -14.855360 -10.736040 8.094904 
0.135557 -0.215174 -0.548699 0.058703 -4.075159 7.115335 4.065642 
0.579415 -0.465581 -0.129070 -0.825867 -15.099689 -3.513440 6.134634 
0.624848 -0.207389 -0.053840 -0.132410 22.209399 28.152075 -9.839054 
0.385484 -0.050673 0.663683 -0.402056 -20.048048 9.229034 9.221680 
3.082417 0.299249 -0.133313 0.213959 -17.762333 -5.677023 7.182571 
0.310489 -0.209941 0.179919 -0.711153 -3.550392 -17.140794 10.184589 
0.457154 -0.458185 -0.186938 0.320684 1.321494 4.118073 9.487991 
0.279294 -0.114068 0.364390 0.809793 -9.434954 5.009581 9.555867 
0.089763 -0.160840 0.315924 0.727253 10.063160 -11.404399 -1.990005 
1.249225 0.450775 -0.347838 -0.092005 -13.724326 19.122569 -7.372434 
0.163561 -0.231123 0.177561 0.288672 19.919105 -13.644683 4.406257 
1.702665 -0.092643 -0.078654 -0.196003 -16.407770 13.649267 10.839724 
0.087567 -0.591416 0.095805 -0.117798 6.263205 23.961287 -3.231996 
0.192231 -0.370135 -0.218076 0.062883 -1.033529 13.290792 -0.934580 
0.122081 0.584660 0.436260 0.524027 11.858478 -5.298098 -8.850074 
0.088452 0.052602 -0.602955 -0.183095 2.625422 -12.772102 6.018790 
0.470758 -0.509867 -1.070523 -0.238643 -8.089313 -18.972299 6.423932 
0.196106 -0.164821 -0.154135 0.043071 5.003943 -2.117895 -10.821708 
0.163499 -0.017315 -0.511243 -1.085085 16.997236 -24.212359 -5.807661 
0.080867 -0.413930 -0.131823 -0.902627 22.589337 18.570907 -24.401060 
0.223604 0.676349 0.140168 -0.488719 -3.353387 2.645446 10.645422 
0.155926 0.236794 0.516432 -0.000288 -32.701177 -0.000282 13.838292 
0.238387 0.258975 0.056528 0.726766 7.702171 18.388947 -4.268129 
0.106154 -0.270432 0.153401 0.480525 8.870482 2.563961 0.925615 
0.169911 -0.727539 0.726767 0.071646 -1.908638 2.392110 -11.869809 
0.113329 -0.025360 0.003857 -0.761946 18.895095 14.292791 1.478788 
0.192419 0.500402 0.347908 0.281566 24.728320 -25.236616 -6.096803 
0.594225 -0.611265 -0.315436 -0.696289 -1.979704 -0.411878 -7.285369 
0.085164 0.610822 0.220150 0.346186 3.367093 -1.714925 -15.587048 
0.117057 0.212903 -0.827740 -0.048844 -2.336174 3.823878 -9.713849 
0.205043 -0.263983 -0.537999 0.550446 1.884663 -12.392992 -5.543986 
0.234649 -0.800660 0.184805 0.144181 -1.694077 -15.154270 7.144616 
0.487672 -0.281444 -0.527555 -0.364839 3.003504 14.811261 4.444476 
0.223182 0.332746 0.587570 0.361425 10.380964 -4.199613 -3.472708 
2.476904 -0.358158 -0.622147 0.751986 -10.275603 -12.393981 -10.899898 
0.441734 -0.261871 -0.118865 0.156945 10.584698 -6.138706 -5.782564 
0.230397 0.418816 0.276828 0.029591 6.065179 -0.008068 19.446580 
0.689100 0.341859 0.804616 -0.888975 25.722345 11.668586 -15.820523 
0.815528 -0.059799 0.558875 -0.348695 -31.338451 5.064396 4.738673 
0.161492 -0.432144 -0.225337 0.426131 -8.181479 15.397010 1.995772 
0.542296 1.208822 0.023803 -0.427616 19.330508 -8.817975 -3.571635 
0.146522 0.692362 0.511031 -0.135670 0.895722 7.072200 11.961563 
0.256037 -0.542502 0.760507 0.065274 -17.531804 -7.053077 -13.920467 
0.887681 -0.616026 -0.863674 0.642161 -7.626391 1.402359 15.189953 
0.101372 -0.192769 -0.389573 0.148722 -3.941352 6.760639 14.467511 
0.141931 0.319875 -0.363960 0.169957 18.293565 8.703065 0.104272 
0.178446 -0.357481 0.005499 0.009450 -25.979081 11.431401 8.466602 
0.083374 0.106347 -0.109102 -1.098977 5.392586 -4.639268 -4.416826 
0.376685 -0.378542 -0.349410 0.872495 -1.305008 -2.620128 16.519885 
0.585808 0.573100 -0.318901 -0.213023 -3.689886 -22.305434 4.754960 
0.102075 -0.319147 -0.681750 -0.128524 -2.683047 12.312498 12.155420 
0.086694 -0.430905 0.102516 -0.343321 22.629506 20.857361 -6.952461 
0.654455 -0.177244 0.078753 0.157842 -10.169417 0.635329 14.711226 
0.442796 0.737978 -0.054674 0.320656 -0.467383 -2.553464 -17.377571 
0.103990 -0.101852 0.255144 0.112693 -15.416950 16.344663 -13.424747 
0.137893 0.676228 0.663660 0.216602 3.890070 -1.535545 -0.361884 
1.044939 -0.284901 -0.048581 0.329310 16.881022 -8.091704 -18.290881 
1.025335 -0.240203 0.157905 0.716532 -9.105049 -1.689004 -6.812835 
0.472835 0.299462 -0.151267 0.037051 1.063481 8.909606 28.332277 
0.672168 0.052177 0.484544 -0.588707 -29.655627 14.367984 1.700724 
0.208490 -0.708774 0.175285 0.021654 -24.118897 -16.528272 -3.051356 
0.292610 -0.362666 0.194391 -0.493321 -15.039819 26.267388 5.640846 
0.111344 -0.142937 0.080161 -0.286679 -0.041430 -9.494912 13.835406 
0.466067 -0.384103 -0.613890 0.216580 8.410112 -4.315066 9.613204 
0.112109 0.371774 0.603815 0.260391 -3.417974 6.054080 -3.643969 
1.021373 0.622511 0.177749 -0.366037 -7.072244 1.591962 2.409258 
0.247245 0.461124 -0.005463 -0.195644 -17.755480 -19.429247 17.690258 
2.937998 -0.891851 0.125968 -0.571566 -26.214535 -10.270210 5.493175 
0.112201 -0.030650 0.587104 0.198443 11.706974 -10.731279 7.161835 
0.941373 0.058750 -0.494136 0.177199 -9.972882 15.192408 -3.243513 
0.186332 0.029492 -0.323121 -0.486396 16.270293 -4.587342 -17.101291 
0.206312 0.303409 -0.382192 0.264688 -9.157439 -0.836016 -18.772815 
0.087521 0.472944 0.854871 0.667717 1.630060 5.504549 5.406193 
0.337060 0.082652 0.634749 0.415577 9.905804 -6.242236 -3.721811 
0.506829 -0.502435 -0.118099 -0.388981 1.140594 0.396896 23.819323 
2.506229 0.926007 0.464485 -0.425994 -1.208400 17.256428 -3.844745 
0.109658 -0.179196 0.159785 0.685776 17.714593 5.030068 1.576426 
0.093631 0.737926 -0.406029 -0.196521 -9.291319 0.577271 2.196661 
0.994606 -0.221811 -0.145056 0.133054 16.700724 -2.769742 11.963966 
0.184780 0.877341 1.041443 0.234178 12.698661 17.862044 -1.262286 
0.113864 -0.136946 -0.607151 0.504957 -0.925688 0.714954 -14.273939 
0.500571 -0.162831 -0.806606 -0.258794 27.179133 -7.510201 -17.552930 
0.375402 -0.310802 0.262545 0.203559 -1.714443 -0.696933 19.469019 
0.121279 -0.156317 0.055265 0.946480 15.275409 0.182283 4.217231 
0.437171 -0.321991 0.027261 0.522178 16.204957 -2.961841 -12.767928 
0.420529 -0.399392 -0.375484 0.497435 4.196150 -4.172570 2.160044 
0.140832 -0.062783 -0.108373 -0.376266 9.295698 -10.101643 3.462175 
0.317286 -0.126900 -0.461637 0.164200 4.491468 12.470114 2.388651 
0.092539 0.825254 0.310312 -0.829809 12.746490 -6.816331 -3.856368 
4.198783 -0.075321 -0.103988 0.569998 -6.771665 -5.896039 -8.030914 
0.435794 0.674231 -0.408212 -0.364617 2.438209 5.357957 2.930883 
0.299195 0.299943 0.579197 -0.415195 -2.584125 -9.724538 -12.844433 
0.366428 0.348764 0.340221 -0.733787 -18.283764 6.438571 -3.020753 
0.300202 -0.122795 -0.370332 0.269733 5.050836 6.317363 0.254035 
0.585186 -0.264711 -0.156954 -0.759953 5.568427 -5.155741 0.496650 
0.524509 0.155918 0.476587 0.482750 -2.007053 -5.079822 -17.103437 
0.292083 -0.146976 0.973514 -0.696800 6.099836 18.475227 5.551092 
0.107699 0.282236 0.584839 -0.054448 2.481191 25.112533 19.380525 
0.744916 -0.093688 -0.409664 0.079797 -20.704665 29.849409 10.808534 
0.131940 0.208362 0.325110 0.121093 -5.347085 27.680234 -4.217357 
0.104491 0.282946 -0.066558 -0.286057 -13.128340 -16.433847 20.598844 
0.504475 0.291416 0.029019 0.136052 -7.918580 7.822560 3.722030 
0.159200 0.359170 -0.082151 0.509772 -7.848248 -7.305535 7.408731 
0.144224 0.683620 0.736715 -0.834490 3.562143 24.916549 -2.416071 
0.221063 0.728910 0.141294 0.385660 4.239296 9.403917 -16.952949 
0.339783 0.263847 0.563170 -0.477785 -6.642183 -8.197510 -11.311117 
2.985742 -0.218837 -0.851416 0.485444 22.311739 -5.360758 1.163989 
0.098040 -0.285793 -0.247729 0.839664 -6.904820 -4.153118 -6.502422 
0.364111 0.557610 -0.013414 0.610868 -5.170834 -6.926880 2.402259 
0.144886 -0.643794 -0.296530 0.075957 7.741876 10.779172 12.245840 
0.360597 0.261874 -0.401785 0.471223 -6.236587 -1.362229 -1.323304 
0.254317 -0.433837 0.789098 -0.708287 -13.740733 -2.165958 -13.950082 
0.555913 -0.623508 -0.541818 0.293350 3.052739 -8.224651 -5.869339 
0.416651 -0.419918 0.407320 0.337120 -32.810340 -1.931485 -2.507774 
0.151008 -0.296371 0.835487 0.901736 -0.361173 13.679506 13.742472 
0.577563 -0.073120 -0.357700 0.690721 -6.427973 11.362000 -6.964029 
0.141965 0.724669 0.427427 0.326770 16.244081 3.634440 31.165810 
0.120024 0.493766 -0.164280 -0.466950 0.558525 -5.257556 8.919464 
0.182852 -0.598837 0.062679 0.220444 15.376502 -22.286198 0.334838 
0.189724 -0.046007 -0.104864 0.764384 9.270120 -2.800370 -10.764959 
0.150160 0.096142 0.349140 -0.331207 13.881537 -17.350013 22.097290 
1.373741 -1.118524 -0.669612 0.541651 -28.465207 -0.891344 12.562010 
0.283453 -0.144840 -0.120757 0.175853 6.484943 -9.061344 28.746688 
0.170281 -0.308208 -0.708771 -0.475464 -13.708265 0.084654 4.789076 
1.505698 -0.652170 0.571831 -0.161136 -11.352352 5.434349 1.344207 
0.360047 0.323790 0.207057 0.382207 -24.354944 12.409843 -4.539872 
0.588861 0.682445 -0.492731 -0.343342 -9.021240 -8.407781 -3.932921 
0.381565 0.591262 -0.197125 -0.225998 -10.938364 -14.027702 -0.421381 
0.166121 -0.015566 0.754917 0.395340 -6.637818 -3.464012 -5.676768 
1.652096 -0.052972 -0.446350 0.104194 7.429979 -7.792524 -8.244541 
0.215498 0.531008 -1.073946 0.537616 23.008702 -13.913879 4.445272 
0.524663 0.096066 0.099669 -0.226682 -9.263175 13.513235 6.263902 
0.489037 0.425924 -0.426472 0.318239 -0.188858 9.689832 -19.067961 
0.247044 0.123704 -0.036954 -0.096090 8.455627 1.492728 14.567055 
0.408569 -0.819868 -0.555533 0.242533 -6.034451 2.948031 5.044659 
0.429966 0.269561 -0.032674 -0.001452 -6.542006 9.266384 1.533764 
0.205030 0.270241 0.190455 0.273007 27.850120 -14.880330 3.954762 
0.104504 0.577034 -0.184672 -0.029482 12.501600 0.903692 -14.966585 
1.704172 0.503239 -0.790618 -0.443443 3.256139 -5.549798 -18.062131 
0.208973 0.208966 0.878816 -0.480935 8.663407 8.558828 -12.927423 
4.631110 -0.497679 0.778297 -0.338105 -16.877035 15.587986 14.400307 
0.135103 0.211602 0.492613 0.374638 -4.551016 -2.285021 -11.614967 
0.169606 -0.144450 -0.480188 0.666129 8.539936 15.728771 8.647996 
0.567692 0.314295 0.689058 -0.004639 -19.408132 -1.899941 -17.550461 
0.214292 0.234788 -0.202866 -0.464760 6.706648 -5.506859 22.609056 
0.450345 -0.012702 -0.717084 -0.635328 -3.902788 2.641156 -4.982260 
0.407103 0.280936 -0.008521 -0.361923 -6.267454 8.957649 -7.044888 
0.846636 -0.017924 -0.272614 0.398743 3.672037 12.774682 -14.075599 
0.123163 0.594632 0.072929 -0.963916 6.698016 -11.205078 -15.601518 
0.120648 0.220900 0.223220 0.494696 3.887058 17.669521 -14.150713 
0.387333 0.455766 0.012173 -0.494575 0.724326 20.676514 1.295748 
1.095352 0.159662 -0.080602 -0.203468 10.857669 14.070978 9.469336 
0.212730 -0.344846 0.420981 0.515763 1.061287 -0.257099 -16.765303 
1.575080 -0.122080 0.220863 -0.762828 -7.336411 17.635458 11.013577 
0.102042 -0.387250 -0.051129 -0.436570 11.850396 15.503496 -0.085807 
0.606266 -0.054914 -0.479814 0.233042 -20.208358 7.897083 4.566775 
0.250734 0.536011 -0.051195 0.128618 12.904039 0.352140 -3.938109 
0.184902 0.310812 -0.984624 -0.025340 -8.651890 -1.788665 -1.806300 
0.348863 -0.723073 -0.466898 0.512372 -15.358751 18.273296 -0.383516 
0.127948 0.283539 0.424879 -0.046124 16.893146 -14.554723 9.724691 
0.127545 0.652426 -0.587831 0.214181 13.760777 5.778900 27.570471 
0.089378 -0.134131 0.749614 0.286890 14.600770 12.843366 11.680641 
0.220514 -0.924648 0.098003 0.151681 0.360093 9.733436 12.331805 
0.195396 0.533815 0.458573 0.586888 13.835285 -9.672686 1.093730 
4.245083 0.109637 0.028025 0.327055 -13.570613 -21.912726 9.495095 
0.095817 0.237784 0.013604 0.620365 -5.865102 11.507027 2.833488 
0.569763 0.624334 -0.291955 -0.122103 -1.780304 10.310220 -1.840005 
1.098164 0.294329 -0.390155 0.239072 4.051150 -10.274863 4.906141 
0.538990 -0.530425 -0.085297 -0.340026 -3.429472 6.096812 -5.468353 
1.288776 0.680169 -0.009298 -0.005185 -19.880316 7.125768 7.476572 
0.193816 -0.413780 -0.479085 0.408093 5.039597 6.713750 14.195929 
0.378483 0.979522 0.300414 -0.312512 1.273674 14.106671 2.055675 
0.130333 -0.655433 -0.641890 0.024491 -12.581130 14.591137 3.556265 
0.235233 -0.268543 0.566647 0.730696 -1.928591 8.209598 -12.378562 
0.474050 -0.105871 -0.207388 0.464027 16.533633 4.028068 -0.584292 
0.170650 -0.335291 0.706204 -0.130232 11.186782 -6.423381 -4.333118 
0.551803 -0.739992 0.145779 -0.338733 -17.198912 -6.915627 3.467207 
0.131497 -0.475714 -0.239995 0.283578 -3.591246 14.810020 2.416290 
0.367063 0.407364 0.698592 0.170717 -13.443918 6.463945 -11.257623 
0.237052 -0.048679 0.419444 0.381185 -0.095188 -11.561839 -10.732792 
0.979329 -0.693207 0.104104 0.189849 -1.245579 -1.817604 15.931441 
0.113309 -0.585544 -0.597165 0.176148 14.455412 -0.912109 -3.056526 
0.202812 -0.450864 0.070268 -0.898422 17.791221 7.187088 -13.489405 
0.145792 -0.311905 -0.623616 0.329180 0.206621 10.482237 -9.315510 
0.206856 0.560413 -0.329404 -0.196884 -3.219317 -34.022793 -19.126906 
0.534870 0.032417 -0.740911 0.688663 -15.387258 4.851709 4.000618 
0.091732 0.291190 0.667151 -0.194746 -21.976490 7.689510 10.350511 
0.094435 0.224821 -0.603473 0.270458 0.570137 -3.758901 21.121631 
0.106821 -0.007540 -0.081638 0.332499 4.910429 -4.100689 12.617474 
0.443043 -0.446563 -0.209010 -0.039742 7.989364 1.735784 -20.383908 
0.087582 0.555637 -0.289155 0.090596 -1.520527 -10.826596 -17.353377 
0.159466 -0.381106 0.655698 -0.324682 -16.114063 -5.797799 4.988493 
0.829727 0.176444 -0.227722 0.741223 5.016949 -6.183546 -8.190084 
0.093662 -0.351780 0.628533 -0.259053 -10.233073 9.364358 21.002361 
1.055006 0.017211 0.319473 -0.559857 -12.224386 8.082126 -13.643474 
0.290595 0.242476 -0.603585 -0.639827 10.486202 -3.669021 13.814721 
0.226020 -0.449546 -0.622258 1.117980 10.625777 -16.977654 29.357910 
0.258652 0.082997 -0.260704 0.214904 -12.277165 4.090949 -4.434277 
0.504080 -0.109431 0.209677 -0.612653 12.829393 -6.654999 -3.396731 
0.133644 0.387713 0.739766 -0.243869 -6.849274 -6.280727 -31.881322 
0.102367 0.505338 0.224293 -0.047930 -5.156277 9.278229 9.444350 
0.102733 -0.694801 -0.214834 -0.263285 11.150293 13.371842 -1.989763 
0.406103 -0.061054 0.412458 0.863815 1.367052 0.235451 3.743963 
0.170184 -0.480625 -0.927341 0.079801 -7.115910 -6.860300 -17.039744 
0.080956 0.108637 -0.324723 0.331922 23.644643 23.788165 -6.280511 
0.171393 -0.012204 0.159229 0.515087 -6.744011 26.230178 10.749461 
0.103884 0.204497 -0.255426 0.264162 -12.239696 -4.464160 10.077133 
0.287723 -0.252597 -0.179083 0.057836 -4.112573 -3.265010 9.812535 
0.707610 0.001983 -0.169263 -0.153632 -6.029786 -2.325280 24.990606 
0.161798 0.277568 0.626391 -0.481830 2.418811 -0.226009 0.671175 
0.495528 -0.601535 1.200938 0.428680 -13.486845 17.827344 4.795458 
0.081729 0.394386 -0.254829 -0.600479 17.986209 6.834879 10.064313 
0.498673 -0.647728 -0.119169 0.493193 5.147750 -5.300377 11.622843 
0.189760 -0.236245 0.218767 -0.511674 -14.734441 -3.013456 1.340065 
0.174582 0.666593 0.298527 -0.356930 18.893390 5.584851 10.048383 
1.913197 0.108028 -0.798956 0.031090 5.231919 15.318640 1.781199 
0.156957 0.261175 -0.535240 0.443846 -8.772965 5.445989 4.080168 
0.318637 -0.025366 0.570878 0.456042 12.286485 13.766354 1.838670 
0.384886 -0.082122 -0.793929 0.487707 -15.290801 -5.274081 2.576201 
0.094543 -1.020215 -0.334681 -0.384969 -8.074596 9.489837 -21.480916 
0.093801 0.212591 0.197331 0.909052 14.849300 -9.506440 2.839387 
0.259589 -0.239934 -0.355903 -0.501197 1.648430 10.247675 9.466488 
0.331382 0.000090 0.022678 0.053216 -6.331663 9.916955 -3.781390 
0.597086 -0.066208 -0.631681 0.217917 -32.720071 9.932730 -14.131369 
0.244466 0.207217 0.029554 -0.007184 -3.381013 -10.936560 5.957879 
0.409757 0.540015 -0.456853 -0.336732 1.665274 -9.338834 22.721184 
0.703460 -0.910311 0.348397 -0.314626 -6.832923 10.141419 12.355193 
0.129081 -0.251413 -0.163976 -0.151597 13.827095 0.014374 -5.787781 
0.592856 -0.256191 -0.847508 -0.070290 14.547479 -2.668256 10.941550 
0.598064 0.033309 -0.091500 -0.732844 8.060764 11.779046 12.293020 
0.315326 0.382819 -0.438309 -0.418900 -1.500063 14.742027 11.746790 
0.830552 0.472718 -0.491603 0.576857 5.748887 -1.942463 -8.153619 
0.107798 0.010705 -0.255434 0.040844 -14.606024 16.048570 19.590801 
1.282747 -0.436326 0.393629 0.567525 -5.923163 -20.028310 -3.082532 
0.179704 0.364743 0.055724 -0.773715 0.815901 -13.223514 2.945993 
0.226650 -0.041152 0.491320 -0.090050 17.609176 -8.917550 3.883356 
0.213577 -0.347712 -0.790154 0.035493 -2.691766 12.408896 4.534619 
0.360054 0.434855 0.641590 0.247283 -0.548394 -3.728192 8.974854 
0.590465 -0.697062 -0.249634 -0.137015 6.066687 -7.327573 2.030866 
0.323997 0.025639 -0.166962 -0.776991 -3.164175 26.247388 -19.111121 
0.080856 -0.538212 -0.836874 0.559373 9.386910 -11.915795 13.774832 
0.143920 0.029299 1.050485 -0.197914 3.989244 16.930380 -0.004985 
0.128165 0.291588 -0.448502 -0.199143 22.030418 3.579299 2.499480 
0.371144 -0.373686 0.402415 0.503970 -4.410053 19.721055 -4.630942 
0.145470 -0.938645 0.409066 0.182499 -9.036363 7.597617 -17.322683 
0.092657 0.005051 -0.872095 0.353646 -2.940453 2.747493 -9.072983 
0.587126 -0.286257 0.433640 -0.834491 20.432050 -11.460974 -19.950424 
0.235289 0.170836 -0.305116 -0.010334 9.888130 -0.900267 6.196195 
0.569180 0.753181 -0.227891 0.486322 3.752218 -14.205782 -2.804378 
0.093590 0.269808 -0.213131 0.094612 -10.934968 6.011318 17.522582 
0.249342 -0.308946 -0.229934 -0.777936 0.072515 -10.438810 -6.708613 
0.543855 -0.245093 0.367244 -0.161193 29.596714 -3.660273 -11.713664 
0.236315 0.106340 -0.289261 -0.797211 20.800833 27.719739 -19.449135 
0.136931 -0.500768 0.894315 0.132669 -2.277950 5.618545 -6.495617 
0.109437 0.520821 0.167517 0.623236 -2.517041 -16.332828 9.653536 
0.915698 -0.765186 0.238831 0.617555 8.232236 9.044835 4.014998 
0.125769 0.224915 0.536175 0.468417 -9.405545 -2.769820 -3.667499 
0.182221 0.538586 0.332204 0.113798 14.663243 -2.211417 -1.890488 
0.624303 -0.116006 -0.720371 -0.209042 -14.365998 -9.696819 -8.871016 
0.123119 0.651867 0.006411 -0.020575 -11.588419 0.612625 -3.446099 
0.093277 -0.719196 0.277385 -0.361635 6.544274 6.967507 3.337828 
0.126609 -0.784386 -0.504273 -0.315690 -9.338522 -10.601280 13.657175 
0.342755 0.176165 -0.749233 -0.009764 8.685729 12.354181 -0.836023 
0.887808 0.467537 -0.874946 -0.005114 12.536162 -15.096543 3.377730 
0.718573 -0.733694 0.072285 0.037090 -12.448199 -7.183610 -14.077423 
0.789225 0.022080 -0.593476 0.305991 -5.864297 22.021638 13.781424 
0.126531 0.049093 -0.309430 -0.203830 19.353327 -0.436674 5.447281 
0.685572 -0.344533 -0.204225 0.114731 -2.715380 -9.755392 2.307652 
0.342997 1.083651 -0.320937 0.121672 7.311573 -2.094727 -4.389445 
1.141486 0.569615 -0.239678 0.660404 9.494800 10.053147 9.778362 
0.181571 0.127528 0.033719 -0.530393 -12.140725 4.648188 -1.292901 
0.271737 0.173365 0.236266 -0.469938 -8.944568 3.622295 0.981381 
2.465276 0.502076 0.142075 0.119971 5.122651 -3.210328 13.735736 
0.132761 -0.918197 -0.344217 -0.049096 -3.051920 0.318514 -12.444989 
0.088416 0.856108 -0.018888 -0.470706 6.190453 -3.762439 3.373425 
0.089291 -0.172729 -0.251914 0.325035 -5.096316 10.021644 -15.929068 
0.263350 0.131941 0.401629 0.672205 9.114486 3.569680 3.930623 
0.423754 -0.332605 -0.589672 -0.445814 12.957004 -8.849931 13.928723 
0.178200 -1.136381 -0.608523 -0.007538 -18.960633 -3.881138 -0.786839 
0.269147 0.593894 -0.780032 0.322252 -9.592700 -13.829564 -3.478017 
1.218772 -0.607081 0.809730 -0.400128 -14.405472 -7.038000 -0.555042 
0.195759 0.306414 0.149789 0.459583 11.624450 -17.874066 21.597682 
0.310560 -0.364206 -0.165525 -0.365876 -5.631812 8.027709 13.613203 
0.132928 -0.027433 -0.295498 0.684287 -1.382989 11.475393 -8.209682 
0.130606 -0.472130 0.722973 0.719559 -2.639392 6.754890 4.726162 
0.180981 0.209143 -0.118126 -0.074070 10.856929 35.295375 23.199869 
8.040799 -0.171268 0.337718 0.176808 8.419334 -2.790144 -0.753290 
0.080873 0.740411 -0.160212 0.144523 6.839064 10.624122 8.323924 
0.337684 -0.289144 0.697858 0.522192 5.077851 5.249297 24.376854 
0.727006 0.006641 0.551966 -0.294796 -23.491188 10.498965 7.924206 
0.130102 0.011290 0.707770 -0.442185 -1.341882 4.854572 4.936234 
0.107057 -0.164594 -0.451645 -0.719235 -3.412330 -14.439703 14.055988 
1.352041 0.149429 0.081064 0.878117 -9.664612 4.916829 -2.420788 
0.108970 0.498271 -0.158482 0.551467 -16.585268 -3.060971 15.448430 
0.148499 0.830015 0.708622 -0.480362 14.921352 3.501583 -12.766050 
0.263983 -0.221694 0.425842 0.166616 -0.939240 -17.454044 2.202794 
0.240265 0.061301 -0.776579 0.112781 -13.679560 12.467072 -7.151669 
0.217954 -0.171373 0.306122 0.348089 1.135245 8.618373 6.279992 
0.444167 -0.238392 0.250546 0.633521 -7.816856 19.130357 4.426240 
2.752555 0.170312 -0.210839 -0.116350 2.520985 9.802392 -28.794150 
0.266546 -0.117228 0.126050 -0.020984 9.881228 8.158008 -23.193028 
0.104305 -1.088691 0.055547 -0.192762 -14.489888 7.623832 3.802445 
0.144490 0.407001 -0.061969 0.521569 22.967939 16.783271 -9.194349 
0.094619 -0.066128 0.130765 0.415185 7.975784 -2.870594 11.674917 
0.144851 -0.745102 0.264256 -0.015296 -0.007636 10.043420 22.069817 
0.132290 0.430366 -0.524073 0.072154 -4.096414 -6.867946 24.648022 
0.524424 -0.229112 -0.116815 -0.589579 -1.241110 -9.489977 -6.525894 
2.804970 -0.136738 0.047136 -0.134808 33.476735 10.058797 -2.329124 
0.151725 0.381199 -0.231837 0.230110 13.901278 2.268393 5.955802 
0.691052 0.226532 0.608529 0.391864 -10.101735 10.395822 -1.146124 
0.123125 -0.509836 -0.817419 -0.325423 -24.288431 -11.615136 -9.477429 
0.095501 -0.466900 -0.367819 -0.241153 1.360249 2.617817 5.132667 
0.082472 -0.158637 0.017221 -0.252591 0.440358 1.975529 22.319899 
0.088000 -0.499044 -0.072440 -0.538758 -4.871418 -1.129302 14.833062 
0.106567 0.506727 -0.147373 0.036019 -0.951950 -2.168930 2.277450 
0.083960 0.269476 0.436808 -0.341193 -5.236212 -19.862646 11.828798 
0.444394 -0.017189 -0.467239 -0.645477 -4.880117 4.350086 5.696400 
2.968598 -0.189601 0.282649 0.735666 -15.516547 7.763795 -2.079723 
0.118415 -0.513771 0.230015 0.898584 -15.139764 0.749053 -3.834626 
0.123056 -0.058863 -0.100412 -0.439802 -7.256695 -14.401945 9.867555 
0.111967 0.271074 -0.438462 0.401719 -17.513230 -1.367461 -9.861696 
0.095336 0.022559 0.249434 0.123956 -3.071094 2.555825 7.930611 
0.085245 0.317430 0.172039 0.627079 -10.486439 4.285240 9.743854 
0.219520 0.276116 -0.134459 0.370667 -21.626736 -10.863040 20.947313 
0.269315 -0.327476 -0.886376 0.534224 -10.097060 -18.393153 15.723974 
0.084729 -0.253259 0.601631 -0.539484 -7.127354 -5.050350 3.820780 
0.193296 -0.153146 -0.929179 -0.366743 5.395786 -7.336065 12.799469 
3.042533 -0.229683 0.653263 -0.361710 -5.883098 -14.666330 -15.497304 
1.417540 0.574005 0.886419 -0.522537 15.852191 14.194124 -0.976339 
0.348250 -0.337537 0.292933 -0.371517 -9.484295 2.928111 -1.849836 
0.189420 -0.721681 -0.259048 -0.502897 -0.223093 1.471921 12.645065 
0.222484 -0.164524 -0.020236 0.192878 -5.658963 -10.862387 14.329303 
0.319069 -0.638532 -0.217659 -0.428822 -1.447789 5.214341 -14.052012 
0.092091 -0.455161 0.085179 0.123176 -13.417124 -7.040480 14.990094 
0.486369 -0.207507 0.423424 0.091971 21.217370 -4.542312 -13.810445 
0.293964 -0.490281 -0.606761 0.447530 4.200110 6.565948 -2.320255 
0.150389 0.460653 -0.693086 0.226784 -4.553135 0.151229 -8.971901 
0.098254 0.652924 0.061150 -0.334712 -3.282890 0.033581 -6.398362 
0.129777 -0.136912 0.020019 -0.132551 -0.532470 -4.943677 4.748928 
0.089968 0.331190 -0.051961 0.896605 13.025497 14.605173 0.557284 
0.178187 -0.486733 0.073436 0.567966 -2.626407 -2.763301 -16.008823 
0.446547 0.268640 -0.342236 0.231300 -19.074039 -7.740287 -5.190321 
2.596189 -0.292238 -0.388963 -0.618256 -22.384060 -20.896863 -7.054638 
0.941679 -0.131497 -0.236519 0.070486 -4.678599 7.303744 -18.846109 
0.357477 0.098717 0.838629 -0.461428 -5.324441 3.557566 2.614586 
0.233141 0.411724 -0.442017 0.382134 -2.258950 -1.373406 4.816136 
0.109886 -0.647343 0.386798 0.016233 -12.015897 -1.118346 -8.446565 
0.103385 -0.626536 0.006872 -0.435401 -1.577815 7.308638 -5.441319 
0.307529 -0.685060 -0.006841 -1.101937 -8.962314 -12.796915 -14.471674 
0.224214 -0.699874 0.736279 -0.127614 -10.155939 1.269641 -29.175012 
0.688471 0.234120 -0.459048 0.425311 11.847841 -11.285581 -3.770706 
0.121886 -0.284146 0.474311 -0.472182 5.445385 -17.308684 -7.363485 
2.036878 1.111943 -0.552983 0.241808 15.089983 -12.452096 -6.542024 
0.108772 -0.154649 -0.507913 0.055789 -12.216115 16.944913 13.930067 
0.087214 -0.791776 -0.436076 -0.833040 -7.446138 -17.698693 -8.616253 
1.095005 -0.191634 0.217494 0.553629 5.749984 10.170733 4.959077 
0.462444 -0.340540 0.245634 0.927398 1.945662 -0.093562 -3.048715 
1.195467 -0.061656 -0.779196 0.030784 -0.861214 -5.486665 0.153506 
0.124532 -0.874914 -0.277768 0.316392 -3.522844 -5.213742 0.104844 
0.239527 0.564246 0.474229 -0.592016 -0.795367 -5.798635 0.521442 
0.513647 -0.220120 0.568122 -0.021218 4.201802 5.508835 22.497551 
2.322161 -0.660232 -0.526789 -0.419868 5.363044 -1.692667 -16.949921 
1.749945 -0.449355 0.919666 -0.035039 2.845568 6.820747 -4.718927 
6.427225 -0.020924 -0.658117 0.357161 -12.759724 -3.554083 7.958728 
0.187473 0.342206 0.183206 -0.626708 -4.193977 -3.066514 -4.952996 
0.080411 -0.759434 0.267010 0.100359 -15.352878 15.394895 15.240649 
0.084886 0.541137 0.160533 0.066004 -16.650811 1.579454 -0.155081 
0.210734 -0.303929 0.574212 0.605836 -6.302621 8.397670 -5.486735 
1.039799 -0.202764 -0.281278 -0.560209 16.465615 0.994363 8.503416 
0.589256 -0.483676 0.104089 -0.087296 -0.930621 -10.063829 7.947524 
0.193774 0.466689 0.740106 -0.575757 -9.841320 12.016262 3.427669 
0.204408 -0.745268 0.208204 0.191989 -3.032725 0.586680 -14.183370 
0.203976 0.499283 0.066863 0.619139 -20.061689 9.771064 11.593579 
0.100379 0.193257 0.440805 0.175894 -3.173984 -12.994904 -9.494068 
0.224716 0.329139 -0.525206 -0.015613 7.708843 -7.537579 23.295589 
0.736908 0.058570 -0.574072 0.230883 14.811913 21.774667 3.443703 
0.183623 0.281725 0.262809 -0.766565 12.688154 4.790786 -10.339303 
5.763363 -0.411836 -0.345864 -0.147880 -10.853497 -17.509199 -4.102941 
0.155563 -0.627495 -0.557066 -0.399068 4.973900 2.471121 3.075680 
0.205052 0.591190 0.327058 -0.476540 -11.945498 16.571576 7.268830 
0.256881 0.046524 0.232075 -0.880735 -8.103245 -16.346301 -0.437145 
0.383592 -0.053351 0.475979 0.843858 5.517882 -17.710137 8.099219 
0.115189 0.058166 0.146688 -0.951986 -14.956857 19.934354 -0.737388 
0.144188 0.697473 -0.247826 0.092309 -2.445040 -3.199065 8.325985 
0.208231 0.222800 0.137113 -0.586992 -13.366686 9.691040 14.817448 
0.523071 -0.718157 0.411672 -0.665039 -8.714844 -5.915898 0.366461 
0.460238 -0.783825 -0.078540 0.863074 7.095490 -0.067826 19.207002 
0.500482 0.432818 -0.232288 -0.519353 3.850040 14.171590 -10.027289 
0.190881 -0.692740 0.377342 0.276614 13.525246 9.425092 25.335799 
0.095002 0.068794 0.640226 0.141503 4.737633 -5.402102 3.193857 
0.282526 0.635231 0.125886 -0.606304 8.251779 -3.998581 5.666607 
7.200905 0.446046 -0.207565 0.240365 -6.382171 7.374622 25.751147 
0.639887 0.244163 0.400109 0.791745 -20.070671 8.593153 0.707532 
0.088337 -0.076361 0.410732 0.080924 8.428457 -12.675776 -1.319829 
3.427020 -0.077655 -0.137197 0.096411 18.688627 -12.467420 12.613651 
0.286232 0.317500 0.544939 -0.258833 -6.769004 -15.366948 -4.260070 
0.111446 0.224467 -0.290363 0.070828 -6.243585 16.602298 18.013193 
0.194955 0.385777 -0.329640 -0.158006 5.367706 6.952361 -3.256692 
0.190041 0.333263 -0.168500 0.533240 -21.554122 6.346949 6.266030 
0.170109 0.017864 0.462490 -0.130155 -9.493888 5.948771 9.260294 
0.162386 0.641585 -0.413957 0.182393 -7.028954 -0.553434 13.662085 
1.166044 0.275961 -0.722014 0.098777 17.745598 3.008931 26.625019 
0.584740 1.075382 0.293966 0.259758 12.351446 -0.642399 4.425667 
0.396613 0.406764 -1.023785 -0.042860 -7.400755 -12.911972 -12.972418 
2.418064 0.319689 -0.203008 0.237060 -3.890263 8.962900 0.953528 
1.010429 -0.688127 0.548635 0.171220 -5.110810 -1.290974 2.369156 
2.532142 -1.116751 0.474364 0.025618 -11.940130 -4.928078 -0.748014 
0.107929 0.113817 0.983086 0.458267 8.421502 5.382379 7.931337 
0.167175 -0.523623 0.020360 -0.614446 -7.186086 -1.427381 -11.730060 
0.254952 0.609927 -0.844964 0.135191 17.610518 -5.185184 -10.901570 
0.429694 -0.623765 -0.451430 -0.004842 9.339087 3.039179 19.012318 
0.496826 -0.614373 -0.073544 -0.758369 2.493592 -4.768953 2.775340 
0.121547 0.257144 0.391223 0.436785 15.642787 -30.285286 4.276939 
0.215928 -0.078259 -0.737831 0.307846 -0.282505 11.879233 0.037624 
0.270339 0.193426 1.002766 0.495936 -5.540008 2.932224 7.451559 
0.080083 -0.723764 0.173737 -0.087428 -4.698896 5.286053 16.667025 
0.272801 0.237671 -0.388267 -0.090590 16.476344 -6.757963 -0.375503 
0.248941 -0.921117 -0.100376 0.453261 0.202300 -8.663522 11.416921 
0.198171 0.039940 0.281588 0.358803 1.200494 -15.189976 2.690540 
0.125940 0.155473 -0.751162 0.004862 -1.181816 16.297848 9.642132 
0.397489 -0.196121 -0.161061 0.094085 6.221818 -6.208862 12.725414 
0.109822 -0.376901 0.153500 0.351561 30.542098 6.735470 3.200461 
1.950578 -0.171131 0.937962 -0.362066 -8.033731 -4.296199 -3.964574 
0.085723 0.076646 -0.331111 -0.557276 -5.516243 4.702970 9.362326 
0.261677 -0.394593 -0.299030 -0.207496 12.183781 12.756994 -5.965982 
0.410668 -0.689382 0.832903 -0.078181 0.064977 11.447268 16.254720 
0.278253 -0.385415 -0.125588 -0.342512 10.713932 -13.486889 9.158478 
0.362834 0.314420 -0.622607 -0.018842 -11.204029 2.222043 9.160983 
0.191416 0.642613 -0.549653 0.117278 38.745537 8.721808 -4.779245 
0.204516 0.066929 -0.368207 -0.689544 14.866938 -7.255045 -10.877937 
0.119244 0.231289 1.089919 -0.127927 0.757594 5.228309 10.423915 
0.394798 -0.406674 0.406442 -0.475106 -3.052176 -5.330055 -7.851102 
0.108074 -0.120429 -0.336520 0.651808 4.794586 3.136881 -15.196079 
1.687457 0.310970 1.061919 -0.349700 17.619957 23.892687 5.133455 
0.142585 -0.367103 -0.740881 0.136592 -1.335759 -5.151600 -9.755611 
0.999592 0.277679 -0.389972 0.569778 3.481138 9.952034 -17.088813 
0.835224 0.521075 -0.923354 -0.077426 19.407913 6.396111 -2.458398 
0.133760 -0.035100 -0.422627 -0.362899 -17.315734 -11.659759 -1.520056 
2.914902 -0.567113 0.295378 0.089853 19.826275 -6.574075 -0.707964 
0.289537 0.304322 0.231533 0.199888 -7.844200 -11.066419 9.908855 
0.111589 -0.255956 -0.113447 0.001953 -4.237343 12.373599 11.393429 
0.666435 -0.238557 -0.646433 -0.023019 0.128929 18.445341 -4.111133 
0.118124 -0.391878 -0.091973 -0.152451 -5.983726 -11.512261 5.383646 
0.082017 0.399153 -0.433337 0.199356 -8.367159 -4.763747 9.808482 
0.384643 -0.648825 -0.057555 0.395135 -7.888553 -8.341453 -7.222825 
0.170390 0.365510 -0.130527 -0.268050 -4.710895 15.978360 18.813736 
0.164634 0.001142 0.621914 -0.484674 -7.178462 -2.081877 3.474461 
0.710018 -0.362993 0.194097 -0.012915 -15.015292 22.036452 9.832701 
0.490174 0.337500 0.044800 0.779891 -2.250223 -11.123160 -1.814732 
0.209872 -0.010798 -0.638607 0.277928 0.409688 9.270544 20.239128 
0.191407 -1.070555 -0.719008 -0.115239 -12.497231 -5.953196 -17.166306 
0.086220 -0.389179 0.104361 -0.317620 25.130924 -1.935552 -0.247737 
0.253249 0.301263 -0.876747 -0.106951 3.529448 5.614194 1.095438 
0.443660 -0.086531 -0.319364 0.109128 13.291260 9.295097 -12.980076 
1.478874 0.455622 0.105958 0.129339 15.743547 10.742741 -0.490272 
0.997008 0.773859 0.619346 0.209072 -0.735981 -1.064835 0.889818 
0.119733 -0.704209 0.754333 -0.384744 -4.183075 2.849586 -18.580104 
0.155712 -0.720035 -0.583020 0.452252 -10.811553 -1.857819 6.993606 
0.248140 -0.399705 -0.196218 -0.003895 27.110925 -4.388699 -7.735884 
0.211986 -0.102811 -0.080807 1.184430 -9.399476 -13.365169 19.187163 
3.164370 -0.070003 -0.400001 -0.741283 8.993065 10.294288 -2.143989 
7.811175 -0.381467 0.817856 -0.143183 2.419770 6.208713 -3.185418 
0.119711 -0.462475 0.102117 -0.527042 -8.235950 0.093759 15.809786 
0.081905 -0.240761 1.003272 0.289217 -1.580019 18.321151 5.695034 
0.128974 0.267809 0.784433 -0.150297 -3.820105 0.916149 9.218410 
0.098410 0.399124 -0.009708 0.301884 -1.763688 1.185855 -3.699703 
0.208666 -0.397780 -0.388902 -0.622141 -14.983692 1.771139 15.190894 
0.338702 -0.498124 0.366778 -0.436378 -2.520272 -22.005752 6.272294 
0.270406 -0.721777 -0.200808 0.195906 -5.886841 -5.916165 -16.253682 
0.261780 -0.573509 0.452457 -0.627978 0.724066 1.333104 -4.263454 
0.198271 -0.381259 -0.685314 0.492789 6.752916 3.474726 -2.472642 
0.547947 -0.608845 -0.305907 -0.292556 -2.066033 -1.387086 2.470149 
0.084496 0.015704 1.053356 -0.372558 -5.221422 10.721264 9.389406 
0.547853 0.024599 0.567064 0.056175 -0.930775 -6.796471 -2.284484 
0.124445 0.355962 -0.701554 -0.223972 3.638746 0.920364 7.341389 
0.573077 -0.115598 -0.072265 0.409976 -13.277140 6.522952 -13.385796 
0.415176 -0.248576 0.582740 0.144024 1.070202 -12.239693 -16.487948 
0.878922 0.375205 0.897437 -0.017939 -0.557445 -1.347463 -16.747625 
0.094683 -0.241724 0.955610 -0.713382 -3.300200 3.747667 -15.512438 
3.025229 -0.899186 0.493918 0.388594 -6.813642 19.027330 -5.046828 
0.102725 0.389746 0.752523 -0.206690 -10.180681 -6.424862 -11.555239 
1.385436 -0.581890 -0.569145 -0.082097 -27.024831 6.932934 6.795029 
0.188343 -0.363871 0.198435 -0.317725 20.225680 -10.776369 -1.712659 
0.308804 -0.756482 0.095032 0.496835 7.285139 12.237837 8.275310 
0.266901 -0.464524 0.490723 0.022197 20.557574 19.800115 5.416810 
0.352073 0.728038 0.029749 -0.835172 -2.504056 -4.654407 -9.475158 
0.588656 -0.303850 -0.244579 -0.420258 12.807099 -13.050010 -20.309696 
0.105091 -0.077706 -0.299307 0.252398 -12.898758 -5.022946 3.584652 
0.147682 -0.174125 0.394197 -0.757822 18.272451 -4.502013 -8.111410 
0.179358 0.683276 -0.506605 0.154361 -0.484593 5.011317 -8.114582 
0.522896 -0.214555 0.388044 0.151306 21.671770 -0.368006 -8.829853 
0.141510 -0.213467 0.188096 0.090891 17.126385 -11.222831 -17.987530 
0.105633 -0.072497 0.217098 -0.183356 -7.414511 3.705219 -12.980008 
1.115389 -0.119904 0.227865 -0.462192 7.097063 -7.961568 -5.532993 
0.100224 0.978300 -0.342080 0.520917 19.226938 -14.402026 -5.094330 
3.043771 0.448955 -0.092801 -1.061181 14.953020 -4.152239 -15.513567 
1.677124 -0.135539 -0.505511 0.716446 7.418842 -12.535181 6.117893 
0.154714 -1.202564 -0.149676 0.064162 -14.207044 -8.421279 -5.881003 
0.509531 -0.215181 -0.209673 0.072357 13.430039 0.148526 7.744454 
0.118595 0.529923 -0.547542 0.491994 12.244129 -2.595198 8.167244 
0.192470 -0.370112 0.076456 0.010442 26.892118 -0.116257 0.377880 
0.156661 -0.132379 -0.840571 0.231877 0.686412 -9.167817 20.255850 
0.269171 0.166339 -0.073496 0.549206 11.817986 8.292513 -1.005789 
0.275015 0.758473 -0.302720 0.149960 -5.276209 8.634109 8.137320 
0.133107 0.514658 -0.159737 -0.577718 -8.616825 4.944649 3.563384 
0.116244 0.116923 0.198926 0.138458 16.735206 -17.679068 4.093470 
0.262815 0.180252 0.461420 0.203535 -4.856723 -14.235133 21.508126 
0.152197 0.748887 -0.131018 0.175434 -4.223678 5.234042 -25.012996 
0.591538 0.338675 -0.106621 0.471182 16.142435 -24.751355 -17.974407 
0.273814 -0.646945 -0.553916 -0.154612 -6.212202 -4.309368 0.321484 
1.296377 0.252735 -0.630183 -0.231588 -2.006720 16.021039 10.880866 
0.625099 -0.187661 -0.058069 -0.828479 1.313149 -8.604104 11.197051 
0.953431 -0.260000 -0.109660 -0.168997 -27.487790 -10.179065 18.278022 
1.362864 -0.714407 -0.047633 0.380393 -6.629045 9.578408 -1.833710 
0.388981 0.602871 -0.029108 -0.417461 -7.824379 7.378825 7.975853 
0.178332 -0.269595 -0.507144 -0.388657 31.208395 -6.037751 -2.752115 
0.372184 -0.336290 0.185053 0.505657 -14.725081 -8.918364 14.066029 
1.884918 0.306301 0.166763 -0.192938 -26.065690 1.282865 -8.018767 
0.093160 -0.773037 -0.132711 -0.444343 -11.037665 -9.039138 -8.286595 
0.093696 -0.090839 -0.202106 -0.011837 6.389691 -20.586841 -0.993875 
0.080850 1.008786 0.036560 0.259002 15.895615 -18.377104 15.242197 
0.277717 -0.169427 -1.252235 -0.026553 0.410101 -17.002056 16.253164 
0.330199 0.020798 -0.358803 0.159604 -17.685528 13.688075 13.285288 
1.020862 -0.595048 0.416551 0.174852 11.695329 10.200948 1.217962 
0.554068 0.356170 -0.160608 -0.088128 -12.119336 8.654195 9.234100 
0.410517 0.788580 -0.012700 -0.279671 9.132369 -3.728559 12.197685 
2.241100 0.504047 -0.298849 0.221677 -22.470661 -4.472598 14.333799 
0.769947 -0.148942 -0.163141 0.982699 -11.796430 -6.687721 -4.798260 
0.085466 0.444225 0.709626 0.477672 6.619543 -8.258383 -1.982783 
0.645582 0.187296 -0.084495 0.779566 -5.532715 11.667985 0.213851 
0.291207 -0.313007 0.088290 0.237295 28.227605 3.220947 -17.352055 
0.780826 0.939992 0.019581 -0.106352 9.194324 22.617797 5.272368 
0.178041 0.032944 -0.166110 -0.244271 -9.444804 6.545541 3.728324 
0.111657 0.395620 -0.390173 -0.185332 15.931557 3.974968 7.207510 
0.141933 -0.265619 0.663486 0.661778 -9.320501 -4.224771 3.771302 
0.503658 0.457518 0.475587 -0.582237 -2.933242 -5.276912 6.506458 
0.266518 0.907442 -0.024701 -0.111336 2.319144 -13.325629 -15.839137 
0.136578 -0.504388 -0.214530 0.062044 20.489101 2.458629 7.352314 
0.126498 0.278919 0.137283 0.331428 -14.072778 15.430121 -8.658934 
0.081261 0.238889 0.956194 0.354940 25.046321 3.468500 -0.172979 
0.167252 -0.017070 0.113786 0.274409 -0.857852 1.974459 -8.621515 
0.607244 -0.492154 1.114267 0.438664 -3.089042 19.212724 4.299426 
0.266741 0.455934 -0.082131 -0.360941 -17.206808 10.224802 0.540714 
0.157175 0.827511 0.011971 0.117853 -5.423961 -11.467632 25.436157 
0.366807 -0.369684 0.113000 0.563913 0.259143 -18.699660 -11.187447 
1.030213 -0.166864 -0.013367 0.568620 0.319428 2.059217 14.820838 
0.140945 0.788568 0.794382 -0.435388 19.476356 6.888228 8.380635 
0.288794 0.349202 -0.112520 0.700801 -5.597708 -7.581888 -12.780588 
0.182724 -0.074192 0.915555 0.506619 -13.133107 8.658281 -5.739733 
0.115248 -0.345654 0.546796 -0.157207 -21.550138 12.237520 4.653032 
1.012019 -0.350143 -0.620520 0.571230 -5.121013 2.041007 0.845642 
0.292049 -0.442656 0.731245 -0.226848 -21.623346 -15.471754 5.426058 
3.273691 -0.156928 -0.022314 -0.171203 -3.835257 0.127391 18.185002 
0.507219 0.282102 0.585019 -0.481073 -12.467045 15.782596 16.340733 
0.325723 -0.550157 -0.133315 0.909818 -14.734650 7.862513 -0.796648 
0.153073 -0.005834 0.927242 -0.036987 14.355196 10.242887 -35.062927 
0.229855 -0.472271 -0.137246 0.028673 8.063647 12.951603 14.550417 
0.196589 -0.281789 -0.248885 0.153741 -1.430626 -5.351778 -18.322294 
0.095001 0.212446 -0.121760 0.559034 8.384769 8.067874 -21.568795 
0.458870 -0.900716 -0.754881 -0.082549 -8.054520 -3.579012 -2.328591 
0.085890 -0.589587 0.773781 -0.558650 -3.918770 23.391096 13.645276 
0.170408 0.703638 -0.407805 0.122877 -3.517805 6.229509 -10.111733 
0.130084 0.233073 -0.242542 0.325216 1.857229 -16.833939 -1.337732 
1.384359 -0.349874 -0.410557 -0.256416 -5.245412 0.246012 3.398610 
0.642711 0.150402 -0.387930 0.141099 -7.234133 1.463199 -17.768426 
0.176254 -0.809373 -0.372766 -0.480788 -5.483932 -0.488720 5.911773 
0.156623 0.472833 -0.267398 0.014254 -18.954564 -17.107453 2.206490 
0.874755 0.518361 0.296491 -0.014915 -8.363414 -6.404485 -8.643337 
0.628183 -0.062207 0.710231 -0.209718 -7.159771 -4.319789 13.884977 
0.127719 0.140257 0.185865 -0.749749 19.935951 -7.329549 12.586483 
0.209256 0.336246 -0.141584 0.159763 6.786725 -4.093880 9.618735 
0.393003 -0.073726 -0.047418 0.233911 23.708283 9.287069 -4.239130 
0.395444 -0.869353 -0.708457 -0.613984 -9.926943 -14.450571 1.003106 
0.150757 -0.676498 0.133509 -0.155801 5.807526 -17.861845 18.113576 
0.613619 -0.141521 0.326822 0.120808 18.966325 0.621835 -31.112513 
0.371705 0.039215 -0.732676 -0.039838 17.883432 2.098833 4.568579 
0.128172 0.133826 -0.604820 -0.389112 -0.901233 16.109997 -0.400671 
1.227367 -0.228301 -0.214626 -0.063397 -26.721103 23.741433 9.204863 
1.287495 0.240979 0.159450 0.338865 -5.285361 -4.272061 -14.855402 
0.285623 0.071276 0.511657 0.494234 -22.100928 -8.122312 -6.909473 
0.186793 0.129595 -0.178949 0.442831 -5.945809 23.952420 -7.910346 
0.151928 0.835890 0.362086 0.257748 7.119861 -4.162284 -5.141744 
0.107729 0.030019 -0.933732 0.333392 5.077630 -10.878130 -8.420688 
0.789450 0.039406 0.990367 0.523921 0.273070 3.894879 3.484472 
0.417882 0.298187 0.279189 -1.007838 16.285850 1.064253 0.938813 
0.415458 0.240862 -1.072929 -0.680170 -4.753326 -25.218246 -0.414153 
0.510419 0.494538 -0.732172 -0.171021 3.761884 8.904153 8.563649 
0.130425 0.538635 -0.044133 0.152367 5.971642 -7.527183 15.885983 
0.312402 -0.810505 0.622582 -0.241690 0.188911 4.252513 -2.687938 
0.489643 0.307992 -0.097248 -0.993574 -2.423226 6.260883 -24.036343 
0.449688 -0.301119 -0.667026 0.510682 16.422649 8.264305 18.732107 
4.640213 -0.744544 -1.094773 -0.927307 -9.263256 -26.567855 -36.510076 
0.102329 -0.808467 -0.328580 0.486125 5.373341 -7.404040 1.715058 
0.088752 0.628770 -0.384083 0.174503 -21.024882 -5.086268 6.900711 
0.124181 -0.166825 0.014353 0.403088 13.716592 -26.696569 13.305977 
0.142677 0.849231 -0.045573 0.304522 0.387475 -8.373717 -12.020311 
0.646196 -0.566001 0.593329 0.618269 -9.640641 11.335620 -15.957169 
0.112694 0.282708 0.715963 0.335828 -13.138513 -7.307727 12.209687 
0.176104 0.579878 0.132855 0.750129 -2.003760 -7.857133 11.749038 
0.106965 0.261350 -0.138845 -0.500874 -11.262245 -8.270643 3.836930 
0.330430 -0.271423 0.630116 0.086130 -14.743270 11.408720 3.614532 
1.059937 -0.188355 0.008996 0.384605 21.886796 0.739363 -10.631707 
0.446854 -0.062976 0.480250 0.249499 2.772800 13.098379 -16.934209 
0.249843 0.262452 -0.497064 -0.216163 -1.673285 17.115820 14.063008 
0.126972 0.015458 -0.259568 -0.340229 -8.119985 -4.924606 -10.945774 
0.148713 -0.410605 0.264937 -0.094694 -5.063857 -0.893611 10.522565 
0.153845 0.303441 0.171162 0.144728 17.098700 17.988259 -10.375732 
1.523067 -0.065552 0.719357 -0.024526 -2.508887 -4.158452 1.484739 
1.665441 0.081661 -0.782925 0.520762 7.913803 -8.722470 -14.774631 
0.167356 -0.060065 -0.522002 -0.237624 17.296381 12.699800 3.535198 
1.433413 1.183912 -0.114141 -0.179369 20.252756 -18.242373 0.262648 
0.264805 0.153765 -0.549640 -0.114212 -13.887588 -22.019373 0.197102 
0.110793 0.060084 -0.425145 0.717753 -5.079765 9.796619 -3.372511 
0.180061 -0.133065 0.443040 -0.292687 -6.657581 4.913401 -1.170674 
0.195410 -0.099461 0.074475 -1.187000 -1.457729 2.284868 -13.830530 
0.091610 0.761803 0.304362 -0.606564 17.854221 6.421678 11.679155 
0.100160 0.378819 -0.495340 -0.322002 -10.334353 -5.584323 -2.531425 
0.329612 -0.153560 -0.177763 0.312671 -16.558023 -0.458507 17.227028 
0.174903 0.357344 -0.749503 0.368419 -7.962619 -21.330952 -6.338155 
0.088879 0.232369 -0.161105 0.231226 -16.342136 2.491880 -13.742794 
1.382242 -0.722776 0.313080 -0.682700 4.318601 -11.076918 -15.272432 
0.137418 0.707062 0.598073 0.197840 -3.393910 -0.866680 4.882693 
0.550522 -0.753178 0.238388 -0.432000 -9.292394 -18.381654 6.345932 
0.977405 0.214849 0.523799 -0.051246 -8.697429 15.231054 -17.561269 
1.078071 -0.321175 0.017704 0.551602 -4.490032 19.468608 3.648887 
0.158053 -0.446703 0.240133 0.044277 8.166133 -32.442423 -6.360473 
0.173348 -0.316636 0.062681 0.408373 -2.132332 -4.861555 -9.874133 
0.082934 -0.215144 -0.524342 0.865917 16.342567 1.515274 8.492615 
0.136636 0.212890 0.272707 -0.201986 -16.298954 -10.720012 17.052274 
0.143734 0.781168 0.291980 0.289322 5.453438 5.695463 -8.892464 
0.441192 -0.355319 -0.269902 0.342926 -13.903442 8.080599 -11.066077 
0.419927 -0.554256 0.399374 0.479971 -0.762817 -11.671460 3.897436 
0.233936 0.746648 0.456608 0.239422 -10.879581 3.947622 18.458379 
0.472655 -0.366970 0.110587 0.143888 -15.676224 -10.866686 -14.143400 
0.114863 -0.386858 0.057577 0.508031 -10.863367 6.377511 -23.879608 
0.090134 -0.049138 -0.334416 0.215398 7.721355 12.084396 -2.105149 
0.541043 -0.129974 0.056627 -0.613613 30.538170 -3.926117 0.814556 
0.282572 0.488691 -0.057473 -0.106371 -24.197866 -7.769009 1.219093 
0.115642 0.503785 -0.200023 0.065451 19.558797 -16.050835 -1.049114 
0.081355 0.250536 -0.273268 -0.552803 -23.596765 7.747498 -17.897018 
0.367829 -0.129792 -0.791827 0.110459 -7.832708 -10.002219 5.380500 
0.139629 -0.441707 0.235368 -0.026586 -5.789918 -19.996604 -6.763259 
1.352784 -0.388927 0.121265 0.511958 -9.173164 -2.616217 -5.948107 
0.125255 -0.537922 0.598415 0.238671 4.567705 -4.927223 -16.200374 
0.401327 -0.064985 -0.316726 0.672820 -1.073476 -7.904067 29.251906 
0.285734 -1.015501 -0.143651 -0.442179 -7.836802 -20.293361 -0.888507 
0.395651 -0.150396 -0.158789 -0.046381 22.922678 -13.176034 -12.043655 
0.293098 0.694397 -0.232986 0.167945 0.728288 -8.708094 12.658552 
0.087827 -0.815013 0.269867 -0.043360 -0.111502 12.925411 7.799437 
0.145431 -0.378825 -0.472509 0.768850 -18.206074 -1.834558 -7.217145 
0.180115 0.002063 0.359252 -0.436703 -23.023042 11.746334 -1.254456 
0.096200 -0.147985 0.031411 0.186759 -2.206968 -15.216426 -9.326578 
0.666776 0.286718 0.029311 0.035261 -30.215474 -13.963219 21.279894 
0.204329 0.086864 0.331416 -0.148707 1.206112 5.890127 3.816592 
0.115895 -0.208422 -0.671227 0.626502 3.138912 10.517817 4.269867 
0.093908 -0.350466 -0.171268 -0.685359 0.832254 -10.744032 2.225438 
1.218377 -0.507587 -0.767229 0.234373 -13.338941 8.009810 9.454727 
1.577937 0.685960 0.561597 0.190722 -6.519170 -0.436022 9.805934 
0.624013 0.239224 0.135827 0.552610 3.224854 -13.499178 10.132769 
0.094581 -0.130208 0.955382 0.226036 14.544703 2.720688 6.779801 
0.082735 -0.227590 -0.369616 -0.659561 -0.609394 8.112936 -8.365197 
0.117562 0.559451 -0.698449 0.470882 1.693827 -10.580516 -14.106199 
0.104059 -0.037805 -0.339279 0.620428 6.265224 -15.238882 -8.061499 
1.175398 0.376189 0.424890 0.056316 -3.393116 -3.914019 28.268727 
0.164169 0.328306 1.263076 0.198365 17.688234 16.758178 -13.472268 
0.291452 -0.085298 0.511711 0.452535 -15.663203 -1.330566 -10.306575 
0.206673 0.308565 0.332832 0.249658 -18.469237 -16.230286 -1.080757 
1.289324 -0.296798 -0.030171 0.798704 17.978771 27.381373 11.331358 
0.086315 0.209138 -0.203868 -0.271740 -1.646199 9.870523 -6.863336 
0.235153 -0.133289 0.656167 0.264308 1.999155 -9.750425 10.759047 
0.115719 -0.044074 -0.001826 -0.651055 18.077784 -16.507988 -25.349473 
0.363410 -0.409264 -0.364981 -0.581123 7.046109 -3.970795 4.268453 
1.751386 0.579746 0.336406 -0.573879 18.248314 -4.052387 1.927441 
0.207984 -0.431978 -0.082275 0.641486 -2.659023 -3.456079 -3.415801 
0.102911 -0.084696 -0.628565 -0.634012 11.809120 -16.522068 4.406774 
0.178659 -0.623103 0.798410 -0.013409 3.262880 10.512593 10.154706 
1.266026 -0.432412 0.754793 -0.137579 1.840768 0.060294 -16.512816 
0.304509 0.506023 0.661384 0.376005 5.950271 -10.661573 5.528507 
0.111776 0.323327 -0.135105 0.190014 0.071469 4.571463 -3.858668 
0.518423 -0.310058 0.547629 -0.074488 -24.426454 -9.354415 27.329542 
0.412206 0.760429 -0.380655 -0.158421 -6.203753 -5.208418 14.587974 
0.151101 -0.316118 -0.359992 -0.554231 3.011241 8.615292 -4.439636 
0.220913 -0.448680 0.765657 -0.258176 3.799001 -2.483611 6.272784 
1.412488 -0.097806 0.183942 0.566814 4.901377 -4.623167 -15.916052 
13.278585 0.220271 0.557459 0.039731 -14.204685 9.020970 10.638200 
1.463321 -0.080388 -0.721883 -0.198463 -16.008730 12.862180 0.002018 
0.120159 0.009328 -0.896486 0.219631 12.438944 5.169206 11.930697 
0.365350 -0.418564 0.763639 -0.100074 3.167150 -4.464522 12.238501 
0.105973 -0.252506 -0.323144 -0.840152 -6.815047 -3.222164 6.862543 
0.295892 -0.742356 -0.546960 -0.328319 -3.828865 1.349941 7.534871 
0.206326 -0.299232 -0.120424 -0.170856 -13.880652 4.993809 -2.817223 
0.093712 -1.129929 0.176894 -0.055064 -9.775449 7.278204 -3.217222 
0.095148 0.120541 -0.485850 0.148371 7.414602 -1.243080 9.505247 
0.206538 0.546015 -0.234302 0.025370 -11.910456 -26.315584 4.214278 
0.086877 0.412308 0.568814 0.702097 1.202348 -0.333087 2.246471 
0.089099 0.153695 0.308868 0.532787 -5.974313 -15.943706 19.785192 
0.510706 -0.113229 -0.187385 -0.566909 -20.761154 11.690038 8.418066 
0.209703 0.697714 -0.725262 -0.384328 22.266060 -7.359033 -7.504054 
0.558090 -0.244772 0.881151 -0.423999 6.893867 3.086775 5.138808 
0.094925 -0.127803 0.016355 0.573382 -6.141548 -15.237879 -7.073175 
0.169485 -0.068187 0.499772 -0.497359 2.596593 -8.481319 -14.208686 
1.190304 -0.698219 -0.195218 0.141507 -18.902087 -20.833749 5.116946 
0.229716 0.119463 0.324610 0.224600 -9.819601 -22.299769 -10.532316 
0.590880 0.466344 -0.125722 0.399496 -18.943526 -6.729107 11.343433 
0.480535 0.218388 -0.195230 0.109234 9.227643 4.569742 -9.339465 
0.234429 0.645549 0.267367 0.064203 -10.314875 -1.715875 -17.092070 
0.582021 -0.244265 0.019956 0.529546 -23.102067 12.419443 -18.800811 
0.189197 0.405128 -0.525144 -0.555085 5.396469 -5.680957 -5.796920 
0.259575 -0.912621 0.189433 -0.258153 4.016862 3.598532 -16.914471 
0.447006 0.436019 -0.441341 0.378753 -16.679086 12.066320 3.589828 
0.147887 -0.666222 0.501844 0.094845 2.333933 1.492100 2.276312 
0.231699 -0.228199 0.747516 0.048406 -2.828535 -5.299686 -2.900144 
0.453708 -0.185595 0.089073 -0.150402 8.845307 -11.470513 -2.710411 
0.920339 -0.809931 0.413808 -0.381870 -2.771561 14.558842 -16.370142 
0.955703 -0.019275 -0.270555 -0.478103 -3.208927 13.076910 3.011718 
0.084577 0.145816 0.576744 0.158968 5.833332 -8.389949 -11.927881 
0.160624 -0.114684 -0.391077 -0.133342 -8.874758 15.588026 3.721747 
1.172148 0.278912 0.269776 0.431068 34.612172 6.260464 -34.907225 
0.760534 -0.469674 0.886209 -0.554478 7.929266 27.743411 10.452801 
0.114553 -0.833059 0.007625 -0.114614 1.139352 -17.729706 6.511923 
0.117572 0.129895 0.290816 0.229127 25.995079 -27.115902 -6.817255 
0.762149 0.334982 0.787013 -1.256184 24.526757 34.690853 -12.540578 
0.232792 0.385017 -0.981147 0.015938 2.874432 1.447633 -7.417222 
0.215009 0.001846 0.158493 0.126753 1.621912 9.202443 -10.842719 
2.204810 -0.031217 -0.497892 0.118970 -9.751020 7.695302 -1.146720 
0.129032 -0.839634 0.022376 0.811404 -0.943054 -18.778227 42.423225 
0.374042 0.884727 0.469932 -0.317449 4.121230 0.395153 -1.107645 
0.205433 0.406489 -0.534247 0.719408 -11.038928 14.528141 20.370839 
0.160079 0.666541 -0.569838 -0.016725 -6.061270 -5.814635 6.699825 
0.136090 -0.445562 0.723927 -0.595190 -16.958781 -0.498676 5.049714 
0.119841 0.068705 -0.176015 -0.419925 10.523784 20.289503 8.207806 
0.201503 -0.724771 0.193008 0.964846 -7.402633 -10.492502 17.873180 
0.611073 0.617600 0.413297 0.548903 -2.148778 -11.592121 1.759356 
0.115016 0.474862 0.294020 -0.951425 10.112308 -13.096728 -17.133985 
0.399244 -0.112184 -0.045080 -0.046285 22.453302 -21.104035 -2.576412 
0.131342 -0.431754 -0.630763 -0.660553 -6.119310 4.494159 -15.525361 
0.174201 0.054740 -0.838121 -0.122804 0.322638 -8.077911 23.120335 
0.089275 -0.597529 0.052642 0.223896 9.584648 2.015605 -11.408276 
0.438872 -0.606741 -0.402084 0.342084 9.528179 -4.284120 8.449511 
0.085636 -0.228626 0.087260 0.352463 17.092137 -0.161318 2.732813 
0.582912 0.112287 -0.190753 0.184435 3.229260 12.957371 -1.727203 
0.240412 -0.706413 -0.045146 -0.525029 -22.703756 -2.691921 19.262216 
0.226021 0.633885 -0.030551 -0.260020 9.150603 4.457694 18.454605 
0.107205 0.433228 0.513161 -0.168798 -6.907034 1.919781 -6.966722 
1.102835 -0.496616 -0.056203 -0.412434 6.736311 1.915949 16.644659 
0.266126 0.348809 0.368231 0.395234 -12.598593 14.988011 -12.410761 
0.409423 0.350734 0.894049 -0.357051 -7.648673 15.460193 -9.940823 
0.089384 -0.418516 0.653897 0.113618 11.192327 -5.961519 -15.644166 
0.113871 -0.524139 -0.179137 0.056885 3.124650 -9.620130 -11.587629 
0.746267 0.148214 1.224060 0.210377 -1.627799 15.114949 -8.025663 
0.219386 -0.825368 -0.053028 0.001539 0.462819 -22.454934 -14.183316 
0.439077 0.709660 -0.098176 0.167580 -5.987996 4.551314 -20.676595 
1.444015 0.309236 -0.240997 0.306456 12.952254 -8.206612 -6.574797 
0.102731 0.018721 -0.854485 0.438599 12.807916 -10.586146 7.971051 
0.202560 -0.654753 -0.255112 0.275057 0.678826 -2.920441 12.707527 
0.091773 -0.132382 0.364239 0.353740 -6.970101 9.578828 -3.941314 
0.159646 -0.449569 0.851332 -0.542746 -9.657056 -1.536015 -10.739778 
0.210510 0.613526 0.649925 0.079469 -13.029413 6.557385 1.631630 
0.129464 -0.445056 0.564979 -0.198846 3.216265 1.022285 -5.520203 
0.235395 0.010671 -0.736164 0.434406 -4.544269 1.797045 4.379705 
0.392760 0.592372 0.603518 -0.168743 -0.471496 -6.671603 -10.297835 
0.340464 -0.169531 -0.197077 -0.900521 2.938539 13.473583 -10.203401 
0.558675 -0.488011 -0.334837 0.452301 18.170954 -4.889733 -3.073979 
0.269181 -0.152980 -0.059566 -0.219470 -1.025796 -11.221058 6.784164 
0.080832 -0.043844 0.107097 -0.377993 10.831566 20.350898 16.991921 
0.161454 0.444507 0.286490 0.536164 -1.249373 -10.991775 -9.831425 
3.272843 0.276819 -0.025416 0.380168 -5.432010 0.767451 -12.269009 
0.126733 0.778652 0.426551 -0.002585 5.863259 -17.990865 -6.974747 
0.147442 -0.380294 -0.466165 -0.439568 -5.813684 -34.488679 -5.735073 
0.234874 0.231220 0.121122 -0.601740 -8.998681 12.394173 -2.475684 
0.088322 0.436377 0.083041 -0.386366 -0.138444 8.710114 -22.014491 
0.124823 0.579470 -0.258546 -0.806448 -5.966458 0.086870 -2.297442 
0.134972 0.226440 0.277661 0.389078 19.033746 16.525226 9.180204 
0.114632 -0.026516 -0.474125 0.208632 0.650659 -0.596997 9.472664 
0.145861 -0.727210 -0.504281 0.559852 4.684210 -0.815863 3.055126 
0.263366 -0.031691 -0.145508 -0.844497 -1.542667 1.967491 3.664143 
0.973808 0.403302 -0.458727 0.174866 -1.187677 1.284571 -6.432061 
1.966409 0.146834 -0.217509 0.448273 4.101287 3.290671 -6.451135 
0.137245 -0.577490 0.114671 -0.510626 9.062301 -3.390573 -10.070759 
0.175886 0.123087 0.432389 -0.301331 -11.252451 -6.196038 -2.329005 
0.427154 -0.335831 0.451987 0.223352 -11.614865 -8.321613 14.486247 
0.305641 -0.294581 0.771769 -0.052946 -7.616556 -14.707179 -10.210254 
0.126873 0.055811 -0.081332 -0.143890 4.480802 -9.345254 -3.805610 
0.202129 0.776379 -0.384968 -0.013365 17.361250 -3.511209 21.822523 
0.103947 0.885802 0.101154 -0.259474 1.674680 16.914024 2.091238 
0.160192 -0.248661 -0.676976 0.094586 16.287097 -12.230439 8.363759 
0.087931 -0.090623 0.105995 -0.626389 -14.490182 -4.636847 3.744158 
0.201166 0.305016 0.378051 -0.215346 -21.535395 -6.172227 9.299228 
0.129271 0.382357 -0.327700 0.634640 -10.751628 -8.503575 6.429455 
0.244547 -0.111899 0.238031 -0.684339 -13.347953 -0.965957 17.229737 
