0.202999 -0.075767 1.002661 -0.707636 -1.444635 1.333705 -5.137173 
0.583882 0.494939 1.699912 0.616948 10.795724 3.654971 9.886948 
0.585149 -0.034126 -0.145316 -0.823859 -6.574322 0.991895 -14.356049 
0.085689 -1.193740 0.149663 1.504673 -9.760481 13.648907 7.394886 
0.090936 -0.077572 1.126458 -0.315262 -1.345936 5.455962 6.406332 
0.457888 -1.223604 0.103317 0.589969 0.037809 -11.306000 -8.546261 
0.179449 -0.825714 -1.411469 -0.845923 -1.413661 1.876163 -0.636675 
0.103175 0.896098 -1.692530 -0.404770 -1.901449 -8.068134 5.233943 
0.199182 3.311139 -1.180996 0.688883 12.345593 -8.527284 2.918105 
0.109107 0.623212 -2.071394 1.011881 -1.482545 -2.356559 5.526613 
0.232498 -0.494637 0.543991 -0.331661 -11.576778 15.585603 -0.018838 
0.683878 -0.934716 0.439244 -1.560362 -9.812154 -6.470218 -1.769917 
1.809017 -0.088112 -0.167974 0.033010 -0.885864 -9.198824 1.628482 
0.133767 2.297791 1.401869 -0.184743 13.833669 4.303212 6.177412 
0.207935 -1.386476 1.576913 -1.307372 -2.533642 11.768076 1.498829 
5.586845 0.400842 0.318681 -0.149230 -5.706138 2.087965 -0.900197 
0.099031 0.009220 0.801727 0.922623 0.770679 16.347015 -3.308297 
0.095457 -0.852750 -0.170458 0.412303 -4.236137 6.462903 -9.544659 
0.166412 0.278997 0.257540 -1.533757 -3.060666 -9.160178 -6.968388 
0.401973 -0.106684 -1.909531 0.378287 5.003551 -8.611899 10.718087 
0.149690 -0.973898 0.231163 0.907607 -17.141023 -7.452160 -2.403168 
0.135040 0.600695 0.551849 0.241381 7.332818 -4.045270 5.819904 
0.230700 0.684559 0.907985 -1.033970 -6.078946 7.249931 3.398153 
0.296048 -0.324531 0.561176 0.552146 -7.694832 21.736805 -0.976898 
0.089040 0.208639 -0.034501 -0.034142 -7.397453 13.355900 -10.774652 
0.218861 1.529806 -0.822982 -0.540148 6.044959 2.626886 1.457560 
0.780326 0.822611 -1.042765 -1.177699 -2.334245 -8.161532 -2.187918 
0.110177 1.206837 1.755683 0.499742 0.084497 4.069394 9.565257 
0.308745 1.844392 -2.111093 -1.136859 9.659912 -18.010035 -5.574693 
0.930095 0.095969 0.157371 0.066774 -7.411513 0.772573 14.807138 
0.154448 0.571288 0.805266 0.127694 -0.763923 -2.051649 6.341063 
0.449860 -0.556236 0.731998 0.738149 -5.814621 -15.265640 3.228489 
0.194281 0.647780 0.272392 -0.230940 8.271901 11.521948 -13.733017 
0.121470 -1.184446 0.138719 1.514070 -13.919813 -5.909565 0.866587 
0.388680 -0.215744 0.854374 0.179990 -13.121366 -0.678306 17.530724 
0.552874 0.032004 -2.281198 1.013614 -6.237460 -7.533629 10.992932 
0.107074 -0.097093 -0.114484 1.593134 -0.679800 -9.182372 4.131467 
0.218546 1.135193 2.018421 0.177667 -1.951595 4.857691 -1.677868 
0.118025 -0.682532 -0.720598 0.510073 0.066554 -1.990762 10.457914 
0.176826 -0.808205 0.181621 0.607433 -5.957560 11.284736 -11.591770 
0.123628 -0.230753 0.054038 -0.475166 -2.188904 11.090119 16.277830 
0.103987 1.706639 -0.294079 3.116399 14.637539 5.305099 16.021555 
1.612405 -0.483108 0.273151 -0.406065 -0.672149 7.411234 -14.238583 
3.952128 -0.353646 1.771159 0.659453 0.716957 -3.856661 6.854390 
0.090817 0.330167 -0.101723 0.152821 -9.182299 2.319105 4.247011 
0.094271 0.104140 -0.372493 0.371339 -2.125445 -9.988538 19.206136 
0.105198 -1.082380 -0.447154 -1.527942 -12.306015 0.415912 1.370963 
0.122132 -0.623400 -0.121343 0.364784 -4.339872 2.885814 1.246364 
0.167817 -0.807442 -0.673309 0.518449 -10.468112 12.011266 9.929533 
0.138488 -0.520536 -2.873800 -0.102785 1.157701 -12.059126 6.215068 
0.701272 2.691383 0.412597 -1.343242 23.270720 1.917984 -1.072650 
0.367183 -0.013298 -0.417549 1.588688 -0.972670 -9.111630 -2.101275 
0.116639 -0.194799 -0.017827 0.122740 -9.079823 13.126858 11.130821 
0.156405 -0.989549 0.617665 -1.211570 -2.674479 2.349238 -1.659918 
0.118162 -0.874576 0.988238 0.352761 -9.184650 10.584339 -9.096467 
0.151293 -0.238011 -0.134495 -1.274063 -4.942773 2.421893 -4.826549 
1.456612 -0.343496 0.299710 1.297396 2.780852 2.561828 2.869919 
0.095248 -0.073187 0.039779 -0.239606 9.284682 -10.843737 2.799935 
0.298886 -0.708849 0.387311 1.330755 -6.770481 2.080435 7.803027 
0.512636 -0.404431 -0.365602 0.759837 -2.031975 -14.563925 1.395059 
0.121466 1.725118 -2.326761 -2.820049 12.041923 -11.362795 -11.013324 
0.863813 0.021190 -0.229438 -0.470708 10.759304 7.149985 6.981376 
0.283593 -0.394097 0.092876 0.686408 7.795617 8.698909 14.644721 
0.114183 -1.400226 1.244075 -0.054898 -11.394772 -0.460891 4.686583 
0.387857 -0.414094 -0.228750 -0.538706 -0.658045 7.934917 -11.523543 
0.102340 -0.664674 -1.214540 1.729101 -4.529744 -10.099600 3.943609 
1.423034 1.356731 1.133284 -0.186087 6.997534 -5.943194 -2.405817 
0.118440 0.063086 -0.245020 -0.288697 -10.662253 6.411775 -16.593392 
0.087317 -0.629758 0.470623 1.141383 0.230173 3.794469 2.256377 
0.115648 -0.200503 0.116196 1.380409 -4.415196 9.727498 1.040588 
0.335498 0.685540 -1.492362 -0.123174 6.678849 -2.341139 -11.326719 
0.109210 -0.576993 -0.164117 -0.347123 -3.339321 -7.868968 17.149220 
5.398343 -0.992562 -0.011037 0.179900 -6.816656 -7.169591 -0.265800 
0.438696 -0.154177 -0.815970 -0.613949 9.459716 -1.229893 -5.104471 
0.102783 -0.375158 -0.748698 0.884691 -10.684696 -0.997508 3.894401 
0.317653 0.650812 2.515445 -2.037499 -3.373474 17.683728 -7.761330 
0.117399 -0.623564 0.081650 0.239912 0.602299 -10.831953 -8.791952 
0.135796 2.761191 -0.914029 0.653861 10.673900 -11.875378 3.983086 
0.139152 -0.248925 -0.033892 -0.008958 -6.882850 -17.923540 5.691705 
0.081844 -0.530671 0.380398 -0.437005 -11.312637 7.361632 -4.981097 
0.210768 -0.569265 -0.127371 0.400276 -7.065468 2.491386 22.233709 
0.087151 0.474680 -0.253702 3.045219 9.295468 -3.978102 16.199071 
0.247564 -0.819932 -1.772751 -0.418162 -10.109262 -7.919632 -9.597087 
0.118055 0.005036 -0.453641 -1.726166 -6.091062 6.768859 -4.751004 
0.133708 -0.735212 -3.097410 1.761029 0.579461 -17.440301 14.039731 
0.137951 0.005688 0.730859 0.080407 3.295086 -0.710182 -7.136274 
0.295736 10.004838 5.676038 -2.069276 73.962297 39.871100 -15.440397 
0.093592 0.359870 -0.329878 -0.200565 2.909361 -17.213518 4.908160 
0.180968 -0.542987 -0.337422 0.539196 -10.298868 -18.764971 8.537111 
1.058781 -0.219095 0.743971 0.665964 -13.316992 3.913426 14.528807 
0.086350 0.052824 0.293866 0.407276 -1.661236 3.516391 -9.748534 
0.263354 -0.651880 0.970789 0.263553 -8.559490 19.256432 0.432574 
0.556778 -0.265363 -0.116700 0.834485 -11.223096 10.633258 11.859632 
0.139284 -0.877455 0.476285 0.679266 -14.413739 -2.414097 9.282136 
0.478468 -0.594798 -0.180294 0.233063 -9.553243 -8.230816 16.505082 
0.165293 -0.464506 0.814416 -0.083254 -4.537472 -1.315466 1.609555 
0.493788 0.838558 -0.022216 -0.926410 6.016561 -2.248347 1.586569 
0.252788 -0.024337 0.373184 0.777787 -18.728720 1.504327 12.726366 
1.145613 -0.088396 -1.321307 1.018613 -9.772871 -5.385050 0.911167 
0.388183 -0.124986 1.150514 1.598671 1.590104 6.316000 1.995836 
0.094407 -0.702502 0.856244 0.619689 -7.681533 9.126247 4.309545 
0.126740 -0.474749 0.854198 0.382002 -4.179103 -12.529960 6.477218 
0.323270 -0.594473 -0.378504 -0.738902 -2.859011 2.965487 -1.452861 
0.198042 -1.513288 2.639770 0.093155 -13.696673 9.304534 3.909244 
1.167561 0.338648 0.270268 -0.421361 -2.824026 11.175199 -7.577977 
2.697368 0.479903 -0.060039 0.765771 3.821501 -9.188272 -1.714213 
0.376011 -1.505811 0.082637 -0.151350 -5.122397 8.193615 4.203645 
0.588263 -0.531486 0.388303 -0.771845 -7.013492 6.963402 -1.926303 
0.138650 -0.027429 0.807224 0.704142 -12.761118 -1.726512 16.923907 
0.373816 -0.102833 0.521068 -0.058134 -3.991088 11.412838 -22.307659 
0.401930 -0.363126 0.680507 -1.094236 -1.958853 -4.380729 3.832701 
0.263064 0.246784 -0.060654 0.334231 -10.710028 -7.882436 3.835059 
0.459762 -0.882929 0.619698 1.077559 4.510436 17.599127 4.777056 
0.328088 -0.607022 -0.115162 -0.298065 -4.559325 -11.639458 -6.691155 
0.860282 -0.236520 3.417087 3.656274 -5.082111 19.763925 25.983639 
0.273055 -0.287450 -0.782806 0.611212 -9.582688 2.145454 0.258504 
0.396253 -0.936960 0.154217 -0.121357 8.855121 13.168180 4.530035 
0.246288 -0.568079 0.146167 0.479360 -8.764402 -12.701675 8.257749 
0.730294 -0.861838 -0.408303 0.491976 5.194705 -11.450009 -2.939522 
0.278430 -0.735260 0.127494 0.356439 -9.040656 -16.387433 -3.108280 
0.151503 -0.050145 -0.707702 -1.905540 -3.707931 2.839979 -10.783562 
0.100432 0.544813 0.665667 0.350458 -9.393987 6.945788 9.939147 
0.082624 -0.963245 0.685998 0.053240 3.706990 18.938628 -7.392759 
0.114711 1.307315 -0.996690 -1.633638 1.706447 -11.591581 -2.604599 
0.192666 -0.907413 0.035756 -1.261945 -15.153482 3.885247 -0.244545 
0.287114 1.049554 -1.488998 0.059163 4.665532 -4.831172 -11.242702 
0.585359 0.358750 0.002077 1.022610 -7.963919 -8.987735 1.134168 
1.376095 0.828544 0.127367 0.136419 0.101549 8.897092 1.379877 
0.431641 0.716539 -0.119933 -0.777846 -4.776989 13.491952 0.833804 
0.136683 -0.969514 -0.514877 0.021662 0.893564 -8.052671 -14.507320 
0.323241 -0.224887 -0.423514 -0.638312 -17.395106 3.894457 -7.252035 
0.391024 -0.419091 0.614688 -0.266198 13.131475 2.560422 -0.395634 
0.112116 -0.057673 0.480316 -0.485967 -3.424915 -10.546004 -3.486475 
0.116547 0.153732 0.252993 0.437096 -3.649155 -15.671203 13.023259 
0.952396 -0.904625 -0.232174 0.044213 -14.935017 10.353268 7.012763 
0.374161 -0.061020 -0.999811 -0.339127 7.118812 -6.688888 3.095868 
0.178419 -1.285442 0.170151 0.220183 -21.532679 1.301966 4.923250 
0.192961 -0.459056 0.556253 -1.842912 -13.239326 -3.032995 -9.506948 
0.763069 -0.188841 0.112282 1.205241 -1.233872 -6.622076 2.300235 
0.181019 -1.435057 -0.176271 0.403408 -18.454643 -8.431231 -7.947903 
0.393969 1.891770 2.875735 0.447515 10.460003 21.765566 9.310175 
0.408300 -0.351328 -0.116793 -0.028048 -20.002907 0.229750 3.303056 
0.506972 -0.230171 -0.826221 -0.771648 -13.467380 -8.151486 1.305178 
0.168852 0.260163 -0.173888 0.949504 -7.966473 15.739714 9.868544 
0.196085 0.500297 -0.354293 0.170319 4.595842 -4.343162 3.563602 
0.836938 0.849917 -0.437902 -0.562981 -8.222009 7.348773 -5.373205 
0.701221 -0.279569 -1.110335 -0.009998 -7.199466 -6.759128 -2.750517 
0.263429 -0.209470 0.131228 0.180071 -7.749313 -11.595824 -0.266843 
0.151360 0.152415 -1.038109 2.108354 -9.732180 -6.293802 6.235723 
0.449375 0.013289 -0.889303 0.131492 -4.325130 -11.566556 2.477514 
0.108928 1.374748 -0.457604 1.272931 2.572845 -12.843850 3.406232 
0.090465 0.529336 0.332383 -0.314774 9.224377 13.017314 -14.931449 
0.531060 -0.362651 1.571618 2.408263 -9.282793 10.124739 6.593779 
0.272013 -1.182233 0.260974 0.884801 -2.444569 -7.237867 -4.981070 
0.127889 -0.645390 -0.096347 0.018156 -20.618456 3.587621 8.622333 
1.070260 -0.034730 0.195265 0.119858 5.834000 12.616838 7.220589 
0.111702 -0.832726 0.652005 0.765084 0.891410 5.198727 17.868025 
0.275275 1.409139 -0.334647 0.548825 5.016612 5.723926 1.335091 
0.433814 -1.202546 -0.412629 0.250992 -17.670477 12.572599 6.302381 
0.121123 -0.746495 0.173512 -1.330956 -8.232794 11.030264 -5.010985 
0.604561 -0.727050 0.820885 0.929114 4.584206 -6.774795 12.669788 
0.672200 0.306631 0.520452 1.577979 -9.815132 5.339907 7.403857 
0.485099 0.520297 2.263751 0.946590 -0.321251 4.858282 7.823529 
0.088968 -1.877609 0.734497 -0.043681 2.612651 7.362534 1.779882 
0.372330 -0.838206 -0.526936 -0.184803 -4.375067 -8.811943 5.608712 
0.427499 0.532620 -1.030414 1.711355 9.773188 -7.270411 0.084629 
0.148166 0.205757 -1.349982 -0.558534 -8.032387 -4.695207 2.120050 
0.205405 -0.096452 -1.438303 -0.719889 0.731772 -2.696511 4.072514 
0.273438 0.544765 0.691269 -0.121981 -7.088820 12.631568 -3.121936 
0.257004 0.906237 0.910205 -2.081815 2.698780 14.245289 -9.326751 
0.083821 -0.808337 1.668421 3.272472 -5.718704 6.520470 24.536016 
0.673429 -0.097433 -0.296652 1.434543 3.452146 2.052998 -5.368461 
0.093338 0.247992 -0.863555 0.995403 2.300711 8.517245 -3.830658 
0.097693 -0.601765 0.471375 1.083282 -6.290481 6.023489 3.794569 
0.081727 0.196975 1.294582 0.155006 1.046614 24.233194 -10.428335 
0.417045 0.307391 0.297503 -0.041690 -7.758530 7.472634 10.686348 
0.387177 0.228117 -0.054395 0.059881 12.484003 3.036284 -0.249700 
0.350927 -0.236426 1.085993 -0.227525 13.683151 24.785724 -8.464893 
0.081891 -0.764543 -0.160773 -0.705332 -10.495573 -0.649540 12.196409 
0.111530 -0.866220 0.374001 1.920737 -2.979983 -2.005611 8.392465 
0.729211 0.155193 0.251092 0.226084 -2.400439 1.946809 7.661745 
0.081209 -0.887357 -0.337230 0.185852 -15.408073 -13.330465 6.225018 
1.066327 0.330389 0.790687 1.008430 -7.300012 3.019195 17.630757 
0.844840 -0.726827 -0.068259 0.160794 -3.897298 0.021126 -2.720014 
0.286414 -0.513270 0.310643 -0.208755 -17.403050 13.208324 -3.005833 
0.108220 -0.043509 -0.782027 -0.186016 -12.085373 -8.203308 -6.784491 
0.106446 1.334919 0.045914 -0.061800 5.738691 8.306629 -0.420057 
1.618982 -0.912745 2.897122 -0.403700 -12.165489 12.061957 -6.668243 
0.126190 -0.772460 -0.341588 -0.623470 3.981300 -2.725127 2.861571 
0.666898 -0.416483 -0.011862 -0.199763 -10.211417 3.313420 -8.813233 
0.355266 -0.807779 0.316277 0.693086 -13.935895 2.013631 9.507459 
0.365762 -2.658274 -5.355616 -0.261324 -19.053700 -31.488276 -4.769464 
0.430606 -0.169486 0.744798 0.443216 -15.716516 -7.930578 0.363754 
0.100431 1.062044 -0.627948 0.759134 13.819197 7.196745 -4.194065 
0.189647 -1.146561 0.733927 0.270216 -2.789131 11.420710 -1.382701 
0.132254 -0.765887 -0.426401 0.804586 2.227077 -3.062987 -1.492714 
0.500139 -1.451109 -0.391663 -1.552298 -12.328233 2.953263 -3.082426 
0.175237 -0.679685 1.292488 -0.907424 -12.652450 3.432585 -2.638984 
0.123696 -0.615934 -0.184524 0.572271 -9.685065 -16.023570 -0.467067 
0.195281 -0.619363 -0.474383 -1.322860 -1.851076 7.232313 -6.872950 
0.599939 -2.290789 -0.218792 -0.041565 -15.706683 5.475930 -9.076517 
0.192741 -0.504312 -0.395672 0.586941 -6.889898 8.723503 -0.102787 
0.200778 0.988990 -0.211159 0.103234 -6.271931 -12.960472 -1.080151 
0.177472 -0.306429 -0.953687 -1.209294 -4.807077 7.215383 -10.673181 
0.127855 0.359065 -1.524419 0.136135 0.557876 -3.715647 -6.449909 
0.220526 -0.109186 -0.531419 0.937799 -2.914175 1.958298 0.775143 
0.627642 0.562502 -0.432007 0.260756 -1.147796 2.900739 -6.462787 
0.637465 -1.216611 0.944807 0.259634 -14.402220 12.555331 -0.938943 
0.169117 0.167460 -0.725093 -0.617767 3.615420 8.061804 10.172242 
0.114784 -0.195082 -0.896368 -0.090493 5.530566 0.834065 -7.778527 
0.135557 0.320534 0.170780 -0.253843 2.518990 -4.847442 -5.796574 
0.579415 -0.514732 0.209477 0.841953 12.604479 9.662804 6.466845 
0.624848 2.232083 1.807761 -0.335534 14.763594 11.635241 0.659137 
0.385484 -1.453993 0.561279 1.139365 -2.595009 -7.271521 8.740176 
3.082417 -0.495098 0.298677 0.061194 12.919562 4.546589 -5.724436 
0.310489 0.149523 -0.262449 1.521117 3.138714 7.864981 12.189492 
0.457154 0.281197 0.269576 -0.301098 -1.287183 -4.081191 -9.047654 
0.279294 -0.783111 -0.440039 -0.261513 -2.880593 -17.379981 -9.360591 
0.089763 0.021907 -0.193093 -0.895533 -5.980091 6.678547 -8.500952 
1.249225 -1.165629 0.950169 0.576667 -3.789193 0.947358 7.838500 
0.163561 0.880917 -0.890318 -0.238376 -0.854721 0.701063 -4.254292 
1.702665 -0.462452 0.501526 1.159543 1.902808 -2.958603 -1.625164 
0.087567 0.548894 1.633039 -0.237325 5.853815 2.885553 0.194732 
0.192231 0.066668 -0.075256 0.294543 -9.492752 -9.736744 -4.462030 
0.122081 -0.387710 -0.543102 -0.711621 -18.498152 -2.985505 -1.104056 
0.088452 -0.072845 0.268869 0.615063 -4.958913 18.537386 -4.735409 
0.470758 -1.075710 -2.301230 0.620663 -2.912337 -4.872025 6.655087 
0.196106 -0.330591 0.244580 0.456829 -8.645358 2.058269 -0.860923 
0.163499 1.809449 -2.809230 -1.066822 13.636054 -16.036402 2.195881 
0.080867 2.269379 1.934123 -2.666293 20.906664 15.839791 -11.209153 
0.223604 -1.375987 0.044202 0.575724 -11.631424 1.148264 -4.213117 
0.155926 -1.039507 0.086929 0.609246 1.498248 -10.032030 -5.736275 
0.238387 -0.446077 0.277537 -0.790403 -13.434159 -10.786387 -2.883101 
0.106154 -0.349645 -0.709061 -0.742348 -8.560049 -3.694993 -2.421454 
0.169911 0.349000 -0.295780 -0.017585 5.699957 -10.453932 16.432970 
0.113329 1.046850 0.862311 0.870353 -0.373486 1.243654 14.799817 
0.192419 1.476178 -2.351056 -0.725899 3.153039 -18.296865 -7.386095 
0.594225 0.135430 0.094536 0.501637 3.287991 0.939935 22.769372 
0.085164 -0.975508 -0.161443 -0.447144 -9.521690 -2.181635 10.049433 
0.117057 -0.520121 0.918695 0.469018 -6.568387 4.844382 8.179360 
0.205043 -0.164397 0.782445 -0.356621 -10.687019 3.351546 -0.742738 
0.234649 0.899268 -0.416450 0.478244 12.394298 6.984933 -4.750352 
0.487672 0.308947 1.327427 1.612025 2.508603 8.216067 12.707705 
0.223182 -0.856019 -0.656019 -0.049338 -20.728636 5.394012 0.284524 
2.476904 -0.342025 -0.670121 -0.982422 6.626159 6.963556 -7.898401 
0.441734 0.492556 0.556323 0.541287 -8.761452 6.174105 3.123620 
0.230397 -0.361545 -0.139818 -0.044451 -11.273353 13.250354 -11.072864 
0.689100 3.037335 1.787815 -2.208822 20.383797 6.749215 -9.040462 
0.815528 -2.425544 0.532631 0.829039 -11.183466 -2.789588 9.069642 
0.161492 0.290888 0.516714 -0.263595 3.221419 -10.513996 -4.131371 
0.542296 2.636009 -0.944455 -0.537267 7.442668 -7.144375 0.260453 
0.146522 -0.887432 -0.206014 0.501831 -16.714700 -9.251152 -10.401345 
0.256037 -1.349849 -0.445392 -0.787835 2.097611 -9.247968 -0.496537 
0.887681 -0.692726 0.191511 1.287557 4.260052 12.699286 -4.409863 
0.101372 -0.264219 0.308557 -0.448398 -7.988546 -6.025615 -8.582922 
0.141931 -0.374652 0.587388 0.091136 -20.259355 -4.288822 -4.266428 
0.178446 -0.913679 0.789053 0.615254 7.787849 -0.509668 -0.262506 
0.083374 0.227812 -0.223481 0.061535 -3.968071 6.653421 20.753923 
0.376685 -0.140079 0.058204 1.074627 1.796129 7.791186 -10.189553 
0.585808 -0.799833 -1.282925 0.754932 -11.939673 2.996541 5.818283 
0.102075 0.486271 1.232123 0.536763 3.965726 6.486411 -3.747498 
0.086694 1.917643 1.646330 -0.029425 14.343121 8.532846 5.071843 
0.654455 0.011071 0.089243 -0.310520 -1.253804 4.901722 -10.640600 
0.442796 -1.058888 0.117191 -0.206535 -10.504642 2.800298 13.282094 
0.103990 -0.454296 0.752675 -0.307654 3.407966 -9.904032 5.620052 
0.137893 -1.423429 -0.223849 -0.004144 -11.404239 2.935417 -6.766321 
1.044939 0.717912 0.152597 -0.351878 -6.621688 4.590346 3.774879 
1.025335 0.266349 -0.235525 -0.463327 5.295833 1.287524 3.883249 
0.472835 -1.720463 0.352951 1.130822 -12.799745 5.020605 -4.384195 
0.672168 -2.567867 1.108474 0.802549 -14.928378 0.693076 13.124719 
0.208490 -1.986438 -1.527834 -0.192439 -4.453325 -10.491476 -0.812532 
0.292610 -1.214426 2.084762 0.911296 -3.719465 7.405936 11.658647 
0.111344 -0.299675 -0.308495 1.600385 -1.290892 3.578253 5.437154 
0.466067 0.261747 0.629782 0.288755 -4.772744 11.338988 -13.203195 
0.112109 -0.828991 -0.317570 0.245596 -3.536929 4.331975 4.229194 
1.021373 -1.175608 0.397409 0.335497 -2.047389 6.026545 -2.910909 
0.247245 -2.262355 -0.601343 1.644117 -18.567388 1.293393 9.854204 
2.937998 -2.822128 -0.963000 0.521307 -10.450168 -7.439264 9.575550 
0.112201 -0.131160 -0.741803 -0.332761 -10.254963 2.598279 -2.999741 
0.941373 0.220835 0.849655 0.201162 0.426428 -2.774983 1.186013 
0.186332 1.117220 -0.147809 -1.150187 3.660967 3.340537 1.541079 
0.206312 -0.469454 0.590662 0.254244 5.476888 -3.208379 19.395314 
0.087521 -0.141793 0.186768 0.099011 -9.207791 -15.533392 -14.057785 
0.337060 -0.481874 -0.787571 -0.114007 -15.235819 -0.032250 2.808555 
0.506829 0.719188 0.352592 1.337760 6.553433 4.944691 0.940504 
2.506229 -0.176652 1.581693 -0.221326 -13.135642 1.324846 5.564949 
0.109658 0.105129 -0.085603 -0.670733 -13.026483 -3.470359 -5.798728 
0.093631 -1.018172 0.372910 0.402905 -4.602423 -0.229358 -2.473038 
0.994606 0.446929 0.047835 0.213811 -10.457434 3.804175 -8.966689 
0.184780 1.748812 2.517056 -0.012831 4.031397 9.074629 -1.876880 
0.113864 -0.239308 0.724629 0.146843 -8.578438 6.595922 10.716446 
0.500571 2.641209 -0.596637 -1.604831 19.620236 4.342670 -8.311139 
0.375402 0.197445 -0.214388 -0.044857 -4.494700 2.687009 -19.318359 
0.121279 0.165884 -0.004461 -0.686308 -13.147098 1.158848 -12.711904 
0.437171 0.500623 -0.029480 -0.916254 -4.495053 -0.762304 -1.420207 
0.420529 -0.499229 0.832173 -0.110745 -8.697451 13.464248 5.522286 
0.140832 -0.283731 0.305751 0.555494 -11.380676 7.502606 -4.795248 
0.317286 -0.215710 0.246023 0.171639 1.290654 -13.292826 9.414792 
0.092539 1.267278 -0.531146 -0.443103 -3.649722 -5.524521 7.538370 
4.198783 -0.086138 0.280388 -0.215391 2.749106 8.971096 8.511969 
0.435794 -1.331208 0.148239 0.198278 -18.857924 -4.920061 -5.610911 
0.299195 -0.649525 -0.659384 0.173126 -11.116888 3.451964 12.570944 
0.366428 -1.260234 0.150921 0.706612 0.293131 -7.680922 16.365228 
0.300202 0.751103 1.148737 0.773983 -0.109232 7.005914 2.284745 
0.585186 -0.334169 0.180380 1.294053 -9.028796 8.368461 13.192638 
0.524509 -0.562018 -0.648278 0.036972 -1.929232 5.616889 13.509851 
0.292083 0.351196 1.926887 0.635451 1.750926 0.209491 11.781428 
0.107699 -0.371780 1.750301 1.851605 -6.701160 3.051532 11.060384 
0.744916 -0.768547 2.414791 0.652513 -0.772758 14.969489 0.900015 
0.131940 -1.487869 2.174838 0.076737 -12.120689 7.059586 0.372184 
0.104491 -1.802037 -0.465259 1.924731 -15.138262 1.981423 11.017300 
0.504475 -0.478724 0.304551 0.059802 -5.976951 3.711396 15.665079 
0.159200 -0.478634 0.555186 -0.387947 1.590907 8.866696 2.486082 
0.144224 0.672491 3.046549 -0.565123 -1.712282 15.291337 4.135014 
0.221063 -0.910444 0.262668 -0.524521 -15.194334 -6.328348 8.178365 
0.339783 -0.382515 -0.492609 0.424385 -0.899988 3.751055 15.247392 
2.985742 1.576218 0.309679 -0.136348 6.507135 13.605434 -5.710182 
0.098040 0.442614 0.611272 -0.630069 6.536020 8.355040 -0.740863 
0.364111 -0.965323 0.372814 -0.107656 -0.870022 7.994706 0.407058 
0.144886 0.623584 0.338736 -0.146167 -4.119689 -5.055707 -10.739383 
0.360597 -0.297912 0.656970 -0.295684 2.444479 -3.869249 4.671571 
0.254317 -1.353396 0.047702 -1.136544 -2.367821 -7.309324 3.632875 
0.555913 0.390197 0.727618 -0.079797 1.465220 15.385228 -1.640309 
0.416651 -2.637439 -0.258721 -0.384071 -10.501225 -5.772425 -5.587437 
0.151008 -0.199430 1.680952 1.639824 0.845850 2.549395 1.011549 
0.577563 0.195204 0.629964 -0.663873 0.725879 -0.585814 2.347952 
0.141965 1.728748 0.484921 3.288737 5.660242 -0.348302 21.344524 
0.120024 -1.091774 0.486902 0.525757 -13.984498 9.132022 -5.308808 
0.182852 1.508705 -0.862361 0.060195 11.372552 2.360914 -2.453486 
0.189724 0.020905 0.401125 -1.338281 -5.275575 5.709532 -7.207349 
0.150160 0.150109 -1.439231 1.776237 -3.733706 -9.136620 10.647084 
1.373741 -3.871486 -0.494544 1.749380 -19.976552 2.264672 8.682797 
0.283453 0.247124 0.085442 1.283560 -0.666388 5.293092 -4.505005 
0.170281 -0.283266 0.740980 0.898377 9.885641 14.788515 2.842868 
1.505698 0.050125 -0.123536 0.213520 15.675141 -15.315881 -0.443838 
0.360047 -1.361315 0.327069 -0.513586 -1.233844 -4.421019 -0.747591 
0.588861 -1.136706 0.439035 0.215709 -15.943812 18.660444 0.492132 
0.381565 -1.078029 0.329706 0.516130 -3.190190 17.192382 -0.256028 
0.166121 -0.251396 -0.382563 0.077639 0.963166 -7.945643 0.065492 
1.652096 -0.759173 0.636366 -0.057255 -12.435857 8.973432 5.788730 
0.215498 2.784353 -2.075292 0.770196 16.191004 -5.821165 0.836921 
0.524663 -0.482211 -0.079661 0.286041 -1.494209 -8.716112 -11.195044 
0.489037 -1.072904 0.571692 0.001757 -1.776378 -2.989120 9.579320 
0.247044 -0.850633 0.274734 -0.074353 -7.293043 4.189549 -17.324453 
0.408569 0.258668 0.467743 -0.461264 4.667753 5.246925 -12.978507 
0.429966 -0.590474 0.179273 0.170051 -6.078838 1.247863 -5.743111 
0.205030 1.457624 -1.178911 0.014242 0.983369 -6.841369 -3.437934 
0.104504 -0.076186 0.219305 -0.430286 -16.440320 1.899721 10.582920 
1.704172 0.345041 -0.561070 -1.593658 -3.753724 5.867272 -2.722216 
0.208973 0.691686 0.822229 -0.991489 0.023988 -5.662895 1.500311 
4.631110 -1.357260 1.201165 1.289039 -1.557950 -3.366138 9.194990 
0.135103 -0.410475 -0.540648 -0.118097 -2.863878 2.009356 7.235720 
0.169606 0.420131 1.195182 0.036299 -3.978863 5.011209 -11.088438 
0.567692 -1.756330 -0.476125 -0.847399 -10.201477 -9.956504 1.173922 
0.214292 -0.438018 0.187052 1.926973 -9.316586 6.170346 8.967829 
0.450345 -0.235841 0.722930 0.640740 1.036313 10.490113 16.407281 
0.407103 -0.887901 -0.086188 0.548112 -10.255044 -8.646945 1.242809 
0.846636 -0.675843 -0.233964 0.054362 -17.870189 -12.488180 10.267570 
0.123163 1.091268 -1.105317 -2.342005 2.956690 -7.756211 -7.558163 
0.120648 -0.534032 0.295462 -0.804757 -8.991268 -9.200584 4.213674 
0.387333 -0.759195 0.907110 0.748765 -13.575348 -6.680762 9.259658 
1.095352 -0.797444 0.170713 0.761180 -13.556315 -7.094112 -4.597230 
0.212730 0.466109 -0.516479 -0.389746 0.171999 -4.699631 5.185205 
1.575080 -0.266318 0.938869 1.340234 1.579585 -5.222462 11.861069 
0.102042 0.387970 0.269864 0.948269 -5.483901 -7.371673 8.113710 
0.606266 -0.268196 0.697122 0.209280 6.644087 -1.080324 -5.659146 
0.250734 -0.832676 0.351134 0.015342 -15.980103 6.438170 5.800776 
0.184902 -0.566403 0.980362 0.411862 -0.707196 17.901424 4.416442 
0.348863 -0.548329 1.442958 -0.083374 11.993064 7.489989 -3.853463 
0.127948 0.111350 -0.825696 1.060485 -10.676788 -2.294504 2.130636 
0.127545 1.110206 0.615016 2.614283 -0.155978 10.234685 14.373280 
0.089378 0.974099 0.608024 0.693416 1.212338 -8.270364 -1.963606 
0.220514 0.582187 0.354184 0.057963 6.804566 -9.682052 -11.986930 
0.195396 0.456137 -0.974404 -0.734321 -7.440399 -6.227836 -14.185716 
4.245083 -1.148284 -0.383106 0.187420 -0.762637 10.705742 -6.193308 
0.095817 -0.454120 0.270696 -0.424689 1.199326 -4.839476 3.561472 
0.569763 -1.295098 0.162828 0.430092 -10.866410 -5.944617 2.617429 
1.098164 -0.716298 0.724709 -0.193477 -8.981322 6.964802 -5.085032 
0.538990 0.358925 0.398473 0.553561 0.645025 -3.414247 6.155686 
1.288776 -1.384261 0.244107 0.309846 -0.118432 -0.522674 -1.000884 
0.193816 -0.209887 0.398222 -0.496065 -5.650125 -1.277475 -6.418224 
0.378483 -0.406326 0.924631 0.267387 -18.435829 -8.782649 5.798804 
0.130333 0.135786 0.694594 0.312754 13.092542 -4.970059 -0.466659 
0.235233 -0.056543 -0.672012 -0.177490 -3.303597 -8.965263 7.110625 
0.474050 -0.515331 0.277063 -0.477668 -12.653730 -2.515114 7.067813 
0.170650 -0.365480 -0.550198 0.498820 -12.598846 2.199662 5.316033 
0.551803 -0.815004 -0.376844 0.392677 13.153024 3.571944 3.562952 
0.131497 0.381722 0.259608 -0.171512 9.892971 -11.631606 -6.066493 
0.367063 -1.289705 -0.197088 -0.228718 -2.694040 -10.864551 7.569452 
0.237052 -0.233561 0.076402 0.005943 -1.805035 4.284323 -0.923828 
0.979329 0.501651 0.038182 -0.101031 2.661071 5.698628 -16.249998 
0.113309 0.707129 0.917526 0.059336 -2.828368 11.102136 0.450864 
0.202812 1.574469 0.628031 -0.908036 12.571127 2.419569 6.660132 
0.145792 0.090573 1.206391 0.086385 -1.914806 3.136006 3.774090 
0.206856 -0.300892 -3.257760 -1.771324 -7.885935 -20.509639 -10.890981 
0.534870 -0.071636 0.744799 -0.103813 12.993752 2.113514 1.256290 
0.091732 -0.490258 -0.382103 0.078721 0.871536 -5.510194 -16.011702 
0.094435 -0.482600 0.540607 0.822917 -7.757906 12.153349 -9.837642 
0.106821 -0.379288 0.354736 0.198673 -13.478370 7.423276 11.490654 
0.443043 0.870469 0.574620 -0.313269 3.730165 4.475913 9.582373 
0.087582 -0.812032 -0.107727 -0.256412 -8.666783 9.132990 14.151104 
0.159466 -0.259613 -0.000457 0.501195 9.830735 -0.934317 -3.081391 
0.829727 -0.467487 0.473916 -0.609006 -10.451198 5.770923 5.627694 
0.093662 -0.288694 0.184785 1.235686 7.738296 -11.808628 2.966450 
1.055006 -1.024413 0.435459 -0.264699 -0.407673 -4.335296 14.501683 
0.290595 0.100644 0.401298 1.264996 -9.468111 13.446610 7.158383 
0.226020 0.904619 -2.284645 3.974994 10.971002 -12.386103 21.398196 
0.258652 -0.383984 0.454051 0.180493 3.921013 -7.374689 -4.408495 
0.504080 -0.066259 -0.183012 0.713165 -16.444917 4.982136 9.506608 
0.133644 -0.882157 -0.606821 -2.743337 -10.585174 -11.286883 -14.618801 
0.102367 -0.701035 -0.287946 -0.237590 -10.104493 0.541703 -8.118924 
0.102733 0.741017 0.255230 0.801365 -1.046958 -5.580113 8.911319 
0.406103 -0.253405 -0.366217 -0.821438 -3.288327 -2.871063 -14.686101 
0.170184 -0.583430 -0.307657 -1.195140 3.578012 10.937798 -1.903374 
0.080956 0.934211 2.304158 -0.857222 1.192154 16.402492 -7.782009 
0.171393 -0.784421 1.364627 0.139354 -1.169994 -1.335550 -8.279072 
0.103884 -0.565994 0.305727 0.228737 11.915896 5.598843 3.586915 
0.287723 -0.045060 0.130487 0.033784 -12.051123 -0.275805 -12.326909 
0.707610 -0.445258 0.177013 1.483433 -3.031415 5.309919 -0.710924 
0.161798 -0.845670 -0.485745 0.712017 -11.463416 -3.641282 3.541949 
0.495528 -1.711917 2.472605 0.680690 -6.408107 5.965168 0.856541 
0.081729 0.603820 0.727700 1.204806 -9.407871 4.723378 10.858569 
0.498673 0.191978 0.345451 -0.479797 -3.942883 16.713785 -10.017581 
0.189760 -0.278823 0.113258 0.885519 10.151599 -5.520471 6.155774 
0.174582 1.229283 0.386500 0.915328 -4.327034 -2.063293 7.344151 
1.913197 -0.733472 1.443688 0.209570 -8.983759 3.158941 0.284338 
0.156957 -0.652551 1.012987 -0.447808 -0.914359 1.560576 -3.697280 
0.318637 0.446335 0.109428 -0.124780 0.916458 -16.037393 2.734089 
0.384886 -0.665110 0.849910 0.102251 1.940399 19.065343 -3.543683 
0.094543 -1.037125 0.954299 -2.097163 3.307487 9.841282 -8.909484 
0.093801 0.431234 -0.667938 -0.438017 -9.228635 1.158374 -13.898125 
0.259589 0.053086 0.389968 0.498840 -8.085861 -0.490226 -0.852895 
0.331382 -0.048588 -0.312922 -0.038833 -9.736122 -2.354907 -3.295694 
0.597086 -2.574243 1.230382 -1.151929 -14.107389 15.253654 -8.240524 
0.244466 -0.737012 0.366163 -0.073019 -5.205790 3.263308 -10.952394 
0.409757 -0.644411 0.215366 1.552856 -9.400790 14.198015 6.958791 
0.703460 -0.014661 0.575147 0.901901 13.448715 -7.336369 0.819050 
0.129081 -0.019446 0.315781 0.621968 -11.910039 2.311647 -1.046990 
0.592856 0.775990 0.941923 0.673765 0.047966 17.896373 -0.779176 
0.598064 -0.639950 0.190102 1.565543 -13.642668 -4.287078 6.372183 
0.315326 -1.407658 0.894182 0.796335 -13.232691 1.759079 1.055436 
0.830552 -0.711506 0.661083 0.022256 -6.176699 13.131650 11.453967 
0.107798 -0.741337 0.821607 0.756526 -1.434063 -0.982460 -5.978719 
1.282747 0.369489 -0.727721 -1.048558 8.895549 2.793413 -9.320545 
0.179704 -0.577380 0.212031 0.982037 -9.472085 14.713422 8.328739 
0.226650 0.067361 -0.864846 0.497769 -10.453043 -1.793276 -1.235007 
0.213577 0.307915 1.270882 0.163040 3.446027 5.941892 -3.616867 
0.360054 -0.644942 -0.039870 -0.202541 -5.077633 3.167808 0.159417 
0.590465 1.091619 0.006212 -0.078691 6.976676 2.883121 -0.566408 
0.323997 -0.413051 2.570279 -1.627024 -3.429825 19.164259 -2.277562 
0.080856 0.797401 -1.008828 1.286235 9.230747 4.886042 0.410327 
0.143920 0.142088 1.546062 0.122717 -2.328000 -4.881774 3.723461 
0.128165 0.869777 0.587132 0.553937 -7.977120 7.178756 4.534423 
0.371144 -0.114677 0.098094 -0.331669 0.220759 -20.696775 5.122944 
0.145470 -0.476723 0.640076 -1.204133 10.649517 -3.194801 -2.734844 
0.092657 -0.312586 1.309557 0.020606 -2.297893 11.119311 4.803278 
0.587126 2.006695 -1.038186 -1.874428 16.735973 -10.559501 -4.243264 
0.235289 -0.886901 0.354141 0.043050 -12.243729 -2.300246 -12.847049 
0.569180 -0.520009 -0.358370 -0.275449 -15.509515 13.860126 -2.651982 
0.093590 -0.798663 0.487798 0.670346 -3.671549 6.424011 -8.272865 
0.249342 -0.089802 -0.143421 0.263058 1.366643 17.111295 16.844135 
0.543855 2.083107 -0.548922 0.084088 10.613002 -6.600444 6.354781 
0.236315 2.128767 2.887721 -2.052872 14.841910 24.589544 -7.530290 
0.136931 0.357240 -0.626603 0.248886 3.616175 -17.823350 14.586438 
0.109437 -0.937860 -0.569728 -0.294621 -7.783421 9.267183 -12.527225 
0.915698 0.356662 0.153711 -0.307713 -0.129452 -15.333917 -9.042240 
0.125769 -0.167272 -0.551746 -0.327759 2.907588 2.176805 2.991174 
0.182221 -0.430401 -0.738476 0.065110 -18.384422 2.635415 -1.573207 
0.624303 -0.849477 -0.026830 0.181928 4.402629 12.217287 12.241918 
0.123119 -0.413401 0.088877 0.340513 12.309022 -3.628485 -7.534993 
0.093277 0.298385 -0.450960 0.467559 -3.194098 -12.272935 1.889907 
0.126609 -0.363223 -0.397296 1.098692 9.067971 10.959366 4.541067 
0.342755 -1.037763 1.467034 0.183976 -12.937962 6.873647 -3.199538 
0.887808 1.174284 -1.480940 0.318646 1.591588 1.103644 2.015167 
0.718573 -0.403721 -0.479516 -0.668390 11.827532 0.571512 5.560848 
0.789225 -0.453858 1.271599 -0.066094 -2.221474 1.180063 -6.799010 
0.126531 -0.028946 0.442558 0.713868 -16.047834 5.434863 -2.680430 
0.685572 -0.001691 0.572459 -0.082254 -6.389842 5.027116 -5.689339 
0.342997 0.397804 -0.177807 -0.252312 -17.571139 5.916924 1.246574 
1.141486 -0.171129 0.572633 0.198621 -19.185923 -3.601421 -12.330535 
0.181571 -0.297915 0.180978 1.076204 3.312919 -1.145105 6.669580 
0.271737 -0.344168 0.007737 0.810606 0.233969 0.351013 -1.017302 
2.465276 -1.126978 -0.077211 0.124257 -10.377499 -2.160840 2.240497 
0.132761 0.302216 0.269019 -0.014408 12.468198 5.911496 16.678093 
0.088416 -0.583652 -0.089170 0.390519 -23.499416 2.301083 0.355854 
0.089291 -0.413126 0.144135 0.415169 -7.519155 -7.740300 13.528416 
0.263350 -0.622361 -0.240319 -0.512061 -16.310712 -3.516271 -5.370507 
0.423754 0.935462 0.385571 1.253047 4.656172 14.569013 5.309977 
0.178200 -2.422235 -0.524731 -0.026115 -5.396820 3.567849 0.803606 
0.269147 -0.791914 -0.010870 -0.259209 -0.613891 25.566419 1.693962 
1.218772 -0.234755 -0.287293 0.516478 16.497062 0.605093 5.948563 
0.195759 0.328231 -1.496866 1.065808 -4.332448 -7.479752 -1.974762 
0.310560 0.433632 0.544565 0.732911 3.134561 -0.758778 -3.969593 
0.132928 -0.202466 0.600020 -0.072153 3.271475 -4.366988 11.493300 
0.130606 -0.212599 -0.127969 -0.330377 1.859703 -16.857079 -15.498303 
0.180981 1.467308 3.221715 2.765224 8.317693 24.568254 20.901314 
8.040799 -0.073563 -0.193363 -0.121169 -4.423882 4.231479 -11.323561 
0.080873 -1.022686 0.389840 0.100088 -18.487616 -8.484576 -9.360801 
0.337684 0.394786 0.307071 2.021729 4.130521 -6.113397 4.218904 
0.727006 -1.681469 0.839254 0.940063 -4.470721 -3.070240 8.689852 
0.130102 -0.657477 -0.621269 0.192600 -6.707686 -12.040698 -6.300034 
0.107057 -0.330368 -0.069920 1.437985 -0.037643 14.552797 10.554114 
1.352041 -0.111895 0.084269 -0.752903 4.653921 -1.279507 -1.965992 
0.108970 -0.419898 0.503343 -0.451053 11.797867 8.289480 -8.493472 
0.148499 1.724187 0.598118 -1.362661 3.014198 -2.904692 -4.013509 
0.263983 0.224072 -0.191291 -0.084961 -8.936787 16.685443 3.773670 
0.240265 -0.224099 1.350466 0.409785 3.964922 6.939601 5.555090 
0.217954 -0.340742 -0.171608 0.012099 -10.989300 -7.540669 0.123525 
0.444167 -0.436255 0.197930 -0.213371 2.721692 -19.733826 -7.457288 
2.752555 -0.088764 0.999783 -1.566280 -3.659929 6.910838 -2.369051 
0.266546 0.632510 -0.031477 -0.800799 -0.777507 -1.034095 2.089297 
0.104305 -0.850483 0.526418 0.592647 14.612330 -3.039274 4.503256 
0.144490 1.048795 1.308046 -1.184197 -1.976237 7.128674 -11.662051 
0.094619 -0.547877 -0.474214 -0.383793 -13.612461 0.226931 -6.140556 
0.144851 0.474444 0.146227 1.353824 8.932368 -7.139526 2.271401 
0.132290 -0.858816 0.718927 1.482301 -9.438463 14.069743 0.004496 
0.524424 0.084494 -0.197972 0.341851 1.933160 -0.129249 8.043914 
2.804970 2.159736 0.502125 0.433946 10.379135 1.393458 5.037963 
0.151725 -0.452107 0.210555 -0.087322 -18.491753 -1.194413 -11.592891 
0.691052 -0.839252 -0.415366 0.080893 7.308861 -5.510513 8.287412 
0.123125 -2.488097 -1.312814 -1.125454 -11.933629 -1.262150 -4.451558 
0.095501 0.177076 0.553079 0.214395 -4.650218 5.216357 -5.321415 
0.082472 -0.109311 -0.007910 0.542017 -0.579839 3.917070 -12.663168 
0.088000 0.569793 0.138855 0.966063 8.777907 2.734848 -0.553767 
0.106567 -0.523374 0.434396 -0.022583 -0.037379 -3.571287 -3.827062 
0.083960 -0.861582 -0.680680 1.471690 -8.130881 0.299657 7.520487 
0.444394 -0.032900 0.870438 1.063900 0.537770 4.182937 9.526451 
2.968598 -0.355629 0.077554 -0.318053 13.020011 -6.618571 0.104888 
0.118415 -0.290491 0.191582 -0.349244 11.415400 0.969802 1.284946 
0.123056 -0.368103 0.391808 1.112433 0.817855 14.604662 2.964372 
0.111967 -0.460288 0.829207 0.128180 7.579778 0.525078 7.342599 
0.095336 -0.318820 -0.393083 -0.004673 1.559559 1.279260 1.909171 
0.085245 -0.647353 0.062312 -0.521183 2.751200 3.562272 -10.628062 
0.219520 -1.296469 -0.283319 -0.088651 2.003411 6.865985 -8.580646 
0.269315 -1.209569 -2.333142 1.870056 -5.956965 -8.168716 8.564601 
0.084729 0.486332 -0.424057 0.872708 6.316092 0.009591 3.613272 
0.193296 0.391170 0.230655 1.060084 1.170161 18.505347 2.205651 
3.042533 -0.284268 -0.999966 -0.179145 1.814203 -3.566656 12.867412 
1.417540 1.730805 1.763687 -0.196551 5.638969 3.292471 4.269047 
0.348250 -0.109907 0.030168 0.683854 4.417681 -4.167133 5.649658 
0.189420 0.672947 0.465468 0.847160 7.146275 6.821474 -0.061698 
0.222484 0.010499 0.229533 -0.291197 -9.348449 12.631575 -10.869801 
0.319069 0.189507 0.443858 -0.137512 -0.663225 2.171529 17.380008 
0.092091 0.118710 -0.142193 0.251602 6.066702 6.026701 -15.685960 
0.486369 0.762126 -0.943795 -0.077124 -3.389416 -6.292128 3.507104 
0.293964 0.084667 0.878468 -0.198899 -5.644637 0.774560 -2.021202 
0.150389 -0.899792 0.960215 0.310895 -6.156042 7.918192 7.030992 
0.098254 -1.007192 0.272508 0.864700 -13.196884 1.855880 14.078791 
0.129777 -0.004897 0.291295 0.459071 0.934555 9.354895 -9.489094 
0.089968 0.341621 0.894930 -0.444598 -10.773717 -1.121829 -11.732168 
0.178187 0.680297 0.196159 -0.250273 0.776791 2.304050 7.093121 
0.446547 -0.356183 0.542142 0.445374 8.736385 3.794570 -0.718827 
2.596189 -2.299697 -1.922150 -0.514881 -13.162219 -8.866276 3.341403 
0.941679 0.074054 0.414693 0.649903 0.650319 -5.936947 16.679798 
0.357477 -0.401115 -0.560738 0.509136 3.311647 -9.227277 3.420333 
0.233141 -0.923158 0.517440 0.056046 -12.313174 -2.566915 11.407618 
0.109886 0.071779 -0.048550 0.164856 17.591045 -4.354006 8.906987 
0.103385 0.329339 0.463789 0.891797 3.305237 -8.101825 6.036888 
0.307529 -1.294882 -1.348515 -1.962181 -2.882089 -9.256610 -2.958476 
0.224214 -0.697999 0.073098 -2.513438 2.776168 -7.227258 -13.745723 
0.688471 -0.179428 0.488490 -0.057026 -16.341222 14.641151 4.248096 
0.121886 0.526721 -0.883159 0.570151 2.243957 1.216535 12.501131 
2.036878 2.049475 -1.509290 -0.564512 3.896040 -5.059969 -6.077697 
0.108772 -0.303772 1.140116 0.182458 1.185830 0.535114 -8.916428 
0.087214 -1.085888 -1.969970 -1.052213 -0.087917 -8.700442 1.778025 
1.095005 -0.393061 -0.705073 -0.412899 -8.120599 -9.483313 -3.588937 
0.462444 0.085099 -0.302872 -0.903446 -1.247305 -2.438809 -5.576774 
1.195467 -0.324293 0.970663 -0.028763 -5.160646 16.448309 -6.557860 
0.124532 0.671975 0.426865 -0.061813 9.810881 10.930922 -8.466009 
0.239527 -0.768270 -0.230083 0.819280 -11.738441 2.815483 6.859781 
0.513647 0.016151 -0.394591 0.201677 -9.863090 -8.199505 -16.371978 
2.322161 0.509583 0.032629 -1.005332 7.657503 7.153226 6.640810 
1.749945 0.034943 -0.495510 0.230585 9.641113 -12.986178 1.973021 
6.427225 -0.115246 0.691432 -0.274218 4.854704 5.914478 -8.745001 
0.187473 -0.730499 -0.046093 0.628429 -7.642432 6.235145 13.030403 
0.080411 -1.207014 1.455954 1.091924 -1.429088 4.068358 1.521829 
0.084886 -1.080967 -0.398980 -0.315314 -0.467794 1.035743 2.306406 
0.210734 0.155050 -0.442970 0.040332 2.102656 -4.517910 7.884706 
1.039799 0.385128 0.427431 1.307819 -6.105639 4.813304 8.882570 
0.589256 0.360989 0.123023 0.194505 -2.943677 8.071307 -10.943076 
0.193774 -1.125822 0.254755 0.680584 -7.533739 -16.715990 10.110764 
0.204408 0.537267 -0.017563 0.281612 4.693748 3.884604 17.244207 
0.203976 -1.316617 0.177011 -0.371804 0.274177 -4.349561 -11.395942 
0.100379 -0.178430 0.016003 0.364250 2.188827 10.254270 -1.637173 
0.224716 -0.113062 0.271557 1.581310 -8.181215 10.813180 1.689093 
0.736908 -0.586936 1.650729 0.081841 -12.769902 4.957627 -2.417741 
0.183623 0.974825 0.326638 -0.688440 -1.102427 -2.316127 7.536541 
5.763363 -0.463709 -0.456341 0.007032 4.891051 14.655176 4.805130 
0.155563 0.526424 1.716414 0.362397 3.876937 20.984404 3.963474 
0.205052 -1.362628 0.261685 0.846064 -7.885540 -12.057489 7.594384 
0.256881 -0.606077 -0.861493 0.743684 -2.396486 3.387768 14.246255 
0.383592 0.001589 -0.779600 -0.546768 -4.027180 4.330723 -16.041474 
0.115189 -1.295881 1.603864 0.478963 -5.842272 4.416061 16.127727 
0.144188 -1.171921 0.444584 -0.058864 -7.233237 5.217406 -10.691050 
0.208231 -1.165543 0.525206 1.351568 -5.856111 -3.118877 5.009166 
0.523071 -0.060612 -0.133397 0.593076 14.723437 3.518129 10.029203 
0.460238 0.579338 -0.010870 1.492926 9.541820 1.634489 -5.372069 
0.500482 -0.471747 0.615621 0.168795 -12.941848 -10.071513 17.121728 
0.190881 1.359558 0.418547 1.758672 13.922359 -3.010488 4.711542 
0.095002 -0.409008 -0.122492 0.514919 0.545543 -1.436816 12.693105 
0.282526 -0.598720 -0.076601 0.655533 -20.292057 2.321236 1.362096 
7.200905 -1.190257 0.469378 0.815706 -9.116357 2.806451 -9.284770 
0.639887 -0.685044 -0.207338 -0.622995 9.235463 -10.291860 -6.057330 
0.088337 0.205639 0.034288 0.609583 -4.709847 9.294555 8.209004 
3.427020 0.469269 -0.045062 0.739965 -9.751323 11.079951 0.910050 
0.286232 -0.708760 -0.496650 0.766695 -4.471421 6.219567 5.929730 
0.111446 -0.957777 0.672371 0.757845 -7.753450 -3.564574 -6.847357 
0.194955 -1.228233 0.030680 0.302430 -17.720239 -2.976577 -8.196314 
0.190041 -0.656707 0.339458 -0.304895 10.026649 1.779383 -0.086936 
0.170109 -0.629491 -0.311279 0.105886 14.635429 6.304816 -18.713448 
0.162386 -1.096888 0.492778 -0.121025 -3.002994 0.672680 -8.410372 
1.166044 1.209306 0.700270 2.298185 3.085011 12.801548 12.639870 
0.584740 1.093988 0.001146 0.372265 -9.524965 -3.231126 -2.614055 
0.396613 -0.681066 -1.143061 -1.055052 -8.335099 6.745777 -3.557638 
2.418064 -0.457868 0.287534 0.074656 -0.540354 -4.933777 -1.779061 
1.010429 0.756149 -0.082457 0.196943 8.061084 -6.219551 -2.739148 
2.532142 -0.693030 -0.229536 0.116651 26.358911 -8.870334 3.140655 
0.107929 0.285400 0.131394 0.423390 -8.585675 -15.160095 -10.084052 
0.167175 -0.220854 -0.017715 -0.137906 9.189691 2.385750 19.740280 
0.254952 1.614233 -0.508009 -0.965286 2.473290 6.225947 -6.444643 
0.429694 0.793942 0.814970 0.613055 -0.120588 6.569306 -5.803584 
0.496826 0.350488 0.387710 1.036892 6.808970 11.899083 11.252036 
0.121547 0.480590 -2.586581 0.160834 -2.451841 -17.966463 -2.889044 
0.215928 -0.204299 1.236862 0.259971 -1.625115 0.803431 -2.220489 
0.270339 -0.595755 -0.582964 -0.315875 -1.936625 -19.023613 -9.781169 
0.080083 0.377546 0.162141 0.563479 8.792307 -3.253990 -10.423818 
0.272801 -0.264814 -0.062050 0.389760 -19.874290 6.434110 -1.859626 
0.248941 0.559688 -0.108031 -0.020316 8.669628 12.654675 -15.352961 
0.198171 -0.456014 -0.102958 -0.267531 -11.005807 15.033154 3.452183 
0.125940 -0.581834 1.483136 0.041956 -10.866206 8.514529 -2.884142 
0.397489 -0.051251 0.136271 -0.044484 -12.440013 8.064453 -7.315636 
0.109822 2.138552 0.188978 -0.528269 12.013033 -1.398339 -7.991291 
1.950578 0.015901 -0.329374 0.703762 6.530142 -4.636383 5.206259 
0.085723 -0.314372 0.629898 0.924654 -4.157009 -4.182057 2.535132 
0.261677 -0.026701 0.470818 0.659871 -12.763447 -3.549984 1.056633 
0.410668 0.066978 0.458824 0.847429 4.696597 -12.924327 -4.219243 
0.278253 0.389456 0.364159 0.796231 -3.727352 12.108976 -1.648948 
0.362834 -1.258807 0.921791 0.472682 -9.219874 -1.530559 2.254244 
0.191416 4.187053 0.869938 -0.417612 25.860221 11.791823 -4.226815 
0.204516 1.013920 -0.373727 -0.598329 0.887778 4.090089 7.579763 
0.119244 -0.322878 -0.192690 0.499573 -6.717848 -20.972658 -6.507164 
0.394798 0.010465 -0.365156 0.409328 -7.006444 0.095096 6.943837 
0.108074 -0.218545 0.776965 -0.449697 -6.058953 -0.159087 6.709303 
1.687457 1.987314 3.024601 0.434952 11.736105 12.667343 6.532431 
0.142585 0.012382 0.775032 0.184993 0.313172 16.150694 11.326373 
0.999592 -0.903159 0.852834 -0.166903 -6.645627 -0.480968 9.318460 
0.835224 1.307650 0.688829 0.058319 -3.914321 13.320554 3.490658 
0.133760 -1.235767 -0.657890 0.583416 0.083426 7.177818 8.011891 
2.914902 0.893277 -0.601729 0.180977 -1.234275 -0.237044 0.157613 
0.289537 -1.093424 -0.433460 -0.037905 -2.844944 9.335364 -1.769896 
0.111589 0.665347 -1.293861 -0.809286 9.282792 -27.761917 -21.703127 
0.666435 0.014608 0.832578 0.561921 -3.074318 -4.508088 1.469900 
0.118124 0.146847 0.464850 0.464524 -0.999118 14.327855 -5.324981 
0.082017 -0.737791 0.708702 -0.105553 -3.524706 -2.288906 -10.566239 
0.384643 0.446166 0.114583 -0.164725 6.310903 13.977217 4.640328 
0.170390 -1.057543 0.445611 0.884431 2.933109 4.762218 -7.222160 
0.164634 -0.102846 -0.402180 0.760361 4.264846 -3.868436 -1.149775 
0.710018 -0.761901 1.315133 0.786489 2.123785 -0.620487 1.503269 
0.490174 -0.410746 0.398260 -0.611211 -1.221577 9.179618 1.675784 
0.209872 -0.368584 0.892196 -0.236915 -1.103484 -2.282217 -13.464279 
0.191407 -1.689228 -0.896125 -1.746981 -1.244276 0.890121 -10.083359 
0.086220 1.188995 -0.199607 0.841466 0.591264 -2.398033 8.367165 
0.253249 -0.738113 1.116714 0.087970 -13.252988 8.619171 -1.968483 
0.443660 -0.361922 0.367842 0.254664 -13.844821 -6.794362 1.291922 
1.478874 -0.414249 0.794493 0.307402 -15.108022 -8.885157 -4.546419 
0.997008 -1.293768 -0.231035 0.075376 -12.501258 2.496083 -0.427127 
0.119733 -0.325143 0.309723 -1.129252 6.060269 -7.006713 4.189843 
0.155712 -0.426549 0.386520 0.019420 10.888378 7.907375 -20.953895 
0.248140 1.597072 0.368219 0.173675 5.222637 4.473846 2.294006 
0.211986 -1.062531 -1.391859 2.341022 -6.803051 -8.481039 4.774626 
3.164370 -0.087067 0.493328 0.771530 -8.172929 -2.518357 12.805477 
7.811175 -0.096613 -0.360143 0.597459 -5.956163 -4.156902 21.916904 
0.119711 0.220939 0.044053 0.625151 7.132497 0.760346 -7.676287 
0.081905 -0.483873 1.865595 0.452149 -6.061240 0.353483 2.813411 
0.128974 -0.896300 -0.655494 0.089029 -4.145878 -2.581061 -9.105898 
0.098410 -0.351210 0.389377 0.226768 10.453712 -2.158586 7.739619 
0.208666 -0.280637 0.536948 1.679112 3.962979 8.040271 14.517308 
0.338702 0.301484 -1.087576 1.178143 7.966609 -0.982470 11.248018 
0.270406 0.376289 -0.434132 -0.675661 13.262439 3.529457 4.987576 
0.261780 0.223799 -0.060297 0.647713 0.995628 -8.067821 10.088900 
0.198271 -0.288924 0.670312 -0.355777 -10.750428 4.603973 0.442744 
0.547947 0.616286 0.588108 0.545769 4.217460 6.757776 -1.270653 
0.084496 -0.592575 0.314293 0.754885 -2.070474 -18.784613 2.323401 
0.547853 0.235603 -0.649672 -0.079298 -6.959036 1.898466 -1.791491 
0.124445 -0.779211 0.777688 0.239535 -15.069847 7.265964 -8.439717 
0.573077 0.097800 0.200887 0.179436 -0.456531 -8.608110 13.266668 
0.415176 0.338473 -0.695442 0.122355 -1.741652 2.961407 9.601278 
0.878922 -0.476385 -0.564229 -0.551136 -7.676314 -12.164303 10.687127 
0.094683 -0.405710 0.551796 -1.396887 0.235390 -7.504945 2.120639 
3.025229 -0.430510 1.806677 -0.315326 8.506996 2.888765 -3.485799 
0.102725 -0.795909 -0.765999 0.423127 -0.495359 -3.780231 12.128493 
1.385436 -2.363528 0.866374 0.565456 -6.465693 11.861090 4.900941 
0.188343 0.867092 -0.506089 0.875908 -2.700104 0.765480 8.749542 
0.308804 0.427510 0.012765 -0.256969 1.720211 -12.371585 -5.121875 
0.266901 1.749017 0.914242 0.453789 12.127637 -3.365288 2.149440 
0.352073 -0.386775 -0.298810 -0.532082 -11.880620 0.854158 15.663493 
0.588656 1.177745 -0.874901 -1.458738 9.038748 -1.690954 -2.549511 
0.105091 0.185981 0.482574 -0.192363 6.274371 -2.465967 -3.098967 
0.147682 1.031319 -0.419993 0.088380 -0.526687 -5.100900 14.553148 
0.179358 -0.943041 0.786627 0.167613 -7.739776 5.468148 7.508972 
0.522896 0.235459 -0.996301 0.034821 -7.028962 -1.388760 -0.909028 
0.141510 0.827804 -0.464758 -0.140586 -1.805002 1.874360 6.208917 
0.105633 -0.060696 0.165307 0.756544 2.125582 0.198348 8.617371 
1.115389 -0.200984 -0.049639 0.673652 -11.980939 6.020129 6.944630 
0.100224 2.288529 -1.661133 -0.495354 6.104208 -8.317485 -9.761660 
3.043771 1.697170 -0.444727 -1.989104 7.301671 -2.308464 -3.491238 
1.677124 0.225903 -0.146996 -0.136532 -6.511916 17.318288 -10.634721 
0.154714 -1.652542 -0.737629 -0.494057 3.389172 -1.317458 -2.145076 
0.509531 0.038426 0.354164 0.003446 -14.111128 -2.123989 -7.218899 
0.118595 -0.044056 0.234125 0.269123 -18.760898 9.525200 -11.707646 
0.192470 0.918074 -0.378287 0.568339 -3.857162 -1.808103 0.669746 
0.156661 0.076080 -0.009695 1.636590 -0.080746 13.196048 2.405313 
0.269171 -0.741616 0.114712 -0.214808 -11.201769 -0.516989 9.828675 
0.275015 -1.155004 0.399668 -0.140827 -4.072525 -3.811879 -5.573447 
0.133107 -1.127282 0.497701 1.204892 -4.503988 8.078105 11.095693 
0.116244 0.122205 -0.781120 0.137097 -9.959784 6.085885 -3.450584 
0.262815 -0.695647 -0.834267 0.042538 -4.108233 3.363309 -11.921629 
0.152197 -1.337390 0.448898 -0.991606 -15.628161 2.508067 2.771268 
0.591538 0.409965 -1.270403 -1.913127 -3.567194 -3.510255 -15.284731 
0.273814 0.289226 0.682362 0.287157 8.147117 15.080690 3.051629 
1.296377 -0.696306 1.524190 0.120603 -10.205389 10.947533 -2.563837 
0.625099 0.078039 0.240097 1.267361 -0.704033 12.591945 8.151093 
0.953431 -1.605738 -0.635655 1.777839 -3.619846 -1.563579 10.992460 
1.362864 0.396126 -0.008702 -0.178995 9.390704 -9.503234 -0.738563 
0.388981 -1.366567 0.065265 0.626020 -9.690856 -3.460123 -3.830524 
0.178332 2.521798 -0.128015 0.225812 16.030101 6.082254 6.971259 
0.372184 -0.361191 -0.436748 -0.104647 3.791573 6.331829 -14.054640 
1.884918 -1.459022 0.100128 0.426839 1.963177 -0.151790 8.985090 
0.093160 -0.623315 -0.553688 -0.304800 10.950602 3.919579 10.738029 
0.093696 0.814783 0.210768 0.240857 -3.867090 11.471309 -2.587819 
0.080850 1.831504 -1.903891 1.648477 3.181903 -13.889958 9.294175 
0.277717 -0.064816 -2.240146 1.752865 0.809706 -3.601660 12.714069 
0.330199 -0.558717 0.752012 -0.036398 2.981039 -5.909880 -9.782048 
1.020862 0.474532 -0.148790 0.202440 -8.606228 -7.675147 -2.305575 
0.554068 -0.801554 0.027053 -0.043165 0.492452 -11.770606 -11.310683 
0.410517 -0.363904 -0.108890 0.762273 -18.372742 2.687868 -4.368508 
2.241100 -1.417162 0.624762 0.033159 0.011555 5.061646 -7.200503 
0.769947 -0.003041 -0.008199 -0.846600 8.913953 8.980652 -7.442545 
0.085466 -1.067899 -0.793431 -0.200330 -14.793393 -2.323075 1.679078 
0.645582 -0.132438 0.003942 -0.453907 5.055735 -9.276633 7.327881 
0.291207 2.088963 -0.010565 -0.726937 11.961208 -1.752298 -3.505339 
0.780826 0.556101 2.087577 0.513407 -8.632467 11.547924 4.129077 
0.178041 -0.155385 0.280467 0.490088 0.635566 -3.149474 -8.710626 
0.111657 -0.140259 0.557491 0.531351 -9.270064 2.270058 -7.287724 
0.141933 0.363439 -0.313723 -0.583223 5.419231 0.588055 -5.295020 
0.503658 -0.823072 -0.718120 1.187693 -10.823952 -4.419206 8.195559 
0.266518 -0.179921 -0.893634 -1.056846 -13.179171 -0.282809 0.036791 
0.136578 1.295331 0.503296 0.393190 2.966661 3.968767 -1.645397 
0.126498 -0.818930 -0.769493 -0.427755 1.978938 -3.557912 3.319147 
0.081261 2.091255 0.116771 0.126909 8.161324 -10.942441 -0.631787 
0.167252 -0.361904 0.278795 -0.036211 -7.665775 5.392361 -2.635780 
0.607244 -0.543394 2.302359 0.483284 0.890971 2.550581 -1.571954 
0.266741 -0.897459 0.061931 1.128774 -0.996414 -5.500651 8.216559 
0.157175 -1.308410 -0.739182 1.720175 -18.495160 -1.129616 4.205654 
0.366807 0.453043 -0.012122 -0.585693 0.581186 10.854493 1.161150 
1.030213 -0.540799 0.139405 -0.441136 -9.281120 3.013660 -8.138500 
0.140945 2.107597 0.944552 0.698863 5.468078 -1.683257 8.743451 
0.288794 -0.603327 0.564140 -0.553159 -1.185954 5.400896 6.364742 
0.182724 -0.722067 -0.031753 -0.380890 6.701999 -17.177795 1.095549 
0.115248 -1.411136 1.038355 0.612400 0.514576 -3.167792 6.537535 
1.012019 0.271541 0.461667 -0.377608 8.497986 2.817673 -3.302026 
0.292049 -1.330480 -1.047141 0.675938 3.011291 -9.583098 5.390927 
3.273691 0.043162 0.015944 -0.018323 -4.219397 -1.396491 -15.323206 
0.507219 -1.313960 0.217686 1.373327 -7.073183 -11.949126 6.550447 
0.325723 -0.263092 0.454162 -0.292311 20.145693 -2.001833 -5.706921 
0.153073 1.435433 1.185387 -3.537274 10.715189 0.070154 -25.790133 
0.229855 0.550530 0.260276 -0.065021 -7.163119 -4.469506 -7.987075 
0.196589 0.152521 0.332688 0.159870 -3.012169 1.568429 16.762959 
0.095001 -0.509602 0.313992 -0.998831 -7.365002 1.212522 2.950595 
0.458870 -0.366836 -0.001607 0.082018 14.964722 12.012591 10.639725 
0.085890 -0.362758 2.259546 1.481437 3.465840 5.795955 14.502382 
0.170408 -1.002795 0.664784 0.531929 -6.123094 1.478747 11.908660 
0.130084 -0.288523 0.771548 -0.099686 -11.577407 13.970493 -4.725761 
1.384359 0.139395 0.642770 0.492165 2.071147 7.238380 -5.841661 
0.642711 -0.175861 0.330489 0.282904 -1.449344 -3.497714 9.033083 
0.176254 0.331325 0.732064 0.646103 11.612229 15.398130 -0.696745 
0.156623 -1.425049 -0.199644 0.506014 -3.649319 10.472690 0.986043 
0.874755 -1.046010 -0.007236 0.226462 -8.196777 4.296889 -10.607428 
0.628183 -0.189738 -0.457213 0.573663 1.240758 -3.059075 -10.986589 
0.127719 0.569897 -0.456342 1.539680 -7.942351 -1.695828 14.388005 
0.209256 -0.621215 0.559565 -0.307980 1.561913 9.680520 -13.359851 
0.393003 0.363602 0.155322 0.037891 -5.067268 -6.335331 10.779812 
0.395444 -1.308551 -1.583004 -0.071029 0.387419 -1.407257 5.943733 
0.150757 1.052642 -0.845806 1.312140 12.118346 -0.703655 4.598569 
0.613619 1.378697 -0.302919 -1.848757 8.401176 -6.337139 -9.928283 
0.371705 0.184287 1.000895 0.550961 -13.094091 8.658231 -1.607828 
0.128172 -0.382754 1.116837 1.170583 -6.830672 3.298407 11.437583 
1.227367 -1.397408 2.040830 0.984156 -1.948359 12.926691 7.622091 
1.287495 -0.245750 0.266518 0.283457 -3.109627 4.915355 -2.932904 
0.285623 -0.716069 -1.071664 -0.603009 4.760256 -6.577573 -3.195450 
0.186793 -0.427803 1.573450 -1.348073 -6.100996 5.856236 -7.667350 
0.151928 -0.981228 -0.312650 0.051418 -20.625788 1.553598 11.729142 
0.107729 0.140454 0.134076 -0.337038 -6.225716 21.990612 2.595067 
0.789450 -0.273622 -0.534940 -0.256408 -3.825799 -18.983862 -12.452730 
0.417882 1.194860 0.019198 0.305905 -2.006051 -4.131973 14.941242 
0.415458 -0.422464 -3.304242 -0.370332 -5.627877 -14.730232 3.558072 
0.510419 -0.873664 0.993758 0.346857 -17.974843 4.118933 -3.863197 
0.130425 -0.799189 -0.098751 0.106905 -14.487040 5.769036 -19.806868 
0.312402 0.512190 -0.469656 0.213192 4.238191 -15.860067 5.583371 
0.489643 -0.101871 0.639560 -2.774873 -3.764302 5.579711 -9.748702 
0.449688 1.114590 1.019758 0.791333 4.387220 12.011490 -6.595585 
4.640213 -1.704079 -4.003613 -5.027773 -7.550398 -23.234128 -32.992258 
0.102329 -0.090151 0.587817 0.630014 5.966755 13.588717 -9.334468 
0.088752 -1.331974 0.897963 -0.160917 1.018187 8.935507 -10.750494 
0.124181 0.673696 -1.184953 0.256507 1.736916 0.704557 -5.866677 
0.142677 -0.965009 0.140844 -0.130909 -11.788136 9.864352 12.600142 
0.646196 -0.447819 0.513329 -1.197836 6.660337 -7.963233 -6.933486 
0.112694 -0.331545 -0.854365 -0.199285 3.809456 -1.073834 -10.510521 
0.176104 -0.772035 -0.215998 0.073348 -10.275676 13.455337 2.742662 
0.106965 -0.624940 0.251178 1.020491 0.030708 7.526939 1.742526 
0.330430 -0.389719 0.126269 0.055309 20.612129 -11.502606 -8.152678 
1.059937 0.735328 -0.223628 -0.746514 -3.359745 1.106175 -2.649823 
0.446854 -0.163540 0.011663 -0.433644 -8.400632 -15.134054 7.695928 
0.249843 -0.970564 1.289135 0.681684 -8.646441 5.161521 -1.446651 
0.126972 -0.223605 0.430746 0.426207 1.666853 11.399899 17.417054 
0.148713 0.563813 -0.202671 0.453721 3.154398 2.308310 -8.078833 
0.153845 0.945730 0.895609 -0.362718 -3.386979 -0.392132 -0.931496 
1.523067 -0.123467 -0.740260 0.126579 0.909137 0.337386 -3.936101 
1.665441 0.110561 0.235490 -0.844885 -6.165404 15.358963 -0.657718 
0.167356 -0.157947 1.180794 0.858678 -11.676603 5.527162 2.366900 
1.433413 2.680915 -2.040342 -0.013919 8.590532 -14.063212 1.540757 
0.264805 -1.285231 -1.191111 0.377785 -8.128225 4.848519 3.761085 
0.110793 -0.026347 0.846581 -0.765435 2.386447 2.525226 -1.516528 
0.180061 -0.419037 -0.426415 0.321856 -1.344758 -12.354242 -1.726373 
0.195410 -0.144551 0.252492 -1.539900 0.183575 0.820987 5.364560 
0.091610 1.373362 0.580722 1.104110 -2.939498 -0.920067 11.953856 
0.100160 -0.422037 0.898574 0.604352 -1.430112 16.120420 1.897623 
0.329612 -0.278732 0.430117 -0.437423 5.686448 4.938421 -15.757254 
0.174903 -0.923437 -1.368200 -0.491885 -9.198684 4.820721 -5.539071 
0.088879 -0.176461 0.176775 0.153472 7.339613 -7.067933 -4.950789 
1.382242 0.458926 -0.863108 -0.791471 8.808529 -4.621236 9.388187 
0.137418 -0.971379 -0.224297 -0.077347 -2.812970 2.450005 0.169735 
0.550522 -0.251608 -1.201724 0.717563 9.951043 -1.684786 7.716616 
0.977405 -1.083134 0.323235 0.006570 -4.114148 -13.940397 10.123000 
1.078071 -0.182996 -0.094850 -0.593785 2.588440 -14.425646 -2.827976 
0.158053 1.154927 -2.202187 0.045432 11.838840 -12.160743 1.730039 
0.173348 0.128682 0.131217 0.142323 -10.879053 2.988764 7.746722 
0.082934 0.686530 0.274926 -0.233942 -8.295057 6.211228 -15.651894 
0.136636 -0.851319 -0.036113 -0.199171 -1.186350 -0.880223 -18.509338 
0.143734 -0.968788 -0.117920 0.048757 -17.793428 -7.852311 15.181996 
0.441192 0.279507 0.353856 0.247008 5.868179 -8.129114 11.061760 
0.419927 0.599746 -0.449502 -0.580594 6.520837 6.054201 -7.848752 
0.233936 -1.079678 -0.283571 -0.285420 2.710588 -10.176287 -17.445835 
0.472655 -0.087219 -0.440059 -0.260973 6.836944 6.290270 9.935918 
0.114863 0.309743 0.125360 -1.045322 8.467577 -3.883152 1.314317 
0.090134 -0.474179 0.278495 0.168385 -12.922110 -10.138798 -4.653428 
0.541043 2.047567 -0.311244 0.662702 8.905202 -1.402250 10.929754 
0.282572 -1.204798 0.215154 0.832634 1.092834 9.797228 2.286974 
0.115642 1.076242 -1.110177 0.053397 -2.493196 -0.801736 0.022739 
0.081355 -2.191626 0.724476 -1.049747 -15.145218 7.472741 2.156761 
0.367829 -0.522682 0.583111 0.233746 1.550307 20.325055 -11.766952 
0.139629 0.126571 -0.760780 0.182363 3.713469 9.076077 2.133474 
1.352784 0.505286 0.174767 0.086827 2.227903 8.389899 5.064039 
0.125255 0.529124 -0.745462 -0.200575 2.096012 -5.644181 7.892322 
0.401327 -0.217481 -0.711995 2.462335 -1.389924 -0.620843 8.179685 
0.285734 -0.817257 -1.842868 -0.070564 5.881157 -7.678804 4.794159 
0.395651 1.409825 -0.390320 0.057590 2.990307 3.967957 4.848823 
0.293098 -1.005001 0.374168 0.100440 -13.116463 10.844157 -16.821124 
0.087827 0.524182 0.091080 0.405348 5.691505 -12.324794 -5.850969 
0.145431 -0.294455 0.630769 -0.877251 11.956443 10.083605 -3.921290 
0.180115 -1.684400 0.888593 0.400974 -4.272645 -1.759668 10.064340 
0.096200 -0.207972 0.784448 0.206048 -5.809267 13.963867 0.387748 
0.666776 -1.676872 -0.728162 1.570732 -9.905724 -0.835646 6.245090 
0.204329 -0.644367 -0.472010 0.376406 -6.962375 -0.021936 -7.899310 
0.115895 -0.431038 0.840741 -0.575220 -8.706954 1.709855 -4.935847 
0.093908 0.229937 0.501964 0.760233 0.421287 18.190891 5.884531 
1.218377 -0.095387 0.826970 -0.098697 13.842515 -0.100404 -12.869799 
1.577937 -0.979954 -0.264299 -0.107633 -6.233052 1.552718 1.940104 
0.624013 -0.633344 0.018227 -0.680857 -5.095194 9.813768 -1.639604 
0.094581 0.486325 -0.459575 0.199799 -9.279221 -15.938912 -5.524932 
0.082735 -0.185400 0.551353 0.849406 -1.895701 -3.771405 14.903727 
0.117562 -0.375939 -0.111945 -0.896430 -10.910332 14.889696 -0.469649 
0.104059 -0.204764 0.479524 -0.483735 -8.213719 14.112198 5.865560 
1.175398 -1.181741 -0.775438 1.448572 -13.537110 -7.159165 0.558268 
0.164169 1.483311 2.178214 -1.201210 5.959365 3.406023 -9.512393 
0.291452 -0.001525 -0.515954 -0.248081 7.571699 -2.475156 8.366015 
0.206673 -0.940585 -0.904837 -0.289585 -0.371672 1.886554 -3.535181 
1.289324 1.571718 2.495414 0.584125 12.514805 16.468346 -5.486827 
0.086315 -0.880359 0.291641 0.133404 5.794790 3.902397 15.590832 
0.235153 -0.149282 -0.693437 -0.254131 -2.607496 3.508071 -7.990914 
0.115719 1.776036 -1.618549 -2.331234 13.109904 -11.120209 -9.910837 
0.363410 0.030634 0.817895 0.560176 -10.330839 10.571227 2.258166 
1.751386 1.110796 -0.362185 0.365193 -8.353480 -4.255763 7.002355 
0.207984 0.429544 0.388220 -0.092475 -4.092730 8.808216 9.768563 
0.102911 0.991394 -1.124922 0.592759 4.739709 4.045486 10.732778 
0.178659 0.208882 -0.185318 0.227927 0.138423 -20.111534 -7.640719 
1.266026 -0.289222 -0.598279 0.700693 -16.079388 -17.027234 29.721652 
0.304509 -0.740359 -0.265747 -0.548006 -11.085776 6.388199 -6.256397 
0.111776 -0.284016 0.142484 0.121513 4.688746 -2.483451 10.022597 
0.518423 -1.740223 -1.004963 2.388625 -6.758548 -12.137280 15.003801 
0.412206 -1.367316 0.692868 0.290767 -12.750428 11.874147 -10.311603 
0.151101 -0.087058 0.547622 0.567629 -13.134351 -1.961148 10.012071 
0.220913 -0.025617 -0.303854 0.234992 -4.067729 -20.001690 -3.144365 
1.412488 -0.371603 -0.075416 0.064248 -3.602717 11.205188 9.399075 
13.278585 -0.692904 -0.293840 0.071566 4.839979 -4.285356 -9.840757 
1.463321 -0.029656 1.191168 0.815314 12.619598 6.341563 6.997051 
0.120159 0.789691 0.752307 0.473891 -1.405154 11.616904 -5.202754 
0.365350 0.140851 -0.634297 0.080154 -3.638485 -4.558875 -9.881969 
0.105973 -0.014876 0.629349 1.052439 4.858547 12.759463 7.103785 
0.295892 0.318503 0.841073 0.614284 6.412497 11.293113 -3.190480 
0.206326 0.264128 0.236608 0.484105 3.554939 -2.883226 0.970207 
0.093712 -0.598766 0.563508 0.107355 18.713551 -5.768762 3.993567 
0.095148 -0.478827 0.847420 -0.177086 -11.753838 -0.072368 -9.718231 
0.206538 -1.605207 -1.314163 0.583651 -15.371871 0.627766 2.460174 
0.086877 -0.686166 -0.370294 -0.701009 -8.262253 -4.986213 -8.624419 
0.089099 -0.508701 -0.951260 0.384044 -3.930430 0.582441 -11.868291 
0.510706 -0.590913 0.712402 1.118087 7.823188 -0.666636 8.922742 
0.209703 2.513364 -1.013933 -0.824709 11.014784 -0.249008 -1.678719 
0.558090 -0.519659 -0.775527 -0.032872 -1.817825 -13.878612 -9.719875 
0.094925 -0.141635 0.487238 -0.436740 -7.182410 8.100049 7.690281 
0.169485 0.035587 -0.570284 0.016293 -4.017864 0.029262 17.450370 
1.190304 -1.467970 -1.728407 0.580271 -1.108115 -7.046075 2.059835 
0.229716 -0.734383 -0.066214 -0.124086 1.243494 20.056183 6.522638 
0.590880 -0.876197 0.700039 -0.311009 5.623990 8.268613 -0.300743 
0.480535 -1.227775 0.026290 0.323053 -14.837938 -8.064893 -2.635900 
0.234429 -1.018446 -0.153627 0.468497 2.315199 3.332560 10.116399 
0.582021 -1.474115 0.987372 -1.439666 -3.394739 5.052988 -10.702693 
0.189197 -0.154183 -0.044320 0.141969 -18.218058 10.492029 14.038273 
0.259575 0.682052 0.196535 -0.753804 11.526228 -3.376626 8.217083 
0.447006 -0.856072 1.046035 -0.373266 0.610144 2.022970 -0.711715 
0.147887 0.400456 -0.479197 -0.024607 -1.424564 -7.952746 -7.882984 
0.231699 0.574166 -0.524344 0.255523 4.472918 1.448168 0.244771 
0.453708 -0.030832 0.142873 0.430800 -9.708976 12.573396 -5.478174 
0.920339 -0.215207 1.425297 -1.313616 7.268201 3.362739 -1.511571 
0.955703 -0.383431 0.052179 0.794330 -1.778827 -7.955095 0.452850 
0.084577 -0.392962 -0.439422 -0.094783 -6.030059 -6.368600 17.442059 
0.160624 0.112112 0.638051 0.723599 0.672231 -5.348705 -2.883956 
1.172148 3.460808 -0.136496 -4.267744 23.236440 -3.610427 -36.672257 
0.760534 0.504169 2.903443 1.221826 7.085174 10.881237 14.205506 
0.114553 0.789878 -0.471845 0.571123 12.232300 9.906446 -0.019556 
0.117572 1.536836 -2.456669 -0.378608 6.715420 -17.850623 -4.220533 
0.762149 3.091162 4.637588 -2.376886 22.034152 30.700794 -8.308375 
0.232792 -0.519275 0.841330 0.279739 -16.962262 15.622898 10.242472 
0.215009 -0.163842 -0.679203 0.474401 -1.282064 -2.847617 2.543515 
2.204810 -0.195343 0.775825 0.027220 -3.673449 -6.880021 -1.029303 
0.129032 -0.517251 -2.112372 5.186135 3.254065 -16.955856 34.077166 
0.374042 -0.632543 -0.138315 0.056371 -26.473567 -10.806673 5.493868 
0.205433 -1.152354 1.238389 0.858945 -10.542281 8.977602 -10.092028 
0.160079 -0.959494 0.939580 -0.003079 -7.267523 14.581942 -8.448468 
0.136090 -0.663353 -0.300718 0.824124 13.447162 -9.580744 4.545465 
0.119841 -0.054119 0.861667 1.290434 -8.477756 -1.239132 7.524937 
0.201503 -0.919720 -0.986630 1.981121 1.037329 -7.525717 2.358574 
0.611073 -0.950107 -0.222195 -0.515054 -7.773161 6.082421 -4.037913 
0.115016 1.349062 -1.301109 -2.085183 5.650552 -11.370655 -5.371745 
0.399244 1.269191 -1.172761 0.726631 4.584264 -1.674693 5.971254 
0.131342 -0.418874 0.518283 -0.709396 4.980363 8.282761 13.323322 
0.174201 -0.069171 0.210440 1.921640 -2.387812 14.370828 7.415823 
0.089275 0.701638 -0.197328 0.240212 -5.091994 0.556216 6.550222 
0.438872 0.251964 0.437038 -0.322360 -9.303827 2.199901 -9.833420 
0.085636 -0.148307 -0.379838 0.046652 -14.086277 8.613959 5.701543 
0.582912 -0.456952 0.369999 0.127580 -6.053981 4.765097 8.251454 
0.240412 -1.804808 -0.076084 1.760764 -1.658488 0.741955 15.106573 
0.226021 -0.529056 0.266293 1.289745 -16.631186 -1.255188 5.059320 
0.107205 -0.631471 -0.312212 0.576753 -1.888010 -1.306722 9.744528 
1.102835 0.281803 0.397974 1.386607 1.088898 3.743778 2.213363 
0.266126 -1.488027 0.586357 -0.833358 -8.505988 -4.834489 -3.281328 
0.409423 -0.823905 1.418646 -0.696541 -8.582189 -3.111928 2.669257 
0.089384 0.896506 -0.831893 -0.361732 4.071369 -9.022270 4.843198 
0.113871 0.301526 0.366920 0.448891 -3.022767 12.208537 11.007993 
0.746267 -0.269836 1.578176 -0.611633 -4.183858 -5.280851 -3.103648 
0.219386 0.468291 -1.687302 -0.608832 11.527594 -5.235496 0.075680 
0.439077 -1.141918 0.316935 -0.580067 -10.648932 1.065833 8.350831 
1.444015 -0.640178 0.449032 0.124228 -12.722568 11.235055 9.547524 
0.102731 0.525737 0.127037 0.220961 -8.932087 17.632506 -9.816995 
0.202560 -1.266261 -4.847326 -7.005308 -5.898168 -41.883581 -68.446665 
0.091773 0.269971 -0.403887 0.273992 2.516911 -12.754289 12.952247 
0.159646 -0.630146 -0.094878 -0.281603 8.311436 -9.615066 15.710307 
0.210510 -0.918374 -0.371853 0.534504 0.746415 -9.921215 -0.296335 
0.129464 -0.218650 -0.487658 0.169387 -0.695390 -12.823828 12.092375 
0.235395 -0.309634 0.626086 -0.088239 2.030228 2.359588 -7.480797 
0.392760 -0.881834 -0.538617 0.225080 -11.083923 1.636639 13.647031 
0.340464 0.219217 1.003106 -0.187045 -0.409545 1.619098 16.020199 
0.558675 0.899210 0.672688 -0.530657 -1.585794 8.207809 -6.402400 
0.269181 -0.035028 0.473159 0.436117 -2.916780 7.177403 -7.830638 
0.080832 0.207275 0.727491 1.637602 -2.995976 -2.877371 8.426844 
0.161454 -1.145576 0.148448 -0.199141 -4.388169 8.048681 6.764359 
3.272843 -0.474900 0.540565 0.183543 -1.785278 -3.345601 7.178572 
0.126733 -0.700254 -0.755671 0.005626 -17.312763 7.570284 4.597751 
0.147442 -0.732958 -3.435539 -0.477750 -2.257635 -20.192869 1.099178 
0.234874 -0.810452 0.377353 0.839850 -4.874994 -7.832981 9.886826 
0.088322 -0.559352 0.721962 -1.468620 -10.615744 4.025502 -1.033046 
0.124823 -0.642328 0.389472 0.823318 -7.654480 5.654905 17.780460 
0.134972 1.079238 0.927596 0.211912 -1.542961 -0.814580 -4.656840 
0.114632 -0.283695 0.460384 -0.502704 -3.658993 -4.620681 -6.285551 
0.145861 0.237690 0.562692 -0.368360 -2.341332 7.932338 -1.927368 
0.263366 -1.190042 0.487411 1.399440 -12.660926 5.280972 14.787405 
0.973808 -0.912392 0.868586 0.112833 -6.014799 -0.009492 2.401671 
1.966409 -0.548484 0.390903 0.149554 0.875909 -9.013457 10.417181 
0.137245 0.371376 -0.006110 0.580184 -2.699771 2.647020 18.206659 
0.175886 -0.079998 -0.122138 0.776594 4.066139 4.908123 0.868042 
0.427154 0.027064 -0.702018 0.061732 5.464180 2.819873 -13.377318 
0.305641 0.045906 -0.797971 0.103175 5.848816 0.563838 11.336451 
0.126873 -0.573323 0.436343 0.006740 -16.074972 4.178298 -6.388622 
0.202129 1.502150 -0.329273 2.165525 1.131634 2.071682 14.361883 
0.103947 -0.532596 0.992422 0.414317 -17.377792 -6.590130 4.715074 
0.160192 1.305284 -0.112091 0.652273 5.155512 11.991427 -0.359089 
0.087931 -0.328324 0.419353 1.151233 5.798492 9.868785 8.456337 
0.201166 -0.969168 -1.079094 0.986750 -1.431198 -7.639937 3.228233 
0.129271 -0.968516 0.651662 -0.316533 1.291081 14.480549 -4.585916 
0.244547 0.236674 -0.129313 0.939657 8.713639 0.264531 -2.430060 
