0.202999 -0.022501 -0.717692 0.491728 -7.763962 12.886667 3.709086 
0.583882 -0.817958 -0.148237 -0.427849 -0.900717 23.549078 0.420116 
0.585149 -0.436551 0.144863 0.939620 4.285328 0.254613 5.352708 
0.085689 0.502684 -0.343473 -0.466572 -9.236708 -14.205780 14.876316 
0.090936 -0.112810 -0.266686 0.491161 -5.419477 -3.240534 -1.491888 
0.457888 0.084863 0.894012 0.481037 -16.289159 4.915831 13.050685 
0.179449 -0.292856 -0.659413 -0.200364 -8.993842 -19.005790 -11.606474 
0.103175 0.538566 0.053926 -0.618984 12.152369 -19.252597 -6.964872 
0.199182 1.281378 0.010580 0.220126 23.468358 -10.188357 5.105214 
0.109107 0.529924 -1.077134 0.082898 5.088718 -17.481292 9.148319 
0.232498 0.377353 0.001799 0.652193 7.819876 -12.596676 5.039130 
0.683878 0.477016 0.756687 -0.216242 -7.432316 7.271956 -21.747135 
1.809017 -0.141571 -0.122982 0.334210 -2.906029 10.970087 -4.010075 
0.133767 -0.151704 0.476230 -0.549688 25.462884 14.805775 -7.830750 
0.207935 -0.552868 -0.259807 -0.793079 -13.894331 15.133899 -14.859557 
5.586845 -0.641114 -0.237887 0.575775 -1.766182 -3.204182 -5.290771 
0.099031 -0.356000 -0.530440 -0.481348 -0.637299 -9.922907 14.321874 
0.095457 0.387567 0.380670 -0.228649 -5.944718 -4.653929 4.132537 
0.166412 0.063070 0.640542 0.375172 8.845951 14.745210 -18.385780 
0.401973 -0.583310 0.379924 -0.528972 -2.002664 -24.630573 -4.632625 
0.149690 0.173994 -0.118986 -0.401731 13.124829 10.082824 8.982143 
0.135040 -0.698348 -0.617960 0.121910 -4.788946 10.696569 -5.819147 
0.230700 0.664401 -0.343120 -0.576099 10.213802 8.944725 -13.182666 
0.296048 0.391733 -0.755748 -0.504368 -1.244476 -8.955093 4.873788 
0.089040 -0.262179 0.135476 0.007939 -4.453465 -11.107478 14.349774 
0.218861 -0.028459 -0.426758 -0.224029 19.441344 -14.917423 -11.312442 
0.780326 0.284492 0.400517 -0.025902 15.907979 -12.576706 -22.878035 
0.110177 0.568517 0.546534 -0.692348 12.821651 17.612602 4.793162 
0.308745 -0.035547 0.590956 0.064672 23.675538 -21.806130 -19.421825 
0.930095 -0.272685 0.014932 0.546007 2.055915 1.614288 -12.574165 
0.154448 -0.583901 -0.474706 0.211059 5.892985 12.998247 -11.232760 
0.449860 0.228694 0.949765 -0.369769 -4.391902 16.921921 9.623008 
0.194281 -0.832069 -0.074481 0.419814 -7.947730 -6.716908 4.924287 
0.121470 0.553542 0.145017 -0.370552 -5.248236 14.782485 21.491736 
0.388680 -0.033913 -0.455455 -0.495085 4.068445 3.283187 -12.657777 
0.552874 0.584730 -0.457765 -0.455065 2.079918 -25.737596 7.643595 
0.107074 -0.381070 0.761662 -0.271947 0.849831 -4.324690 11.958446 
0.218546 0.843969 0.778773 0.292856 10.032746 17.221302 1.422500 
0.118025 0.443677 0.789571 -0.129392 -13.576943 -3.062225 -11.535279 
0.176826 0.301351 -0.037496 0.041106 -1.856384 -13.645732 12.704793 
0.123628 0.337180 -0.633963 -0.762228 -1.286467 -2.661388 -11.253425 
0.103987 -0.361030 -0.721468 0.490582 16.114049 -4.444353 32.237246 
1.612405 0.173313 0.111162 0.224497 -4.039544 2.305994 9.090248 
3.952128 -0.336319 1.107927 -0.363692 -2.708299 18.549565 6.641874 
0.090817 -0.437744 0.219699 0.253705 -1.827898 -1.816004 -2.833951 
0.094271 -0.239547 0.979257 0.045058 -2.761808 0.400232 -2.070373 
0.105198 0.630433 -0.162016 -0.572597 -9.415049 -6.850675 -20.463591 
0.122132 0.318091 0.075659 0.223836 -14.380457 2.365990 -0.679520 
0.167817 0.590595 -0.176074 -0.710520 -5.333330 -16.865647 -0.715584 
0.138488 -0.504011 -0.734362 -0.737640 -3.133500 -24.726926 0.676488 
0.701272 -0.741334 0.032021 -0.532447 21.973464 8.466792 -27.265158 
0.367183 -0.110199 0.626790 0.287228 0.982269 2.358853 26.877683 
0.116639 0.208505 -0.049627 0.226490 11.504593 -14.242108 -13.788443 
0.156405 0.222597 -0.216391 0.486194 -17.833440 13.512857 -26.343282 
0.118162 0.331918 -0.586688 -0.311104 5.159669 2.642538 5.987279 
0.151293 0.052206 0.204955 0.825656 4.686108 -6.966052 -10.625863 
1.456612 0.125724 -0.025229 -0.682626 -13.146399 2.482903 10.350944 
0.095248 -0.150127 0.364830 0.613637 -5.782966 10.311037 -0.845233 
0.298886 0.289058 -0.075110 -0.801097 -1.409903 -0.150308 7.614363 
0.512636 -0.174158 0.563221 -0.768535 0.751948 7.209808 4.685487 
0.121466 0.059491 -0.648370 -1.114880 14.646540 -16.941100 -19.033224 
0.863813 -0.434395 -0.061103 0.391109 -15.925578 -8.335866 -13.348155 
0.283593 -0.253833 -0.208588 -0.846883 -11.356231 -4.082927 -3.445748 
0.114183 0.335702 -0.323497 0.045255 -5.099531 24.028459 -14.137505 
0.387857 0.197634 0.395490 0.611918 -0.432620 -6.876252 10.949099 
0.102340 0.245514 0.546119 -0.137367 -17.432835 -10.889515 30.005779 
1.423034 -0.191415 1.044742 0.198994 15.967845 13.330518 -1.584113 
0.118440 -0.256370 0.299162 0.695726 6.265068 -5.246936 20.047848 
0.087317 0.306812 -0.001158 -0.748886 -10.415246 -0.546114 12.453964 
0.115648 -0.027713 -0.079145 -0.328509 2.764227 -15.233225 12.775558 
0.335498 -0.404338 0.137330 0.741692 4.865606 -22.660934 9.017692 
0.109210 0.334313 0.540895 -0.295065 -4.665443 3.110276 -15.914176 
5.398343 0.473765 0.088664 0.046091 5.264532 10.390812 12.106409 
0.438696 0.088623 0.429488 0.611326 -19.267748 -5.814769 -0.423766 
0.102783 -0.051790 0.650881 -0.495116 10.738014 -8.366587 3.537037 
0.317653 0.810122 -0.073863 -0.600869 5.417481 23.068010 -18.844103 
0.117399 0.469870 -0.604527 0.151124 -10.482907 14.620084 -9.246491 
0.135796 0.685940 0.629256 0.023841 28.883241 -8.281952 5.137997 
0.139152 -0.072479 -0.118155 0.135927 1.289249 19.972652 6.127346 
0.081844 0.411621 -0.351333 0.544461 6.509390 -4.587897 9.475477 
0.210768 0.520257 0.304207 -0.843573 -4.445732 -4.528678 -8.655624 
0.087151 -0.604187 0.232377 0.048235 -0.251333 -1.916916 36.852453 
0.247564 0.344368 0.588510 0.477506 -0.530364 -22.843751 6.108815 
0.118055 0.670068 -0.787792 -0.473345 1.835865 -6.015923 -14.244305 
0.133708 -0.428475 -0.299044 -0.078393 -26.832322 -30.151941 0.967399 
0.137951 0.066973 -0.568010 0.582791 -15.636150 3.949914 -2.850284 
0.295736 0.514054 0.553855 -0.088319 79.312452 43.293407 -16.618054 
0.093592 -0.294175 -0.133956 0.529179 -8.753454 6.527819 -1.776600 
0.180968 0.261608 0.728167 -0.730144 1.026305 5.597339 -0.710932 
1.058781 -0.007922 -0.670325 -0.421973 8.563301 2.318108 -6.326574 
0.086350 -0.187566 0.002630 -0.257188 5.480505 4.741847 18.315908 
0.263354 0.647300 -0.777916 -0.116198 -1.901125 -3.430651 -1.746122 
0.556778 -0.074553 0.550995 -0.818063 5.169942 -6.835097 -5.234284 
0.139284 0.569206 -0.203778 -0.679753 0.609240 4.017546 -2.882776 
0.478468 0.502225 0.219838 -0.075889 6.668155 6.291522 -15.142543 
0.165293 0.045327 -0.625058 0.308355 0.232483 18.969972 0.409428 
0.493788 -0.359513 0.131997 0.654117 -3.431007 4.051135 -21.093654 
0.252788 0.336310 -0.139920 -0.919326 11.471836 4.116354 2.864570 
1.145613 0.501225 0.472633 -0.032614 -0.009819 -19.319839 16.420507 
0.388183 -0.122705 -0.330304 -0.181093 -13.120955 10.405681 29.708400 
0.094407 0.438226 -0.802118 -0.208892 -5.716917 -1.601206 -2.036547 
0.126740 -0.046072 0.358399 -0.075275 -1.623407 23.582844 -1.928778 
0.323270 0.175503 0.421060 0.565628 -2.882146 -5.882909 -0.510219 
0.198042 0.430408 0.596865 -0.147849 -12.508464 29.603886 -3.405203 
1.167561 -0.843917 -0.414734 0.466721 1.696607 -5.001009 4.551797 
2.697368 -0.723934 0.030105 -0.541699 4.490533 3.386497 3.250355 
0.376011 0.686689 -0.032662 0.384522 -12.135622 -10.645818 -10.961410 
0.588263 0.287221 -0.096302 0.958890 1.423835 -4.842122 0.664943 
0.138650 -0.170576 -0.416342 -0.742608 10.849190 2.057091 0.338866 
0.373816 -0.090721 -0.776653 0.809698 1.288535 0.242577 11.509271 
0.401930 -0.034569 0.454160 -0.326045 -2.344713 11.211680 -20.210282 
0.263064 -0.467927 -0.067814 0.056795 8.859424 13.308598 -9.783847 
0.459762 -0.085532 -0.640970 -0.551933 -21.808940 -5.097189 9.238887 
0.328088 0.381847 0.105982 0.205036 2.957245 19.047313 12.608287 
0.860282 0.345159 0.554784 0.041362 -0.926978 33.500552 35.729373 
0.273055 0.113149 0.529362 -0.173921 9.740902 -8.704572 -0.273838 
0.396253 -0.123900 -0.731130 0.162107 -20.224396 -9.327919 -3.994934 
0.246288 0.006826 -0.431943 0.545890 4.306252 4.906302 -19.148210 
0.730294 0.468756 0.071948 -0.345107 -4.220609 2.678043 7.985594 
0.278430 0.370427 0.055881 -0.193481 1.867856 17.533024 -2.289915 
0.151503 0.271582 -0.261197 0.444668 1.029587 -20.300555 -23.995038 
0.100432 -0.190420 -0.653502 -0.205250 16.179865 2.062742 -9.121167 
0.082624 0.442563 -0.808997 0.374647 -11.445039 -8.888662 8.309088 
0.114711 0.583091 0.603299 -0.763214 12.392270 -10.616469 -15.120899 
0.192666 0.807528 -0.172705 0.361319 2.564172 -3.988938 -21.947269 
0.287114 -0.124033 0.062122 0.885952 14.066837 -19.857502 9.242670 
0.585359 0.392979 0.571292 -0.369458 10.521593 8.172645 12.929134 
1.376095 0.066381 0.367654 0.239311 -13.212534 0.634943 -4.384455 
0.431641 0.389019 -0.982292 0.152019 10.675070 -6.809056 -10.509898 
0.136683 0.244254 0.423806 0.078031 -17.692134 6.497258 -0.782059 
0.323241 0.291417 0.171258 0.670002 15.575339 -5.239706 3.067222 
0.391024 0.594830 -0.224598 0.371350 -22.170605 -3.540186 14.323890 
0.112116 -0.258745 -0.445573 0.551727 -1.538779 19.210147 6.650249 
0.116547 -0.426207 0.248343 -0.240354 1.967488 15.488206 -11.517625 
0.952396 0.606960 0.544417 0.232159 9.424729 -10.455621 -2.807361 
0.374161 -0.442220 0.846398 0.126177 -10.678795 -9.687780 -5.448768 
0.178419 0.414385 -0.024450 -0.250301 9.383978 -2.170404 2.202233 
0.192961 0.456439 0.784647 0.119835 3.328564 9.015496 -21.780270 
0.763069 -0.050764 -0.114532 -0.659334 -7.870777 14.869410 12.912743 
0.181019 0.791282 0.161322 -0.314237 2.224458 8.991175 8.241335 
0.393969 0.012518 -0.315184 -0.554257 24.371266 29.129262 -1.490162 
0.408300 -0.273883 -0.078156 0.140130 15.093247 3.498735 2.911924 
0.506972 0.372260 0.614696 0.572114 10.005734 -1.532304 -14.683146 
0.168852 0.274132 -0.552796 -0.758279 8.316097 -10.777141 6.360320 
0.196085 -0.581292 0.515876 0.196540 -5.127818 1.928316 -3.024927 
0.836938 0.706712 -0.565606 0.445666 13.773715 -8.042694 -6.131506 
0.701221 0.136731 0.747319 -0.104199 8.409651 0.049130 -2.482529 
0.263429 -0.162671 -0.215532 0.194043 0.090708 18.318828 -8.883137 
0.151360 0.970432 0.099350 0.526017 2.368085 -10.654307 21.399712 
0.449375 -0.345866 0.388870 0.283062 -3.009586 15.868711 1.348049 
0.108928 0.090393 0.937742 0.103066 19.125062 -0.049343 16.475149 
0.090465 -0.940118 -0.212863 0.404663 -4.604567 -1.913763 9.269751 
0.531060 0.662293 -0.032053 0.839028 -3.132077 15.233252 22.816916 
0.272013 0.683218 0.306640 0.039107 -7.661431 14.085835 20.580879 
0.127889 0.245309 0.216400 0.303017 19.003878 -1.038223 4.455604 
1.070260 -0.018111 0.200527 0.319589 -5.768509 -13.943647 -14.230993 
0.111702 0.434070 -0.391316 -0.728050 -12.154145 2.209571 -6.769713 
0.275275 -0.346306 -0.009436 -0.028171 13.802436 -18.667530 1.536111 
0.433814 0.796045 0.491572 0.132420 0.993692 -5.983704 -10.543893 
0.121123 0.337624 -0.300251 0.702723 -1.555806 -15.381978 -16.925092 
0.604561 -0.234059 0.210459 -0.728679 -14.654340 15.269958 1.110063 
0.672200 0.236604 -0.331940 -0.493230 18.340771 3.006175 15.437321 
0.485099 0.194534 0.783746 -0.242047 7.965802 24.955146 8.929800 
0.088968 -0.995323 -0.396104 -0.023931 -20.106890 7.803244 -1.703204 
0.372330 0.508892 0.476797 0.526721 -4.442838 8.433736 -3.023443 
0.427499 -0.768117 0.284138 0.541628 4.744961 -9.812726 24.721299 
0.148166 0.468938 0.300514 -0.111441 12.003993 -18.620760 -14.947348 
0.205405 -0.170524 0.027637 -0.391861 -2.652945 -20.509240 -14.890910 
0.273438 -0.690897 -0.553382 0.284308 12.194663 -9.112871 -1.811888 
0.257004 0.129730 -0.818096 -0.034828 11.984547 4.483802 -27.532244 
0.083821 0.094548 0.263340 -0.473911 -5.530320 3.495100 16.122820 
0.673429 -0.361899 -0.044031 0.644499 -4.685273 -5.650866 23.415320 
0.093338 -0.228028 -0.956781 0.589722 3.369740 -11.846077 11.675096 
0.097693 0.030018 -0.056538 -0.768799 -0.348322 -2.199927 7.994590 
0.081727 -0.262173 -0.121278 -0.394864 -2.594359 -8.027846 1.038325 
0.417045 -0.337053 0.093530 0.502737 9.435698 -4.617721 -14.662895 
0.387177 -0.412394 0.314633 0.421286 -16.844102 -1.053201 1.729053 
0.350927 -0.119368 -0.746300 0.280375 -11.622109 -1.778068 7.288614 
0.081891 0.680081 0.139927 -0.275224 -1.092822 -4.379650 -19.657012 
0.111530 0.204237 -0.007185 -0.619262 -16.191593 12.822227 22.464219 
0.729211 -0.192384 -0.144522 0.498838 -11.242902 -5.459409 -10.176072 
0.081209 0.681185 0.378888 0.008265 11.777190 -0.700348 4.403208 
1.066327 -0.297203 -0.368687 -0.578518 4.303935 8.290417 -9.342215 
0.844840 0.406486 -0.070455 -0.006590 -8.979782 9.484236 5.978084 
0.286414 0.224838 -0.272369 0.714615 6.908228 -6.245193 10.639187 
0.108220 -0.539162 0.635624 0.041389 9.963599 5.579546 14.362444 
0.106446 -0.703909 0.043640 0.330792 14.961325 -14.260693 -1.437126 
1.618982 0.553210 0.505918 0.447104 -5.724572 31.251201 -2.005940 
0.126190 0.380258 0.169859 0.485633 -19.454440 5.758508 -4.842042 
0.666898 -0.005835 0.041411 -0.070730 8.235220 -1.964154 9.603887 
0.355266 0.447387 0.064674 -0.690874 2.880904 -0.017398 -3.712189 
0.365762 -0.146852 -1.099417 0.337904 -21.361035 -39.882120 -3.970106 
0.430606 0.379286 0.032822 0.230138 6.789110 12.728972 -3.983543 
0.100431 -0.918469 -0.385934 0.302606 5.008509 -14.947238 14.124065 
0.189647 0.611613 -0.023865 0.023779 -0.018730 -6.428472 6.455057 
0.132254 0.379135 0.568856 -0.341372 -17.265737 -0.374641 5.231508 
0.500139 0.440754 -0.199348 -0.023755 -11.514455 -12.024407 -27.822331 
0.175237 0.347738 -0.381897 0.421859 13.230122 24.539320 -9.988907 
0.123696 0.081983 0.341849 -0.338112 3.997846 12.724472 -1.152871 
0.195281 0.016285 -0.220288 0.742168 -8.067626 -17.397245 -16.318332 
0.599939 0.764942 -0.076229 0.271619 -18.711105 -14.624533 17.738335 
0.192741 0.056328 0.417179 -0.101882 5.638353 -7.580220 -7.023557 
0.200778 0.328903 0.942831 0.135698 17.021193 3.073249 1.964039 
0.177472 0.170532 -0.476961 0.749530 0.878235 -20.462499 -11.463677 
0.127855 -0.137937 0.226481 0.349193 8.239637 -21.343139 16.006336 
0.220526 -0.025007 0.518685 -0.462510 1.828186 -7.592086 5.783479 
0.627642 -0.244073 0.311322 -0.076740 -3.835448 -4.897251 3.413696 
0.637465 0.672153 -0.477668 -0.076970 -1.821307 -3.414759 -3.817410 
0.169117 -0.392741 -0.610270 -0.885291 2.930011 -9.678683 -8.570140 
0.114784 0.032109 0.693910 0.280933 -14.907926 -7.998704 9.393650 
0.135557 -0.182992 -0.587269 0.033871 -5.774431 4.821935 3.557359 
0.579415 -0.363798 -0.105877 -0.858090 -16.225286 -3.616238 3.684929 
0.624848 -0.344340 -0.234881 -0.068967 20.499475 27.936978 -8.058883 
0.385484 0.078534 0.597218 -0.455749 -19.695122 11.100834 7.316857 
3.082417 0.411896 -0.103925 0.165241 -16.563561 -4.130363 7.925225 
0.310489 -0.183852 0.289213 -0.769907 -4.213696 -16.317069 7.807572 
0.457154 -0.459783 -0.209769 0.256693 -0.874864 2.889357 10.193822 
0.279294 -0.054459 0.324428 0.737551 -8.855457 7.593220 12.663002 
0.089763 -0.225641 0.370835 0.733499 9.381091 -6.875508 0.314987 
1.249225 0.533340 -0.465309 -0.040002 -11.684339 16.925103 -8.574187 
0.163561 -0.353429 0.264458 0.254814 17.462651 -13.196443 6.052309 
1.702665 0.010972 -0.163360 -0.258793 -16.040895 12.361779 9.099543 
0.087567 -0.623498 -0.059984 -0.094243 3.543437 23.929768 -3.988418 
0.192231 -0.353999 -0.297271 0.068094 -3.752792 10.935484 -0.423394 
0.122081 0.503509 0.466990 0.575611 13.298337 -4.351834 -6.621636 
0.088452 0.034324 -0.513467 -0.217462 2.999338 -14.776877 4.518139 
0.470758 -0.454566 -0.941356 -0.278742 -8.954671 -20.822924 5.878587 
0.196106 -0.193032 -0.132004 0.114209 4.015858 -4.875682 -10.016662 
0.163499 -0.127914 -0.351322 -1.041031 16.997466 -24.973822 -7.830004 
0.080867 -0.557059 -0.249840 -0.735247 21.377154 17.824728 -26.840600 
0.223604 0.691588 0.122781 -0.552064 -1.351626 2.710930 8.828592 
0.155926 0.405239 0.527738 -0.054783 -20.194388 -0.165370 5.409035 
0.238387 0.205510 -0.064126 0.745319 8.773402 18.697970 -1.438168 
0.106154 -0.324763 0.130770 0.471612 7.590016 4.637766 1.412590 
0.169911 -0.708212 0.705731 0.146924 -4.038288 4.127950 -11.256534 
0.113329 -0.147980 -0.089833 -0.762471 18.750676 14.484425 -1.255602 
0.192419 0.332768 0.506261 0.315285 26.662425 -23.479938 -4.295315 
0.594225 -0.593230 -0.309845 -0.642995 -3.602754 -1.342415 -9.119504 
0.085164 0.579884 0.228067 0.441268 6.077880 -0.729028 -13.693012 
0.117057 0.223216 -0.842228 0.016809 -0.752527 0.652022 -10.241527 
0.205043 -0.272724 -0.453149 0.581425 0.709537 -13.827445 -3.981175 
0.234649 -0.779062 0.282034 0.097238 -5.133752 -14.879545 7.276855 
0.487672 -0.298937 -0.615752 -0.389949 2.300949 12.437598 3.213072 
0.223182 0.260065 0.606211 0.379355 11.797217 -1.191349 -2.161005 
2.476904 -0.288177 -0.536488 0.815698 -11.127899 -14.097234 -8.672899 
0.441734 -0.319130 -0.079639 0.187896 7.342701 -6.054754 -3.766976 
0.230397 0.375382 0.273413 -0.092462 7.347982 0.860861 18.099410 
0.689100 0.173107 0.725180 -0.780982 26.159912 12.817367 -17.492711 
0.815528 0.144553 0.520387 -0.372672 -31.531851 7.000611 2.388522 
0.161492 -0.373291 -0.321290 0.408620 -9.924184 14.040041 3.262883 
0.542296 1.077671 0.081177 -0.401808 21.134504 -8.815552 -4.400436 
0.146522 0.678781 0.460869 -0.210430 3.319039 8.354406 10.984752 
0.256037 -0.419625 0.805427 0.151844 -19.703186 -6.702550 -12.359075 
0.887681 -0.562378 -0.867480 0.540054 -8.920055 -0.284613 16.232297 
0.101372 -0.158870 -0.426520 0.054658 -6.320840 4.575642 14.164640 
0.141931 0.197573 -0.409262 0.175455 19.296381 5.304675 -1.348516 
0.178446 -0.180619 -0.071095 -0.043713 -27.984032 12.138096 6.807057 
0.083374 0.070857 -0.078303 -1.063371 5.522988 -4.837372 -6.586179 
0.376685 -0.366514 -0.329659 0.756986 -2.424136 -3.513271 19.043724 
0.585808 0.589355 -0.170511 -0.236276 -1.409671 -23.369036 2.596190 
0.102075 -0.297242 -0.755132 -0.204404 -3.937411 10.450907 10.893651 
0.086694 -0.571718 -0.034752 -0.293962 20.578818 21.307973 -8.119710 
0.654455 -0.108610 0.071004 0.062050 -10.500202 1.881432 14.660576 
0.442796 0.730087 -0.039250 0.428310 2.836931 -2.190561 -15.605328 
0.103990 -0.003338 0.147973 0.202506 -15.186619 16.930766 -13.965392 
0.137893 0.645953 0.664121 0.215795 5.457727 1.327381 0.648714 
1.044939 -0.384542 0.006003 0.446239 13.594078 -8.581768 -17.697214 
1.025335 -0.175753 0.168316 0.748692 -10.632637 -1.946073 -3.084150 
0.472835 0.288391 -0.206641 -0.140631 2.211650 8.090191 26.251398 
0.672168 0.242998 0.387480 -0.592102 -29.073732 15.445973 -0.644105 
0.208490 -0.544148 0.282784 0.044448 -26.218262 -16.555910 -3.982582 
0.292610 -0.261201 0.021729 -0.523645 -16.112225 26.856971 3.728952 
0.111344 -0.141460 0.137007 -0.367393 -0.402184 -8.068112 11.236375 
0.466067 -0.433155 -0.579685 0.153106 6.658061 -6.189056 9.896569 
0.112109 0.388966 0.558017 0.278137 -1.908448 8.118940 -1.853546 
1.021373 0.661733 0.165879 -0.376561 -4.959162 2.075376 0.791457 
0.247245 0.568681 0.120932 -0.305315 -15.335192 -19.412704 16.037414 
2.937998 -0.713867 0.191329 -0.602191 -28.446773 -9.722996 3.816251 
0.112201 -0.105808 0.647572 0.148344 11.486311 -7.961205 8.183202 
0.941373 0.116128 -0.585915 0.197795 -7.522866 13.053428 -3.316345 
0.186332 -0.080128 -0.285520 -0.374253 16.952633 -6.601494 -17.639285 
0.206312 0.355465 -0.365870 0.375449 -7.130974 -3.883899 -15.884315 
0.087521 0.459500 0.813949 0.628044 2.521695 7.116579 6.806803 
0.337060 0.017692 0.667009 0.433879 10.041006 -3.728986 -1.918803 
0.506829 -0.504922 -0.112960 -0.538055 -0.095007 -2.025854 21.823627 
2.506229 0.927785 0.349987 -0.397634 0.689012 17.966329 -4.880305 
0.109658 -0.292537 0.127889 0.668762 16.678796 5.010403 4.091854 
0.093631 0.791385 -0.402772 -0.206555 -7.027152 -1.512178 1.146269 
0.994606 -0.320499 -0.125241 0.051995 13.745570 -3.198670 12.608196 
0.184780 0.790933 0.920816 0.241354 13.928148 19.313217 -0.918733 
0.113864 -0.128332 -0.606222 0.591027 -1.522195 -1.080930 -12.244040 
0.500571 -0.336637 -0.749217 -0.140723 26.301544 -10.024277 -18.646512 
0.375402 -0.287901 0.266949 0.077153 -5.116677 -0.750903 18.875844 
0.121279 -0.254237 0.053476 0.908976 14.741389 0.333059 7.337061 
0.437171 -0.415402 0.044122 0.601771 12.769212 -2.634359 -11.071300 
0.420529 -0.422398 -0.342968 0.478002 2.821871 -5.847218 3.759100 
0.140832 -0.123685 -0.041719 -0.389539 9.408112 -10.379940 0.366612 
0.317286 -0.146196 -0.534307 0.146010 1.729466 9.896665 2.980935 
0.092539 0.738189 0.353248 -0.800123 14.060847 -6.369526 -5.319059 
4.198783 -0.032427 -0.063376 0.611782 -6.297669 -6.509996 -4.899553 
0.435794 0.652435 -0.440993 -0.378110 4.233235 4.584052 1.258215 
0.299195 0.313128 0.635854 -0.326396 -1.582172 -7.619756 -14.491708 
0.366428 0.464755 0.296174 -0.707161 -17.366172 7.046117 -5.256082 
0.300202 -0.150463 -0.405699 0.262466 3.426982 4.510057 2.042900 
0.585186 -0.298767 -0.124266 -0.754852 4.909899 -4.817615 -2.124645 
0.524509 0.166550 0.503225 0.586154 -1.318874 -3.068016 -14.678324 
0.292083 -0.186687 0.848647 -0.727362 6.087914 19.939579 3.801500 
0.107699 0.257359 0.414929 -0.157627 4.079612 26.415807 12.797237 
0.744916 0.046222 -0.598312 0.023197 -21.704288 27.855788 7.216093 
0.131940 0.241122 0.141195 0.148982 -4.680897 29.049753 -4.722376 
0.104491 0.360571 0.040422 -0.414598 -11.037019 -16.336723 18.696686 
0.504475 0.342364 -0.024000 0.113139 -8.056081 8.213626 3.252310 
0.159200 0.398599 -0.034614 0.449563 -4.081973 -7.451591 10.930795 
0.144224 0.657136 0.571905 -0.814498 4.646547 25.800706 -3.798383 
0.221063 0.692412 0.078145 0.490457 6.938928 10.053377 -15.242304 
0.339783 0.307365 0.613611 -0.399760 -6.324948 -6.974763 -13.044933 
2.985742 -0.360806 -0.802434 0.474167 21.133172 -9.682571 2.403849 
0.098040 -0.238675 -0.218053 0.872637 -7.560346 -4.932118 -3.598869 
0.364111 0.583206 0.031725 0.586580 -2.837702 -6.905535 5.178142 
0.144886 -0.685082 -0.363234 -0.003040 5.120525 9.434154 12.233814 
0.360597 0.297565 -0.387054 0.471192 -4.760109 -3.213109 1.305296 
0.254317 -0.342726 0.798854 -0.610395 -14.265503 -0.701309 -16.220912 
0.555913 -0.637045 -0.483610 0.329713 1.150883 -9.705351 -5.313493 
0.416651 -0.200554 0.413559 0.346245 -34.402439 0.229256 0.008492 
0.151008 -0.292642 0.742218 0.807601 -0.806134 15.069640 15.262761 
0.577563 -0.031832 -0.426325 0.725807 -6.181084 9.782973 -3.940250 
0.141965 0.610348 0.401831 0.119480 18.903723 4.345735 32.525733 
0.120024 0.484409 -0.128032 -0.518482 2.404966 -5.995262 6.837534 
0.182852 -0.691693 0.205655 0.215177 13.129248 -21.835954 1.414856 
0.189724 -0.106184 -0.085171 0.822678 9.162556 -3.271741 -7.205834 
0.150160 0.004655 0.459663 -0.468027 14.162136 -16.621806 19.934338 
1.373741 -0.928740 -0.660690 0.458113 -29.968693 -1.839728 13.141451 
0.283453 -0.170915 -0.055554 0.001859 6.571908 -14.100693 13.501536 
0.170281 -0.216382 -0.701786 -0.501956 -14.491861 -2.199196 3.354809 
1.505698 -0.571033 0.533861 -0.168107 -13.611297 6.264389 0.758226 
0.360047 0.472296 0.121397 0.403545 -21.397147 13.808641 -2.080952 
0.588861 0.733754 -0.433115 -0.314372 -6.729145 -9.882708 -4.988064 
0.381565 0.654016 -0.104696 -0.217760 -8.307268 -14.398446 -2.094210 
0.166121 0.027761 0.769249 0.427510 -6.669459 -0.985304 -4.239577 
1.652096 -0.097494 -0.393398 0.157316 6.333233 -8.872584 -8.181695 
0.215498 0.378773 -0.978273 0.506139 23.842519 -15.596246 5.282926 
0.524663 0.153751 0.009225 -0.260442 -8.379735 14.244848 4.182427 
0.489037 0.419049 -0.478034 0.439006 2.149257 6.425724 -17.626217 
0.247044 0.065188 -0.048352 -0.186256 9.588494 2.000976 13.245452 
0.408569 -0.773664 -0.570238 0.209264 -8.191431 1.565340 5.179243 
0.429966 0.311289 -0.092130 -0.004406 -6.442233 8.997580 -0.650002 
0.205030 0.085692 0.277844 0.245937 28.595019 -12.091423 4.527225 
0.104504 0.485129 -0.190020 0.076077 16.288677 2.141785 -17.864215 
1.704172 0.478166 -0.748897 -0.322079 4.507990 -7.329625 -19.324549 
0.208973 0.150407 0.817353 -0.391884 9.285820 10.279335 -14.433403 
4.631110 -0.383249 0.673188 -0.425138 -18.250119 16.711035 12.375599 
0.135103 0.238355 0.501597 0.444599 -3.743999 -0.588632 -9.825931 
0.169606 -0.197328 -0.575871 0.609603 7.848645 13.620892 9.372583 
0.567692 0.432137 0.687447 0.109602 -17.067438 2.140724 -17.346236 
0.214292 0.187431 -0.164644 -0.604804 7.871864 -6.204209 20.473812 
0.450345 0.012024 -0.727771 -0.597317 -3.681086 0.618962 -6.726596 
0.407103 0.318339 -0.066484 -0.308050 -5.241553 8.765070 -9.409716 
0.846636 -0.040478 -0.349662 0.484159 3.282305 10.890587 -12.218945 
0.123163 0.547287 0.144933 -0.857070 7.924005 -10.961249 -17.354703 
0.120648 0.197954 0.104415 0.573878 3.523670 18.697306 -10.287697 
0.387333 0.446414 -0.121709 -0.496035 2.097835 20.476390 -0.814729 
1.095352 0.084044 -0.170790 -0.257733 12.700419 14.040958 7.319138 
0.212730 -0.351156 0.415561 0.618063 0.660927 1.570140 -14.652261 
1.575080 -0.074169 0.104701 -0.825437 -7.404003 18.085403 8.333490 
0.102042 -0.461626 -0.151810 -0.429215 10.872015 15.231596 -2.040399 
0.606266 0.078540 -0.527225 0.195719 -20.489715 7.069314 6.648717 
0.250734 0.440905 -0.051233 0.155017 16.764261 0.313423 -3.811587 
0.184902 0.366411 -0.964467 -0.012390 -8.481736 -4.468853 -2.040638 
0.348863 -0.617831 -0.579948 0.511693 -16.927331 16.650894 0.852516 
0.127948 0.174381 0.525593 -0.092553 15.252649 -15.481524 4.616593 
0.127545 0.555666 -0.617901 0.034026 15.960403 3.451228 27.786081 
0.089378 -0.226767 0.656512 0.206404 14.011365 15.820766 12.958108 
0.220514 -0.918062 0.034830 0.070978 -2.403777 9.654053 12.460198 
0.195396 0.439349 0.517387 0.571465 15.124068 -8.341269 3.707413 
4.245083 0.198941 0.172115 0.254127 -13.465691 -21.519444 13.493147 
0.095817 0.271994 -0.061685 0.590558 -4.606243 11.491825 6.399757 
0.569763 0.626837 -0.355030 -0.106729 0.892305 9.060969 -2.975851 
1.098164 0.266419 -0.309692 0.206318 4.428404 -14.120321 5.312088 
0.538990 -0.500244 -0.124241 -0.302557 -5.852792 5.854999 -6.294620 
1.288776 0.797902 -0.054775 -0.051420 -16.484409 6.915669 6.821404 
0.193816 -0.441287 -0.517079 0.313025 3.414826 4.989430 15.007067 
0.378483 0.964196 0.208193 -0.324061 3.473275 14.255386 1.481636 
0.130333 -0.567355 -0.730234 0.001476 -14.472572 12.605176 3.486748 
0.235233 -0.253814 0.507499 0.804009 -2.605168 9.957985 -10.153544 
0.474050 -0.210363 -0.226855 0.461612 15.569076 1.905537 1.248289 
0.170650 -0.407761 0.776405 -0.116924 -5.012901 -19.122326 16.598977 
0.551803 -0.621963 0.189659 -0.359714 -19.059725 -6.550088 2.899772 
0.131497 -0.445132 -0.330146 0.266470 -5.746284 12.945237 2.924468 
0.367063 0.486376 0.645272 0.241349 -10.809589 9.821638 -10.199081 
0.237052 -0.048143 0.487738 0.443920 0.065329 -9.461596 -8.673092 
0.979329 -0.672757 0.114200 0.082504 -6.309263 -1.039011 16.844700 
0.113309 -0.673387 -0.585385 0.196156 12.593845 -2.707890 -3.118104 
0.202812 -0.563527 0.022678 -0.803393 16.845837 7.447255 -15.783695 
0.145792 -0.308464 -0.685852 0.387814 -1.095701 8.764669 -8.789484 
0.206856 0.575781 -0.104613 -0.071356 -1.057356 -34.934259 -20.113471 
0.534870 0.130378 -0.765926 0.654222 -14.575439 2.753038 6.590147 
0.091732 0.428893 0.609349 -0.256344 -20.122588 10.064669 8.658168 
0.094435 0.214595 -0.569950 0.131598 2.683786 -6.494840 21.374004 
0.106821 -0.040308 -0.053150 0.246329 5.191744 -4.467769 13.743056 
0.443043 -0.488305 -0.214649 0.093066 5.026610 -0.053915 -20.214345 
0.087582 0.550754 -0.217061 0.210146 2.814665 -10.868062 -17.901374 
0.159466 -0.274372 0.692811 -0.351107 -16.471163 -5.442193 3.194814 
0.829727 0.141892 -0.184077 0.784411 5.504172 -7.267313 -5.061392 
0.093662 -0.282509 0.568438 -0.390645 -10.926461 9.258928 19.616603 
1.055006 0.095414 0.264256 -0.463833 -12.227285 9.846628 -15.098769 
0.290595 0.171976 -0.574969 -0.723917 11.203724 -5.148254 12.021924 
0.226020 -0.516156 -0.509168 0.921495 9.766802 -17.847866 31.163815 
0.258652 0.163546 -0.280784 0.239615 -12.458160 2.207730 -3.020545 
0.504080 -0.191816 0.250338 -0.583586 12.470721 -5.830264 -5.627064 
0.133644 0.425907 0.776093 -0.033432 -5.002763 -4.373544 -32.433715 
0.102367 0.528846 0.162568 -0.102858 -1.784703 9.937928 7.720543 
0.102733 -0.758472 -0.299637 -0.247640 8.459221 12.652311 -2.782312 
0.406103 -0.070592 0.406057 0.829907 1.515909 1.846680 6.681169 
0.170184 -0.430313 -0.874546 0.191017 -8.435729 -9.666113 -17.108747 
0.080956 -0.044905 -0.473595 0.367102 23.441578 22.150872 -4.516612 
0.171393 0.029839 -0.014532 0.437442 -6.246874 27.094085 12.919120 
0.103884 0.290656 -0.219990 0.196810 -14.528619 -5.808642 10.202475 
0.287723 -0.216119 -0.152455 0.000067 -6.237328 -5.797927 8.049290 
0.707610 0.036728 -0.148301 -0.309063 -4.317055 -3.871980 22.022632 
0.161798 0.259957 0.619350 -0.478780 3.009413 2.078400 -1.690307 
0.495528 -0.510954 1.079766 0.395323 -14.401724 19.545215 5.489291 
0.081729 0.273760 -0.296383 -0.658623 19.131271 5.930600 7.847131 
0.498673 -0.673804 -0.085969 0.410529 2.626660 -4.507236 14.912912 
0.189760 -0.136955 0.236183 -0.513072 -15.582790 -2.391376 -0.963966 
0.174582 0.537435 0.258593 -0.417706 20.747722 6.651096 8.542337 
1.913197 0.073023 -0.887255 0.020450 5.442019 11.804917 1.554087 
0.156957 0.313303 -0.561440 0.411121 -7.286152 2.731297 5.946113 
0.318637 -0.104356 0.472059 0.438265 11.775142 16.578456 3.714303 
0.384886 0.018550 -0.749486 0.464624 -15.617135 -8.456608 4.515042 
0.094543 -0.961303 -0.394188 -0.243475 -10.092145 8.802737 -22.027974 
0.093801 0.113595 0.255690 0.881436 15.583537 -8.454558 5.693529 
0.259589 -0.249258 -0.414058 -0.563264 1.209022 7.436180 9.397334 
0.331382 0.039389 -0.043510 0.078560 -5.778180 10.285226 -4.035629 
0.597086 0.123848 -0.698168 0.297360 -23.815822 8.935368 -9.336137 
0.244466 0.228547 0.098216 -0.040880 -3.217228 -10.258413 4.416605 
0.409757 0.524151 -0.392215 -0.479124 3.204462 -10.501149 21.029145 
0.703460 -0.857462 0.280889 -0.392924 -9.464234 10.629383 11.646111 
0.129081 -0.333843 -0.159162 -0.107078 11.814204 0.208093 -7.995658 
0.592856 -0.347139 -0.821271 -0.139533 13.385396 -5.463824 10.384262 
0.598064 -0.021007 -0.166699 -0.803604 8.518470 11.408683 9.611284 
0.315326 0.388838 -0.529273 -0.489388 -0.330469 13.186152 10.050799 
0.830552 0.429543 -0.473225 0.622900 7.498200 -3.679040 -5.981749 
0.107798 0.105589 -0.353288 -0.082576 -14.859357 13.926481 18.261834 
1.282747 -0.392223 0.517848 0.580773 -7.523307 -18.153274 -1.095926 
0.179704 0.356483 0.140849 -0.785991 1.731243 -12.907540 0.809225 
0.226650 -0.155050 0.543447 -0.109027 17.414920 -7.269063 2.512083 
0.213577 -0.325679 -0.862353 0.006723 -4.035410 9.766680 4.345834 
0.360054 0.433436 0.659890 0.183900 0.688802 -1.797491 10.406510 
0.590465 -0.727515 -0.199833 -0.148733 3.312716 -7.989489 1.580912 
0.323997 0.043433 -0.335054 -0.644222 -2.165584 25.420803 -21.817894 
0.080856 -0.595493 -0.757465 0.468249 7.845351 -13.863617 14.513528 
0.143920 0.002092 0.932197 -0.196897 4.438121 19.519327 -0.268301 
0.128165 0.145113 -0.466262 -0.209857 22.944795 1.798889 0.761481 
0.371144 -0.340315 0.269391 0.529212 -5.966048 21.413417 -3.009255 
0.145470 -0.872251 0.357739 0.294505 -11.474047 8.215872 -17.195943 
0.092657 0.022895 -0.878740 0.408838 -2.480549 -0.716361 -7.680353 
0.587126 -0.416681 0.505114 -0.697722 19.692836 -10.554436 -22.112066 
0.235289 0.106501 -0.287728 -0.046531 9.695370 -4.163644 4.525418 
0.569180 0.720066 -0.133562 0.498662 6.413567 -14.784522 -0.914765 
0.093590 0.338441 -0.246200 -0.013443 -10.178577 4.256282 15.607916 
0.249342 -0.305034 -0.158939 -0.726196 -1.314778 -11.579871 -9.031711 
0.543855 -0.433043 0.387187 -0.080651 28.128155 -2.499872 -12.929636 
0.236315 -0.033108 -0.466651 -0.662541 22.110251 26.858949 -21.886638 
0.136931 -0.481114 0.849768 0.169588 -3.894176 8.145716 -4.744144 
0.109437 0.530208 0.270861 0.553132 -0.370800 -15.467874 11.890829 
0.915698 -0.811144 0.178772 0.587594 5.952375 9.376793 5.352858 
0.125769 0.282845 0.547182 0.484209 -8.459339 -0.642636 -1.201058 
0.182221 0.433380 0.340598 0.121274 17.502937 -0.517176 -0.374350 
0.624303 -0.013480 -0.655174 -0.146722 -16.185968 -10.718353 -10.235261 
0.123119 0.724631 -0.003039 0.005244 -9.984280 1.912627 -4.063378 
0.093277 -0.755918 0.229944 -0.382104 4.640553 7.510755 2.856135 
0.126609 -0.713571 -0.434045 -0.402219 -12.341808 -10.855014 12.654239 
0.342755 0.111896 -0.829539 -0.002333 10.498660 11.607795 -1.271459 
0.887808 0.381652 -0.770788 -0.027038 13.952370 -17.037472 3.306158 
0.718573 -0.648534 0.121788 0.133233 -11.978429 -8.448624 -15.162257 
0.789225 0.062640 -0.720909 0.243833 -7.559052 15.369267 5.076084 
0.126531 -0.077749 -0.299522 -0.232789 19.608475 -2.550255 3.478718 
0.685572 -0.314803 -0.135505 0.095872 -6.535986 -11.679507 4.215352 
0.342997 1.029154 -0.305779 0.149961 9.517487 -2.574216 -4.306516 
1.141486 0.500970 -0.302359 0.588974 11.653765 9.198840 12.196380 
0.181571 0.202356 0.003520 -0.515964 -10.968189 4.646890 -3.099668 
0.271737 0.228340 0.210853 -0.469610 -7.956420 4.137882 -1.078781 
2.465276 0.446730 0.112035 0.124336 8.185167 11.479271 0.143128 
0.132761 -0.890834 -0.343715 0.032335 -5.369898 -0.475551 -12.582609 
0.088416 0.809267 0.006307 -0.488210 8.254316 -3.978669 1.972523 
0.089291 -0.135445 -0.310320 0.423861 -6.287815 7.996280 -14.533251 
0.263350 0.071354 0.372680 0.637259 9.572220 5.223057 6.872591 
0.423754 -0.412823 -0.525249 -0.530492 11.661608 -10.889727 12.159668 
0.178200 -1.007698 -0.580735 -0.002241 -20.679813 -4.676136 -0.847660 
0.269147 0.650963 -0.683740 0.342429 -7.926935 -15.810175 -2.725438 
1.218772 -0.504232 0.848147 -0.390899 -17.010209 -4.740712 -2.184597 
0.195759 0.222110 0.256365 0.308782 13.992480 -14.326170 24.474229 
0.310560 -0.322365 -0.217042 -0.446671 -7.158570 7.714022 11.275630 
0.132928 -0.021046 -0.367752 0.725627 -0.706331 10.786421 -4.785368 
0.130606 -0.452023 0.673718 0.683730 -3.567561 8.447638 6.312080 
0.180981 0.133309 -0.347751 -0.216584 12.231959 34.684406 20.769779 
8.040799 -0.220944 0.344912 0.182006 7.365843 -0.100689 -1.006218 
0.080873 0.680343 -0.227157 0.091949 12.141939 9.761400 7.963932 
0.337684 -0.319202 0.656467 0.358696 4.129277 7.524874 25.947671 
0.727006 0.156093 0.480104 -0.343003 -22.493371 11.329699 6.943158 
0.130102 0.018191 0.668350 -0.467286 -0.940885 7.254795 2.820819 
0.107057 -0.131903 -0.354463 -0.799145 -5.565782 -15.164028 10.104339 
1.352041 0.210135 0.047761 0.884173 -8.973599 5.319081 0.554458 
0.108970 0.597603 -0.137407 0.442367 -13.997140 -3.439038 18.050481 
0.148499 0.727959 0.682091 -0.394420 16.537821 4.713988 -13.679234 
0.263983 -0.210999 0.519612 0.150276 -1.784205 -12.124675 2.722892 
0.240265 0.148297 -0.847462 0.156143 -12.902741 9.276041 -6.261954 
0.217954 -0.178828 0.250997 0.294257 0.168023 10.013238 8.693878 
0.444167 -0.182345 0.121218 0.596117 -9.158075 20.342520 7.165880 
2.752555 0.151740 -0.270240 0.075707 3.063342 8.554321 -30.128721 
0.266546 -0.178819 0.067378 0.132137 8.669336 9.919188 -23.640799 
0.104305 -0.987301 0.006419 -0.216370 -16.748970 7.471147 3.443090 
0.144490 0.249396 -0.169472 0.568659 25.184614 16.105224 -5.516590 
0.094619 -0.111418 0.133966 0.342530 8.475358 -3.356057 14.249536 
0.144851 -0.736558 0.197266 -0.156581 -2.540283 10.501898 21.439452 
0.132290 0.451001 -0.470483 -0.085476 -2.557177 -9.629904 23.756324 
0.524424 -0.218291 -0.055689 -0.540014 -2.058585 -9.315282 -8.749514 
2.804970 -0.347969 -0.026268 -0.118705 31.358884 11.822172 -3.126260 
0.151725 0.286894 -0.227602 0.219826 12.675377 -1.443848 -2.788420 
0.691052 0.290076 0.533360 0.393226 -9.363533 12.605103 0.659304 
0.123125 -0.348269 -0.735225 -0.260712 -25.520267 -13.765500 -10.524123 
0.095501 -0.465707 -0.378177 -0.267006 -1.460103 0.639210 3.138390 
0.082472 -0.158644 -0.000842 -0.381095 -0.432786 3.357339 17.688330 
0.088000 -0.463551 -0.064119 -0.627112 -5.988756 -1.379651 12.307201 
0.106567 0.502691 -0.133210 0.028197 2.268086 -1.915221 0.067666 
0.083960 0.300235 0.563168 -0.411320 -4.281940 -19.077180 9.689390 
0.444394 0.010530 -0.488031 -0.677517 -3.544206 2.048397 4.051261 
2.968598 -0.093260 0.229362 0.744224 -17.311701 10.222113 3.391676 
0.118415 -0.410421 0.222360 0.916472 -16.675539 1.690612 -1.651184 
0.123056 -0.012928 -0.006703 -0.496639 -6.843794 -14.316254 7.594589 
0.111967 0.378456 -0.421424 0.459650 -15.651933 -3.749538 -7.785432 
0.095336 0.041366 0.229414 0.075041 -2.853161 3.568801 7.088621 
0.085245 0.379530 0.140810 0.554417 -8.517892 5.289153 12.604437 
0.219520 0.411479 -0.063230 0.223891 -19.835751 -10.579160 24.560605 
0.269315 -0.260684 -0.822170 0.428920 -7.733796 -1.249542 15.457416 
0.084729 -0.205624 0.630896 -0.556515 -7.424268 -3.939813 1.441883 
0.193296 -0.187145 -0.874233 -0.446177 5.043933 -9.549970 11.635385 
3.042533 -0.191774 0.744220 -0.255558 -5.687729 -13.203092 -17.031561 
1.417540 0.467073 0.789200 -0.512305 17.057141 15.778497 -2.228305 
0.348250 -0.272230 0.271015 -0.354023 -10.627138 3.824568 -3.509178 
0.189420 -0.713598 -0.265899 -0.580300 -2.251941 0.630991 11.165199 
0.222484 -0.124725 0.047456 0.096417 -6.318771 -10.283790 15.579715 
0.319069 -0.621564 -0.249016 -0.332941 -3.853602 4.507456 -15.473279 
0.092091 -0.359321 0.129418 0.025102 -16.094754 -6.493119 14.969891 
0.486369 -0.336153 0.439323 0.188721 18.114727 -0.514805 -15.321968 
0.293964 -0.511813 -0.644008 0.459292 2.381827 4.876129 -1.364173 
0.150389 0.484657 -0.686170 0.282955 -2.830800 -2.273790 -8.268263 
0.098254 0.666580 0.061474 -0.288697 -0.909532 -0.103838 -7.736070 
0.129777 -0.156262 0.058452 -0.165174 3.677464 -4.882882 4.731048 
0.089968 0.242428 -0.146598 0.885075 14.197528 14.338239 3.038245 
0.178187 -0.459827 0.090070 0.663860 -5.595267 -2.280984 -13.432677 
0.446547 0.388646 -0.284657 0.260281 -17.026232 -10.876431 -2.968360 
2.596189 -0.148726 -0.243222 -0.567003 -21.693547 -23.130527 -8.780767 
0.941679 -0.099572 -0.276327 0.192039 -5.175358 5.374935 -18.441699 
0.357477 0.132199 0.809570 -0.472763 -5.010851 5.355464 0.766288 
0.233141 0.428312 -0.432279 0.340363 -2.023804 -1.860475 7.280054 
0.109886 -0.561828 0.387217 0.074890 -13.868382 1.008782 -9.412364 
0.103385 -0.610216 -0.040081 -0.398076 -3.534309 7.144085 -6.054332 
0.307529 -0.623978 0.076279 -1.002454 -9.853377 -12.754781 -16.190973 
0.224214 -0.625361 0.723871 0.061246 -12.731417 2.658397 -28.780574 
0.688471 0.154955 -0.377756 0.442976 12.539038 -13.623012 -1.620046 
0.121886 -0.317351 0.584679 -0.417453 4.930580 -16.854932 -9.502250 
2.036878 1.008137 -0.469276 0.283203 16.911242 -13.328064 -6.153803 
0.108772 -0.070055 -0.609264 -0.030247 -13.640539 14.439544 12.563997 
0.087214 -0.739117 -0.318798 -0.772363 -8.806642 -18.390892 -10.107817 
1.095005 -0.226289 0.145721 0.516306 5.091035 11.872633 6.494933 
0.462444 -0.350411 0.243120 0.938582 1.122059 0.863391 -0.400248 
1.195467 -0.054217 -0.733852 0.032069 -1.370341 -8.460789 -0.641784 
0.124532 -0.843376 -0.241615 0.314885 -6.190140 -5.905027 0.347241 
0.239527 0.563790 0.507412 -0.589978 1.021956 -4.453446 -1.120734 
0.513647 -0.245605 0.527860 -0.167024 3.563582 6.714546 22.262982 
2.322161 -0.689452 -0.512056 -0.306232 3.664741 -2.808549 -17.840789 
1.749945 -0.461565 0.863325 -0.009742 0.839031 10.557945 -3.072478 
6.427225 0.063042 -0.626341 0.296385 -12.865165 -6.306066 10.642350 
0.187473 0.365903 0.201689 -0.587878 -3.126632 -2.653744 -6.992207 
0.080411 -0.649439 0.165520 0.002612 -18.352970 15.732857 14.582132 
0.084886 0.623939 0.145555 0.076696 -9.718337 3.011011 -1.924076 
0.210734 -0.260576 0.512807 0.635138 -6.959236 10.503425 -3.478922 
1.039799 -0.306474 -0.294436 -0.612694 14.821683 2.865126 7.182630 
0.589256 -0.469573 0.167811 -0.135577 -3.355913 -9.463094 6.913645 
0.193774 0.527112 0.658187 -0.592736 -8.672751 13.208732 1.772020 
0.204408 -0.716284 0.202425 0.280757 -5.850590 1.109025 -13.044821 
0.203976 0.622683 0.000240 0.537717 -17.743634 10.575088 13.216981 
0.100379 0.211042 0.523155 0.229062 -2.504378 -11.671314 -7.008849 
0.224716 0.274483 -0.469013 -0.163427 9.063655 -9.744201 22.076465 
0.736908 -0.039737 -0.709192 0.215023 14.432172 19.332118 1.779495 
0.183623 0.197037 0.229727 -0.692120 13.353061 5.402189 -12.596492 
5.763363 -0.335244 -0.222530 -0.120856 -12.028396 -19.520933 -5.097582 
0.155563 -0.664486 -0.557391 -0.412545 5.569828 -1.442925 0.745884 
0.205052 0.662497 0.217507 -0.519717 -10.005784 17.149710 5.794173 
0.256881 0.097961 0.336083 -0.870176 -7.740626 -15.611073 -2.770379 
0.383592 -0.089364 0.584661 0.783784 5.517334 -15.782610 10.349389 
0.115189 0.154390 0.016378 -0.939495 -14.662030 20.156341 -3.108866 
0.144188 0.701273 -0.223323 0.041204 1.473153 -4.330924 7.330762 
0.208231 0.307591 0.067252 -0.675175 -12.544219 11.109665 12.302582 
0.523071 -0.657691 0.444571 -0.661390 -9.865147 -4.322835 -1.632137 
0.460238 -0.824437 -0.077869 0.732520 5.322743 -0.116343 20.971038 
0.500482 0.402772 -0.321651 -0.447459 5.477128 13.298031 -12.177035 
0.190881 -0.770765 0.313149 0.108254 10.050668 10.290974 26.449271 
0.095002 0.039494 0.664428 0.116232 4.477265 -2.115054 4.515306 
0.282526 0.576414 0.151633 -0.636967 9.839751 -3.888111 3.746000 
7.200905 0.477386 -0.251701 0.072653 -3.450798 5.933941 25.592682 
0.639887 0.371204 0.340218 0.778905 -18.968473 9.797700 3.218748 
0.088337 -0.132743 0.484163 0.093379 8.857924 -9.971654 -2.300566 
3.427020 -0.202984 -0.056491 0.013705 19.362738 -11.893983 13.811790 
0.286232 0.356981 0.639113 -0.225171 -5.440361 -13.389048 -6.080081 
0.111446 0.261285 -0.389852 -0.042321 -5.027628 14.020234 16.772055 
0.194955 0.346423 -0.368619 -0.130583 6.745764 5.050373 -5.181269 
0.190041 0.466682 -0.206231 0.481847 -19.424570 5.363841 9.305370 
0.170109 0.081189 0.419989 -0.184803 -10.009716 7.087096 7.564330 
0.162386 0.677730 -0.402142 0.092979 -4.074069 -3.047807 13.776921 
1.166044 0.155632 -0.734093 -0.073725 19.193542 0.838031 26.231255 
0.584740 0.988015 0.296554 0.229381 14.582219 -0.135534 4.939015 
0.396613 0.451229 -0.931146 0.042057 -6.082887 -15.471831 -12.936750 
2.418064 0.344508 -0.253400 0.225050 -3.279432 6.874152 2.930932 
1.010429 -0.647332 0.550962 0.153570 -7.400739 0.609515 3.073772 
2.532142 -1.032774 0.504156 0.030495 -13.932345 -4.202966 -0.749916 
0.107929 0.057375 0.941397 0.404808 8.884223 7.503589 8.467219 
0.167175 -0.474408 0.029198 -0.531415 -8.023471 -1.103722 -13.826736 
0.254952 0.490162 -0.804790 0.204781 19.235159 -7.240500 -10.468454 
0.429694 -0.676308 -0.466980 -0.128261 6.880280 1.608978 18.963113 
0.496826 -0.626070 -0.041575 -0.769306 1.100627 -5.064805 0.561465 
0.121547 0.153295 0.582129 0.402448 16.054316 -28.339288 6.181405 
0.215928 -0.071644 -0.800081 0.306545 -1.517631 7.510181 0.641317 
0.270339 0.227157 0.977267 0.443885 -4.834125 4.926734 8.550501 
0.080083 -0.685137 0.138727 -0.193674 -7.138477 5.432160 16.021017 
0.272801 0.127268 -0.336275 -0.082363 17.477681 -9.142333 -2.252697 
0.248941 -0.912890 -0.044148 0.376643 -2.691396 -8.668367 12.104534 
0.198171 0.031192 0.374119 0.333878 1.496758 -13.253625 5.026535 
0.125940 0.166548 -0.833239 -0.048155 -0.716479 10.146866 6.913195 
0.397489 -0.229783 -0.116254 0.012700 4.117442 -8.344094 12.553452 
0.109822 -0.566514 0.106748 0.327690 27.826149 7.604315 4.172241 
1.950578 -0.117638 0.959648 -0.333659 -7.376275 -1.660823 -5.177996 
0.085723 0.108122 -0.357507 -0.611458 -4.098700 3.364809 7.276559 
0.261677 -0.460812 -0.377846 -0.147028 8.300858 10.709979 -10.633510 
0.410668 -0.681546 0.752406 -0.183391 -2.490576 13.262452 16.009602 
0.278253 -0.450288 -0.038436 -0.397263 9.262434 -13.280018 7.659494 
0.362834 0.382176 -0.629860 -0.076052 -9.651696 0.039932 8.442397 
0.191416 0.383597 -0.597665 0.147868 40.882713 5.737627 -4.448271 
0.204516 -0.033898 -0.317894 -0.612211 15.911227 -8.352160 -13.034030 
0.119244 0.224401 1.047975 -0.195418 1.382077 7.697704 10.311697 
0.394798 -0.383709 0.438579 -0.418156 -4.005516 -4.645740 -9.625574 
0.108074 -0.147642 -0.354195 0.742001 3.918175 2.454000 -12.325394 
1.687457 0.192731 0.900448 -0.378956 18.658513 25.574240 3.713865 
0.142585 -0.353931 -0.700055 0.199864 -2.671613 -7.306780 -9.641773 
0.999592 0.251815 -0.448929 0.671766 4.498209 8.223488 -14.364331 
0.835224 0.389950 -0.957501 -0.058939 20.868144 4.068638 -3.253876 
0.133760 0.075533 -0.340643 -0.347853 -16.819645 -13.500495 -3.155518 
2.914902 -0.688390 0.336035 0.095228 17.418639 -5.943742 -1.120171 
0.289537 0.351886 0.297154 0.132986 -6.692428 -9.242610 10.797622 
0.111589 -0.222298 -0.190165 -0.072334 -5.452468 10.944042 10.766253 
0.666435 -0.235094 -0.758486 0.005747 -1.206139 16.010902 -4.671052 
0.118124 -0.342643 -0.017751 -0.181821 -9.299737 -11.315754 2.822877 
0.082017 0.444805 -0.401306 0.134633 -5.777359 -6.175455 9.774126 
0.384643 -0.593306 -0.005960 0.437533 -9.455059 -7.462134 -5.806210 
0.170390 0.391066 -0.231876 -0.383451 -3.214411 15.183217 16.768237 
0.164634 0.045645 0.629105 -0.497382 -6.632442 -0.235298 0.429342 
0.710018 -0.258336 0.046940 -0.074454 -17.102254 23.529692 9.063351 
0.490174 0.347041 0.115600 0.782390 -0.681218 -10.624731 1.002840 
0.209872 0.006968 -0.660905 0.161573 -4.653432 0.127224 15.340492 
0.191407 -0.984181 -0.677032 -0.003037 -14.113530 -6.998067 -17.327133 
0.086220 -0.547266 0.114790 -0.311555 23.415736 -1.332114 -1.598587 
0.253249 0.275772 -0.904894 -0.111132 4.303454 3.006317 0.182735 
0.443660 -0.168300 -0.374680 0.191594 11.407123 7.788135 -12.253247 
1.478874 0.359428 0.046574 0.129248 14.370072 8.765991 0.462550 
0.997008 0.768339 0.618954 0.200155 2.385758 1.204824 1.970469 
0.119733 -0.668425 0.731948 -0.260709 -6.766080 4.121011 -19.580848 
0.155712 -0.643772 -0.564935 0.404277 -12.668631 -3.692855 7.774020 
0.248140 -0.567969 -0.169784 0.044300 24.299656 -4.061190 -7.337843 
0.211986 -0.041608 0.006108 1.051676 -9.418375 -13.320760 21.756366 
3.164370 -0.132622 -0.463701 -0.716291 9.837524 8.887881 -5.126393 
7.811175 -0.399112 0.766321 -0.120467 3.190041 9.337166 -4.183938 
0.119711 -0.405709 0.099648 -0.623246 -9.287818 0.689187 13.730271 
0.081905 -0.228531 0.877346 0.248507 -2.132915 20.452569 6.883678 
0.128974 0.289274 0.769413 -0.206899 -2.768902 3.664940 8.284046 
0.098410 0.400306 -0.020556 0.318711 1.266016 1.982801 -1.363371 
0.208666 -0.293082 -0.394137 -0.711657 -17.017202 -0.087670 12.318655 
0.338702 -0.476691 0.507337 -0.472059 -4.057476 -21.273354 4.647683 
0.270406 -0.673322 -0.159645 0.299543 -8.896947 -6.769419 -15.867949 
0.261780 -0.575028 0.440343 -0.594457 -0.238016 2.414456 -6.071657 
0.198271 -0.418509 -0.702155 0.504291 4.459392 1.628328 -1.303081 
0.547947 -0.587533 -0.293554 -0.305032 -4.419865 -2.480979 1.418544 
0.084496 0.048343 0.976301 -0.429951 -4.840040 13.022975 8.199345 
0.547853 0.033928 0.602684 0.069556 -1.610367 -4.139135 -1.754935 
0.124445 0.326786 -0.700386 -0.268272 5.476505 -1.155385 6.381031 
0.573077 -0.029652 -0.112167 0.492198 -13.109594 5.723133 -12.138676 
0.415176 -0.251995 0.653312 0.247296 -0.013128 -9.518934 -15.239131 
0.878922 0.375050 0.897175 0.090690 0.573305 1.408479 -16.631640 
0.094683 -0.219126 0.926100 -0.607133 -3.593978 5.404999 -17.217645 
3.025229 -0.848435 0.367169 0.418280 -8.843492 19.974677 -4.053982 
0.102725 0.441976 0.784856 -0.128641 -5.000497 -5.527269 -12.407935 
1.385436 -0.400457 -0.607200 -0.125093 -28.758282 4.798384 6.386469 
0.188343 -0.490123 0.266182 -0.301689 18.604983 -10.064081 -3.204407 
0.308804 -0.795504 0.013875 0.438920 4.704597 12.692077 9.500042 
0.266901 -0.592388 0.357314 -0.011606 18.813690 21.195131 4.793728 
0.352073 0.739807 0.060088 -0.768493 -1.085401 -4.672251 -11.071162 
0.588656 -0.383305 -0.156350 -0.282410 11.443126 -13.950032 -22.210720 
0.105091 0.007434 -0.262208 0.224446 -13.200008 -6.323196 4.958418 
0.147682 -0.291748 0.420151 -0.698012 17.866323 -3.530013 -10.289084 
0.179358 0.678035 -0.532419 0.205898 2.036007 2.888170 -7.676774 
0.522896 -0.330609 0.373196 0.209887 14.642078 3.835122 -8.656004 
0.141510 -0.317760 0.262942 0.209379 14.585416 -11.997141 -18.131698 
0.105633 -0.024547 0.188355 -0.093659 -7.335853 5.063459 -14.507762 
1.115389 -0.164848 0.276800 -0.420384 6.713323 -7.056364 -7.328772 
0.100224 0.846800 -0.246571 0.550277 21.289633 -14.994476 -3.852868 
3.043771 0.348922 -0.065366 -0.953842 15.848991 -4.252118 -17.605225 
1.677124 -0.182676 -0.419326 0.668055 7.013470 -13.958754 8.639887 
0.154714 -1.103833 -0.094058 0.102266 -16.219797 -8.693109 -5.835928 
0.509531 -0.295100 -0.198453 0.021955 11.330072 -3.492042 7.909571 
0.118595 0.443581 -0.523261 0.433563 14.348407 -5.007121 9.909966 
0.192470 -0.536257 0.075594 0.009087 24.246443 0.360553 0.037417 
0.156661 -0.133950 -0.769212 0.099448 -0.342349 -12.887555 20.435706 
0.269171 0.086785 -0.127006 0.545086 12.756950 8.116199 2.069249 
0.275015 0.781614 -0.354527 0.096797 -1.814305 7.278507 8.184409 
0.133107 0.565642 -0.190108 -0.594822 -7.105558 4.360467 1.717173 
0.116244 0.006504 0.309724 0.113371 17.110671 -16.398562 3.625754 
0.262815 0.214436 0.547503 0.052567 -6.309324 -11.763644 25.089833 
0.152197 0.762415 -0.161626 0.335053 -0.099955 4.006273 -23.897915 
0.591538 0.228554 0.054990 0.574358 17.552993 -24.704449 -13.924119 
0.273814 -0.598790 -0.520342 -0.154523 -8.440596 -6.061164 -0.224209 
1.296377 0.263147 -0.727510 -0.297651 -1.247032 13.913748 9.440269 
0.625099 -0.194868 -0.002636 -0.892407 0.875350 -8.474128 8.476513 
0.953431 -0.075753 -0.029081 -0.279267 -26.718327 -15.862465 15.814285 
1.362864 -0.661063 -0.110013 0.391396 -9.597576 9.340637 -2.002884 
0.388981 0.647069 -0.075828 -0.463164 -5.778803 6.979768 6.067034 
0.178332 -0.468669 -0.463518 -0.364533 29.857736 -7.627577 -4.478289 
0.372184 -0.236122 0.234710 0.410449 -16.098279 -6.640095 15.286559 
1.884918 0.472643 0.155616 -0.134666 -24.858212 2.138867 -10.186658 
0.093160 -0.694168 -0.070969 -0.387801 -13.224085 -9.877904 -9.025591 
0.093696 -0.136317 -0.063118 0.003171 9.447188 -22.808317 -4.018784 
0.080850 0.897115 0.155378 0.158186 18.523862 -18.125952 15.769173 
0.277717 -0.171248 -1.135328 -0.131397 0.128813 -19.023045 15.970229 
0.330199 0.133089 -0.444138 0.073961 -16.817218 12.396323 12.821286 
1.020862 -0.664059 0.344119 0.161703 9.700941 12.155748 3.368778 
0.554068 0.425342 -0.216177 -0.139686 -10.631717 7.983158 6.743593 
0.410517 0.721209 0.012269 -0.354663 11.609853 -3.960203 10.818467 
2.241100 0.631573 -0.257696 0.126583 -16.996368 -7.576343 15.091618 
0.769947 -0.071584 -0.118135 1.004835 -11.980898 -7.143406 -2.007831 
0.085466 0.398991 0.754984 0.484315 7.437589 -5.778702 -0.215788 
0.645582 0.219954 -0.159803 0.768129 -4.325910 11.479125 3.268485 
0.291207 -0.487947 0.065506 0.348030 25.611227 3.814327 -16.726995 
0.780826 0.870276 -0.127137 -0.137638 12.150102 22.334504 4.386547 
0.178041 0.089399 -0.201687 -0.258716 -7.786494 3.414951 0.967418 
0.111657 0.287655 -0.409639 -0.225709 17.263894 2.106616 5.228007 
0.141933 -0.203311 0.684355 0.631340 -9.829447 -2.192426 5.575608 
0.503658 0.473366 0.505733 -0.618406 -1.880079 -3.939858 4.573981 
0.266518 0.887577 0.062376 -0.010327 4.491187 -13.198473 -15.465931 
0.136578 -0.627261 -0.226307 0.013871 17.280615 1.171785 7.367431 
0.126498 0.359407 0.034940 0.382186 -10.971377 16.327316 -6.870107 
0.081261 0.074248 0.926479 0.353236 25.565339 5.665533 0.631175 
0.167252 -0.011976 0.100314 0.322648 -0.869494 1.879317 -6.473047 
0.607244 -0.470067 0.984582 0.407826 -3.737138 20.703906 5.231022 
0.266741 0.561949 -0.146622 -0.357920 -15.416001 9.555446 -1.460047 
0.157175 0.852296 0.085259 -0.048119 -2.351874 -10.920899 25.538894 
0.366807 -0.363958 0.226875 0.617709 -2.093828 -16.051205 -6.254626 
1.030213 -0.168336 -0.026591 0.465170 0.142349 2.058996 16.691071 
0.140945 0.657171 0.745273 -0.487084 20.998586 8.247987 7.454192 
0.288794 0.380364 -0.061967 0.774207 -3.934883 -7.926332 -9.873589 
0.182724 0.013970 0.853961 0.539858 -13.886482 10.254177 -4.303845 
0.115248 -0.201476 0.465897 -0.183214 -22.612378 12.621634 3.328465 
1.012019 -0.312533 -0.628937 0.560433 -6.364098 0.537835 2.487209 
0.292049 -0.316333 0.817864 -0.244685 -23.700936 -14.843191 3.192654 
3.273691 -0.132570 -0.023053 -0.278580 -4.073848 0.466742 14.764391 
0.507219 0.358023 0.478147 -0.578390 -11.210378 17.047285 13.883036 
0.325723 -0.450017 -0.183253 0.907105 -16.047844 7.493396 1.702807 
0.153073 -0.099863 0.851618 0.189569 14.530821 12.976470 -34.490904 
0.229855 -0.513005 -0.222031 -0.064092 4.440982 12.784729 13.936540 
0.196589 -0.265219 -0.206621 0.268090 -3.568037 -7.464729 -16.931212 
0.095001 0.154130 -0.172034 0.688159 9.504683 7.389178 -18.404567 
0.458870 -0.843330 -0.727294 -0.066774 -9.619566 -4.929053 -2.523305 
0.085890 -0.558828 0.618714 -0.640647 -5.548111 24.285689 11.604295 
0.170408 0.716046 -0.441903 0.188105 -0.372346 4.218297 -9.768390 
0.130084 0.229122 -0.133069 0.325169 -0.339712 -15.562303 0.905206 
1.384359 -0.312934 -0.403905 -0.271782 -6.216683 -2.204879 1.488556 
0.642711 0.195434 -0.389911 0.256150 -6.712636 -0.909934 -17.268781 
0.176254 -0.766936 -0.366957 -0.515205 -7.552829 -1.328958 4.655584 
0.156623 0.586310 -0.151328 0.007132 -15.596590 -18.283001 -0.080832 
0.874755 0.561838 0.333930 0.045265 -5.023601 -5.158895 -9.438681 
0.628183 -0.017410 0.731156 -0.296681 -6.534107 -2.185875 12.805496 
0.127719 0.008540 0.231617 -0.823897 20.588990 -6.686437 10.205846 
0.209256 0.290532 -0.113546 0.114472 6.481907 -4.571622 5.751929 
0.393003 -0.227316 -0.107528 0.260612 23.042197 9.164948 -3.992516 
0.395444 -0.800598 -0.611469 -0.617514 -11.264182 -15.376488 0.047008 
0.150757 -0.706951 0.248548 -0.271328 3.620810 -17.515266 17.484995 
0.613619 -0.306044 0.410009 0.292256 25.279012 -16.237856 -20.147010 
0.371705 -0.077048 -0.738889 -0.064965 17.683289 -0.287315 3.122706 
0.128172 0.137117 -0.703440 -0.381310 -0.175901 14.187208 -2.036602 
1.227367 -0.054989 -0.362766 -0.116438 -26.290556 21.801154 7.437897 
1.287495 0.269756 0.181377 0.427750 -3.528463 -2.632621 -12.370227 
0.285623 0.214917 0.555396 0.532387 -21.905633 -5.298522 -4.932416 
0.186793 0.149378 -0.253678 0.444868 -5.122737 8.348642 7.333127 
0.151928 0.780584 0.386912 0.287964 9.848000 -3.454348 -4.087462 
0.107729 -0.003953 -0.851214 0.386537 5.216917 -14.497131 -7.885175 
0.789450 0.037048 0.957217 0.497391 0.358971 6.379404 4.725684 
0.417882 0.190762 0.270611 -1.007569 16.751786 1.581327 -1.057199 
0.415458 0.270546 -0.904425 -0.674080 -4.347129 -26.660324 -1.513861 
0.510419 0.464994 -0.784057 -0.224337 5.365881 7.020683 7.936170 
0.130425 0.485481 0.003053 0.049883 10.847281 -7.652642 16.050575 
0.312402 -0.804216 0.591298 -0.222148 -2.112997 5.389045 -3.325033 
0.489643 0.324251 -0.136346 -0.832525 -2.432584 5.618925 -25.406820 
0.449688 -0.403704 -0.715080 0.386816 14.977872 6.654972 19.246419 
4.640213 -0.682424 -0.919175 -0.687576 -9.901204 -27.523182 -37.284583 
0.102329 -0.834012 -0.278573 0.472439 2.509715 -7.964642 2.497307 
0.088752 0.754319 -0.346167 0.128708 -17.638791 -6.668400 7.327673 
0.124181 -0.259219 0.180174 0.311801 13.787002 -25.016253 14.564114 
0.142677 0.836469 0.007958 0.379428 3.538790 -8.153954 -10.925885 
0.646196 -0.498697 0.514553 0.716396 -11.080534 12.872907 -14.153633 
0.112694 0.365385 0.754028 0.251364 -12.293708 -4.426223 13.690914 
0.176104 0.586800 0.182059 0.666662 -0.106142 -7.262950 13.927558 
0.106965 0.330348 -0.083934 -0.518624 -10.011387 -8.634357 1.651464 
0.330430 -0.172692 0.548021 0.061618 -15.501919 13.857194 3.793718 
1.059937 -0.327588 0.003920 0.451149 21.066253 0.791291 -9.951796 
0.446854 -0.081267 0.385106 0.352828 2.854115 15.936247 -14.834029 
0.249843 0.270181 -0.603197 -0.302359 -0.749816 15.614912 12.484838 
0.126972 0.066038 -0.221447 -0.261527 -7.422575 -7.375082 -13.351102 
0.148713 -0.371210 0.267384 -0.158681 -6.945979 0.109872 9.196094 
0.153845 0.189902 0.050903 0.214341 18.080191 18.123709 -11.323247 
1.523067 -0.049142 0.737755 -0.034353 -2.478815 -1.531119 1.567072 
1.665441 0.027699 -0.718013 0.610037 8.509132 -11.136816 -12.690121 
0.167356 -0.171702 -0.598322 -0.255707 16.948477 10.742708 2.051561 
1.433413 1.045580 0.005088 -0.179763 22.412391 -18.409233 -0.160024 
0.264805 0.241524 -0.399399 -0.111036 -13.067466 -24.161449 -1.238220 
0.110793 0.091021 -0.483666 0.730549 -4.488638 8.200931 -0.596195 
0.180061 -0.088051 0.408419 -0.280265 -7.169891 5.754212 -2.609568 
0.195410 -0.089633 0.059244 -1.090631 -1.570988 2.406683 -15.888959 
0.091610 0.639832 0.261202 -0.676961 19.612641 6.893508 9.938839 
0.100160 0.441506 -0.453783 -0.300443 -8.952100 -7.145707 -4.075936 
0.329612 -0.044374 -0.168727 0.196444 -16.807100 -1.960526 18.391066 
0.174903 0.404138 -0.602722 0.405737 -6.404993 -23.863736 -5.077662 
0.088879 0.345105 -0.177836 0.314025 -17.035024 2.749690 -11.385016 
1.382242 -0.745723 0.382770 -0.577694 2.627975 -10.226431 -16.980940 
0.137418 0.721857 0.585465 0.155771 -0.523996 4.913176 7.507966 
0.550522 -0.687209 0.354939 -0.470103 -10.976376 -17.448821 5.430398 
0.977405 0.289249 0.468126 0.079332 -14.086360 3.293226 -16.829623 
1.078071 -0.285249 -0.103043 0.516348 -6.536491 17.841671 6.777041 
0.158053 -0.494091 0.447624 0.086437 6.435395 -31.240140 -6.505973 
0.173348 -0.287406 0.090284 0.480740 -5.232109 -3.536602 -12.585601 
0.082934 -0.319930 -0.536866 0.799113 13.121010 5.734600 12.029516 
0.136636 0.316725 0.339892 -0.305519 -15.557046 -10.037411 14.769650 
0.143734 0.736766 0.252884 0.343223 8.171848 6.359039 -7.640936 
0.441192 -0.259396 -0.316491 0.410927 -15.558080 6.235062 -9.833095 
0.419927 -0.542359 0.470232 0.449975 -2.817378 -10.118445 5.345251 
0.233936 0.806954 0.429566 0.116479 -7.738258 4.216367 19.270089 
0.472655 -0.257258 0.180466 0.234445 -17.974952 -10.637442 -13.678603 
0.114863 -0.305135 0.012766 0.648761 -13.446112 7.206947 -19.347227 
0.090134 -0.097604 -0.408853 0.223292 7.164121 10.718644 -0.017872 
0.541043 -0.325899 0.080643 -0.611370 29.715034 -3.451442 -1.515822 
0.282572 0.637223 -0.005998 -0.108503 -21.400311 -7.989928 -0.533631 
0.115642 0.368377 -0.094954 0.081293 21.619702 -16.172198 -3.785083 
0.081355 0.400803 -0.320305 -0.429107 -23.202718 6.656682 -19.392637 
0.367829 -0.074504 -0.717028 0.074171 -9.381385 -12.876025 6.021261 
0.139629 -0.397076 0.362130 0.020113 -7.893219 -18.986060 -7.502640 
1.352784 -0.319113 0.138835 0.548065 -11.997391 -2.142202 -4.729484 
0.125255 -0.562413 0.623944 0.339770 2.956145 -2.951297 -14.890596 
0.401327 -0.055167 -0.262115 0.474801 -1.765393 -9.057782 31.679917 
0.285734 -0.957386 -0.010354 -0.434025 -10.114400 -20.670313 -1.624815 
0.395651 -0.294582 -0.071663 0.037387 20.735475 -13.188339 -13.473818 
0.293098 0.677349 -0.174027 0.085234 4.636291 -9.076157 12.733338 
0.087827 -0.805209 0.184435 -0.092659 -2.891666 13.296387 7.377587 
0.145431 -0.257023 -0.459725 0.807962 -19.084678 -1.870632 -4.756573 
0.180115 0.149820 0.280044 -0.423262 -22.179686 12.668778 -2.742190 
0.096200 -0.130703 0.127771 0.244073 -2.971353 -14.566704 -8.374543 
0.666776 0.480528 0.117633 -0.095900 -29.198420 -13.633666 19.164315 
0.204329 0.078944 0.291995 -0.167739 1.202222 6.334522 2.112424 
0.115895 -0.227854 -0.733094 0.591974 2.853424 8.471097 6.343402 
0.093908 -0.350906 -0.101610 -0.693039 -0.700993 -10.652325 0.173150 
1.218377 -0.415714 -0.812168 0.172113 -14.898374 5.825113 9.668934 
1.577937 0.721638 0.559667 0.127199 -4.333029 0.793618 9.626850 
0.624013 0.213349 0.220914 0.475749 4.581119 -12.408930 13.428214 
0.094581 -0.223760 0.930834 0.178926 14.211172 4.818042 7.710523 
0.082735 -0.227732 -0.409903 -0.590560 0.081023 4.460827 -12.177984 
0.117562 0.543295 -0.623407 0.558218 3.309581 -12.500852 -12.713316 
0.104059 -0.079516 -0.229919 0.667257 6.362741 -17.672172 -5.680925 
1.175398 0.386517 0.448823 -0.123831 0.611637 -3.710525 26.255641 
0.164169 0.210802 1.147910 0.284540 18.574618 18.776124 -12.965788 
0.291452 0.017332 0.514194 0.511040 -15.748960 0.716808 -7.774995 
0.206673 0.423196 0.432350 0.251320 -16.710672 -14.497109 0.625576 
1.289324 -0.411561 -0.205786 0.714182 17.093290 26.569244 14.546652 
0.086315 0.215506 -0.263680 -0.219054 -0.293723 8.522994 -9.212532 
0.235153 -0.144984 0.710586 0.190397 1.674299 -6.973394 11.945071 
0.115719 -0.161483 0.103272 -0.478234 17.994658 -15.835745 -27.727950 
0.363410 -0.447444 -0.335401 -0.603232 4.834426 -5.158207 2.449088 
1.751386 0.456568 0.360651 -0.580496 19.645441 -3.405542 0.109243 
0.207984 -0.406574 -0.057941 0.656435 -5.471578 -4.055833 -1.133755 
0.102911 -0.160669 -0.513542 -0.657158 11.408673 -19.154633 2.914155 
0.178659 -0.636515 0.724380 -0.081213 0.781294 12.237948 10.557981 
1.266026 -0.418914 0.770350 -0.044413 -5.022970 -3.219882 -10.567991 
0.304509 0.463201 0.723344 0.339511 7.259934 -8.251092 6.177390 
0.111776 0.330447 -0.106639 0.242599 -3.115853 -6.943989 -6.977511 
0.518423 -0.148831 0.605096 -0.249243 -24.896029 -8.418879 26.385150 
0.412206 0.791902 -0.344127 -0.250304 -3.522922 -6.022597 13.604772 
0.151101 -0.331103 -0.404830 -0.524534 0.232420 6.836790 -4.836779 
0.220913 -0.466267 0.775715 -0.296979 1.448794 -0.506080 5.440087 
1.412488 -0.132022 0.210093 0.662920 5.311797 -3.431462 -14.038819 
13.278585 0.308158 0.486576 -0.030819 -13.456612 11.779094 10.246995 
1.463321 0.020747 -0.795264 -0.194257 -15.549380 9.846231 -1.358502 
0.120159 -0.071302 -0.918777 0.141071 12.229940 1.703499 12.264967 
0.365350 -0.405378 0.795507 -0.173434 -8.959937 -3.848474 4.305029 
0.105973 -0.205874 -0.298926 -0.875217 -7.550325 -4.297981 3.837369 
0.295892 -0.705088 -0.547324 -0.376024 -7.860695 -1.625794 6.358379 
0.206326 -0.199505 -0.148865 -0.145206 -15.776169 3.856336 -5.062168 
0.093712 -1.059366 0.129434 -0.033729 -11.985354 7.322739 -3.347358 
0.095148 0.064746 -0.471980 0.090631 9.489451 -2.704984 8.210832 
0.206538 0.611220 -0.060849 0.002320 -8.132514 -26.891133 2.888523 
0.086877 0.401017 0.566094 0.680425 2.272270 1.186844 4.465408 
0.089099 0.190724 0.406272 0.396898 -5.327167 -13.991488 21.909447 
0.510706 0.020441 -0.262296 -0.614386 -20.260411 11.414433 6.114815 
0.209703 0.546936 -0.672796 -0.332400 24.220057 -8.723007 -8.530087 
0.558090 -0.288654 0.854428 -0.450240 6.662218 5.223460 2.970477 
0.094925 -0.090046 0.110571 0.608570 -5.577771 -14.088229 -4.082261 
0.169485 -0.082766 0.551153 -0.395814 1.952844 -7.250537 -16.764204 
1.190304 -0.566440 -0.057836 0.108622 -21.768373 -21.298960 5.125671 
0.229716 0.180220 0.462726 0.288347 -8.947441 -20.164988 -8.973362 
0.590880 0.578953 -0.082413 0.316525 -15.788600 -6.657211 13.951703 
0.480535 0.159382 -0.221277 0.172593 9.011224 3.722595 -9.731053 
0.234429 0.700176 0.275172 0.174646 -6.682460 -0.779021 -16.644847 
0.582021 -0.087698 -0.062401 0.638153 -25.618482 12.901278 -14.497990 
0.189197 0.366527 -0.483800 -0.510758 6.422021 -6.985045 -7.974695 
0.259575 -0.930847 0.165612 -0.147067 1.552856 3.729445 -17.281021 
0.447006 0.532742 -0.509904 0.348617 -13.454434 9.282204 5.383567 
0.147887 -0.673503 0.487583 0.081579 -0.116792 2.994016 1.842776 
0.231699 -0.209120 0.774037 0.063463 -2.993032 -2.895168 -1.755521 
0.453708 -0.236930 0.150117 -0.126474 7.441414 -8.090158 -4.528953 
0.920339 -0.785786 0.315799 -0.273089 -4.740300 15.549523 -16.999585 
0.955703 0.000085 -0.352102 -0.491261 -2.686064 11.815070 1.164599 
0.084577 0.109677 0.621392 0.228492 5.539996 -5.420990 -9.852954 
0.160624 -0.056439 -0.484836 -0.152336 -9.072937 13.235212 2.184616 
1.172148 0.062891 0.217439 0.634780 40.128923 5.983022 -37.371530 
0.760534 -0.517097 0.700426 -0.614873 6.617402 29.303326 8.184347 
0.114553 -0.832119 0.123353 -0.155455 -1.416315 -17.875443 6.053812 
0.117572 -0.042882 0.460263 0.265894 26.925507 -24.385431 -4.375676 
0.762149 0.174626 0.559559 -1.170607 24.804489 35.302351 -13.859806 
0.232792 0.364853 -0.982674 0.062697 3.362077 -1.075855 -6.978268 
0.215009 -0.009291 0.095850 0.199078 1.657915 9.878850 -11.233812 
2.204810 0.031465 -0.536814 0.129180 -9.704328 4.858397 -2.015574 
0.129032 -0.827049 0.144136 0.530605 -3.101852 -18.873171 43.861329 
0.374042 0.852951 0.463367 -0.310415 5.721913 1.699590 -1.218327 
0.205433 0.473972 -0.622566 0.579826 -9.678351 12.571241 22.464570 
0.160079 0.698174 -0.524708 -0.059785 -3.540989 -8.236316 6.578442 
0.136090 -0.333275 0.724197 -0.620509 -17.501496 0.467033 2.681158 
0.119841 -0.002932 -0.306270 -0.467399 11.514083 19.978964 6.667886 
0.201503 -0.672327 0.259681 0.842952 -8.770335 -9.980459 19.660585 
0.611073 0.624031 0.485688 0.531324 0.189524 -10.662174 3.689284 
0.115016 0.406705 0.376859 -0.833439 10.865710 -12.372796 -19.187604 
0.399244 -0.257860 0.089200 -0.030535 22.324223 -19.740219 -2.267734 
0.131342 -0.388745 -0.654335 -0.554350 -7.116982 2.690939 -17.131598 
0.174201 0.050395 -0.775742 -0.268211 1.226498 -11.024518 21.300237 
0.089275 -0.652586 0.041485 0.294836 7.239131 1.805980 -10.570083 
0.438872 -0.661685 -0.369719 0.286023 7.337608 -5.606058 8.765249 
0.085636 -0.334125 0.083373 0.333874 15.312562 1.094441 2.994518 
0.582912 0.092778 -0.272017 0.194811 2.657388 12.019268 -1.304871 
0.240412 -0.554472 -0.022403 -0.643616 -23.945878 -3.903788 17.069755 
0.226021 0.566896 -0.058470 -0.374687 11.363146 4.143208 16.746584 
0.107205 0.469042 0.495061 -0.117283 -3.758638 3.787625 -9.117378 
1.102835 -0.534788 -0.071109 -0.514601 4.922388 2.600819 14.942210 
0.266126 0.424106 0.264931 0.469011 -10.538307 16.683477 -10.261403 
0.409423 0.397162 0.786752 -0.288668 -6.564994 17.683278 -11.119958 
0.089384 -0.486828 0.686731 0.211227 9.763279 -4.122075 -14.359562 
0.113871 -0.535349 -0.115136 0.131071 0.582911 -10.330542 -11.146092 
0.746267 0.157645 1.119296 0.261024 -1.303438 17.134666 -7.546318 
0.219386 -0.819057 0.094040 0.094519 -2.455749 -22.757623 -14.378492 
0.439077 0.737403 -0.127597 0.301192 -2.733990 4.084458 -20.465950 
1.444015 0.224451 -0.180990 0.336501 13.237851 -9.916043 -3.220758 
0.102731 -0.064747 -0.773226 0.382770 12.592798 -14.334680 9.314696 
0.202560 -0.651037 -0.232017 0.191447 -1.872597 -4.170249 12.947307 
0.091773 -0.086344 0.295522 0.370207 -7.133937 11.428549 -1.256588 
0.159646 -0.386787 0.855608 -0.467400 -10.022805 0.544736 -12.686598 
0.210510 0.689904 0.600831 0.072053 -11.375238 9.062367 1.102885 
0.129464 -0.460671 0.557624 -0.160399 1.657085 1.307292 -6.281827 
0.235395 0.037843 -0.734053 0.396804 -3.948587 -2.345753 7.095330 
0.392760 0.587208 0.639579 -0.099340 1.750163 -4.733314 -11.274054 
0.340464 -0.188068 -0.283184 -0.824846 2.755270 12.992904 -13.069586 
0.558675 -0.601881 -0.297345 0.469811 16.897969 -6.738652 -2.569485 
0.269181 -0.121914 -0.020022 -0.252404 -9.119667 3.868312 9.899507 
0.080832 -0.114861 -0.027129 -0.480706 10.982991 20.927623 14.536803 
0.161454 0.446278 0.354162 0.592282 0.618428 -9.857390 -7.456363 
3.272843 0.306710 -0.031229 0.450940 -3.797603 0.913599 -9.551820 
0.126733 0.731459 0.540688 0.047264 8.368762 -16.584578 -7.389901 
0.147442 -0.337448 -0.236765 -0.396893 -7.367812 -36.031682 -7.390599 
0.234874 0.285207 0.044599 -0.579602 -7.750917 11.711391 -4.274237 
0.088322 0.434673 0.030108 -0.233544 0.683855 7.695954 -24.677457 
0.124823 0.613993 -0.256825 -0.785803 -4.634056 -0.628105 -4.071425 
0.134972 0.102467 0.160675 0.322412 18.723216 19.281339 11.805736 
0.114632 -0.029110 -0.469150 0.143626 -0.204304 -1.112066 10.513510 
0.145861 -0.751309 -0.493305 0.534085 2.765479 -2.478520 4.717935 
0.263366 -0.022215 -0.157188 -0.858309 -1.394924 1.610034 0.424435 
0.973808 0.404442 -0.455108 0.216262 0.807188 -2.229491 -6.084973 
1.966409 0.120479 -0.241679 0.485287 4.493401 3.299164 -5.036298 
0.137245 -0.633828 0.134190 -0.441532 8.172077 -2.679627 -11.110343 
0.175886 0.193389 0.469518 -0.280110 -10.364148 -5.309361 -4.132115 
0.427154 -0.252031 0.494965 0.126578 -13.988961 -4.632329 15.010879 
0.305641 -0.248762 0.859885 0.007553 -6.702404 -12.148992 -8.641504 
0.126873 0.024523 -0.021849 -0.114248 5.296966 -9.216970 -4.905666 
0.202129 0.653847 -0.357848 -0.153303 20.492782 -4.906209 20.913951 
0.103947 0.867058 -0.009219 -0.269770 4.106494 16.992166 1.036199 
0.160192 -0.349130 -0.590211 0.040292 14.626376 -14.398360 8.328924 
0.087931 0.002683 0.134206 -0.643423 -14.239552 -4.041822 1.541896 
0.201166 0.440284 0.414016 -0.267164 -19.875465 -4.980999 6.645343 
0.129271 0.447090 -0.269103 0.583798 -9.376863 -9.412432 9.118496 
0.244547 -0.026242 0.239622 -0.790745 -13.046141 0.411714 15.362455 
