0.202999 -0.177386 0.035959 0.275451 3.569488 21.687014 -13.068567 
0.583882 -0.574217 0.819749 -0.261648 10.835091 20.681127 8.046499 
0.585149 -0.127810 0.116435 0.810293 10.478172 -2.587746 -12.085109 
0.085689 -0.035195 -0.681115 0.348870 -15.406727 0.275139 21.311831 
0.090936 -0.134430 -0.031179 -0.036113 2.497901 12.228558 -23.746993 
0.457888 -0.567093 0.903113 0.834964 -14.219270 -4.334542 4.346219 
0.179449 -0.559407 -1.191884 -0.562085 -4.909109 -8.032314 -6.521802 
0.103175 0.856075 -0.688025 -0.718677 4.034339 -15.968977 0.872268 
0.199182 2.095162 -0.404250 0.403882 16.921649 -9.707288 3.918685 
0.109107 0.646329 -1.609162 0.438878 1.296111 -9.383317 7.974248 
0.232498 0.415681 -0.433930 0.493069 -5.634201 -3.889964 -11.221606 
0.683878 0.037665 0.850291 -0.956562 -11.995893 -1.498353 -13.698292 
1.809017 -0.105687 0.177096 0.040554 6.173926 -0.036625 -8.082496 
0.133767 0.839985 0.926490 -0.623397 21.519280 7.841111 2.609442 
0.207935 -0.984701 0.397373 -1.186292 -7.755924 15.617341 -5.578822 
5.586845 -0.392722 -0.215504 0.240405 15.270995 4.405450 -8.290023 
0.099031 -0.254998 -0.613054 0.234879 4.606180 6.411737 19.194094 
0.095457 -0.055611 0.005826 0.197662 -13.538220 -11.610655 14.430004 
0.166412 0.329890 0.853680 -0.459861 3.213334 -2.089656 -18.823728 
0.401973 -0.535592 -0.653951 -0.489397 4.489386 -22.730601 5.857244 
0.149690 0.426831 0.356710 0.223038 -4.303623 10.423550 18.664218 
0.135040 -0.599838 -0.029137 -0.089207 10.449260 14.985138 -2.655864 
0.230700 0.900426 0.092407 -0.952465 2.029413 11.122653 -5.629990 
0.296048 0.269958 -0.889207 -0.148081 -4.678417 2.664736 11.629573 
0.089040 -0.073161 -0.349471 0.510847 10.381636 -9.531911 5.315107 
0.218861 0.691576 -0.805882 -0.504179 14.462858 -4.504009 -3.394643 
0.780326 0.744821 -0.125300 -0.697588 5.989575 -13.050789 -10.688904 
0.110177 0.955795 1.144349 -0.347779 6.375512 11.380214 9.924050 
0.308745 0.846304 -0.394804 -0.537401 15.869646 -23.028202 -9.795698 
0.930095 0.025370 0.082313 -0.187192 9.538655 0.988820 -13.406612 
0.154448 -0.057550 0.252319 -0.185473 16.782838 18.809723 -4.243714 
0.449860 0.027284 1.297679 0.042718 -6.056804 2.944800 10.670602 
0.194281 -0.810825 -0.315437 0.499201 10.989026 -5.590150 -0.327776 
0.121470 0.121100 0.512830 0.662487 -13.933083 1.291603 22.233391 
0.388680 0.078564 -0.056540 -0.815039 2.462499 14.559912 -0.784314 
0.552874 0.508870 -1.329218 -0.004626 -4.192036 -16.423834 12.438966 
0.107074 -0.157934 0.592241 0.476838 3.613422 -1.937682 25.418652 
0.218546 1.102713 1.351670 0.299491 3.518803 11.270592 -0.664034 
0.118025 -0.141266 0.296381 -0.422240 -15.664528 -16.594947 -0.781013 
0.176826 0.031464 -0.379767 0.720493 -11.260249 -1.259182 11.156584 
0.123628 0.207949 -0.604815 -1.029425 -4.331064 3.550999 -2.036372 
0.103987 0.361497 -0.701165 1.570019 17.175740 3.516055 21.506473 
1.612405 -0.048401 -0.006789 0.612836 -7.356764 -5.855467 1.971662 
3.952128 -0.395746 1.629599 -0.034396 -0.332153 7.866290 8.473181 
0.090817 -0.093418 0.073635 0.004992 18.406149 -4.429776 -5.823579 
0.094271 -0.338796 0.683496 -0.220179 0.032232 -8.460420 -11.860188 
0.105198 0.096085 -0.358595 -1.211789 -14.444874 -2.986859 -10.566516 
0.122132 -0.298333 -0.016224 0.160498 -10.320923 -6.088973 -1.904807 
0.167817 0.216824 -0.755640 -0.515577 -11.122466 -10.131616 9.256048 
0.138488 -0.575717 -1.617775 -0.602907 -0.734137 -18.234428 4.895548 
0.701272 0.489307 0.206256 -1.093740 29.292454 3.319001 -7.072713 
0.367183 -0.038937 0.449331 1.147495 1.817167 -8.563599 14.410977 
0.116639 0.498992 -0.483671 -0.139959 0.003873 -5.628397 -4.808945 
0.156405 -0.465499 0.269435 -0.528535 -10.998843 5.704186 -17.193184 
0.118162 0.328495 -0.229773 0.133317 -6.747195 15.323260 14.070799 
0.151293 0.145433 -0.164422 -0.044027 -0.218738 -5.789943 -27.588952 
1.456612 -0.390854 0.091999 0.044199 -6.924342 3.251120 24.132702 
0.095248 -0.297997 0.526501 0.298173 -2.380272 5.750736 -15.241641 
0.298886 0.069628 0.020466 -0.180348 -10.408400 6.029090 24.367327 
0.512636 -0.138730 0.678053 -0.290417 -0.918416 -1.215022 18.059298 
0.121466 0.642256 -1.273129 -1.778245 13.473227 -13.712377 -13.977409 
0.863813 -0.736813 -0.340701 -0.182289 0.918144 -4.549882 -12.479038 
0.283593 -0.616426 -0.307475 -0.675570 -6.294437 -0.523555 9.130079 
0.114183 -0.076401 0.693494 -0.242653 -13.095920 20.579639 -0.595948 
0.387857 0.050222 -0.068043 0.701032 -7.154490 -14.975461 -4.704527 
0.102340 -0.202618 -0.055014 0.994272 -7.577580 -18.372826 17.366743 
1.423034 0.456769 1.344070 0.077369 14.226992 2.650371 -3.396719 
0.118440 0.112993 -0.012254 1.012856 8.125822 -8.500265 -3.608823 
0.087317 -0.235217 0.014403 0.064763 -12.766508 4.102138 27.136268 
0.115648 0.025478 -0.447129 0.528342 -0.752813 -0.107169 21.020844 
0.335498 -0.058360 -0.757499 0.771799 9.646426 -17.678657 -6.553030 
0.109210 0.033880 0.512998 -0.786429 -9.029853 -4.556026 -6.603091 
5.398343 0.262542 0.357260 0.297030 -11.206183 1.358849 1.436077 
0.438696 -0.590291 -0.085727 0.298103 -7.214862 -16.311801 -13.929826 
0.102783 0.311309 0.091115 -0.081701 3.686627 -19.185932 15.135575 
0.317653 0.869913 0.865075 -1.225671 -1.047423 21.483945 -12.159455 
0.117399 -0.133605 0.233856 0.009488 -14.992432 18.553378 7.088073 
0.135796 1.612550 0.150794 0.259741 17.681898 -12.723074 5.411625 
0.139152 0.021727 0.584023 0.046952 3.986229 9.724774 -6.683879 
0.081844 0.429888 -0.352869 0.619223 -5.315092 4.205492 -6.855817 
0.210768 0.219264 0.077082 -0.975066 -9.564786 -5.524935 2.743135 
0.087151 -0.356821 0.108678 1.368493 9.632229 -4.075331 25.710383 
0.247564 0.108054 -0.535041 0.424956 -10.355216 -25.445105 -7.812757 
0.118055 0.569613 -0.883266 -0.926935 -8.161606 1.493555 -9.478176 
0.133708 -0.745242 -1.425353 0.479367 -1.023176 -23.135123 16.326938 
0.137951 -0.472905 -0.169315 0.262319 -2.593380 16.548314 3.896318 
0.295736 3.660675 2.255748 -0.744875 74.658832 40.263552 -15.584713 
0.093592 -0.338101 0.270519 0.184377 5.553453 6.676898 -12.610791 
0.180968 0.221996 0.818266 -0.556673 -2.989274 -1.265764 8.681830 
1.058781 0.289150 -0.329369 -0.468845 5.185902 13.129707 3.880151 
0.086350 0.096871 0.048290 0.457270 4.934020 0.754116 9.750106 
0.263354 0.364771 -0.698159 -0.109588 -10.933579 7.454633 2.386056 
0.556778 0.114603 0.143919 -0.742560 4.449456 -12.543778 8.728116 
0.139284 0.408139 0.018377 -0.575124 -9.004212 7.443623 8.211794 
0.478468 0.440026 0.313183 -0.512405 -7.948197 -1.379839 -5.322200 
0.165293 0.041015 -0.316692 0.134343 -3.057382 16.945371 -5.194994 
0.493788 -0.112694 0.110414 -0.351377 14.408530 -1.373246 -19.828080 
0.252788 0.667945 0.100675 -0.607182 3.849885 6.004355 12.631558 
1.145613 0.590387 -0.385589 0.597393 -2.198384 -18.438829 11.491420 
0.388183 -0.297957 0.305866 0.898469 1.427151 14.848369 17.832740 
0.094407 0.102251 -0.563245 -0.160665 -10.378962 12.930429 5.098175 
0.126740 -0.103868 1.064867 -0.042515 -2.912590 8.860365 2.235169 
0.323270 -0.032906 -0.081175 0.183498 -7.419147 -15.132838 -18.296016 
0.198042 -0.212075 1.546076 -0.183008 -16.478282 18.042479 0.949051 
1.167561 -0.461715 -0.447185 0.500540 18.076500 3.007716 -3.944157 
2.697368 -0.367873 0.184279 -0.286877 13.763268 1.874702 11.988275 
0.376011 -0.219753 -0.398833 -0.084458 -26.022623 -1.845835 -7.838048 
0.588263 0.206104 -0.224730 0.605890 -6.122071 -0.265823 -17.716589 
0.138650 0.318083 0.135388 -0.723159 6.068963 16.377440 7.832790 
0.373816 -0.044342 -0.583449 1.033977 0.930437 8.408303 -0.403921 
0.401930 -0.153128 0.749819 -0.915246 -3.339396 3.423126 -8.593622 
0.263064 0.164778 0.356390 -0.149825 16.026640 3.926613 2.325177 
0.459762 -0.835907 -0.554570 0.019755 -11.055809 8.168930 16.597404 
0.328088 0.306873 0.612443 0.395075 -6.033804 3.970669 -2.529412 
0.860282 0.191821 1.638888 1.342964 -4.750435 22.666405 28.846981 
0.273055 0.355532 -0.059307 0.057399 -3.213881 -18.136903 9.626190 
0.396253 -0.784560 -0.778587 -0.008979 -11.769116 5.425731 -4.067387 
0.246288 0.079997 0.062222 -0.260665 -2.480765 15.746633 -9.648444 
0.730294 -0.011158 0.189286 0.199481 -20.181987 3.346715 8.838744 
0.278430 0.212685 0.685482 -0.018147 -7.657915 8.853658 7.725053 
0.151503 0.257478 -0.724487 -0.585602 -2.568600 -4.612475 -21.251780 
0.100432 0.460730 -0.322700 -0.380792 12.694125 13.082520 0.640030 
0.082624 -0.170412 -0.842196 0.546687 -16.122979 7.440361 0.026410 
0.114711 0.975784 0.092595 -1.218653 6.947393 -13.125036 -7.731055 
0.192666 0.516279 -0.238232 -0.543060 -14.109174 0.860653 -18.488305 
0.287114 0.422076 -0.698968 0.910997 11.198527 -15.344541 -5.957942 
0.585359 0.591246 0.677633 0.298352 0.026202 -4.262182 17.090500 
1.376095 -0.169912 -0.260041 0.063393 24.031937 -10.062996 -0.490326 
0.431641 0.712877 -0.987843 -0.287581 5.011167 4.672782 -9.458165 
0.136683 -0.273465 0.721583 0.193360 -11.683544 -2.054573 10.184425 
0.323241 0.665934 -0.140724 0.465019 1.514811 -8.125821 -10.966093 
0.391024 -0.442283 -0.161584 0.455079 -18.780589 7.463947 -9.071844 
0.112116 -0.151016 0.416609 0.480737 5.081957 17.819726 -10.245640 
0.116547 -0.163757 0.743580 -0.518042 8.268898 7.698607 1.990653 
0.952396 0.632376 0.002766 0.028811 -8.997622 -13.626560 -5.480170 
0.374161 -0.676481 0.216526 -0.196363 0.604115 -18.352615 -6.690681 
0.178419 0.484040 -0.055231 0.046389 -8.205584 0.502190 9.577332 
0.192961 0.380322 0.896638 -0.724549 -5.085704 -1.780603 -17.545464 
0.763069 -0.249659 0.412501 0.134408 0.533135 6.582759 23.999721 
0.181019 0.547967 0.425650 0.137767 -14.336354 2.185343 12.863787 
0.393969 0.850203 0.880622 -0.352185 16.037799 26.555819 8.915676 
0.408300 0.419806 -0.008224 0.185956 9.488616 1.129812 -1.410256 
0.506972 0.599065 0.282415 -0.159902 -0.403238 -13.820013 -16.485353 
0.168852 0.512865 -0.828306 -0.294733 3.244266 -2.093873 14.677610 
0.196085 -0.535681 0.392993 0.002519 8.229739 -6.801710 -3.958736 
0.836938 1.059744 -0.738319 0.105649 4.111789 -1.091917 -9.155319 
0.701221 0.318784 0.382479 -0.063118 -1.495258 -16.437896 4.334955 
0.263429 -0.002895 0.487884 -0.045602 5.217903 10.264672 0.436882 
0.151360 0.869905 -0.341294 1.267764 -5.816051 -10.095143 14.582059 
0.449375 -0.183964 0.678597 0.175280 8.862297 -7.841292 -1.690951 
0.108928 0.779590 0.659407 0.691920 12.972235 -11.247438 11.311482 
0.090465 -0.809742 -0.234088 0.657122 10.137966 0.599132 1.869782 
0.531060 0.404407 0.570907 1.579454 -8.008566 13.552230 13.978085 
0.272013 0.093816 0.689201 0.727584 -17.881768 3.501675 11.037349 
0.127889 0.652675 0.059327 0.192017 0.082852 -4.022062 -7.089185 
1.070260 -0.175540 -0.377572 -0.152845 -2.083685 -8.528669 -4.377256 
0.111702 -0.184296 -0.152529 -0.713285 -15.687452 9.416662 8.324908 
0.275275 0.455790 -0.531133 0.186703 18.472596 -3.771880 7.843991 
0.433814 0.465857 0.102751 -0.217837 -16.442537 -12.454895 -3.687981 
0.121123 0.064717 -0.597886 -0.254815 -9.558820 2.153394 -22.490642 
0.604561 -0.697975 0.734077 -0.408762 -7.292517 9.602263 13.487095 
0.672200 0.739947 -0.084580 0.352180 3.845153 8.004317 21.468749 
0.485099 0.426137 1.546208 0.172524 3.124623 13.224295 10.288378 
0.088968 -1.603072 -0.017758 -0.077353 -10.050682 9.648972 -1.109537 
0.372330 0.146408 0.584855 0.152967 -12.805944 -5.546847 -12.312251 
0.427499 -0.401968 -0.190799 1.316901 11.893575 -11.994542 13.394373 
0.148166 0.666968 -0.469386 -0.497788 -0.916559 -16.173041 -5.015484 
0.205405 -0.184055 -0.741105 -0.772780 1.004580 -14.419963 -4.419158 
0.273438 0.006691 -0.626306 0.194941 18.957673 6.722601 -2.175328 
0.257004 0.531485 -0.366676 -0.981901 7.050511 14.552244 -18.373329 
0.083821 -0.285516 0.992859 0.966873 -6.765022 10.953101 31.172077 
0.673429 -0.380280 -0.238520 1.294126 1.564942 -3.497312 9.450511 
0.093338 -0.062947 -1.209189 0.925448 4.160955 -1.674725 5.259145 
0.097693 0.004508 -0.093919 -0.148039 -1.002994 3.001576 23.429494 
0.081727 -0.235578 -0.337003 -0.058608 4.542311 -0.232749 15.390210 
0.417045 0.262308 -0.059889 -0.165043 13.192401 2.094673 -8.411606 
0.387177 -0.783249 0.135051 0.325128 -0.436167 -6.158257 -6.271705 
0.350927 -0.387815 -0.654322 0.557553 -10.385957 3.408389 1.594072 
0.081891 0.363217 -0.007793 -0.880218 -12.331510 -2.879346 -8.613951 
0.111530 -0.399386 0.385259 0.556394 -10.011721 4.727101 28.513551 
0.729211 -0.350024 -0.174828 -0.058835 4.852863 3.297463 -11.287770 
0.081209 0.766448 0.243236 0.218371 -6.983152 -5.517139 4.386442 
1.066327 0.102641 0.034170 -0.605353 13.976384 9.874964 7.157260 
0.844840 -0.326682 0.060139 0.318181 -19.247817 -6.385609 2.522708 
0.286414 0.354749 -0.371271 0.798937 -0.610509 1.240508 -5.392210 
0.108220 0.047757 0.565474 0.406961 14.155069 -10.546926 0.583621 
0.106446 0.200197 -0.429094 0.171739 23.738096 -3.090917 -5.137882 
1.618982 0.149191 1.563936 0.220425 -11.741636 20.733230 -7.455913 
0.126190 -0.467833 0.147632 -0.078399 -14.226207 -7.186888 -16.506015 
0.666898 0.274659 -0.072377 0.382072 1.923784 -1.414037 5.314085 
0.355266 0.402857 0.061897 -0.565257 -5.352956 0.163174 9.880406 
0.365762 -0.999418 -2.590359 0.148162 -19.942335 -33.782198 -4.774066 
0.430606 0.626491 0.590361 0.181533 0.402723 10.041519 4.190880 
0.100431 -0.391895 -0.822908 0.755996 17.693222 -5.268049 6.211922 
0.189647 0.143311 -0.194634 0.317995 -20.672941 -1.062597 4.661861 
0.132254 -0.391134 0.336382 0.106039 -15.186842 -11.387506 15.307827 
0.500139 -0.188974 -0.502326 -0.905360 -16.730100 -3.297422 -15.539253 
0.175237 0.384702 0.518766 -0.237223 -8.164159 17.421957 -14.582687 
0.123696 0.145327 0.692204 -0.139779 -1.866760 2.946395 9.135158 
0.195281 -0.286358 -0.732611 -0.147166 -5.683493 -4.994933 -21.160014 
0.599939 -0.399910 -0.476702 0.648897 -31.949984 -3.045025 -1.500904 
0.192741 0.170980 -0.111798 -0.086887 -3.934983 -18.462947 11.026327 
0.200778 0.874775 0.800710 0.164320 9.000316 -8.066496 0.031058 
0.177472 0.083028 -1.067321 0.064411 -3.792907 -7.237500 -17.973163 
0.127855 0.167171 -0.694558 0.583267 5.047927 -18.466867 -3.047869 
0.220526 0.012820 0.002190 0.083453 0.180792 -17.155917 19.786780 
0.627642 -0.095885 -0.076274 0.297891 16.545432 -11.627181 9.954640 
0.637465 0.289829 -0.394729 -0.112372 -15.332516 7.808394 3.198226 
0.169117 -0.224301 -0.882122 -1.056314 4.633739 -3.770172 -0.487219 
0.114784 -0.483665 0.043544 0.428286 -7.002307 -20.693877 -2.989941 
0.135557 -0.168857 -0.060346 0.248057 7.687704 18.802869 6.015512 
0.579415 -0.865831 -0.204938 -0.425740 -7.462693 -0.964934 15.578152 
0.624848 0.705959 0.663263 -0.318293 22.801801 16.473889 -2.123109 
0.385484 -0.702816 0.885646 0.059508 -15.144213 2.801322 15.070657 
3.082417 -0.278769 -0.202988 0.383878 -16.001003 3.011656 0.324167 
0.310489 -0.225593 -0.387972 -0.123410 3.567734 -12.690057 23.460731 
0.457154 -0.207840 0.008775 0.472015 11.318160 6.237800 -3.160183 
0.279294 -0.420807 0.419747 0.907391 -7.025526 -1.086539 -3.512411 
0.089763 0.137602 -0.139608 0.413047 6.751858 -12.354754 -16.600292 
1.249225 -0.178678 0.379137 -0.158021 -19.675987 17.844670 4.802753 
0.163561 0.447989 -0.390122 0.240356 13.961637 -14.299098 -5.537982 
1.702665 -0.497434 0.321928 0.521835 -4.799283 7.880334 19.742658 
0.087567 -0.195328 0.869069 -0.154271 12.040321 19.924594 -2.233289 
0.192231 -0.109333 0.289222 0.094875 14.710573 10.056729 2.488884 
0.122081 0.764362 0.150244 0.091825 -2.164380 -9.792326 -14.921729 
0.088452 0.107662 -0.820359 0.161829 0.561248 0.501910 11.573429 
0.470758 -0.739275 -1.607026 0.010177 -5.400593 -12.386229 7.433288 
0.196106 0.023492 -0.154144 -0.156854 5.575501 5.390043 1.843259 
0.163499 0.560251 -1.287978 -1.177283 15.906056 -20.379906 -0.472768 
0.080867 0.401200 0.512623 -1.577998 23.125627 17.805464 -15.676254 
0.223604 0.308068 0.205687 0.041076 -18.374582 -0.776729 19.022032 
0.155926 -0.517421 0.723155 0.534463 -15.035708 -0.133303 9.908853 
0.238387 0.389565 0.568217 0.317196 -0.898569 8.717451 -17.987189 
0.106154 0.110097 0.094064 0.256983 9.981151 -4.946678 -16.348283 
0.169911 -0.615656 0.659500 -0.356304 7.551271 -6.169514 -10.459125 
0.113329 0.560822 0.445665 -0.473057 13.530732 9.990323 13.549687 
0.192419 1.041639 -0.563251 -0.026071 9.254050 -24.858119 -9.341563 
0.594225 -0.555547 -0.270765 -0.782794 4.731780 2.613648 2.273518 
0.085164 0.350209 0.145573 -0.288377 -15.708178 -3.198053 -15.593435 
0.117057 0.070238 -0.450861 -0.272075 -5.351586 16.881345 -2.337691 
0.205043 -0.014873 -0.473191 0.357705 6.914863 16.380084 -4.584393 
0.234649 -0.574208 -0.352250 0.375029 15.272458 -14.238132 5.140255 
0.487672 -0.120664 0.170519 0.023463 5.792287 27.062708 25.522160 
0.223182 0.546338 0.253205 0.149393 -0.763364 -14.143212 -6.593346 
2.476904 -0.596859 -0.877773 0.234035 -3.387325 -1.792585 -16.588767 
0.441734 0.305043 -0.179645 0.083021 15.243170 6.737701 1.665977 
0.230397 0.625620 0.020686 0.369666 -1.228374 -8.712211 3.167254 
0.689100 1.195835 1.150350 -1.354356 23.220321 8.653170 -11.591383 
0.815528 -1.056913 0.658249 -0.069722 -23.504744 1.262091 10.741212 
0.161492 -0.456116 0.324312 0.334723 7.983043 14.565354 -5.691245 
0.542296 1.773810 -0.279292 -0.507017 13.634647 -8.432736 -1.366453 
0.146522 0.532342 0.588802 0.326745 -8.542467 -3.324782 13.209697 
0.256037 -1.057343 0.436507 -0.379676 -10.929168 -9.890783 -9.945700 
0.887681 -0.786292 -0.702474 1.071005 -2.572054 7.067198 9.347494 
0.101372 -0.058310 0.035938 0.504312 7.798205 14.239795 2.473848 
0.141931 0.646023 0.060773 0.260515 0.771725 13.281652 1.694038 
0.178446 -0.969628 0.372047 0.306203 -9.969128 9.459065 7.754826 
0.083374 0.275030 -0.242499 -1.085938 4.034033 -2.799989 4.694621 
0.376685 -0.355573 -0.371810 1.255768 2.015299 1.257070 6.209724 
0.585808 0.284853 -0.965753 0.067163 -11.690833 -12.915038 9.562278 
0.102075 -0.233753 -0.020033 0.356179 9.172187 23.121432 13.710444 
0.086694 0.408144 0.738482 -0.417160 22.372400 14.734720 2.108447 
0.654455 -0.306317 -0.028829 0.512619 1.879370 -6.136349 1.936736 
0.442796 0.418888 -0.101538 -0.291257 -16.805560 0.273040 -14.275494 
0.103990 -0.479493 0.746482 -0.194876 -5.466695 10.981084 -7.075744 
0.137893 0.472636 0.314528 0.335910 -16.896644 -14.268497 5.928292 
1.044939 0.428554 -0.212284 -0.211927 17.252418 0.801311 -9.806260 
1.025335 -0.439523 0.058105 0.211732 -0.147508 -5.266740 -19.993848 
0.472835 -0.123083 -0.035590 0.981305 -26.028329 2.549100 13.081035 
0.672168 -0.939691 0.851546 -0.326505 -25.166539 6.856080 11.510640 
0.208490 -1.326893 -0.417513 -0.076160 -12.818637 -16.105925 -2.143434 
0.292610 -0.745834 1.029943 -0.157006 -7.232335 20.139546 12.453068 
0.111344 -0.119919 -0.263969 0.511272 -2.493153 -6.124853 23.868757 
0.466067 -0.004103 -0.548121 0.584994 9.598985 8.723691 9.186689 
0.112109 0.088203 0.584775 0.067365 -12.263203 -7.398033 -5.671376 
1.021373 0.166612 0.190291 -0.128578 -18.826823 -2.417032 12.825944 
0.247245 -0.360568 -0.482133 0.579524 -26.722039 -7.630908 20.872261 
2.937998 -1.653921 -0.229754 -0.302853 -18.340593 -9.821602 9.031803 
0.112201 0.306264 0.001161 0.228481 4.000115 -20.475122 -5.000485 
0.941373 -0.250711 0.190149 0.089843 -2.289130 17.641516 -0.619962 
0.186332 0.493715 -0.367159 -0.921693 11.093330 0.850862 -8.310521 
0.206312 -0.081423 -0.283656 -0.301834 -12.349426 9.121636 -10.692722 
0.087521 0.450712 0.928270 0.742377 -2.822921 -1.071740 -0.629002 
0.337060 0.361097 0.198601 0.129107 4.787217 -17.757143 -8.370821 
0.506829 -0.237259 -0.046677 0.527679 13.402802 2.324134 24.762155 
2.506229 0.755040 0.988397 -0.486354 -7.663164 12.617624 0.018014 
0.109658 0.381311 0.228813 0.477694 12.504898 -0.744721 -13.030192 
0.093631 0.182437 -0.255845 0.015324 -21.788597 9.702101 9.868850 
0.994606 0.389148 -0.177009 0.441765 13.065736 0.701239 4.512024 
0.184780 1.241700 1.579148 0.174023 8.614354 13.475852 -2.039550 
0.113864 -0.063776 -0.473795 -0.031068 2.790941 10.900180 -13.514952 
0.500571 0.768700 -0.886434 -0.767588 25.181300 1.087708 -12.387985 
0.375402 -0.202784 0.112131 0.713025 6.840213 -6.821877 7.650186 
0.121279 0.340498 0.045025 0.803071 10.729626 -1.228665 -11.959068 
0.437171 0.309483 -0.021799 -0.148909 12.888020 0.443090 -20.356977 
0.420529 -0.109151 -0.427792 0.380989 10.768922 0.285062 -8.321946 
0.140832 0.217745 -0.330106 -0.067575 5.659519 -0.356055 14.391461 
0.317286 0.140528 0.189698 0.151162 5.251113 20.502355 -7.155611 
0.092539 1.155809 0.052850 -0.862055 6.693181 -7.449951 1.448437 
4.198783 -0.186683 -0.247546 0.047588 -6.924287 -2.529082 -15.547731 
0.435794 0.560634 -0.138014 -0.133821 -9.628047 10.287431 10.110822 
0.299195 0.089828 0.144397 -0.679910 -8.038805 -15.358399 -2.563397 
0.366428 -0.345974 0.478236 -0.646570 -20.212053 1.343660 7.946553 
0.300202 0.210964 0.101006 0.261524 19.183140 16.722875 12.544077 
0.585186 0.003999 -0.262610 -0.459121 8.473003 0.417107 15.488404 
0.524509 -0.057672 0.079979 -0.185235 -8.980325 -18.379286 -12.882462 
0.292083 0.057319 1.485366 -0.395357 5.422793 11.102532 10.717756 
0.107699 0.175298 1.182509 0.640058 -5.350814 11.908089 18.044120 
0.744916 -0.554432 0.700529 0.415539 -5.924533 28.661726 6.611544 
0.131940 -0.255716 1.194332 0.076820 -16.503746 18.381216 -0.244229 
0.104491 -0.296764 -0.485603 0.580555 -19.768775 -5.147112 25.270395 
0.504475 -0.055228 0.171140 0.166921 -11.325774 -4.108466 -6.404902 
0.159200 0.005853 -0.272574 0.382205 -12.012377 -1.299378 -11.741544 
0.144224 0.744862 1.534652 -0.838431 0.499441 20.839702 1.538556 
0.221063 0.558474 0.431242 -0.215507 -12.108974 5.422323 -14.710894 
0.339783 -0.010964 0.184462 -0.661157 -8.265764 -13.788752 0.366364 
2.985742 0.547319 -0.775454 0.410492 19.649505 7.871197 -4.700106 
0.098040 -0.390364 -0.297482 0.375623 2.816965 2.076391 -19.347997 
0.364111 0.090200 -0.201329 0.484342 -18.858397 0.447158 -7.419511 
0.144886 -0.127960 0.134881 0.457748 20.429530 10.720893 5.868076 
0.360597 -0.036056 -0.125146 0.204831 -10.749389 16.471759 -11.712107 
0.254317 -0.847129 0.630978 -1.052384 -10.019490 -5.906316 -6.100641 
0.555913 -0.348003 -0.656907 0.079138 11.445834 2.758346 -5.504957 
0.416651 -1.364092 0.251325 0.169462 -21.966514 -5.593416 -6.325764 
0.151008 -0.283883 1.221472 1.275937 0.831887 8.861192 8.187313 
0.577563 -0.148848 0.124324 0.099453 4.815246 13.994601 -24.605449 
0.141965 1.136953 0.488925 1.309630 9.116293 0.636586 25.822330 
0.120024 0.322848 -0.258573 0.021471 -10.984580 1.796625 18.115475 
0.182852 0.132571 -0.645202 0.232544 22.724706 -12.871463 0.049117 
0.189724 0.228443 -0.155491 0.029839 4.377854 3.511504 -27.969816 
0.150160 0.362908 -0.345892 0.509721 -0.414099 -19.214926 22.640329 
1.373741 -2.023667 -0.655475 0.941534 -23.961239 1.182254 10.556098 
0.283453 0.043367 -0.225720 0.991328 5.835184 1.025676 13.952541 
0.170281 -0.677073 -0.523899 -0.100936 -6.603362 7.561137 16.482614 
1.505698 -0.835434 0.677698 -0.100330 -0.206996 0.062359 1.891852 
0.360047 -0.539481 0.471960 0.015943 -20.471952 3.173197 -12.252638 
0.588861 0.217551 -0.660158 -0.355429 -16.150953 -0.693094 3.115730 
0.381565 0.026536 -0.542586 -0.079233 -18.997643 -3.975830 8.811607 
0.166121 -0.052480 0.633195 0.130820 1.168720 -1.336655 -2.867430 
1.652096 0.138082 -0.491536 0.039493 3.939517 6.440309 0.947970 
0.215498 1.273105 -1.464463 0.648596 19.726855 -9.227844 2.316485 
0.524663 -0.192660 0.389687 0.184704 -5.097271 2.120423 14.129248 
0.489037 0.126929 0.137820 -0.231029 -16.199189 18.611373 -7.848322 
0.247044 0.130207 -0.037464 0.486528 -8.426569 -1.989958 11.313918 
0.408569 -0.826227 -0.329426 0.377845 5.976093 9.636106 2.973018 
0.429966 -0.121517 0.171061 0.193983 -7.059861 -0.392423 5.794703 
0.205030 0.976927 -0.326514 0.278939 13.102857 -13.458021 -1.939839 
0.104504 0.757306 -0.104553 -0.446096 -0.929938 4.290948 -8.485457 
1.704172 0.542608 -0.870423 -0.973529 -0.248734 0.143073 -12.478441 
0.208973 0.458050 1.039903 -0.811338 5.631851 1.542070 -6.672900 
4.631110 -0.929650 1.162972 0.224723 -9.490303 6.382816 16.152574 
0.135103 -0.086720 0.215057 -0.090473 -10.646819 -14.378195 -9.215073 
0.169606 0.213810 0.155547 0.752810 10.633891 18.962611 0.236027 
0.567692 -0.458550 0.443636 -0.547435 -21.878336 -9.786689 -11.161749 
0.214292 0.289476 -0.269298 0.496411 -4.569540 2.524985 27.904994 
0.450345 -0.153645 -0.464936 -0.654569 -4.027365 11.429169 3.509592 
0.407103 -0.022424 0.246296 -0.381960 -9.820680 4.570612 6.155754 
0.846636 0.148669 0.223513 -0.073457 2.156900 10.032855 -6.945959 
0.123163 0.761519 -0.338631 -1.466470 4.812582 -10.887705 -14.101169 
0.120648 0.235213 0.633292 -0.155580 -3.528677 5.712480 -18.614669 
0.387333 0.334198 0.666792 -0.266765 -7.263450 14.849052 10.685288 
1.095352 0.346552 0.378908 0.257178 -3.285886 8.411055 17.746896 
0.212730 -0.162863 0.232046 -0.161798 12.377378 -10.810974 -19.421463 
1.575080 -0.355583 0.765282 -0.165373 -4.686497 14.515708 21.196159 
0.102042 0.116454 0.425749 -0.214797 14.282194 9.386602 12.858386 
0.606266 -0.562976 -0.027971 0.306728 -7.405360 13.682405 1.144568 
0.250734 0.686738 -0.013836 0.008212 -4.084051 2.314235 -2.592656 
0.184902 -0.027443 -0.827958 -0.044131 -10.269997 10.727269 1.268277 
0.348863 -1.063686 0.215058 0.408422 -4.229707 19.564755 -5.038727 
0.127948 0.667314 -0.140801 0.420717 3.666086 -15.799982 12.915550 
0.127545 0.963564 -0.277281 1.092674 5.224625 10.366457 22.384548 
0.089378 0.366991 0.979069 0.576104 12.606894 1.702117 5.460205 
0.220514 -0.668072 0.398302 0.527104 14.416809 8.860743 8.211417 
0.195396 0.828805 0.018688 0.445429 2.467993 -13.831973 -7.668684 
4.245083 -0.348462 -0.601078 0.456024 -15.136084 -10.507410 0.668587 
0.095817 -0.048819 0.292909 0.423737 -10.618199 3.022841 -12.311012 
0.569763 0.301635 0.134261 -0.070418 -17.563428 12.100906 5.319080 
1.098164 0.251202 -0.412468 0.346728 -5.324919 7.274901 0.865509 
0.538990 -0.432643 0.191689 -0.374162 8.534831 11.471761 6.635016 
1.288776 -0.284253 0.203966 0.270794 -29.514685 1.730481 3.543130 
0.193816 -0.076562 -0.081920 0.621481 12.764855 12.647452 -3.478988 
0.378483 0.841687 0.739144 -0.204628 -8.276212 10.190936 3.986495 
0.130333 -0.891044 -0.000242 0.127539 -0.311381 19.956497 2.919079 
0.235233 -0.226140 0.619938 0.131083 7.126258 -9.511597 -17.057433 
0.474050 0.322731 0.026773 0.071779 2.933229 7.004063 -18.314169 
0.170650 0.046236 0.400031 -0.229088 10.016503 -13.393984 1.310008 
0.551803 -1.141051 -0.108684 -0.185382 -6.252609 -7.401386 5.779384 
0.131497 -0.358586 0.294008 0.355163 9.126167 13.022653 0.753729 
0.367063 -0.231371 0.668942 -0.214804 -21.258127 -5.939451 -9.599765 
0.237052 0.002339 -0.052470 -0.084640 8.400689 -11.211547 0.062567 
0.979329 -0.500625 -0.002362 0.643335 12.084269 -3.608589 7.359844 
0.113309 0.049044 -0.405004 0.081843 20.501868 12.845601 -1.536030 
0.202812 0.213970 0.299037 -1.176638 19.240402 5.727672 -3.051603 
0.145792 -0.170921 -0.015111 0.019100 5.062507 24.807425 -4.972443 
0.206856 0.363171 -1.343020 -0.749630 -7.233820 -25.591314 -13.773982 
0.534870 -0.472917 -0.383521 0.594319 -11.562712 14.557967 -10.889399 
0.091732 -0.457500 0.618346 0.344445 -13.422045 -11.820043 18.940886 
0.094435 0.134597 -0.500729 0.852932 -4.891611 7.998582 11.275847 
0.106821 0.174138 -0.263175 0.151397 2.841428 -1.263998 -12.472252 
0.443043 0.002090 -0.058399 -0.587756 14.839000 7.145455 -9.655379 
0.087582 0.281799 -0.521308 -0.405473 -11.748899 -2.480021 -10.160209 
0.159466 -0.785264 0.412946 -0.041870 -6.611920 -8.552377 9.789242 
0.829727 0.256487 -0.287178 0.143988 -1.138435 4.333725 -22.341648 
0.093662 -0.574376 0.853943 0.464490 -2.785847 0.744070 18.372936 
1.055006 -0.426732 0.497784 -0.836571 -11.925678 3.041980 -2.020184 
0.290595 0.519203 -0.596292 -0.028898 4.613233 4.586736 20.084162 
0.226020 -0.055012 -1.162596 2.044551 11.460225 -14.317246 24.510935 
0.258652 -0.352304 0.134682 0.078746 -10.951195 15.742433 -1.460121 
0.504080 0.311633 -0.073651 -0.509167 9.384668 -8.256119 7.522896 
0.133644 0.054364 0.400341 -1.213662 -10.717646 -11.945712 -23.432921 
0.102367 0.208218 0.358549 0.383552 -6.932019 -5.563004 9.344879 
0.102733 -0.090479 0.272600 -0.205372 21.269315 11.854968 8.079735 
0.406103 0.020373 0.286991 0.767932 1.783194 -7.565097 -9.103072 
0.170184 -0.642745 -0.989263 -0.483915 -2.677506 2.709565 -14.526867 
0.080956 0.641517 0.624586 -0.058661 7.730971 25.113329 -11.308989 
0.171393 -0.285792 0.883725 0.666381 -7.544541 15.432770 -0.926412 
0.103884 -0.246607 -0.166002 0.333793 -18.546701 1.563190 -7.124470 
0.287723 -0.070335 -0.212767 0.431389 9.653564 -1.732546 9.125361 
0.707610 -0.173349 -0.176501 0.761877 -4.322262 0.713554 20.280041 
0.161798 0.246123 0.438876 -0.273245 -3.943351 -9.808607 10.524167 
0.495528 -1.012688 1.721077 0.552806 -10.363125 12.481432 2.579586 
0.081729 0.848886 0.063661 -0.087500 6.986292 10.143795 17.481151 
0.498673 -0.295771 -0.334155 0.656504 13.460472 -5.185524 -3.127519 
0.189760 -0.651576 0.190428 -0.315606 -6.286770 4.207367 9.620900 
0.174582 1.133220 0.427007 0.059137 8.277812 2.171744 12.544807 
1.913197 0.201103 0.037557 0.127797 -1.029193 32.051567 1.275318 
0.156957 -0.148492 -0.024915 0.325740 -15.171027 21.813439 -10.359118 
0.318637 0.357769 0.835444 0.333518 8.327574 1.999790 -6.722506 
0.384886 -0.534522 -0.762681 0.437702 -10.285314 8.315119 -4.242520 
0.094543 -1.168958 0.040992 -1.049275 -1.466690 11.195150 -16.515634 
0.093801 0.621498 -0.179899 0.776618 7.827330 -11.005620 -9.232995 
0.259589 -0.079375 0.103773 -0.047770 14.220241 11.735345 10.080256 
0.331382 -0.189193 0.233865 0.112037 -0.364542 -0.382347 8.157478 
0.597086 -1.084736 -0.149581 -0.285287 -23.463676 16.408028 -13.452480 
0.244466 -0.001175 -0.204125 0.332675 -9.282771 -0.273980 9.174715 
0.409757 0.401532 -0.585501 0.482161 -9.685857 1.677685 21.660489 
0.703460 -0.960222 0.648638 0.151499 3.870614 6.835355 13.516893 
0.129081 0.251387 -0.019526 -0.064857 11.671582 6.174376 11.227237 
0.592856 0.294111 -0.638321 0.316536 14.796123 13.353712 10.013366 
0.598064 0.224291 0.306485 -0.031019 1.828973 7.346345 26.581637 
0.315326 0.137853 0.174692 0.196927 -17.677506 16.762767 19.283338 
0.830552 0.459529 -0.387354 0.143418 -6.696796 7.409523 -14.684965 
0.107798 -0.391279 0.339731 0.690493 -7.974565 14.485971 12.313434 
1.282747 -0.439935 -0.368627 0.209529 5.823535 -17.036003 -20.371166 
0.179704 0.284124 -0.364633 -0.474195 -6.662721 -8.379777 16.104675 
0.226650 0.469368 0.026171 0.183269 7.866731 -16.686074 10.434998 
0.213577 -0.288420 -0.116237 0.240754 7.037335 25.057827 7.495950 
0.360054 0.293965 0.301200 0.447220 -6.471520 -12.779464 -2.236018 
0.590465 -0.251380 -0.368689 -0.044071 17.488889 4.037221 3.860619 
0.323997 -0.106505 0.735450 -1.236566 -3.783998 24.509690 -8.744220 
0.080856 -0.148233 -1.112543 0.949946 12.033644 -3.917829 8.436272 
0.143920 0.144459 1.452296 -0.158703 2.333462 7.231077 2.338220 
0.128165 0.873755 -0.197980 0.001660 10.352023 9.573587 7.632787 
0.371144 -0.382682 0.885582 0.207967 3.381224 7.050288 -11.109226 
0.145470 -1.070967 0.613359 -0.414841 1.317134 4.054307 -15.554279 
0.092657 -0.106981 -0.485698 0.033380 -3.035700 19.056568 -8.514840 
0.587126 0.436242 -0.013220 -1.340402 20.002754 -13.167812 -10.105558 
0.235289 0.301199 -0.128844 0.307976 -4.565047 9.971734 8.687697 
0.569180 0.658575 -0.635276 0.287668 -8.429827 -8.456726 -7.498774 
0.093590 -0.186771 -0.054600 0.730214 -12.812556 3.625925 11.109362 
0.249342 -0.247386 -0.516961 -0.795849 2.287443 -5.755472 4.305994 
0.543855 0.740043 0.124950 -0.338984 23.556282 -8.984755 0.797682 
0.236315 0.773461 0.689671 -1.307445 17.608055 27.263841 -11.193029 
0.136931 -0.454279 0.884811 -0.187572 5.523896 -6.511801 -9.852604 
0.109437 0.208017 -0.412097 0.704716 -13.918443 -14.369675 -4.592327 
0.915698 -0.324455 0.519562 0.646225 16.593734 6.157029 -2.982941 
0.125769 -0.177574 0.237051 0.096113 -12.416913 -15.550643 -15.082254 
0.182221 0.737186 0.025569 0.128542 -1.802162 -13.884144 0.866251 
0.624303 -0.538853 -0.807529 -0.383106 -11.556927 3.069029 -1.257442 
0.123119 -0.023754 0.024058 0.108115 -25.673632 -0.254997 7.685673 
0.093277 -0.322351 0.444344 -0.161245 16.004591 1.904666 8.444512 
0.126609 -0.921769 -0.754618 0.200277 0.402450 -3.718368 15.093711 
0.342755 0.248482 -0.057546 0.102358 -4.545913 29.543573 7.899917 
0.887808 0.807955 -1.255907 0.102021 7.461325 -7.453139 2.897222 
0.718573 -0.958164 -0.171090 -0.408973 -1.268258 -6.703761 -10.640338 
0.789225 -0.153283 0.314711 0.570270 -5.412656 24.422362 -0.535492 
0.126531 0.565312 -0.148671 0.153918 7.219188 7.924889 12.555304 
0.685572 -0.194390 -0.329324 0.202051 9.207226 5.262231 2.846059 
0.342997 1.180882 -0.359367 -0.033020 -1.288094 -0.182982 -4.285880 
1.141486 0.715459 0.139602 0.817375 -0.397254 10.721639 0.199283 
0.181571 -0.305108 0.192801 -0.329178 -10.835483 3.611522 13.598870 
0.271737 -0.188311 0.240508 -0.195208 -9.489704 -4.582472 16.474644 
2.465276 0.337615 0.268042 0.337221 -13.128581 -0.995665 3.019363 
0.132761 -0.821752 -0.269312 -0.424274 7.647147 4.131046 -7.965156 
0.088416 0.894454 -0.124030 -0.258265 -4.085836 -2.029264 8.138628 
0.089291 -0.125245 0.250834 -0.198165 4.614118 11.903985 -9.864134 
0.263350 0.361563 0.375267 0.587608 2.984412 -4.490200 -8.894872 
0.423754 0.143530 -0.685179 0.171884 13.063493 3.958526 20.068891 
0.178200 -1.678510 -0.685474 -0.029511 -12.619991 -0.789503 -0.498109 
0.269147 0.144716 -1.070308 0.159043 -14.968502 -2.621405 -5.403625 
1.218772 -0.928632 0.470365 -0.279005 -4.499792 -11.586679 6.554842 
0.195759 0.510337 -0.492662 0.937675 1.436554 -16.840501 7.529097 
0.310560 -0.321864 0.180351 0.257288 10.309847 8.532084 19.329703 
0.132928 -0.088393 0.109078 0.056360 -0.458266 10.397843 -21.883755 
0.130606 -0.484479 0.829335 0.751656 1.747652 -0.485936 -2.861158 
0.180981 0.682846 1.009588 0.875245 11.134518 28.410743 24.450386 
8.040799 0.120639 0.129672 0.095412 4.751909 -13.227243 -1.546427 
0.080873 0.666748 0.248022 0.381993 -9.840969 10.978128 4.175853 
0.337684 -0.072830 0.727179 1.221488 6.587021 -2.223137 15.841036 
0.727006 -0.770837 0.820524 0.061829 -18.877225 5.203306 10.649867 
0.130102 -0.090588 0.713849 -0.115569 -5.278475 -4.184417 12.318066 
0.107057 -0.250135 -0.775441 -0.069624 -2.216056 -3.669173 21.890894 
1.352041 -0.196063 0.185461 0.504131 -8.220603 0.302128 -18.678740 
0.108970 -0.194673 -0.164551 0.740824 -18.715232 1.305987 -5.340233 
0.148499 1.240056 0.751874 -0.843769 9.132878 -0.193108 -8.557904 
0.263983 0.077399 -0.282621 0.127292 9.846569 -15.874143 -3.095659 
0.240265 -0.360259 -0.077201 -0.072684 -8.653717 25.531302 -0.393816 
0.217954 -0.076122 0.468500 0.303406 2.218156 0.049106 -6.848553 
0.444167 -0.454893 0.718836 0.642790 -4.256138 7.862166 -4.821330 
2.752555 0.175975 0.205676 -0.900666 -1.988500 11.776629 -15.953842 
0.266546 0.283402 0.193098 -0.626016 10.183965 -2.175750 -11.118384 
0.104305 -1.417667 0.328891 -0.019928 -3.171908 7.147878 8.003983 
0.144490 0.924691 0.475408 0.022605 7.645310 13.557570 -16.305193 
0.094619 0.206838 -0.107021 0.567558 4.582773 -6.635857 -3.455302 
0.144851 -0.523731 0.508371 0.722370 11.162838 1.874523 17.783740 
0.132290 0.122615 -0.441928 0.839271 -11.769272 8.547099 16.810519 
0.524424 -0.151932 -0.399274 -0.633423 4.242852 -5.206387 3.806522 
2.804970 0.873951 0.285572 -0.043493 22.516715 4.644651 5.724369 
0.151725 0.593695 0.003530 0.493528 -0.769094 6.849004 2.821217 
0.691052 -0.251340 0.666358 0.158131 -18.731755 -7.402314 -9.409591 
0.123125 -1.261079 -1.089558 -0.614875 -18.165782 -4.853928 -7.952869 
0.095501 -0.218743 -0.283736 0.099164 12.181137 8.747960 12.228236 
0.082472 -0.186587 -0.157238 0.554857 0.287670 -5.656625 15.450883 
0.088000 -0.488586 -0.056283 0.143780 7.469698 1.467531 22.765605 
0.106567 0.156118 -0.127083 0.193775 -19.097604 5.200854 3.077356 
0.083960 -0.027970 -0.274949 0.308859 -11.495472 -14.274033 22.552613 
0.444394 -0.186212 -0.128803 -0.305081 -3.185909 13.529966 14.826130 
2.968598 -0.684401 0.446120 0.508571 -8.473710 0.555292 -12.933097 
0.118415 -0.900680 0.207816 0.586010 -6.981700 -1.529523 -13.098106 
0.123056 -0.278780 -0.465436 0.087690 -4.519351 -3.198961 19.494619 
0.111967 -0.360128 -0.184604 0.002359 -15.709664 15.041296 -8.776276 
0.095336 -0.160273 0.262291 0.118021 -0.941841 -6.553327 -7.647225 
0.085245 -0.137694 0.182683 0.742947 -14.047058 -4.154598 -3.593763 
0.219520 -0.508772 -0.400632 0.663529 -20.351164 -4.101174 -2.452807 
0.269315 -0.637009 -1.458175 1.014628 -7.775782 -13.251723 12.024592 
0.084729 -0.301088 0.239472 -0.174598 3.178724 -14.535610 15.777028 
0.193296 0.047592 -0.972966 0.153519 5.816043 4.749703 15.996393 
3.042533 -0.357815 0.061259 -0.714554 -1.572785 -17.959988 -4.223664 
1.417540 1.042585 1.279361 -0.492240 11.314046 8.815394 2.099286 
0.348250 -0.522423 0.317873 -0.309665 0.246837 -2.507009 5.506095 
0.189420 -0.517613 -0.155021 0.052876 12.852237 3.991302 18.122756 
0.222484 -0.094070 -0.365933 0.493705 6.182119 -6.052803 0.826604 
0.319069 -0.528297 0.009734 -0.771706 6.899509 7.190298 -5.324153 
0.092091 -0.652786 -0.165570 0.576765 2.224265 -6.788365 9.505204 
0.486369 0.505022 0.041842 -0.186882 14.903057 -14.770677 -3.112125 
0.293964 -0.170054 -0.173867 0.293732 12.502778 19.214848 -5.158533 
0.150389 0.121565 -0.436360 -0.056063 -13.920420 14.336286 -5.038092 
0.098254 0.327174 0.086534 -0.400971 -14.771628 0.557020 3.047101 
0.129777 -0.221094 -0.200628 0.233236 3.328009 -3.207879 15.282968 
0.089968 0.657686 0.417514 0.697789 5.392497 11.617951 -10.496498 
0.178187 -0.252719 -0.000484 -0.065674 15.554971 -1.452868 -16.012888 
0.446547 -0.384378 -0.295311 0.106570 -15.684802 11.137330 -0.435279 
2.596189 -0.998386 -0.979958 -0.710450 -18.126010 -14.101476 0.163426 
0.941679 -0.201969 0.154977 -0.372464 0.834529 12.846838 -5.046175 
0.357477 -0.126441 0.803733 -0.215030 -8.477866 -4.233183 10.966084 
0.233141 0.208587 -0.186184 0.236113 -7.474463 11.176528 -12.314498 
0.109886 -0.854979 0.294359 -0.228762 -0.191712 -3.314439 -4.852753 
0.103385 -0.381983 0.461065 -0.232168 10.800906 11.879505 13.402673 
0.307529 -0.939246 -0.442376 -1.496471 -5.943512 -11.957553 -8.811985 
0.224214 -0.841670 0.658386 -1.039340 -0.153220 -5.116159 -22.284467 
0.688471 0.504630 -0.588321 0.172676 3.365630 3.041464 -8.545950 
0.121886 -0.021997 -0.181585 -0.518001 10.117489 -19.794440 5.470675 
2.036878 1.523586 -0.927047 0.001081 9.239095 -9.181481 -7.006859 
0.108772 -0.351897 0.233973 0.518864 -0.308282 21.442366 9.399261 
0.087214 -0.967094 -0.996243 -1.033360 -3.220712 -14.440090 -3.293130 
1.095005 0.025877 0.420602 0.490199 5.362085 0.861903 -8.490760 
0.462444 -0.180774 0.166006 0.551275 7.845849 -4.949463 -20.265062 
1.195467 -0.072583 -0.727373 0.104002 0.158219 8.398674 3.529291 
0.124532 -0.754584 -0.393935 0.283465 9.853371 -0.723583 -1.130942 
0.239527 0.403046 0.180341 -0.391536 -8.798760 -9.725336 10.977844 
0.513647 0.027840 0.548349 0.593972 7.155333 -6.325749 10.292093 
2.322161 -0.351648 -0.490333 -0.891392 10.837062 3.420783 -9.702762 
1.749945 -0.321146 0.790105 -0.127643 1.441029 -6.270510 4.179932 
6.427225 -0.410454 -0.527377 0.503991 -6.593143 11.888992 -0.590098 
0.187473 0.087247 -0.015759 -0.604782 -9.628489 -7.800321 5.096770 
0.080411 -1.093385 0.743003 0.582683 -5.072543 11.792538 11.757418 
0.084886 -0.193598 0.002715 0.102831 -22.672691 -11.223261 -12.837452 
0.210734 -0.398257 0.670645 0.258722 4.106406 -5.453287 -12.952687 
1.039799 0.335828 -0.134358 -0.068051 12.390192 8.177487 20.151834 
0.589256 -0.232474 -0.209828 0.290375 14.333097 -6.325826 11.671196 
0.193774 0.009372 1.022154 -0.336313 -15.389464 3.541884 9.584334 
0.204408 -0.601740 0.182963 -0.281975 11.734474 -3.785199 -10.169329 
0.203976 -0.338995 0.288325 0.745446 -24.726354 1.999422 -4.901138 
0.100379 -0.038061 -0.110970 -0.029520 -6.853121 -15.043571 5.178180 
0.224716 0.406306 -0.534443 0.771833 -2.308723 5.423790 18.809115 
0.736908 0.322712 0.400084 0.278113 -3.971620 30.237791 -0.688511 
0.183623 0.653421 0.376994 -0.966465 8.557886 1.728157 -1.913812 
5.763363 -0.595156 -0.785221 -0.228627 -2.357447 -7.755804 -0.289434 
0.155563 -0.341895 -0.313432 -0.192078 11.696214 10.784096 11.363858 
0.205052 0.040095 0.767806 -0.105579 -19.294201 7.222790 13.234533 
0.256881 -0.235482 -0.348996 -0.670259 -7.041217 -15.558041 12.209604 
0.383592 0.056591 -0.215602 0.858084 2.410489 -18.004041 -8.705854 
0.115189 -0.459869 0.785584 -0.775038 -13.848510 15.775699 9.981613 
0.144188 0.311320 -0.258750 0.376575 -19.217002 2.553322 6.324636 
0.208231 -0.298373 0.382773 0.137955 -13.936575 5.309663 26.523813 
0.523071 -0.877363 0.141748 -0.520302 -0.321394 -8.455863 7.706801 
0.460238 -0.430607 -0.069903 1.374580 12.244852 0.229548 9.977253 
0.500482 0.425284 0.290092 -0.692721 -4.471823 12.993943 0.302966 
0.190881 -0.068508 0.562688 1.012313 19.525596 1.550638 15.662174 
0.095002 -0.040931 0.511109 -0.173805 -8.704494 -6.974512 -8.528831 
0.282526 0.747543 0.001617 -0.267539 -2.266380 -3.140148 12.796062 
7.200905 -0.029300 0.036166 0.908157 -16.532402 6.504665 11.505129 
0.639887 -0.485870 0.553685 0.597060 -19.616859 -0.354188 -11.768335 
0.088337 0.069480 -0.097200 0.176825 2.993486 -12.280621 1.015580 
3.427020 0.451712 -0.355349 0.553800 9.180482 -0.774544 10.554619 
0.286232 -0.032397 -0.122264 -0.219490 -11.288848 -19.460972 8.754332 
0.111446 -0.064061 0.290877 0.705556 -11.051380 12.983127 12.384465 
0.194955 0.370130 0.044138 -0.075468 -8.149242 12.855641 7.684380 
0.190041 -0.434253 0.029717 0.389650 -18.571046 3.509256 -11.456674 
0.170109 -0.395786 0.634590 0.353599 -31.594192 -0.704909 2.023251 
0.162386 0.118274 -0.244811 0.510063 -20.042186 10.641368 1.033088 
1.166044 0.745023 -0.412054 0.944644 9.462086 12.272995 20.780626 
0.584740 1.347841 0.241349 0.376564 3.998189 -2.130314 2.371160 
0.396613 0.106639 -1.302067 -0.450585 -9.239143 -4.127409 -10.366552 
2.418064 -0.108909 0.184910 0.127587 -15.944804 9.745527 -9.478520 
1.010429 -0.656905 0.382691 0.200786 6.644501 -7.805808 -0.097109 
2.532142 -1.373316 0.261953 -0.001369 -3.149528 -6.835880 -0.757864 
0.107929 0.352481 1.013747 0.670325 4.998444 -3.059015 3.591241 
0.167175 -0.666407 -0.020463 -0.849507 -0.826882 -0.955117 -2.317427 
0.254952 1.090832 -0.893299 -0.250197 10.694944 1.518744 -10.456911 
0.429694 -0.091565 -0.187055 0.601335 18.882128 12.288738 12.259333 
0.496826 -0.418973 -0.223871 -0.494920 8.416770 -2.930053 12.300983 
0.121547 0.580133 -0.720735 0.379690 2.584340 -29.576109 -5.187566 
0.215928 -0.109011 -0.001748 0.396606 -4.568999 29.364888 -2.890968 
0.270339 -0.061630 0.942220 0.584921 -7.726177 -6.039624 -2.987262 
0.080083 -0.665098 0.265515 0.498735 8.316630 0.346130 14.528771 
0.272801 0.645297 -0.453311 0.002976 5.809340 2.343308 4.999777 
0.248941 -0.690080 -0.385734 0.706744 12.033953 -6.713691 2.719716 
0.198171 0.050850 -0.355180 0.225089 -2.025086 -15.171172 -9.047395 
0.125940 0.053426 -0.046148 0.252648 -5.016735 26.763965 4.077570 
0.397489 0.129753 -0.332827 0.454174 7.420635 -4.358302 4.669634 
0.109822 0.698802 0.245404 0.251069 24.738977 1.252330 -8.785352 
1.950578 -0.404788 0.605914 -0.333761 -4.856702 -11.504576 6.455556 
0.085723 -0.146283 -0.017106 -0.110857 -4.400571 13.221452 18.628211 
0.261677 0.087385 0.181634 -0.185399 13.393477 12.899353 8.955037 
0.410668 -0.538659 1.064068 0.425567 6.803978 1.912573 12.171659 
0.278253 0.046523 -0.448335 0.129222 12.446596 -1.847779 17.056926 
0.362834 -0.187079 -0.293542 0.257128 -16.081290 18.090194 6.219396 
0.191416 1.828852 -0.154246 -0.043793 30.586958 12.089512 -4.540034 
0.204516 0.492287 -0.514465 -0.893876 10.406337 -1.588143 -1.750380 
0.119244 0.204286 1.091483 0.230881 -2.427426 -4.280481 9.876472 
0.394798 -0.370041 0.168612 -0.574788 5.371154 -8.121546 1.725891 
0.108074 0.039638 0.022873 -0.040510 4.271955 16.103596 -20.939489 
1.687457 0.868385 1.767087 -0.131384 14.921748 17.658196 6.598297 
0.142585 -0.312255 -0.694754 -0.171226 3.030374 7.405421 -6.992943 
0.999592 0.095603 0.129358 -0.174472 -14.213000 17.155670 -17.840459 
0.835224 1.061358 -0.563256 -0.119634 11.748936 12.924676 -0.184881 
0.133760 -0.638491 -0.675828 -0.245469 -16.264093 -5.694686 8.700745 
2.914902 0.300935 -0.094474 0.111566 21.152653 -15.052829 2.872423 
0.289537 -0.130014 -0.330333 0.322082 -16.059684 -15.231354 -3.326163 
0.111589 -0.156692 0.178372 0.341418 9.143684 1.408017 4.625847 
0.666435 -0.112302 0.186906 -0.028378 8.325390 23.792419 6.437643 
0.118124 -0.361065 -0.414991 0.149439 6.322483 -3.265304 10.493091 
0.082017 0.094784 -0.154577 0.469758 -8.468054 15.448175 2.704004 
0.384643 -0.676150 -0.324371 0.104331 7.050907 -6.114172 -8.284222 
0.170390 -0.034980 0.364843 0.452949 -16.570654 8.348909 17.039088 
0.164634 -0.283247 0.410753 -0.196656 -7.568554 -9.287086 12.742880 
0.710018 -0.712121 0.817317 0.360773 -5.329165 13.693002 9.144134 
0.490174 0.138034 -0.223994 0.362262 -7.495800 -2.070622 -19.162741 
0.209872 -0.129795 -0.091555 0.675854 -4.750078 20.633297 3.319005 
0.191407 -1.395681 -0.855114 -0.683895 -6.708760 -2.279745 -15.168153 
0.086220 0.491555 0.040977 -0.130156 20.824432 -1.223470 11.655553 
0.253249 0.336247 -0.455052 0.004401 -2.074361 18.415855 5.434657 
0.443660 0.298719 0.136808 -0.135529 5.406603 13.443455 0.439131 
1.478874 0.625479 0.642258 0.315071 -3.869958 12.140390 3.053018 
0.997008 0.516332 0.409666 0.202817 -13.469187 -10.875540 -0.614124 
0.119733 -0.705809 0.755055 -0.877699 1.635365 -2.413390 -10.051623 
0.155712 -0.956339 -0.500411 0.632339 -2.261209 5.380550 2.577102 
0.248140 0.588567 -0.150595 -0.095745 22.802145 6.172509 2.289986 
0.211986 -0.417822 -0.527795 1.701732 -8.513009 -12.012326 11.464749 
3.164370 0.218878 0.034578 -0.586605 6.132720 14.374952 10.626000 
7.811175 -0.246915 0.821957 -0.255159 6.025032 -6.943353 -2.884966 
0.119711 -0.576121 0.069376 0.129186 4.046208 -2.558500 20.710201 
0.081905 -0.262887 1.478640 0.419376 -0.160018 9.622426 2.165346 
0.128974 -0.038009 0.533866 0.244259 -13.672756 -14.079457 11.470259 
0.098410 -0.044391 -0.029269 0.084499 -17.952542 1.909908 -7.937680 
0.208666 -0.728616 -0.248527 0.071343 -3.812628 5.865505 22.834512 
0.338702 -0.435551 -0.424961 -0.077096 5.814155 -20.324210 15.673103 
0.270406 -0.700196 -0.427356 -0.369478 5.978180 -4.298374 -13.208777 
0.261780 -0.420006 0.426271 -0.597631 7.742072 -2.653901 6.315336 
0.198271 -0.012432 -0.439560 0.348193 10.332816 11.626315 -5.009671 
0.547947 -0.449067 -0.276485 -0.065027 11.352858 4.455335 11.551821 
0.084496 -0.192933 1.237129 0.013086 -6.343991 0.177218 11.728880 
0.547853 0.096916 0.080886 0.131168 14.078235 -25.452419 4.107087 
0.124445 0.369985 -0.455746 0.122229 -2.931057 13.316727 11.630237 
0.573077 -0.286717 0.241169 -0.157502 4.011908 7.023382 -13.996453 
0.415176 -0.066659 -0.009310 -0.334550 9.191766 -18.209045 -6.665135 
0.878922 0.242863 0.659596 -0.543226 -6.437381 -11.081877 -12.028931 
0.094683 -0.335039 0.984715 -1.129400 -2.103127 -1.480521 -8.854805 
3.025229 -0.981929 1.070284 0.149422 2.170449 14.681764 -7.939954 
0.102725 -0.110910 0.355199 -0.459003 -16.385426 -15.856345 -1.829801 
1.385436 -1.385145 -0.203424 0.125585 -18.267572 12.133933 5.908358 
0.188343 0.394578 -0.197993 -0.172122 19.890209 -10.240809 11.463000 
0.308804 -0.314502 0.524954 0.649303 7.607456 15.729241 0.013234 
0.266901 0.343527 0.941483 0.185205 22.018614 5.755902 4.314940 
0.352073 0.537242 -0.124040 -1.043641 -7.789217 -3.898898 -2.507077 
0.588656 0.193404 -0.570275 -0.957290 14.035411 -6.064883 -10.742823 
0.105091 -0.361408 -0.247115 0.283015 -4.949402 10.028842 -1.630649 
0.147682 0.425085 0.173444 -0.828500 14.701005 -7.788316 3.481995 
0.179358 0.420067 -0.222536 -0.122489 -14.697813 11.608386 -6.048809 
0.522896 0.365163 -0.038984 0.122226 5.616608 -16.604692 0.648084 
0.141510 0.384484 -0.224651 -0.341357 13.721834 -9.684852 -5.114171 
0.105633 -0.263389 0.211069 -0.414154 -3.748110 -3.711334 0.776254 
1.115389 0.131653 -0.106590 -0.450320 6.632224 -9.055010 6.149263 
0.100224 1.519184 -0.800412 0.285347 12.628743 -11.968317 -7.791431 
3.043771 0.910601 -0.218510 -1.481439 11.652022 -3.132694 -9.339522 
1.677124 0.107013 -0.792622 0.709295 5.922385 -3.524507 -5.031079 
0.154714 -1.549263 -0.414293 -0.141866 -6.290882 -6.443807 -5.771550 
0.509531 0.294923 -0.005917 0.332833 12.082748 8.677889 3.240092 
0.118595 0.768519 -0.493733 0.650795 1.914190 4.444601 1.595631 
0.192470 0.541185 -0.039751 0.192507 17.763033 -4.945544 8.276645 
0.156661 -0.061461 -0.882162 0.892030 2.474917 4.610069 15.812001 
0.269171 0.402027 0.123385 0.234586 -1.021412 4.189122 -14.551282 
0.275015 0.258070 0.072309 0.387285 -22.445322 11.299428 3.080227 
0.133107 0.041847 0.042559 -0.299695 -17.469406 7.085164 14.576135 
0.116244 0.497262 -0.415716 0.255181 2.884991 -15.240878 1.985344 
0.262815 -0.071233 -0.181969 0.673320 -8.455177 -19.282284 3.472615 
0.152197 0.287991 0.109107 -0.592189 -19.417090 7.189919 -17.269355 
0.591538 0.595398 -0.701739 -0.342958 0.917248 -11.815567 -22.398534 
0.273814 -0.655268 -0.541899 -0.085168 5.016992 4.057456 2.443782 
1.296377 0.075110 0.159835 0.233033 -8.184053 28.553482 5.591027 
0.625099 -0.088497 -0.373327 -0.239330 3.753122 -6.243323 22.211292 
0.953431 -0.984975 -0.378014 0.524543 -13.832765 -5.687147 18.983136 
1.362864 -0.661487 0.265326 0.244693 9.011407 8.170063 -5.210686 
0.388981 0.132045 0.259790 0.030543 -19.495155 5.181627 17.390239 
0.178332 0.775484 -0.555609 -0.338812 26.946761 2.148687 4.706746 
0.372184 -0.661093 -0.192615 0.731162 -3.894728 -10.546150 -0.080962 
1.884918 -0.622389 0.154415 -0.252577 -23.053530 -1.095475 2.637650 
0.093160 -0.992295 -0.393054 -0.629251 -2.478121 -6.070892 -2.378061 
0.093696 0.295594 -0.597691 0.109163 14.668096 0.267462 4.759765 
0.080850 1.405097 -0.591386 0.742022 8.116137 -17.202204 12.497403 
0.277717 -0.143095 -1.710035 0.540038 0.928766 -10.012910 15.760621 
0.330199 -0.412832 0.217392 0.513196 -5.942996 15.157806 5.141373 
1.020862 -0.004873 0.620207 0.197461 18.616113 1.099897 3.038928 
0.554068 -0.185994 0.140295 0.368753 -15.319871 4.865454 9.946761 
0.410517 0.880356 -0.119713 0.208450 -3.901704 -2.261290 14.300781 
2.241100 -0.448888 -0.105962 0.544205 -26.084263 9.905793 0.360193 
0.769947 -0.493323 -0.346385 0.551151 -5.992629 -4.206892 -20.105082 
0.085466 0.470921 0.236014 0.185394 -8.644984 -17.642513 -12.774040 
0.645582 -0.073521 0.280992 0.497851 -9.599989 6.694798 -15.598866 
0.291207 0.688940 0.114167 -0.243264 23.340977 0.060111 -9.373714 
0.780826 1.059479 0.773137 0.095872 -1.146880 19.763390 5.787031 
0.178041 -0.254744 0.123997 0.172588 -2.592902 9.195206 18.443444 
0.111657 0.716269 -0.098282 0.164788 1.590055 11.372383 11.299316 
0.141933 -0.426958 0.330388 0.552315 4.310358 -12.956993 -13.324079 
0.503658 0.245279 0.172986 -0.167989 -10.735663 -12.795773 18.635550 
0.266518 0.797385 -0.439156 -0.588833 -7.472058 -10.034377 -11.116523 
0.136578 0.398617 -0.023330 0.324250 22.957927 8.598530 5.856660 
0.126498 -0.383578 0.058808 -0.148031 -15.420316 -15.148549 -12.571834 
0.081261 1.001915 0.890990 0.316913 18.546794 -5.311150 -2.097158 
0.167252 -0.085766 0.049959 0.109138 -1.367232 -3.174621 3.876544 
0.607244 -0.558500 1.667931 0.531158 -1.003981 12.863495 1.329250 
0.266741 -0.257393 0.259870 -0.116838 -19.299048 6.636135 13.344005 
0.157175 0.365464 -0.363385 0.901338 -18.737143 -9.213205 17.684858 
0.366807 -0.123905 -0.437769 0.001046 11.114552 -8.461706 -15.922005 
1.030213 -0.070887 0.037130 0.759690 5.358144 0.979115 -2.318230 
0.140945 1.352978 0.942349 -0.109890 13.226740 2.312752 9.728460 
0.288794 -0.004238 -0.216276 -0.039389 -13.633404 4.772686 -23.675464 
0.182724 -0.487345 1.030765 0.213927 -10.372308 -2.422525 -10.464467 
0.115248 -0.949317 0.896980 0.026880 -12.951631 6.928685 5.761078 
1.012019 -0.363143 -0.426223 0.439945 5.306290 7.178615 -7.929446 
0.292049 -1.072774 0.138833 0.051319 -11.979493 -17.032102 8.342046 
3.273691 -0.119728 0.041878 0.411703 4.447232 1.492173 11.926176 
0.507219 -0.235533 0.908908 0.204168 -16.612097 1.923967 20.380345 
0.325723 -0.930130 0.153573 0.714879 -6.779191 8.398215 -9.451725 
0.153073 0.461845 1.116361 -1.186950 12.447027 2.504566 -30.339884 
0.229855 0.052442 0.245973 0.431398 17.520711 6.425909 4.950961 
0.196589 -0.163673 -0.241148 -0.376963 6.279688 4.824269 -9.431800 
0.095001 0.221230 0.090664 -0.336383 -8.279820 4.654609 -20.704153 
0.458870 -1.049123 -0.766872 -0.141737 -0.635107 2.566668 -0.991138 
0.085890 -0.618516 1.440949 0.049319 1.344711 15.002599 18.884830 
0.170408 0.324560 -0.070600 -0.172268 -18.089717 12.375227 -4.355300 
0.130084 0.242754 -0.502986 0.205615 -2.544755 0.875532 -3.632082 
1.384359 -0.471415 -0.299687 0.044936 1.659041 6.602053 11.442167 
0.642711 -0.154360 -0.113827 -0.291390 -8.634264 13.032160 -5.681444 
0.176254 -0.821178 -0.314684 -0.172973 4.582944 3.879986 11.800819 
0.156623 -0.298801 -0.658949 0.156822 -21.915651 -3.996031 4.699380 
0.874755 0.027500 -0.021866 -0.185953 -17.382802 -8.602898 0.877774 
0.628183 -0.181627 0.418623 0.400386 -0.816606 -9.020099 17.766877 
0.127719 0.711710 -0.080069 -0.111522 10.719888 -7.042384 22.314985 
0.209256 0.141277 -0.220128 0.539692 -14.976335 2.002140 4.055187 
0.393003 0.573020 0.211770 0.054272 9.834897 5.888807 -5.316088 
0.395444 -1.125589 -1.131044 -0.514432 -5.361289 -9.861793 4.321285 
0.150757 -0.220802 -0.443015 0.516979 17.312217 -13.025687 17.861927 
0.613619 0.465008 0.226922 -0.718832 15.158134 -5.481904 -19.142577 
0.371705 0.557229 -0.365617 0.265160 9.028194 17.912915 9.166372 
0.128172 0.069267 0.146388 -0.202639 -2.169040 24.498676 14.167947 
1.227367 -0.918739 0.600682 0.283759 -12.842215 21.330649 9.525877 
1.287495 0.012797 -0.078063 -0.027834 -5.221418 -0.676534 -0.220887 
0.285623 -0.603805 0.018117 0.078883 -12.890813 -18.455479 -12.786411 
0.186793 0.088683 0.659077 -0.366153 -4.187800 17.937206 -18.272335 
0.151928 0.812339 0.163989 0.033929 -8.059533 -6.478293 -7.241913 
0.107729 0.179131 -1.058240 0.033323 3.572201 2.710730 -8.145016 
0.789450 0.046077 0.951192 0.552316 -0.645893 -6.029480 -1.385863 
0.417882 0.795992 0.272305 -0.820949 11.596819 -1.223341 8.929884 
0.415458 0.057538 -1.855072 -0.637485 -5.500579 -20.066313 2.274822 
0.510419 0.479993 -0.220198 0.189866 -4.597890 19.551048 11.071880 
0.130425 0.429127 -0.242904 0.604657 -10.232115 -4.791871 7.329521 
0.312402 -0.604935 0.680109 -0.256842 11.028993 -0.743415 1.348127 
0.489643 0.207426 0.127019 -1.693053 -3.298769 6.401043 -16.746630 
0.449688 0.292332 -0.227064 0.964668 15.718008 15.644705 6.483623 
4.640213 -1.042454 -1.978944 -2.161321 -8.081197 -24.437188 -34.398165 
0.102329 -0.437808 -0.510287 0.488990 18.606001 -2.031328 0.239693 
0.088752 -0.344143 -0.298312 0.401704 -30.381518 11.594851 4.188260 
0.124181 0.244457 -0.713954 0.595649 9.426083 -14.230396 -0.358851 
0.142677 0.577252 -0.291655 -0.139296 -15.229294 -4.620696 -11.584031 
0.646196 -0.773512 0.850664 -0.041957 -1.802533 3.452347 -19.909465 
0.112694 -0.259086 0.240997 0.529237 -14.600881 -19.264308 -1.180580 
0.176104 0.359427 -0.164954 0.948165 -10.138006 -8.359805 -0.272572 
0.106965 -0.236601 -0.208614 -0.094005 -14.035956 4.901315 19.604888 
0.330430 -0.658003 0.845022 0.127058 -7.644603 1.562516 -0.438205 
1.059937 0.475193 -0.113007 -0.122355 10.646283 -4.044210 -14.135685 
0.446854 0.097195 0.709557 -0.276093 2.950176 0.981757 -11.278340 
0.249843 0.027947 0.249227 0.382246 -12.467430 21.959541 13.693620 
0.126972 -0.236937 -0.267745 -0.573449 -5.083276 3.598879 -1.500777 
0.148713 -0.306317 0.103674 0.413672 10.842149 -8.313192 14.858066 
0.153845 0.787075 0.604404 -0.100907 8.700784 7.887368 -5.042018 
1.523067 -0.119553 0.327141 0.123667 -1.598041 -18.382982 7.456701 
1.665441 0.259724 -0.843729 -0.053681 3.130010 4.471438 -16.064200 
0.167356 0.427873 0.101068 0.066803 6.144050 20.390047 13.267032 
1.433413 1.768840 -0.727574 -0.147148 14.071119 -16.835376 1.371803 
0.264805 -0.339513 -1.093946 -0.004615 -13.567424 -9.630693 4.848321 
0.110793 -0.148240 0.014017 0.243775 -5.164323 15.102660 -21.985408 
0.180061 -0.314172 0.530584 -0.203465 -3.267260 -0.046811 5.790192 
0.195410 -0.140749 0.147745 -1.526161 -0.876590 1.939651 -6.237281 
0.091610 1.214887 0.491487 -0.108414 8.516014 4.087008 15.514792 
0.100160 -0.064335 -0.512542 -0.258136 -13.704535 5.204273 6.121177 
0.329612 -0.542574 -0.090613 0.669977 -5.536116 3.723243 2.486893 
0.174903 -0.007091 -1.264545 0.106999 -11.355426 -9.048614 -7.817592 
0.088879 -0.299757 0.022933 0.001197 -12.240596 7.468594 1.303255 
1.382242 -0.470290 -0.099457 -1.048776 9.366010 -11.810769 -5.900339 
0.137418 0.299699 0.364680 0.399105 -18.069344 -16.862418 -2.145723 
0.550522 -0.906236 -0.410611 -0.148424 0.821831 -16.859778 10.570548 
0.977405 -0.182406 0.913216 -0.370283 -14.883661 4.342574 -4.250541 
1.078071 -0.347038 0.606233 0.427494 2.876240 12.802234 -11.627321 
0.158053 0.009612 -0.810571 -0.076757 15.130841 -24.178413 0.057194 
0.173348 -0.078031 -0.081459 -0.038937 11.813661 -1.035037 -12.305204 
0.082934 0.349409 -0.372917 0.926074 14.619860 7.248366 -4.451108 
0.136636 -0.428140 -0.061911 0.361482 -15.923447 -4.232187 9.719422 
0.143734 0.690902 0.401440 -0.068258 -9.565926 -0.276944 -10.178334 
0.441192 -0.590555 0.096582 -0.065011 1.279052 10.934774 -10.445505 
0.419927 -0.344874 -0.129707 0.434932 13.021424 -16.700451 -7.537906 
0.233936 0.143482 0.475659 0.670551 -21.423097 -3.669640 5.838895 
0.472655 -0.593897 -0.269543 -0.301792 0.597776 -9.864046 -8.876228 
0.114863 -0.466346 0.250459 -0.308654 4.885363 2.428976 -21.789784 
0.090134 0.225886 0.283634 0.091068 0.396767 16.602272 -4.132682 
0.541043 0.826165 -0.103688 -0.362101 22.736446 -3.889828 11.555414 
0.282572 -0.447602 -0.255936 0.110516 -24.304390 -1.209200 12.018652 
0.115642 0.931796 -0.663859 0.060021 6.946914 -10.595164 0.030719 
0.081355 -0.602262 0.024109 -0.965739 -23.089699 8.703991 -6.617830 
0.367829 -0.334921 -0.873111 0.297680 -4.558064 4.680491 5.205525 
0.139629 -0.420016 -0.485134 -0.116877 4.799812 -17.604062 1.337331 
1.352784 -0.431495 -0.016307 0.175596 7.040209 -4.632054 -10.742284 
0.125255 -0.214069 0.260791 -0.315395 13.127663 -13.832674 -12.157153 
0.401327 -0.106562 -0.531220 1.445086 -1.152544 -4.383057 17.249889 
0.285734 -1.140057 -0.798233 -0.411370 -0.133861 -16.941730 2.439630 
0.395651 0.601869 -0.454576 -0.228138 17.728212 -4.369598 0.101936 
0.293098 0.436575 -0.422327 0.528520 -15.483325 -0.044954 7.472363 
0.087827 -0.598488 0.646206 0.247021 11.989266 7.401458 8.363780 
0.145431 -0.827992 -0.393523 0.275273 -5.119212 9.263168 -19.590275 
0.180115 -0.766747 0.691686 -0.365391 -18.730875 7.314311 5.256374 
0.096200 -0.072358 -0.397976 0.007089 2.965576 -4.934125 -0.508187 
0.666776 -0.593308 -0.394990 0.769582 -17.558997 -8.065237 16.032691 
0.204329 0.066324 0.341620 0.133132 -4.013852 -8.914862 11.352243 
0.115895 -0.029004 -0.205673 0.493265 4.560855 17.601983 -11.896708 
0.093908 -0.197162 -0.466777 -0.420138 6.605034 -4.641362 12.432438 
1.218377 -0.800453 -0.306414 0.516357 -3.328811 16.689684 5.664689 
1.577937 0.268041 0.344200 0.420523 -17.645035 -12.957737 0.711999 
0.624013 0.162914 -0.272639 0.413886 -9.326542 -9.929112 -17.537117 
0.094581 0.358482 0.831283 0.382700 12.169137 -9.808954 1.892488 
0.082735 -0.155613 0.044132 -0.671245 4.337529 13.339714 6.732280 
0.117562 0.475629 -0.890949 -0.077618 -6.015341 -0.616481 -15.762704 
0.104059 0.093336 -0.598115 0.138405 1.801679 0.248843 -16.464190 
1.175398 0.104967 0.111252 0.891454 -12.076310 -13.320197 17.561947 
0.164169 0.848820 1.705771 -0.284518 9.318225 8.623569 -12.213060 
0.291452 -0.485317 0.267767 -0.041418 -5.276962 -11.175453 -14.490749 
0.206673 -0.331853 -0.367454 0.138488 -13.124021 -17.719185 -2.798204 
1.289324 0.340362 0.871105 0.942444 17.173501 23.051837 -1.020544 
0.086315 -0.327079 -0.085008 -0.513921 -16.826503 3.154338 -3.539856 
0.235153 -0.021188 0.090108 0.431120 2.281197 -21.071208 -2.555155 
0.115719 0.553875 -0.552400 -1.320827 15.943147 -14.469619 -15.151175 
0.363410 -0.069360 -0.384226 -0.288959 10.856107 5.326870 13.966030 
1.751386 1.070913 0.153289 -0.378439 9.880068 -5.959779 8.102156 
0.207984 -0.345260 -0.167260 0.268983 6.885585 -2.907855 -17.573271 
0.102911 0.323510 -1.049039 -0.373167 11.004595 -7.890134 9.972327 
0.178659 -0.377249 0.990066 0.258825 9.181189 -0.141935 6.034564 
1.266026 -0.161125 0.702897 -0.472691 10.347082 -7.456084 -1.998246 
0.304509 0.496462 0.149100 0.395120 -7.748033 -17.008689 -5.144372 
0.111776 -0.121528 0.160610 0.229607 -18.423063 13.283780 -6.151297 
0.518423 -0.973845 0.123842 0.843989 -13.476410 -13.954397 23.039269 
0.412206 0.292940 -0.414648 0.383702 -19.893407 4.302400 14.582481 
0.151101 -0.087796 0.029315 -0.539855 9.387062 12.990436 7.650143 
0.220913 -0.103956 0.859467 -0.018327 9.114454 0.505465 4.772010 
1.412488 0.050412 -0.152024 -0.098971 -2.474289 -12.956121 -10.712483 
13.278585 -0.348149 0.584645 0.327683 -15.333804 -5.840403 5.403556 
1.463321 -0.615424 -0.093300 -0.072741 -11.549533 21.108508 8.119699 
0.120159 0.386753 -0.532009 0.607740 8.322295 14.936106 7.974481 
0.365350 -0.182118 0.537883 0.205664 9.073600 -11.077620 11.853103 
0.105973 -0.415914 -0.327410 -0.393334 -2.176668 2.887047 17.690434 
0.295892 -0.672198 -0.375407 0.004760 7.941863 8.517162 11.089683 
0.206326 -0.470457 0.080746 -0.099968 2.973390 6.589826 5.844027 
0.093712 -1.311559 0.426440 -0.124053 -1.342377 6.209478 0.006580 
0.095148 0.277577 -0.175525 0.451174 2.172239 17.218573 5.066347 
0.206538 -0.068244 -0.937172 0.234404 -19.808904 -13.267140 6.126189 
0.086877 0.342175 0.424149 0.590863 -5.854389 -8.447005 -8.980579 
0.089099 -0.078126 -0.298745 0.931242 -5.928592 -15.757449 2.834685 
0.510706 -0.730046 0.236854 -0.110321 -11.789858 12.562600 15.704686 
0.209703 1.364063 -0.896679 -0.584913 16.698463 -3.192297 -4.445776 
0.558090 -0.277037 0.920286 -0.095112 -4.659569 -8.480688 10.035059 
0.094925 -0.007638 -0.313045 0.014806 5.971294 1.710038 -18.054047 
0.169485 0.001030 0.124851 -0.800505 2.457687 -12.299687 -2.807175 
1.190304 -1.142990 -0.818509 0.317757 -8.164646 -15.137253 4.385623 
0.229716 -0.257928 -0.466044 -0.067485 -9.932127 -16.570168 -4.443576 
0.590880 -0.317725 -0.241522 0.337218 -24.446253 7.398921 -11.031722 
0.480535 0.314212 0.057540 -0.035675 -6.244413 7.850656 0.263525 
0.234429 0.008307 0.082430 -0.336338 -22.426584 -8.065888 -3.522909 
0.582021 -0.876278 0.382538 -0.203844 -12.523705 9.191478 -20.668793 
0.189197 0.489831 -0.622921 -0.618289 -0.222654 -0.024741 1.545520 
0.259575 -0.576926 0.275743 -0.762323 13.763313 1.518589 -10.492618 
0.447006 -0.318980 0.131573 0.157693 -19.097668 20.546087 -12.495438 
0.147887 -0.422029 0.467934 0.224546 12.774547 -3.565344 4.344134 
0.231699 -0.222253 0.363097 -0.046886 3.776678 -16.623828 0.310807 
0.453708 0.163359 -0.367392 0.034771 8.523562 -7.615255 11.062213 
0.920339 -0.765820 0.856141 -0.847078 4.217457 10.723802 -10.405039 
0.955703 -0.154173 0.236250 -0.158656 -4.660386 13.888598 16.823557 
0.084577 0.126326 0.428318 -0.408901 -4.066149 -8.000699 -11.857598 
0.160624 -0.261861 0.292771 0.184803 3.439053 17.746995 12.364834 
1.172148 1.399428 0.172007 -1.053075 26.102776 -3.485668 -39.341866 
0.760534 -0.157564 1.702092 -0.069130 8.543352 19.628259 15.799611 
0.114553 -0.548349 -0.553678 0.150752 14.478758 -12.207436 8.249394 
0.117572 0.805350 -0.687639 0.013660 12.421796 -25.517998 -5.363156 
0.762149 1.168127 1.956386 -1.629844 23.209051 32.428356 -9.557546 
0.232792 0.419423 -0.738304 -0.208143 -1.420063 12.112745 -4.462790 
0.215009 -0.010817 0.335232 -0.076699 -2.156614 -1.816694 0.522765 
2.204810 -0.207210 0.096857 0.098564 -0.502996 23.057892 1.884504 
0.129032 -0.784129 -0.626121 2.183185 2.708516 -18.064566 37.000030 
0.374042 0.879206 0.422545 -0.316126 -4.465762 -3.212688 1.906102 
0.205433 -0.056383 0.065357 1.198161 -14.278818 18.089906 6.823888 
0.160079 0.270397 -0.562815 0.223012 -15.435957 7.051308 6.932060 
0.136090 -0.928379 0.602433 -0.254598 -10.018801 -6.741980 13.513856 
0.119841 0.342538 0.485674 0.087878 3.584484 13.995580 18.917555 
0.201503 -0.891179 -0.189212 1.458141 -2.701851 -10.878739 11.001351 
0.611073 0.333384 -0.060279 0.412791 -14.888758 -14.606352 -10.069572 
0.115016 0.765405 -0.197504 -1.422080 7.610668 -14.777088 -11.030249 
0.399244 0.550547 -0.680092 0.082121 14.286641 -13.189616 8.033099 
0.131342 -0.576267 -0.362495 -1.012367 -2.247285 9.516273 -5.264871 
0.174201 0.046062 -0.846368 0.706949 -0.434607 6.639508 22.348851 
0.089275 0.024069 0.125846 -0.112456 23.001500 -3.973896 -4.295020 
0.438872 -0.095390 -0.399412 0.503733 17.562986 4.003891 -2.247454 
0.085636 0.359693 -0.070911 0.176561 10.912004 -6.360781 -13.182380 
0.582912 0.088160 0.042995 0.188286 -10.443756 0.924309 -2.206398 
0.240412 -1.306406 -0.086126 0.209295 -12.305344 -0.792280 21.307041 
0.226021 0.683572 0.136355 0.443619 -6.328888 4.580905 18.852840 
0.107205 0.039150 0.421331 -0.273403 -14.522669 -7.485337 1.747987 
1.102835 -0.094069 -0.012425 0.359854 13.791877 2.343604 25.624633 
0.266126 -0.287467 0.694942 -0.131326 -21.834654 4.351338 -14.631122 
0.409423 0.026532 1.282137 -0.614657 -10.285449 7.399357 -5.048945 
0.089384 0.078379 0.296662 -0.374326 14.546692 -14.525710 -8.954465 
0.113871 -0.227576 -0.427205 -0.262046 11.051465 -3.048324 -4.260481 
0.746267 0.060256 1.580397 -0.086945 -3.174976 6.067418 -8.436994 
0.219386 -0.586173 -0.779250 -0.417791 11.845951 -18.508812 -7.884584 
0.439077 0.226433 0.087477 -0.464760 -19.574309 5.506981 -13.441778 
1.444015 0.545014 -0.346641 0.058931 -1.362484 0.483649 -6.550992 
0.102731 0.384068 -0.933382 0.582846 8.376296 4.016747 0.613570 
0.202560 -0.768575 -1.236337 -1.098739 -5.973196 -43.239793 -70.438706 
0.091773 -0.230593 0.505741 0.062170 1.595060 0.080891 -7.896001 
0.159646 -0.713233 0.694817 -0.759711 -5.634720 -6.959295 -2.555137 
0.210510 -0.018224 0.660794 0.148555 -22.036523 -7.066026 2.055504 
0.129464 -0.215443 0.573544 -0.299362 8.131984 -0.925924 0.334784 
0.235395 -0.360701 -0.397319 0.428572 -11.857810 13.380419 2.728751 
0.392760 0.394479 0.223453 -0.432211 -10.180947 -14.586688 -4.057754 
0.340464 -0.045097 0.289411 -1.037218 4.129859 13.649018 1.486101 
0.558675 0.254339 -0.274853 0.263184 20.377832 9.876626 -7.344185 
0.269181 -0.104122 0.040585 0.424256 -1.758988 8.285416 14.930932 
0.080832 0.235172 0.645011 0.386056 4.280193 8.622596 22.537517 
0.161454 0.127335 -0.166597 0.006695 -20.145825 -11.536674 -13.122999 
3.272843 -0.063125 0.041981 -0.088544 -9.678153 6.986128 -11.991337 
0.126733 0.716183 -0.214176 -0.156354 -8.750911 -17.656370 -2.841127 
0.147442 -0.509961 -1.509520 -0.524746 -2.744208 -26.270435 -0.542130 
0.234874 -0.153729 0.483520 -0.460195 -11.768138 7.479741 10.033171 
0.088322 0.333005 0.332474 -0.949648 -5.656997 5.182497 -10.912339 
0.124823 0.261464 -0.190096 -0.729815 -11.861186 4.070419 7.084705 
0.134972 0.755107 0.679020 0.506057 10.618831 7.475150 -0.650987 
0.114632 -0.042929 -0.187911 0.407644 -3.600101 16.655835 0.820209 
0.145861 -0.431946 -0.395115 0.487413 12.489536 4.453229 -7.243384 
0.263366 -0.294170 -0.030920 -0.447097 -14.969895 5.627515 18.008951 
0.973808 0.125465 -0.146609 0.035290 -13.724499 17.374338 -1.073320 
1.966409 0.108802 0.023244 0.023773 -7.107357 12.648380 -14.683083 
0.137245 -0.195075 -0.012129 -0.668755 12.777921 -2.747365 1.507654 
0.175886 -0.261010 0.110144 -0.166317 -8.068347 -12.341697 10.483036 
0.427154 -0.538362 0.004674 0.598300 0.688350 -16.413382 6.413745 
0.305641 -0.484535 0.204702 -0.395177 -0.524720 -19.364632 -5.356547 
0.126873 0.147721 -0.287449 -0.039497 0.130622 0.210102 9.762285 
0.202129 1.190670 -0.435631 0.729718 7.827670 -0.098865 19.878200 
0.103947 0.745702 0.649620 -0.116243 -8.826455 13.154815 5.604580 
0.160192 0.358673 -0.858889 0.381311 16.808410 1.280874 7.099623 
0.087931 -0.507165 -0.075808 -0.266176 -8.146378 -3.805644 16.324647 
0.201166 -0.456364 0.005891 0.273988 -16.728080 -14.281056 15.549428 
0.129271 -0.111205 -0.445968 0.575834 -16.609312 2.112848 -9.145659 
0.244547 -0.442242 0.132986 0.084019 -2.189716 -5.766762 24.965166 
