0.202999 -0.081003 1.006474 -0.724744 -1.545567 0.845939 -4.638548 
0.583882 0.532391 1.712174 0.651355 10.605551 3.354244 9.774679 
0.585149 -0.057274 -0.141323 -0.872753 -6.643158 1.274917 -13.583081 
0.085689 -1.227231 0.196691 1.529988 -9.450352 13.364796 7.006209 
0.090936 -0.082678 1.144300 -0.292191 -1.580383 4.742802 6.772230 
0.457888 -1.222603 0.064012 0.559220 0.531681 -11.152356 -9.035082 
0.179449 -0.830440 -1.404341 -0.847797 -1.287015 2.196854 -0.433993 
0.103175 0.889194 -1.720314 -0.386329 -2.043411 -7.808650 5.303011 
0.199182 3.354159 -1.210773 0.699054 12.237758 -8.488695 2.894400 
0.109107 0.617881 -2.079288 1.031071 -1.563422 -2.154726 5.439400 
0.232498 -0.534357 0.597633 -0.330724 -11.132351 15.055396 0.552378 
0.683878 -0.968788 0.416494 -1.565942 -9.657155 -6.528907 -1.419721 
1.809017 -0.091521 -0.199291 0.037203 -1.091497 -8.667867 0.818542 
0.133767 2.345892 1.416795 -0.163087 13.653192 4.226484 6.197078 
0.207935 -1.395112 1.617817 -1.301829 -2.401777 11.605747 1.667860 
5.586845 0.379537 0.325113 -0.151957 -6.452809 1.601418 -0.660883 
0.099031 0.011532 0.858045 0.910182 0.550656 15.836168 -3.791768 
0.095457 -0.866711 -0.147420 0.377411 -3.746652 6.700522 -10.393884 
0.166412 0.268085 0.225398 -1.557410 -3.173958 -9.204804 -6.548301 
0.401973 -0.089214 -1.939106 0.415721 4.978934 -8.290059 10.672883 
0.149690 -1.033446 0.205412 0.897982 -16.881912 -7.257787 -3.086021 
0.135040 0.625155 0.536995 0.261504 6.647589 -4.436384 5.677182 
0.230700 0.662887 0.932865 -1.021499 -6.304883 6.971491 3.724412 
0.296048 -0.351200 0.636441 0.547563 -7.541755 21.254970 -1.628068 
0.089040 0.181015 0.012352 -0.071743 -8.396893 13.384332 -10.732062 
0.218861 1.550502 -0.813531 -0.534875 5.781726 2.772691 1.555360 
0.780326 0.814133 -1.070952 -1.184979 -2.508874 -7.945336 -1.972657 
0.110177 1.206805 1.769573 0.533122 -0.102139 3.868152 9.508646 
0.308745 1.878049 -2.173935 -1.156262 9.573627 -17.900225 -5.513049 
0.930095 0.068792 0.159646 0.118519 -8.091060 0.578283 14.778267 
0.154448 0.567613 0.797207 0.149822 -1.337262 -2.550567 6.301165 
0.449860 -0.576245 0.677785 0.748599 -5.613433 -15.708259 2.743406 
0.194281 0.675750 0.311454 -0.278976 7.540320 10.623604 -13.813639 
0.121470 -1.232974 0.118749 1.516145 -13.762893 -5.603869 0.366828 
0.388680 -0.261971 0.849995 0.240756 -13.268451 -1.816585 17.176260 
0.552874 0.010131 -2.307201 1.051949 -6.261150 -7.325973 10.913072 
0.107074 -0.099565 -0.146414 1.606623 -0.732552 -9.062357 3.577780 
0.218546 1.128106 2.035059 0.171799 -2.098155 4.649726 -1.675291 
0.118025 -0.681839 -0.726246 0.545931 0.330896 -1.243462 10.035300 
0.176826 -0.828413 0.220958 0.566089 -5.592407 11.179034 -12.036982 
0.123628 -0.238307 0.092596 -0.416005 -2.193441 10.917876 17.565357 
0.103987 1.757755 -0.275481 3.172293 14.571471 5.322285 15.918433 
1.612405 -0.484893 0.298226 -0.454869 -0.438325 6.916005 -13.570886 
3.952128 -0.351153 1.756949 0.683165 0.707274 -4.262760 6.695028 
0.090817 0.296738 -0.092938 0.167241 -9.920477 2.692428 3.980604 
0.094271 0.095325 -0.406336 0.438005 -2.887504 -9.346087 18.889712 
0.105198 -1.125184 -0.445523 -1.522601 -12.153072 0.515990 1.679797 
0.122132 -0.637899 -0.111000 0.367677 -3.992518 3.028239 0.418825 
0.167817 -0.843392 -0.630019 0.552381 -10.071988 12.724756 9.457183 
0.138488 -0.516459 -2.915718 -0.081017 1.172092 -11.894861 6.223756 
0.701272 2.772594 0.419276 -1.346878 23.136528 1.898759 -1.006045 
0.367183 -0.016849 -0.449010 1.580494 -1.055526 -8.866226 -2.578312 
0.116639 -0.226597 0.028062 0.161094 -9.160230 13.118112 10.799610 
0.156405 -0.998521 0.625633 -1.216718 -2.452757 2.203670 -1.282123 
0.118162 -0.933660 1.021871 0.316586 -18.914173 6.559504 -8.055593 
0.151293 -0.255256 -0.125895 -1.289946 -4.910432 2.491654 -4.250942 
1.456612 -0.333806 0.308288 1.306300 2.745193 2.338354 2.228532 
0.095248 -0.041187 0.001792 -0.228467 8.968373 -10.923595 3.604891 
0.298886 -0.732064 0.394285 1.357011 -6.492585 1.903737 7.200764 
0.512636 -0.410924 -0.415769 0.763297 -1.672860 -14.098844 0.596691 
0.121466 1.767196 -2.366435 -2.858484 12.003023 -11.308411 -10.949896 
0.863813 0.058207 -0.203580 -0.444762 10.376832 7.626306 7.858736 
0.283593 -0.366452 0.122884 0.736904 7.985528 8.418971 14.197311 
0.114183 -1.439447 1.241833 -0.038295 -11.016991 -0.819207 4.799719 
0.387857 -0.416020 -0.200651 -0.577443 -0.449688 8.141137 -10.608631 
0.102340 -0.680451 -1.249536 1.742501 -4.485642 -9.899026 3.715030 
1.423034 1.380731 1.112119 -0.194388 6.716673 -6.150459 -2.337558 
0.118440 0.024633 -0.221381 -0.345140 -11.288201 7.097609 -15.676157 
0.087317 -0.628243 0.483592 1.148171 0.633259 3.614334 1.614604 
0.115648 -0.216229 0.150499 1.382723 -4.575005 9.872050 0.283056 
0.335498 0.708623 -1.499964 -0.162740 6.512155 -2.004859 -11.281625 
0.109210 -0.588319 -0.190703 -0.285277 -3.158741 -7.320033 18.143876 
5.398343 -1.016240 -0.036282 0.179018 -6.751241 -7.178695 -0.295803 
0.438696 -0.121236 -0.819263 -0.631059 9.366866 -0.651124 -4.670589 
0.102783 -0.412345 -0.751133 0.897312 -10.552080 -0.381732 3.306954 
0.317653 0.638943 2.577163 -2.064500 -3.408779 17.583803 -7.668290 
0.117399 -0.620830 0.043472 0.208127 0.952098 -10.994717 -9.353677 
0.135796 2.798296 -0.955502 0.667737 10.530023 -11.823830 3.946480 
0.139152 -0.273124 -0.096511 0.011118 -6.950488 -17.809509 5.751616 
0.081844 -0.569146 0.404900 -0.453076 -10.668296 6.668755 -4.222811 
0.210768 -0.593727 -0.118269 0.476429 -6.884679 2.688271 21.320755 
0.087151 0.507143 -0.267582 3.101629 9.254947 -3.953282 16.036685 
0.247564 -0.855157 -1.799921 -0.451585 -10.019603 -7.608247 -9.501906 
0.118055 -0.016273 -0.429811 -1.742157 -6.085321 6.847853 -4.386860 
0.133708 -0.733159 -3.158264 1.810071 0.593743 -17.333908 13.984825 
0.137951 0.016107 0.727106 0.055084 2.666478 -1.434509 -7.341936 
0.295736 10.263688 5.815577 -2.123314 73.951806 39.865406 -15.438200 
0.093592 0.368822 -0.388958 -0.182803 2.217950 -16.560139 5.228338 
0.180968 -0.578336 -0.402245 0.568020 -9.877720 -18.234168 7.943221 
1.058781 -0.265124 0.755111 0.713085 -12.490734 2.698083 12.486553 
0.086350 0.046144 0.305668 0.372375 -2.160215 3.219783 -10.205439 
0.263354 -0.681318 1.036854 0.264777 -8.271250 18.501961 0.270118 
0.556778 -0.304564 -0.079024 0.874226 -11.173730 10.901826 10.854342 
0.139284 -0.927458 0.467295 0.711029 -14.176922 -2.719097 8.869994 
0.478468 -0.628458 -0.209177 0.288368 -9.585448 -8.227775 15.115507 
0.165293 -0.480495 0.808717 -0.077403 -4.547825 -1.963611 1.781667 
0.493788 0.858768 -0.030081 -0.920126 5.531162 -2.242939 2.002109 
0.252788 -0.090497 0.379380 0.820969 -19.058799 2.085323 11.957396 
1.145613 -0.122677 -1.339509 1.021382 -9.815466 -5.015814 0.671296 
0.388183 -0.119514 1.172164 1.605003 1.536696 6.054982 1.624499 
0.094407 -0.728991 0.887247 0.634211 -7.458206 8.585423 3.988716 
0.126740 -0.488816 0.808802 0.403331 -3.879443 -13.393376 5.702322 
0.323270 -0.603982 -0.367554 -0.742625 -2.579190 3.295754 -0.673875 
0.198042 -1.561046 2.672013 0.106860 -13.594114 9.120619 3.921591 
1.167561 0.327638 0.309109 -0.446182 -3.464659 11.021169 -6.621469 
2.697368 0.487593 -0.085154 0.753328 1.138679 -5.967246 -4.241045 
0.376011 -1.522425 0.111297 -0.136135 -4.372377 8.180660 4.490585 
0.588263 -0.555468 0.412216 -0.777082 -6.693854 6.703241 -1.070560 
0.138650 -0.072510 0.800027 0.762387 -13.001110 -2.378727 16.369316 
0.373816 -0.117456 0.560242 -0.136021 -4.294969 10.996208 -22.165739 
0.401930 -0.369908 0.664675 -1.079942 -1.913098 -4.664609 4.336476 
0.263064 0.208049 -0.087913 0.346769 -11.421527 -7.698259 3.326647 
0.459762 -0.866722 0.680811 1.093322 4.754970 17.321937 4.235054 
0.328088 -0.622270 -0.155369 -0.319543 -4.103840 -11.390641 -5.603448 
0.860282 -0.254307 3.486176 3.747122 -5.082193 19.715834 25.930309 
0.273055 -0.320919 -0.773778 0.611466 -9.539867 3.005972 -0.105879 
0.396253 -0.905053 0.199831 -0.104565 9.419453 12.929214 5.059929 
0.246288 -0.598211 0.101547 0.507029 -8.454090 -12.788744 7.559572 
0.730294 -0.842802 -0.447133 0.480415 5.681910 -10.735423 -3.649478 
0.278430 -0.766157 0.069749 0.344363 -8.624993 -16.609644 -3.798702 
0.151503 -0.063115 -0.697567 -1.942768 -3.703615 2.950845 -10.490576 
0.100432 0.510870 0.689170 0.385003 -9.998093 6.485618 9.798695 
0.082624 -0.949001 0.751354 0.027495 4.439533 18.413843 -7.309308 
0.114711 1.313044 -1.037031 -1.642451 1.568635 -11.460469 -2.432428 
0.192666 -0.960055 0.049400 -1.262023 -14.926937 3.910621 0.196946 
0.287114 1.065566 -1.505430 0.019860 4.484086 -4.559699 -11.215980 
0.585359 0.330282 -0.029237 1.025284 -8.306431 -8.903882 0.390882 
1.376095 0.827512 0.158342 0.141143 -0.686461 8.802901 1.316708 
0.431641 0.698966 -0.072795 -0.774219 -5.284503 13.466649 1.224018 
0.136683 -0.964962 -0.541242 -0.028634 1.703304 -7.041114 -14.231829 
0.323241 -0.286018 -0.409176 -0.662487 -17.543459 4.274546 -6.554321 
0.391024 -0.372398 0.622652 -0.266607 13.569832 2.007865 0.153376 
0.112116 -0.070138 0.442756 -0.496467 -3.686874 -10.906306 -2.518978 
0.116547 0.140054 0.197789 0.481805 -4.154914 -15.864003 12.527172 
0.952396 -0.954798 -0.195394 0.069226 -13.844666 10.691671 7.271352 
0.374161 -0.036521 -1.022038 -0.327737 6.884091 -6.015565 3.408427 
0.178419 -1.359902 0.174247 0.237439 -20.974002 1.091687 4.981090 
0.192961 -0.505306 0.545535 -1.875600 -13.188361 -3.091027 -9.174233 
0.763069 -0.193393 0.089380 1.212136 -1.364992 -6.458222 1.640051 
0.181019 -1.498205 -0.205213 0.375219 -17.630753 -8.107219 -8.155483 
0.393969 1.928427 2.951998 0.480047 10.496812 21.818621 9.275509 
0.408300 -0.421303 -0.116030 -0.016471 -19.933778 0.284756 3.384631 
0.506972 -0.277330 -0.853792 -0.766303 -13.471848 -7.603234 1.745617 
0.168852 0.231742 -0.117694 0.982205 -8.194971 16.268322 8.805145 
0.196085 0.515354 -0.368853 0.182853 4.025062 -3.993945 3.611361 
0.836938 0.820317 -0.411701 -0.581363 -8.696539 7.623581 -5.129884 
0.701221 -0.304728 -1.132389 -0.019953 -7.164407 -5.827844 -2.944190 
0.263429 -0.236866 0.090893 0.178247 -7.932933 -11.468463 -0.792531 
0.151360 0.118273 -1.059899 2.129783 -9.777092 -6.158045 6.010432 
0.449375 -0.002278 -0.928080 0.139944 -4.565559 -10.611450 2.353462 
0.108928 1.383319 -0.502385 1.284507 2.326653 -12.744987 3.210206 
0.090465 0.559939 0.377215 -0.365831 8.296144 12.601486 -14.271905 
0.531060 -0.395132 1.606860 2.431010 -9.277449 10.013522 6.405617 
0.272013 -1.190259 0.236069 0.865616 -2.202149 -6.948052 -6.127575 
0.127889 -0.717142 -0.085996 0.049578 -20.315764 2.396760 9.239605 
1.070260 -0.014692 0.238718 0.144509 5.610723 12.200818 6.878058 
0.111702 -0.829215 0.669538 0.826837 1.118682 4.827159 17.416778 
0.275275 1.425940 -0.314410 0.553221 4.586146 5.838195 1.179474 
0.433814 -1.261543 -0.366995 0.271079 -16.159732 13.419813 5.318348 
0.121123 -0.775022 0.212090 -1.347683 -8.068004 11.013301 -4.550326 
0.604561 -0.710675 0.796428 0.972619 4.770797 -7.198717 12.192802 
0.672200 0.271959 0.538850 1.602941 -9.994289 5.174778 6.861590 
0.485099 0.519013 2.280355 0.973788 -0.411978 4.630337 7.718601 
0.088968 -1.867669 0.759964 -0.037277 3.067894 7.188757 1.879346 
0.372330 -0.852379 -0.556191 -0.164137 -3.725946 -7.905168 6.188728 
0.427499 0.566622 -1.055559 1.711240 9.656404 -7.098241 -0.148758 
0.148166 0.177433 -1.365671 -0.550814 -8.151352 -4.270557 2.290694 
0.205405 -0.093943 -1.447043 -0.705284 0.702179 -2.298634 4.272185 
0.273438 0.518748 0.734496 -0.132617 -7.776261 12.074583 -2.953799 
0.257004 0.915522 0.959937 -2.114132 2.607453 14.172977 -9.141073 
0.083821 -0.828318 1.691149 3.358141 -5.699172 6.467652 24.418579 
0.673429 -0.085446 -0.289075 1.414854 3.394813 2.277038 -5.885240 
0.093338 0.255650 -0.833042 0.981381 2.072923 8.920709 -4.183557 
0.097693 -0.623192 0.492114 1.095859 -5.950547 5.818733 3.394460 
0.081727 0.200217 1.378394 0.118485 0.805434 23.667441 -10.436425 
0.417045 0.279958 0.322760 -0.005004 -7.955050 6.976707 10.270266 
0.387177 0.270276 -0.043257 0.058631 11.632024 3.328727 -0.449550 
0.350927 -0.188663 1.171372 -0.256535 13.604296 24.024872 -8.124194 
0.081891 -0.800332 -0.162890 -0.661158 -9.957112 -0.562257 13.035465 
0.111530 -0.876437 0.366916 1.949414 -2.858249 -2.042186 7.996230 
0.729211 0.145499 0.257130 0.251848 -3.130090 1.512313 7.070364 
0.081209 -0.939430 -0.382371 0.206470 -14.435090 -12.465691 5.598296 
1.066327 0.304256 0.800609 1.069381 -7.628888 2.653457 17.201477 
0.844840 -0.739762 -0.069395 0.150333 -3.481056 -0.624076 -3.234219 
0.286414 -0.573302 0.356149 -0.218137 -16.902108 12.799772 -2.364506 
0.108220 -0.086375 -0.809314 -0.209231 -12.400900 -7.399162 -6.474292 
0.106446 1.354177 0.075068 -0.063172 5.267428 8.350739 -0.365309 
1.618982 -0.955243 2.939014 -0.426959 -12.119248 11.877809 -6.622830 
0.126190 -0.757603 -0.350297 -0.612153 4.503933 -2.246674 3.598647 
0.666898 -0.451499 0.000097 -0.229800 -9.783260 3.487921 -8.332048 
0.355266 -0.856061 0.322919 0.725536 -13.657880 1.790192 9.030698 
0.365762 -2.724930 -5.465750 -0.278013 -19.035175 -31.446040 -4.767036 
0.430606 -0.224781 0.715799 0.443820 -15.879426 -8.639476 -0.030346 
0.100431 1.109773 -0.602334 0.744034 13.453705 7.437557 -4.433594 
0.189647 -1.155369 0.773108 0.265228 -2.243984 10.967279 -1.467054 
0.132254 -0.757336 -0.436539 0.798137 2.687529 -2.761094 -2.196292 
0.500139 -1.493949 -0.381207 -1.562653 -12.152273 3.020668 -2.836164 
0.175237 -0.723735 1.303975 -0.916075 -12.517943 3.132630 -2.305473 
0.123696 -0.649235 -0.240095 0.569299 -9.342455 -15.730532 -1.226521 
0.195281 -0.625583 -0.448800 -1.346098 -1.703711 7.384827 -6.407630 
0.599939 -2.345187 -0.199538 -0.073252 -15.380453 5.525311 -9.029890 
0.192741 -0.528004 -0.364139 0.585272 -6.678005 9.254344 -0.847344 
0.200778 0.965955 -0.256243 0.099563 -6.889771 -12.800462 -1.014359 
0.177472 -0.323178 -0.927865 -1.245921 -4.763130 7.536791 -10.256852 
0.127855 0.360783 -1.536716 0.113526 0.424487 -3.311886 -6.468754 
0.220526 -0.119586 -0.523568 0.939093 -3.028933 2.534623 -0.047612 
0.627642 0.557295 -0.421334 0.237669 -1.812526 3.205092 -6.707998 
0.637465 -1.266127 0.987880 0.256371 -13.895663 12.059902 -0.925779 
0.169117 0.179630 -0.696050 -0.581457 3.335844 8.536088 10.575361 
0.114784 -0.176305 -0.892441 -0.117704 5.188590 1.395528 -7.741306 
0.135557 0.328990 0.153868 -0.273676 2.252353 -4.834141 -5.494657 
0.579415 -0.470242 0.243098 0.863441 12.816288 9.545598 5.815830 
0.624848 2.283483 1.848309 -0.333164 14.609050 11.535727 0.694737 
0.385484 -1.462342 0.535621 1.169234 -2.180746 -7.386021 8.329054 
3.082417 -0.441964 0.309037 0.053454 14.600515 -0.025300 0.140048 
0.310489 0.160191 -0.234631 1.562929 2.958802 8.028279 11.703383 
0.457154 0.276271 0.255028 -0.331537 -1.549513 -4.206734 -8.345658 
0.279294 -0.792211 -0.499682 -0.292833 -2.323355 -16.696141 -8.557397 
0.089763 0.000542 -0.169201 -0.923719 -6.244525 6.977358 -7.594935 
1.249225 -1.178250 0.952668 0.603682 -3.424063 0.481836 7.599787 
0.163561 0.877294 -0.887244 -0.253036 -1.213126 1.054307 -4.125764 
1.702665 -0.455589 0.490678 1.152843 2.023774 -3.238220 -2.201688 
0.087567 0.569018 1.642537 -0.236468 5.646444 2.543018 0.294313 
0.192231 0.032746 -0.109614 0.277327 -9.828909 -9.856166 -5.307633 
0.122081 -0.452151 -0.552393 -0.714010 -18.290158 -2.370330 -0.294877 
0.088452 -0.090231 0.333782 0.597561 -4.929175 18.527196 -5.215333 
0.470758 -1.085795 -2.317910 0.643876 -2.850961 -4.660095 6.609542 
0.196106 -0.360603 0.251579 0.452424 -8.501676 1.945658 -1.657679 
0.163499 1.857071 -2.865185 -1.059071 13.576978 -15.938072 2.232492 
0.080867 2.342460 1.989488 -2.705410 20.854222 15.797522 -11.143808 
0.223604 -1.415326 0.048924 0.560664 -10.845604 1.544130 -4.420404 
0.155926 -1.033457 0.052007 0.588170 1.962677 -9.927449 -6.309023 
0.238387 -0.492899 0.239726 -0.798939 -13.313870 -10.819611 -1.998609 
0.106154 -0.379401 -0.721105 -0.750000 -8.438035 -3.190402 -1.947087 
0.169911 0.367582 -0.331232 0.040050 4.940009 -9.820419 16.500674 
0.113329 1.044935 0.866363 0.921742 -0.719081 1.070056 14.566366 
0.192419 1.487081 -2.414855 -0.751674 3.077504 -18.160637 -7.342789 
0.594225 0.146167 0.097757 0.580394 2.865456 0.894573 22.245757 
0.085164 -1.007596 -0.168965 -0.410970 -8.818609 -2.099604 10.628252 
0.117057 -0.542792 0.934490 0.496752 -6.392590 4.183809 7.678078 
0.205043 -0.200990 0.791471 -0.356926 -10.159597 1.841540 0.500351 
0.234649 0.941917 -0.391523 0.461181 11.993267 7.251533 -5.009804 
0.487672 0.317520 1.355807 1.656034 2.390858 8.002991 12.442340 
0.223182 -0.927489 -0.635382 -0.047869 -20.102868 6.391282 0.552877 
2.476904 -0.318716 -0.645184 -1.009101 6.690115 7.283276 -7.348233 
0.441734 0.460927 0.577318 0.551723 -9.315158 5.818494 2.839682 
0.230397 -0.400579 -0.092192 -0.080414 -11.121895 13.704718 -9.712520 
0.689100 3.108563 1.811376 -2.240379 20.318288 6.714499 -8.992540 
0.815528 -2.464187 0.522829 0.860616 -10.899791 -2.811285 8.974970 
0.161492 0.301039 0.478256 -0.277667 2.585963 -11.442806 -3.910002 
0.542296 2.661774 -0.969374 -0.536311 7.281229 -7.094574 0.285384 
0.146522 -0.944982 -0.237731 0.464052 -16.163741 -8.858476 -11.170657 
0.256037 -1.341875 -0.477429 -0.788963 2.458206 -9.057083 -0.148740 
0.887681 -0.677302 0.236106 1.271148 4.562216 12.781144 -4.962621 
0.101372 -0.292235 0.287083 -0.476737 -8.018449 -6.241205 -7.616334 
0.141931 -0.445959 0.570672 0.077133 -20.421284 -5.277934 -3.692717 
0.178446 -0.885884 0.786429 0.613793 8.092582 -0.987981 -0.572070 
0.083374 0.212439 -0.199050 0.133890 -4.821069 7.284571 20.628902 
0.376685 -0.134086 0.085692 1.037844 1.626991 7.903258 -10.838840 
0.585808 -0.841374 -1.271719 0.774967 -11.797375 3.405208 5.631154 
0.102075 0.499614 1.254063 0.523409 3.660563 6.052813 -3.881290 
0.086694 1.967475 1.676018 -0.011724 14.133472 8.431403 5.043521 
0.654455 0.005762 0.106438 -0.346163 -1.768050 4.892795 -9.717457 
0.442796 -1.094263 0.126900 -0.158894 -9.713900 2.750430 13.928171 
0.103990 -0.441702 0.716648 -0.286835 3.798236 -10.682733 6.260636 
0.137893 -1.461538 -0.213181 -0.027321 -10.382503 3.159663 -6.474256 
1.044939 0.693267 0.168674 -0.337850 -7.465482 4.595428 4.241262 
1.025335 0.283949 -0.230274 -0.448605 4.754609 1.718819 4.529593 
0.472835 -1.764543 0.370503 1.114990 -12.390347 5.008506 -4.659757 
0.672168 -2.619703 1.110705 0.848359 -14.693916 0.582964 13.052412 
0.208490 -2.001733 -1.564270 -0.195230 -4.287784 -10.329535 -0.782125 
0.292610 -1.227400 2.110208 0.951985 -3.698231 7.136772 11.592593 
0.111344 -0.304112 -0.295631 1.618537 -1.245999 3.770867 4.936242 
0.466067 0.244099 0.668796 0.242331 -5.324167 10.928320 -13.312810 
0.112109 -0.839682 -0.301216 0.258460 -2.608639 4.984312 3.169396 
1.021373 -1.181640 0.417934 0.324895 -1.408744 5.710321 -3.139628 
0.247245 -2.327024 -0.596700 1.678374 -18.387881 1.358862 9.722015 
2.937998 -2.858389 -0.988899 0.554774 -10.271489 -7.360246 9.548090 
0.112201 -0.167450 -0.731345 -0.342321 -10.476474 3.387395 -2.456730 
0.941373 0.221461 0.838669 0.205179 -0.064070 -3.504308 1.110170 
0.186332 1.129514 -0.136046 -1.144306 3.363743 3.381226 1.818555 
0.206312 -0.450438 0.577343 0.318996 5.410229 -4.292710 17.732015 
0.087521 -0.174143 0.132063 0.049694 -9.302849 -15.715708 -14.143291 
0.337060 -0.534966 -0.786139 -0.103101 -15.066655 0.753620 3.492203 
0.506829 0.741514 0.369789 1.340372 6.206138 4.882643 0.555181 
2.506229 -0.222873 1.585543 -0.201626 -13.275130 0.877044 5.688338 
0.109658 0.058911 -0.097329 -0.689749 -13.378589 -3.225455 -5.064952 
0.093631 -1.033614 0.371575 0.393745 -4.222858 -0.521818 -2.756011 
0.994606 0.408861 0.061512 0.181716 -11.298256 4.027288 -9.375899 
0.184780 1.762745 2.548598 -0.019354 3.930813 8.949842 -1.850307 
0.113864 -0.269598 0.745707 0.184361 -8.659447 5.330813 10.686716 
0.500571 2.709658 -0.581390 -1.633797 19.494188 4.369618 -8.241303 
0.375402 0.180525 -0.202889 -0.112762 -5.218492 3.865944 -19.378524 
0.121279 0.119141 -0.000240 -0.729552 -13.561614 1.256799 -12.003646 
0.437171 0.484609 -0.031324 -0.921050 -4.623754 -0.284073 -1.275196 
0.420529 -0.528957 0.877583 -0.090717 -8.317687 12.497222 5.893014 
0.140832 -0.323396 0.331639 0.537425 -11.282916 7.286873 -5.530876 
0.317286 -0.211702 0.199290 0.204360 0.990676 -13.364031 9.239441 
0.092539 1.253828 -0.550176 -0.416473 -4.035439 -5.348527 7.678192 
4.198783 -0.076898 0.311135 -0.184682 2.526454 8.595734 9.026259 
0.435794 -1.395387 0.131053 0.179200 -17.827191 -4.902802 -5.294387 
0.299195 -0.687875 -0.644295 0.215997 -10.761630 5.019240 11.814408 
0.366428 -1.258174 0.124400 0.762994 0.877204 -7.456787 15.854747 
0.300202 0.750198 1.172635 0.781609 -0.406028 6.650523 2.071907 
0.585186 -0.365649 0.210371 1.339017 -8.944759 8.774650 12.492783 
0.524509 -0.568249 -0.626300 0.084171 -1.649586 6.942152 13.442534 
0.292083 0.357147 1.927066 0.676498 1.648959 -0.105337 11.673276 
0.107699 -0.395218 1.760655 1.889951 -6.691750 2.866184 10.852418 
0.744916 -0.771128 2.466688 0.655540 -0.703119 14.687682 0.830936 
0.131940 -1.530022 2.199152 0.078085 -11.967573 6.835385 0.398102 
0.104491 -1.854705 -0.458248 1.962912 -14.959065 2.024669 10.802770 
0.504475 -0.503273 0.296160 0.080605 -2.810022 -3.858246 2.057398 
0.159200 -0.472563 0.585209 -0.377679 1.868473 8.304542 3.346890 
0.144224 0.666418 3.099804 -0.550579 -1.757822 15.140858 4.175861 
0.221063 -0.962654 0.240276 -0.494683 -14.638682 -6.464021 8.866634 
0.339783 -0.385344 -0.478262 0.477158 -0.715645 4.423329 14.902520 
2.985742 1.598332 0.357215 -0.156205 6.132147 13.557294 -5.637106 
0.098040 0.464662 0.639800 -0.631726 6.062956 7.946441 -0.211101 
0.364111 -0.967255 0.400198 -0.105485 -0.246676 7.649765 0.810033 
0.144886 0.607153 0.320287 -0.183430 -5.258038 -5.476580 -10.545483 
0.360597 -0.288480 0.642515 -0.278352 2.903687 -4.382123 5.228355 
0.254317 -1.361177 0.022148 -1.123222 -2.078173 -7.291716 3.979713 
0.555913 0.394317 0.780315 -0.085340 0.894137 14.732203 -1.528409 
0.416651 -2.673765 -0.278863 -0.403498 -10.258101 -5.736800 -5.513781 
0.151008 -0.196507 1.689478 1.642967 0.824590 2.323055 0.784735 
0.577563 0.197185 0.627102 -0.654456 0.404537 -1.052582 3.036672 
0.141965 1.748452 0.483686 3.363268 5.599894 -0.357358 21.245148 
0.120024 -1.139934 0.518131 0.506885 -13.530569 8.707488 -5.464826 
0.182852 1.547971 -0.853782 0.051614 11.066780 2.539424 -2.449986 
0.189724 0.002301 0.420922 -1.362637 -5.354644 5.603440 -6.712066 
0.150160 0.136962 -1.470888 1.813162 -3.778391 -8.954119 10.454028 
1.373741 -3.941238 -0.486590 1.779693 -19.882162 2.280565 8.639406 
0.283453 0.244337 0.104180 1.266766 -0.927587 5.410697 -5.090239 
0.170281 -0.248576 0.791820 0.907254 9.928003 14.258837 2.227915 
1.505698 0.104127 -0.176418 0.211335 15.175927 -14.873547 -0.793896 
0.360047 -1.364626 0.311385 -0.515465 -0.656675 -4.539745 -0.325413 
0.588861 -1.191364 0.503509 0.217528 -15.283691 18.179232 0.548016 
0.381565 -1.088442 0.389560 0.514700 -2.768628 17.007016 -0.549544 
0.166121 -0.248709 -0.408953 0.077433 0.539251 -7.111360 -0.187859 
1.652096 -0.801419 0.666964 -0.036290 -11.726254 8.506901 6.166013 
0.215498 2.840864 -2.095546 0.773068 16.100857 -5.752643 0.804490 
0.524663 -0.487481 -0.110125 0.245556 -1.518097 -8.695280 -11.950322 
0.489037 -1.077860 0.560311 0.035568 -1.057618 -3.511696 9.736707 
0.247044 -0.875115 0.288926 -0.134108 -6.714683 3.905739 -16.806038 
0.408569 0.274208 0.485027 -0.504654 4.199065 4.634412 -11.865522 
0.429966 -0.610436 0.183971 0.149153 -5.311896 1.430074 -6.163927 
0.205030 1.460635 -1.202505 0.002229 0.738034 -6.641606 -3.426587 
0.104504 -0.134081 0.225550 -0.391277 -16.620592 1.665489 11.696358 
1.704172 0.331740 -0.540330 -1.602580 -3.846460 5.983573 -2.375866 
0.208973 0.691299 0.802120 -0.985702 -0.246891 -5.834394 1.811921 
4.631110 -1.362340 1.188986 1.320762 -1.345720 -3.592116 8.932067 
0.135103 -0.420754 -0.531149 -0.091261 -3.003225 3.434052 8.069380 
0.169606 0.405553 1.211820 -0.002395 -4.349048 4.496358 -11.020676 
0.567692 -1.791507 -0.510767 -0.842913 -9.901270 -9.838252 1.387421 
0.214292 -0.470562 0.208664 1.957564 -9.279339 6.179123 8.515572 
0.450345 -0.233326 0.761954 0.703937 -0.767610 11.251925 19.510468 
0.407103 -0.922963 -0.116160 0.551112 -9.787848 -8.471459 0.474059 
0.846636 -0.730777 -0.300452 0.089043 -11.329971 -22.762434 7.025915 
0.123163 1.101510 -1.132332 -2.368195 2.896327 -7.681093 -7.408154 
0.120648 -0.564807 0.263248 -0.788460 -8.585984 -9.228234 5.083461 
0.387333 -0.806270 0.882755 0.780514 -13.322210 -7.226542 8.876457 
1.095352 -0.844323 0.146003 0.743973 -13.229685 -7.025491 -5.230005 
0.212730 0.465878 -0.532087 -0.371072 -0.304164 -4.218039 5.483138 
1.575080 -0.260801 0.920039 1.380930 1.573356 -5.535525 11.394322 
0.102042 0.368023 0.243902 0.975806 -5.907347 -7.457944 7.618388 
0.606266 -0.245208 0.692010 0.188682 6.461307 -1.838050 -6.111771 
0.250734 -0.887879 0.372988 0.035922 -15.574776 6.030949 5.899775 
0.184902 -0.567924 1.041301 0.426821 -0.301179 16.935293 4.124184 
0.348863 -0.506158 1.468248 -0.096501 12.102723 6.961516 -3.660123 
0.127948 0.073721 -0.833019 1.067220 -10.825278 -1.887885 1.717422 
0.127545 1.109524 0.650801 2.664249 -0.233275 10.213645 14.179878 
0.089378 0.977495 0.578784 0.686141 0.728441 -8.436739 -2.192611 
0.220514 0.604246 0.319438 0.015678 5.788619 -10.160756 -12.154091 
0.195396 0.429820 -0.995002 -0.783675 -7.573362 -5.551439 -13.981777 
4.245083 -1.149492 -0.344448 0.165555 0.087195 11.402401 -6.313538 
0.095817 -0.455995 0.255945 -0.410370 -1.376863 -3.668561 4.071553 
0.569763 -1.332228 0.141838 0.438613 -10.380569 -6.056122 2.263302 
1.098164 -0.747095 0.747872 -0.210138 -8.624717 6.282539 -4.452189 
0.538990 0.360076 0.386068 0.574384 0.016560 -3.671099 5.745183 
1.288776 -1.383153 0.241731 0.306306 0.745382 -0.837447 -1.026235 
0.193816 -0.230031 0.393391 -0.516652 -5.865852 -1.452234 -5.348505 
0.378483 -0.470744 0.891874 0.287324 -18.366924 -9.933046 5.583579 
0.130333 0.180950 0.676091 0.310818 12.721106 -5.586240 -0.653866 
0.235233 -0.068686 -0.702013 -0.152083 -3.625595 -8.179914 7.407152 
0.474050 -0.557428 0.267883 -0.450037 -11.306601 -2.663049 8.513405 
0.170650 -0.410180 -0.542215 0.516990 -12.690425 2.361473 5.001097 
0.551803 -0.768208 -0.363289 0.403895 13.579194 4.157060 2.836271 
0.131497 0.415425 0.223247 -0.190346 9.140209 -9.606835 -4.851665 
0.367063 -1.297690 -0.234768 -0.201279 -1.866317 -10.661479 8.123290 
0.237052 -0.239989 0.091195 0.002920 -1.889277 4.176663 -0.793838 
0.979329 0.508645 0.058735 -0.157771 1.317304 6.000464 -16.114121 
0.113309 0.696394 0.955612 0.060961 -3.302437 10.662317 0.477057 
0.202812 1.618030 0.636348 -0.884444 12.321054 2.333643 6.819875 
0.145792 0.083398 1.216237 0.099604 -2.183751 2.492784 3.775616 
0.206856 -0.328488 -3.329381 -1.809351 -7.883047 -20.417216 -10.839531 
0.534870 -0.027501 0.751480 -0.099767 12.234195 1.696708 1.009648 
0.091732 -0.484096 -0.403577 0.018942 5.209669 -7.116111 -18.150781 
0.094435 -0.509426 0.582600 0.787510 -7.573520 11.848229 -10.394665 
0.106821 -0.426737 0.380214 0.238128 -13.576560 6.986740 11.003821 
0.443043 0.882550 0.589784 -0.279396 3.173555 4.189373 9.770337 
0.087582 -0.841110 -0.075425 -0.205254 -7.946755 9.309791 15.054656 
0.159466 -0.225149 -0.003796 0.489426 9.844999 -0.959437 -3.637179 
0.829727 -0.503410 0.493165 -0.587846 -10.068187 5.238384 6.460412 
0.093662 -0.261766 0.143683 1.245236 7.699881 -11.694622 2.432687 
1.055006 -1.024687 0.419727 -0.212833 0.250202 -4.655860 15.139899 
0.290595 0.067291 0.447980 1.289076 -9.589095 13.224307 6.601174 
0.226020 0.942986 -2.327930 4.049781 10.952884 -12.348229 21.337833 
0.258652 -0.371554 0.427286 0.164501 3.192250 -7.942743 -4.703385 
0.504080 -0.124190 -0.165851 0.744645 -16.621975 4.833276 8.507971 
0.133644 -0.919136 -0.646255 -2.794225 -10.545757 -11.247200 -14.461301 
0.102367 -0.735390 -0.285268 -0.264112 -9.503973 0.985087 -7.043490 
0.102733 0.736309 0.235500 0.831918 -1.641871 -5.692527 8.546786 
0.406103 -0.264913 -0.375821 -0.871540 -3.284920 -2.621690 -13.951013 
0.170184 -0.570618 -0.269179 -1.200851 3.742497 11.048688 -1.359410 
0.080956 0.938229 2.361270 -0.884311 1.104574 16.233589 -7.697583 
0.171393 -0.787721 1.359699 0.110865 -0.746733 -1.500266 -8.003735 
0.103884 -0.522994 0.325969 0.238596 12.575043 6.066559 1.894601 
0.287723 -0.087332 0.129111 -0.009775 -12.131428 -0.487144 -12.587853 
0.707610 -0.455749 0.195745 1.479720 -2.954388 5.393395 -1.416195 
0.161798 -0.885013 -0.497595 0.723384 -11.018100 -3.134930 2.957892 
0.495528 -1.734134 2.493165 0.683631 -6.287338 5.783982 0.824080 
0.081729 0.570286 0.743801 1.242160 -9.753587 4.476653 10.487205 
0.498673 0.177792 0.403515 -0.513176 -4.157541 16.456165 -9.065202 
0.189760 -0.243410 0.093773 0.905611 10.084766 -5.607497 5.332805 
0.174582 1.213473 0.379162 0.940651 -4.706551 -2.129120 7.126221 
1.913197 -0.764440 1.454104 0.210130 -8.717178 2.789757 0.047603 
0.156957 -0.655349 1.017477 -0.459896 -0.685313 1.007344 -3.211305 
0.318637 0.448665 0.053407 -0.115784 0.491758 -15.981784 2.417375 
0.384886 -0.657685 0.915123 0.089835 2.288703 18.204900 -3.541728 
0.094543 -1.025408 0.988607 -2.127973 3.386744 9.763585 -8.697024 
0.093801 0.398286 -0.663012 -0.486138 -9.594965 1.651922 -13.597126 
0.259589 0.024031 0.387756 0.495153 -8.515115 -0.784652 -1.271613 
0.331382 -0.083578 -0.318178 -0.050832 -10.226903 -0.704935 -3.524730 
0.597086 -2.623358 1.283647 -1.180616 -13.959818 15.183459 -8.152644 
0.244466 -0.754084 0.376981 -0.110398 -4.567450 2.915640 -10.416586 
0.409757 -0.676887 0.263211 1.576753 -9.194176 13.405319 6.581923 
0.703460 0.031730 0.548541 0.903204 13.035298 -7.855163 -0.048241 
0.129081 -0.061620 0.323853 0.617385 -12.217745 2.293150 -1.588566 
0.592856 0.775501 1.003922 0.670670 -0.324340 17.537768 -0.984390 
0.598064 -0.687421 0.176441 1.586376 -13.459588 -3.699373 5.621040 
0.315326 -1.453203 0.899771 0.799640 -12.792604 1.436463 0.834329 
0.830552 -0.732524 0.705595 0.061857 -5.830172 12.315321 11.204022 
0.107798 -0.746044 0.817584 0.734952 -1.264300 -1.330468 -6.340646 
1.282747 0.400325 -0.717496 -1.080483 8.724234 3.048075 -8.926059 
0.179704 -0.610227 0.263648 1.010158 -9.335138 14.817644 7.799269 
0.226650 0.030337 -0.869857 0.492909 -10.699099 -1.069748 -1.540605 
0.213577 0.319407 1.290747 0.150335 3.124076 5.413132 -3.642750 
0.360054 -0.661878 -0.028950 -0.200636 -4.592799 3.066884 0.938685 
0.590465 1.114996 0.016377 -0.080468 6.384942 2.924981 -0.451548 
0.323997 -0.425037 2.637112 -1.634809 -3.419123 19.026538 -2.172260 
0.080856 0.829379 -0.991351 1.287286 9.042011 5.099603 0.190533 
0.143920 0.133573 1.528115 0.135740 -2.537155 -5.375371 3.716908 
0.128165 0.840887 0.611904 0.569465 -8.531596 6.975430 4.336473 
0.371144 -0.114228 0.025599 -0.312256 0.015307 -20.746250 5.960962 
0.145470 -0.439176 0.628375 -1.212787 10.798993 -3.487326 -2.209239 
0.092657 -0.320817 1.347355 0.037402 -2.400191 10.486514 4.788394 
0.587126 2.065066 -1.075011 -1.889107 16.619475 -10.484274 -4.145760 
0.235289 -0.928196 0.345565 -0.001753 -11.380512 -2.568494 -12.697759 
0.569180 -0.573867 -0.308892 -0.283075 -15.257493 14.412686 -1.691225 
0.093590 -0.811175 0.509693 0.640541 -3.456933 6.100057 -8.797940 
0.249342 -0.085191 -0.083102 0.321033 1.238701 17.337699 16.293489 
0.543855 2.119817 -0.571884 0.106324 10.366264 -6.520807 6.350539 
0.236315 2.180628 2.973678 -2.079144 14.793431 24.529252 -7.482283 
0.136931 0.369010 -0.687852 0.299502 3.115964 -17.175778 14.332161 
0.109437 -0.964023 -0.536159 -0.337457 -7.170165 9.902299 -11.950380 
0.915698 0.355055 0.100434 -0.337824 -0.781935 -15.123488 -8.176322 
0.125769 -0.157605 -0.542855 -0.316104 2.615381 2.892896 3.652310 
0.182221 -0.494749 -0.727309 0.059317 -18.370792 3.748858 -1.723912 
0.624303 -0.833908 0.015244 0.223866 4.538461 11.813565 11.705426 
0.123119 -0.370086 0.076250 0.312918 12.438594 -3.582557 -8.237557 
0.093277 0.286150 -0.492871 0.473520 -3.789640 -11.676836 1.518588 
0.126609 -0.331320 -0.358328 1.113384 9.160965 11.303554 3.849643 
0.342755 -1.082387 1.490307 0.172802 -12.564036 6.427630 -3.184492 
0.887808 1.179514 -1.476649 0.325606 1.397229 1.347615 1.962383 
0.718573 -0.362147 -0.476853 -0.647710 11.929468 0.975271 6.250675 
0.789225 -0.461485 1.274684 -0.089601 -2.133590 0.584041 -6.633101 
0.126531 -0.086039 0.461941 0.704315 -16.472895 5.538028 -2.806725 
0.685572 -0.025305 0.589112 -0.102156 -7.095857 4.496792 -5.694531 
0.342997 0.334883 -0.155986 -0.246981 -18.376316 6.566390 1.802346 
1.141486 -0.239022 0.559084 0.154932 -19.602590 -4.140443 -12.621442 
0.181571 -0.286238 0.176986 1.098554 3.359856 -1.135419 6.100643 
0.271737 -0.344356 0.009979 0.805123 -0.466463 0.897315 -2.122662 
2.465276 -1.160523 -0.084281 0.132683 -8.784770 -1.892823 2.560469 
0.132761 0.344840 0.289807 0.042457 11.829641 5.845373 15.911544 
0.088416 -0.665339 -0.081570 0.390163 -23.146904 2.070441 -0.580785 
0.089291 -0.439091 0.116981 0.461206 -7.315874 -7.772594 12.788561 
0.263350 -0.678887 -0.252050 -0.529681 -15.975176 -3.190323 -4.714405 
0.423754 0.951105 0.436425 1.271107 4.284976 14.488453 5.012549 
0.178200 -2.440639 -0.512071 -0.023245 -5.120164 3.666154 0.835703 
0.269147 -0.792855 0.078444 -0.251712 0.075153 25.463876 2.588938 
1.218772 -0.176056 -0.285141 0.537294 16.974326 0.598575 6.002356 
0.195759 0.312869 -1.522527 1.058598 -4.445649 -7.184183 -2.144264 
0.310560 0.443645 0.541326 0.718234 2.586481 -1.091945 -4.414913 
0.132928 -0.191113 0.583445 -0.031753 3.120427 -5.163243 11.569408 
0.130606 -0.205934 -0.186081 -0.382883 1.954557 -16.322015 -14.492764 
0.180981 1.496361 3.307601 2.838286 8.284397 24.509840 20.848798 
8.040799 -0.089486 -0.177518 -0.159668 -4.668287 4.819866 -10.692942 
0.080873 -1.083990 0.359089 0.066599 -16.921636 -8.951242 -9.721618 
0.337684 0.409030 0.285647 2.035879 4.008320 -6.127683 3.867950 
0.727006 -1.696393 0.828190 0.970127 -4.058215 -3.250538 8.487848 
0.130102 -0.680061 -0.663546 0.171016 -6.267199 -11.793271 -5.769454 
0.107057 -0.330442 -0.018598 1.473857 -0.007296 14.771912 9.942125 
1.352041 -0.095612 0.079666 -0.758331 4.649189 -1.344242 -1.142553 
0.108970 -0.378236 0.531384 -0.479422 12.000215 7.731286 -7.724558 
0.148499 1.734424 0.587850 -1.376451 2.835476 -2.962188 -3.866274 
0.263983 0.190916 -0.131624 -0.072308 -9.963704 17.333544 3.429804 
0.240265 -0.210380 1.373770 0.428952 3.873219 6.382641 5.399922 
0.217954 -0.379551 -0.196775 0.012506 -11.219610 -6.945421 0.136836 
0.444167 -0.425977 0.128318 -0.238597 3.176026 -20.057367 -6.955900 
2.752555 -0.101628 1.023690 -1.574003 -3.690285 6.750875 -2.045084 
0.266546 0.629126 -0.035153 -0.792804 -1.134458 -1.069983 2.482994 
0.104305 -0.798809 0.515074 0.607858 14.906233 -3.442924 4.211127 
0.144490 1.041592 1.332710 -1.224700 -2.138694 6.965824 -11.483132 
0.094619 -0.594939 -0.472401 -0.403978 -13.271395 0.806056 -5.399237 
0.144851 0.505136 0.121347 1.360927 8.607887 -7.079297 1.792369 
0.132290 -0.891570 0.767831 1.481497 -9.278821 13.875562 -0.460182 
0.524424 0.090207 -0.197688 0.368956 1.350724 0.280737 7.448073 
2.804970 2.195623 0.506928 0.451495 10.129746 1.352204 4.989752 
0.151725 -0.516133 0.206369 -0.126540 -18.048961 -1.226463 -10.830364 
0.691052 -0.811141 -0.431699 0.109621 8.730305 -3.835093 8.059373 
0.123125 -2.529626 -1.317092 -1.140880 -11.797374 -1.182580 -4.363273 
0.095501 0.159894 0.570429 0.195530 -5.164382 4.701225 -5.461064 
0.082472 -0.111740 0.005639 0.496855 -0.809829 3.848447 -13.152928 
0.088000 0.599512 0.148264 0.963145 8.205207 2.644412 -1.106648 
0.106567 -0.522630 0.420279 -0.034181 0.502752 -4.481405 -2.831822 
0.083960 -0.889851 -0.679269 1.497366 -8.021937 0.505241 7.152570 
0.444394 -0.031270 0.884332 1.096374 0.394493 3.758550 9.035545 
2.968598 -0.309792 0.054448 -0.316221 13.176356 -6.596281 0.941858 
0.118415 -0.250723 0.194047 -0.343096 11.330245 0.441736 2.219619 
0.123056 -0.365432 0.442888 1.122101 0.659624 14.588107 2.564832 
0.111967 -0.433354 0.829323 0.153985 7.788726 -0.465918 7.411046 
0.095336 -0.314945 -0.387553 0.002300 0.584664 1.910014 2.095374 
0.085245 -0.636679 0.074914 -0.556797 3.338484 3.646449 -9.727289 
0.219520 -1.287829 -0.258627 -0.117861 2.926909 7.241433 -8.123842 
0.269315 -1.230340 -2.361516 1.899877 -5.912391 -8.045944 8.476696 
0.084729 0.507696 -0.423286 0.884535 5.891033 0.427056 3.148112 
0.193296 0.394531 0.295391 1.066814 0.746514 18.486172 1.647982 
3.042533 -0.277913 -1.011088 -0.133733 1.814346 -2.795624 13.076175 
1.417540 1.750264 1.774954 -0.181549 5.480448 3.146452 4.302797 
0.348250 -0.095066 0.015172 0.702372 4.069446 -4.383789 4.946107 
0.189420 0.697035 0.489002 0.846299 6.621309 6.626787 -0.426228 
0.222484 -0.023504 0.273539 -0.327144 -10.009368 12.487299 -9.660574 
0.319069 0.186434 0.450245 -0.076565 -1.098298 1.470142 17.428778 
0.092091 0.136794 -0.120913 0.195488 4.265819 5.879620 -16.243014 
0.486369 0.749695 -0.965065 -0.064734 -3.713238 -5.862697 3.572241 
0.293964 0.063773 0.879541 -0.205420 -6.313386 -0.183502 -1.703728 
0.150389 -0.920094 0.989101 0.336454 -5.755102 9.329768 7.525600 
0.098254 -1.052945 0.279092 0.912889 -12.952378 1.897225 13.430719 
0.129777 -0.002202 0.323648 0.424928 0.594384 9.118771 -10.017394 
0.089968 0.303189 0.890028 -0.484956 -11.186102 -1.680931 -11.325069 
0.178187 0.681361 0.204136 -0.225200 -0.176490 2.241195 7.213896 
0.446547 -0.325473 0.554622 0.441715 8.791773 3.335666 -1.371181 
2.596189 -2.345553 -1.952964 -0.503110 -13.042135 -8.742036 3.384473 
0.941679 0.075310 0.393658 0.707487 0.082864 -6.081757 16.231044 
0.357477 -0.388595 -0.590799 0.520039 3.712763 -7.951332 2.851010 
0.233141 -0.965095 0.507582 0.095944 -11.668654 -3.058471 11.375548 
0.109886 0.132073 -0.064157 0.195518 16.873872 -4.552380 8.603370 
0.103385 0.340131 0.434963 0.912027 2.862561 -8.362870 5.524720 
0.307529 -1.304836 -1.380728 -1.972269 -2.806233 -9.151280 -2.806715 
0.224214 -0.688211 0.047811 -2.561189 2.816671 -7.222243 -13.541415 
0.688471 -0.236648 0.539056 -0.041942 -16.353268 14.249918 4.389441 
0.121886 0.534023 -0.878097 0.613485 1.929530 1.672825 12.260596 
2.036878 2.062867 -1.526808 -0.585708 3.757312 -4.950634 -6.034662 
0.108772 -0.299708 1.140619 0.151063 1.133366 -0.243556 -9.023844 
0.087214 -1.086065 -2.000083 -1.045795 -0.013555 -8.507902 1.888855 
1.095005 -0.421304 -0.736947 -0.424578 -8.017951 -8.725729 -3.091123 
0.462444 0.080364 -0.310873 -0.921811 -1.457064 -2.136152 -4.921771 
1.195467 -0.342238 1.026553 -0.051469 -5.102179 15.513741 -6.416975 
0.124532 0.704751 0.464307 -0.091359 8.938733 10.474561 -8.410387 
0.239527 -0.808682 -0.219726 0.842075 -11.355815 3.103109 6.170868 
0.513647 -0.018982 -0.422345 0.144308 -10.207967 -7.604897 -16.413293 
2.322161 0.535811 0.057510 -0.980968 7.322571 7.060689 7.272654 
1.749945 0.067850 -0.539440 0.237040 9.164899 -12.146504 1.709825 
6.427225 -0.098708 0.710978 -0.303659 4.598655 5.252810 -8.076818 
0.187473 -0.756540 -0.024022 0.672793 -7.233743 6.376027 12.327284 
0.080411 -1.211762 1.469557 1.096970 -1.282816 3.707629 1.360839 
0.084886 -1.081354 -0.394407 -0.306157 0.248203 1.586296 2.916541 
0.210734 0.161218 -0.457524 0.068094 1.423777 -3.816604 7.975825 
1.039799 0.362883 0.443930 1.338290 -6.625024 4.603780 8.542851 
0.589256 0.349741 0.150924 0.155460 -3.484130 7.858079 -11.378168 
0.193774 -1.151528 0.196505 0.715357 -7.156882 -16.561846 9.749715 
0.204408 0.552190 -0.003712 0.341229 3.856770 4.023833 16.848766 
0.203976 -1.314497 0.161735 -0.410898 0.931222 -4.374473 -10.943677 
0.100379 -0.171031 0.051980 0.357498 2.033041 10.316018 -2.229356 
0.224716 -0.141849 0.309336 1.586155 -8.267514 10.773184 1.079152 
0.736908 -0.631636 1.666891 0.073490 -12.775313 4.275187 -2.349918 
0.183623 0.970145 0.318325 -0.661512 -1.574825 -2.433736 7.849435 
5.763363 -0.447159 -0.403101 0.024161 4.470666 15.774187 4.975337 
0.155563 0.539653 1.789290 0.376257 3.684879 20.661851 3.956313 
0.205052 -1.388921 0.219774 0.871780 -7.157447 -11.894995 7.096162 
0.256881 -0.614127 -0.848631 0.792858 -2.200571 3.958717 13.853620 
0.383592 -0.012947 -0.763500 -0.602193 -4.282899 4.859482 -15.628693 
0.115189 -1.315878 1.618720 0.535305 -5.586680 4.074165 16.065703 
0.144188 -1.195671 0.462175 -0.095835 -6.345955 4.838422 -10.426916 
0.208231 -1.185697 0.513977 1.368465 -5.655098 -3.275810 4.636878 
0.523071 -0.009871 -0.121456 0.627366 14.261402 3.333623 9.562942 
0.460238 0.612244 -0.004986 1.473372 9.259326 1.727425 -5.799734 
0.500482 -0.516340 0.575085 0.228784 -12.180896 -13.058107 16.802386 
0.190881 1.407946 0.407964 1.774829 13.728805 -3.036167 4.522048 
0.095002 -0.406617 -0.127257 0.558221 0.816431 -1.278500 12.064008 
0.282526 -0.669195 -0.068175 0.659015 -19.983632 2.497804 0.634515 
7.200905 -1.221307 0.478786 0.782497 -8.625537 2.570569 -9.688918 
0.639887 -0.652092 -0.243030 -0.642653 9.583781 -10.095942 -5.179347 
0.088337 0.189169 0.066932 0.637406 -4.841843 9.329626 7.594836 
3.427020 0.437794 -0.011405 0.746712 -8.683200 8.781781 2.038308 
0.286232 -0.723932 -0.473915 0.786389 -4.206524 6.779114 5.329894 
0.111446 -0.984509 0.659055 0.733211 -7.528570 -4.042966 -7.228641 
0.194955 -1.288132 0.019080 0.276839 -16.498823 -3.589064 -6.812184 
0.190041 -0.620414 0.345041 -0.304040 10.705879 1.410085 0.570955 
0.170109 -0.591415 -0.285877 0.036865 7.414325 7.513647 -19.761296 
0.162386 -1.106063 0.494235 -0.149792 -2.229968 0.151360 -8.030915 
1.166044 1.219900 0.744997 2.342124 2.968991 12.756463 12.468946 
0.584740 1.059777 -0.010153 0.362753 -10.025074 -3.224757 -2.812808 
0.396613 -0.710012 -1.118909 -1.066984 -8.204450 7.053657 -3.260489 
2.418064 -0.468272 0.282247 0.061608 -2.891054 2.631353 -5.418749 
1.010429 0.783062 -0.103891 0.187159 7.327082 -6.032639 -2.845062 
2.532142 -0.603101 -0.267194 0.119203 24.691543 -11.812113 -1.183607 
0.107929 0.254197 0.078278 0.387306 -9.235841 -15.178276 -10.538971 
0.167175 -0.188358 -0.009605 -0.068104 9.384615 2.235436 20.070938 
0.254952 1.622468 -0.486083 -0.987601 2.233354 6.302210 -6.307034 
0.429694 0.792712 0.837515 0.592437 -0.580462 6.307066 -5.979699 
0.496826 0.373632 0.429026 1.075402 6.414337 11.706480 10.761914 
0.121547 0.471929 -2.649134 0.150713 -2.497131 -17.779351 -2.894034 
0.215928 -0.210214 1.238497 0.251993 -1.753354 0.134308 -2.339338 
0.270339 -0.601918 -0.648078 -0.349028 -1.570641 -18.211623 -9.194767 
0.080083 0.407191 0.150444 0.526350 8.140570 -3.425521 -10.778154 
0.272801 -0.334323 -0.039312 0.382269 -19.844401 6.565204 -2.441506 
0.248941 0.588360 -0.062956 -0.073942 7.701818 13.093889 -15.298127 
0.198171 -0.493840 -0.049548 -0.253904 -10.552347 15.484719 4.347526 
0.125940 -0.619976 1.512174 0.032213 -10.924613 8.086145 -2.676780 
0.397489 -0.094921 0.163871 -0.069524 -12.522689 7.729811 -7.019065 
0.109822 2.180161 0.184055 -0.556114 11.765025 -1.414216 -7.920650 
1.950578 0.036595 -0.345069 0.719836 5.270154 -4.330934 4.057360 
0.085723 -0.328721 0.614576 0.932438 -4.040392 -4.577794 1.916621 
0.261677 -0.071908 0.457814 0.663671 -13.063509 -3.866125 1.115240 
0.410668 0.082313 0.413380 0.831268 4.080336 -13.039556 -5.004546 
0.278253 0.375481 0.406205 0.789605 -4.257955 11.913829 -2.136555 
0.362834 -1.290043 0.915741 0.480517 -8.637001 -1.925811 2.215959 
0.191416 4.277419 0.911184 -0.432391 25.778131 11.777529 -4.218193 
0.204516 1.016099 -0.359134 -0.571391 0.358940 4.250119 7.808484 
0.119244 -0.345731 -0.265792 0.475985 -6.365965 -20.756933 -6.963282 
0.394798 -0.015040 -0.363769 0.433458 -7.545284 0.689037 6.840467 
0.108074 -0.239367 0.774932 -0.424296 -5.799772 -1.006230 7.812731 
1.687457 2.028202 3.068684 0.457805 11.626745 12.522608 6.527264 
0.142585 0.012717 0.830191 0.224241 -0.099494 15.367847 11.107089 
0.999592 -0.925389 0.849960 -0.133667 -6.053737 -1.159590 9.670482 
0.835224 1.293281 0.735121 0.070529 -4.294730 13.132240 3.485236 
0.133760 -1.234661 -0.631986 0.610905 0.547437 7.622160 7.695281 
2.914902 0.888143 -0.601889 0.181483 -1.698423 0.145765 0.132804 
0.289537 -1.101790 -0.399348 -0.043199 -1.937215 10.161355 -1.248630 
0.111589 0.697549 -1.390503 -0.884962 9.122931 -27.467338 -21.541803 
0.666435 0.011370 0.822489 0.565583 -0.875864 -1.299827 0.849985 
0.118124 0.142383 0.514420 0.445333 -1.539560 14.004422 -5.643843 
0.082017 -0.749453 0.699196 -0.141775 -3.161320 -3.004759 -10.157609 
0.384643 0.466587 0.163202 -0.147336 5.350629 13.855565 5.153837 
0.170390 -1.047984 0.462108 0.857597 2.582055 4.645165 -8.075280 
0.164634 -0.088074 -0.413812 0.752645 4.039653 -2.611356 -3.521489 
0.710018 -0.754219 1.312187 0.791270 2.265745 -1.062261 1.229053 
0.490174 -0.415080 0.430134 -0.603663 -1.249984 9.011248 2.640631 
0.209872 -0.372054 0.882656 -0.283074 -0.876346 -3.161457 -12.916946 
0.191407 -1.693360 -0.892857 -1.781979 -1.117533 0.976628 -9.915597 
0.086220 1.190366 -0.207843 0.870287 0.193698 -2.308221 8.103598 
0.253249 -0.783960 1.145752 0.081213 -12.945378 7.979931 -1.890742 
0.443660 -0.410583 0.343811 0.257150 -13.985859 -6.891170 0.117043 
1.478874 -0.466917 0.761971 0.290726 -14.973596 -9.710267 -4.976965 
0.997008 -1.335439 -0.221803 0.074269 -11.308084 2.782548 -0.204875 
0.119733 -0.303852 0.285078 -1.113469 6.106066 -7.075382 4.830623 
0.155712 -0.389168 0.412130 -0.052094 10.573304 6.823952 -19.962529 
0.248140 1.614696 0.383760 0.181516 4.850777 4.408781 2.188765 
0.211986 -1.086257 -1.421346 2.357457 -6.754761 -8.369046 4.617465 
3.164370 -0.115650 0.483930 0.815168 -8.164445 -2.854657 12.135690 
7.811175 -0.117690 -0.373649 0.673213 -6.054743 -3.560881 21.348841 
0.119711 0.244527 0.046549 0.597247 6.423301 0.716922 -8.195079 
0.081905 -0.504890 1.865981 0.462049 -5.950202 -0.129908 2.837347 
0.128974 -0.909720 -0.662691 0.057130 -3.524474 -1.540807 -9.122775 
0.098410 -0.315963 0.380471 0.253094 9.801496 -2.850570 7.213335 
0.208666 -0.266780 0.564846 1.729010 3.955276 7.903063 13.999427 
0.338702 0.329107 -1.090486 1.217029 7.818112 -0.682802 10.974124 
0.270406 0.422110 -0.421110 -0.657341 12.919683 3.913012 5.477394 
0.261780 0.226668 -0.088192 0.682117 0.654637 -7.865193 9.578404 
0.198271 -0.325717 0.685184 -0.352269 -10.277623 3.890020 1.503258 
0.547947 0.629916 0.611193 0.540884 3.581964 6.437162 -1.518033 
0.084496 -0.599390 0.248203 0.762055 -1.812558 -18.963869 1.770938 
0.547853 0.210314 -0.641798 -0.085116 -7.495128 2.599114 -1.528415 
0.124445 -0.831154 0.802058 0.209490 -14.625057 6.663901 -8.728297 
0.573077 0.095334 0.170482 0.224762 -0.972360 -8.724385 12.587417 
0.415176 0.331441 -0.683876 0.155879 -2.275600 3.644741 9.552192 
0.878922 -0.502782 -0.605818 -0.512629 -7.406461 -11.605332 11.323415 
0.094683 -0.404790 0.525325 -1.388555 0.290844 -7.622017 2.645866 
3.025229 -0.400620 1.815961 -0.327222 8.571025 2.414605 -3.309954 
0.102725 -0.797022 -0.777856 0.465017 -0.143354 -3.004536 11.808299 
1.385436 -2.385669 0.907713 0.582564 -6.188112 11.760832 4.875037 
0.188343 0.856986 -0.502969 0.905970 -3.073836 1.015932 8.429391 
0.308804 0.431857 -0.030014 -0.272845 0.792282 -12.059929 -3.967838 
0.266901 1.791014 0.902228 0.461196 11.872444 -3.498626 2.083549 
0.352073 -0.428168 -0.294885 -0.475963 -11.751352 1.365997 16.410321 
0.588656 1.209107 -0.880613 -1.467350 8.882558 -1.573394 -2.373437 
0.105091 0.207209 0.472570 -0.202570 5.861019 -3.236546 -2.756367 
0.147682 1.028416 -0.437561 0.139524 -1.137852 -4.942065 14.667685 
0.179358 -0.968965 0.805151 0.193425 -7.074094 5.113577 7.228167 
0.522896 0.210280 -0.999957 0.031691 -7.358945 -0.700781 -0.879284 
0.141510 0.820564 -0.457655 -0.118517 -2.332734 2.183173 6.401745 
0.105633 -0.053669 0.165918 0.785428 1.888576 0.154243 7.896687 
1.115389 -0.242854 -0.028644 0.696816 -11.952704 5.983764 6.311343 
0.100224 2.309563 -1.690004 -0.529495 5.916270 -8.180764 -9.746233 
3.043771 1.722497 -0.452750 -2.001067 7.171337 -2.276024 -3.345946 
1.677124 0.201643 -0.085730 -0.172731 -7.348229 17.682614 -10.065890 
0.154714 -1.640071 -0.741840 -0.501253 3.736715 -1.088233 -1.966818 
0.509531 -0.011868 0.345681 -0.021949 -14.633100 -2.719643 -7.321066 
0.118595 -0.110434 0.266977 0.227093 -19.175322 9.239708 -12.278190 
0.192470 0.903752 -0.384259 0.569991 -4.321785 -1.603369 0.275911 
0.156661 0.075575 0.036627 1.644086 -0.207171 13.272127 1.878503 
0.269171 -0.779757 0.112420 -0.179200 -10.599527 -0.807450 10.495408 
0.275015 -1.167693 0.385942 -0.159509 -3.177668 -4.024198 -5.106418 
0.133107 -1.142564 0.525754 1.242826 -4.231625 7.951597 10.592792 
0.116244 0.086183 -0.758407 0.124909 -10.653747 6.817256 -3.496274 
0.262815 -0.709324 -0.820706 0.000833 -3.706882 4.375514 -11.895902 
0.152197 -1.391544 0.457513 -0.981277 -15.317614 2.416052 3.128994 
0.591538 0.397401 -1.282449 -1.966284 -3.611673 -3.374329 -15.091862 
0.273814 0.316322 0.733777 0.297448 7.360479 14.356373 2.818320 
1.296377 -0.731750 1.561262 0.112029 -10.034811 10.252129 -2.352620 
0.625099 0.075285 0.284198 1.294841 -0.868030 12.606188 7.554396 
0.953431 -1.618134 -0.640974 1.815877 -3.464486 -1.476229 10.744787 
1.362864 0.427772 -0.041058 -0.180996 8.674052 -8.974192 -0.424636 
0.388981 -1.399336 0.053403 0.611254 -9.050532 -3.304822 -4.627920 
0.178332 2.577523 -0.106681 0.250190 15.814303 6.108353 6.958458 
0.372184 -0.348814 -0.413265 -0.152099 3.359591 7.112188 -13.091094 
1.884918 -1.450495 0.099776 0.457866 2.913835 -0.053566 8.743224 
0.093160 -0.584167 -0.538900 -0.266226 11.366279 4.596642 11.332079 
0.093696 0.800001 0.250340 0.231172 -4.573367 11.135076 -2.943433 
0.080850 1.842486 -1.952346 1.680878 3.094020 -13.798977 9.221160 
0.277717 -0.062005 -2.252489 1.797174 0.796500 -3.451732 12.605418 
0.330199 -0.547748 0.729996 -0.070158 3.286473 -6.647566 -9.491420 
1.020862 0.443083 -0.174924 0.194015 -9.363208 -7.264980 -2.507196 
0.554068 -0.798628 -0.014773 -0.081775 1.209849 -12.111482 -10.751146 
0.410517 -0.427529 -0.098895 0.745741 -17.976908 3.029599 -5.062337 
2.241100 -1.415949 0.641921 0.008251 0.679358 4.743799 -7.029258 
0.769947 0.027737 0.023377 -0.871099 8.669660 9.060574 -6.561938 
0.085466 -1.118807 -0.800524 -0.194041 -14.298729 -1.735702 1.910812 
0.645582 -0.116127 -0.028181 -0.425997 4.369432 -9.108079 8.575288 
0.291207 2.130423 -0.016674 -0.739043 11.731531 -1.738499 -3.412980 
0.780826 0.525653 2.127490 0.527791 -8.764006 11.260283 4.090234 
0.178041 -0.153391 0.269145 0.458389 0.499609 -3.321674 -9.415608 
0.111657 -0.172821 0.564588 0.505222 -9.364112 1.781581 -7.666913 
0.141933 0.381607 -0.311024 -0.600764 4.970148 0.948197 -4.733036 
0.503658 -0.860661 -0.733056 1.215714 -10.655827 -4.118006 7.819124 
0.266518 -0.226148 -0.893883 -1.055954 -13.231853 0.145191 0.471675 
0.136578 1.304982 0.516962 0.387217 2.549257 3.841812 -1.766964 
0.126498 -0.811323 -0.780893 -0.415387 2.367608 -2.953796 3.746515 
0.081261 2.119321 0.078524 0.124708 7.878443 -10.912838 -0.626233 
0.167252 -0.389625 0.297309 -0.043708 -8.183488 5.186723 -1.537794 
0.607244 -0.540240 2.310717 0.477730 0.911452 2.226148 -1.602028 
0.266741 -0.900395 0.042960 1.156528 -0.682842 -5.340877 7.645465 
0.157175 -1.372930 -0.742881 1.734412 -18.375326 -0.984457 3.933586 
0.366807 0.454153 0.026062 -0.580568 0.051642 10.960585 1.771466 
1.030213 -0.572242 0.150218 -0.467979 -8.696392 3.161060 -7.216223 
0.140945 2.126365 0.938478 0.729316 5.257372 -1.786602 8.657637 
0.288794 -0.606631 0.582122 -0.529608 -0.698564 4.869253 7.087454 
0.182724 -0.697528 -0.091748 -0.375432 7.318219 -17.101880 2.024745 
0.115248 -1.408506 1.026567 0.635038 0.988505 -3.569050 6.395529 
1.012019 0.300002 0.470245 -0.387781 7.755060 2.095737 -2.549035 
0.292049 -1.319456 -1.080107 0.694511 3.285283 -9.255673 5.223157 
3.273691 0.027319 0.010960 -0.071799 -4.833245 -1.469785 -15.243511 
0.507219 -1.338161 0.175940 1.395536 -6.757589 -11.904582 6.145988 
0.325723 -0.192341 0.446466 -0.311053 20.273420 -2.391676 -4.985297 
0.153073 1.472876 1.185588 -3.627392 10.680578 0.045085 -25.706602 
0.229855 0.523059 0.244349 -0.093124 -8.534129 -4.618963 -8.067786 
0.196589 0.140934 0.336805 0.218215 -3.605733 0.772767 16.565559 
0.095001 -0.535035 0.318067 -0.987251 -7.165935 1.114587 3.666590 
0.458870 -0.314689 0.039584 0.118517 14.803334 11.630245 10.214079 
0.085890 -0.350623 2.279468 1.531940 3.468264 5.589575 14.357364 
0.170408 -1.023571 0.669165 0.573211 -5.758417 1.022791 11.682222 
0.130084 -0.328487 0.818882 -0.115571 -11.281510 13.070083 -4.360689 
1.384359 0.145802 0.667170 0.471148 1.595704 6.705605 -6.168941 
0.642711 -0.182119 0.317137 0.313388 -2.129406 -4.106720 8.341228 
0.176254 0.371072 0.785197 0.642985 11.105694 14.967404 -1.080202 
0.156623 -1.436582 -0.162383 0.508787 -2.940034 10.822174 0.603010 
0.874755 -1.067803 0.005353 0.184989 -4.183098 2.440616 -12.703444 
0.628183 -0.184264 -0.465129 0.535212 1.771907 -1.566724 -10.919909 
0.127719 0.541746 -0.461986 1.589427 -8.142093 -1.530713 14.039850 
0.209256 -0.614836 0.592581 -0.353552 2.090837 9.185075 -12.686874 
0.393003 0.344801 0.133144 0.075418 -5.676834 -6.333978 10.714439 
0.395444 -1.306892 -1.587412 -0.050156 0.560371 -1.111554 5.982729 
0.150757 1.094685 -0.847979 1.327867 11.906664 -0.539389 4.389714 
0.613619 1.407976 -0.325102 -1.883237 8.331688 -6.338960 -9.775653 
0.371705 0.137850 1.030056 0.544919 -13.433215 8.007809 -1.842895 
0.128172 -0.406562 1.127649 1.209972 -6.773739 2.883984 11.070295 
1.227367 -1.403948 2.085679 1.010641 -1.789333 12.702539 7.512766 
1.287495 -0.256654 0.283644 0.272044 -3.122543 4.851816 -3.563903 
0.285623 -0.699055 -1.093849 -0.613676 4.959468 -6.100641 -2.901369 
0.186793 -0.449035 1.593514 -1.374485 -6.032991 5.611609 -7.426346 
0.151928 -1.051645 -0.305859 0.092854 -19.747218 2.290065 11.987696 
0.107729 0.117779 0.210979 -0.326501 -6.722124 21.926008 3.415202 
0.789450 -0.287145 -0.600033 -0.299007 -3.895781 -18.220446 -11.902950 
0.417882 1.186666 0.004688 0.358078 -2.675895 -4.157856 14.858153 
0.415458 -0.442156 -3.355570 -0.357848 -5.624761 -14.600472 3.575081 
0.510419 -0.929707 1.007003 0.333545 -15.269357 3.714945 -4.539066 
0.130425 -0.848335 -0.079466 0.038034 -13.645149 5.287649 -19.496397 
0.312402 0.526277 -0.523855 0.232687 3.842630 -15.120129 5.543084 
0.489643 -0.115053 0.659033 -2.808685 -3.768169 5.547811 -9.573011 
0.449688 1.129363 1.061405 0.767969 4.056711 11.788262 -6.753033 
4.640213 -1.730491 -4.084894 -5.143197 -7.542296 -23.212283 -32.964861 
0.102329 -0.069639 0.634224 0.596693 5.737909 12.952241 -9.710358 
0.088752 -1.327534 0.928519 -0.198101 1.515326 8.526842 -10.495556 
0.124181 0.679349 -1.181769 0.235852 1.493201 1.114162 -5.935166 
0.142677 -1.004126 0.175360 -0.085768 -10.712232 9.799143 13.145077 
0.646196 -0.424329 0.485269 -1.221153 6.760657 -8.069712 -6.391034 
0.112694 -0.318016 -0.857201 -0.235402 3.907625 -0.522347 -10.115394 
0.176104 -0.803122 -0.171529 0.082987 -7.892581 12.235205 2.695239 
0.106965 -0.624132 0.277277 1.025307 0.499419 7.322372 0.947492 
0.330430 -0.317534 0.086075 0.026972 20.648334 -11.521508 -8.008806 
1.059937 0.722748 -0.219281 -0.755164 -3.826478 1.369704 -2.287208 
0.446854 -0.191776 -0.041040 -0.405608 -7.874379 -14.919758 8.460413 
0.249843 -1.000375 1.306409 0.676285 -8.390395 4.710454 -1.638141 
0.126972 -0.217962 0.469979 0.486060 1.559248 11.029695 16.797226 
0.148713 0.573676 -0.194031 0.424905 2.483093 2.622195 -8.386501 
0.153845 0.933211 0.893680 -0.365688 -3.767280 -0.710604 -0.765822 
1.523067 -0.120445 -0.737525 0.112608 0.815475 1.220952 -4.043125 
1.665441 0.088567 0.288896 -0.845862 -6.398114 15.155014 0.099170 
0.167356 -0.198611 1.199293 0.866289 -11.582373 5.044314 1.995501 
1.433413 2.710803 -2.089421 -0.008531 8.488988 -13.982302 1.538122 
0.264805 -1.313213 -1.173493 0.390834 -7.860907 5.216943 3.695249 
0.110793 -0.018242 0.854664 -0.769720 2.244490 2.093749 -0.932341 
0.180061 -0.423712 -0.468286 0.314865 -1.333691 -11.553018 -2.277504 
0.195410 -0.143924 0.255315 -1.520317 0.174270 0.792108 5.826824 
0.091610 1.362550 0.577351 1.145605 -3.238220 -1.005600 11.757630 
0.100160 -0.426851 0.953812 0.610219 -1.327026 15.445594 1.464176 
0.329612 -0.258713 0.446732 -0.491232 5.726647 4.546198 -15.000957 
0.174903 -0.955315 -1.350661 -0.510994 -9.016884 5.200227 -5.379696 
0.088879 -0.151273 0.151917 0.135674 7.047390 -7.129048 -5.223539 
1.382242 0.489313 -0.878702 -0.758127 8.552623 -4.289847 9.659898 
0.137418 -0.980302 -0.218115 -0.077186 -2.395518 1.062689 -0.044843 
0.550522 -0.216788 -1.206753 0.744194 9.943622 -1.191767 7.503086 
0.977405 -1.096030 0.274028 0.042411 -3.262794 -14.174722 10.344171 
1.078071 -0.173969 -0.144809 -0.602025 2.564559 -14.119738 -1.882810 
0.158053 1.196194 -2.244424 0.051483 11.742743 -11.976311 1.728077 
0.173348 0.088945 0.142297 0.168301 -11.820063 3.401212 7.076216 
0.082934 0.654131 0.297582 -0.286754 -9.762782 7.108838 -14.274448 
0.136636 -0.853975 -0.039223 -0.262497 -0.347941 -0.897706 -17.651000 
0.143734 -1.029524 -0.144795 0.103144 -16.914993 -7.401133 15.868974 
0.441192 0.298740 0.324583 0.285059 5.124082 -8.584803 10.674765 
0.419927 0.621861 -0.427702 -0.607478 6.121219 6.402550 -7.514562 
0.233936 -1.068850 -0.318597 -0.345241 3.458909 -9.838357 -16.747130 
0.472655 -0.063801 -0.416489 -0.225060 6.531723 7.210818 10.574679 
0.114863 0.339164 0.111602 -1.039558 8.348666 -3.974829 1.979325 
0.090134 -0.518568 0.244477 0.148716 -12.310652 -9.246537 -6.400570 
0.541043 2.078303 -0.316051 0.700809 8.660115 -1.344805 10.845957 
0.282572 -1.199919 0.250224 0.840116 1.742893 10.172157 2.127021 
0.115642 1.067012 -1.112460 0.053492 -2.781285 -0.502763 0.031788 
0.081355 -2.244260 0.750520 -1.041952 -14.932126 7.409553 2.296119 
0.367829 -0.514469 0.650578 0.190548 2.911529 18.194514 -12.569626 
0.139629 0.138613 -0.727657 0.189219 3.164963 9.859162 1.806722 
1.352784 0.511348 0.203806 0.104136 1.238377 8.196866 4.831222 
0.125255 0.535733 -0.764332 -0.172646 1.682781 -5.139963 8.064184 
0.401327 -0.222357 -0.714019 2.490566 -1.396566 -0.536144 7.952808 
0.285734 -0.796531 -1.869175 -0.053741 5.961087 -7.354815 4.818363 
0.395651 1.419509 -0.376185 0.074613 2.544677 4.107473 4.877273 
0.293098 -1.050403 0.411352 0.041600 -12.706295 10.355048 -16.777002 
0.087827 0.542754 0.047835 0.384143 4.926129 -12.386681 -6.268666 
0.145431 -0.252593 0.665453 -0.889853 11.961502 9.736281 -3.284310 
0.180115 -1.698509 0.881979 0.436124 -3.789136 -2.018310 10.019571 
0.096200 -0.229115 0.832076 0.206683 -6.325789 13.265387 0.084260 
0.666776 -1.711167 -0.730832 1.592327 -9.691491 -0.691634 6.094312 
0.204329 -0.668283 -0.470486 0.347459 -6.701944 0.900200 -8.640419 
0.115895 -0.461203 0.845724 -0.591358 -8.527760 1.141193 -4.289622 
0.093908 0.230444 0.565005 0.779903 -0.123411 17.820519 5.364180 
1.218377 -0.047631 0.824228 -0.143598 13.447271 -1.454363 -12.796002 
1.577937 -0.999973 -0.257883 -0.099212 -5.214603 2.113741 2.859047 
0.624013 -0.650483 0.052634 -0.685050 -4.695290 9.847740 -0.758954 
0.094581 0.453849 -0.514495 0.180898 -9.403934 -15.405242 -5.345408 
0.082735 -0.191311 0.537184 0.899829 -1.487591 -4.334987 13.888438 
0.117562 -0.413840 -0.059652 -0.896663 -10.745206 14.987273 0.334908 
0.104059 -0.233710 0.527925 -0.461446 -8.296670 13.543977 6.849470 
1.175398 -1.228827 -0.800141 1.450060 -13.368765 -6.957403 0.294016 
0.164169 1.504003 2.189927 -1.234356 5.865079 3.287969 -9.428625 
0.291452 0.024110 -0.523101 -0.217964 7.080881 -1.611635 8.834162 
0.206673 -0.941218 -0.897187 -0.301502 0.010401 2.484152 -3.273763 
1.289324 1.615355 2.552837 0.564862 12.421980 16.345844 -5.520037 
0.086315 -0.858952 0.304726 0.187585 6.436819 3.576020 15.361913 
0.235153 -0.158789 -0.679792 -0.281397 -2.837401 4.284958 -7.590524 
0.115719 1.821803 -1.657346 -2.365761 13.042980 -11.050155 -9.819630 
0.363410 -0.020692 0.840912 0.569082 -15.130680 2.679623 2.410615 
1.751386 1.080605 -0.376772 0.389434 -8.901049 -4.079449 6.848349 
0.207984 0.413026 0.415948 -0.059952 -5.279224 7.178673 8.901331 
0.102911 1.007567 -1.110273 0.630087 4.502356 4.323828 10.597098 
0.178659 0.207805 -0.254672 0.200648 -0.752630 -19.488208 -7.934773 
1.266026 -0.345252 -0.656512 0.803577 -15.942683 -16.275116 29.084676 
0.304509 -0.778094 -0.242807 -0.568741 -10.473581 6.695565 -5.577949 
0.111776 -0.267661 0.133766 0.156167 4.674436 -2.537369 9.772018 
0.518423 -1.763722 -1.047309 2.440875 -6.670217 -12.060631 14.854469 
0.412206 -1.410833 0.733768 0.254519 -12.117350 11.497324 -10.397067 
0.151101 -0.133290 0.539981 0.602114 -13.266032 -2.409471 9.682264 
0.220913 -0.040278 -0.372955 0.223334 -4.308678 -19.481922 -3.533705 
1.412488 -0.384036 -0.035769 0.096766 -3.496522 11.422723 9.176332 
13.278585 -0.674925 -0.304921 0.038916 5.378496 -2.382866 -8.747829 
1.463321 0.014221 1.212482 0.839267 12.453577 5.842994 6.691508 
0.120159 0.783884 0.792424 0.455557 -1.909425 11.305589 -5.270555 
0.365350 0.127066 -0.648969 0.045645 -4.243567 -3.831999 -9.830007 
0.105973 0.001812 0.673358 1.076086 4.676214 12.388907 6.428868 
0.295892 0.340135 0.879586 0.602594 5.956759 10.716741 -3.483668 
0.206326 0.275471 0.226197 0.486684 2.930464 -3.064614 0.512749 
0.093712 -0.531672 0.541363 0.122203 19.639322 -6.854672 4.628083 
0.095148 -0.519489 0.845693 -0.209907 -11.475833 -0.893113 -9.070260 
0.206538 -1.658600 -1.311552 0.592119 -15.139065 0.862998 2.379175 
0.086877 -0.714277 -0.387066 -0.729901 -7.801248 -4.595704 -7.885120 
0.089099 -0.522196 -0.947876 0.342090 -3.780154 1.352058 -12.102872 
0.510706 -0.563252 0.709375 1.148379 7.981093 -1.063184 8.386092 
0.209703 2.551656 -1.014703 -0.830467 10.866949 -0.191720 -1.611847 
0.558090 -0.525522 -0.822234 -0.066996 -1.550124 -12.782261 -9.826026 
0.094925 -0.167106 0.514944 -0.408165 -7.352111 7.746476 8.637855 
0.169485 0.020883 -0.568900 0.077710 -4.372877 0.756411 17.629306 
1.190304 -1.471595 -1.752647 0.587373 -0.964174 -6.806437 1.998492 
0.229716 -0.729135 0.003668 -0.099846 1.692284 19.846946 7.297984 
0.590880 -0.855543 0.728144 -0.310892 6.179668 7.793353 0.374062 
0.480535 -1.278260 -0.001275 0.311677 -14.013472 -7.705621 -3.689090 
0.234429 -1.009136 -0.141445 0.502611 3.003761 3.626271 9.389119 
0.582021 -1.485702 1.004858 -1.476742 -3.227413 4.939800 -10.484421 
0.189197 -0.218351 -0.007161 0.190009 -18.476319 10.786853 13.397746 
0.259575 0.721514 0.184455 -0.724302 11.018986 -3.523681 8.636347 
0.447006 -0.853324 1.052164 -0.375052 0.958708 1.480424 -0.309771 
0.147887 0.394363 -0.505979 -0.051920 -2.051973 -7.354972 -7.721698 
0.231699 0.588614 -0.517900 0.255949 3.755377 2.203531 -0.014020 
0.453708 -0.065343 0.186792 0.410565 -10.017338 12.528307 -6.090683 
0.920339 -0.189784 1.436627 -1.318460 7.258051 3.111392 -1.257170 
0.955703 -0.388851 0.024030 0.794646 -1.265864 -8.123120 -0.261721 
0.084577 -0.415360 -0.459600 -0.030970 -6.994545 -4.811313 19.231046 
0.160624 0.113600 0.618358 0.712613 0.184618 -5.896615 -3.381573 
1.172148 3.542078 -0.149129 -4.396026 23.203917 -3.608361 -36.632296 
0.760534 0.528893 2.941254 1.271429 7.042903 10.726216 14.138978 
0.114553 0.831981 -0.436561 0.570476 11.835566 10.254506 -0.351108 
0.117572 1.560200 -2.518903 -0.393351 6.636170 -17.712676 -4.204216 
0.762149 3.168240 4.744982 -2.405932 22.010188 30.667330 -8.289811 
0.232792 -0.577685 0.894402 0.315116 -16.445940 14.719583 9.957705 
0.215009 -0.168537 -0.687483 0.482759 -1.399919 -1.894464 2.234321 
2.204810 -0.208423 0.750208 0.023494 -3.802612 -7.766345 -1.086898 
0.129032 -0.505858 -2.171679 5.305319 3.256410 -16.934192 34.028465 
0.374042 -0.725293 -0.180161 0.076273 -26.150674 -13.142846 5.709512 
0.205433 -1.188806 1.269137 0.823268 -10.284902 8.592283 -10.293381 
0.160079 -0.983937 0.989337 -0.032299 -6.708979 13.855455 -8.253929 
0.136090 -0.615771 -0.333631 0.838761 13.745822 -9.228958 3.820352 
0.119841 -0.084115 0.856826 1.315922 -8.665103 -1.524206 7.044716 
0.201503 -0.915978 -1.012714 1.988961 1.100599 -7.379374 2.122053 
0.611073 -0.976257 -0.200516 -0.527946 -7.171360 6.297193 -3.333403 
0.115016 1.368702 -1.340740 -2.103757 5.572712 -11.275904 -5.243185 
0.399244 1.284837 -1.178261 0.747313 4.356930 -1.469099 5.847393 
0.131342 -0.401373 0.546317 -0.661042 5.015988 7.730948 14.300004 
0.174201 -0.077617 0.260734 1.946815 -2.438313 14.366995 6.971034 
0.089275 0.682669 -0.194718 0.262749 -5.740794 0.917362 6.325192 
0.438872 0.219410 0.444173 -0.356625 -9.282290 1.848033 -9.641521 
0.085636 -0.198059 -0.348029 0.066320 -14.362326 9.525336 5.519607 
0.582912 -0.479373 0.384626 0.155068 -6.702199 3.646295 7.589522 
0.240412 -1.810263 -0.073441 1.813243 -1.460334 0.768372 14.882163 
0.226021 -0.586958 0.261851 1.306401 -16.492179 -1.289523 4.447840 
0.107205 -0.637386 -0.316039 0.609505 -1.495802 -0.884096 8.974303 
1.102835 0.285485 0.411009 1.393208 1.032225 3.716657 1.547140 
0.266126 -1.517184 0.569196 -0.844315 -8.155393 -4.970082 -2.981661 
0.409423 -0.853608 1.407155 -0.686709 -8.390307 -3.454312 2.948935 
0.089384 0.910120 -0.862920 -0.344450 3.706863 -8.709550 5.034711 
0.113871 0.289907 0.409106 0.486897 -3.600583 11.890277 10.713278 
0.746267 -0.284523 1.559050 -0.621921 -4.207454 -5.647652 -2.775312 
0.219386 0.508460 -1.705102 -0.608377 11.425727 -4.937657 0.183589 
0.439077 -1.178288 0.320428 -0.549869 -10.135358 0.928624 8.902114 
1.444015 -0.682553 0.487191 0.157487 -11.562220 10.605634 9.441609 
0.102731 0.492683 0.188419 0.185512 -9.920223 17.457225 -10.509513 
0.202560 -1.286901 -4.993895 -7.244835 -5.896108 -41.870176 -68.426302 
0.091773 0.277607 -0.447483 0.318848 1.856821 -12.162770 12.673834 
0.159646 -0.599971 -0.128642 -0.225649 8.839446 -9.611229 16.341060 
0.210510 -0.914363 -0.405890 0.531922 1.527100 -9.513718 -1.155151 
0.129464 -0.221389 -0.530988 0.211212 -0.863868 -11.937450 11.799875 
0.235395 -0.302021 0.633250 -0.113848 2.326542 1.723640 -7.142379 
0.392760 -0.919490 -0.531015 0.272110 -10.436968 2.681475 13.226548 
0.340464 0.216986 1.007525 -0.130615 -0.865188 0.903921 16.214252 
0.558675 0.892912 0.700951 -0.552562 -2.010503 7.943518 -6.116954 
0.269181 -0.045796 0.497474 0.408084 -3.243831 6.707805 -8.193770 
0.080832 0.196577 0.717041 1.666307 -3.116398 -3.095374 7.974745 
0.161454 -1.159166 0.176324 -0.174478 -3.378556 7.867799 7.335146 
3.272843 -0.481034 0.528022 0.208090 -1.741949 -3.808549 6.848048 
0.126733 -0.759975 -0.727496 0.021930 -16.810604 8.534757 4.704296 
0.147442 -0.740814 -3.505999 -0.473863 -2.232151 -20.070672 1.121925 
0.234874 -0.827117 0.349609 0.873343 -4.645865 -8.009082 9.249720 
0.088322 -0.596311 0.735791 -1.471545 -10.502638 3.876949 -0.640515 
0.124823 -0.668747 0.408837 0.884545 -7.438236 5.419064 17.213258 
0.134972 1.073182 0.924259 0.195542 -1.916502 -1.092577 -4.696987 
0.114632 -0.296223 0.443283 -0.522586 -3.444224 -5.124237 -5.057347 
0.145861 0.228761 0.588747 -0.374124 -2.770017 6.987673 -1.374243 
0.263366 -1.233798 0.505834 1.450193 -12.348472 5.234073 14.230562 
0.973808 -0.932528 0.867360 0.121267 -5.491648 -0.690180 2.417478 
1.966409 -0.543529 0.358620 0.184607 1.997358 -9.376110 9.606357 
0.137245 0.361317 0.003113 0.643867 -2.989510 2.604969 18.234986 
0.175886 -0.066340 -0.105272 0.777630 3.708504 4.723404 -0.241917 
0.427154 0.045556 -0.690732 0.015236 5.115166 3.641200 -13.178033 
0.305641 0.065752 -0.794369 0.142749 5.515398 1.521615 11.244451 
0.126873 -0.628151 0.449678 -0.014185 -15.274709 3.490106 -5.628957 
0.202129 1.505885 -0.321952 2.215519 1.003898 2.111452 14.207117 
0.103947 -0.594061 0.968622 0.430059 -17.514662 -7.008295 4.301643 
0.160192 1.322560 -0.070059 0.650643 4.717893 12.024837 -0.570012 
0.087931 -0.308485 0.453501 1.179775 5.533961 9.639422 7.846174 
0.201166 -0.973854 -1.105232 0.997601 -1.247462 -7.297646 2.973289 
0.129271 -0.962689 0.701692 -0.331537 2.032595 14.105309 -3.984981 
0.244547 0.266782 -0.128311 0.930257 8.442590 0.380448 -2.925890 
