0.202999 -0.219195 0.770299 -0.482573 -1.728758 -6.748822 5.823692 
0.583882 1.109351 1.786860 1.117315 8.217769 -0.294184 7.615134 
0.585149 -0.449839 0.126172 -1.053525 -6.686301 4.249723 -0.203009 
0.085689 -1.675007 0.986273 1.701013 -5.463481 13.173679 0.882073 
0.090936 -0.430905 0.146542 0.450549 -4.792983 -12.155231 0.680488 
0.457888 -0.630853 -0.154104 -0.200465 6.347803 5.429915 -10.588419 
0.179449 -0.834040 -1.104276 -0.753102 0.820543 7.356654 3.477634 
0.103175 0.715527 -2.027417 -0.051608 -3.796297 -3.544936 6.012610 
0.199182 4.010440 -1.675947 0.860171 10.841582 -7.937893 2.620815 
0.109107 0.494101 -2.112456 1.296505 -2.746795 0.884007 3.927542 
0.232498 -0.608239 1.390459 0.143808 -3.326996 7.550788 6.928034 
0.683878 -1.457034 -0.007681 -1.532203 -6.984648 -6.756251 3.228274 
1.809017 -0.481162 -0.106903 0.536307 -8.813461 -0.525599 12.060834 
0.133767 3.042850 1.582866 0.152652 11.254963 2.718610 5.897488 
0.207935 -1.481341 2.215089 -1.154718 -0.642810 9.198790 3.762763 
5.586845 0.026430 0.529996 0.024762 -13.548469 1.875253 7.314668 
0.099031 -0.100855 1.566932 0.526202 -3.511607 8.512767 -8.179527 
0.095457 -1.428996 -0.428808 0.274223 -5.684464 -1.998694 -7.366789 
0.166412 0.051282 -0.401053 -1.649349 -8.667989 -7.887780 -2.529385 
0.401973 0.179742 -2.308895 0.999821 4.359813 -4.363901 9.721351 
0.149690 -1.355180 0.267387 0.500492 -5.405555 -4.851622 -10.118514 
0.135040 0.314326 0.081308 0.438855 -9.485707 -7.464930 -0.625268 
0.230700 0.187254 1.163545 -0.591390 -10.337878 1.101738 9.984774 
0.296048 -0.644580 1.621531 0.459842 -5.163365 12.877480 -3.379719 
0.089040 -0.449015 0.908786 -0.656500 -10.497076 17.230512 -1.573646 
0.218861 1.739761 -0.594258 -0.390077 1.343902 4.477946 3.112819 
0.780326 0.638587 -1.450053 -1.188203 -4.220563 -4.666545 1.048361 
0.110177 1.095622 1.882913 1.047744 -3.331199 0.321858 8.481614 
0.308745 2.353898 -3.206869 -1.470357 8.414125 -16.814999 -4.932586 
0.930095 -0.730307 0.249260 0.432951 -13.670211 4.676175 -4.599670 
0.154448 -0.031607 0.321116 0.459895 -14.988382 -8.644532 1.724652 
0.449860 -1.019717 -0.266723 0.657582 -3.864356 -15.163732 -5.468284 
0.194281 0.913360 0.884420 -0.852689 0.871564 10.060212 -7.102388 
0.121470 -1.950201 -0.119725 1.529684 -9.603313 -4.492985 -2.797262 
0.388680 -0.920314 0.383009 1.135749 -10.267070 -9.725478 11.166980 
0.552874 -0.362523 -2.628450 1.630711 -6.473568 -4.484630 9.597459 
0.107074 0.070580 -0.724496 -0.882195 -5.244038 1.897820 -9.510888 
0.218546 0.939172 2.195216 0.083256 -4.409027 1.092502 -1.565949 
0.118025 -0.688621 -0.637059 0.977005 3.711303 5.598345 5.997126 
0.176826 -1.444444 0.512243 0.030892 0.269263 -3.613744 -1.544199 
0.123628 -0.338763 0.655402 0.743453 -0.920439 5.294759 16.261741 
0.103987 2.560558 0.043311 4.024968 13.687650 5.529713 14.577006 
1.612405 -0.479447 0.695293 -0.410324 2.030420 4.407882 3.446646 
3.952128 -0.336522 1.391310 0.863465 -0.071415 -8.672346 -0.232090 
0.090817 -0.734892 0.333080 0.185727 -14.846127 16.446862 0.690399 
0.094271 -0.419530 -1.171940 0.841427 -8.448423 -7.662374 3.774562 
0.105198 -1.736084 -0.372834 -1.283066 -9.256739 2.051608 5.921145 
0.122132 0.084086 1.054439 -0.379189 3.053091 -0.152030 -8.176304 
0.167817 -1.220381 0.250294 0.831798 -3.746491 16.597238 0.035751 
0.138488 -0.442771 -3.523605 0.268046 1.315381 -9.675725 6.192268 
0.701272 3.936034 0.575593 -1.446550 20.918186 1.893744 -0.496984 
0.367183 -0.142848 -0.816468 1.024946 -2.728975 -3.667917 -11.430446 
0.116639 -0.668134 0.736714 0.535078 -5.649806 6.247340 5.645799 
0.156405 -0.928623 0.655941 -0.977387 2.414220 -0.769114 6.615751 
0.118162 -1.597771 1.106871 0.191839 -9.066198 -0.929304 -3.433803 
0.151293 -0.811644 0.090828 -1.088233 -3.651275 3.577067 6.140794 
1.456612 -0.311688 0.496215 1.263153 -1.839632 2.254505 -6.079696 
0.095248 -0.336586 -0.239151 0.298947 -2.835039 3.567661 14.513191 
0.298886 -1.448204 0.600804 1.717936 -6.896184 2.073225 2.301314 
0.512636 -0.240660 -0.978601 0.499852 0.928888 -3.829243 -11.210584 
0.121466 2.438271 -2.992118 -3.464525 11.498984 -10.637377 -10.189848 
0.863813 0.433936 0.562478 0.409903 -3.159486 10.442392 10.531684 
0.283593 0.300728 0.536079 1.345399 6.780434 7.164768 6.402794 
0.114183 -1.786770 1.735127 0.302534 -6.581471 -0.251866 5.404347 
0.387857 -0.498215 0.558985 -0.704392 1.384219 10.885821 1.586549 
0.102340 -1.202120 -1.799573 2.527838 -5.174463 -9.045389 5.706956 
1.423034 1.572767 0.632104 -0.411769 -0.158593 -8.405988 -6.570710 
0.118440 -0.175266 0.264207 -0.934066 -10.479500 10.925389 -9.056411 
0.087317 -1.411829 0.834070 1.023375 -3.049272 1.934124 -5.321099 
0.115648 -0.529463 0.764359 1.209045 -6.509899 8.492922 -5.593504 
0.335498 1.021426 -1.426262 -0.790627 4.280292 2.806253 -9.590280 
0.109210 -0.465654 -0.403998 0.815144 2.796410 1.456011 16.356111 
5.398343 -0.814729 0.012455 -0.537236 3.149632 -1.528254 1.340297 
0.438696 0.276177 -0.440259 -0.166121 13.285104 4.512441 11.957436 
0.102783 -1.110649 -0.342352 0.520404 -6.434763 10.639239 -6.772068 
0.317653 0.423486 3.540764 -2.461925 -3.805570 16.244920 -6.474467 
0.117399 0.074481 -0.281945 0.373542 9.568898 -3.592954 6.170547 
0.135796 3.326782 -1.596507 0.873155 8.631565 -11.014216 3.439118 
0.139152 -0.471602 -0.547239 0.466723 -3.257678 -1.460020 6.340930 
0.081844 -1.061082 0.926120 -0.425755 -10.810960 -0.066334 3.520904 
0.210768 -0.616170 0.180853 1.488401 -0.371429 7.200414 11.707275 
0.087151 1.038063 -0.516328 3.927342 8.751603 -3.746518 13.877968 
0.247564 -1.390639 -2.067732 -0.975699 -8.602906 -3.665222 -7.967969 
0.118055 -0.368010 -0.004291 -1.803789 -5.757493 7.798365 1.542213 
0.133708 -2.082756 -1.098514 0.518649 -4.423784 3.387262 5.021086 
0.137951 0.032447 0.638977 0.072161 14.597062 -6.468824 -1.151661 
0.295736 9.276974 4.338178 -0.040541 45.565581 19.662024 0.112103 
0.093592 -0.681430 -0.287623 0.593131 -12.441569 2.317867 3.911576 
0.180968 -1.166036 -0.920096 0.790214 -7.950885 -6.698881 0.675930 
1.058781 -0.963708 0.703835 1.166132 -9.791051 -3.504463 5.970627 
0.086350 -0.304505 0.582487 -0.325625 -2.749940 -6.753578 -11.224899 
0.263354 -0.872379 1.601574 -0.207625 -1.818172 7.411480 -2.084734 
0.556778 -1.212171 -0.029327 1.296940 -10.941632 7.988072 3.737170 
0.139284 -1.596716 0.264167 1.097517 -7.822794 -4.067729 2.018308 
0.478468 -0.945102 -0.383370 1.062018 -4.743467 -0.778431 8.150306 
0.165293 -0.530663 1.435311 0.056166 -3.751816 -1.543314 2.741565 
0.493788 0.654500 -0.108626 -0.574877 -3.306644 2.287371 9.697357 
0.252788 -1.007008 0.632525 1.337528 -12.344312 3.663185 5.520108 
1.145613 -0.993551 -1.360800 0.609873 -9.733789 3.175325 -4.006430 
0.388183 -0.064072 1.400320 1.398792 0.033756 1.375133 -4.886914 
0.094407 -0.958594 0.733906 0.112245 -0.389930 -6.667662 -1.169752 
0.126740 -0.590097 0.014532 0.450479 2.688925 -19.427412 0.889999 
0.323270 -0.251421 0.858946 -0.422996 4.907155 6.810147 12.012935 
0.198042 -2.283371 3.149986 0.322495 -12.086173 7.091688 3.943196 
1.167561 0.416470 0.897983 -0.721811 -5.871444 8.197928 -0.709687 
2.697368 0.014430 -0.233133 0.952941 -9.376478 1.316148 -3.216855 
0.376011 -1.471759 0.570294 0.174084 8.440862 7.181327 6.722145 
0.588263 -0.760969 0.684227 -0.929165 -2.605756 4.005003 4.843309 
0.138650 -0.803623 0.496762 1.508058 -12.971444 -9.530860 9.203056 
0.373816 -0.292272 1.114179 -0.809622 -1.973863 6.199625 -5.994645 
0.401930 -0.428706 0.286445 -0.541521 -1.102339 -7.294929 15.476328 
0.263064 -0.807389 -0.408689 0.256798 -15.417529 1.359035 -8.009078 
0.459762 -0.179387 1.338135 0.980245 7.894387 9.280370 -4.261669 
0.328088 -1.470024 -0.470742 -0.439082 -1.911805 -5.884414 -1.795320 
0.860282 -4.507618 5.339374 -10.050637 -25.425181 25.101475 -52.343519 
0.273055 -0.760085 -0.247379 0.103794 -8.287154 10.142561 -10.653236 
0.396253 -0.120263 0.795471 0.099203 16.593671 4.356225 4.878894 
0.246288 -0.946111 -0.440083 0.705966 -1.817519 -8.528498 -1.318715 
0.730294 -0.079128 0.124490 0.182673 12.456917 5.895691 2.465473 
0.278430 -0.934005 -0.751465 -0.089457 1.351214 -8.107321 -0.914193 
0.151503 -0.291670 -0.491702 -2.412689 -3.664303 4.232195 -6.566177 
0.100432 -0.365016 0.808274 0.719050 -16.850387 -1.712305 3.256676 
0.082624 -0.862469 1.594901 -0.325813 6.294514 11.414094 -3.648645 
0.114711 1.327401 -1.612922 -1.692366 -0.163095 -9.335960 -0.091734 
0.192666 -1.677919 0.273613 -1.054189 -10.560126 3.910672 5.955290 
0.287114 1.233174 -1.646624 -0.627833 1.775757 -0.634793 -10.576934 
0.585359 -0.694490 -0.550368 0.765695 -10.263848 -3.297880 -9.721311 
1.376095 -0.586925 0.621319 -0.054703 -4.443667 1.930084 4.359237 
0.431641 0.159532 0.769774 -0.561317 -10.452208 13.916276 10.354585 
0.136683 0.471048 -0.586705 0.144879 0.657896 -1.073023 0.686028 
0.323241 -0.983329 0.481074 -0.166738 -1.064879 13.228711 13.624829 
0.391024 0.248138 0.495471 0.020326 8.287700 5.531978 -0.931157 
0.112116 -0.116303 -0.181123 -0.676360 -3.239944 -10.184864 5.646873 
0.116547 0.149585 -1.465986 0.831387 2.599413 -13.175088 -0.359460 
0.952396 -1.690311 0.058829 0.438084 -6.747937 10.904717 6.218589 
0.374161 0.201301 -1.140132 -0.094778 3.504691 2.820492 6.075991 
0.178419 -1.416934 0.585770 -0.137961 0.335961 1.800274 2.819586 
0.192961 -1.124844 0.192562 -2.092436 -11.176077 -5.060902 -2.871236 
0.763069 -0.109167 -0.400243 0.777708 -1.178532 -2.374405 -11.714641 
0.181019 -2.226262 -0.664931 0.895797 -10.134079 -6.629208 0.931256 
0.393969 2.561539 4.140522 0.963229 11.357246 19.872116 7.903734 
0.408300 -0.866669 0.303418 0.399864 -5.202733 4.001241 6.794924 
0.506972 -0.904717 -1.134565 -0.338009 -9.362211 -1.514431 9.003513 
0.168852 -0.445323 0.839025 1.094771 -13.009452 14.920706 -1.824856 
0.196085 0.249434 -0.234946 0.073822 -9.478623 2.892576 0.582878 
0.836938 0.041484 0.136877 -0.515940 -15.721662 9.863418 7.985754 
0.701221 -0.911705 -1.177798 -0.052351 -6.232287 3.259481 -0.917377 
0.263429 -0.043253 -0.492048 -0.043570 6.837853 -3.508182 -3.358212 
0.151360 -0.458043 -1.341072 2.372598 -10.134016 -4.077938 2.834929 
0.449375 0.021727 -1.498321 0.804080 -3.438094 -7.835149 7.065324 
0.108928 1.289388 -1.227749 1.297240 -1.788354 -10.943406 0.005994 
0.090465 0.713858 0.803256 -1.086686 -0.768921 7.190895 -9.975868 
0.531060 -0.923131 2.121749 2.685482 -9.015165 8.250864 3.604381 
0.272013 -1.408582 -0.466376 0.103861 3.010738 -6.344952 -10.872826 
0.127889 -1.408623 0.102284 0.457119 -8.537066 6.413065 5.284127 
1.070260 0.148911 0.505509 0.464735 -2.582149 2.234296 -0.295037 
0.111702 -0.183294 0.526235 1.620812 9.304047 -4.440662 8.628143 
0.275275 1.549862 -0.041335 0.514124 -0.732296 5.986800 -1.129996 
0.433814 -1.762399 0.140198 0.793372 -2.722945 7.233753 4.821990 
0.121123 -1.125791 0.831624 -1.438152 -5.184972 9.938032 1.272709 
0.604561 -0.241562 0.214617 1.497591 7.146106 -12.130884 4.273861 
0.672200 -0.408200 0.788189 1.727301 -12.296196 2.223720 -2.133014 
0.485099 0.459203 2.421832 1.364514 -1.710752 1.160638 6.020961 
0.088968 -1.494095 1.069533 0.101148 10.455734 2.600711 3.245510 
0.372330 -0.132830 -0.501109 0.461656 1.664931 2.542744 4.987541 
0.427499 1.124570 -1.345679 1.779348 8.230700 -4.732710 -1.757944 
0.148166 -0.337129 -1.385441 -0.323749 -8.938363 2.683408 5.109785 
0.205405 -0.062634 -1.395711 -0.350729 0.097294 4.041568 7.525444 
0.273438 0.057531 1.283112 -0.159554 -12.105171 3.425117 -0.095880 
0.257004 1.021639 1.743278 -2.528395 1.487534 13.064126 -6.520088 
0.083821 -1.489826 0.070894 0.394191 -3.928599 4.175411 -10.744609 
0.673429 -0.030591 0.149903 0.229344 -1.215522 8.529050 -20.405615 
0.093338 0.184739 -0.117342 0.535403 -5.063060 14.611797 -12.175569 
0.097693 -0.522564 0.737940 0.959541 -6.905023 -1.659293 -6.593192 
0.081727 -0.063229 1.010079 -0.006741 -7.399049 -0.701812 -9.611515 
0.417045 -0.604126 0.209281 0.336285 -6.745917 -9.983709 4.722919 
0.387177 0.884180 0.406711 -0.041527 1.442936 4.170202 0.679264 
0.350927 0.357116 1.369793 -0.580620 12.586821 6.556849 0.323966 
0.081891 -1.157002 -0.021650 0.313688 -1.340009 5.152058 18.150932 
0.111530 -0.945090 0.389664 2.077565 -0.513432 -1.358748 0.647083 
0.729211 -0.513843 0.147126 0.300344 -15.398061 3.846720 -4.866501 
0.081209 -1.634239 -0.288789 -0.423518 -8.372218 1.359276 -6.108990 
1.066327 -0.803880 0.401614 1.432281 -9.503774 -5.864708 1.803720 
0.844840 0.101376 0.519465 -0.088869 19.730261 -0.641559 1.862186 
0.286414 -1.225500 0.593755 -0.820437 -9.890504 4.612555 -0.801860 
0.108220 0.935038 -0.325593 3.182572 4.118805 -6.812703 11.676654 
0.106446 2.627046 0.436964 0.342709 10.991988 8.428435 2.117490 
1.618982 -1.602853 3.474007 -0.787359 -11.212900 9.107933 -5.941494 
0.126190 -0.281739 -0.266161 0.007809 8.062478 5.703999 13.169704 
0.666898 -0.546668 0.173950 -0.597484 -3.229655 5.402059 0.964032 
0.355266 -1.435462 0.510241 0.665657 -5.187679 1.465961 -1.190237 
0.365762 -3.801709 -7.241991 -0.549602 -18.800794 -30.948081 -4.734683 
0.430606 -0.922202 -0.021665 0.027848 -8.149624 -12.273618 0.231756 
0.100431 1.547882 -0.109293 0.440354 6.955785 9.517275 -7.222383 
0.189647 -1.102358 1.026240 -0.486653 4.155489 4.069986 -1.684511 
0.132254 -0.436034 -0.111448 0.094459 10.774383 5.615029 -14.984344 
0.500139 -2.076053 -0.189585 -1.615136 -9.268494 3.779733 0.440472 
0.175237 -1.281342 1.420197 -0.886742 -9.182530 -0.827007 2.120509 
0.123696 -1.171621 -0.368421 0.190603 -2.522239 4.634016 -8.461579 
0.195281 -0.654909 0.038021 -1.546027 0.362805 8.672378 -0.014302 
0.599939 -3.133215 0.067990 -0.514400 -11.927588 5.350876 -7.746430 
0.192741 -0.682216 0.438269 0.250294 3.025403 4.821288 -7.797154 
0.200778 0.319060 -0.870215 0.028170 -14.750013 -7.394161 -0.122274 
0.177472 -0.532727 -0.462252 -1.732372 -3.709000 10.005340 -5.429320 
0.127855 0.280861 -1.378141 -0.267274 -2.308004 4.659372 -5.578476 
0.220526 -0.358070 -0.167543 0.577726 -4.329945 10.370136 -11.588396 
0.627642 0.056345 0.174781 0.057535 -14.919058 11.474093 -5.798046 
0.637465 0.156449 0.830855 -0.280468 0.970913 -11.974202 9.472927 
0.169117 0.245756 0.031258 0.223094 -4.029414 15.365638 16.088449 
0.114784 -0.477967 -0.500391 -0.200884 7.316410 8.813966 -1.969773 
0.135557 -0.094041 0.350670 0.625165 -7.498733 -11.828367 -4.581330 
0.579415 -0.829725 0.958942 1.213764 2.430652 8.621408 0.695549 
0.624848 2.808337 2.464627 -0.689995 11.756883 10.168860 -0.394377 
0.385484 -1.536078 0.217160 1.545107 2.094680 -6.862794 4.154760 
3.082417 0.125522 0.842655 -0.275725 1.687464 -2.272064 -2.403657 
0.310489 0.244393 0.305037 2.034141 0.490353 9.523898 5.142863 
0.457154 -0.322004 -0.047268 -0.418387 -9.219630 -9.628969 -4.365297 
0.279294 0.054699 -0.290944 -0.939843 7.966045 -4.879177 -4.846650 
0.089763 -0.178364 0.053310 -1.092530 -7.620201 5.761552 2.346810 
1.249225 -1.166465 0.525007 0.926968 3.754107 -8.378731 3.546344 
0.163561 0.859197 -0.493163 -0.417007 -2.838350 7.218773 -2.818817 
1.702665 -0.118726 0.379670 0.172865 -2.086562 -10.268824 -14.861039 
0.087567 0.766039 1.611052 -0.279283 1.938483 -2.915309 1.259859 
0.192231 -0.210472 0.056444 -0.462479 -4.231068 -0.053631 -2.783358 
0.122081 -1.369398 -0.321903 -0.570105 -12.918680 5.759638 5.683214 
0.088452 -0.237817 1.182934 0.206205 -3.719634 9.066052 -9.284527 
0.470758 -1.222024 -2.490544 0.996589 -1.978274 -1.551688 5.782098 
0.196106 -0.588320 0.159094 0.225354 2.661739 -2.420692 -0.574325 
0.163499 2.605140 -3.730625 -0.920778 12.788975 -14.667211 2.607406 
0.080867 3.506346 2.873632 -3.300488 20.155492 15.268764 -10.284532 
0.223604 -1.748327 0.103666 0.694458 -3.954768 2.849430 -5.298687 
0.155926 -1.504541 -0.702326 0.840212 3.252565 -2.870245 -3.930698 
0.238387 -1.030600 -0.408595 -0.553686 -7.396925 -7.312069 8.315857 
0.106154 -0.593360 -0.481256 -0.557091 -6.200217 4.752034 7.324052 
0.169911 0.273321 -0.769191 0.919078 -5.157306 -3.893452 11.590515 
0.113329 0.893525 0.867746 1.656064 -4.989686 -0.941094 11.004491 
0.192419 1.659397 -3.391543 -1.140652 2.366587 -16.438695 -6.720869 
0.594225 -0.003256 0.503018 1.464409 -3.362863 1.898847 12.092942 
0.085164 -1.357486 -0.292808 0.368521 -1.911222 -0.013634 12.507891 
0.117057 -0.984784 1.241791 1.155464 -4.467283 0.321492 6.821682 
0.205043 -0.527030 0.300345 0.250322 -0.255462 -18.278543 9.367025 
0.234649 1.472551 0.109235 0.160129 5.409539 8.491793 -5.575258 
0.487672 0.134896 0.805533 1.476980 -4.149022 -3.106944 0.446408 
0.223182 -1.560937 -0.462436 0.103295 -7.795479 6.458005 4.007399 
2.476904 -0.066828 -0.088548 -1.292304 5.896656 10.127230 -0.734404 
0.441734 0.337327 0.794020 -0.055477 -14.074698 3.306249 -4.243752 
0.230397 -0.874820 0.162945 -0.370116 -4.941103 8.035484 -1.817754 
0.689100 4.227185 2.170448 -2.719185 19.372820 6.236159 -8.301368 
0.815528 -2.956909 0.324538 1.378177 -6.746009 -3.291745 8.492138 
0.161492 0.168810 -0.343596 -0.258347 -6.526878 -8.876101 5.857856 
0.542296 3.000138 -1.353871 -0.509198 5.036545 -6.299711 0.591820 
0.146522 -1.352512 -0.205817 0.720871 -0.710358 2.535608 -2.097364 
0.256037 -0.953739 -0.929893 -0.610667 7.486609 -5.211305 5.469673 
0.887681 -0.322852 0.868517 0.714853 6.850764 7.780747 -12.875376 
0.101372 -0.472962 0.061323 -0.514549 -2.894130 -5.245052 4.554502 
0.141931 -1.341805 -0.087352 -0.192934 -9.107760 -8.309460 -0.296561 
0.178446 -0.415597 0.474239 0.500327 11.124159 -9.784492 -7.430782 
0.083374 -0.238428 0.495886 1.019862 -8.583968 10.124484 10.976735 
0.376685 -0.181477 0.594202 -0.179541 5.072171 20.459797 -57.259340 
0.585808 -1.415929 -0.876236 0.997690 -8.194210 9.136231 2.323205 
0.102075 0.800541 1.552460 0.273430 0.680667 1.142546 -4.492650 
0.086694 2.721512 2.098407 0.238299 11.772366 6.884349 4.685929 
0.654455 -0.028130 0.477638 -0.918044 -0.628738 3.990078 -1.586944 
0.442796 -1.222451 0.321807 0.637180 2.154367 2.934033 12.810346 
0.103990 -0.034052 -0.004069 0.258962 7.117493 -11.370258 9.652383 
0.137893 -1.251004 0.135891 0.065272 4.322000 8.884775 3.624589 
1.044939 -0.136133 0.639978 0.005583 -12.427526 9.559876 3.920721 
1.025335 0.115202 0.159522 0.317069 -9.110635 6.584425 11.706128 
0.472835 -2.188196 0.691995 0.651197 -5.156525 4.304131 -8.042196 
0.672168 -3.383721 1.130665 1.573543 -12.097152 -0.216051 12.242338 
0.208490 -2.149023 -2.085076 -0.229740 -2.042804 -7.919570 -0.229373 
0.292610 -1.480775 2.470629 1.573541 -3.689513 5.354304 10.091872 
0.111344 -0.370720 0.115021 1.637754 -1.428979 7.666699 -3.708568 
0.466067 -0.230633 0.881464 -0.413761 -10.690082 -2.706108 -13.212462 
0.112109 -0.320938 -0.476670 0.316084 5.020231 5.772491 0.205752 
1.021373 -1.280270 0.166518 0.954597 2.917883 -0.667604 -2.447618 
0.247245 -3.320944 -0.510587 2.147581 -16.194084 1.685008 8.237166 
2.937998 -3.373279 -1.388570 1.091118 -8.014930 -6.389407 9.092246 
0.112201 -0.881380 -0.460320 -0.180631 -9.603551 10.333649 5.156454 
0.941373 -0.423471 -0.511194 0.130465 -13.051129 -9.875749 2.605597 
0.186332 1.194771 0.076026 -0.913021 -1.232615 3.974793 5.722541 
0.206312 -0.041558 0.529965 0.939899 3.678040 -3.559274 7.389244 
0.087521 -0.372542 -0.624597 -0.233992 -1.721678 -7.016381 0.495013 
0.337060 -0.529535 0.237557 0.266884 -7.143019 11.645468 9.954154 
0.506829 1.057102 0.627232 1.438306 2.797522 4.125730 -2.293010 
2.506229 -0.948756 1.459733 0.161388 -11.481615 -5.303268 6.677210 
0.109658 -0.829828 -0.150406 -0.574617 -13.054065 1.855120 7.894197 
0.093631 -1.231948 0.835243 0.763441 2.437001 -1.525145 2.343407 
0.994606 -0.845192 0.281699 0.002458 -19.854754 2.243233 -4.386429 
0.184780 1.946287 3.008140 -0.111115 2.613099 7.266629 -1.400241 
0.113864 -0.601464 0.606691 0.600681 -5.259627 -7.704427 4.811982 
0.500571 3.754960 -0.304659 -2.069626 17.808366 4.742066 -7.332665 
0.375402 -0.154236 0.157285 -0.814328 -9.956325 6.437114 -7.835682 
0.121279 -0.830359 0.050054 -1.039851 -13.667068 1.817471 -1.119745 
0.437171 0.196489 0.007002 -0.674459 -7.642927 2.820857 10.738890 
0.420529 -0.702725 1.022373 -0.174283 -5.045026 0.380751 -1.896417 
0.140832 -0.788927 0.851869 0.188103 -7.384347 2.153066 -9.096947 
0.317286 -0.835422 -0.288429 0.540671 0.331982 -9.708519 5.360798 
0.092539 0.761363 -0.801115 0.078120 -10.842436 -3.105237 8.990935 
4.198783 0.142048 0.493911 -0.081810 -6.840557 -9.495517 -4.019212 
0.435794 -1.523175 0.642978 -0.040551 -6.609953 7.257263 -10.240306 
0.299195 -0.926875 -0.153372 0.729992 -2.822574 14.550420 4.519777 
0.366428 -1.075621 -0.048640 1.508000 6.130895 -2.977906 9.412924 
0.300202 -0.991781 -0.233995 0.409404 -0.907849 -6.404520 10.314661 
0.585186 -0.369114 0.632660 1.531714 -7.639478 8.405404 0.225684 
0.524509 -0.439217 0.084119 0.356630 2.541048 16.458497 3.220109 
0.292083 0.416072 1.773936 1.265642 -0.329111 -4.635205 9.303222 
0.107699 -0.581457 2.012396 2.478971 -5.925220 1.650854 8.753612 
0.744916 -0.702751 3.211337 0.897707 0.187406 11.521758 1.260691 
0.131940 -1.389105 2.478051 0.252713 -6.480938 2.547324 1.654008 
0.104491 -2.565312 -0.203058 2.561772 -12.215242 3.457886 8.830222 
0.504475 -0.156382 0.437873 0.050396 0.716599 6.402580 4.387467 
0.159200 -0.133364 0.704289 0.214163 6.960162 -4.817069 8.521816 
0.144224 0.544471 3.883630 -0.291187 -2.311408 12.936355 4.646014 
0.221063 -1.268247 0.095484 -0.120974 -2.058820 -6.602555 13.861926 
0.339783 -0.152311 0.113778 0.824394 3.509987 11.245912 0.594017 
2.985742 1.532558 1.159352 -0.333268 -1.125263 13.323134 -1.554215 
0.098040 0.482026 0.747367 -0.566140 0.992962 1.641626 6.214592 
0.364111 -0.891119 0.683089 -0.438440 5.136428 5.815981 6.505690 
0.144886 -0.129692 0.393577 -0.439720 -18.262756 -0.760177 0.376257 
0.360597 -0.359636 0.014506 0.275341 -8.398753 -6.502956 -2.682960 
0.254317 -1.343455 -0.361326 -0.767400 2.780538 -5.615448 9.356110 
0.555913 0.234987 1.256318 0.022689 -7.089239 3.962666 0.328175 
0.416651 -3.181391 -0.595535 -0.703892 -7.391291 -5.152790 -4.589541 
0.151008 -0.154459 1.651161 1.544358 0.326077 -2.263014 -3.535025 
0.577563 -0.164956 0.268402 0.222362 -4.830662 -3.883189 16.190848 
0.141965 2.024387 0.452672 4.497389 4.724569 -0.487203 19.751150 
0.120024 -2.255575 0.659098 -0.072442 -13.330744 1.243743 -13.191215 
0.182852 2.048640 -0.492687 -0.108857 6.024691 4.855608 -2.772297 
0.189724 -0.305682 0.631719 -1.450297 -5.891359 3.354864 1.383629 
0.150160 -0.007076 -1.664334 2.746127 -3.842398 -5.539608 10.797192 
1.373741 -5.049178 -0.366995 2.259123 -18.751039 2.357397 8.139772 
0.283453 -0.765564 0.373550 -0.325173 -5.619728 4.140075 -5.504726 
0.170281 -0.169593 1.531477 1.214977 4.982854 10.310396 -0.574032 
1.505698 0.294652 -0.529043 0.220686 -3.923522 -8.266326 2.029612 
0.360047 -1.129704 -0.167860 -0.333361 8.959856 -2.975226 6.410295 
0.588861 -0.718416 1.332285 0.889299 3.902400 12.336061 4.700250 
0.381565 -1.210009 1.096302 0.808547 0.432879 10.687530 -1.003366 
0.166121 -0.618992 -0.188961 0.357214 -2.649663 11.663527 7.897265 
1.652096 -1.239153 0.683757 0.359092 -2.744172 -3.391907 4.033264 
0.215498 3.718754 -2.392190 0.806670 14.857954 -4.888884 0.425625 
0.524663 -0.182485 -0.189057 -0.277670 4.706855 3.038094 -11.351555 
0.489037 -1.492779 0.571242 0.267338 1.022413 -7.832688 6.887881 
0.247044 -0.851945 0.538590 -0.522162 3.091952 0.778497 -5.195430 
0.408569 0.861028 0.462216 -0.561888 1.967985 -3.742471 -2.642490 
0.429966 -0.057291 0.494364 -0.133095 6.629105 0.577410 1.880975 
0.205030 1.265091 -1.436401 -0.204143 -4.090004 -2.104935 -3.062460 
0.104504 -0.796421 0.497270 0.676284 -8.462871 -0.151166 14.720396 
1.704172 0.088052 -0.146146 -1.570782 -4.786742 7.462656 3.835597 
0.208973 0.519376 0.342216 -0.643863 -6.485929 -8.465785 9.792614 
4.631110 -1.345550 0.914967 1.731299 1.788984 -6.358873 4.724114 
0.135103 -0.333082 -0.137222 0.395241 -1.554776 15.895854 8.577134 
0.169606 0.108017 1.464188 -0.456753 -7.713632 -1.522557 -8.322831 
0.567692 -1.788580 -1.135627 -0.418932 -2.338822 -6.825811 6.241826 
0.214292 -0.831229 0.497544 2.323347 -7.548450 5.922400 3.098694 
0.450345 -0.586359 0.734155 1.347278 -2.493613 -0.980365 7.374983 
0.407103 -0.254885 0.216670 0.078369 -2.741892 -0.698608 -13.640676 
0.846636 -0.661166 -0.311262 0.438238 0.943315 -2.558144 2.359870 
0.123163 1.221698 -1.528474 -2.694143 1.978012 -6.509923 -5.192566 
0.120648 -0.840120 -0.065333 -0.557266 -5.242863 -4.686899 15.555185 
0.387333 -1.310864 0.013338 0.967072 -7.482925 -11.757237 -0.634453 
1.095352 -1.996783 -0.460911 0.078392 -5.931081 -5.148232 -9.690875 
0.212730 0.093031 -0.288801 0.381059 -9.050318 5.325305 13.561381 
1.575080 -0.254433 0.415012 1.870652 0.942524 -8.491722 2.981485 
0.102042 -0.259981 -0.140650 0.967938 -11.462061 -5.235466 -4.940901 
0.606266 0.599085 0.676014 -0.026934 0.124937 -6.651150 0.055858 
0.250734 -1.687912 0.502427 0.284630 -5.129931 4.760453 1.467431 
0.184902 -0.344817 1.969141 -0.030027 2.477473 10.308100 -3.109731 
0.348863 0.231841 1.237184 -0.071506 13.279348 -11.559115 1.476465 
0.127948 -0.492528 -1.063553 0.767311 -10.364935 3.879776 -4.890864 
0.127545 1.054865 1.233264 3.374252 -1.225473 9.909701 11.562581 
0.089378 0.583417 -0.168640 0.355431 -10.691126 -9.853324 -6.457981 
0.220514 0.808330 0.293370 0.102965 -1.490107 -5.963149 -9.764057 
0.195396 -0.984195 -0.851461 -0.696677 -15.782224 3.833877 -2.178641 
4.245083 -1.017739 0.362142 0.039846 8.982647 11.856448 -3.185581 
0.095817 -0.317894 0.129209 0.251732 -9.945329 3.633809 15.985288 
0.569763 -1.249213 -0.034252 0.346288 4.599375 -3.249662 -1.175168 
1.098164 -0.691652 1.403591 -0.490515 -0.711699 4.807633 -0.163908 
0.538990 -0.124321 0.007937 0.692234 -13.528027 -8.633580 -0.161176 
1.288776 -1.273968 0.006031 0.255663 9.792132 0.969212 0.779179 
0.193816 -0.426294 0.129822 -0.504504 -3.691913 -4.290460 6.721091 
0.378483 -1.123257 0.004054 0.540175 -5.500643 -17.599041 0.635930 
0.130333 0.487683 0.304351 0.209598 3.928995 -8.444824 -6.050950 
0.235233 -0.176040 -0.540998 0.439409 -2.673383 -2.741837 15.886750 
0.474050 -0.902813 0.062745 0.270234 -3.778648 -2.000022 14.587182 
0.170650 -0.831769 -1.335083 0.395825 -7.575438 0.943890 0.061041 
0.551803 -0.293418 0.167125 0.510232 7.533651 12.427932 -7.545804 
0.131497 -0.069467 -0.341510 -0.283204 -10.898527 -5.836027 1.936277 
0.367063 -1.019210 -0.606302 0.380943 8.894994 -2.860064 9.632205 
0.237052 -0.033189 0.103660 0.312565 -9.241362 14.218857 10.643310 
0.979329 0.408720 0.256732 -0.769455 -6.124470 5.305245 -8.962761 
0.113309 0.290507 1.320050 0.014278 -10.411527 1.311220 0.036650 
0.202812 2.226017 0.725553 -0.412008 8.558212 1.329762 8.654297 
0.145792 -0.281826 0.480943 0.209654 -5.454513 -15.785525 1.328791 
0.206856 -0.792611 -4.456113 -2.413995 -7.879871 -19.299119 -10.260127 
0.534870 0.087922 0.675075 0.245579 -3.511841 -6.851950 2.495544 
0.091732 -0.796866 -0.698457 0.837084 8.081283 -3.938004 -6.670077 
0.094435 -0.805873 1.073899 0.019758 -3.893528 3.691427 -14.238747 
0.106821 -0.998621 0.629216 0.695308 -7.371245 -0.789754 6.083808 
0.443043 0.526783 0.654741 0.369328 -11.852270 -0.751360 10.063842 
0.087582 -1.030008 0.708987 0.474890 -0.453755 9.221061 13.159935 
0.159466 0.657312 -0.183702 0.226891 5.437300 3.503561 -6.511122 
0.829727 -0.791767 0.539588 0.059393 -2.778339 -1.595614 14.919839 
0.093662 -0.217554 -0.397159 1.005381 4.516544 -7.744236 -10.334858 
1.055006 -0.548537 0.045893 0.819320 10.466249 -6.862192 11.273025 
0.290595 -1.304514 0.797933 0.970079 -12.784782 8.234448 -5.989279 
0.226020 1.564858 -3.021914 5.252090 10.739665 -11.912612 20.659332 
0.258652 -0.285308 -0.150915 0.134481 -0.317769 -0.264711 -4.814412 
0.504080 -0.973942 0.292845 0.840170 -12.931812 8.229678 -3.866029 
0.133644 -1.399939 -1.320642 -3.552508 -9.393086 -11.087851 -12.514993 
0.102367 -1.238228 0.700306 -0.439880 -0.063073 0.898832 1.160048 
0.102733 0.196917 -0.085810 1.149381 -11.050597 -4.267324 0.421891 
0.406103 -0.333490 -0.125732 -1.110663 -1.799059 4.173814 -2.417933 
0.170184 -0.289495 0.384336 -1.036885 5.454277 11.218469 7.475467 
0.080956 0.996972 3.190825 -1.274116 0.259007 13.836726 -6.551950 
0.171393 -0.576035 0.443635 -0.272979 6.630158 -16.252799 -3.939047 
0.103884 0.206149 0.742110 -0.089079 10.536324 -3.210047 -5.140472 
0.287723 -0.398968 -0.005550 -0.153651 -8.283750 -0.916551 -0.310001 
0.707610 -0.526452 0.613999 0.996930 1.210308 3.996102 -11.960364 
0.161798 -1.230753 -0.119326 0.676837 -2.784860 8.195255 -5.507123 
0.495528 -2.043975 2.758747 0.731451 -4.579961 3.393585 0.502973 
0.081729 -0.132483 0.888261 1.643850 -14.061501 0.415752 3.209146 
0.498673 0.389366 1.006254 -1.085951 -2.729174 9.706005 -3.665133 
0.189760 0.480273 -0.090011 0.756869 5.014379 -3.137065 -5.695442 
0.174582 0.780321 0.274134 1.247941 -10.278000 -2.664501 3.100260 
1.913197 -1.257854 1.645643 0.241815 -6.277790 -0.770753 1.298471 
0.156957 -0.448658 0.639506 -0.448347 3.217502 -7.639279 9.347332 
0.318637 -0.615100 -0.811540 -0.133695 -12.308670 -6.495907 6.536690 
0.384886 0.722308 1.190836 -0.240183 12.337633 1.701946 -0.006779 
0.094543 -0.790884 1.512309 -2.549185 4.305237 8.583553 -5.957485 
0.093801 -0.195527 -0.409541 -1.126204 -11.431311 7.266845 -7.419366 
0.259589 0.220259 1.021894 1.789711 -1.926122 -1.298429 3.871637 
0.331382 -0.567854 -0.191927 0.159202 -4.597176 2.037034 7.121026 
0.597086 -1.710185 2.345381 -0.615817 -0.638640 11.752895 -0.728925 
0.244466 -0.220855 1.002012 -0.777154 1.883461 -1.336951 -3.987612 
0.409757 -1.385401 1.025044 1.415001 -10.045850 11.897813 -3.664133 
0.703460 0.292818 -0.327679 0.205501 -0.551529 -11.987752 -13.972088 
0.129081 -0.732854 0.258397 0.297539 -7.622527 -5.603772 -10.071970 
0.592856 0.492275 1.794659 0.273538 -6.264401 11.065588 -6.112464 
0.598064 -1.458571 -0.135402 1.791912 -10.364244 -3.034929 1.065392 
0.315326 -2.106760 0.843394 1.324279 -8.941292 -1.330112 1.128359 
0.830552 -1.264724 0.726377 0.665325 -4.692993 0.111979 10.183379 
0.107798 -0.087349 0.041317 -0.346473 5.252052 -13.635740 -6.019334 
1.282747 0.726895 -0.438695 -1.332288 5.220971 6.691499 -3.502407 
0.179704 -0.977658 0.989703 1.234996 -4.232413 10.504545 -1.355653 
0.226650 -0.816679 -0.365177 0.133390 -10.401613 3.261901 0.811854 
0.213577 0.458352 1.504800 -0.045896 -0.426973 -1.062531 -3.359154 
0.360054 -1.135888 0.043982 -0.063277 1.047489 2.593413 5.333749 
0.590465 0.475184 0.749017 -0.056995 -10.315074 2.298606 -4.072618 
0.323997 -0.605581 3.670947 -1.724513 -3.191252 17.263962 -1.014514 
0.080856 1.220678 -0.199460 0.907302 3.694349 9.929354 -5.540853 
0.143920 -0.150572 0.924989 0.340614 -6.425001 -15.561854 2.131150 
0.128165 0.100424 1.031743 0.579431 -15.682399 4.401864 -2.574368 
0.371144 0.168313 -0.620456 -0.007149 -1.584667 -11.249908 8.750959 
0.145470 0.178681 0.363306 -1.161538 10.136538 -5.683125 5.327268 
0.092657 -0.534841 1.756749 0.732900 -1.212176 2.730259 6.298117 
0.587126 2.956842 -1.631479 -2.079790 15.077611 -9.452841 -2.909312 
0.235289 -1.488399 0.554463 -0.454952 -4.995913 -0.115170 -5.977229 
0.569180 -1.144611 0.655653 -0.069326 -7.054571 14.370747 5.858147 
0.093590 -1.052493 0.514077 -0.263995 1.276902 -2.650317 -8.581773 
0.249342 0.084759 1.445311 0.571656 -0.798724 18.341534 3.314987 
0.543855 2.371401 -0.884816 0.464348 5.252526 -5.068243 6.078682 
0.236315 3.003933 4.353764 -2.481883 14.196534 23.813587 -6.903825 
0.136931 0.225158 -1.295385 0.970764 -3.742069 -7.496542 10.918332 
0.109437 -1.151958 0.120267 -0.790953 -0.402908 13.204328 -3.384355 
0.915698 0.096922 -0.470745 -0.950610 -6.542833 -5.505222 -2.369026 
0.125769 0.038900 -0.039595 0.293093 -2.602242 12.165381 9.536434 
0.182221 -1.228898 0.476865 -0.368799 -5.979003 9.936244 0.157416 
0.624303 -0.671536 0.274380 0.818808 6.349710 6.770609 4.895234 
0.123119 -0.364110 0.193876 0.008932 -0.551786 2.037858 -15.163824 
0.093277 -0.118756 -0.564297 0.594017 -10.654914 0.380459 -3.397162 
0.126609 0.171201 0.437997 0.945538 6.917164 13.475205 -7.435069 
0.342755 -1.682318 2.208498 0.060784 -10.369039 5.616943 -1.163267 
0.887808 1.167654 -1.279994 0.401110 -1.867256 5.425685 0.777153 
0.718573 0.272796 -0.291208 -0.064276 7.361319 7.497436 14.431721 
0.789225 0.014865 0.030233 0.009672 5.753154 -6.749859 2.510949 
0.126531 -1.081966 0.583805 0.622844 -15.513067 -0.882705 -6.171326 
0.685572 -0.365234 0.759943 -0.176714 -5.879299 -5.880692 -1.054729 
0.342997 -0.854237 0.366354 0.040375 -17.549423 8.998349 11.119696 
1.141486 -1.070680 0.301054 -0.480048 -12.132719 -8.536670 -8.520215 
0.181571 -0.327213 0.121216 1.275683 1.919222 2.098099 -2.231014 
0.271737 -0.368871 -0.052167 0.324309 -7.860918 -0.063521 -12.742103 
2.465276 -1.487556 -1.095310 -0.280790 -4.601241 -3.510747 -4.013169 
0.132761 0.113093 0.014883 0.859314 -4.315561 -1.008679 4.524993 
0.088416 -1.709768 0.092617 0.397112 -12.671518 1.556865 -1.788585 
0.089291 -0.241710 -0.282144 0.751851 -0.754772 -6.385440 -0.313662 
0.263350 -1.079552 -0.014174 -0.428314 -3.510337 6.356818 5.736466 
0.423754 0.362300 1.466215 1.449334 -6.113637 13.261667 0.480810 
0.178200 -2.605676 -0.275339 0.041888 -0.823235 4.714686 1.358921 
0.269147 -0.074186 0.961535 -0.613351 5.853453 18.756910 5.883371 
1.218772 0.712195 -0.580280 0.241181 9.054315 2.636747 -4.656155 
0.195759 0.017832 -1.830278 0.894093 -5.531330 -2.819144 -4.212766 
0.310560 -0.068224 -0.058653 -0.168172 -11.387766 -1.171211 -5.684534 
0.132928 -0.478632 0.018303 0.452157 -6.002648 -8.846883 -1.415182 
0.130606 0.204887 -1.008830 -0.854770 3.019586 -8.527872 -6.865053 
0.180981 1.179057 4.353576 3.468699 3.450498 21.205104 16.808251 
8.040799 -0.460014 0.304719 0.288683 -0.405005 6.850069 1.875946 
0.080873 -1.549333 -0.269927 -0.436447 -3.869209 -9.546899 -4.807709 
0.337684 0.586325 -0.087873 1.971803 1.533103 -5.842379 -2.176869 
0.727006 -1.961303 0.689980 1.341466 -0.411873 -3.940938 5.989840 
0.130102 -0.131916 -0.762300 0.094888 5.715465 0.987037 -1.638073 
0.107057 -0.335983 0.946277 1.716831 1.706368 14.173653 0.408919 
1.352041 0.139906 -0.088243 -0.011894 -1.121651 0.443159 13.810573 
0.108970 -0.071954 0.678991 -0.460098 9.312258 4.100455 6.398780 
0.148499 1.779570 0.382353 -1.520548 -0.137695 -3.754393 -1.564981 
0.263983 -0.278371 1.163232 0.351815 -6.928095 21.818236 5.344855 
0.240265 -0.049983 0.941628 0.649580 1.994197 -7.748745 0.374796 
0.217954 -0.681025 -0.337868 -0.273936 -6.864830 -0.591377 2.362692 
0.444167 -0.202638 -1.134120 -0.775228 -4.744984 -4.317519 -3.103927 
2.752555 -0.317957 1.335696 -1.557046 -3.628313 4.276717 2.700894 
0.266546 0.037755 -0.179611 -0.024494 -12.671148 3.056155 13.112541 
0.104305 0.066997 0.235946 0.713171 14.743989 -7.163259 -2.972973 
0.144490 0.829584 1.687918 -1.813460 -4.196352 4.856891 -8.920923 
0.094619 -0.442809 0.239011 -0.956906 -0.833478 4.507655 -6.093368 
0.144851 0.740793 -0.062056 0.537849 -1.463570 -6.473029 -10.311799 
0.132290 -1.473675 1.342848 1.029154 -6.763520 8.767784 -7.088345 
0.524424 -0.453116 0.657828 0.849161 -7.434393 7.653863 1.856183 
2.804970 2.694710 0.614932 0.696176 7.153264 1.167764 4.188492 
0.151725 -1.539392 0.367594 -0.548945 -8.313853 -0.508063 -2.612638 
0.691052 -0.572449 -1.084643 -0.120052 6.057848 1.948785 0.369081 
0.123125 -3.111234 -1.357457 -1.380029 -9.762620 -0.192367 -3.306739 
0.095501 -0.180308 0.533632 0.080466 -7.808961 -5.443357 -6.680186 
0.082472 0.027156 0.381099 -0.569687 -1.578591 3.535463 -8.008552 
0.088000 0.915185 0.303203 0.232068 -1.610561 2.182862 -9.630395 
0.106567 -0.022125 0.397391 0.072788 12.155635 -4.638274 -1.748057 
0.083960 -1.446307 -0.508130 1.804761 -7.449475 3.181125 2.538635 
0.444394 -0.162196 0.817245 1.417498 -2.165802 -3.547214 1.722487 
2.968598 -0.043180 0.181968 0.888858 -6.564340 3.167905 7.930972 
0.118415 0.572473 0.287193 -0.165884 10.386722 5.829960 8.608007 
0.123056 -0.343496 1.063492 1.065543 0.928389 7.032906 -4.580175 
0.111967 0.162045 0.506052 0.469576 3.202206 -16.517412 0.859797 
0.095336 0.151553 -0.025465 0.645374 -1.783318 1.192956 8.011052 
0.085245 -0.389339 0.446827 -0.645190 2.612742 3.188262 3.672920 
0.219520 -0.884009 0.100478 -0.333855 13.108885 8.358098 -0.884174 
0.269315 -1.035627 -0.954993 1.577634 -1.321633 6.590403 -0.750767 
0.084729 0.488300 -0.166269 0.872180 -2.995069 6.217756 -3.784767 
0.193296 0.121384 1.372605 0.968841 -6.508305 15.272387 -3.675842 
3.042533 -0.118390 -0.832642 0.638458 -0.214279 10.779164 11.135250 
1.417540 1.963146 1.878857 0.061547 2.703033 0.969001 4.426106 
0.348250 0.395245 -0.096511 0.679332 -3.107477 1.791156 -2.007284 
0.189420 0.942491 0.751891 0.657020 -0.047801 4.267403 -5.059775 
0.222484 -0.322439 0.973527 -0.636893 -4.863464 10.593869 0.646935 
0.319069 0.311941 0.186332 0.853445 -5.981113 -4.978100 12.887530 
0.092091 0.143867 0.675367 -0.450781 -5.176675 14.727409 -5.707722 
0.486369 0.468359 -1.151275 0.211263 -7.116559 0.896239 4.258995 
0.293964 -0.317208 0.660543 -0.186217 -7.202877 -11.148562 4.720140 
0.150389 -0.265373 0.842967 0.914348 3.038337 -5.343995 3.289705 
0.098254 -1.215357 0.387677 1.077984 -1.667684 1.275064 1.938625 
0.129777 -0.350085 0.271877 -0.186230 -12.839261 -1.514603 -5.680723 
0.089968 -0.447919 0.651967 -0.856370 -13.486089 -7.454097 -0.276210 
0.178187 -0.098270 0.484257 0.145286 -17.776148 5.091229 1.020357 
0.446547 0.157566 0.419361 -0.020223 13.901247 -13.199182 9.795172 
2.596189 -3.017539 -2.402650 -0.254536 -11.302520 -7.097522 4.058875 
0.941679 0.114106 0.000938 1.470028 -4.289237 -6.603311 7.904572 
0.357477 0.245184 -0.953327 0.465600 2.347723 -0.613714 -5.166203 
0.233141 3.491927 1.315020 -1.241177 15.889286 10.334543 -11.166908 
0.109886 0.646350 0.088224 0.534787 1.459779 3.202059 3.586108 
0.103385 0.093810 -0.028068 1.392283 -3.900437 -3.828613 0.509219 
0.307529 -1.435087 -1.852950 -2.074128 -1.812316 -7.569153 -0.843599 
0.224214 -0.507839 -0.357184 -3.275764 3.236740 -6.971573 -11.135798 
0.688471 -0.987530 1.039548 0.296978 -10.845937 4.771738 7.766094 
0.121886 0.218146 -0.445310 1.015599 -6.645819 9.658741 5.457043 
2.036878 2.209053 -1.751350 -0.903231 1.722139 -3.297698 -5.283670 
0.108772 -0.371421 1.765175 0.584077 0.077022 0.525194 -2.054880 
0.087214 -1.059221 -2.402855 -0.894543 0.873188 -5.692547 3.323101 
1.095005 -0.205448 -0.521317 -0.419336 -1.804036 1.723383 3.758188 
0.462444 0.802993 -0.564861 -1.642950 2.231153 -1.835472 -6.463837 
1.195467 -0.452888 1.505152 -0.260925 -4.673491 3.507233 -3.664428 
0.124532 0.597070 1.004538 -0.749615 -5.755138 7.442824 -6.271543 
0.239527 -1.624072 0.074141 1.036598 -7.655488 6.989142 -0.707740 
0.513647 -0.378884 -0.372751 -0.392409 -6.096734 -5.113763 -7.118544 
2.322161 0.765427 0.439649 -0.272116 -0.869143 6.588077 14.545578 
1.749945 0.031878 -0.956687 0.342579 -1.841808 -4.260596 2.036299 
6.427225 0.192429 0.468511 -0.057381 3.620130 -1.277337 13.189157 
0.187473 -0.453889 0.578112 1.139109 0.651831 6.356735 3.168430 
0.080411 -1.205032 1.543243 1.125632 1.546047 -1.141656 -1.260360 
0.084886 -0.007465 -0.174152 0.167072 11.142971 8.626754 2.162696 
0.210734 0.069980 -0.570766 0.452374 -8.016406 0.284880 4.033938 
1.039799 -0.300903 0.726548 1.584784 -11.983261 2.827682 -0.342664 
0.589256 -0.120589 0.573811 -0.089312 -10.291173 6.929085 -10.619861 
0.193774 -1.262996 -0.628322 1.183521 -1.053404 -12.643723 4.198583 
0.204408 0.479890 -0.047639 0.817696 -6.689490 2.375271 6.902015 
0.203976 -1.174232 0.090927 -0.634554 8.192336 -3.651186 -3.115018 
0.100379 -0.307245 0.525013 -0.071923 -7.645106 9.972608 2.314889 
0.224716 -0.668137 0.854003 1.295065 -7.603416 6.950197 -9.718582 
0.736908 -0.478681 1.921621 -0.142270 -8.052278 -0.259667 -2.649078 
0.183623 0.616631 0.170846 -0.079469 -11.516468 -2.075935 11.047344 
5.763363 -0.215087 0.562809 0.375957 0.349695 16.413926 4.861451 
0.155563 -0.503718 0.925882 0.265103 -2.771779 -4.865576 -3.533223 
0.205052 -1.264882 -0.384123 1.036284 3.793162 -9.818427 -1.709958 
0.256881 -0.672382 -0.490850 1.409157 -0.792326 9.064804 6.975609 
0.383592 -0.158308 -0.169466 -1.334702 -3.939306 13.392542 -8.903177 
0.115189 -1.548174 1.755561 1.399168 -2.605931 0.243537 14.244526 
0.144188 -0.938244 1.046301 -0.596902 3.474277 2.130787 -4.713579 
0.208231 -1.254083 0.487996 0.250763 4.747195 -7.318171 -9.562575 
0.523071 0.706374 0.191385 0.893578 7.040643 5.425767 1.693786 
0.460238 0.995996 0.133841 0.973328 3.842056 2.439113 -10.975938 
0.500482 -0.852123 -0.125153 0.856327 -2.378424 -14.151475 7.831654 
0.190881 2.148946 0.284240 1.752808 11.000838 -3.061971 0.961935 
0.095002 -0.749114 -0.755101 -0.346274 -10.240794 0.280626 -8.737532 
0.282526 -1.596257 0.119997 0.425540 -11.327954 2.179909 -7.039689 
7.200905 -1.341156 0.464944 -0.142949 2.942494 -2.059408 -12.075108 
0.639887 -0.138894 -0.309095 -0.261503 10.123455 -1.613251 8.929432 
0.088337 -0.275905 0.072789 0.254986 -12.111017 13.373996 5.104040 
3.427020 -0.556763 0.421477 -0.354657 -14.496029 2.688521 -10.938696 
0.286232 -0.905375 0.334596 0.690484 0.166735 10.110821 -8.174067 
0.111446 -1.038699 0.351593 -0.083806 2.642014 -13.218348 -5.033186 
0.194955 -1.877296 -0.246464 0.603223 -4.871720 -4.229808 1.736190 
0.190041 -0.146796 0.106289 0.040710 11.492497 0.642001 10.048638 
0.170109 -0.908250 -0.399957 0.010869 5.074795 -3.780790 -16.261319 
0.162386 -0.700300 0.674796 -0.333679 9.076667 -4.078917 2.362419 
1.166044 1.336310 1.469152 2.999616 1.526703 12.129904 10.443941 
0.584740 0.196789 -0.132701 0.159601 -20.960782 -0.840409 -3.508076 
0.396613 -1.115368 -0.610784 -1.124973 -5.836785 10.614121 1.575312 
2.418064 0.279336 -0.571446 0.204872 5.078128 -3.831523 -4.408520 
1.010429 1.090258 -0.991080 -0.506214 1.650674 -5.782172 -4.863273 
2.532142 0.527556 0.142729 0.362148 18.112834 10.780930 4.308326 
0.107929 -0.623557 -0.575529 -0.294005 -14.317490 -5.128000 -6.266945 
0.167175 0.113641 0.534537 1.071308 -2.302242 13.818756 13.932054 
0.254952 1.635670 -0.091958 -1.285138 -1.242045 7.066592 -4.115321 
0.429694 0.580231 1.132648 0.353080 -6.608095 1.508872 -5.659751 
0.496826 0.710824 1.132907 1.644147 -0.117828 7.967260 8.694683 
0.121547 0.539738 -3.689842 -0.317367 -1.204948 -16.478467 -4.804542 
0.215928 -0.385452 2.169485 -0.674555 -1.621659 5.487393 -2.858734 
0.270339 -0.424584 -1.390250 -1.059971 2.364811 -9.926704 -7.450422 
0.080083 0.376351 0.120804 -0.198515 -7.604067 -1.163342 -13.301884 
0.272801 -1.311273 0.478752 0.022818 -13.873613 3.598536 -0.706631 
0.248941 0.675191 0.658851 -0.834324 -3.250589 12.190434 -11.126570 
0.198171 -0.212068 0.734383 0.190787 3.996148 5.678381 11.411953 
0.125940 -0.857355 1.487329 0.023812 -6.690183 -7.191940 -4.170213 
0.397489 -0.574170 0.496817 -0.254264 -10.586035 -3.213019 -15.403641 
0.109822 2.759662 0.082122 -0.946842 8.767957 -1.665629 -6.954340 
1.950578 0.196846 -0.400509 0.561866 0.506606 1.411710 -5.749485 
0.085723 -0.180144 0.487748 0.773166 -3.161193 -6.425145 -6.407220 
0.261677 -0.700644 0.508996 0.712495 -9.451550 -2.651523 -3.489407 
0.410668 0.064087 -0.252978 0.204860 -3.507830 -7.716091 -14.985369 
0.278253 -0.431054 0.525775 0.852164 -12.058469 6.175693 -8.202860 
0.362834 -0.591640 1.191208 0.104189 5.151536 -1.818270 -2.558917 
0.191416 5.703990 1.569502 -0.660302 24.724529 11.544839 -4.057020 
0.204516 0.771741 -0.044061 -0.007339 -8.413781 6.618356 10.405676 
0.119244 -0.613794 -1.062625 -0.017845 -2.978286 -8.626729 -9.340822 
0.394798 -0.123982 0.000608 0.784248 -5.094429 6.975960 -1.308552 
0.108074 -0.430662 0.854249 -0.206627 -0.676543 -7.809932 10.021406 
1.687457 2.630308 3.726307 0.830498 10.049154 11.210424 6.507071 
0.142585 -0.243819 1.495644 0.495664 -4.213864 5.721917 6.749301 
0.999592 -0.699476 0.313193 0.640089 10.813946 -8.027796 6.071500 
0.835224 0.911625 1.388265 0.194804 -9.677852 9.507737 2.508524 
0.133760 -1.046573 0.043167 0.870653 7.580803 14.050420 -0.222669 
2.914902 1.185830 -0.981139 -0.024896 -2.293475 -0.265483 -0.801000 
0.289537 -0.869370 0.280815 0.213920 7.535723 11.738142 4.982738 
0.111589 -0.375820 -0.137286 -0.244467 -4.497720 0.581121 5.494070 
0.666435 -0.261278 0.610198 0.219216 -7.111593 -11.933108 -9.066755 
0.118124 0.208079 0.865707 0.053217 -7.047125 2.863282 -11.707607 
0.082017 -0.559248 0.497527 -0.380709 7.762998 -10.593510 -1.627320 
0.384643 0.585251 0.941608 0.081330 -6.471910 8.684728 4.185450 
0.170390 -1.916252 -0.773347 0.250090 -1.472489 -7.220476 -6.698090 
0.164634 0.139204 -0.200072 0.383754 2.322557 5.686952 -10.026040 
0.710018 -0.585762 1.169232 0.849914 4.429543 -6.674207 -1.982793 
0.490174 -0.383097 0.320282 0.327804 -2.339879 -0.182803 17.066254 
0.209872 -0.666808 1.320438 -0.070920 0.094923 2.279660 -14.325414 
0.191407 -1.706997 -0.802177 -2.279536 0.469433 2.064362 -7.501036 
0.086220 1.114428 -0.232389 1.214971 -4.453182 -0.603585 4.310849 
0.253249 -1.478012 0.392459 0.101669 1.452874 -9.286203 -2.117310 
0.443660 -0.905332 0.101445 0.233325 -6.041229 -5.248021 -2.493588 
1.478874 -0.984666 -0.002638 0.159874 -7.660468 -14.711304 -6.104319 
0.997008 -1.755310 -0.497741 0.317222 -4.698769 2.242773 2.926331 
0.119733 0.058701 -0.102271 -0.545924 4.892518 -5.322301 15.386609 
0.155712 0.104641 1.055648 -0.583017 -1.951557 5.378095 -10.277889 
0.248140 1.741188 0.617535 0.272861 -0.365726 3.878083 1.313774 
0.211986 -1.441118 -1.844968 2.547761 -5.921187 -6.635162 2.453319 
3.164370 -0.644856 0.262705 1.318155 -8.768963 -2.917494 4.476588 
7.811175 -0.289448 -0.892319 0.367489 -1.679028 -0.019617 0.323194 
0.119711 0.670219 -0.078833 0.100311 -2.831370 0.512186 -11.067522 
0.081905 -0.700092 1.668797 0.592341 -3.253432 -7.187197 1.655629 
0.128974 -0.731750 -0.977238 -0.240535 0.820306 2.081350 -6.260069 
0.098410 -0.011509 0.484136 0.429878 7.879392 -3.257504 1.265617 
0.208666 0.512177 0.877408 1.342344 6.812781 4.129753 -2.921887 
0.338702 0.741602 -0.987927 1.706009 5.803899 2.891346 6.847935 
0.270406 1.085371 0.021874 -0.229696 6.944636 8.605897 9.027375 
0.261780 0.539121 0.033734 1.039052 -1.877037 -1.318775 1.856741 
0.198271 -0.235961 0.741086 0.403884 1.890519 -4.930315 7.049093 
0.547947 0.703776 0.909008 0.501981 -3.614024 2.563817 -3.434659 
0.084496 -0.555031 -0.618850 0.806002 1.383793 -14.677149 -6.245956 
0.547853 -0.562587 -0.113022 0.036669 -11.632728 13.228964 0.896437 
0.124445 -1.454233 0.774223 -0.186028 -6.316210 -3.938177 -7.819273 
0.573077 -0.025783 -0.176610 0.587460 -4.187818 -3.046946 0.924106 
0.415176 -0.184859 -0.052092 0.620625 -10.190063 13.092036 3.750936 
0.878922 -0.760196 -0.958137 0.433636 -2.599452 -1.120254 15.991243 
0.094683 -0.318785 0.002451 -0.986952 1.630872 -9.010436 12.183260 
3.025229 0.068440 1.810445 -0.460078 7.875816 -3.695256 -1.033460 
0.102725 -0.653876 -0.703756 0.999253 3.634321 5.923754 5.261643 
1.385436 -2.232056 1.479564 0.974745 0.357296 9.254024 3.951121 
0.188343 0.282299 -0.524384 1.138609 -9.919805 4.215834 1.702404 
0.308804 0.093431 -0.745598 -0.615568 -6.032675 -8.804371 0.880109 
0.266901 2.448553 0.974938 0.540449 9.601495 -3.025339 1.354979 
0.352073 -0.831543 0.008005 0.724503 -3.137310 7.590160 20.846300 
0.588656 1.651566 -0.897577 -1.504079 6.720673 0.177773 0.056055 
0.105091 -0.400329 0.844339 -0.166337 4.803763 -5.624338 0.176906 
0.147682 0.941917 -0.811449 0.857214 -4.188289 -6.480024 10.033142 
0.179358 -1.207777 0.606366 1.069463 -1.732865 -2.807558 5.332318 
0.522896 -0.786621 0.316608 0.206691 -7.418170 18.065249 8.289638 
0.141510 0.305795 -0.238533 0.252381 -15.053009 5.821855 7.083960 
0.105633 -0.049885 0.358482 0.908465 -1.700611 0.537551 -1.519454 
1.115389 -0.642832 0.576576 0.962068 -6.765093 8.896089 -0.384556 
0.100224 2.560468 -2.090278 -1.073672 3.575500 -6.298133 -9.162261 
3.043771 2.029727 -0.589144 -2.107309 4.760351 -2.529327 -1.463391 
1.677124 -0.376228 0.988042 -0.372380 -9.119667 15.029732 1.177703 
0.154714 -1.300114 -0.738994 -0.548153 8.451907 2.122533 1.132335 
0.509531 -0.786092 0.193010 -0.263620 -10.895484 -3.578430 -0.382249 
0.118595 -1.034375 0.618974 -0.457229 -13.985568 4.059941 -7.866614 
0.192470 0.387138 -0.336121 0.489588 -13.406186 2.455604 -4.204217 
0.156661 -0.016323 0.818611 1.478520 -3.894300 13.399008 -6.727927 
0.269171 -1.145792 -0.058524 0.233255 -3.235205 2.191369 10.523540 
0.275015 -1.052899 0.187116 -0.419071 6.444618 -5.712469 -0.172305 
0.133107 -0.357387 0.368345 1.345448 2.041779 -3.300190 0.001133 
0.116244 -0.731900 0.434161 0.237242 -5.883286 21.588111 1.484265 
0.262815 -0.773656 -0.505552 -0.526971 0.905013 10.774155 -5.532399 
0.152197 -2.106873 0.555644 -0.725882 -10.262447 1.179413 6.548262 
0.591538 0.167021 -1.414166 -2.744996 -4.025155 -1.740379 -12.612421 
0.273814 0.537403 1.274439 0.249551 0.498087 6.386932 -0.981045 
1.296377 -0.943761 1.301304 0.646629 -3.364429 -4.626755 -0.638221 
0.625099 -0.129363 0.948517 1.323818 -4.921675 8.573378 -0.704078 
0.953431 -1.702853 -0.788071 2.226827 -1.150421 -0.353045 6.603690 
1.362864 1.114614 -1.171437 -0.433728 5.802549 -9.853605 2.090571 
0.388981 -0.555954 -1.292780 0.887387 4.128349 -9.111494 -5.167243 
0.178332 3.380826 0.258403 0.641550 13.048855 6.375902 6.693894 
0.372184 0.192704 0.188989 -0.512517 5.449378 12.738883 -1.848600 
1.884918 -1.057254 -0.040921 0.772694 11.847834 -0.299564 2.474467 
0.093160 0.116363 0.036985 0.520416 9.829894 14.531886 13.573925 
0.093696 0.194980 0.878719 -0.494320 8.467360 11.570890 -14.541569 
0.080850 1.975379 -2.702854 2.173199 1.988279 -12.564803 8.253478 
0.277717 -0.020321 -2.390764 2.469364 0.596145 -1.512671 11.019568 
0.330199 -0.369072 0.508821 0.400741 3.524904 -12.299363 -9.705759 
1.020862 -0.120837 -1.033899 0.232642 -13.865839 -4.283788 6.282877 
0.554068 -0.417641 -0.172451 0.023664 8.383740 -0.684965 3.268209 
0.410517 -1.328552 0.210959 0.293938 -10.989133 4.810381 -11.615241 
2.241100 -1.319338 0.834220 -0.210168 7.207314 -0.233778 -1.989134 
0.769947 0.576285 0.663049 -0.582599 4.479519 8.868903 6.445407 
0.085466 -1.547400 -1.115755 -0.006267 -6.284041 -6.116864 4.915281 
0.645582 0.371213 -0.385146 -0.289407 2.802201 -1.177168 9.294215 
0.291207 2.679601 -0.137328 -0.926681 8.618531 -1.633268 -2.565152 
0.780826 -0.036052 2.623788 0.749191 -10.165224 6.832016 3.323056 
0.178041 -0.089362 0.227859 0.006044 -4.491073 -2.095134 -12.860834 
0.111657 -1.005318 0.450878 -0.001663 -9.963247 -7.807582 -10.011601 
0.141933 0.366712 -0.283838 -0.650710 3.961998 6.364072 2.136130 
0.503658 -1.501766 -0.706507 1.550825 -8.597477 0.444443 3.435083 
0.266518 -0.948289 -0.732773 -0.838596 -11.569841 5.048348 6.459268 
0.136578 1.264776 0.704934 0.251349 -3.698628 2.440824 -3.323910 
0.126498 -0.494996 -0.600234 0.005913 6.013576 7.776580 11.014478 
0.081261 2.467685 -0.548878 0.084397 4.483839 -10.528477 -0.559482 
0.167252 -0.383359 0.218502 0.040265 -6.780782 -11.724025 10.811097 
0.607244 -0.450269 2.289091 0.388480 1.612145 -3.068672 -1.936243 
0.266741 -0.930238 -0.904636 1.201696 0.219975 -8.500260 -1.320002 
0.157175 -2.364754 -0.696049 1.853890 -16.596386 0.363796 0.588473 
0.366807 0.049416 0.600712 0.125012 -10.780036 -3.627721 12.532978 
1.030213 -0.540036 0.398931 -0.851058 2.098477 2.902509 -1.381400 
0.140945 2.325801 0.788903 1.179601 2.392509 -2.964024 7.107528 
0.288794 -0.751094 0.718377 -0.229789 2.471883 -0.763298 11.387495 
0.182724 -0.263846 -0.568911 0.244827 8.991994 -3.669713 12.625147 
0.115248 -1.224288 0.666252 0.911660 7.589275 -9.475950 2.833791 
1.012019 -0.100013 1.228786 -0.521212 -2.882638 1.576423 1.233725 
0.292049 0.073835 -0.686491 0.345443 9.807935 3.853430 -7.881641 
3.273691 -0.314353 0.106917 -0.390099 -8.698265 1.840955 -0.593427 
0.507219 -1.662037 -0.184303 1.789687 -4.124609 -9.972414 3.048689 
0.325723 0.353434 0.338239 -0.342860 10.707828 -2.430923 7.090251 
0.153073 2.073910 1.180615 -5.075520 10.296612 -0.190028 -24.774113 
0.229855 -0.545139 -0.038865 -0.323122 -13.543168 -1.517778 4.546877 
0.196589 -0.326470 0.310296 0.957603 -8.663145 -3.176157 6.704603 
0.095001 -0.736900 0.637043 -0.572878 -1.502727 3.096706 13.694566 
0.458870 0.515490 0.670840 0.411861 8.537264 7.275746 3.642781 
0.085890 -0.150615 2.521639 2.294921 3.374881 3.056118 12.352395 
0.170408 -1.353492 0.370226 1.217198 -1.921967 -4.800109 3.793048 
0.130084 -0.679119 0.856145 -0.021690 -2.035431 0.140637 4.421895 
1.384359 0.171337 0.486054 -0.066011 -10.342043 -13.584917 -24.244046 
0.642711 -0.356367 -0.156793 0.253800 8.833486 -4.457322 -19.845688 
0.176254 0.674977 1.471450 0.429918 2.853211 7.673623 -4.674921 
0.156623 -0.949267 0.423198 0.481701 16.743684 8.073455 -5.991914 
0.874755 -0.903783 0.165296 0.788424 3.591383 4.194089 0.092627 
0.628183 -0.291900 -0.385082 -0.070714 -6.539411 11.283538 -3.803296 
0.127719 0.113644 -0.506889 2.263071 -9.074266 0.130079 9.634608 
0.209256 -0.413249 1.235668 -1.094314 5.329749 7.771696 -8.060282 
0.393003 -0.820319 0.168986 -0.229994 -13.388797 1.460169 7.507177 
0.395444 -1.199136 -1.498511 0.313586 3.319136 4.045227 6.306428 
0.150757 1.660199 -0.831306 1.499039 8.752454 1.259249 1.801841 
0.613619 2.251513 -0.669424 -2.429465 10.701692 -1.710072 -7.566875 
0.371705 -0.766814 1.379321 0.407430 -15.729835 1.296485 -3.939120 
0.128172 -0.737915 1.247896 1.765827 -6.200043 -1.117362 5.940755 
1.227367 -1.475087 2.744067 1.430422 -0.192827 9.830279 6.441299 
1.287495 -0.370055 2.062535 0.505018 -0.133204 14.730806 2.657101 
0.285623 -0.999027 -1.287623 -0.955508 3.452262 -3.041714 -1.400637 
0.186793 -0.450590 0.134436 0.591191 0.963955 -0.816453 -5.037499 
0.151928 -1.806169 0.136998 0.588758 -9.686439 8.398754 7.891912 
0.107729 -0.236467 1.281994 -0.030126 -5.453292 12.373390 7.894523 
0.789450 -0.701878 -1.388739 -0.841293 -4.115350 -9.178400 -7.397731 
0.417882 0.854187 -0.152376 1.099442 -9.220779 -2.882029 11.088435 
0.415458 -0.756413 -4.133326 -0.147586 -5.491552 -12.906929 3.741294 
0.510419 -1.665497 0.958704 0.193776 -8.519940 -3.931553 -3.732621 
0.130425 -0.602991 0.297429 -0.078487 -3.541648 17.294940 2.877489 
0.312402 0.350377 -1.216185 0.312736 -4.822341 -6.535273 2.386189 
0.489643 -0.331904 0.966183 -3.267417 -3.740818 5.086711 -7.094891 
0.449688 1.183952 1.622789 0.274671 -0.833096 8.142849 -8.640175 
4.640213 -2.157985 -5.401604 -7.011264 -7.459338 -22.964726 -32.629364 
0.102329 0.672756 1.446185 0.156953 -3.580309 10.178203 -6.889504 
0.088752 -1.167416 1.337784 -0.416432 6.175745 3.303648 -5.173205 
0.124181 0.723998 -0.943795 -0.119319 -2.134670 6.870659 -6.357659 
0.142677 -1.577426 0.729728 0.390333 -8.242106 7.738271 6.279361 
0.646196 -0.032633 0.018958 -1.450048 6.854591 -8.714943 0.695696 
0.112694 -0.476349 -0.444105 -0.651540 6.300426 5.491550 0.445659 
0.176104 -1.188527 0.387555 -0.542179 -2.212281 11.333826 -5.037365 
0.106965 -0.730779 1.345996 1.527582 -0.671252 7.086656 0.055205 
0.330430 -0.078396 -0.697754 0.322652 5.392209 -12.280143 3.904728 
1.059937 0.178651 0.051359 -0.646359 -11.541892 7.102435 2.089952 
0.446854 -0.285767 -0.787000 0.593772 -0.210874 -8.034890 16.963146 
0.249843 -1.331165 0.841478 0.367871 -1.728150 -7.909840 -5.931067 
0.126972 0.230737 0.307082 1.216408 0.767339 -0.439929 8.792018 
0.148713 -0.160514 0.109940 -0.256234 -17.594173 2.908428 -6.659042 
0.153845 0.031698 0.372802 -0.069163 -21.625254 -1.044537 11.647088 
1.523067 -0.098290 -0.429294 0.336487 1.269019 10.545785 3.014000 
1.665441 -0.283961 1.052817 -0.426759 -7.845555 8.907508 12.174527 
0.167356 -0.832035 1.244017 0.813204 -8.918296 -2.547695 -5.249690 
1.433413 3.141215 -2.853634 0.083260 7.146802 -12.881961 1.530394 
0.264805 -1.618582 -0.707388 0.552573 -2.708509 10.612191 2.104249 
0.110793 0.087510 0.758734 -0.408965 -0.974913 -5.997301 10.277977 
0.180061 -0.495888 -0.803289 0.483760 -4.856511 2.225394 -2.400548 
0.195410 -0.175184 0.337635 -0.984408 -0.918218 0.402261 13.832487 
0.091610 1.062826 0.516479 1.720827 -7.324102 -1.704646 8.315882 
0.100160 -0.053590 1.173307 0.263474 6.195793 0.393957 -3.553466 
0.329612 0.241001 0.694472 -0.608261 3.800102 1.233794 -0.999863 
0.174903 -1.381105 -0.906729 -0.725001 -5.757938 9.967841 -1.914195 
0.088879 -0.346305 0.241141 0.026439 -2.299791 0.963935 11.704317 
1.382242 0.955378 -0.963217 -0.095973 6.473091 0.925769 12.565170 
0.137418 -1.097413 -0.070536 -0.093842 -0.530754 2.020663 4.885150 
0.550522 0.325295 -1.162589 1.011045 7.962368 4.581297 3.007209 
0.977405 -0.724328 -0.393712 0.608374 9.018021 -8.509620 8.731304 
1.078071 -0.190236 -0.551551 -0.049507 -5.904657 -7.657962 7.594186 
0.158053 1.824900 -2.857083 0.151591 10.500118 -9.779975 1.659214 
0.173348 -0.588741 0.175515 0.159844 -3.539125 3.248198 -6.628442 
0.082934 -0.426739 0.880451 -0.750119 -18.553967 6.369118 -1.243752 
0.136636 -1.542437 -0.309213 1.424237 -1.386632 2.067263 -1.232608 
0.143734 -1.827970 -0.373993 0.793673 -9.920102 -1.007885 10.042464 
0.441192 0.245271 -0.260403 0.619573 -8.594122 -8.561776 2.996686 
0.419927 0.474140 0.305561 -0.761748 -5.252903 10.086961 0.962681 
0.233936 -1.141287 0.050288 0.497045 7.700699 -3.478098 -6.634232 
0.472655 0.216026 0.410116 0.525575 -2.808444 13.500491 9.685528 
0.114863 0.732673 -0.128826 -0.514629 2.672867 -3.829392 10.761489 
0.090134 -1.221386 -0.231685 -0.139375 -1.163907 -9.096517 3.088957 
0.541043 2.466450 -0.376830 1.288978 5.588574 -0.755461 9.592345 
0.282572 -0.864680 0.629894 0.908840 7.860138 5.869591 -5.557812 
0.115642 0.775747 -0.850395 0.026122 -6.555007 6.305565 -0.534910 
0.081355 -3.009047 1.146006 -0.853219 -12.031585 6.423909 3.774508 
0.367829 -0.219439 1.506699 -0.360933 3.377721 10.143340 -9.346677 
0.139629 0.024466 0.188302 0.339964 -7.347507 18.599871 -1.114424 
1.352784 -0.183881 0.457604 0.183780 -15.814069 8.231615 1.849596 
0.125255 0.349256 -0.719876 0.375745 -6.742246 4.782484 10.010739 
0.401327 -0.305100 -0.690882 2.823860 -1.540614 0.740379 4.506550 
0.285734 -0.412258 -2.146500 0.245020 6.733082 -2.539123 5.208746 
0.395651 1.343115 -0.162614 0.366565 -4.064884 4.823729 4.786158 
0.293098 -1.152630 1.017667 -0.459307 -0.273610 6.396025 -7.356751 
0.087827 0.390208 -0.468527 0.110684 -9.293996 -9.581915 -6.680424 
0.145431 0.344781 1.026265 -0.888210 10.407765 4.475207 4.643930 
0.180115 -1.749161 0.691325 0.921002 2.747721 -4.859015 8.012815 
0.096200 -0.069973 0.624620 -0.060223 -8.606489 -2.102279 -5.314103 
0.666776 -2.380075 -0.725142 1.815602 -7.605059 1.227679 4.007375 
0.204329 -0.885267 -0.131137 0.173077 1.124663 4.256582 -0.901029 
0.115895 -0.668257 0.784393 -0.533722 -2.687344 -5.546948 5.217773 
0.093908 0.239345 1.294560 0.974715 -4.281676 10.536920 0.892094 
1.218377 0.478640 0.999913 -0.122864 6.107587 -4.742372 -8.962729 
1.577937 -1.100900 -0.057545 -0.060140 4.518604 6.629527 5.335077 
0.624013 -0.296604 0.963696 -0.678435 2.166211 6.412535 8.055855 
0.094581 -0.359989 -0.995915 -0.049675 -15.168470 -1.647547 -2.501682 
0.082735 -0.393462 0.221195 1.427495 1.355284 -6.633671 0.975364 
0.117562 -0.887583 0.825715 -0.597833 -6.286770 13.236408 10.312362 
0.104059 -0.429781 0.954597 0.195779 -2.711980 2.753772 13.819299 
1.175398 -1.753501 -1.064902 1.431242 -9.670612 -3.885187 -3.061726 
0.164169 1.854149 2.287190 -1.732447 4.875897 1.478237 -8.154422 
0.291452 0.409464 -0.117855 0.344986 -1.303534 8.410859 9.661625 
0.206673 -0.792877 -0.858747 -0.125337 4.304971 9.005232 0.676112 
1.289324 2.292421 3.396381 0.161989 11.208054 14.548331 -6.107781 
0.086315 0.341535 0.559226 1.249443 6.497442 0.561419 6.100893 
0.235153 -0.344592 0.431427 0.031919 0.730822 16.301259 10.886418 
0.115719 2.535883 -2.259520 -2.878729 12.170029 -10.160256 -8.640143 
0.363410 -0.285136 0.779259 0.352481 -8.302177 -4.878085 -3.509844 
1.751386 0.809046 -0.799392 0.645576 -10.041691 -3.615715 3.776625 
0.207984 -2.974378 -1.725042 -0.323049 -14.539330 -7.587717 -2.360055 
0.102911 1.138573 -0.718220 1.148121 0.503981 7.857283 7.485061 
0.178659 -0.017106 -0.977550 -0.046585 -7.816793 -9.232047 -4.675679 
1.266026 0.129917 -0.790272 0.622967 -8.402716 0.142536 10.491319 
0.304509 -1.129595 -0.053116 -0.702890 -4.007952 8.746747 2.708960 
0.111776 0.316428 -0.056802 0.355570 5.866828 -9.836748 2.994117 
0.518423 -2.108851 -1.743089 3.238278 -5.659302 -11.259820 13.163811 
0.412206 -1.631701 1.171754 0.717529 -2.010780 5.462500 -1.519454 
0.151101 -0.065216 0.637748 1.944788 -10.079696 -2.014226 11.807842 
0.220913 -0.338795 -1.431194 0.543145 -2.417413 -10.469359 5.749490 
1.412488 -0.636411 0.261130 0.632203 -7.735028 3.839370 8.220720 
13.278585 -0.622172 -0.481823 0.045418 7.721013 0.304849 -9.048712 
1.463321 -0.106762 1.597194 1.238562 6.556605 -3.030088 11.726584 
0.120159 -0.895896 0.846871 -0.539117 -6.219350 -3.327018 -9.153924 
0.365350 -0.172573 -0.538071 -0.159420 -9.307746 8.830782 -2.113813 
0.105973 0.275845 1.290937 1.388312 2.088573 7.968860 2.257771 
0.295892 0.635094 1.320525 0.225217 1.780034 4.752199 -7.806063 
0.206326 0.045450 0.084781 0.270454 -9.333117 -5.469519 -5.724952 
0.093712 0.297848 -0.151300 0.355232 12.015610 -11.651471 1.180486 
0.095148 -0.795343 0.337048 -0.544485 -2.757769 -10.380228 -3.087657 
0.206538 -2.424196 -1.187349 0.691617 -11.788101 3.547601 1.428340 
0.086877 -1.330084 -0.639036 -1.062982 -6.016747 -2.100237 -2.554750 
0.089099 -0.603461 -0.580252 -0.288381 -0.636621 12.612136 -8.567074 
0.510706 -0.240902 0.496895 1.317527 7.207047 -9.476066 -1.942344 
0.209703 3.105983 -0.999097 -0.902033 8.746121 0.480421 -0.835083 
0.558090 0.196861 -0.466749 0.166273 2.596981 5.787365 5.043728 
0.094925 -0.373912 0.441746 0.094607 -4.946721 -5.787288 14.822083 
0.169485 -0.510754 -0.273622 1.014419 -9.489648 7.684320 10.733230 
1.190304 -1.460012 -2.046908 0.660700 1.019440 -3.287396 1.166682 
0.229716 0.172666 0.709612 0.045780 10.015406 12.277097 4.033232 
0.590880 -0.321114 0.724718 -0.157840 12.271830 -2.424327 5.327045 
0.480535 -1.641482 0.409462 0.220722 0.122157 0.867559 0.475331 
0.234429 -0.900034 -0.087409 0.930206 8.031743 5.260972 3.086111 
0.582021 -1.695238 1.238081 -1.959799 -1.746753 3.507910 -7.552968 
0.189197 -0.996948 0.630936 0.816378 -11.810984 6.729966 6.754731 
0.259575 1.090911 -0.039567 -0.060624 1.940050 -2.986647 12.240492 
0.447006 0.391806 0.372697 -0.176046 3.889047 -1.913424 -4.502887 
0.147887 0.482079 -0.415361 -0.096282 -7.716295 0.745914 -2.875472 
0.231699 -0.041252 0.598654 0.565411 -7.797216 3.965168 -5.357440 
0.453708 -0.366872 0.628185 -0.195215 -6.256826 2.570738 -11.429872 
0.920339 0.221155 1.484075 -1.294907 6.387861 -0.908811 2.487506 
0.955703 -0.419775 0.302639 1.317951 -1.800552 -1.431041 -3.517444 
0.084577 -0.636532 -0.244848 1.088265 -4.810439 5.655460 8.379132 
0.160624 -0.212327 -0.101019 0.013412 -12.028489 -7.589176 -8.390547 
1.172148 1.689566 -0.194131 -2.850147 3.256598 -4.786584 -13.683555 
0.760534 0.918800 3.498586 2.046601 6.494305 8.910595 13.207234 
0.114553 1.267570 0.271991 0.523932 4.081886 12.112152 -2.142020 
0.117572 1.865690 -3.434569 -0.593055 5.424973 -15.709822 -3.792333 
0.762149 4.411105 6.477019 -2.870713 21.699156 30.240836 -8.074162 
0.232792 -1.370593 1.529307 0.701750 -11.190490 7.811694 6.957316 
0.215009 -0.294424 0.151218 0.030761 -2.828106 15.498065 -0.531407 
2.204810 -0.407540 0.163201 0.029848 -4.225232 -6.846954 5.927465 
0.129032 -0.315390 -3.129399 7.226426 3.294018 -16.678497 33.460411 
0.374042 -1.671084 -0.371251 0.594425 -12.475156 -0.870256 7.345672 
0.205433 -1.615582 1.593463 0.099303 -5.055832 3.108480 -11.953071 
0.160079 -0.487249 1.227658 -0.820891 3.576617 2.630478 -7.207139 
0.136090 0.286150 -0.434920 0.765315 14.163922 -0.327421 -7.009310 
0.119841 -0.533527 0.584327 1.542253 -8.020141 -7.530973 -0.751092 
0.201503 -0.823386 -1.366383 2.008825 1.900684 -4.944592 -1.271354 
0.611073 -1.217050 0.163410 -0.729829 -0.513545 7.275264 2.885148 
0.115016 1.637672 -1.935202 -2.333785 4.450810 -9.875459 -3.486410 
0.399244 1.490588 -1.126630 0.972752 1.215057 1.490425 3.627882 
0.131342 0.018096 0.707565 0.343178 7.598315 -4.070156 17.947073 
0.174201 -0.236349 1.074536 2.156552 -3.215630 13.232185 0.685706 
0.089275 0.074155 -0.033223 0.343022 -17.951749 2.834777 0.983025 
0.438872 0.328652 0.602320 -0.872688 -4.891387 0.263115 -1.436288 
0.085636 -0.671595 -0.397484 -0.667963 -10.375456 6.119847 5.642825 
0.582912 -0.405527 0.279370 0.401492 4.833700 -10.812226 3.623043 
0.240412 -1.800408 -0.065596 2.533886 1.043190 0.840770 11.323797 
0.226021 -1.373841 0.194068 0.827322 -10.062995 0.292717 -8.095696 
0.107205 -0.844547 -0.095126 0.841343 -4.409087 4.414127 -5.008766 
1.102835 0.216472 0.614831 1.095291 -5.336850 0.841832 -5.416878 
0.266126 -1.798706 -0.459032 -0.962933 -2.741926 -8.532507 0.738873 
0.409423 -1.208109 1.076601 -0.430949 -3.898818 -8.932956 7.132094 
0.089384 0.732909 -1.222212 0.159347 -2.451182 -2.239288 7.627809 
0.113871 -0.195493 0.753823 1.070457 -10.841336 4.357337 5.213892 
0.746267 -0.483123 1.050955 -0.616089 -2.660635 -12.635706 3.223915 
0.219386 1.121003 -1.937810 -0.587151 9.980701 -1.689840 1.347111 
0.439077 -1.337087 0.049040 0.241987 3.409805 0.357851 16.101106 
1.444015 -1.120694 0.977045 0.411514 -6.863038 3.314297 3.963099 
0.102731 -0.445390 0.883337 -0.423264 -15.745045 6.630456 -12.124827 
0.202560 0.983700 -3.970350 -5.007295 9.461592 -19.481225 -30.309641 
0.091773 -0.497493 -0.093822 0.509118 -20.090002 9.548637 7.468638 
0.159646 0.139928 -0.268168 0.833100 13.220735 2.635896 15.728198 
0.210510 -0.623820 -0.585165 0.154567 6.263912 11.530460 -2.981656 
0.129464 -0.247026 -0.318341 0.274423 -5.994922 5.047353 -1.613360 
0.235395 0.476290 0.432474 -0.262928 1.459267 -1.497055 4.272925 
0.392760 -0.730287 0.090608 0.595657 6.602519 15.013952 0.293362 
0.340464 -0.029592 0.719946 0.773396 -7.346225 -9.283124 12.752740 
0.558675 0.520493 1.029931 -0.681034 -9.220615 2.248720 -0.758299 
0.269181 -1.003535 -0.270786 -0.185191 -11.280794 1.783272 -0.669129 
0.080832 -0.243690 0.334878 1.753869 -6.502088 -3.164112 -1.923714 
0.161454 -0.829153 0.555842 0.231545 7.726383 1.772983 9.551205 
3.272843 -0.390088 -0.150957 0.439039 4.015168 -2.070213 -3.576364 
0.126733 -1.464811 -0.338619 0.288003 -9.463042 12.744267 6.701467 
0.147442 -0.850138 -4.588431 -0.395522 -1.910283 -18.443986 1.435779 
0.234874 -0.422565 -0.500079 1.011232 2.784411 -8.118462 -2.701110 
0.088322 -1.079013 0.929932 -1.327183 -7.476142 2.108709 5.033968 
0.124823 -0.940132 0.904143 1.521222 -2.923314 4.885127 7.538724 
0.134972 -0.239450 0.213545 -0.370602 -17.273286 -5.936625 -2.177305 
0.114632 -0.031525 1.435260 -0.783637 -2.296611 -0.623410 -4.767057 
0.145861 0.316116 0.787822 -0.340321 -5.715510 0.646847 5.763924 
0.263366 -0.491804 0.766154 1.758528 -0.577459 0.828816 2.816650 
0.973808 -0.490967 0.086135 0.322179 11.510452 -9.482229 4.405252 
1.966409 -0.974856 0.345757 0.462121 -2.391348 -6.537586 -1.180136 
0.137245 -0.282709 0.206536 1.320538 -11.374322 5.104556 6.680844 
0.175886 0.050781 0.374817 0.462154 -0.499995 5.659750 -10.974205 
0.427154 0.213452 -0.140183 -0.344974 -1.813632 13.666908 -3.179925 
0.305641 -0.090015 -0.797593 0.507305 -3.808795 6.922679 11.062976 
0.126873 -0.950538 0.819337 -0.310926 -4.046258 -0.474157 -3.117097 
0.202129 1.507305 -0.172788 2.972654 -0.585201 2.615565 12.146637 
0.103947 -1.351981 0.330783 0.585012 -9.385923 -14.051098 -0.248144 
0.160192 1.486335 0.579111 0.544165 -0.363157 11.367309 -2.690286 
0.087931 0.017602 1.054974 1.390478 2.022247 5.946028 0.076119 
0.201166 -0.536991 -0.828176 0.687935 4.716283 5.180171 -5.833573 
0.129271 -0.589611 1.419178 -0.344939 8.147287 7.642571 1.525528 
0.244547 0.314051 0.163288 0.430433 -3.375765 1.314894 -12.065915 
