0.202999 -0.135317 0.994685 -0.565169 -0.893337 1.662296 -3.901304 
0.583882 0.455708 1.675681 0.536990 11.619699 4.221145 9.781561 
0.585149 0.017926 -0.101130 -0.649353 -6.797138 1.447915 -13.779086 
0.085689 -1.128776 0.084669 1.454062 -10.331185 13.619602 7.250082 
0.090936 -0.126564 0.646284 -0.175451 -4.003413 -2.829042 12.288090 
0.457888 -1.058823 0.057099 0.651838 3.633955 -15.326839 -5.152787 
0.179449 -0.809435 -1.401203 -0.833215 -1.515620 1.501045 -0.847719 
0.103175 0.903617 -1.636647 -0.430421 -1.675167 -8.355358 5.180737 
0.199182 3.237876 -1.128308 0.674792 12.542270 -8.574366 2.991210 
0.109107 0.631609 -2.055295 0.976956 -1.342833 -2.704578 5.656476 
0.232498 -0.289285 0.508307 -0.232455 -8.234298 19.483776 0.725370 
0.683878 -0.890321 0.442987 -1.563818 -10.032746 -6.509782 -2.563912 
1.809017 -0.104462 -0.072366 -0.030967 -0.034638 -6.572919 1.401090 
0.133767 2.207706 1.364311 -0.235833 14.113659 3.990911 5.698255 
0.207935 -1.372440 1.507040 -1.321364 -2.777219 12.119816 1.057174 
5.586845 0.541841 0.398268 -0.224721 0.200945 4.846178 0.956792 
0.099031 0.004185 0.720651 0.943880 0.964201 17.730982 -2.498341 
0.095457 -0.742181 -0.262659 0.572369 -5.448523 6.965078 -2.511785 
0.166412 0.353032 0.250906 -1.411814 -2.483475 -9.770426 -6.630363 
0.401973 -0.134067 -1.868348 0.315151 5.026303 -9.355099 10.772553 
0.149690 -0.647049 0.520888 0.920878 -14.197682 -2.327285 -1.486147 
0.135040 0.456967 0.518000 0.240199 5.587282 -3.993078 5.634193 
0.230700 0.718601 0.859885 -1.025204 -5.670198 7.555600 3.208906 
0.296048 -0.243848 0.439493 0.575159 -6.911108 22.590192 1.086811 
0.089040 0.266424 -0.199755 -0.019652 -4.633727 8.827656 -14.157070 
0.218861 1.487706 -0.835350 -0.545099 6.349909 2.469922 1.383444 
0.780326 0.851992 -1.017919 -1.147568 -1.886915 -8.490306 -2.475639 
0.110177 1.196654 1.724690 0.446138 0.274604 4.302292 9.687016 
0.308745 1.759137 -2.040464 -1.117490 9.628664 -18.453459 -5.802924 
0.930095 0.162086 0.115687 0.145814 -9.499217 -0.095111 14.180854 
0.154448 0.510387 0.764265 0.146386 -1.091187 -2.526071 6.821291 
0.449860 -0.579179 0.837152 0.716939 -8.730459 -14.363578 3.941679 
0.194281 0.535174 0.112815 -0.184388 12.477307 12.613032 -13.377975 
0.121470 -1.143133 0.218726 1.560752 -14.609246 -5.653259 2.761822 
0.388680 -0.103470 0.808342 0.126451 -12.244377 0.713096 18.421642 
0.552874 0.063429 -2.228755 0.943790 -6.246217 -7.809745 11.089715 
0.107074 0.293357 -0.584823 -0.027107 -0.346448 -7.796813 -15.962360 
0.218546 1.145108 1.986414 0.191043 -1.732759 5.155167 -1.647617 
0.118025 -0.779434 -0.708672 0.329154 -1.620869 -4.927715 12.604297 
0.176826 -0.868222 0.151503 0.602062 -13.450640 8.544726 -11.404819 
0.123628 -0.203707 0.011857 -0.542434 -4.178013 10.963924 16.267245 
0.103987 1.618333 -0.319881 3.010716 14.739845 5.339990 16.107155 
1.612405 -0.450555 0.197205 -0.251001 -2.278300 10.098110 -7.851796 
3.952128 -0.352579 1.804508 0.619571 0.822655 -2.957505 7.312796 
0.090817 0.275509 -0.274033 0.257855 -9.171255 1.395723 1.014665 
0.094271 0.068207 -0.333684 0.218461 -2.101087 -16.129844 17.233997 
0.105198 -1.007631 -0.451121 -1.521622 -12.491789 0.245773 0.943272 
0.122132 -0.204989 0.387605 0.083539 6.279844 17.588376 0.305100 
0.167817 -0.738852 -0.752840 0.457513 -10.972125 9.790380 10.953142 
0.138488 -0.526622 -2.798528 -0.143748 1.155192 -12.323500 6.145738 
0.701272 2.485100 0.442099 -1.388042 22.944953 2.173392 -1.429902 
0.367183 -0.011565 -0.371969 1.494232 -1.155272 -9.315467 -2.593220 
0.116639 -0.143504 -0.078959 -0.023991 -11.798864 17.291603 10.150182 
0.156405 -0.929413 0.604650 -1.136887 -2.275010 2.296391 -1.506552 
0.118162 -0.838120 0.880615 0.419142 -13.563182 6.520820 -3.199172 
0.151293 -0.452597 -0.113133 -1.162903 -6.907423 2.534383 -3.957520 
1.456612 -0.327171 0.307934 1.313877 1.500948 3.115172 6.007518 
0.095248 -0.182161 -0.150654 -0.395240 -3.774837 -5.401766 4.052567 
0.298886 -0.847854 0.456751 1.333659 -11.293387 2.871962 10.049462 
0.512636 -0.243343 -0.307810 0.763515 -0.220286 -15.238566 2.807993 
0.121466 1.654423 -2.259557 -2.758019 12.123821 -11.473718 -11.156902 
0.863813 0.106759 -0.133911 -0.364291 12.211187 8.785193 8.427153 
0.283593 -0.364035 0.043178 0.599044 11.415508 8.050547 17.006782 
0.114183 -1.190060 1.586224 -0.045860 -11.438269 5.058848 4.751801 
0.387857 -0.506737 -0.180953 -0.410863 -1.722059 9.471640 -11.287777 
0.102340 -0.838631 -1.129810 2.061331 -5.833176 -11.289298 8.671787 
1.423034 1.311935 1.150358 -0.164385 7.372323 -5.820205 -2.457072 
0.118440 0.359437 -0.332702 0.114037 -2.716707 4.340911 -20.194891 
0.087317 -0.981295 0.569006 1.164703 -9.528180 5.838928 1.898962 
0.115648 -0.160813 0.070819 1.365836 -4.037242 9.391798 2.042802 
0.335498 0.647641 -1.452005 -0.079195 7.085382 -2.564024 -11.463985 
0.109210 -0.534859 -0.125736 -0.427729 -2.480459 -9.152322 15.235220 
5.398343 -0.812181 0.174958 -0.266032 -4.643174 -2.431390 -9.545056 
0.438696 -0.571220 -0.552127 -0.417165 9.189002 -0.445369 -4.507651 
0.102783 -0.431348 -0.703710 0.705644 -12.267939 -0.420649 2.034884 
0.317653 0.663856 2.411082 -1.989143 -3.349189 17.855746 -7.890648 
0.117399 -0.451788 0.186557 0.321167 1.507496 -8.421826 -4.515141 
0.135796 2.687734 -0.835927 0.627259 10.828006 -11.902249 4.013940 
0.139152 -0.239632 0.036446 0.002140 -5.606903 -15.856188 2.747321 
0.081844 -0.149576 0.654240 -0.367474 -15.848093 8.998384 -7.615636 
0.210768 -0.487219 -0.126933 0.278343 -3.451541 2.641503 24.062160 
0.087151 0.433274 -0.253677 2.933289 9.469146 -4.184531 16.296659 
0.247564 -0.768069 -1.695297 -0.385558 -10.190424 -8.094567 -9.843816 
0.118055 0.032049 -0.493101 -1.682206 -6.177799 6.707840 -5.201044 
0.133708 -1.636010 -1.197706 0.167790 -9.173146 -0.658695 5.395073 
0.137951 -0.829724 0.474870 0.017705 9.363737 6.700910 -0.623938 
0.295736 6.234973 3.025476 -0.047824 45.975992 19.842124 0.105945 
0.093592 0.100091 -0.030775 -0.058528 -7.744909 -11.540000 8.915632 
0.180968 -0.477001 -0.166808 0.490770 -11.261399 -17.147901 10.272108 
1.058781 -0.169464 0.691872 0.534310 -13.678411 5.018795 13.430513 
0.086350 -0.088368 0.640135 0.489519 -1.839169 5.009053 -9.341443 
0.263354 -0.588389 0.805648 0.054736 -7.437247 18.115634 -5.624120 
0.556778 -0.340255 -0.413007 0.712582 -14.620948 2.177728 15.032259 
0.139284 -0.790244 0.474206 0.709316 -15.629373 -1.469880 10.798742 
0.478468 -0.505098 -0.135397 0.131510 -8.010908 -6.075261 19.145212 
0.165293 -0.268666 1.213478 -0.110427 -4.348614 8.628708 1.602518 
0.493788 0.604814 -0.132225 -0.955393 4.986810 -1.725249 0.883654 
0.252788 0.053139 0.364417 0.690003 -19.079867 1.343585 13.615973 
1.145613 -0.268058 -1.315879 0.778441 -11.560978 -4.875836 -0.636048 
0.388183 -0.122742 1.135486 1.519142 1.593785 6.737405 1.462342 
0.094407 -0.722953 0.775945 0.261067 -7.070458 6.687891 -2.300077 
0.126740 -0.468954 1.079846 0.195739 -4.523192 -8.743755 5.476265 
0.323270 -0.461228 0.272919 -0.788400 0.794392 10.322601 -1.135908 
0.198042 -1.425991 2.594777 0.062451 -13.795840 9.867203 3.825491 
1.167561 0.532525 0.177937 -0.383262 3.738216 12.531230 -10.278620 
2.697368 0.413367 -0.161687 0.785265 -1.645225 -3.619629 8.104526 
0.376011 -1.469790 0.041409 -0.193772 -6.909176 8.145406 3.228587 
0.588263 -0.458375 0.285349 -0.888749 -6.714209 7.693608 -6.797325 
0.138650 0.091189 0.839103 0.573609 -11.677912 0.382273 18.539680 
0.373816 -0.048878 0.470813 0.086779 -2.038898 13.236532 -21.520936 
0.401930 -0.344594 0.692022 -1.119387 -1.765209 -4.028739 2.901971 
0.263064 0.244000 -0.155466 0.351047 -12.242058 -9.620619 4.265764 
0.459762 -0.756804 0.507166 1.024048 8.575088 15.636654 3.662492 
0.328088 -1.002379 0.067280 -0.104664 -14.300474 -9.584238 -8.362881 
0.860282 -2.813577 3.666003 -6.561844 -25.538156 25.246665 -52.620951 
0.273055 -0.224103 -0.812810 0.473090 -9.345759 1.591489 -0.356210 
0.396253 -0.985065 0.051568 -0.171146 7.315880 13.623936 2.241743 
0.246288 -0.566118 0.331406 0.422687 -9.251877 -12.457451 10.832021 
0.730294 -0.749692 0.090712 0.300944 3.866777 -1.218384 -3.608547 
0.278430 -0.682273 0.127111 0.193315 -9.210351 -16.171414 -5.315562 
0.151503 -0.044541 -0.728215 -1.832624 -3.792686 2.662612 -11.216527 
0.100432 0.563383 0.636516 0.278693 -8.820492 7.534366 9.793734 
0.082624 -1.075402 0.558595 0.056837 -1.645677 20.309466 -7.665531 
0.114711 1.281209 -0.921009 -1.608435 1.771743 -11.605204 -2.706165 
0.192666 -0.810225 0.009750 -1.245546 -15.323582 3.841557 -0.810232 
0.287114 1.015474 -1.461364 0.113510 4.882883 -5.297535 -11.510524 
0.585359 0.069814 -0.063459 1.056368 -11.558360 -10.589042 0.882872 
1.376095 -0.016477 0.160358 -0.091303 -10.852561 9.928768 -4.825901 
0.431641 0.730483 -0.197917 -0.780093 -5.098739 13.827787 -1.430943 
0.136683 -0.024277 -0.211114 0.196017 15.471390 -10.498261 -0.064944 
0.323241 -0.224988 -0.268567 -0.487477 -18.496321 6.939721 -5.478089 
0.391024 -0.591836 0.429015 -0.288385 9.586854 3.808174 -1.144165 
0.112116 0.040849 0.593029 -0.611034 -0.970719 -10.282228 -8.681308 
0.116547 -0.123981 -0.310491 0.635615 5.743485 -23.210985 8.529517 
0.952396 -0.823699 -0.446637 0.020751 -18.764884 2.410469 4.978227 
0.374161 -0.131321 -1.006712 -0.356312 6.620752 -7.587518 1.012678 
0.178419 -0.944137 0.191425 0.085467 -14.525259 7.712620 -6.583394 
0.192961 -0.334879 0.518721 -1.730107 -12.458911 -4.564816 -8.484930 
0.763069 -0.082193 -0.028960 1.141073 0.654262 -7.612114 1.837044 
0.181019 -1.333872 -0.129235 0.732790 -18.181654 -10.167610 5.142680 
0.393969 1.819394 2.742117 0.396086 10.382326 21.682458 9.378320 
0.408300 -0.186580 -0.046518 -0.031473 -16.566775 6.415167 2.512686 
0.506972 -0.151034 -0.810281 -0.722873 -12.574582 -8.790846 1.687811 
0.168852 0.283559 -0.261437 0.871593 -8.296170 15.204290 10.122016 
0.196085 0.399659 -0.235212 0.160359 5.509079 -3.661366 -1.093128 
0.836938 0.887705 -0.474927 -0.519488 -7.713258 7.013338 -5.446242 
0.701221 -0.373638 -1.030247 0.056455 -9.758966 -8.713771 -2.095295 
0.263429 -0.263242 0.026463 0.196405 -8.715673 -9.604362 -0.225265 
0.151360 0.207552 -0.993741 2.067485 -9.717919 -6.426730 6.565986 
0.449375 0.139149 -0.635651 0.208051 1.358472 -20.302636 11.693127 
0.108928 1.290443 -0.419340 1.202128 2.132470 -13.260302 3.135242 
0.090465 0.447962 0.234834 -0.165917 10.574931 8.739868 -17.781143 
0.531060 -0.310370 1.509149 2.351678 -9.334826 10.246368 6.677274 
0.272013 -1.276112 0.168304 0.750864 -7.398838 -11.889704 -6.386492 
0.127889 -0.514020 -0.199103 -0.038576 -18.427971 2.645281 4.696542 
1.070260 -0.022770 0.070744 0.147222 6.115551 13.772346 8.059430 
0.111702 -0.707278 0.529477 0.690455 4.396667 3.560284 18.750245 
0.275275 1.377707 -0.414826 0.522567 6.241777 4.898520 1.204734 
0.433814 -1.125493 -0.248925 0.312808 -16.214876 4.636642 9.688548 
0.121123 -0.681538 0.118997 -1.300808 -8.196037 11.169034 -5.935398 
0.604561 -0.733214 0.874116 0.853864 5.289379 -5.583644 13.841046 
0.672200 0.342661 0.498910 1.529007 -9.734421 5.934772 8.161302 
0.485099 0.523014 2.221351 0.899526 -0.128866 5.070040 8.002845 
0.088968 -1.895922 0.696213 -0.061675 1.645366 7.747694 1.547241 
0.372330 -0.289647 -0.435971 -0.076244 3.498101 -7.193626 5.565117 
0.427499 0.505345 -0.949597 1.792759 10.393862 -7.316840 1.693908 
0.148166 0.239151 -1.307195 -0.562388 -7.915768 -5.113710 1.977749 
0.205405 -0.102766 -1.418736 -0.731522 0.897279 -3.341883 3.817555 
0.273438 0.653337 0.658951 -0.052525 -4.012241 15.231286 -2.992832 
0.257004 0.882537 0.832027 -2.009434 2.833562 14.394763 -9.384512 
0.083821 -1.017884 0.252405 1.055463 -8.936720 -7.380683 -6.214851 
0.673429 -0.127650 -0.281026 1.216494 3.422709 3.246114 -8.154365 
0.093338 0.226420 -0.907415 1.018109 2.366112 8.141436 -2.991314 
0.097693 -0.153938 0.534188 1.097048 -3.113012 7.340330 4.438391 
0.081727 0.264040 0.605199 0.513863 0.166355 13.137916 -5.420844 
0.417045 0.306770 0.240290 -0.151128 -11.214226 5.556918 6.548643 
0.387177 0.331097 0.120954 -0.068497 15.949380 4.664611 -0.492499 
0.350927 -0.551906 0.563376 -0.243488 11.829531 18.701635 -12.423757 
0.081891 -0.696553 -0.159275 -0.754937 -10.972126 -0.826454 10.672274 
0.111530 -0.843550 0.469549 1.804825 -2.646076 -0.802697 7.825186 
0.729211 0.202973 0.172457 0.124978 -2.431502 0.676592 6.946261 
0.081209 -0.715718 -0.200908 0.121949 -20.049378 -1.481513 -7.665474 
1.066327 -0.021432 0.680859 0.862728 -11.730083 -0.729002 15.409667 
0.844840 -0.614924 0.176543 0.097990 5.616777 8.027352 -3.773544 
0.286414 -0.337314 0.168182 -0.387176 -16.167965 8.148177 -14.784050 
0.108220 0.620187 0.141552 2.306194 5.495699 -7.202652 15.089825 
0.106446 1.769593 -0.109059 0.206679 15.415487 7.924217 2.219833 
1.618982 -0.828174 2.784290 -0.367518 -12.108263 11.935016 -6.736541 
0.126190 -0.737422 -0.343926 -0.534537 3.716448 -3.129151 2.694461 
0.666898 -0.240122 -0.067960 -0.188847 -6.353795 1.439822 -13.233524 
0.355266 -0.749519 0.313959 0.516803 -14.549983 4.069703 6.864534 
0.365762 -2.543198 -5.165882 -0.233347 -19.078859 -31.564346 -4.778738 
0.430606 -0.088817 0.762186 0.177039 -15.662721 -8.133454 -0.201528 
0.100431 0.870331 -0.670997 0.834872 13.552378 6.830080 -3.832507 
0.189647 -1.154638 0.517985 -0.102590 -4.570986 11.219301 -9.189862 
0.132254 -0.979344 -0.330970 0.713073 2.639569 -1.801145 1.562513 
0.500139 -1.356903 -0.412863 -1.524826 -12.433234 2.802906 -3.456707 
0.175237 -0.560190 1.312850 -0.863643 -12.244873 4.315922 -3.159009 
0.123696 -0.570159 -0.100835 0.493066 -10.621656 -16.311007 0.859678 
0.195281 -0.606049 -0.493296 -1.292897 -1.982032 6.939404 -7.876669 
0.599939 -2.202254 -0.279666 0.033527 -16.596819 4.925018 -8.720838 
0.192741 -0.543974 -0.134957 0.511303 -5.330881 9.300854 1.213843 
0.200778 1.008318 -0.143813 0.104975 -5.230162 -13.155039 -1.329869 
0.177472 -0.254601 -1.019518 -1.169194 -4.552930 6.104504 -11.764263 
0.127855 0.347054 -1.431717 0.159686 0.363385 -3.222424 -6.674623 
0.220526 -0.117756 -0.554515 0.890288 -2.859805 1.099671 1.682112 
0.627642 0.532276 -0.341952 0.477676 0.158636 4.323639 -4.230673 
0.637465 -0.356670 0.886621 -0.154293 7.176235 8.919876 -7.078961 
0.169117 0.158241 -0.765482 -0.669232 4.882523 7.568367 9.717352 
0.114784 -0.843322 -0.720022 0.214214 2.279567 -2.955564 -7.633517 
0.135557 0.179062 0.881356 0.556085 -0.146746 -3.004458 5.690673 
0.579415 -0.826718 0.191829 0.904612 -3.084999 13.161218 9.838493 
0.624848 1.962748 1.741444 -0.640834 13.909489 11.757474 -1.231216 
0.385484 -1.486172 0.662718 1.078538 -4.006881 -6.049203 10.030604 
3.082417 -0.275856 0.461558 -0.007696 11.799253 11.207268 -5.160428 
0.310489 0.124782 -0.291307 1.452057 3.220185 7.829411 12.957477 
0.457154 0.224841 0.453136 -0.306714 -4.922998 -1.282278 -9.892968 
0.279294 -0.502012 0.172195 -0.246380 7.865480 -9.468428 -16.917285 
0.089763 0.259019 -0.294537 -0.937047 -5.379557 3.825049 -7.709076 
1.249225 -1.124964 0.902302 0.497643 -4.967662 -1.430719 8.788409 
0.163561 0.908112 -0.831937 -0.165116 0.919790 1.173386 -4.373957 
1.702665 -0.275810 0.751514 0.805170 3.893387 -0.023163 -4.336284 
0.087567 0.497284 1.603740 -0.299356 6.048401 3.295237 -0.761291 
0.192231 0.126664 0.126545 0.195721 7.638226 -5.019503 -2.038594 
0.122081 -0.305861 -0.498988 -0.689689 -18.184218 -3.558913 -1.937718 
0.088452 -0.009092 0.164227 0.667508 -3.342563 18.843250 -2.682459 
0.470758 -1.058217 -2.270304 0.579720 -3.007963 -5.235574 6.720441 
0.196106 -0.178263 0.279450 0.324829 -9.188741 1.520592 1.873840 
0.163499 1.726009 -2.710366 -1.081302 13.728810 -16.175677 2.131166 
0.080867 2.141944 1.839153 -2.590176 20.961606 15.913995 -11.210916 
0.223604 -1.301590 -0.080849 0.863404 -11.724611 1.747644 1.610026 
0.155926 -1.506786 -0.358710 0.961761 -3.588758 -7.379824 0.711871 
0.238387 -0.371375 0.274388 -0.732212 -12.091598 -12.027629 -4.377977 
0.106154 -0.124047 -0.526067 -0.737911 -7.361680 -3.282055 -2.607269 
0.169911 0.293407 -0.252156 -0.095188 6.654409 -12.864596 16.671657 
0.113329 1.062712 0.852609 0.786270 0.403991 1.611943 15.188663 
0.192419 1.472602 -2.237635 -0.673145 3.411378 -18.494491 -7.398620 
0.594225 0.032901 0.258228 0.351281 2.417740 7.142059 22.009685 
0.085164 -0.904038 -0.147641 -0.446003 -10.724176 -2.496471 9.492698 
0.117057 -0.548055 0.984298 0.507185 -8.796907 8.309295 12.670498 
0.205043 -0.055976 0.776276 -0.183736 -8.613249 6.629458 2.208110 
0.234649 0.860913 -0.432661 0.498847 13.397291 7.048441 -3.875375 
0.487672 0.250519 0.848732 1.211951 0.557509 2.285585 7.697158 
0.223182 -0.753661 -0.651049 -0.065142 -15.989320 -1.834071 0.263919 
2.476904 -0.458676 -0.676204 -0.956302 5.268691 6.641285 -9.651932 
0.441734 0.928918 0.465686 0.092366 -2.087193 5.646714 -0.505697 
0.230397 -0.318343 -0.247538 0.010943 -12.636787 3.115939 -10.868949 
0.689100 2.907853 1.740707 -2.145922 20.402831 6.751801 -9.022686 
0.815528 -2.377205 0.535145 0.764842 -11.141127 -2.974769 9.980228 
0.161492 0.301347 0.346029 -0.437824 3.330704 -10.735142 -2.735744 
0.542296 2.585028 -0.904170 -0.538031 7.654328 -7.236445 0.229205 
0.146522 -0.915509 -0.167775 0.600010 -20.415908 -3.672678 7.067287 
0.256037 -1.295653 -0.402842 -0.785834 2.302520 -10.117929 -0.542480 
0.887681 -0.718277 0.113807 1.308051 3.795188 12.545404 -3.798251 
0.101372 -0.211748 0.460727 -0.371254 -5.314292 -4.210222 -9.581685 
0.141931 -0.324439 0.466178 0.072409 -20.360778 -6.711716 -6.328093 
0.178446 -1.017524 0.787703 0.663341 6.626718 0.147959 1.881747 
0.083374 0.229387 -0.208877 -0.069594 -5.960547 4.807321 21.073922 
0.376685 -0.249655 0.006082 1.166678 1.186502 6.593310 -8.150444 
0.585808 -0.734211 -1.283265 0.718083 -12.031678 2.522006 6.096252 
0.102075 0.568258 1.252144 0.535736 6.378581 8.192429 -3.161237 
0.086694 1.850621 1.588192 -0.077815 14.821934 8.600519 4.857421 
0.654455 -0.050930 0.167329 -0.366906 -0.160974 4.530122 -16.238575 
0.442796 -0.973951 0.067701 -0.288934 -11.003492 3.669926 11.618461 
0.103990 -0.498895 0.806107 -0.355618 3.443905 -8.018012 4.488163 
0.137893 -1.073303 -0.279027 0.016875 -9.955101 3.981513 -2.419780 
1.044939 0.725567 0.117207 -0.326418 -6.533153 4.743391 3.196380 
1.025335 0.263414 -0.165634 -0.379961 4.916039 1.118672 5.988044 
0.472835 -1.609599 0.363999 1.107379 -12.532718 5.364252 -4.881976 
0.672168 -2.481989 1.110151 0.724376 -15.433995 1.067904 13.297284 
0.208490 -1.939341 -1.465757 -0.193425 -4.507582 -10.819233 -0.889039 
0.292610 -1.214553 2.047082 0.833044 -4.079003 8.033450 11.842503 
0.111344 -0.281732 -0.291053 1.564568 -1.354976 4.546878 5.841978 
0.466067 0.338568 0.543999 0.435275 -3.843122 12.009100 -10.922160 
0.112109 -0.569343 -0.445577 0.188141 -0.425634 -7.503632 4.378789 
1.021373 -1.149362 0.191607 0.812007 -6.413935 -0.264986 7.181096 
0.247245 -2.163851 -0.601466 1.543478 -18.925859 0.884909 10.165328 
2.937998 -2.756956 -0.923350 0.466807 -10.775925 -7.680479 9.659732 
0.112201 -0.081842 -0.811444 -0.205642 -12.198320 -0.436500 -3.733066 
0.941373 0.144373 0.372222 0.072898 -1.375161 -11.098580 -0.072214 
0.186332 1.098403 -0.168522 -1.150647 4.198429 3.344033 1.153027 
0.206312 -0.401610 0.542152 0.126886 5.363938 3.626043 16.522774 
0.087521 -0.111542 0.237087 0.189433 -9.395353 -15.953804 -13.447867 
0.337060 -0.212742 -0.201598 0.206355 -1.451058 11.196522 4.463970 
0.506829 0.707035 0.317862 1.431585 8.043578 5.060598 3.108487 
2.506229 -0.098841 1.562486 -0.248410 -12.748467 1.918062 5.442444 
0.109658 0.104837 -0.011883 -0.668231 -13.624100 -4.885636 -5.271364 
0.093631 -1.117502 0.669947 0.508190 -6.136812 6.867566 4.156615 
0.994606 0.444950 -0.011694 0.456493 -11.548690 4.394297 -4.202856 
0.184780 1.725012 2.462757 -0.001499 4.197356 9.286161 -1.931279 
0.113864 -0.162244 0.681503 0.070340 -6.809990 7.189917 11.469070 
0.500571 2.514931 -0.611987 -1.551521 19.709401 4.424931 -8.372195 
0.375402 0.295817 -0.150467 0.112018 -0.393261 0.930177 -17.518811 
0.121279 0.170534 -0.014037 -0.596755 -14.407039 0.064313 -13.102746 
0.437171 0.542066 -0.036060 -0.860643 -3.140147 -0.968471 -2.479603 
0.420529 -0.164507 0.571539 0.017649 -12.007894 13.144586 -0.396658 
0.140832 -0.185093 0.355766 0.632613 -10.291662 11.011179 -2.221150 
0.317286 -0.459711 0.404099 0.025992 -10.965730 -9.373093 7.054651 
0.092539 1.253207 -0.503577 -0.485798 -3.543118 -5.814110 7.383084 
4.198783 0.048670 0.258021 -0.429414 5.998730 6.599446 1.295158 
0.435794 -0.977024 0.388011 0.158346 -12.113319 3.077221 -2.694080 
0.299195 -0.525301 -0.689167 0.101854 -9.773546 -1.120173 13.138316 
0.366428 -1.279869 0.238615 0.577966 -2.285090 -6.219298 17.684629 
0.300202 -0.555483 0.305365 -0.242189 -11.555794 -7.748544 7.221362 
0.585186 0.036331 0.090734 1.113014 -3.914846 7.259244 12.772257 
0.524509 -0.461597 -0.593376 0.110678 -3.323227 1.214378 7.427058 
0.292083 0.352745 1.915922 0.554777 2.109754 0.646879 11.881855 
0.107699 -0.188292 1.818440 1.797396 -5.851875 4.460441 11.956513 
0.744916 -0.698960 2.322517 0.783230 -0.454637 15.635138 2.380000 
0.131940 -0.891770 2.150956 0.145283 -8.573395 7.605910 1.512653 
0.104491 -1.675638 -0.416272 1.883430 -14.768898 2.831439 11.956519 
0.504475 -0.330917 0.097708 0.034925 2.593592 4.885179 -3.956289 
0.159200 -0.468356 0.443506 -0.317959 1.667041 11.358370 2.494710 
0.144224 0.678908 2.945735 -0.585630 -1.650531 15.440932 4.106842 
0.221063 -0.710156 0.505856 -0.727011 -14.357258 -3.586696 2.720968 
0.339783 -0.364353 -0.452594 0.311916 1.624159 4.186449 14.795860 
2.985742 1.456371 0.196818 -0.074318 4.317269 14.936545 -5.453734 
0.098040 0.291784 0.452533 -0.725532 5.130234 8.213833 -3.118347 
0.364111 -0.954857 0.104679 -0.512079 -4.103105 10.498284 -5.310211 
0.144886 0.656966 0.477470 0.024527 -0.605576 -1.565309 -9.672874 
0.360597 -0.163622 0.461968 0.018592 -0.560381 -3.702138 8.497413 
0.254317 -1.334188 0.090107 -1.169415 -2.878913 -7.336158 2.767303 
0.555913 0.447321 0.580877 -0.003430 1.997516 16.280966 0.288457 
0.416651 -2.578229 -0.227050 -0.359459 -11.078785 -5.894472 -5.850591 
0.151008 -0.199321 1.643035 1.618040 0.965930 2.384890 1.192299 
0.577563 -0.018330 0.573572 -0.557143 -1.196272 -1.478462 3.885140 
0.141965 1.684328 0.482096 3.137750 5.614673 -0.373585 21.294806 
0.120024 -1.029759 0.435133 0.692168 -18.429635 9.758326 0.393926 
0.182852 1.485156 -0.767173 0.085470 11.468115 2.996283 -2.988975 
0.189724 0.069580 0.343616 -1.264330 -5.036339 5.309125 -7.358336 
0.150160 0.230333 -1.229150 1.936221 -3.187797 -7.814065 13.835611 
1.373741 -3.758024 -0.518248 1.698251 -20.213726 2.152402 8.793955 
0.283453 -0.044347 -0.040253 0.323171 -14.340259 7.950918 -10.658644 
0.170281 -0.506608 0.660253 1.012071 4.774244 16.919072 7.491703 
1.505698 -0.107726 0.061676 0.177134 11.595527 -13.049525 0.947076 
0.360047 -1.360961 0.151765 -0.487876 -2.123983 -5.361438 -1.682644 
0.588861 -0.821747 0.264264 0.373290 -2.991775 19.292127 12.037276 
0.381565 -1.090377 0.165316 0.620733 -4.764140 15.123751 7.429699 
0.166121 -0.418141 -0.670527 -0.093306 -4.795826 -1.141069 2.593413 
1.652096 -0.730007 0.571929 0.071769 -14.354133 7.181291 4.728500 
0.215498 2.685430 -2.037000 0.764883 16.329347 -5.912114 0.897207 
0.524663 -0.379557 -0.029257 0.517562 -0.655006 -7.448479 -6.249776 
0.489037 -1.180874 0.786749 -0.217557 -9.264284 1.135577 5.618803 
0.247044 -0.758573 0.297853 0.155450 -6.875822 5.931582 -13.269488 
0.408569 0.351375 0.522365 -0.165364 12.813217 5.383852 -10.068507 
0.429966 -0.422846 0.202206 0.064040 5.347518 7.755178 -3.484335 
0.205030 1.393449 -1.141542 0.021172 0.523813 -6.799516 -3.637463 
0.104504 -0.007986 0.213616 -0.430052 -16.629775 5.887709 13.441588 
1.704172 0.367309 -0.593143 -1.577086 -3.527011 5.725453 -3.276599 
0.208973 0.686622 0.831984 -0.992319 0.536177 -5.734178 1.338090 
4.631110 -1.344846 1.230955 1.241622 -1.935476 -2.848001 9.853854 
0.135103 -0.317681 -0.731554 -0.075260 -1.390237 0.655430 3.959656 
0.169606 0.474004 1.267957 0.186873 -2.678201 7.491427 -10.522566 
0.567692 -1.452300 -0.553019 -0.724120 -8.008301 -10.658429 2.487580 
0.214292 -0.300521 0.101335 1.898729 -8.273823 5.830324 10.116163 
0.450345 -0.354016 0.545790 0.568827 -5.283773 6.292192 16.735717 
0.407103 -0.329847 0.359407 0.282726 2.351209 1.078288 4.647090 
0.846636 -0.473252 0.033679 0.071613 -7.615478 -6.419253 6.628780 
0.123163 1.060473 -1.054324 -2.276970 2.939465 -7.821125 -7.572565 
0.120648 -0.366625 0.508305 -0.906219 -8.620830 -7.994939 -1.899457 
0.387333 -0.649448 0.772737 0.681900 -13.221326 -8.643958 8.906175 
1.095352 -1.259901 -0.007188 0.699368 -17.560675 -8.831029 -7.306981 
0.212730 0.393507 -0.430029 -0.359686 0.638869 -2.254003 7.155908 
1.575080 -0.328874 0.920725 1.327998 1.091227 -5.426763 13.233513 
0.102042 0.376435 0.302194 0.866666 -5.532382 -7.174864 7.727676 
0.606266 0.048702 0.687874 0.055173 15.096156 6.496117 -0.948163 
0.250734 -0.886421 0.169529 0.082451 -18.957981 4.569624 2.810775 
0.184902 -0.516480 0.986143 0.143856 1.506664 20.654277 -2.500195 
0.348863 -0.665328 1.412185 -0.034116 10.827532 9.028119 -4.147600 
0.127948 0.215297 -1.019725 0.856116 -9.708078 -4.884127 1.891513 
0.127545 1.104647 0.558816 2.516270 -0.126319 10.353437 14.552734 
0.089378 0.903129 0.508681 0.661335 0.442164 -9.424135 -2.452770 
0.220514 0.511986 0.630997 0.648574 9.825621 -3.192398 -5.686114 
0.195396 0.104858 -0.881305 -0.334927 -15.662586 -4.283290 -8.813936 
4.245083 -1.227760 -0.395086 0.319875 -3.600664 9.361949 -4.625586 
0.095817 -0.245045 0.230267 -0.370846 5.002856 -4.035291 -0.235888 
0.569763 -1.168750 0.270612 0.260813 -7.759718 -4.347824 2.122258 
1.098164 -0.502304 0.772843 -0.269397 -5.708004 15.384642 -7.614691 
0.538990 0.319930 0.399472 0.544772 1.124664 -2.507529 6.855576 
1.288776 -1.431120 0.046610 0.225592 -5.228046 -1.107311 -0.758068 
0.193816 -0.169574 0.402917 -0.430916 -4.421172 -2.606713 -9.375248 
0.378483 -0.295627 0.962034 0.247077 -17.833740 -7.087448 6.233434 
0.130333 -0.135540 0.778350 0.350323 12.990689 -2.648499 1.541375 
0.235233 0.037395 -0.077514 -0.405995 -1.241889 -12.298950 7.429617 
0.474050 -0.420699 0.321356 -0.486942 -11.499183 -2.262141 5.310472 
0.170650 -0.243832 -1.062299 0.347506 -9.650387 -10.180189 1.949156 
0.551803 -0.899571 -0.419144 0.399391 10.569561 0.824689 6.962933 
0.131497 0.340764 0.282524 -0.097594 0.466695 -11.391727 -6.794618 
0.367063 -1.226721 -0.110787 -0.222495 -3.598086 -10.911662 6.504171 
0.237052 0.276787 -0.531626 -0.286757 -0.129210 4.455988 4.875681 
0.979329 0.519138 -0.012364 0.047414 5.572727 2.765508 -14.845857 
0.113309 0.714635 0.864624 0.018407 -2.047670 11.715296 -0.322686 
0.202812 1.508411 0.608158 -0.929785 13.162947 2.413109 6.526251 
0.145792 0.109497 1.000120 0.063058 -3.257484 0.167185 3.348434 
0.206856 -0.265237 -3.133022 -1.709615 -7.974050 -20.654303 -11.014570 
0.534870 -0.043550 0.623228 -0.151765 12.102396 7.561238 3.041578 
0.091732 -1.145967 -0.199808 1.008624 1.736313 -10.421128 2.287038 
0.094435 -0.430401 0.475044 0.869301 -7.890710 13.295985 -8.867838 
0.106821 -0.327278 0.330941 0.089491 -13.043768 8.305286 11.139359 
0.443043 0.801853 0.539380 -0.356925 3.306098 4.548147 10.005823 
0.087582 -0.737220 -0.083999 -0.379897 -9.470197 10.710024 10.466034 
0.159466 -0.161885 -0.235919 0.510730 17.132229 -3.206342 -0.347978 
0.829727 -0.323652 0.336099 -0.653484 -10.364801 6.960039 3.954852 
0.093662 -0.505436 0.288660 1.288157 3.498249 -12.104805 1.821132 
1.055006 -0.998237 0.506133 -0.186049 0.873752 -5.198188 14.663702 
0.290595 -0.245357 0.137193 1.088603 -17.899634 10.044550 3.043961 
0.226020 0.841557 -2.212957 3.851675 11.033337 -12.479617 21.558241 
0.258652 -0.318666 0.126334 0.117828 -1.991331 -4.383576 9.214046 
0.504080 0.020401 -0.219413 0.627873 -14.330179 6.252861 11.229150 
0.133644 -0.756677 -0.560362 -2.653817 -9.997887 -11.806217 -14.800362 
0.102367 -0.949034 0.455548 -0.218800 -9.559943 6.630073 -8.391674 
0.102733 0.657428 0.237071 0.797691 -1.956809 -5.008937 9.766103 
0.406103 -0.166724 -0.280208 -0.644303 -2.865253 -0.074815 -13.156824 
0.170184 -0.597757 -0.370932 -1.178354 3.422393 10.658034 -2.910182 
0.080956 0.943314 2.191848 -0.798811 1.528694 16.460308 -7.874261 
0.171393 -0.691226 1.154091 0.141324 -1.957501 -4.540301 -7.574789 
0.103884 -0.541705 0.316437 0.068134 9.751713 10.331767 0.395142 
0.287723 0.148533 0.187701 0.112070 -7.357227 5.169942 -7.910403 
0.707610 -0.458079 0.232843 1.456050 -3.464496 5.866880 -0.762599 
0.161798 -0.734092 -0.371700 0.739325 -11.074214 -1.896063 6.187706 
0.495528 -1.674115 2.439778 0.681834 -6.643733 6.372673 1.012109 
0.081729 0.654406 0.701854 1.137633 -8.949914 5.279219 11.580399 
0.498673 0.411439 0.213639 -0.514101 3.120922 14.295131 -14.916976 
0.189760 -0.144032 0.170687 0.780386 12.558113 -4.376902 6.346295 
0.174582 1.250428 0.421384 0.877761 -3.664201 -1.695164 7.767960 
1.913197 -0.683888 1.443084 0.157090 -10.878442 7.334796 1.076784 
0.156957 -0.564230 0.889658 -0.532012 -0.745820 0.773793 -4.411407 
0.318637 0.197548 0.021049 -0.255044 -10.246262 -17.120060 -3.730650 
0.384886 -0.350099 0.666666 -0.074495 15.655289 19.836330 -9.157850 
0.094543 -1.048585 0.896348 -2.046467 3.253844 9.970967 -9.384745 
0.093801 0.499599 -0.673907 -0.380298 -8.240211 -0.053131 -14.817017 
0.259589 0.242235 0.970476 1.308833 1.420591 3.508399 10.928721 
0.331382 -0.121899 -0.048974 -0.032497 -12.599797 -4.958348 -5.179242 
0.597086 -1.575628 1.449868 -0.511310 -3.799941 15.360280 -2.615462 
0.244466 -0.422214 0.610434 -0.201247 1.357944 11.271844 -14.538058 
0.409757 -0.597971 0.161516 1.474009 -13.597887 13.675532 3.790199 
0.703460 -0.120046 0.552539 0.871583 12.466420 -11.911236 -1.897862 
0.129081 0.017362 0.309850 0.610032 -11.921347 2.174510 0.759556 
0.592856 0.760898 0.822868 0.618813 -2.789701 18.548421 -0.918227 
0.598064 -0.670768 0.114938 1.495607 -13.559163 -4.645847 8.871785 
0.315326 -1.328321 0.825947 1.109123 -14.612168 1.724869 5.718833 
0.830552 -0.685622 0.536238 -0.136462 -13.350536 5.300608 9.730428 
0.107798 -0.466094 0.712508 0.439439 3.380535 -3.565975 -11.358664 
1.282747 0.272910 -0.776445 -0.919882 8.205241 2.762651 -9.579326 
0.179704 -0.487861 0.123594 0.936879 -9.995662 14.360242 10.216900 
0.226650 -0.092023 -0.823854 0.403215 -12.360732 -0.701214 -2.741472 
0.213577 0.323015 1.285793 0.188906 4.598448 7.914575 -3.443593 
0.360054 -0.858717 -0.114442 -0.186880 -9.249418 1.050604 -1.893637 
0.590465 0.761324 0.425959 0.119507 1.678509 8.529592 -1.373970 
0.323997 -0.387917 2.456615 -1.614020 -3.374450 19.431973 -2.510830 
0.080856 0.777349 -0.782863 1.140623 9.326028 7.084212 -1.133326 
0.143920 0.157978 1.563733 0.109963 -2.627538 -4.476185 4.016348 
0.128165 0.903906 0.555576 0.523635 -7.169495 7.655401 4.615415 
0.371144 0.001399 0.414108 -0.344689 4.936979 -16.235010 1.424108 
0.145470 -0.544078 0.664517 -1.202424 10.407772 -2.502225 -4.077773 
0.092657 -0.382430 1.269290 0.249090 -2.975068 12.666610 7.910484 
0.587126 1.900802 -0.970492 -1.846299 16.872062 -10.571808 -4.309509 
0.235289 -0.819923 0.441174 0.202169 -14.196092 3.826340 -10.690333 
0.569180 -0.428258 -0.406913 -0.231472 -14.948498 13.908068 -2.123962 
0.093590 -0.876061 0.447220 0.541236 -8.055747 3.902904 -12.438181 
0.249342 -0.017120 -0.131388 0.157920 3.410025 28.452274 11.276392 
0.543855 1.897158 -0.503418 0.045181 9.458503 -6.486128 6.445321 
0.236315 2.039063 2.743483 -2.004075 14.908085 24.717848 -7.565935 
0.136931 0.288101 -0.502680 0.100191 4.162698 -17.399846 15.577529 
0.109437 -0.871413 -0.588607 -0.233889 -8.500220 6.955017 -12.813357 
0.915698 0.402410 0.063829 -0.482990 -0.970562 -10.311805 -12.569316 
0.125769 -0.049820 -0.521990 -0.203284 4.962211 0.760709 3.091863 
0.182221 -0.484319 -0.242690 -0.112044 -16.357509 9.590540 -7.572693 
0.624303 -0.943427 -0.162588 0.097460 -1.517875 6.737560 12.973197 
0.123119 -0.845473 0.132366 0.403060 3.579534 2.322166 -0.393579 
0.093277 0.377242 -0.255754 0.506184 -2.263440 -9.850270 5.735785 
0.126609 -0.418799 -0.433064 1.055369 8.856561 10.836100 4.796228 
0.342755 -0.883286 1.664943 0.156109 -14.012590 11.516841 -1.745118 
0.887808 1.161685 -1.487335 0.305665 1.943621 0.731090 2.041584 
0.718573 -0.422277 -0.499679 -0.716132 11.333502 -0.801146 3.522089 
0.789225 -0.342508 0.721957 -0.020023 -1.415298 -9.498961 0.208502 
0.126531 0.095561 0.411421 0.798705 -14.585884 4.813803 0.050063 
0.685572 0.060565 0.529332 -0.043995 -5.512507 7.199807 -5.212252 
0.342997 0.478969 -0.208309 -0.266370 -17.121992 4.874191 -0.413496 
1.141486 0.013098 0.666190 0.308765 -17.204793 -0.550087 -11.001167 
0.181571 -0.466544 0.167642 1.045014 1.264993 -2.703339 9.565716 
0.271737 -0.201424 0.050348 0.795133 2.463858 -0.396831 0.873204 
2.465276 -0.987083 -0.627492 0.064761 -11.499196 -11.762098 -6.464756 
0.132761 -0.007508 0.129722 -0.011082 3.520840 -0.252945 18.339094 
0.088416 -0.450247 -0.086405 0.395791 -23.525459 3.288126 2.899939 
0.089291 -0.123951 0.292860 0.314600 -3.144332 -7.876000 13.464291 
0.263350 -0.513446 -0.159376 -0.477803 -12.725246 -1.886303 -6.082731 
0.423754 0.626705 0.440237 1.241449 -0.949721 17.345617 6.487440 
0.178200 -2.384894 -0.548252 -0.030740 -5.852222 3.307544 0.787037 
0.269147 -0.502638 -0.353574 -0.516057 5.227100 18.725491 -9.522563 
1.218772 -0.264249 -0.496241 0.399455 19.028931 -6.871061 4.464757 
0.195759 0.342645 -1.462375 1.087786 -4.043031 -8.234933 -1.403302 
0.310560 0.416626 0.213536 0.333993 -0.465053 -4.872599 -6.885247 
0.132928 -0.115985 0.453425 -0.007523 -2.799496 -4.787904 12.934002 
0.130606 -0.102291 -0.172754 -0.160196 7.024162 -17.757923 -15.753927 
0.180981 0.936851 2.909731 2.322973 3.904418 22.361814 17.773013 
8.040799 -0.099767 -0.254075 0.100528 -9.440448 7.570136 4.254684 
0.080873 -0.883703 0.399053 0.088645 -17.134501 -8.950582 -10.742867 
0.337684 0.388529 0.324540 1.928238 4.347241 -6.318896 3.849329 
0.727006 -1.741676 0.907284 0.842586 -6.524786 -2.009156 9.024114 
0.130102 -0.372657 -0.468629 0.420852 -1.508137 -10.524896 -3.173137 
0.107057 -0.381511 -0.099176 1.367361 -0.033595 14.821105 11.184984 
1.352041 -0.049441 0.067298 -0.590939 4.684477 -4.312345 1.485362 
0.108970 -0.673734 0.294929 -0.400269 6.606052 7.861373 -8.725327 
0.148499 1.687882 0.610096 -1.332549 3.025569 -2.953545 -4.175229 
0.263983 0.198664 -0.272990 -0.013394 -5.043392 13.916560 2.422847 
0.240265 -0.284263 1.120491 0.432694 4.463522 3.306610 5.992269 
0.217954 -0.108244 -0.041959 0.035770 -9.077475 -4.471983 -12.084491 
0.444167 0.069012 -0.592836 -0.369093 -2.728227 -13.053727 -9.815770 
2.752555 -0.074018 0.953481 -1.553739 -3.572592 7.215700 -2.984378 
0.266546 0.572401 -0.108425 -0.685467 -3.543613 -3.341571 6.675260 
0.104305 -0.955204 0.549985 0.586480 13.646735 -1.800461 6.713807 
0.144490 1.039892 1.284751 -1.119109 -1.855914 7.491068 -12.088770 
0.094619 -0.333099 -0.011600 -0.105474 -3.943905 3.075617 -19.464314 
0.144851 0.478267 0.376271 1.034772 9.066347 -6.163664 -3.751170 
0.132290 -0.877850 0.599527 1.356998 -11.038351 13.252690 -1.543008 
0.524424 -0.011281 -0.048372 0.382627 -5.462732 11.451747 14.150343 
2.804970 2.104279 0.521391 0.393281 10.955212 1.743321 4.964282 
0.151725 -0.637341 0.312891 -0.085940 -19.098232 3.377443 -11.054410 
0.691052 -0.881143 -0.858152 -0.012025 2.135401 -9.174959 -3.239384 
0.123125 -2.393076 -1.306182 -1.115570 -11.976476 -1.449649 -4.750627 
0.095501 0.228182 0.452032 0.353370 -1.817278 6.609323 -1.740596 
0.082472 -0.043170 0.121033 0.356122 1.826188 7.059217 -14.651039 
0.088000 0.638863 0.146332 0.750563 10.216321 2.384342 -4.905638 
0.106567 -0.703380 0.444307 0.119362 5.302438 2.929056 0.032655 
0.083960 -0.870839 -0.639533 1.447487 -9.550190 0.656182 8.617793 
0.444394 -0.067959 0.814254 1.028283 -0.154759 4.331096 10.378955 
2.968598 0.097854 -0.023032 -0.008833 5.502158 0.564478 15.772642 
0.118415 -0.450917 0.023513 -0.384636 16.118958 -0.318191 -5.334206 
0.123056 -0.406015 0.315719 1.109536 -0.079323 14.573943 4.041347 
0.111967 -0.432929 0.859853 0.080491 8.822742 2.817709 7.889140 
0.095336 -0.117804 -0.008891 -0.064209 8.914498 -0.167296 8.412895 
0.085245 -0.609653 0.121951 -0.432531 2.594094 5.241917 -12.839808 
0.219520 -1.335073 -0.341394 0.002968 -0.852218 4.617932 -8.873610 
0.269315 -0.894707 -1.255503 1.473521 -2.913325 2.292528 3.795588 
0.084729 0.367469 -0.413949 0.849806 6.456309 -0.097658 4.771184 
0.193296 0.376989 0.162151 1.024880 -0.100592 20.077246 2.990150 
3.042533 -0.258733 -0.987452 -0.266234 2.725138 -5.791982 12.497771 
1.417540 1.686493 1.735388 -0.225079 5.678292 3.472808 4.084687 
0.348250 0.203714 -0.089932 0.544224 9.077414 -3.253542 6.909122 
0.189420 0.673699 0.381104 0.844072 8.710263 6.777269 0.045496 
0.222484 0.093359 0.135538 -0.268830 -7.947807 12.605873 -12.874819 
0.319069 0.268255 0.396162 -0.245210 7.481810 0.229307 17.676430 
0.092091 0.094103 -0.162533 0.371371 9.382778 7.560947 -13.274836 
0.486369 0.773255 -0.945231 -0.059903 -2.108824 -7.125133 3.912031 
0.293964 0.118815 0.957214 -0.225005 -4.487245 3.454704 -3.402607 
0.150389 -0.507139 0.859391 0.458644 2.629168 5.815981 10.257965 
0.098254 -0.851649 0.249901 0.616475 -8.924589 2.816671 12.206102 
0.129777 0.086398 0.221242 0.426252 0.626933 7.859499 -8.823709 
0.089968 0.390871 0.934599 -0.386223 -10.006817 0.312498 -12.528882 
0.178187 0.588557 0.119842 -0.166818 -1.310616 3.754218 7.168652 
0.446547 -0.219621 0.568940 0.126601 9.467708 9.081138 -9.983032 
2.596189 -2.206878 -1.870164 -0.508868 -13.228800 -9.080993 3.491181 
0.941679 0.179937 0.438371 0.601077 3.672469 -5.333319 18.877621 
0.357477 -0.166648 -0.508922 0.543376 8.976105 -13.388861 5.351261 
0.233141 2.364743 0.606868 -0.475525 18.411632 11.020613 -11.932569 
0.109886 0.029206 -0.047562 0.114699 19.361655 -2.213715 10.764103 
0.103385 0.262068 0.474896 1.016098 0.363958 -8.056818 11.168492 
0.307529 -1.278169 -1.289436 -1.943862 -3.010995 -9.427650 -3.253386 
0.224214 -0.710967 0.116645 -2.440680 2.754016 -7.219911 -14.265508 
0.688471 -0.073599 0.367021 -0.154614 -16.985109 13.706785 2.802287 
0.121886 0.429209 -0.837105 0.382593 0.581219 1.347713 12.735090 
2.036878 2.021601 -1.473442 -0.524325 4.066276 -5.170104 -6.119128 
0.108772 -0.372412 1.452921 0.710278 0.091407 8.523486 -1.869503 
0.087214 -1.085568 -1.915721 -1.062180 -0.210952 -9.050886 1.564924 
1.095005 -0.148679 -0.258918 -0.410663 0.147823 -9.497918 -5.013108 
0.462444 0.542871 -0.375795 -1.024157 5.969980 -4.214036 -12.843228 
1.195467 -0.130506 0.899308 0.065617 -4.162396 16.955974 -5.849306 
0.124532 0.592348 0.341489 -0.128042 10.473611 12.871352 -10.787587 
0.239527 -0.821067 -0.282666 0.824648 -16.356388 2.584747 9.561075 
0.513647 0.009055 0.214258 0.402558 -5.116018 -9.478775 -12.025399 
2.322161 0.478383 -0.007021 -1.018720 8.488983 7.247417 6.212403 
1.749945 -0.226150 -0.368359 0.206773 6.459994 -10.655726 2.957656 
6.427225 -0.233277 0.691900 -0.047726 4.288664 4.922562 -4.482783 
0.187473 -0.444138 0.039480 0.618236 -2.282569 9.052451 13.531440 
0.080411 -1.197667 1.431772 1.096129 -1.659485 4.776095 1.995088 
0.084886 -0.707847 -0.352689 0.087166 5.816435 -4.861300 -0.815936 
0.210734 0.267333 -0.253118 0.018657 3.604772 -10.095988 7.779698 
1.039799 0.365073 0.427085 1.297573 -7.629611 5.599354 9.896897 
0.589256 0.460913 0.065477 0.384175 -0.703086 8.618006 -4.309298 
0.193774 -1.002136 0.358484 0.646096 -6.745624 -16.237862 12.676031 
0.204408 0.479075 -0.127286 0.131294 7.660645 -1.096517 13.681947 
0.203976 -1.360873 0.327587 -0.164775 -3.125789 -2.701936 -10.583959 
0.100379 0.023924 -0.084447 0.099381 -1.558038 6.003308 -5.799628 
0.224716 -0.094550 0.210436 1.557123 -8.594916 10.726219 2.499982 
0.736908 0.043309 1.655169 0.061137 -6.804471 8.505115 -3.112260 
0.183623 0.987233 0.343719 -0.716783 -0.210568 -2.104489 7.218215 
5.763363 -0.496942 -0.606784 0.002219 4.939981 12.421723 5.264806 
0.155563 -0.264565 0.853539 0.390009 -3.739479 7.433431 0.672703 
0.205052 -1.243483 0.386786 0.856790 -6.196513 -12.141326 8.705119 
0.256881 -0.570230 -0.892622 0.669273 -2.328728 1.813488 15.141398 
0.383592 0.080233 -0.738929 -0.505359 -2.350093 4.471376 -16.707923 
0.115189 -1.261754 1.586461 0.376660 -6.413389 5.319068 16.132318 
0.144188 -0.949194 0.643689 -0.047378 -4.868333 10.820813 -11.517288 
0.208231 -1.192372 0.777095 0.693897 -6.462579 0.016265 -3.773045 
0.523071 -0.100128 -0.155830 0.511601 16.665741 4.186680 11.150339 
0.460238 0.522583 -0.011820 1.515145 10.009824 1.607067 -4.689267 
0.500482 -0.339307 0.747197 0.032636 -12.375953 -8.273476 16.440097 
0.190881 1.316820 0.480482 1.609177 14.292814 -2.720954 3.692049 
0.095002 0.042989 -0.446685 0.458751 -11.020085 -6.760399 -9.479662 
0.282526 -0.476413 -0.053845 0.659319 -20.537218 3.474628 2.985768 
7.200905 -1.134947 0.469812 0.732004 -9.083441 2.298588 -11.839221 
0.639887 -0.784340 0.059479 -0.426894 7.063828 -9.028300 -4.874167 
0.088337 0.211840 -0.460983 0.005952 -1.731684 2.010143 1.521342 
3.427020 0.261083 0.056128 0.558784 -6.358614 8.081942 -10.366030 
0.286232 -0.699710 -0.368907 0.784944 -5.059246 8.054050 6.915660 
0.111446 -0.918002 0.818814 0.533736 -7.165575 0.195487 -10.629765 
0.194955 -1.187323 0.129372 0.445067 -15.848014 -6.992419 1.595016 
0.190041 -0.783354 0.283416 -0.292242 6.344068 -0.779446 0.268780 
0.170109 -0.716597 -0.026866 0.858340 -7.436484 -5.725696 -4.605229 
0.162386 -0.917881 0.690839 -0.182746 -2.139518 4.632771 -6.402686 
1.166044 1.185182 0.633632 2.227607 3.224035 13.003067 13.038117 
0.584740 1.143209 0.021219 0.384128 -8.540593 -3.103665 -2.273872 
0.396613 -0.632465 -1.181484 -1.035034 -8.531036 6.116720 -4.136213 
2.418064 -0.204957 0.124950 0.301431 8.968025 -13.345967 4.512553 
1.010429 0.733346 -0.564330 -0.114438 9.747603 -8.671744 -6.679620 
2.532142 -0.882547 -0.216829 0.060787 16.850297 -2.200184 2.111085 
0.107929 0.266454 0.140089 0.413722 -8.526234 -15.775546 -9.947401 
0.167175 -0.238445 -0.010336 -0.232793 10.266241 2.519787 19.048557 
0.254952 1.592918 -0.539695 -0.927522 2.777467 6.179588 -6.676536 
0.429694 0.759683 0.839745 0.612319 4.158392 6.953158 -6.046611 
0.496826 0.549691 0.503385 0.901354 6.057239 11.299592 14.191456 
0.121547 0.602674 -2.517397 0.008733 -0.584178 -19.090339 -4.981408 
0.215928 -0.249253 1.591646 -0.306080 -2.082622 11.983322 -9.599145 
0.270339 -0.544724 -0.518725 -0.351542 -0.406038 -18.177550 -14.573820 
0.080083 0.343704 0.268996 0.668162 9.058668 -1.471877 -9.228883 
0.272801 -0.158431 0.099870 0.096292 -21.704989 7.579553 -2.634516 
0.248941 0.519037 -0.218214 0.094562 10.754962 11.204655 -15.272286 
0.198171 -0.266212 -0.086248 -0.307746 -1.939252 14.210257 -0.316486 
0.125940 -0.450449 1.337955 0.208678 -7.132217 8.368204 -1.802647 
0.397489 0.228371 0.272564 0.638207 -10.232341 9.235650 -8.456534 
0.109822 2.067407 0.184513 -0.452720 12.458387 -1.428139 -7.977774 
1.950578 -0.090284 -0.222848 0.616010 7.169659 -7.552910 5.510274 
0.085723 -0.101072 0.661936 0.872902 0.097364 2.045198 2.555502 
0.261677 -0.014927 0.433919 0.678616 -9.877968 2.896704 1.368768 
0.410668 0.030250 0.491333 0.891576 4.954253 -13.381793 -2.505256 
0.278253 0.254467 0.047479 1.043674 -7.636065 7.130168 3.315691 
0.362834 -0.808124 1.001804 0.272033 0.373570 8.411151 -2.541616 
0.191416 4.024843 0.794416 -0.386650 25.925458 11.782412 -4.186580 
0.204516 1.000198 -0.392127 -0.622595 1.550760 3.876611 7.472998 
0.119244 -0.273252 -0.061500 0.576919 -7.319176 -20.260564 -4.732414 
0.394798 0.062793 -0.264907 0.448879 1.282623 0.855889 10.903800 
0.108074 -0.229662 0.957043 -0.644653 -4.183866 3.844516 1.736896 
1.687457 1.911926 2.939340 0.394233 11.844204 12.800569 6.533920 
0.142585 -0.040017 0.750222 -0.008261 -0.348308 19.218418 8.725247 
0.999592 -0.782072 0.772906 -0.081206 -5.502550 -1.610732 10.631729 
0.835224 1.342639 0.606805 0.012667 -3.004945 13.757952 2.924282 
0.133760 -1.266811 -0.678455 0.516135 -1.498998 6.607456 8.839033 
2.914902 1.133112 -0.833967 0.026848 3.994443 -4.495993 -0.820947 
0.289537 -1.033607 -0.432511 0.012283 -2.898752 7.789456 -0.198832 
0.111589 -0.016755 0.084987 -0.174279 -5.862108 -6.393186 -8.703968 
0.666435 0.122252 0.942725 0.506183 -2.977668 1.392296 -0.196515 
0.118124 0.267542 0.268817 0.570033 6.300760 12.883569 -3.655414 
0.082017 -0.757904 0.836996 0.043651 -1.525197 1.903719 -9.311777 
0.384643 0.478704 0.116839 -0.147518 10.359529 13.582189 3.205680 
0.170390 -1.539861 -0.128167 0.647827 -11.077043 -12.074923 -4.568955 
0.164634 -0.137174 -0.357237 0.737397 4.108485 -2.672145 1.872982 
0.710018 -0.811827 1.363650 0.836313 1.564235 0.965375 2.966350 
0.490174 -0.417549 0.028672 -0.398278 -2.346893 4.240132 4.562254 
0.209872 -0.569829 0.825109 0.834873 -3.355204 12.715171 -10.824777 
0.191407 -1.680219 -0.898456 -1.687142 -1.461352 0.724288 -10.407320 
0.086220 1.211926 -0.145665 0.785888 1.830349 -1.980568 8.682068 
0.253249 -0.913221 0.691048 0.202103 -16.232652 1.291823 -2.436255 
0.443660 -0.246451 0.468049 0.232117 -13.060484 -3.078462 2.247410 
1.478874 -0.097386 0.816058 0.459246 -14.738382 -7.095041 -1.347025 
0.997008 -1.135356 -0.434377 0.123932 -15.160079 -5.437553 1.926506 
0.119733 -0.342269 0.349972 -1.156611 6.268773 -6.863989 2.949864 
0.155712 -0.373876 0.339623 0.283795 14.072738 14.140262 -10.421212 
0.248140 1.572079 0.335393 0.154946 5.929082 4.697228 2.488258 
0.211986 -1.016994 -1.340243 2.307328 -6.842251 -8.631938 4.983851 
3.164370 -0.017797 0.486345 0.711089 -9.029415 -1.738094 14.559215 
7.811175 -0.096585 -0.458707 0.220876 -2.320732 -15.115192 6.159378 
0.119711 0.397383 -0.041413 0.735919 11.155511 -1.345154 -6.177020 
0.081905 -0.406512 1.853148 0.434624 -5.428038 1.818228 2.193002 
0.128974 -0.633010 -0.788772 0.286159 -4.272039 -9.130574 -7.787872 
0.098410 -0.485521 0.365224 -0.102370 4.213510 5.591857 8.843351 
0.208666 -0.118802 0.477273 1.311354 11.438775 8.164917 5.126504 
0.338702 0.270618 -1.065077 1.109258 8.446117 -1.205923 11.393395 
0.270406 0.339352 -0.424563 -0.713101 14.680007 3.401004 4.464586 
0.261780 0.345774 0.136499 0.620208 9.205254 -1.337979 11.591869 
0.198271 -0.167920 0.612355 -0.200007 -7.666746 6.085037 3.908331 
0.547947 0.651081 0.571377 0.587004 5.486002 8.315216 1.389942 
0.084496 -0.562340 0.489052 0.822445 -2.146724 -16.943274 6.012848 
0.547853 0.181054 -0.632791 0.194433 -6.596599 1.931018 -4.765508 
0.124445 -0.707030 0.723900 0.298068 -15.927499 7.391674 -7.201170 
0.573077 0.103826 0.258504 0.144314 0.289626 -6.177540 14.569657 
0.415176 0.282018 -0.647075 0.085580 -1.388572 3.624367 10.423179 
0.878922 -0.410388 -0.486164 -0.557428 -7.314600 -12.836775 10.969876 
0.094683 -0.395939 0.590659 -1.423912 -0.230969 -7.722056 1.087253 
3.025229 -0.491277 1.805763 -0.297502 8.265668 4.142298 -3.893372 
0.102725 -0.778408 -0.765615 0.384014 -0.677443 -5.417411 12.584570 
1.385436 -2.099673 0.776163 0.667704 -4.790568 11.843865 5.240215 
0.188343 0.745049 -0.627639 0.779101 -3.754807 -1.276178 8.586446 
0.308804 0.323707 0.103777 -0.410794 0.163257 -16.011681 -7.638742 
0.266901 1.698120 1.117610 0.428548 13.316323 -1.036642 2.148742 
0.352073 -0.306247 -0.297088 -0.607706 -11.502540 0.540665 14.569344 
0.588656 1.122171 -0.852768 -1.427582 9.338419 -1.702467 -2.646205 
0.105091 -0.524930 0.735428 -0.034078 -2.179202 8.879601 -4.967956 
0.147682 1.057897 -0.422573 -0.009922 0.989866 -5.988521 13.776130 
0.179358 -0.895536 0.641535 0.388645 -7.952167 3.379062 13.754688 
0.522896 -0.036608 -0.608308 -0.074099 -11.684497 5.969991 -1.752971 
0.141510 0.819017 -0.478308 -0.178171 -1.519815 1.338792 5.751747 
0.105633 -0.100410 0.199978 0.618358 2.310598 3.026497 10.461822 
1.115389 -0.092696 -0.051230 0.699426 -9.691118 8.154497 9.818198 
0.100224 2.243856 -1.606375 -0.439077 6.314062 -8.469182 -9.820600 
3.043771 1.643565 -0.425111 -1.958157 7.334175 -2.240086 -3.474288 
1.677124 0.248181 -0.211474 -0.063134 -6.059536 17.657107 -11.004939 
0.154714 -1.676228 -0.740588 -0.485221 2.639543 -1.975423 -2.517810 
0.509531 0.098884 0.371101 0.092881 -13.872411 -0.448818 -8.112969 
0.118595 0.111811 0.193610 0.296454 -19.058327 10.243668 -10.653208 
0.192470 0.910547 -0.348524 0.588854 -3.212730 -1.706422 1.478311 
0.156661 0.080588 -0.091774 1.615274 0.262828 13.101285 2.911599 
0.269171 -0.633579 0.015465 -0.348167 -11.488986 -3.897691 5.450993 
0.275015 -1.103216 0.497074 -0.128893 -5.837591 -2.421332 -8.201076 
0.133107 -0.422946 0.444307 1.042869 -1.596901 0.303662 8.897649 
0.116244 0.054778 -0.705936 0.224211 -10.760131 7.653333 -3.048439 
0.262815 -0.669776 -0.925587 0.088536 -4.094057 0.575550 -11.497575 
0.152197 -1.234113 0.433063 -1.020794 -16.039125 2.682086 1.702990 
0.591538 0.421542 -1.244421 -1.817128 -3.528458 -3.636407 -15.575833 
0.273814 0.258887 0.564103 0.235060 9.539851 16.029612 1.458758 
1.296377 -0.575985 1.332420 0.594959 -8.004759 4.287026 1.373165 
0.625099 0.046470 0.211128 1.141399 -0.382935 12.636402 7.887834 
0.953431 -1.550916 -0.704392 1.661597 -3.692370 -2.295910 10.642062 
1.362864 0.564502 -0.311774 -0.414243 11.974456 -15.862555 -2.881679 
0.388981 -0.756074 -0.430402 1.013543 1.516326 -16.943905 2.520150 
0.178332 2.415989 -0.158338 0.185914 16.313050 6.082471 6.994854 
0.372184 -0.340148 -0.467965 -0.017943 8.669033 5.497587 -13.662819 
1.884918 -1.484472 0.061397 0.368953 0.082528 -1.634847 8.755754 
0.093160 -0.678830 -0.576146 -0.364310 9.865011 2.528815 9.320893 
0.093696 0.256644 -0.144594 0.379549 -7.058691 15.730676 -2.188009 
0.080850 1.805076 -1.821763 1.589862 3.283360 -14.045708 9.398070 
0.277717 -0.068649 -2.218768 1.676440 0.848943 -3.860256 12.898347 
0.330199 -0.490254 0.902176 0.748039 0.586932 0.085530 -1.261438 
1.020862 0.494426 -0.338616 0.036683 -1.901876 -14.738936 0.894758 
0.554068 -0.776246 0.002132 0.166444 -0.257937 -3.725263 -6.153107 
0.410517 -0.275902 -0.096590 0.814822 -18.405589 3.803183 -1.409231 
2.241100 -1.472890 0.599149 0.102748 -3.226673 6.352312 -6.628144 
0.769947 0.034758 -0.002277 -0.688434 10.955844 10.445032 -5.543744 
0.085466 -0.895803 -0.824943 -0.262401 -13.085639 -5.413890 -0.049699 
0.645582 -0.065659 -0.061059 -0.590609 8.684415 -8.970043 -1.605763 
0.291207 2.001927 -0.017713 -0.717777 12.125051 -1.945329 -3.881375 
0.780826 0.597588 2.009844 0.495957 -8.534454 11.860804 4.250494 
0.178041 -0.072666 0.367562 0.691191 2.466728 -0.122318 -5.362886 
0.111657 -0.145645 0.547412 0.607691 -15.158238 3.363950 -5.098679 
0.141933 -0.069363 -0.475601 -0.486301 8.644450 -1.534642 -7.957368 
0.503658 -0.825602 -0.621946 1.149609 -11.837354 -3.633245 9.321520 
0.266518 -0.111332 -0.887222 -1.041210 -12.991650 -0.871802 -0.540209 
0.136578 1.271065 0.481472 0.418409 3.717568 4.364079 -1.422106 
0.126498 -0.825204 -0.677563 -0.419986 1.837248 -3.838471 2.391627 
0.081261 2.038525 0.172810 0.123360 8.839030 -11.120117 -0.632544 
0.167252 -0.210543 0.216837 -0.081602 -4.043427 2.774525 -6.141493 
0.607244 -0.541433 2.284473 0.500036 1.076480 3.163099 -1.392080 
0.266741 -0.834802 -0.157895 1.040870 -3.551350 -13.774096 7.693865 
0.157175 -1.214203 -0.704918 1.673170 -18.513139 -0.765387 4.459956 
0.366807 0.366098 -0.022674 -0.563646 -0.010653 12.044106 1.933401 
1.030213 -0.523218 0.159843 -0.281627 -4.025861 3.468384 -16.504615 
0.140945 2.064807 0.948081 0.648779 5.720800 -1.587612 8.865843 
0.288794 -0.720077 0.466190 -0.700724 -3.580797 7.079275 1.916291 
0.182724 -0.778413 0.098741 -0.340291 3.838856 -16.581184 2.313686 
0.115248 -1.440093 1.061611 0.561698 -0.826076 -2.257456 6.948761 
1.012019 -0.008156 0.751421 -0.371874 0.763437 13.268126 -7.174794 
0.292049 -0.676674 -0.693830 0.502526 9.801181 -5.673556 3.254212 
3.273691 0.122497 0.144939 0.162763 -3.684971 -0.711933 -14.095346 
0.507219 -1.241045 0.500551 1.402377 -8.772455 -10.167249 9.179444 
0.325723 -0.536937 0.497148 -0.237494 12.637271 -0.230970 -9.891612 
0.153073 1.374167 1.184789 -3.392080 10.807696 0.127587 -26.005094 
0.229855 0.378637 0.287714 -0.086023 -8.536968 -5.035223 -10.209002 
0.196589 0.108415 0.352799 0.129386 -2.948908 4.677060 17.817507 
0.095001 -0.444986 0.407709 -1.071005 -7.174016 2.368662 0.141226 
0.458870 -0.434051 -0.087406 -0.010675 15.650410 14.498234 5.480665 
0.085890 -0.380846 2.225640 1.396141 3.482707 6.189748 14.821165 
0.170408 -0.978304 0.600597 0.680037 -8.589530 -0.301046 13.068672 
0.130084 -0.306657 0.451568 -0.181695 -10.064894 10.853465 -2.247256 
1.384359 0.158527 0.594982 0.536126 6.135221 4.101437 -5.159424 
0.642711 -0.364042 0.407741 0.394692 -0.627031 -7.997911 8.321305 
0.176254 0.255942 0.693370 0.608052 11.756340 16.554175 -1.168122 
0.156623 -1.381100 -0.281322 0.559674 -3.950270 8.527981 2.867449 
0.874755 -0.794296 -0.107268 0.431083 -6.076136 6.879427 8.037147 
0.628183 -0.031696 -0.694296 0.438153 1.710954 -5.348490 -8.266847 
0.127719 0.653925 -0.446070 1.448032 -6.628030 -2.200264 15.210219 
0.209256 -0.659061 0.505987 -0.252206 0.351862 15.062998 -18.486035 
0.393003 0.251504 0.238966 -0.297733 -14.532305 -2.705228 -6.221026 
0.395444 -1.312143 -1.567225 -0.101171 0.075471 -1.861369 5.938641 
0.150757 0.966596 -0.851243 1.283140 12.272994 -1.019295 5.036814 
0.613619 1.500355 -0.413153 -1.782608 10.246260 -7.036640 -10.849185 
0.371705 0.251650 0.993360 0.585110 -13.144209 11.445601 -0.339840 
0.128172 -0.296984 1.151568 1.157070 -6.895847 4.680044 12.605330 
1.227367 -1.400473 1.973482 0.953252 -2.436069 13.580192 8.080559 
1.287495 -0.365559 0.783863 0.288635 -0.528570 25.300150 4.859865 
0.285623 -1.128476 -0.920238 -0.714204 -0.006931 -8.175921 -5.985228 
0.186793 -0.479412 0.159715 0.261867 -1.149751 -0.801669 13.003320 
0.151928 -0.759161 -0.247083 -0.027659 -21.131941 0.704508 7.166786 
0.107729 0.150797 0.017029 -0.350264 -5.797361 21.898534 0.729008 
0.789450 -0.404828 -0.487948 -0.205683 -5.416166 -19.672248 -12.807125 
0.417882 1.208178 0.077765 0.220268 -0.692888 -3.599941 14.724944 
0.415458 -0.386863 -3.213323 -0.390795 -5.605945 -14.938088 3.531046 
0.510419 -0.788784 0.953640 0.415181 -17.583372 5.591625 -2.564951 
0.130425 -0.144959 -0.644240 0.164953 -9.607809 6.612795 -9.630640 
0.312402 0.436682 -0.441865 0.108277 3.913593 -17.543411 4.300930 
0.489643 -0.082169 0.609569 -2.707142 -3.750766 5.658651 -9.953532 
0.449688 1.071331 0.943143 0.798026 4.605255 12.364919 -6.656147 
4.640213 -1.658621 -3.865052 -4.829442 -7.574745 -23.285770 -33.035536 
0.102329 0.657960 0.539114 0.600052 6.519970 14.899924 -8.307701 
0.088752 -1.368808 0.873713 0.047952 -0.799464 10.834894 -8.566338 
0.124181 0.714276 -1.180137 0.306555 2.621099 -0.099063 -5.755652 
0.142677 -0.966039 0.084478 -0.226040 -14.040820 10.711501 8.353083 
0.646196 -0.493792 0.563352 -1.190235 6.460236 -7.595734 -8.646851 
0.112694 -0.779142 -0.573692 -0.361544 1.442217 -2.169017 -8.922299 
0.176104 -0.663684 -0.315144 0.130076 -12.732333 6.801638 -14.982851 
0.106965 -0.623805 0.696956 1.300900 -2.924994 12.420760 7.709218 
0.330430 -0.615449 0.331687 0.143430 11.289097 -13.584811 1.568013 
1.059937 0.688128 -0.210098 -0.695932 -3.857519 1.244316 -1.953635 
0.446854 -0.181551 -0.025001 -0.483242 -1.899706 -16.116446 9.879335 
0.249843 -0.938191 1.056898 0.651478 -9.269746 1.638762 -2.297477 
0.126972 -0.053502 0.253104 0.311154 6.340653 3.743563 18.569598 
0.148713 0.564404 0.056510 0.368957 -0.888237 -0.937751 -8.580722 
0.153845 0.860776 0.746745 -0.283193 -4.855363 -2.311561 -0.457424 
1.523067 -0.282038 -0.804687 0.266377 0.840096 -3.030260 -1.657924 
1.665441 0.156630 0.158328 -0.830315 -5.170723 16.134825 -1.184423 
0.167356 -0.072192 1.146209 0.811223 -11.163600 5.573965 4.180545 
1.433413 2.620395 -1.956855 -0.019779 8.684857 -14.194224 1.572725 
0.264805 -1.237075 -1.210569 0.349743 -8.543233 4.219909 3.819088 
0.110793 -0.007178 0.881979 -0.661388 3.452860 2.786483 -1.915058 
0.180061 -0.202382 -0.336106 0.202662 2.635933 -17.604259 -5.372099 
0.195410 -0.154926 0.274009 -1.576609 0.106080 1.278971 4.444027 
0.091610 1.394222 0.600368 1.030903 -2.377245 -0.606214 12.277945 
0.100160 -0.482835 0.709503 0.386786 4.641446 14.095048 0.857428 
0.329612 -0.211310 0.442590 -0.196307 8.065293 8.128960 -14.298293 
0.174903 -0.868469 -1.391035 -0.459869 -9.467889 4.129679 -5.752743 
0.088879 -0.361640 0.275035 -0.025220 -2.765796 -0.869497 -5.184553 
1.382242 0.422119 -0.833726 -0.839616 10.008626 -5.400701 9.035987 
0.137418 -1.031088 -0.237794 -0.206939 -11.223902 -3.239103 1.177223 
0.550522 -0.294020 -1.226631 0.633249 10.232733 -3.193461 7.886779 
0.977405 -0.952650 0.331677 -0.149636 -3.027532 -10.710359 11.047563 
1.078071 0.072742 0.301233 -0.236619 -2.256461 -16.256441 -2.376328 
0.158053 1.081092 -2.128143 0.038104 11.998631 -12.487373 1.745509 
0.173348 0.140837 0.041533 0.076346 -11.609781 3.684294 6.588127 
0.082934 0.644648 0.326662 -0.161048 -8.178370 8.785503 -17.372251 
0.136636 -1.290073 -0.365795 1.327353 -6.306092 -0.396190 4.461369 
0.143734 -0.873963 -0.096432 -0.007660 -19.079297 -7.539865 12.365479 
0.441192 0.326318 0.344629 0.155708 7.874435 -6.660046 10.766781 
0.419927 0.474978 -0.369868 -0.493541 4.033041 8.590371 -7.630140 
0.233936 -1.259910 0.254307 0.727862 -4.306777 -2.168069 0.312790 
0.472655 -0.064241 -0.407473 -0.255739 9.764157 7.710556 9.074299 
0.114863 0.279369 0.147890 -0.997080 9.043750 -3.926797 1.247613 
0.090134 -0.599112 0.403912 -0.011579 -16.019528 -8.198781 -5.138925 
0.541043 1.986255 -0.302210 0.603782 9.254819 -1.572404 11.090839 
0.282572 -1.177699 0.132795 0.971812 1.130077 8.034097 5.089221 
0.115642 1.062114 -1.077763 0.049819 -2.297484 -0.208540 -0.097180 
0.081355 -2.102279 0.682579 -1.050513 -15.482616 7.557802 1.880275 
0.367829 -0.440961 0.470628 0.300411 1.661199 22.448312 -8.226089 
0.139629 0.112789 -0.797924 0.192492 5.018542 7.843576 3.598503 
1.352784 0.503942 -0.108977 0.059764 -1.991017 6.927579 2.674340 
0.125255 0.478922 -0.700975 -0.256152 2.462778 -5.633306 7.913269 
0.401327 -0.207752 -0.696808 2.400720 -1.386371 -0.650323 8.409094 
0.285734 -0.840688 -1.794910 -0.093434 5.885297 -8.239255 4.852738 
0.395651 1.375762 -0.432788 0.031956 3.419906 3.204164 4.971891 
0.293098 -0.850237 0.344849 0.221285 -12.143158 14.151099 -13.391128 
0.087827 0.486514 0.303689 0.517051 6.704049 -12.000737 -3.250397 
0.145431 -0.424755 0.535881 -0.873538 11.810046 10.620957 -5.760292 
0.180115 -1.666963 0.903658 0.304897 -5.471323 -1.046356 9.868988 
0.096200 0.344369 0.128270 0.107664 1.080604 11.289718 -0.866350 
0.666776 -1.753411 -0.746482 1.478002 -11.340838 -0.695434 6.470162 
0.204329 -0.583436 -0.309544 0.390400 -8.400609 -0.150625 -5.329654 
0.115895 -0.323074 0.861769 -0.528113 -6.798845 3.687245 -5.807824 
0.093908 0.313080 0.384509 0.739501 3.324451 17.010403 7.631281 
1.218377 -0.172310 0.929032 0.425229 12.570962 8.356789 -6.551068 
1.577937 -1.012359 -0.209896 -0.184154 -6.766494 -1.176537 -2.577776 
0.624013 -0.372739 0.334614 -0.755300 0.397120 12.612999 -5.870307 
0.094581 0.521561 -0.439362 0.284175 -8.806617 -14.870439 -4.501233 
0.082735 -0.246494 0.568019 0.747129 -5.061561 -2.489663 17.221439 
0.117562 -0.296734 -0.178603 -0.895287 -10.565970 15.142722 -2.241193 
0.104059 -0.096133 0.316964 -0.561859 -6.969191 14.878458 4.450781 
1.175398 -1.003118 -0.690934 1.511100 -12.861699 -7.506529 1.275040 
0.164169 1.479184 2.133564 -1.143011 6.483606 3.309561 -9.634400 
0.291452 0.038734 -0.453304 -0.257464 10.935266 -0.171185 6.142401 
0.206673 -0.867619 -1.120632 -0.042012 -1.897598 -1.617461 -2.675578 
1.289324 1.504605 2.373896 0.566772 12.638482 16.399420 -5.922248 
0.086315 -0.274445 0.446928 0.564073 10.057441 4.562559 14.661734 
0.235153 -0.250574 -0.503621 -0.084491 -3.121572 7.014638 -7.142627 
0.115719 1.695504 -1.552443 -2.264841 13.202778 -11.223663 -9.987000 
0.363410 0.215491 0.505674 0.537565 -4.970730 8.614247 0.826785 
1.751386 1.241906 -0.411058 0.305337 -2.686838 -7.752568 6.378201 
0.207984 -1.917076 -1.162477 -0.144028 -17.660464 -9.678569 -3.100892 
0.102911 0.952242 -1.126980 0.533722 5.058408 3.880628 10.844836 
0.178659 0.228327 -0.021255 0.395450 2.948025 -19.265144 -5.050747 
1.266026 0.395724 -0.445159 -0.226569 0.031700 -11.634712 12.736543 
0.304509 -0.631402 -0.447013 -0.536897 -10.906524 2.603762 -7.970046 
0.111776 -0.359227 0.425788 -0.005180 11.550782 -3.897261 6.067552 
0.518423 -1.697332 -0.957053 2.299959 -6.890120 -12.482629 15.316469 
0.412206 -1.240125 0.624037 0.705954 -11.240038 12.048223 2.752781 
0.151101 0.432581 0.674045 0.871069 -4.145871 2.043475 20.304666 
0.220913 -0.021804 -0.237243 0.255741 -6.810104 -19.758489 -1.088322 
1.412488 -0.205416 -0.245544 -0.259510 -4.313461 7.396222 8.634413 
13.278585 -0.853634 -0.151622 0.630641 -1.025766 -8.941553 -6.038586 
1.463321 -0.572504 1.280864 0.657716 6.411635 10.804956 6.678267 
0.120159 -0.251866 0.695701 0.272873 -13.185451 9.440662 -12.596516 
0.365350 0.232729 -0.664152 0.260482 -0.952614 -5.837832 -7.538008 
0.105973 0.009264 0.573968 1.047386 6.336033 14.037223 9.419703 
0.295892 0.312498 0.750993 0.641572 7.944106 12.939025 -2.946745 
0.206326 0.266130 0.410240 0.375972 4.271622 -1.806726 2.210602 
0.093712 -0.725346 0.597158 0.065658 17.553449 -5.482494 4.781401 
0.095148 -0.364186 0.789049 0.054197 -11.760010 0.209032 -12.682743 
0.206538 -1.513952 -1.321024 0.562301 -15.768956 0.059926 2.612397 
0.086877 -0.776163 -0.372601 -0.675988 -11.155875 -6.414962 -10.180177 
0.089099 -0.461760 -0.973183 0.472770 -4.110732 -1.061901 -11.180917 
0.510706 -0.760648 0.753793 1.045057 5.988865 0.432940 10.140126 
0.209703 2.446569 -1.008603 -0.818379 11.242072 -0.303850 -1.816020 
0.558090 -0.150520 -0.514374 0.137541 8.618288 -7.578573 -6.944598 
0.094925 0.054058 0.392813 -0.573075 -4.401741 7.556321 4.492165 
0.169485 0.049192 -0.543977 -0.059536 -3.078243 -0.041368 18.032925 
1.190304 -1.455951 -1.693321 0.553710 -1.317430 -7.508780 2.112461 
0.229716 -0.407171 -0.471003 -0.324278 6.891566 15.244172 0.064650 
0.590880 -0.907740 0.571008 -0.284487 4.421256 7.138146 -2.903948 
0.480535 -1.061839 0.364052 0.217596 -17.175215 1.751224 -0.983873 
0.234429 -1.120398 -0.223192 0.382348 -3.451603 -0.544373 12.362753 
0.582021 -1.502087 0.952506 -1.349475 -4.332314 5.219708 -10.999929 
0.189197 -0.071345 -0.069447 0.053056 -15.979620 14.372835 15.345221 
0.259575 0.625633 0.198696 -0.785710 12.399034 -3.461634 8.019373 
0.447006 -0.392818 0.800652 -0.131604 7.647952 -3.054131 4.406222 
0.147887 0.631138 -0.276992 0.197377 3.988119 -5.078392 -4.337873 
0.231699 0.198782 0.074123 0.520301 -1.959995 12.166710 8.789373 
0.453708 0.082316 0.046396 0.460639 -6.424660 14.093975 -4.289359 
0.920339 -0.250295 1.398751 -1.307521 7.390092 3.628802 -2.145637 
0.955703 -0.311491 0.520121 1.142042 -2.378223 -2.853214 8.595964 
0.084577 -0.226876 -0.382947 0.132360 -10.864411 -2.670145 18.571915 
0.160624 0.234608 0.514096 0.503637 0.348129 -7.052144 -4.018035 
1.172148 1.429208 0.118179 -1.855694 4.791742 -4.442194 -16.439543 
0.760534 0.464473 2.839139 1.133097 7.210147 11.195189 14.329625 
0.114553 0.723568 -0.500980 0.579557 12.709306 9.672918 0.764708 
0.117572 1.471802 -2.327837 -0.332313 6.572329 -17.818907 -4.064116 
0.762149 2.957507 4.451416 -2.326363 22.057941 30.737290 -8.334331 
0.232792 -0.438708 0.740660 0.160726 -17.445427 17.566683 9.336362 
0.215009 -0.253758 -0.328752 0.294157 -0.612970 -1.052087 -1.670849 
2.204810 -0.005994 0.720742 -0.090831 0.649166 -6.973584 -1.216624 
0.129032 -0.534034 -2.010863 4.980841 3.271810 -16.999057 34.165469 
0.374042 -0.493557 -0.113520 0.033269 -23.493835 -6.129310 8.210289 
0.205433 -1.089364 1.190857 0.872605 -10.750668 9.455385 -10.528970 
0.160079 -0.593354 0.823231 -0.076116 -1.376305 10.534525 -13.956781 
0.136090 -0.770952 -0.152095 0.855711 15.870010 -7.395842 5.873301 
0.119841 0.018310 0.895919 1.275555 -7.354122 -1.395203 8.566541 
0.201503 -0.923435 -0.943315 1.967545 1.004612 -7.761668 2.755728 
0.611073 -0.898782 -0.269590 -0.579471 -9.049913 4.780105 -7.615123 
0.115016 1.304589 -1.229362 -2.043330 5.670332 -11.463651 -5.458754 
0.399244 1.279321 -1.128475 0.660726 5.279789 -1.703173 5.867626 
0.131342 -0.437229 0.466312 -0.789153 4.778621 9.183780 11.137186 
0.174201 -0.049795 0.134190 1.873518 -2.332583 14.504404 8.264141 
0.089275 0.774573 -0.034993 0.141812 -2.557349 -1.546223 4.370617 
0.438872 0.476681 0.449677 -0.387044 1.457303 6.046105 -13.729870 
0.085636 0.063659 -0.584747 -0.696660 -10.732862 -0.854635 -4.881998 
0.582912 -0.555151 0.428541 -0.191089 -2.258950 2.799155 6.737896 
0.240412 -1.786657 -0.107717 1.655996 -1.837790 0.390090 15.245999 
0.226021 -0.434574 0.215696 1.167970 -16.758958 -1.214804 -0.002121 
0.107205 -0.609804 -0.223689 0.654740 -3.703093 -1.184901 10.547678 
1.102835 0.332025 0.436348 1.211518 1.795993 4.131195 1.932817 
0.266126 -1.432498 0.158467 -0.859780 -8.705842 -9.632920 -4.269856 
0.409423 -0.767717 1.438169 -0.728916 -8.764885 -2.319026 1.947613 
0.089384 0.740136 -0.831414 -0.316465 2.519764 -9.741959 6.014965 
0.113871 0.320176 0.232910 0.447082 -3.040214 11.160971 13.683018 
0.746267 -0.238887 1.606752 -0.588973 -3.937123 -4.612676 -3.626513 
0.219386 0.397568 -1.685747 -0.626403 11.757101 -6.252251 -0.341787 
0.439077 -1.054675 0.069504 -0.598567 -10.658755 -0.805603 8.071765 
1.444015 -0.489610 0.389363 0.073951 -12.595503 14.223369 6.157726 
0.102731 0.522773 0.041101 0.252944 -7.570329 17.506543 -7.616863 
0.202560 0.349242 -2.655145 -2.968022 9.632846 -20.195408 -31.148595 
0.091773 -0.197684 -0.210634 -0.135541 3.651873 -3.807374 5.135890 
0.159646 -0.657100 -0.043794 -0.349770 6.739768 -9.408559 14.127136 
0.210510 -0.826013 -0.538194 0.269006 -0.902460 -9.066154 -1.518044 
0.129464 -0.062703 -0.418952 0.227917 6.215457 2.067918 4.506721 
0.235395 -0.176600 0.340518 -0.153486 15.502785 5.868826 -6.743593 
0.392760 -0.714379 -0.499795 0.121561 -8.103671 -1.201463 11.147006 
0.340464 0.223325 0.981367 -0.272041 0.438375 2.470099 15.915011 
0.558675 0.886976 0.648933 -0.447505 -1.378059 8.876466 -6.362469 
0.269181 -0.128389 -0.116211 0.299520 -3.244179 -3.430580 -13.038209 
0.080832 0.099005 0.609601 1.567410 -4.274311 -3.765421 8.009524 
0.161454 -1.026025 0.172784 -0.303488 -4.073485 8.380845 4.236395 
3.272843 -0.565407 0.398792 0.310114 -1.004333 -7.797509 6.848145 
0.126733 -0.539476 -0.889932 -0.120209 -17.465326 2.711496 4.446362 
0.147442 -0.714426 -3.305107 -0.481676 -2.240948 -20.335952 1.109439 
0.234874 -0.549315 0.220549 0.772055 0.459352 -12.135583 10.454799 
0.088322 -0.493198 0.699113 -1.452152 -10.018315 4.854141 -1.584096 
0.124823 -0.607266 0.401126 0.707414 -7.476029 10.051182 17.480195 
0.134972 0.636152 0.687192 0.069362 -8.037996 -4.934903 -6.502951 
0.114632 0.041684 1.194650 -0.264272 0.579215 8.549343 -10.698403 
0.145861 0.340267 0.440952 -0.397772 3.933195 10.560245 -4.715802 
0.263366 -0.341019 0.568621 1.244146 -3.594570 5.373490 13.337732 
0.973808 -0.693042 0.673394 0.011083 -1.838314 -3.807186 2.818378 
1.966409 -0.741056 0.477493 0.401772 -5.928289 2.125381 3.819392 
0.137245 0.312209 -0.038887 0.483706 -4.436694 1.382102 19.126993 
0.175886 -0.135607 -0.109873 0.759133 5.151880 6.041703 3.313395 
0.427154 0.024710 -0.734106 0.188136 7.162659 1.399914 -11.542443 
0.305641 -0.157154 -0.891868 -0.126469 4.965407 -5.148366 7.889917 
0.126873 -0.407984 0.512224 0.078133 -12.757433 10.263065 -8.374205 
0.202129 1.489267 -0.331967 2.085413 1.331316 2.085997 14.701847 
0.103947 -0.425793 1.027631 0.392421 -17.222657 -4.774215 5.752013 
0.160192 1.295176 -0.195685 0.649152 6.502454 11.559625 -0.058877 
0.087931 -0.270089 0.438563 1.103630 6.490551 11.774379 9.611642 
0.201166 -0.730665 -0.858730 0.832943 1.161216 -4.386947 1.264643 
0.129271 -0.943367 0.635049 -0.329673 1.096329 16.533358 -4.016673 
0.244547 0.133605 0.040676 0.888738 7.912484 1.772326 -0.893882 
