0.202999 -0.128283 0.316795 0.083687 2.776320 22.299569 -15.506810 
0.583882 -0.419718 1.053217 -0.152571 13.098739 16.704520 9.384728 
0.585149 0.014629 0.053246 0.638757 10.889410 -6.393652 -15.330764 
0.085689 -0.234362 -0.644553 0.606027 -15.879396 5.066710 19.182925 
0.090936 -0.091015 0.151157 -0.263197 4.424692 15.165780 -15.196671 
0.457888 -0.726287 0.827115 0.867512 -12.118205 -6.769124 1.654242 
0.179449 -0.615896 -1.272751 -0.636177 -4.307226 -5.887512 -5.357420 
0.103175 0.895932 -0.879765 -0.698497 2.527433 -14.699150 2.107384 
0.199182 2.300780 -0.524155 0.452572 15.888308 -9.504741 3.732271 
0.109107 0.658840 -1.716467 0.535625 0.725885 -7.925618 7.585858 
0.232498 0.324297 -0.473012 0.354095 -8.393149 -1.205024 -12.231169 
0.683878 -0.127239 0.802484 -1.122722 -12.404882 -3.333401 -11.527385 
1.809017 -0.027921 0.166460 -0.033764 5.303206 -1.512881 -5.406999 
0.133767 1.097681 1.019783 -0.579058 19.755859 6.822153 3.945141 
0.207935 -1.075645 0.590188 -1.245622 -6.585356 15.218094 -4.000242 
5.586845 -0.186523 -0.148305 0.086118 19.041318 8.014213 -10.440303 
0.099031 -0.200883 -0.497622 0.472663 3.795001 12.276363 17.961475 
0.095457 -0.205780 -0.152055 0.365666 -11.941821 -10.849377 11.851672 
0.166412 0.384125 0.791245 -0.657653 2.395937 -4.887518 -16.261692 
0.401973 -0.471404 -0.927782 -0.393437 5.002124 -20.596256 8.740688 
0.149690 0.335296 0.455885 0.454495 -10.396874 6.471477 16.800379 
0.135040 -0.435789 0.156669 -0.088632 15.303245 15.521412 1.539101 
0.230700 0.911535 0.231798 -1.010684 0.176587 10.911908 -3.852362 
0.296048 0.209420 -0.813094 0.006951 -5.145078 8.385543 12.462484 
0.089040 0.035024 -0.465713 0.516556 8.061806 -5.866066 -1.583240 
0.218861 0.862514 -0.851753 -0.537376 12.765119 -2.760790 -2.121970 
0.780326 0.814759 -0.304210 -0.810432 4.045305 -12.671764 -8.479559 
0.110177 1.024647 1.276868 -0.221175 4.897398 9.791673 10.095259 
0.308745 1.017749 -0.695010 -0.657934 13.521794 -22.298589 -8.587891 
0.930095 0.147602 0.119069 -0.257274 7.782890 2.317916 -4.975670 
0.154448 0.128720 0.453653 -0.202547 13.972730 13.766460 0.995042 
0.449860 -0.049915 1.322182 0.177639 -6.484590 0.392646 10.580066 
0.194281 -0.671782 -0.372655 0.460617 14.323502 -2.518207 -2.860114 
0.121470 -0.063982 0.516310 0.929722 -15.633691 -1.160563 18.340735 
0.388680 0.105277 0.129110 -0.793303 1.842027 15.035205 3.849296 
0.552874 0.449581 -1.519570 0.150222 -4.906778 -14.293832 12.446628 
0.107074 -0.081153 0.421166 0.490154 8.624850 -14.539494 11.849557 
0.218546 1.139913 1.485925 0.290311 2.364642 10.108048 -0.978839 
0.118025 -0.336101 0.099814 -0.415259 -13.197860 -17.573476 4.362744 
0.176826 -0.108781 -0.362418 0.814991 -11.480901 2.096940 6.065678 
0.123628 0.154448 -0.548673 -1.032711 -4.290485 4.957143 0.829724 
0.103987 0.573095 -0.651049 1.826414 16.672630 4.198721 19.969732 
1.612405 -0.140702 -0.057810 0.549911 -6.843840 -3.009654 -5.902973 
3.952128 -0.396524 1.716480 0.071368 0.146089 5.870688 8.563191 
0.090817 0.123189 -0.035863 -0.008961 17.920823 -3.849825 0.375893 
0.094271 -0.314988 0.598463 -0.354089 3.095557 -8.395624 -7.587326 
0.105198 -0.087504 -0.393010 -1.324760 -14.621595 -2.284012 -8.042517 
0.122132 -0.415110 -0.067663 0.106374 -6.515971 -4.589997 -5.194594 
0.167817 0.073217 -0.864098 -0.386497 -11.720025 -7.064068 11.365363 
0.138488 -0.582100 -1.835984 -0.538022 -0.167541 -16.699423 5.499410 
0.701272 0.814226 0.267862 -1.196218 27.565101 3.296017 -5.518677 
0.367183 -0.009894 0.325867 1.284358 1.531573 -9.979118 10.125020 
0.116639 0.480886 -0.535830 -0.187770 -2.873255 -2.331200 -2.856753 
0.156405 -0.588605 0.346600 -0.712683 -8.585705 5.426642 -12.708984 
0.118162 0.218989 -0.013749 0.291652 -10.775821 17.826546 10.804772 
0.151293 0.069845 -0.182942 -0.378685 -7.258940 -2.009398 -22.579898 
1.456612 -0.440561 0.124395 0.361425 -1.569376 1.922385 24.543043 
0.095248 -0.260421 0.387011 0.173045 3.794107 -9.556999 -12.641030 
0.298886 -0.079572 0.103774 0.157818 -12.181241 7.613824 26.641441 
0.512636 -0.155123 0.659619 -0.058006 -2.955151 -3.192089 18.907075 
0.121466 0.809683 -1.441555 -1.950352 13.201252 -13.183737 -13.288767 
0.863813 -0.655309 -0.366271 -0.281847 5.770512 -1.911078 -9.510163 
0.283593 -0.680734 -0.304076 -0.544190 -3.964960 0.887158 11.850230 
0.114183 -0.247506 0.971191 -0.251662 -16.253927 15.585840 0.093582 
0.387857 -0.063671 -0.239532 0.580569 -9.534957 -13.069570 -11.923115 
0.102340 -0.397366 -0.244984 1.269157 -8.717127 -15.562404 16.427975 
1.423034 0.628095 1.360517 0.036472 13.099282 0.542218 -3.346575 
0.118440 0.177235 -0.142075 1.047217 6.398699 -7.887929 -4.927742 
0.087317 -0.381291 0.073770 0.406860 -11.405288 5.002472 25.549129 
0.115648 0.014095 -0.424041 0.767242 -1.067197 3.194300 16.907857 
0.335498 0.062782 -0.954075 0.660740 9.981505 -14.179111 -9.147854 
0.109210 -0.088503 0.448687 -0.843228 -9.234053 -6.057884 -3.082949 
5.398343 0.060252 0.336133 0.365189 -15.890798 -3.033544 0.679758 
0.438696 -0.779737 -0.154152 0.209882 -6.008854 -11.547496 -12.331930 
0.102783 0.319093 -0.145728 0.132394 -2.494670 -17.916863 18.112802 
0.317653 0.848965 1.129866 -1.371201 -1.829408 20.704280 -11.075723 
0.117399 -0.301157 0.416443 0.115665 -10.667655 8.568359 10.031441 
0.135796 1.819996 -0.006416 0.324470 15.896102 -12.724735 5.132638 
0.139152 0.025250 0.649470 0.038752 1.575848 3.198798 -3.842330 
0.081844 0.432210 -0.198760 0.483773 1.960573 13.919681 -10.827799 
0.210768 0.093558 0.011957 -0.912213 -10.346590 -4.887168 6.760854 
0.087151 -0.227929 0.044611 1.669381 10.123673 -4.637190 22.853778 
0.247564 -0.038174 -0.817859 0.301429 -11.145381 -20.589212 -9.635364 
0.118055 0.463867 -0.850986 -1.072220 -7.709602 3.222748 -12.710150 
0.133708 -0.808350 -0.931384 -0.176708 -17.083992 -8.779862 4.516523 
0.137951 -0.745518 -0.114308 0.177311 -13.769004 8.174392 -3.859125 
0.295736 3.123749 1.681780 -0.054356 47.148418 20.395326 0.083132 
0.093592 -0.228054 0.340359 0.044373 13.660354 1.652967 -9.892384 
0.180968 0.167449 0.784763 -0.428984 -4.676096 -4.238142 11.092034 
1.058781 0.337424 -0.145386 -0.392031 2.754509 15.913312 8.040517 
0.086350 0.075105 0.012464 0.542366 -2.031125 1.788035 6.406424 
0.263354 0.214562 -0.583892 -0.072312 -12.941167 11.208231 3.751484 
0.556778 0.162598 -0.016422 -0.602335 2.832291 -12.899551 13.043926 
0.139284 0.274151 0.129731 -0.424942 -13.449471 9.830798 15.273470 
0.478468 0.324493 0.285146 -0.564620 -10.703746 -3.602266 -2.050258 
0.165293 -0.004630 -0.002610 0.062334 -3.736301 23.146641 -5.638182 
0.493788 -0.011215 0.031901 -0.574541 12.422732 -2.889392 -15.105611 
0.252788 0.694972 0.173375 -0.431801 0.729365 5.556391 15.132890 
1.145613 0.445477 -0.645577 0.620509 -8.089672 -16.275759 6.673191 
0.388183 -0.267411 0.486226 1.091797 2.588162 13.433789 13.275203 
0.094407 -0.041849 -0.366313 -0.075526 -12.246414 18.432789 8.363679 
0.126740 -0.171413 1.173419 -0.037073 -3.828733 5.775820 1.927168 
0.323270 -0.132317 -0.194002 -0.051794 -8.829879 -9.269784 -18.617110 
0.198042 -0.419410 1.759531 -0.166036 -16.406696 16.176166 2.261761 
1.167561 -0.259596 -0.452588 0.432609 13.868220 0.899725 -6.721578 
2.697368 -0.159419 0.192776 -0.097075 18.457096 -0.171579 17.553841 
0.376011 -0.516633 -0.388559 -0.163468 -22.269208 2.534095 -4.772683 
0.588263 0.113810 -0.219433 0.349105 -9.232337 1.695637 -22.651382 
0.138650 0.407022 0.304565 -0.593612 3.371810 14.841796 11.914007 
0.373816 -0.032975 -0.465784 1.007498 0.732521 10.530974 -3.807457 
0.401930 -0.193834 0.780438 -1.009528 -2.934167 1.891061 -6.312657 
0.263064 0.343915 0.361168 -0.099774 11.761665 -1.333222 5.605208 
0.459762 -0.927705 -0.438909 0.241713 -6.478561 10.195619 16.997351 
0.328088 0.098381 0.658260 0.355163 -10.854753 -0.537221 -3.572620 
0.860282 -1.093960 1.961881 -3.013655 -25.863996 25.757147 -53.513186 
0.273055 0.317705 -0.309523 0.175096 -3.966258 -18.027292 10.931512 
0.396253 -0.913905 -0.696526 -0.059991 -8.751004 7.748269 -3.930890 
0.246288 0.045625 0.247669 -0.331903 -4.024669 14.556538 -2.562713 
0.730294 -0.262840 0.193978 0.299257 -21.004828 -0.109176 5.114519 
0.278430 0.109149 0.766292 0.076902 -9.617832 4.071072 8.090775 
0.151503 0.213134 -0.771943 -0.836976 -3.431028 -2.571700 -19.143829 
0.100432 0.593405 -0.142051 -0.346430 9.006950 14.930491 5.284525 
0.082624 -0.375243 -0.715401 0.513048 -16.261375 12.205468 -2.749715 
0.114711 1.051893 -0.072840 -1.306538 5.613693 -13.256795 -6.475319 
0.192666 0.325097 -0.219107 -0.753257 -16.279030 2.328011 -15.119944 
0.287114 0.553943 -0.876547 0.820018 9.775905 -13.140355 -8.150308 
0.585359 0.573129 0.610784 0.501425 -2.294490 -6.465611 14.942656 
1.376095 -0.017219 -0.363431 0.090253 12.537928 -5.198933 1.436844 
0.431641 0.764263 -0.915366 -0.401393 3.446961 6.781159 -8.628305 
0.136683 -0.475774 0.522088 0.034086 -9.026183 -7.392346 0.097004 
0.323241 0.652238 -0.228002 0.318626 -3.416556 -6.681749 -12.909090 
0.391024 -0.630984 -0.054577 0.322006 -12.634282 8.475075 -11.558194 
0.112116 -0.084908 0.635632 0.328640 4.489920 13.610317 -12.417321 
0.116547 -0.112406 0.758497 -0.364480 3.903583 0.751700 12.725463 
0.952396 0.487528 -0.165134 -0.033680 -14.526866 -13.409541 -4.529123 
0.374161 -0.665230 -0.028822 -0.287543 1.946400 -19.633699 -5.972310 
0.178419 0.339528 -0.057844 0.161568 -13.084441 -1.143977 7.741683 
0.192961 0.314701 0.863404 -0.932961 -5.853633 -3.496964 -15.583954 
0.763069 -0.221653 0.434479 0.426229 3.250248 -1.377622 21.640321 
0.181019 0.320453 0.449068 0.296439 -20.430022 -1.503958 12.491238 
0.393969 1.036231 1.203550 -0.237027 14.121009 25.183314 9.301448 
0.408300 0.502836 -0.012993 0.158116 2.859254 -0.805489 -3.332242 
0.506972 0.555384 0.074914 -0.367823 -4.674432 -16.018038 -14.758411 
0.168852 0.540463 -0.835275 -0.102772 1.263364 0.827070 15.763222 
0.196085 -0.409234 0.280056 -0.020452 12.081442 -11.454615 0.854741 
0.836938 1.096436 -0.741636 -0.009140 1.859995 0.434142 -9.211942 
0.701221 0.304988 0.171214 -0.006476 -5.804006 -19.729221 6.203271 
0.263429 0.065010 0.504246 -0.047287 3.309332 2.486240 2.867231 
0.151360 0.789397 -0.463520 1.438186 -7.006851 -9.502090 12.780360 
0.449375 -0.129192 0.665140 0.112294 6.691099 -6.437265 -4.506171 
0.108928 0.912262 0.496558 0.809003 10.265748 -12.901768 9.264107 
0.090465 -0.656745 -0.222508 0.657680 14.166762 1.406347 -1.666697 
0.531060 0.300423 0.737356 1.741087 -8.541138 12.964716 12.226682 
0.272013 -0.172543 0.713393 0.831905 -20.379291 0.135835 6.816724 
0.127889 0.615992 -0.025370 0.099775 -5.558646 -5.318374 -7.746493 
1.070260 -0.197067 -0.454845 -0.190556 -0.614103 -3.609777 -0.112438 
0.111702 -0.379126 -0.025338 -0.584573 -15.023397 10.542618 11.576146 
0.275275 0.662842 -0.573957 0.277391 15.192105 -1.454228 6.718447 
0.433814 0.238260 -0.042319 -0.230690 -20.412604 -12.694725 0.168717 
0.121123 -0.056790 -0.545686 -0.518292 -9.903287 5.829686 -19.471719 
0.604561 -0.774416 0.840695 -0.223960 -5.062881 7.726952 15.564453 
0.672200 0.757732 0.016633 0.610657 -0.385534 7.997300 19.379325 
0.485099 0.459261 1.696691 0.297966 2.317826 11.257151 9.915818 
0.088968 -1.712311 0.104648 -0.090919 -7.724892 9.647528 -0.840087 
0.372330 -0.058065 0.474737 0.013748 -15.944116 -11.550160 -10.292125 
0.427499 -0.252318 -0.337254 1.459998 11.916878 -11.330704 9.805298 
0.148166 0.638108 -0.660083 -0.547940 -2.996355 -14.445680 -3.211214 
0.205405 -0.173361 -0.907920 -0.810708 1.052464 -12.254712 -2.345491 
0.273438 0.238457 -0.506474 0.163702 17.597525 12.564214 -2.833412 
0.257004 0.609452 -0.176439 -1.194653 5.774341 15.292604 -16.026596 
0.083821 -0.317972 0.512599 0.769259 -9.710461 1.987221 18.261018 
0.673429 -0.376815 -0.287574 1.342308 2.685499 -3.012165 5.897453 
0.093338 -0.009156 -1.216779 0.982109 4.133638 0.357236 3.906827 
0.097693 -0.020796 -0.034825 0.182868 -2.230794 6.236330 25.348163 
0.081727 -0.151005 -0.307459 0.143656 7.709892 5.727912 16.086508 
0.417045 0.408437 -0.033220 -0.236898 9.802189 3.770564 -5.086625 
0.387177 -0.748137 0.052445 0.233710 5.501381 -6.550515 -7.512678 
0.350927 -0.515587 -0.557903 0.510889 -10.222546 9.075900 -6.432108 
0.081891 0.195506 -0.041223 -0.964707 -13.722917 -2.260584 -5.095522 
0.111530 -0.539213 0.420201 0.882597 -8.428159 3.307682 22.684655 
0.729211 -0.265226 -0.124146 -0.169286 9.327735 4.848244 -5.988305 
0.081209 0.645157 0.172762 0.272137 -11.992560 -6.427680 3.635701 
1.066327 0.180565 0.178749 -0.464979 10.371488 10.743533 13.024162 
0.844840 -0.412607 0.026206 0.289329 -11.752691 -3.642400 -1.994929 
0.286414 0.334012 -0.339095 0.696621 -1.988499 3.628162 -10.659696 
0.108220 0.158816 0.593887 1.051347 8.896821 -5.046218 23.945172 
0.106446 0.479640 -0.442288 0.103910 20.763679 1.606115 -5.587366 
1.618982 0.003006 1.798910 0.121774 -12.171517 18.438215 -7.873494 
0.126190 -0.617425 0.034843 -0.225368 -9.723163 -7.384751 -12.176300 
0.666898 0.293089 -0.097445 0.415538 -0.771134 -1.684156 0.349415 
0.355266 0.299574 0.065495 -0.425663 -11.206037 1.368824 12.595823 
0.365762 -1.247145 -3.008110 0.088122 -19.715990 -33.151256 -4.802715 
0.430606 0.574098 0.726087 0.125168 -3.185946 8.133225 0.860397 
0.100431 -0.209088 -0.867287 0.844414 17.194013 -2.389630 4.564730 
0.189647 -0.132114 -0.177631 0.372147 -22.191044 2.728683 3.062211 
0.132254 -0.600895 0.217045 0.272631 -15.074366 -8.952509 12.707793 
0.500139 -0.395816 -0.525667 -1.069875 -16.587991 -0.310109 -11.388625 
0.175237 0.268155 0.735705 -0.393552 -10.447724 14.882069 -11.983059 
0.123696 0.108507 0.706569 -0.025730 -3.960452 -1.293293 10.362450 
0.195281 -0.362286 -0.757360 -0.403946 -5.588918 -1.154508 -19.174394 
0.599939 -0.773147 -0.497228 0.593039 -28.046780 -0.159994 -6.303916 
0.192741 0.027885 -0.225857 0.030656 -10.707358 -10.169515 12.134895 
0.200778 0.970366 0.685108 0.162141 6.564682 -9.842261 -0.310011 
0.177472 0.041288 -1.139855 -0.165538 -3.777452 -4.009178 -17.581940 
0.127855 0.224359 -0.892802 0.537127 3.888402 -14.492181 -3.994938 
0.220526 0.009481 -0.194016 0.307306 -0.863602 -13.817568 17.312943 
0.627642 0.073389 -0.207577 0.427030 13.659334 -9.453452 8.767954 
0.637465 0.078717 -0.267116 -0.050797 -18.139147 12.284875 6.455315 
0.169117 -0.165299 -0.919192 -1.050463 4.820084 -2.196700 1.318441 
0.114784 -0.684702 -0.052480 0.510165 -9.978233 -15.642626 1.212730 
0.135557 -0.070856 0.199344 0.310277 7.791409 20.815735 3.255017 
0.579415 -0.942468 -0.209578 -0.220495 -4.513440 0.130946 17.157518 
0.624848 0.890382 0.857883 -0.479740 19.037862 15.283274 -4.134403 
0.385484 -0.892494 0.901925 0.234002 -13.918016 0.043629 14.420500 
3.082417 -0.467336 -0.152447 0.343836 -12.910035 4.741205 -4.196294 
0.310489 -0.174984 -0.505635 0.190306 4.412562 -6.319505 25.073042 
0.457154 -0.021772 0.106638 0.415597 15.356797 8.363113 -5.194630 
0.279294 -0.419443 0.401429 0.800480 -3.490554 -1.888855 -9.786400 
0.089763 0.303547 -0.249558 -0.000510 6.981927 -8.544372 -20.544069 
1.249225 -0.413356 0.576090 -0.076569 -17.469334 14.069109 7.219547 
0.163561 0.595047 -0.546977 0.192911 9.734607 -11.538316 -5.580908 
1.702665 -0.485417 0.474192 0.731624 2.327204 9.670212 15.175486 
0.087567 -0.064066 1.077407 -0.198394 10.124229 14.257953 -2.924506 
0.192231 0.041541 0.368483 0.135336 11.184518 3.114706 2.983834 
0.122081 0.697638 0.033290 -0.096773 -7.059160 -9.948325 -14.616672 
0.088452 0.109663 -0.781168 0.303685 -0.315505 5.082185 10.991392 
0.470758 -0.803756 -1.751474 0.103328 -4.829923 -10.813351 7.425723 
0.196106 0.114351 -0.050815 -0.115809 5.128231 9.127620 4.571818 
0.163499 0.755553 -1.535576 -1.178831 15.436617 -19.348486 0.345759 
0.080867 0.687755 0.731890 -1.762433 22.679949 17.348708 -14.228280 
0.223604 0.019264 0.173544 0.274466 -26.572017 -2.875567 17.611300 
0.155926 -0.896285 0.250496 0.673525 -16.344514 -9.741825 9.217346 
0.238387 0.340169 0.648969 0.085293 -4.914311 3.797597 -17.840206 
0.106154 0.194362 0.020249 0.003865 2.264725 -11.451329 -21.988997 
0.169911 -0.500735 0.569934 -0.467273 10.502802 -8.182191 -7.043709 
0.113329 0.714895 0.558836 -0.287928 11.072719 8.093704 15.495038 
0.192419 1.150725 -0.863473 -0.138095 7.275581 -23.329370 -8.776488 
0.594225 -0.483309 -0.227760 -0.733258 6.929528 4.060929 5.284940 
0.085164 0.138121 0.106160 -0.449378 -17.852334 -3.545745 -12.377098 
0.117057 -0.005015 -0.206881 -0.272981 -5.128536 21.781571 2.493155 
0.205043 0.069134 -0.258606 0.263010 7.315733 19.310958 -4.715948 
0.234649 -0.340859 -0.512517 0.452123 19.505111 -8.646512 7.572653 
0.487672 -0.018467 0.407930 0.277643 6.687729 15.899083 22.464614 
0.223182 0.447380 0.038816 0.057340 -8.628602 -16.941773 -6.588749 
2.476904 -0.626385 -0.880032 0.025101 -1.589162 1.638332 -16.936470 
0.441734 0.538484 -0.056516 0.096129 16.792264 10.173907 0.708169 
0.230397 0.623653 -0.016502 0.367539 -5.007754 -7.461598 0.673144 
0.689100 1.480363 1.252270 -1.492026 22.510210 8.077646 -10.834571 
0.815528 -1.338014 0.662708 0.057700 -20.786809 -0.084601 10.779104 
0.161492 -0.312192 0.496120 0.219362 13.175432 10.463731 -9.528814 
0.542296 1.933586 -0.385120 -0.521926 12.299058 -8.272165 -0.941312 
0.146522 0.382677 0.529463 0.473651 -13.043309 -6.411944 10.605308 
0.256037 -1.156578 0.306363 -0.501882 -7.460757 -10.470579 -8.311994 
0.887681 -0.811474 -0.609676 1.175708 -1.280209 8.305921 7.374470 
0.101372 0.016463 0.208851 0.489956 3.808974 11.806203 -4.544270 
0.141931 0.617844 0.227793 0.276634 -4.402997 12.214418 0.439653 
0.178446 -1.072065 0.480653 0.398745 -6.646661 8.116635 6.556121 
0.083374 0.321632 -0.271404 -1.009604 3.350469 -1.930104 7.417830 
0.376685 -0.326587 -0.346388 1.313292 2.276521 3.077539 3.450862 
0.585808 0.126752 -1.101304 0.186352 -12.749424 -9.306182 9.377374 
0.102075 -0.095807 0.275583 0.499019 11.896018 22.605710 8.891937 
0.086694 0.681500 0.909421 -0.382581 20.891502 12.716231 3.364125 
0.654455 -0.257153 -0.092597 0.510138 5.004343 -4.686762 -2.988797 
0.442796 0.191922 -0.094430 -0.442935 -19.596148 1.210142 -10.012295 
0.103990 -0.541102 0.851459 -0.284662 -2.845555 7.056741 -5.827681 
0.137893 0.292221 0.137833 0.315036 -20.883603 -15.229641 0.227516 
1.044939 0.615301 -0.182730 -0.299571 12.573950 4.079439 -4.984643 
1.025335 -0.361964 0.011703 -0.060786 7.492859 -4.104762 -18.484720 
0.472835 -0.436608 0.013907 1.100559 -23.144655 4.177272 7.491765 
0.672168 -1.238260 0.926222 -0.171589 -22.775889 5.200755 12.707177 
0.208490 -1.468586 -0.611040 -0.102756 -10.550086 -15.045225 -1.952672 
0.292610 -0.833189 1.266384 0.002215 -6.390954 17.530242 13.563211 
0.111344 -0.155420 -0.331037 0.785587 -2.910660 -4.391067 19.539210 
0.466067 0.109342 -0.414565 0.682162 8.437895 12.531381 6.071976 
0.112109 -0.124271 0.432890 0.034367 -14.193589 -13.953708 -2.618460 
1.021373 -0.108816 0.164394 0.073309 -23.517514 -0.273532 16.650963 
0.247245 -0.692422 -0.553626 0.775121 -25.673210 -3.930685 13.738110 
2.937998 -1.870086 -0.350370 -0.185044 -16.515974 -9.472266 9.486671 
0.112201 0.407751 -0.180734 0.212741 2.398705 -17.365349 -6.195977 
0.941373 -0.231985 0.374509 0.095376 6.755798 9.623959 0.361324 
0.186332 0.627480 -0.352900 -1.011075 9.916441 1.743154 -6.200475 
0.206312 -0.232406 -0.129547 -0.399289 -11.006618 12.462169 -5.387557 
0.087521 0.402863 0.894006 0.723858 -4.497383 -3.398125 -2.399236 
0.337060 0.319427 -0.035178 0.001181 -4.655472 -19.947130 -7.166372 
0.506829 -0.055467 -0.009255 0.810366 14.818027 4.158383 19.004288 
2.506229 0.649152 1.135738 -0.478524 -8.985112 10.861069 1.113922 
0.109658 0.492259 0.251305 0.236380 5.738737 -1.166845 -17.728374 
0.093631 -0.102131 -0.110357 0.139287 -23.952452 13.919283 9.728392 
0.994606 0.530502 -0.169112 0.498541 8.775646 0.962895 2.435231 
0.184780 1.343924 1.742511 0.147590 7.658322 12.526967 -2.195328 
0.113864 -0.041486 -0.299904 -0.182598 1.148452 15.931768 -10.035950 
0.500571 1.074120 -0.861642 -0.915302 23.870012 2.366529 -11.243550 
0.375402 -0.082846 0.067247 0.786201 9.376823 -6.404723 2.699093 
0.121279 0.458766 0.028346 0.624498 7.580037 -1.471803 -16.032800 
0.437171 0.446759 -0.020929 -0.332484 8.080115 0.404353 -14.475578 
0.420529 0.023819 -0.413531 0.244744 10.051864 5.192752 -10.900374 
0.140832 0.270060 -0.302419 0.126854 2.817960 4.525872 15.710894 
0.317286 0.167180 0.389461 0.053555 -0.526856 12.223092 -5.670774 
0.092539 1.222764 -0.043577 -0.836729 4.640952 -7.544680 2.641046 
4.198783 -0.209613 -0.240681 -0.129125 -1.342128 2.159681 -12.527991 
0.435794 0.399037 -0.007021 0.002793 -15.464836 10.243345 12.068168 
0.299195 -0.012983 -0.048756 -0.686203 -7.689361 -15.211308 2.245101 
0.366428 -0.589858 0.487037 -0.521199 -18.422451 -0.273657 11.594601 
0.300202 0.128470 0.301034 -0.003797 -1.516535 12.139348 -12.393545 
0.585186 0.097744 -0.228363 -0.224086 5.961419 5.253162 20.472911 
0.524509 -0.147398 -0.145131 -0.278926 -7.690985 -17.500971 -4.932578 
0.292083 0.124714 1.608236 -0.259448 4.990467 9.077946 11.614978 
0.107699 0.173613 1.350212 0.843710 -4.636512 10.419967 16.912305 
0.744916 -0.595202 1.026027 0.515594 -3.092265 24.736625 6.336279 
0.131940 -0.230409 1.388744 0.084308 -10.735497 15.576980 -0.098911 
0.104491 -0.545283 -0.516029 0.862332 -19.601400 -1.548238 19.924652 
0.504475 -0.236547 0.085407 0.205408 -7.151472 -3.326873 -3.155764 
0.159200 -0.158732 -0.265260 0.230143 -12.899902 3.170140 -13.927427 
0.144224 0.745876 1.785632 -0.813103 -0.094068 19.625671 2.294514 
0.221063 0.387066 0.508021 -0.394513 -15.017918 3.920559 -13.134755 
0.339783 -0.116834 0.006348 -0.626382 -7.549606 -14.404699 5.236468 
2.985742 0.773259 -0.695960 0.352512 17.068094 9.834366 -5.663975 
0.098040 -0.303708 -0.266702 0.126470 7.229740 6.891988 -20.592547 
0.364111 -0.152495 -0.331991 0.303010 -20.025717 -3.073966 -13.960453 
0.144886 0.118685 0.261010 0.498643 18.799434 8.290249 -0.148375 
0.360597 -0.157811 0.115928 0.049131 -9.743463 20.166178 -12.871999 
0.254317 -0.958842 0.556924 -1.119883 -8.449503 -6.121754 -4.571496 
0.555913 -0.197185 -0.585640 0.016499 12.440373 8.622529 -4.354702 
0.416651 -1.619683 0.178317 0.082698 -18.963542 -5.943909 -7.200083 
0.151008 -0.270626 1.322349 1.366341 1.032372 7.518198 6.694342 
0.577563 -0.095548 0.288950 -0.164734 6.000683 10.624929 -18.563440 
0.141965 1.243231 0.492460 1.616850 8.039084 0.258267 24.590865 
0.120024 0.160715 -0.212524 0.250774 -14.662966 5.767195 17.591687 
0.182852 0.409268 -0.716707 0.222540 20.748501 -7.224448 -0.405028 
0.189724 0.268153 -0.085772 -0.294692 1.490079 6.473300 -24.090129 
0.150160 0.375494 -0.544216 0.811589 0.006888 -13.988723 21.691503 
1.373741 -2.319844 -0.643378 1.070471 -23.103854 1.415963 10.129810 
0.283453 0.488365 -0.283641 0.704522 6.194485 -1.385320 -1.974081 
0.170281 -0.744843 -0.412159 0.105059 -3.039567 10.088236 17.128016 
1.505698 -0.824509 0.668901 -0.069423 2.676744 -1.733263 2.739390 
0.360047 -0.779085 0.432906 -0.100807 -16.716839 -1.569491 -10.239426 
0.588861 0.008764 -0.644568 -0.301203 -16.990128 2.976823 5.650498 
0.381565 -0.218392 -0.556654 0.045257 -19.377427 1.311001 10.328676 
0.166121 -0.161988 0.091598 0.018612 -2.831942 -24.723245 -6.557334 
1.652096 0.181450 -0.368605 0.054158 2.166061 12.384171 2.401315 
0.215498 1.514296 -1.573135 0.674800 18.938769 -8.343828 1.955180 
0.524663 -0.276361 0.396295 0.340085 -5.027756 -0.858831 12.324221 
0.489037 -0.131673 0.336341 -0.307299 -23.351138 13.495666 -6.845439 
0.247044 0.006420 -0.043021 0.595049 -12.358571 0.869937 5.929053 
0.408569 -0.721459 -0.188186 0.414060 10.970992 11.689458 2.271895 
0.429966 -0.244042 0.100267 0.249244 -12.921859 -3.954828 -1.301102 
0.205030 1.105426 -0.497448 0.246048 9.655733 -12.620906 -2.668490 
0.104504 0.721863 -0.042171 -0.536547 -4.056901 4.895380 -5.960225 
1.704172 0.534440 -0.860525 -1.119576 -1.085003 1.424807 -10.685963 
0.208973 0.519550 1.042686 -0.884565 4.724808 -0.148192 -5.056828 
4.631110 -1.034936 1.226119 0.416201 -7.876717 4.059675 14.826446 
0.135103 -0.195928 -0.053423 -0.158075 -7.761161 -18.343249 -1.912364 
0.169606 0.335504 0.406269 0.748891 7.917097 18.387354 -3.086751 
0.567692 -0.633632 0.258204 -0.629173 -17.391418 -12.435477 -7.196348 
0.214292 0.225749 -0.234441 0.826835 -5.976056 3.261638 23.946461 
0.450345 -0.195603 -0.302277 -0.583481 -2.839165 13.963983 7.544811 
0.407103 -0.148797 0.289384 -0.267777 -9.303361 2.151954 12.125656 
0.846636 0.132711 0.295575 -0.111721 -2.582622 3.711096 -1.878831 
0.123163 0.816399 -0.467124 -1.628378 4.454776 -10.019300 -12.510133 
0.120648 0.188686 0.732343 -0.322314 -5.623017 3.428067 -15.682970 
0.387333 0.231334 0.810217 -0.115333 -9.368030 10.328263 12.433950 
1.095352 0.149214 0.365856 0.547370 -18.268465 -0.384510 15.128702 
0.212730 -0.015672 0.093376 -0.336526 11.340997 -10.402547 -11.556169 
1.575080 -0.376033 0.904798 0.110065 -0.802936 8.863803 21.727074 
0.102042 0.279054 0.511193 -0.035038 11.208318 4.431184 15.510866 
0.606266 -0.609632 0.137774 0.294972 -0.255667 14.458022 -1.922520 
0.250734 0.542304 0.045529 0.009279 -12.342105 1.558199 -0.057691 
0.184902 -0.158025 -0.659880 -0.019141 -10.409416 15.915311 2.690088 
0.348863 -1.090637 0.453056 0.343061 -0.479894 19.044794 -5.794376 
0.127948 0.663807 -0.380543 0.499337 -1.201970 -14.853916 9.727741 
0.127545 1.018128 -0.145624 1.358680 3.608902 10.596717 20.685267 
0.089378 0.512890 0.942179 0.628983 10.711409 -2.133110 3.915013 
0.220514 -0.456624 0.461317 0.605685 20.041501 6.058554 6.269856 
0.195396 0.820206 -0.155977 0.336882 -2.991017 -15.032563 -8.798195 
4.245083 -0.581065 -0.665867 0.475127 -15.031624 -2.834237 0.969981 
0.095817 -0.194389 0.319407 0.275874 -10.520200 1.747747 -11.709266 
0.569763 0.038220 0.263533 0.019082 -23.782317 8.718166 8.192925 
1.098164 0.181285 -0.303854 0.348653 -7.955570 11.283057 -0.906093 
0.538990 -0.296807 0.326018 -0.253566 12.516782 9.440136 11.999111 
1.288776 -0.623524 0.177964 0.288945 -23.622660 -1.545898 0.561809 
0.193816 0.053601 0.078278 0.524360 5.492009 10.372630 -10.434281 
0.378483 0.721820 0.855411 -0.148710 -10.649458 8.337546 4.636516 
0.130333 -0.870401 0.249154 0.157185 4.477307 19.723299 2.406237 
0.235233 -0.176275 0.598913 -0.104155 4.770729 -7.376293 -18.934309 
0.474050 0.309090 0.135124 -0.144151 -4.312072 7.202912 -15.798841 
0.170650 0.125490 0.167336 -0.069529 6.667142 -19.150887 8.256792 
0.551803 -1.197062 -0.197536 -0.105472 -3.159222 -6.637356 6.661866 
0.131497 -0.208426 0.440781 0.335424 13.341570 10.102739 -3.162734 
0.367063 -0.469570 0.589939 -0.303947 -19.020950 -7.240010 -5.977712 
0.237052 0.048007 -0.312771 -0.270196 6.040733 -12.291697 -6.405550 
0.979329 -0.339553 -0.050202 0.696669 14.671979 -3.859649 1.673941 
0.113309 0.296275 -0.212754 0.070853 18.730744 17.577761 -1.140683 
0.202812 0.450764 0.366814 -1.191523 18.411397 5.030533 -0.176080 
0.145792 -0.056573 0.310345 -0.023811 10.614481 23.345825 -2.972015 
0.206856 0.265291 -1.653728 -0.918526 -7.674583 -24.189672 -12.997101 
0.534870 -0.585134 -0.200272 0.416323 -6.613319 15.143271 -15.987455 
0.091732 -0.729187 0.583059 0.447107 -16.514192 -9.663202 13.498525 
0.094435 0.066358 -0.386276 0.970608 -5.904111 10.316613 7.480763 
0.106821 0.193277 -0.251600 -0.003315 0.422014 2.561648 -11.880753 
0.443043 0.191918 0.040081 -0.672910 14.774996 9.277728 -3.253019 
0.087582 0.124390 -0.530970 -0.513891 -13.118120 0.609211 -7.065935 
0.159466 -0.847786 0.300179 0.085504 -1.636138 -9.582447 9.317886 
0.829727 0.248696 -0.232138 -0.126773 -3.156777 7.021051 -20.156245 
0.093662 -0.617560 0.854490 0.679711 -1.358832 -1.912752 16.354824 
1.055006 -0.589982 0.575979 -0.772336 -10.931591 2.380793 2.389942 
0.290595 0.547960 -0.517642 0.229846 -0.112762 7.786459 20.644346 
0.226020 0.088895 -1.339373 2.347576 11.437880 -13.838293 23.734238 
0.258652 -0.383294 0.280857 0.092527 -3.737380 12.637185 0.498540 
0.504080 0.406670 -0.170584 -0.382524 5.260190 -6.962841 11.845797 
0.133644 -0.061308 0.253109 -1.495083 -10.368685 -12.311173 -21.128336 
0.102367 0.132363 0.274656 0.434603 -13.881629 -3.970904 -0.963070 
0.102733 0.175837 0.377864 -0.070752 19.806353 5.286316 12.555195 
0.406103 0.040776 0.184957 0.596666 -0.408511 -9.740240 -15.467182 
0.170184 -0.668110 -0.939248 -0.654617 -1.567500 4.963319 -12.615804 
0.080956 0.730699 0.922822 -0.189072 6.184505 22.422340 -10.571041 
0.171393 -0.368880 1.020495 0.604864 -6.222074 9.749319 -5.062600 
0.103884 -0.467806 -0.150940 0.221478 -14.694721 0.826331 -7.972831 
0.287723 0.048051 -0.193516 0.503063 8.771252 2.552791 3.627212 
0.707610 -0.223805 -0.136328 0.988373 -3.618159 3.750822 15.590943 
0.161798 0.174467 0.286853 -0.114987 -8.045059 -14.216348 14.911419 
0.495528 -1.137442 1.868243 0.583526 -9.608443 11.173858 2.154356 
0.081729 0.910210 0.189945 0.133076 3.044158 10.013468 17.562498 
0.498673 -0.123748 -0.380934 0.588226 13.630843 -2.134628 -7.860091 
0.189760 -0.703795 0.259892 -0.122892 -2.194695 2.700448 14.690139 
0.174582 1.217792 0.455330 0.216500 5.364271 1.371110 12.096380 
1.913197 0.111902 0.419806 0.125588 -9.310955 28.013963 -0.538230 
0.156957 -0.297137 0.267630 0.169139 -10.403237 22.336944 -13.293437 
0.318637 0.417364 0.787397 0.204710 4.870096 -3.495795 -8.319706 
0.384886 -0.635484 -0.616292 0.383244 -5.444258 13.203020 -4.022581 
0.094543 -1.176096 0.182193 -1.246223 -0.124415 11.176822 -15.045632 
0.093801 0.693021 -0.310188 0.634694 4.097819 -10.146503 -12.215286 
0.259589 -0.007048 0.341009 0.251833 6.409084 17.966233 19.649152 
0.331382 -0.168713 0.184337 0.109297 2.733119 -5.614318 -4.226978 
0.597086 -1.080071 0.258110 -0.208378 -13.373439 20.284081 -7.363068 
0.244466 -0.129693 -0.185164 0.435120 -10.036329 3.067825 5.504785 
0.409757 0.268351 -0.539439 0.738129 -11.204650 5.461573 18.886170 
0.703460 -0.894280 0.724510 0.319607 6.705247 5.467671 13.267827 
0.129081 0.360769 0.071435 0.082587 6.534124 6.993707 12.413875 
0.592856 0.463954 -0.444099 0.432168 12.182603 17.265333 8.545181 
0.598064 0.221555 0.352079 0.310030 -6.145529 0.856272 28.951219 
0.315326 -0.119646 0.369676 0.420171 -20.130215 14.963536 15.705481 
0.830552 0.356280 -0.267536 -0.039131 -9.894508 11.812298 -13.665765 
0.107798 -0.470790 0.517197 0.815302 -4.920140 13.756981 5.786811 
1.282747 -0.339372 -0.562133 -0.008589 8.674486 -12.513931 -17.682718 
0.179704 0.191358 -0.441187 -0.252809 -8.304605 -4.159000 19.246160 
0.226650 0.474236 -0.217386 0.270870 -1.078474 -16.669442 7.320845 
0.213577 -0.187462 0.206122 0.314139 8.369632 26.769798 3.522775 
0.360054 0.123291 0.155119 0.324043 -14.698786 -9.106369 -9.238834 
0.590465 -0.023865 -0.274282 0.026758 17.426233 10.596769 6.327517 
0.323997 -0.152186 1.036460 -1.332732 -3.676009 23.452359 -6.815777 
0.080856 0.028295 -1.053305 1.006700 12.462927 0.012284 5.737011 
0.143920 0.167983 1.529221 -0.124235 1.550084 5.301547 2.885942 
0.128165 0.974562 -0.067493 0.100902 6.198712 10.327369 7.718665 
0.371144 -0.328875 0.953585 0.080655 3.980121 2.710887 -11.059466 
0.145470 -1.041677 0.655752 -0.600303 3.581336 2.855451 -13.841840 
0.092657 -0.150473 -0.193316 -0.063434 -4.342671 27.197736 -6.623846 
0.587126 0.680968 -0.177336 -1.455802 19.373823 -13.005787 -8.231383 
0.235289 0.223028 0.001784 0.411497 -8.505242 10.448950 6.842896 
0.569180 0.533148 -0.724258 0.192064 -11.050170 -5.479058 -7.610775 
0.093590 -0.296263 -0.001950 0.831984 -9.745267 5.026579 6.183761 
0.249342 -0.216322 -0.574318 -0.721559 2.577247 -3.364947 6.694770 
0.543855 0.977910 0.006224 -0.318409 19.120126 -8.898474 2.759711 
0.236315 0.989435 1.028393 -1.438535 16.840575 26.777430 -9.937189 
0.136931 -0.371558 0.775440 -0.299770 8.334084 -11.139816 -7.904850 
0.109437 0.023136 -0.561088 0.616787 -15.301557 -10.179333 -8.603886 
0.915698 -0.064583 0.505420 0.511227 17.393240 2.666321 -9.451355 
0.125769 -0.272150 0.060454 -0.039000 -4.735400 -15.410836 -8.783517 
0.182221 0.665300 -0.073954 0.163711 -8.036635 -11.698518 1.438581 
0.624303 -0.678615 -0.756963 -0.378079 -10.195785 4.718302 2.130045 
0.123119 -0.310847 0.028843 0.208590 -21.650668 2.327019 6.887952 
0.093277 -0.104773 0.432017 -0.071147 17.418467 -3.548181 7.683623 
0.126609 -0.902624 -0.788114 0.386453 3.002185 -1.467398 14.543952 
0.342755 0.171891 0.359908 0.165381 -11.331695 31.326955 5.084890 
0.887808 0.892502 -1.339098 0.138313 6.306899 -5.702980 2.845178 
0.718573 -0.931579 -0.259094 -0.535934 2.353376 -6.078793 -8.569434 
0.789225 -0.102098 0.472620 0.332286 -0.385831 16.530707 -8.731013 
0.126531 0.623917 -0.047574 0.306649 1.881698 8.610272 11.435021 
0.685572 -0.087930 -0.233979 0.227501 8.222848 10.411085 1.307582 
0.342997 1.146752 -0.357712 -0.084512 -3.954979 0.012399 -4.381449 
1.141486 0.693927 0.271701 0.805475 -3.087196 10.126609 -2.237123 
0.181571 -0.417192 0.215174 -0.095079 -6.097853 1.115427 21.711446 
0.271737 -0.286608 0.173530 0.039715 -5.240115 -5.742406 20.553941 
2.465276 0.171334 0.335046 0.284980 -16.125423 -0.846417 0.421288 
0.132761 -0.708217 -0.207179 -0.511986 10.231552 5.374967 -5.501426 
0.088416 0.816095 -0.144966 -0.148525 -8.066497 -1.168729 9.165881 
0.089291 -0.112664 0.335045 -0.284641 2.303061 5.144348 -5.128507 
0.263350 0.350729 0.292240 0.422029 -2.892225 -6.708260 -14.234019 
0.423754 0.299135 -0.598223 0.416975 11.700300 9.113965 18.784068 
0.178200 -1.824810 -0.688949 -0.036360 -11.010469 0.066504 -0.479862 
0.269147 -0.045423 -1.081074 0.090937 -15.156031 0.935289 -5.514834 
1.218772 -0.954454 0.313338 -0.192390 -0.158419 -13.081998 7.506255 
0.195759 0.513741 -0.696394 1.012334 -0.291617 -15.176956 4.899038 
0.310560 -0.157475 0.263954 0.420717 14.167482 4.869734 10.411948 
0.132928 -0.098900 0.288509 -0.190320 -1.902105 10.186663 -13.338323 
0.130606 -0.440267 0.805114 0.692708 3.995384 -4.443810 -6.174130 
0.180981 0.633581 1.325995 1.058533 5.648960 25.696466 20.662336 
8.040799 0.162554 -0.058817 0.085366 1.266129 -13.202482 -1.546818 
0.080873 0.510922 0.376612 0.409478 -14.630607 9.364264 1.861862 
0.337684 0.019247 0.687075 1.391375 6.646855 -3.662913 12.923205 
0.727006 -1.005069 0.877434 0.175223 -16.633450 3.596404 10.193176 
0.130102 -0.155516 0.595650 0.008629 -6.505651 -9.787359 11.531591 
0.107057 -0.318918 -0.774430 0.211025 -2.351646 1.446148 22.406605 
1.352041 -0.274015 0.188501 0.236960 -2.971706 -0.084170 -22.367581 
0.108970 -0.417991 -0.140005 0.643755 -17.032465 2.664035 -10.188277 
0.148499 1.343112 0.744870 -0.945683 7.745516 -0.787856 -7.637870 
0.263983 0.154738 -0.455693 0.090732 7.104894 -10.728438 -4.006396 
0.240265 -0.443505 0.251190 -0.048115 -4.569212 26.186809 5.015328 
0.217954 0.001511 0.372053 0.314857 5.487907 -6.144888 -6.069909 
0.444167 -0.164201 0.581496 0.452971 8.743131 -11.606551 -6.273396 
2.752555 0.142931 0.344943 -1.080641 -2.676910 10.998909 -12.675558 
0.266546 0.406342 0.145608 -0.732265 8.091029 -3.462735 -6.710245 
0.104305 -1.432949 0.401210 0.082547 0.060769 5.065537 8.089456 
0.144490 0.995721 0.643990 -0.178191 4.619760 12.142334 -15.979697 
0.094619 0.078372 -0.022310 0.732158 -3.882601 -4.032858 0.583927 
0.144851 -0.345519 0.565039 0.888692 14.607901 2.125955 11.117639 
0.132290 -0.037023 -0.310100 1.008913 -12.681915 10.903870 12.192980 
0.524424 -0.097973 -0.448221 -0.566914 3.584340 -2.758120 6.760323 
2.804970 1.135968 0.345816 0.028313 19.351198 4.036855 5.748825 
0.151725 0.485199 0.084194 0.487664 -7.919497 6.559352 -0.687215 
0.691052 -0.557423 0.208980 0.219733 -15.828139 -19.851993 -4.102795 
0.123125 -1.470750 -1.141290 -0.716860 -16.371598 -3.834527 -7.520232 
0.095501 -0.071819 -0.148307 0.239677 11.693685 11.837503 9.786949 
0.082472 -0.207547 -0.182739 0.649721 1.700015 -1.485471 8.428974 
0.088000 -0.349767 -0.035107 0.419320 13.151549 1.797288 19.959290 
0.106567 -0.100946 -0.026272 0.209051 -20.963279 8.969567 -0.163283 
0.083960 -0.165302 -0.424047 0.583961 -11.471764 -9.394110 19.816959 
0.444394 -0.194347 0.059178 -0.081904 1.323262 16.387391 19.742046 
2.968598 -0.464548 0.248999 0.001169 0.935617 -6.756936 -16.467125 
0.118415 -0.978299 0.175486 0.414576 -3.633675 -2.320617 -14.558179 
0.123056 -0.331947 -0.463440 0.335108 -3.356260 3.534712 19.452336 
0.111967 -0.526530 0.011760 -0.087166 -10.468361 16.547075 -5.346210 
0.095336 -0.248493 0.146331 0.015869 -7.989364 -7.940954 -8.937217 
0.085245 -0.310266 0.125855 0.671458 -12.189136 -5.683487 -8.414950 
0.219520 -0.746390 -0.427874 0.611229 -16.549145 -2.474751 -6.214518 
0.269315 -0.634930 -1.230287 1.067870 -5.030027 -3.530038 8.572522 
0.084729 -0.223910 0.063560 0.038591 8.391188 -13.613629 18.531236 
0.193296 0.117168 -0.887544 0.349647 5.330629 8.716493 15.356617 
3.042533 -0.363829 -0.160124 -0.744716 -0.137309 -17.505006 -0.527750 
1.417540 1.174994 1.379266 -0.462674 10.053310 7.558137 2.657539 
0.348250 -0.502958 0.278427 -0.217098 3.756962 -4.141613 9.301173 
0.189420 -0.310633 -0.100551 0.292145 18.684951 4.480979 18.460536 
0.222484 0.007823 -0.377119 0.477929 7.659112 -0.550623 -2.951023 
0.319069 -0.421467 0.101238 -0.813291 9.331953 6.800370 -1.570333 
0.092091 -0.584212 -0.234609 0.682026 6.440034 -5.324584 5.521173 
0.486369 0.651716 -0.167463 -0.203332 9.053630 -15.914769 -0.680395 
0.293964 -0.011977 0.091371 0.215801 11.668860 21.868779 -7.754065 
0.150389 -0.066196 -0.225494 -0.100978 -15.927651 19.109722 -1.961743 
0.098254 0.120827 0.091961 -0.343802 -17.257178 0.564683 6.434573 
0.129777 -0.110951 -0.156732 0.393576 5.247551 0.354466 11.052423 
0.089968 0.701757 0.556451 0.548669 2.294271 10.244198 -12.835400 
0.178187 -0.034429 -0.008584 -0.228360 17.559971 0.310894 -10.281466 
0.446547 -0.540719 -0.168010 0.100360 -7.946071 10.014710 0.131094 
2.596189 -1.213741 -1.150307 -0.691298 -16.926719 -12.929750 1.414277 
0.941679 -0.184806 0.298598 -0.399564 1.952512 11.016952 1.116971 
0.357477 -0.307072 0.678727 -0.128679 -12.542048 -9.697337 8.995039 
0.233141 0.889419 -0.160413 0.351014 28.171130 11.523913 -11.602578 
0.109886 -0.828417 0.243288 -0.277368 3.576358 -4.423899 -2.388131 
0.103385 -0.176094 0.590887 -0.090204 14.983166 9.417548 16.143959 
0.307529 -1.010034 -0.587921 -1.597928 -5.277126 -11.528095 -7.560282 
0.224214 -0.839086 0.583640 -1.307018 0.522043 -6.292034 -20.345521 
0.688471 0.532079 -0.526139 0.067584 1.042298 6.967945 -8.030955 
0.121886 0.098779 -0.397489 -0.454694 9.267744 -15.970133 8.114560 
2.036878 1.630473 -1.034962 -0.084822 8.025509 -8.256373 -6.948739 
0.108772 -0.331249 0.499454 0.608808 0.919065 22.007031 5.720488 
0.087214 -1.003608 -1.169896 -1.065403 -2.522158 -13.434357 -2.032076 
1.095005 0.032146 0.462558 0.397259 1.713192 -2.637101 -12.729191 
0.462444 -0.079683 0.071383 0.285207 8.457096 -6.772173 -24.071496 
1.195467 -0.073249 -0.587390 0.147005 -0.176683 13.945458 3.467287 
0.124532 -0.592960 -0.380064 0.272240 15.300463 2.438467 -0.899955 
0.239527 0.267053 0.043781 -0.232625 -12.783760 -11.290014 14.362045 
0.513647 0.101874 0.673817 0.665908 3.671363 -1.047749 4.877113 
2.322161 -0.207398 -0.441877 -0.994101 11.504351 4.576850 -7.174701 
1.749945 -0.294579 0.636281 -0.099588 2.482018 -10.440105 3.261465 
6.427225 -0.461263 -0.343736 0.447656 -2.644404 16.116577 -5.826057 
0.187473 -0.024166 -0.110874 -0.506714 -9.109493 -6.702709 9.848715 
0.080411 -1.142549 0.881321 0.719372 -2.945337 10.589776 10.268098 
0.084886 -0.418827 -0.037963 0.161381 -16.844119 -7.142288 -3.800959 
0.210734 -0.358711 0.611768 0.107165 4.523982 -7.270900 -12.806620 
1.039799 0.453776 -0.024867 0.209960 7.456870 8.200581 22.299237 
0.589256 -0.056844 -0.266891 0.412327 13.699497 -2.289514 8.170936 
0.193774 -0.180710 1.035869 -0.207273 -15.902240 -0.818872 11.043602 
0.204408 -0.436807 0.126490 -0.374699 14.870141 -4.250660 -5.361357 
0.203976 -0.621356 0.337990 0.643300 -20.894826 3.012301 -9.858459 
0.100379 -0.025885 -0.268370 -0.013436 -2.397676 -9.851610 2.420131 
0.224716 0.363549 -0.449673 0.986988 -4.128401 7.599840 15.440557 
0.736908 0.352441 0.707607 0.257556 -0.568770 21.760016 -1.966139 
0.183623 0.748189 0.393950 -0.975690 6.975335 0.886392 0.160501 
5.763363 -0.627755 -0.881199 -0.223153 -0.638323 -5.147574 0.738466 
0.155563 -0.165639 -0.167200 -0.020553 17.232424 10.956355 16.004016 
0.205052 -0.206514 0.832101 0.063335 -20.342288 2.575695 13.548932 
0.256881 -0.314209 -0.531392 -0.494576 -5.665713 -13.209123 15.346217 
0.383592 0.087290 -0.421267 0.702262 1.518547 -15.550756 -14.216573 
0.115189 -0.626576 0.972563 -0.633206 -12.706942 13.778081 12.279296 
0.144188 0.053510 -0.203958 0.442088 -20.608877 5.568768 2.547119 
0.208231 -0.447620 0.422069 0.465415 -10.093291 1.482425 25.274147 
0.523071 -0.861190 0.033281 -0.406544 2.802019 -8.429783 10.368082 
0.460238 -0.272705 -0.068467 1.479947 12.859973 0.217274 6.950636 
0.500482 0.360715 0.451320 -0.673584 -6.299849 11.786676 3.109839 
0.190881 0.194443 0.591037 1.157884 19.530878 0.401022 11.439717 
0.095002 0.438342 0.357615 0.588941 1.398315 -11.764684 5.731571 
0.282526 0.687726 -0.037676 -0.095707 -6.945182 -3.156523 14.393768 
7.200905 -0.240719 0.127486 1.010814 -16.367441 6.511785 6.234952 
0.639887 -0.665109 0.547433 0.402543 -12.838275 -1.986546 -14.628615 
0.088337 0.103369 -0.245440 0.203848 0.449613 -9.166058 0.240677 
3.427020 0.437153 -0.311697 0.671274 1.632735 2.146793 7.568655 
0.286232 -0.184690 -0.323401 -0.050143 -12.263551 -12.762933 14.796855 
0.111446 -0.204523 0.445873 0.838302 -11.495748 11.042603 7.488396 
0.194955 0.209087 0.189716 0.044788 -16.469767 9.708026 9.846369 
0.190041 -0.636990 0.089153 0.215955 -13.273043 4.283593 -13.382745 
0.170109 -0.345339 0.425389 0.510929 -3.664026 -7.305812 13.481055 
0.162386 -0.128525 -0.063606 0.428235 -20.341633 14.812654 -6.691643 
1.166044 0.850208 -0.251622 1.192362 7.623203 12.985678 18.805581 
0.584740 1.382494 0.211936 0.401868 1.695245 -2.430430 1.738042 
0.396613 -0.011415 -1.340214 -0.575457 -9.466213 -2.059331 -9.468324 
2.418064 -0.297591 0.288190 0.056714 -11.252226 6.664820 -3.310826 
1.010429 -0.486884 0.260417 0.206030 20.023131 -9.539073 0.296707 
2.532142 -1.395778 0.173765 -0.008860 -0.507271 -7.109432 -0.422528 
0.107929 0.388032 0.942062 0.694281 3.188619 -6.186899 1.726411 
0.167175 -0.659441 -0.032406 -0.855989 1.399705 -0.818469 0.636589 
0.254952 1.213435 -0.864929 -0.378111 9.080474 2.850680 -9.826469 
0.429694 0.140632 0.000303 0.716883 16.826646 14.649786 6.655664 
0.496826 -0.298134 -0.247821 -0.314405 10.867835 -0.707015 16.495397 
0.121547 0.580461 -1.051766 0.333563 2.074294 -26.145683 -4.317691 
0.215928 -0.148958 0.360327 0.351966 -2.859122 27.933983 -4.986995 
0.270339 -0.175727 0.807572 0.529749 -8.706203 -11.924130 -5.270556 
0.080083 -0.521322 0.266728 0.654552 13.121739 -0.208777 10.934996 
0.272801 0.688217 -0.406174 0.068429 1.141379 5.102040 5.517064 
0.248941 -0.516941 -0.460111 0.717389 15.042630 -4.878081 -1.290841 
0.198171 0.010214 -0.489614 0.105929 -3.444614 -8.753687 -10.128812 
0.125940 -0.002489 0.220833 0.240097 -5.417698 27.022570 0.488682 
0.397489 0.280992 -0.331524 0.681376 8.888184 -0.256936 6.994509 
0.109822 0.985584 0.247986 0.147453 21.031236 -0.216008 -9.472844 
1.950578 -0.498948 0.530832 -0.189871 -1.935538 -10.705557 10.620429 
0.085723 -0.175956 0.159653 0.153027 -1.197054 14.988438 21.354613 
0.261677 0.218662 0.312369 -0.035042 6.904721 8.119043 14.853613 
0.410668 -0.448094 1.068318 0.572479 7.692149 -1.415869 10.868654 
0.278253 0.196444 -0.435515 0.343211 10.765589 3.524333 15.757756 
0.362834 -0.395614 -0.032743 0.325872 -16.115602 20.906294 3.966701 
0.191416 2.200308 -0.005179 -0.098431 29.201915 12.067838 -4.443179 
0.204516 0.614493 -0.524279 -0.899876 9.161967 -0.304504 0.323707 
0.119244 0.168304 1.016721 0.354335 -3.551797 -7.665575 9.333224 
0.394798 -0.289585 0.062249 -0.525071 7.312956 -8.526278 6.197122 
0.108074 0.022275 0.289787 -0.287177 -0.900990 17.713666 -15.979601 
1.687457 1.049200 1.977109 -0.049179 14.164379 16.404742 6.639718 
0.142585 -0.267630 -0.577057 -0.244048 3.980166 11.283185 -4.424339 
0.999592 -0.073671 0.343957 -0.330397 -13.843738 15.326152 -7.654394 
0.835224 1.192590 -0.393732 -0.117916 9.138599 14.113916 0.465136 
0.133760 -0.810625 -0.737590 -0.134217 -12.974439 -4.623881 9.376480 
2.914902 0.552374 -0.289131 0.080394 15.971101 -13.137646 -0.913313 
0.289537 -0.339601 -0.478532 0.266668 -16.498994 -9.135490 -4.436697 
0.111589 -0.045754 0.223714 0.393990 9.026889 0.015564 1.250853 
0.666435 -0.008825 0.432656 0.084763 7.356188 16.022889 10.362438 
0.118124 -0.282208 -0.422841 0.287513 6.873920 2.208884 11.034722 
0.082017 -0.246223 0.083929 0.523901 -13.673885 18.641167 -0.275019 
0.384643 -0.543092 -0.372471 -0.002524 12.891023 -2.022388 -7.787420 
0.170390 -0.266716 0.425393 0.613040 -17.623685 4.836305 11.566121 
0.164634 -0.345887 0.266911 -0.022085 -3.329900 -13.025859 16.769509 
0.710018 -0.770049 0.972231 0.472877 -3.369385 11.244084 7.980298 
0.490174 0.058441 -0.240005 0.133997 -8.839003 0.818663 -19.409372 
0.209872 -0.287192 -0.202492 1.019363 -5.331183 13.830348 6.738908 
0.191407 -1.470272 -0.877391 -0.868609 -5.349403 -1.569034 -14.299370 
0.086220 0.726079 0.017907 0.033623 15.466776 -2.177014 12.966875 
0.253249 0.287736 -0.191793 0.080364 -5.774365 22.698289 6.349035 
0.443660 0.325824 0.287745 -0.099420 -0.510897 10.700357 4.795923 
1.478874 0.639835 0.710142 0.394181 -5.388148 8.656311 3.633534 
0.997008 0.309349 0.260235 0.180780 -19.687571 -13.709734 -1.389997 
0.119733 -0.673984 0.717064 -0.988754 2.853236 -3.433554 -7.846518 
0.155712 -0.939107 -0.422439 0.634004 1.290073 7.193471 0.181045 
0.248140 0.839879 -0.066834 -0.059750 17.436479 7.096874 3.315750 
0.211986 -0.520245 -0.674465 1.833264 -8.117879 -11.400574 9.826647 
3.164370 0.280961 0.210176 -0.425849 3.556069 13.187706 14.857517 
7.811175 -0.173888 0.722188 -0.277113 5.682802 -10.928808 -0.155237 
0.119711 -0.487147 0.045396 0.383393 10.155285 -1.467950 19.130346 
0.081905 -0.263340 1.580221 0.443280 -0.008930 7.337970 1.367326 
0.128974 -0.147438 0.322023 0.376076 -11.298352 -19.615524 9.734781 
0.098410 -0.254909 -0.035365 -0.076436 -15.016031 2.769894 -9.061446 
0.208666 -0.745489 -0.178866 0.360715 1.639964 6.745714 22.962802 
0.338702 -0.343564 -0.647109 0.133576 8.413573 -14.795878 17.227759 
0.270406 -0.602332 -0.461909 -0.524717 8.555254 -2.211947 -10.793094 
0.261780 -0.310603 0.381758 -0.494880 9.330784 -4.304820 10.378891 
0.198271 0.099430 -0.237670 0.251657 7.575326 16.227587 -6.991098 
0.547947 -0.268762 -0.190567 0.115402 17.676945 9.676472 15.965083 
0.084496 -0.266287 1.224077 0.158904 -5.962412 -2.730250 11.656764 
0.547853 0.209148 -0.165874 0.248679 8.273902 -15.651577 4.607425 
0.124445 0.307518 -0.259911 0.261187 -6.654157 17.616819 10.089031 
0.573077 -0.216953 0.289666 -0.292474 6.588028 2.494344 -8.398457 
0.415176 0.026202 -0.245300 -0.394833 8.236279 -16.812056 -1.419822 
0.878922 0.159401 0.507920 -0.677381 -7.660636 -13.359079 -9.094177 
0.094683 -0.353659 0.956265 -1.232863 -1.553728 -2.760659 -7.197505 
3.025229 -0.942588 1.244853 0.059068 4.102750 12.982136 -6.778944 
0.102725 -0.323581 0.120748 -0.445923 -15.844688 -17.793904 4.520054 
1.385436 -1.518775 -0.057758 0.264633 -13.819731 12.488462 7.048464 
0.188343 0.617123 -0.306444 -0.012399 14.968611 -7.254264 14.190497 
0.308804 -0.098277 0.618972 0.438466 14.986612 7.482891 -11.455935 
0.266901 0.600067 1.043029 0.234066 20.199864 4.559647 3.904591 
0.352073 0.432619 -0.169754 -1.059067 -8.896169 -3.452064 -0.032360 
0.588656 0.364149 -0.636264 -1.075679 13.392751 -4.772411 -8.599852 
0.105091 -0.386103 -0.111851 0.248209 -0.774225 12.207313 -3.327576 
0.147682 0.600284 0.073835 -0.765263 13.006263 -8.013535 6.464408 
0.179358 0.213012 -0.054154 -0.181548 -18.254827 14.438829 -3.296198 
0.522896 0.398322 -0.268676 0.123329 1.810994 -16.451020 -2.676071 
0.141510 0.535056 -0.330930 -0.383463 10.640056 -6.951650 -1.641888 
0.105633 -0.295215 0.155148 -0.374059 -0.793385 -4.517942 6.133232 
1.115389 0.204208 -0.207974 -0.342025 4.833650 -6.683563 10.795280 
0.100224 1.666381 -0.945230 0.184505 11.210738 -11.287916 -8.305999 
3.043771 1.049104 -0.254401 -1.588620 10.722965 -2.889222 -8.031521 
1.677124 0.177128 -0.813108 0.629511 5.121683 -0.205308 -7.250932 
0.154714 -1.617723 -0.489585 -0.214586 -4.692595 -5.507520 -5.524441 
0.509531 0.411103 0.105123 0.376401 6.935015 7.967849 0.479009 
0.118595 0.773025 -0.428695 0.656702 -1.136265 5.878587 -0.379580 
0.192470 0.714428 -0.106175 0.297681 11.499608 -4.818568 7.170209 
0.156661 -0.028832 -0.810773 1.074285 2.479281 6.881483 13.410533 
0.269171 0.334784 0.167968 0.038767 -8.252107 2.482602 -15.852522 
0.275015 -0.055492 0.215151 0.402803 -25.073441 12.072135 -2.114928 
0.133107 -0.168709 0.140336 -0.054583 -11.539487 11.515280 24.097231 
0.116244 0.479727 -0.578510 0.291077 -1.156540 -11.235788 1.007668 
0.262815 -0.198252 -0.414095 0.667179 -9.408975 -16.626413 -2.607154 
0.152197 0.031701 0.179312 -0.771664 -20.988626 5.092069 -11.832902 
0.591538 0.592547 -0.837549 -0.612422 -0.735990 -9.680215 -20.867303 
0.273814 -0.567052 -0.475896 -0.050235 8.212802 6.856668 3.887331 
1.296377 -0.025165 0.504715 0.369615 -7.871834 23.508284 8.294935 
0.625099 -0.043901 -0.439931 0.028631 3.412639 -0.892791 24.184402 
0.953431 -1.129113 -0.479420 0.737413 -10.604545 -5.065166 17.201878 
1.362864 -0.534187 0.350915 0.161185 10.395343 3.751028 -7.090064 
0.388981 -0.131511 0.276617 0.254052 -21.282477 -0.356811 16.917611 
0.178332 1.095492 -0.516988 -0.271518 24.446588 3.667544 5.883143 
0.372184 -0.673427 -0.318370 0.698398 -0.099419 -9.410238 -4.334264 
1.884918 -0.881625 0.138823 -0.190024 -18.300345 -0.995152 5.689720 
0.093160 -1.005457 -0.462282 -0.645551 -0.280126 -5.049711 -0.514522 
0.093696 0.234686 -0.702414 0.202102 6.450593 -1.045315 5.548027 
0.080850 1.494744 -0.804283 0.892660 6.666439 -16.580782 11.754388 
0.277717 -0.131067 -1.826136 0.734676 0.963035 -8.519145 15.301251 
0.330199 -0.454480 0.406477 0.554912 -1.915429 15.237929 2.007027 
1.020862 0.202568 0.532087 0.150222 16.118936 -7.708890 -0.944498 
0.554068 -0.351808 0.209120 0.421752 -16.030937 1.710441 2.713969 
0.410517 0.801058 -0.145142 0.386725 -8.059360 -1.305039 13.270011 
2.241100 -0.742027 0.024160 0.518433 -21.072370 10.114946 -3.383766 
0.769947 -0.517500 -0.397747 0.295058 1.114080 -2.957317 -19.750471 
0.085466 0.302955 0.006037 0.022560 -15.822068 -19.286530 -12.965742 
0.645582 -0.180579 0.356353 0.250458 -7.353678 3.407925 -21.658668 
0.291207 0.960547 0.105336 -0.352534 20.394562 -1.201852 -8.123268 
0.780826 1.029764 1.011438 0.169399 -3.294424 18.266977 5.655760 
0.178041 -0.265619 0.227868 0.407807 2.474187 6.127467 15.655518 
0.111657 0.697621 0.049681 0.304498 -3.886606 11.301980 10.349091 
0.141933 -0.439870 0.155252 0.430468 4.386177 -14.326038 -14.364904 
0.503658 0.078271 0.000111 0.105825 -13.950634 -15.627337 24.418840 
0.266518 0.687223 -0.559317 -0.714310 -9.408748 -8.739740 -9.152566 
0.136578 0.645122 0.082329 0.385621 17.446758 8.025943 3.436408 
0.126498 -0.558186 -0.106969 -0.249945 -11.495516 -13.517484 -7.944126 
0.081261 1.218862 0.816664 0.279362 16.414550 -6.618593 -2.932228 
0.167252 -0.096949 0.025157 0.174647 -0.965227 -1.036016 2.579735 
0.607244 -0.567350 1.816458 0.544465 -0.541961 11.093242 0.667574 
0.266741 -0.474659 0.313356 0.071351 -15.854597 0.858664 16.049178 
0.157175 0.117401 -0.466101 1.100770 -20.137839 -7.326994 14.164632 
0.366807 0.016457 -0.501180 -0.181361 10.422676 -2.083649 -13.317827 
1.030213 -0.012797 0.069476 0.696574 3.472643 2.587135 -8.980794 
0.140945 1.505902 0.964207 0.013525 11.545931 1.413663 9.830291 
0.288794 -0.183925 -0.131948 -0.293317 -13.164846 8.861512 -17.758688 
0.182724 -0.602855 0.974665 0.087153 -8.694816 -5.956294 -10.379268 
0.115248 -1.096332 0.972664 0.095717 -10.216999 5.380247 6.144221 
1.012019 -0.298744 -0.326413 0.342271 4.592247 9.518016 -7.542767 
0.292049 -0.988955 0.073703 0.073943 -4.263294 -15.453199 7.854133 
3.273691 -0.048654 0.074066 0.556734 4.827323 1.397528 7.113972 
0.507219 -0.426246 0.954751 0.441926 -15.562237 -0.416705 19.067062 
0.325723 -0.993575 0.251518 0.582897 -3.429487 7.740673 -11.503860 
0.153073 0.615724 1.140932 -1.563070 12.037871 1.630940 -29.221415 
0.229855 0.261283 0.319796 0.439479 13.551381 5.348769 -3.086705 
0.196589 -0.078074 -0.166589 -0.457401 7.179445 7.401703 -3.922446 
0.095001 0.096648 0.143781 -0.573302 -8.410441 5.432085 -17.619617 
0.458870 -1.039966 -0.722860 -0.151057 2.023599 4.246663 -0.372860 
0.085890 -0.594920 1.613599 0.282708 2.291948 12.948287 18.539808 
0.170408 0.073171 0.084252 -0.189652 -21.622422 12.831983 0.840164 
0.130084 0.188007 -0.461560 0.152321 -4.966187 6.316324 -4.732871 
1.384359 -0.406204 -0.168490 0.211073 7.331716 12.415031 14.214756 
0.642711 -0.254916 0.051496 -0.328369 -6.648938 14.081115 0.167069 
0.176254 -0.736982 -0.257152 -0.020177 8.845472 5.364562 12.980172 
0.156623 -0.563687 -0.674003 0.221151 -20.176319 0.917384 5.119207 
0.874755 -0.171566 -0.133268 -0.148652 -16.635307 -7.401397 6.755833 
0.628183 -0.207333 0.163381 0.500604 1.184442 -17.573774 9.665937 
0.127719 0.811873 -0.162331 0.171042 5.487402 -6.238411 22.579097 
0.209256 -0.068425 -0.241304 0.581708 -16.115639 4.051752 1.668346 
0.393003 0.659209 0.261147 -0.001513 4.702918 3.754221 -4.605569 
0.395444 -1.185996 -1.242998 -0.456332 -4.157583 -8.200600 4.652749 
0.150757 -0.011491 -0.585736 0.714051 16.564759 -9.168598 14.046806 
0.613619 0.711285 0.073618 -0.935657 14.472176 -7.415283 -16.029270 
0.371705 0.639070 -0.126371 0.369191 4.510119 19.667656 7.610603 
0.128172 0.051502 0.406983 0.016428 -2.772393 17.299912 18.796710 
1.227367 -1.056748 0.855091 0.396788 -9.731922 19.759137 8.204292 
1.287495 -0.126001 -0.097488 -0.037562 -9.699791 1.128167 1.597999 
0.285623 -0.828150 -0.153324 -0.094144 -11.318991 -15.001185 -13.238952 
0.186793 -0.025463 0.256232 -0.216178 -7.786521 0.002359 -7.120897 
0.151928 0.681112 0.080449 -0.050048 -12.931567 -7.601794 -6.730442 
0.107729 0.218776 -0.999945 -0.065481 2.735279 6.312149 -7.585232 
0.789450 0.020035 0.823250 0.517679 -2.360749 -11.166279 -3.437864 
0.417882 0.926974 0.254953 -0.694904 9.448152 -1.683776 10.956205 
0.415458 -0.011128 -2.097698 -0.605966 -5.562008 -18.865377 2.679396 
0.510419 0.383301 0.036323 0.311205 -10.373565 20.440207 8.206740 
0.130425 0.345170 -0.468585 0.578402 -4.028420 -10.900483 -0.424805 
0.312402 -0.438418 0.647205 -0.230684 15.247224 -4.836316 3.380521 
0.489643 0.163396 0.207999 -1.889619 -3.484644 6.333791 -15.101674 
0.449688 0.477088 -0.029655 1.013146 13.763722 16.029776 2.383208 
4.640213 -1.142085 -2.282417 -2.588753 -7.921962 -24.116543 -34.028834 
0.102329 -0.212013 -0.423006 0.636048 16.222338 10.295868 10.032168 
0.088752 -0.691242 -0.130851 0.430080 -24.726561 13.603391 0.914610 
0.124181 0.370946 -0.868395 0.589866 8.304297 -10.846153 -1.905685 
0.142677 0.358834 -0.321769 -0.270220 -18.937694 -0.967918 -8.925864 
0.646196 -0.782436 0.874857 -0.284701 0.587540 0.145735 -18.558559 
0.112694 -0.444254 0.050571 0.411584 -11.304577 -17.470816 -8.349908 
0.176104 0.216481 -0.263703 0.925362 -12.058586 -7.487578 -3.638823 
0.106965 -0.368839 -0.168181 0.171643 -8.340285 6.163649 23.580072 
0.330430 -0.749539 0.851643 0.120574 -6.185553 -0.846805 -0.598880 
1.059937 0.575791 -0.165880 -0.271185 6.783866 -3.624434 -11.967626 
0.446854 0.030994 0.677618 -0.477392 -1.303061 -2.521648 -10.544480 
0.249843 -0.124279 0.476793 0.536892 -13.066707 18.169214 8.506228 
0.126972 -0.288105 -0.204270 -0.564533 -3.716947 5.645533 2.331507 
0.148713 -0.099323 0.044911 0.575452 18.037769 -6.383849 9.270797 
0.153845 0.858320 0.662773 -0.138497 5.447640 4.833852 -3.794022 
1.523067 -0.212397 0.045915 0.148955 -5.998377 -22.381166 4.739813 
1.665441 0.292189 -0.768275 -0.250070 1.808519 7.739659 -14.845437 
0.167356 0.458063 0.348522 0.230003 -0.808189 18.448889 12.882600 
1.433413 1.932601 -0.936515 -0.127706 12.630299 -16.419303 1.575047 
0.264805 -0.506907 -1.191197 0.057258 -13.089755 -6.254830 4.989979 
0.110793 -0.200021 0.243405 -0.022055 -3.279913 18.909633 -20.417809 
0.180061 -0.343843 0.505893 -0.119162 -1.052272 -2.711235 9.641728 
0.195410 -0.149974 0.172757 -1.590945 -0.674234 1.861749 -4.235383 
0.091610 1.308724 0.541098 0.086876 5.963123 3.241129 15.642118 
0.100160 -0.251654 -0.400020 -0.163569 -15.915387 11.211791 5.913971 
0.329612 -0.587005 -0.038003 0.668111 -1.481359 4.201814 -2.844451 
0.174903 -0.150369 -1.358705 0.007894 -11.388421 -6.225448 -7.762577 
0.088879 -0.428362 0.118695 0.055127 -7.661960 7.516978 4.985100 
1.382242 -0.345078 -0.245852 -1.101907 10.326989 -11.467840 -2.813417 
0.137418 0.021736 0.176514 0.313927 -24.847949 -16.628177 -9.685073 
0.550522 -0.869212 -0.615488 -0.016686 4.367031 -15.411041 11.011303 
0.977405 -0.364372 0.778803 -0.495922 -13.216613 -0.629101 -1.848208 
1.078071 -0.159645 0.748519 0.240420 7.920494 7.962731 -10.561735 
0.158053 0.196228 -1.088043 -0.067657 14.742148 -20.406200 1.062951 
0.173348 0.095207 -0.078198 -0.140445 13.056005 0.785650 -5.362893 
0.082934 0.508778 -0.261256 0.840530 12.073433 8.404392 -8.773381 
0.136636 -0.625068 -0.181222 0.732697 -15.020883 -5.722149 15.237786 
0.143734 0.544552 0.386520 -0.189336 -13.422088 -2.446892 -9.120259 
0.441192 -0.543023 0.226144 -0.180525 6.378091 10.025866 -7.488677 
0.419927 -0.168090 -0.324706 0.297575 13.596302 -14.438135 -12.748668 
0.233936 -0.151162 0.413120 0.720256 -23.755945 -6.097666 1.054037 
0.472655 -0.570514 -0.382774 -0.385327 3.225872 -7.899481 -5.559965 
0.114863 -0.377429 0.271952 -0.536853 8.301963 0.831972 -16.789733 
0.090134 0.245295 0.461702 0.094248 -3.339540 10.663592 -1.310246 
0.541043 1.089139 -0.146406 -0.205343 19.430432 -3.089511 12.873124 
0.282572 -0.707285 -0.240535 0.290574 -17.206720 1.814891 13.249035 
0.115642 0.998909 -0.784914 0.055414 5.001473 -8.850331 -0.066582 
0.081355 -0.884599 0.135572 -1.024314 -21.462589 8.635251 -3.932344 
0.367829 -0.386885 -0.777016 0.361349 -4.036920 9.640509 4.546527 
0.139629 -0.345434 -0.676129 -0.082756 6.805508 -12.573432 3.818619 
1.352784 -0.294952 -0.057751 0.041060 12.861897 -2.955952 -9.702493 
0.125255 -0.057189 0.070896 -0.441546 12.603585 -15.223633 -7.205375 
0.401327 -0.120795 -0.575798 1.643840 -1.200230 -3.393852 15.051603 
0.285734 -1.128381 -1.001768 -0.375140 1.705053 -15.644182 3.140558 
0.395651 0.804794 -0.499406 -0.218699 14.622288 -2.235483 1.596988 
0.293098 0.240185 -0.396417 0.601048 -16.295424 3.952243 4.947278 
0.087827 -0.432180 0.712624 0.349410 14.632297 3.543210 7.930710 
0.145431 -0.876837 -0.272033 0.031161 -1.349394 10.686644 -19.397076 
0.180115 -0.980704 0.769156 -0.295674 -15.751040 5.644293 6.938400 
0.096200 -0.047040 -0.431319 0.006990 2.586980 -2.310371 0.085814 
0.666776 -0.836817 -0.509539 0.919744 -16.592191 -6.969201 11.956477 
0.204329 0.014793 0.160070 0.260299 -5.395449 -13.353132 10.375904 
0.115895 0.013007 0.029341 0.321913 2.242852 19.841546 -15.465252 
0.093908 -0.109045 -0.499288 -0.237213 7.068257 -0.303898 16.483282 
1.218377 -0.809999 -0.092951 0.570275 1.563557 17.443461 3.135298 
1.577937 0.006543 0.180614 0.345455 -20.298015 -11.912007 -9.052133 
0.624013 0.019500 -0.319074 0.229473 -11.652027 -0.555466 -19.127059 
0.094581 0.491647 0.666468 0.414772 9.500369 -13.738145 1.054350 
0.082735 -0.093292 0.202478 -0.562650 5.366571 12.504302 11.444625 
0.117562 0.387039 -0.877734 -0.269621 -8.004539 2.796619 -14.712496 
0.104059 0.122873 -0.585916 -0.062044 0.995258 5.076646 -15.506385 
1.175398 -0.051479 -0.026920 1.114068 -14.590522 -12.409070 13.051960 
0.164169 0.968462 1.801453 -0.433130 9.021805 7.203345 -11.655259 
0.291452 -0.519245 0.092091 -0.174707 -0.516909 -12.957341 -10.258381 
0.206673 -0.492207 -0.566319 0.117659 -10.191070 -15.990139 -1.565949 
1.289324 0.557090 1.143276 0.902856 16.191970 21.204910 -3.227328 
0.086315 -0.361729 0.056978 -0.433672 -10.749562 6.582313 4.205709 
0.235153 -0.019952 -0.154710 0.402813 -2.485615 -19.146329 -4.899841 
0.115719 0.749327 -0.729787 -1.498802 15.332438 -13.731219 -13.628230 
0.363410 0.049453 -0.279841 -0.071704 8.869286 10.642675 19.380292 
1.751386 1.161073 0.080035 -0.271776 6.346480 -6.012861 9.119677 
0.207984 -0.463222 -0.303506 0.111301 -28.613611 -18.477082 -5.154141 
0.102911 0.452053 -1.126918 -0.238019 10.008033 -5.125394 11.074547 
0.178659 -0.259187 0.963964 0.336857 9.606039 -4.743428 5.658876 
1.266026 -0.019881 0.500763 -0.621444 10.570947 -12.208876 -3.351991 
0.304509 0.352596 -0.068539 0.306438 -13.324514 -17.150337 -8.675658 
0.111776 -0.253265 0.166062 0.236513 -14.271928 11.231560 -1.025442 
0.518423 -1.127053 -0.059589 1.118408 -11.290467 -14.272335 20.955362 
0.412206 0.023817 -0.334889 0.534496 -22.392344 8.521357 9.804313 
0.151101 0.100515 0.160771 -0.483901 12.408220 12.780808 9.882052 
0.220913 -0.002141 0.811186 0.031910 7.423347 -4.770219 4.269157 
1.412488 0.052486 -0.226691 -0.288729 -1.943640 -8.302951 -10.270095 
13.278585 -0.428755 0.561556 0.646347 -12.880720 -7.946902 6.246516 
1.463321 -0.720286 0.181472 0.046413 -5.982329 21.864785 9.870669 
0.120159 0.464471 -0.297306 0.673818 -1.791998 22.342001 1.789244 
0.365350 -0.048102 0.282147 0.291064 9.843397 -19.211886 7.752675 
0.105973 -0.426922 -0.272370 -0.150561 0.910257 5.605476 21.302978 
0.295892 -0.542143 -0.263764 0.162333 12.421762 10.188567 13.251693 
0.206326 -0.404036 0.165927 -0.012307 8.156434 7.273616 8.585043 
0.093712 -1.309880 0.495470 -0.120469 1.399899 5.194787 0.743939 
0.095148 0.281133 0.041795 0.514319 -1.435971 17.437102 1.520652 
0.206538 -0.317752 -1.077116 0.304461 -19.681179 -9.419064 5.503800 
0.086877 0.226351 0.298571 0.429287 -11.281835 -10.931576 -16.553079 
0.089099 -0.129252 -0.490023 0.945350 -5.740898 -13.516731 -1.131519 
0.510706 -0.849009 0.386012 0.092661 -7.410953 10.984078 16.580402 
0.209703 1.565953 -0.930359 -0.638613 15.513711 -2.399716 -3.841508 
0.558090 -0.326430 0.682659 0.113808 -4.341967 -13.565291 9.813222 
0.094925 0.051421 -0.249344 -0.193134 3.791361 6.597509 -15.097812 
0.169485 0.027919 -0.032523 -0.808417 2.671517 -12.090330 1.793207 
1.190304 -1.231147 -1.003014 0.362200 -6.255457 -13.605799 3.784925 
0.229716 -0.374258 -0.637640 -0.097071 -8.400858 -11.685797 -1.659969 
0.590880 -0.577758 -0.134006 0.192086 -17.492366 10.051862 -12.023871 
0.480535 0.208747 0.154542 -0.009192 -11.117682 6.841077 3.795558 
0.234429 -0.274860 -0.013605 -0.349992 -22.725683 -6.827708 3.691685 
0.582021 -1.030389 0.502230 -0.432321 -11.338302 8.791791 -17.272381 
0.189197 0.476486 -0.607836 -0.585942 -1.679641 1.981940 3.693644 
0.259575 -0.391645 0.288296 -0.872146 15.369510 0.737458 -7.081629 
0.447006 -0.518765 0.323727 0.013678 -8.384596 17.123485 -7.581844 
0.147887 -0.234628 0.344269 0.276898 16.973417 -11.461603 3.666246 
0.231699 -0.163680 0.120010 -0.041931 8.206662 -19.943824 1.680139 
0.453708 0.243716 -0.442559 0.163069 4.734489 -3.417030 10.037414 
0.920339 -0.702873 0.979578 -0.964732 5.402493 9.261617 -8.641691 
0.955703 -0.189317 0.375131 0.091172 -3.105231 8.978920 24.767854 
0.084577 0.471533 0.305331 -0.219878 -0.285252 -11.244433 -4.093220 
0.160624 -0.199555 0.475751 0.333038 7.238501 10.888852 11.500741 
1.172148 0.968194 0.376965 -0.607002 10.401425 -2.715469 -21.515196 
0.760534 -0.052219 1.931557 0.126503 8.371679 17.261893 15.872763 
0.114553 -0.345905 -0.676687 0.262597 16.828180 -7.447862 8.707788 
0.117572 0.940994 -0.987523 -0.042679 10.224349 -23.243863 -4.793458 
0.762149 1.456186 2.358364 -1.746635 22.900748 31.961522 -9.167685 
0.232792 0.385604 -0.565660 -0.252501 -3.652524 15.232792 -2.469227 
0.215009 -0.048392 0.250981 -0.045404 -1.272456 -11.631583 2.720324 
2.204810 -0.182796 0.395697 0.101753 2.211650 21.921360 -3.818880 
0.129032 -0.747345 -0.850163 2.639504 2.973881 -17.789046 36.145846 
0.374042 0.787679 0.371855 -0.288286 -8.465560 -4.950079 2.625042 
0.205433 -0.235183 0.289783 1.252750 -14.165940 17.429616 2.234062 
0.160079 0.064324 -0.440088 0.301110 -17.266458 12.786428 5.382859 
0.136090 -1.030613 0.505840 -0.078925 -6.545774 -8.409030 14.560538 
0.119841 0.364733 0.632965 0.331758 -0.451298 10.743821 19.553141 
0.201503 -0.918524 -0.325233 1.585084 -1.687712 -10.603081 9.292280 
0.611073 0.097810 -0.207049 0.266347 -20.127367 -10.538654 -13.226417 
0.115016 0.859909 -0.379143 -1.551169 7.711887 -14.247498 -9.864508 
0.399244 0.727565 -0.812972 0.173484 12.168263 -9.571321 8.314712 
0.131342 -0.593526 -0.235369 -1.062298 -0.643314 10.384869 -2.703475 
0.174201 0.044470 -0.739216 0.967122 -0.326845 9.746548 19.392543 
0.089275 0.285159 0.105251 -0.119980 19.372468 -1.343650 1.271537 
0.438872 0.115684 -0.318603 0.446812 15.793407 8.691098 -5.787024 
0.085636 0.453372 -0.162980 -0.004398 5.074812 -8.204598 -14.042564 
0.582912 -0.027033 0.090707 0.061454 -9.871020 3.110272 -11.776176 
0.240412 -1.442237 -0.098771 0.471630 -9.780447 -0.888699 20.180969 
0.226021 0.570671 0.188448 0.664918 -10.458768 3.733695 16.158928 
0.107205 -0.135535 0.281784 -0.225847 -14.520304 -12.885440 5.835059 
1.102835 0.063791 0.057600 0.628010 9.908248 6.843599 19.660364 
0.266126 -0.531423 0.712519 -0.290800 -19.526412 -4.444753 -13.836706 
0.409423 -0.105614 1.358756 -0.674541 -10.439415 5.322874 -3.789335 
0.089384 0.246118 0.096504 -0.473011 13.933929 -16.253446 -5.496939 
0.113871 -0.082649 -0.436483 -0.278923 11.657681 1.364805 0.942784 
0.746267 0.016872 1.641403 -0.189369 -3.537469 3.954609 -7.876445 
0.219386 -0.431132 -0.995397 -0.494738 12.438881 -15.631406 -4.691526 
0.439077 -0.017615 0.116794 -0.617687 -18.887948 -0.006398 -9.788037 
1.444015 0.493677 -0.314511 -0.014854 -6.410062 4.527100 -4.669897 
0.102731 0.475211 -0.860349 0.569550 6.895140 7.326952 -1.365639 
0.202560 -0.300633 -1.225040 -0.805751 9.591473 -23.611595 -34.200938 
0.091773 -0.206504 0.403105 -0.021148 3.077565 -9.468249 -5.931324 
0.159646 -0.768549 0.598233 -0.777922 -3.690338 -8.200126 -0.357895 
0.210510 -0.203898 0.492598 0.167913 -20.288022 -14.539805 2.654403 
0.129464 -0.114739 0.545546 -0.274128 7.575651 -2.972302 4.018600 
0.235395 -0.536760 -0.298203 0.494793 -9.800238 6.276412 0.164831 
0.392760 0.258226 0.070089 -0.459956 -14.151165 -13.910303 -1.554366 
0.340464 0.008649 0.454146 -0.998582 4.667184 12.447399 4.637842 
0.558675 0.485254 -0.128836 0.150203 16.271064 12.779043 -10.297342 
0.269181 0.052284 0.115271 0.511903 1.324890 3.882886 9.752369 
0.080832 0.257020 0.676575 0.655429 1.099494 3.645633 20.149822 
0.161454 -0.126720 -0.261736 -0.125522 -21.329254 -5.913598 -9.045915 
3.272843 -0.133294 0.150472 -0.102990 -7.402135 9.757510 -2.257723 
0.126733 0.575066 -0.442440 -0.256086 -12.335777 -15.703924 -1.793832 
0.147442 -0.541652 -1.824743 -0.528978 -2.600209 -24.821504 -0.121770 
0.234874 -0.299232 0.565503 -0.309487 -11.045520 5.761676 14.308670 
0.088322 0.246863 0.380921 -1.069624 -7.879801 3.526557 -8.015457 
0.124823 0.104177 -0.128558 -0.613447 -13.132799 5.986409 11.466740 
0.134972 0.764399 0.712078 0.451229 4.790080 3.931096 -4.009513 
0.114632 -0.100305 0.041543 0.402803 -4.071055 19.488347 -2.248617 
0.145861 -0.275066 -0.355355 0.372687 11.977860 4.511387 -11.839826 
0.263366 -0.153903 0.077645 -0.232867 -1.276223 7.653350 22.065459 
0.973808 -0.059516 0.100539 0.026066 -15.430176 21.716557 0.570059 
1.966409 -0.036886 0.252192 -0.066068 -12.937769 9.266463 -4.405722 
0.137245 -0.029606 -0.041205 -0.618867 13.365715 -1.558477 6.095778 
0.175886 -0.354103 -0.041355 -0.020767 -4.525097 -10.406470 14.680161 
0.427154 -0.478920 -0.206075 0.646735 4.835525 -16.116625 1.548436 
0.305641 -0.495592 -0.033743 -0.450723 1.507509 -18.723745 -1.839343 
0.126873 0.127028 -0.252057 0.081897 -1.941055 4.413542 11.272256 
0.202129 1.274034 -0.429552 0.974635 5.966482 0.541104 18.857141 
0.103947 0.617408 0.804502 -0.040843 -11.376712 10.984174 6.097002 
0.160192 0.564637 -0.818973 0.465126 15.710862 4.792880 6.006141 
0.087931 -0.584438 -0.113421 -0.036064 -3.686680 -2.105429 19.734017 
0.201166 -0.600969 -0.209590 0.443836 -9.272615 -15.362193 12.604618 
0.129271 -0.325264 -0.393510 0.433673 -17.997365 5.519223 -13.652569 
0.244547 -0.407687 0.059524 0.368715 5.888483 -4.198646 19.252684 
