0.202999 -0.121576 -0.510894 0.503575 -6.627491 16.377272 -2.205289 
0.583882 -0.792747 0.190565 -0.409897 4.400039 24.253698 3.013003 
0.585149 -0.359205 0.144038 0.975693 6.675321 -0.389609 -0.231553 
0.085689 0.352980 -0.525862 -0.232203 -12.207981 -11.314215 18.685784 
0.090936 -0.170422 -0.279166 0.436917 -2.563004 1.731313 -6.290408 
0.457888 -0.145256 0.942421 0.640812 -16.207234 1.728345 9.760423 
0.179449 -0.402367 -0.893254 -0.345605 -6.794287 -14.333738 -9.358374 
0.103175 0.684891 -0.211941 -0.689887 8.781381 -18.612685 -3.399860 
0.199182 1.586872 -0.131680 0.287674 20.406954 -10.100877 4.582916 
0.109107 0.586978 -1.294676 0.208277 3.246222 -13.853764 8.766014 
0.232498 0.456437 -0.174372 0.679525 3.490531 -12.291867 -1.321698 
0.683878 0.344301 0.823000 -0.506128 -10.604591 3.166390 -19.311115 
1.809017 -0.169557 0.036387 0.262290 -0.958222 10.624200 -5.330500 
0.133767 0.203360 0.663439 -0.624008 24.835467 11.789515 -2.956497 
0.207935 -0.727750 -0.040269 -0.970099 -11.228301 15.988347 -10.668708 
5.586845 -0.633953 -0.270398 0.475304 2.798066 -1.394406 -8.906080 
0.099031 -0.346325 -0.635637 -0.265539 2.013177 -4.939075 16.542501 
0.095457 0.282147 0.302872 -0.135803 -9.366742 -7.050108 8.402302 
0.166412 0.182938 0.799517 0.096396 8.045631 6.673877 -21.157167 
0.401973 -0.597080 0.022581 -0.567115 -0.290553 -26.021564 -0.270923 
0.149690 0.340344 0.027956 -0.240427 10.210309 10.754296 14.036901 
0.135040 -0.732835 -0.445340 0.040443 0.033278 13.675954 -6.086898 
0.230700 0.783068 -0.207114 -0.738057 6.853921 10.327999 -10.127907 
0.296048 0.366588 -0.854293 -0.412965 -2.266082 -5.084442 7.790039 
0.089040 -0.291027 -0.034978 0.208876 1.084240 -12.597350 14.498514 
0.218861 0.237631 -0.606718 -0.356666 18.341874 -10.833024 -7.694033 
0.780326 0.488560 0.237310 -0.313614 12.824428 -12.635974 -18.487454 
0.110177 0.728502 0.777172 -0.602539 10.188882 15.433143 7.774532 
0.308745 0.305555 0.268326 -0.193444 23.648665 -24.057862 -16.857330 
0.930095 -0.222153 0.033264 0.332796 6.044770 0.653154 -17.970030 
0.154448 -0.469024 -0.268645 0.051077 10.805743 16.340925 -11.626360 
0.449860 0.170759 1.126092 -0.241120 -4.162242 10.074485 9.657523 
0.194281 -0.903582 -0.165564 0.476548 -2.630794 -6.215035 3.475956 
0.121470 0.452332 0.338432 -0.039808 -9.391149 12.132133 25.657670 
0.388680 0.013271 -0.381683 -0.652136 2.350502 6.978355 -9.914735 
0.552874 0.590306 -0.796072 -0.326396 -1.155080 -22.607372 10.352772 
0.107074 -0.365841 0.714996 -0.067453 1.466359 -1.671111 15.173037 
0.218546 0.961828 0.999803 0.304701 7.035246 14.551893 0.385916 
0.118025 0.263631 0.685196 -0.277223 -13.738825 -10.154855 -9.131469 
0.176826 0.273671 -0.224834 0.264014 -3.523524 -10.607958 20.233789 
0.123628 0.307954 -0.652708 -0.894579 -2.772198 -0.167232 -7.786736 
0.103987 -0.124140 -0.757797 0.909189 17.409582 -0.604728 27.686672 
1.612405 0.116011 0.120993 0.418675 -4.828081 -1.874276 12.891836 
3.952128 -0.366860 1.334668 -0.261260 -1.751716 14.044258 7.841924 
0.090817 -0.424341 0.183325 0.200221 3.775979 -3.315949 -4.905110 
0.094271 -0.277638 0.942481 0.004242 -2.788791 -5.688619 -4.014877 
0.105198 0.474026 -0.247487 -0.835119 -12.403547 -5.335624 -17.037615 
0.122132 0.098978 0.095400 0.210631 -16.213245 -0.081252 -0.718154 
0.167817 0.494344 -0.399606 -0.690588 -8.219353 -14.990894 3.236914 
0.138488 -0.540011 -1.063777 -0.712087 -2.034331 -22.292955 2.760478 
0.701272 -0.348814 0.104292 -0.797394 28.997850 4.768695 -15.927961 
0.367183 -0.090018 0.620911 0.636988 1.824043 -2.944260 22.839341 
0.116639 0.373778 -0.240072 0.053463 9.984172 -12.007290 -9.789119 
0.156405 -0.036204 -0.019321 0.096346 -18.898559 14.316336 -27.714386 
0.118162 0.381021 -0.524857 -0.203834 1.811828 6.495776 9.227794 
0.151293 0.106743 0.095686 0.627589 3.253965 -8.692763 -17.548110 
1.456612 -0.068445 0.008602 -0.503360 -14.355139 2.619859 15.111363 
0.095248 -0.220505 0.470511 0.570372 -4.210387 4.657259 -5.314772 
0.298886 0.256778 -0.073862 -0.664416 -3.418405 0.469817 12.116732 
0.512636 -0.159280 0.645699 -0.671321 1.319901 4.404508 9.364798 
0.121466 0.261713 -0.874402 -1.362522 14.231941 -15.455912 -16.565493 
0.863813 -0.610929 -0.166911 0.208155 -9.948875 -7.170263 -13.724731 
0.283593 -0.399283 -0.257283 -0.851854 -9.329177 -2.901011 2.502705 
0.114183 0.242475 0.039672 -0.124383 -9.827636 25.274699 -10.677747 
0.387857 0.173524 0.276524 0.720950 -2.862148 -9.865241 4.726690 
0.102340 0.056331 0.381989 0.318556 -12.523853 -12.379896 31.759515 
1.423034 0.033882 1.197470 0.167680 16.123637 8.660752 -2.784798 
0.118440 -0.149084 0.201418 0.924882 8.217988 -8.318931 12.517857 
0.087317 0.145030 -0.009051 -0.541627 -12.832361 -0.463181 17.270265 
0.115648 0.002370 -0.276546 -0.089764 1.664187 -11.438774 20.255827 
0.335498 -0.311331 -0.186947 0.822889 7.896595 -23.083417 2.957485 
0.109210 0.254806 0.572775 -0.501726 -6.622517 0.741534 -14.032279 
5.398343 0.489330 0.252480 0.174822 -3.012400 8.030859 5.688148 
0.438696 -0.184306 0.311248 0.572397 -19.960867 -11.961614 -4.507565 
0.102783 0.096809 0.513358 -0.411979 9.918205 -11.293017 8.103429 
0.317653 0.861297 0.250698 -0.843854 2.157826 23.121371 -15.994194 
0.117399 0.296502 -0.364254 0.033004 -14.051262 19.855042 -7.073418 
0.135796 1.051831 0.488169 0.104271 23.674403 -11.261329 5.864543 
0.139152 -0.071645 0.157247 0.198506 -1.453317 18.448857 1.804137 
0.081844 0.474825 -0.394192 0.640558 2.427085 -1.512133 4.053987 
0.210768 0.441845 0.233904 -0.937357 -6.659708 -5.428541 -4.952395 
0.087151 -0.576235 0.202777 0.550811 4.771262 -2.664399 34.450212 
0.247564 0.315071 0.242289 0.528280 -3.939177 -26.479044 0.617070 
0.118055 0.676520 -0.852494 -0.655790 -0.830283 -3.357061 -11.828241 
0.133708 -0.531247 -0.598627 -0.117706 -14.629034 -27.796246 2.433587 
0.137951 -0.154229 -0.489672 0.505083 -15.307612 6.843755 -8.329575 
0.295736 1.206315 0.855768 -0.062658 51.232121 23.023934 -0.401039 
0.093592 -0.376166 0.000604 0.470765 -2.130953 11.405418 -6.465974 
0.180968 0.266438 0.787767 -0.717484 -0.245862 2.953268 2.610812 
1.058781 0.107521 -0.607230 -0.486615 7.815818 6.583476 -2.860030 
0.086350 -0.088575 0.025836 -0.006711 6.213314 -0.098277 17.534408 
0.263354 0.593408 -0.800251 -0.133463 -5.596250 0.014283 -0.542841 
0.556778 -0.004345 0.440418 -0.858418 4.763674 -8.968232 -0.492514 
0.139284 0.558544 -0.143663 -0.695584 -2.264803 4.608394 0.708892 
0.478468 0.550328 0.288139 -0.265994 0.495669 3.624903 -12.099280 
0.165293 0.079310 -0.580312 0.264479 -0.070234 4.424817 -3.612619 
0.493788 -0.373987 0.147858 0.316809 1.241575 -1.774898 -25.217659 
0.252788 0.481664 -0.065593 -0.861875 9.355706 5.722894 5.652666 
1.145613 0.481933 0.161712 0.203405 6.317394 -25.176799 16.400011 
0.388183 -0.258014 -0.138737 0.238623 -5.922444 16.378136 29.560953 
0.094407 0.347708 -0.786556 -0.224416 -7.476337 3.499247 -0.016073 
0.126740 -0.059011 0.669598 -0.091987 -0.604777 20.575805 -0.064227 
0.323270 0.122976 0.311407 0.524060 -4.429973 -9.988439 -5.903096 
0.198042 0.229915 0.971336 -0.178470 -15.451400 24.165663 -1.218898 
1.167561 -0.784185 -0.466416 0.517132 6.855517 -2.145762 2.494197 
2.697368 -0.651637 0.093718 -0.498158 7.073846 4.496337 4.565957 
0.376011 0.464909 -0.188598 0.210238 -20.777729 -11.060973 -12.805205 
0.588263 0.292277 -0.158411 0.926226 -0.636905 -4.006600 -5.281128 
0.138650 0.070430 -0.312819 -0.778652 14.128934 14.683638 -4.093388 
0.373816 -0.072829 -0.749120 0.941136 1.210114 3.552507 7.242724 
0.401930 -0.063543 0.594024 -0.581719 -2.534417 8.391936 -16.257295 
0.263064 -0.300099 0.114499 -0.073576 14.882094 12.284974 -8.133486 
0.459762 -0.385590 -0.679350 -0.398365 -20.998699 -0.401349 12.517819 
0.328088 0.394127 0.340528 0.343622 -1.497512 14.746746 7.432382 
0.860282 0.069709 0.637235 -0.108805 -16.279815 8.003311 -1.757898 
0.273055 0.248342 0.386426 -0.143970 8.552580 -11.742291 4.362491 
0.396253 -0.384559 -0.819931 0.103916 -17.197817 -3.291616 -4.206093 
0.246288 0.065787 -0.331002 0.242843 4.112972 10.063242 -23.760324 
0.730294 0.383083 0.105844 -0.199375 -8.264142 2.138281 12.596622 
0.278430 0.367055 0.311104 -0.181719 -2.588826 17.714243 3.136591 
0.151503 0.286785 -0.499160 0.074465 1.366477 -12.939923 -26.767953 
0.100432 0.042784 -0.596458 -0.308905 16.571675 6.135767 -5.614191 
0.082624 0.263549 -0.899223 0.475343 -14.111848 -3.955634 6.018287 
0.114711 0.741148 0.443022 -0.952127 10.247344 -12.100387 -12.022338 
0.192666 0.791361 -0.216382 0.041170 -4.654408 -2.343002 -23.053057 
0.287114 0.072728 -0.215086 0.968751 13.863079 -19.449674 2.788878 
0.585359 0.510355 0.661917 -0.162895 6.420912 4.684459 16.019169 
1.376095 -0.141925 0.316140 0.158692 -11.097974 -21.797411 -6.958530 
0.431641 0.522603 -1.041754 -0.003411 8.578482 -1.572587 -11.346596 
0.136683 0.036192 0.536218 0.043894 -13.840464 8.304939 -1.706058 
0.323241 0.483743 0.083885 0.670383 11.625372 -7.271313 -3.069941 
0.391024 0.245265 -0.253359 0.525829 -26.952684 -0.275453 6.636575 
0.112116 -0.260790 -0.157218 0.614488 1.545206 21.952292 1.545351 
0.116547 -0.375726 0.451460 -0.381951 5.280941 13.607201 -8.769302 
0.952396 0.707680 0.382486 0.175691 4.336105 -12.644935 -4.653341 
0.374161 -0.572473 0.671574 0.026093 -7.672647 -14.464460 -8.457274 
0.178419 0.516727 -0.045937 -0.188537 4.754007 -1.063058 6.438336 
0.192961 0.473503 0.872834 -0.186067 -0.911810 4.047091 -21.428511 
0.763069 -0.157396 0.092608 -0.446357 -6.801995 14.671218 17.301850 
0.181019 0.785761 0.280302 -0.185045 -2.951983 7.967834 10.124862 
0.393969 0.334682 0.101191 -0.543018 21.669276 29.984428 3.194681 
0.408300 -0.038560 -0.041542 0.162953 17.755308 2.152305 1.408094 
0.506972 0.495620 0.564030 0.336142 7.246982 -5.582364 -18.675894 
0.168852 0.377227 -0.685001 -0.642599 6.486218 -8.078804 10.075979 
0.196085 -0.634126 0.517357 0.139132 -2.152386 -1.681063 -4.842523 
0.836938 0.871434 -0.656722 0.345189 9.882048 -5.094455 -7.975954 
0.701221 0.247697 0.700227 -0.123497 6.637412 -6.788947 0.311693 
0.263429 -0.139453 0.049810 0.055967 3.502936 18.429843 -9.503518 
0.151360 0.975969 -0.051822 0.808374 -1.365051 -10.835102 18.953481 
0.449375 -0.349382 0.573067 0.274588 1.650664 10.447159 -2.218169 
0.108928 0.350319 0.898376 0.323429 17.805059 -5.590724 14.928243 
0.090465 -0.966459 -0.232852 0.523469 0.796753 -0.916486 7.548803 
0.531060 0.598368 0.179571 1.131147 -5.738701 14.892765 19.047587 
0.272013 0.532084 0.486830 0.319850 -13.223395 11.421809 18.967450 
0.127889 0.471307 0.168452 0.335439 13.496595 -4.904467 -0.627512 
1.070260 -0.091550 -0.012406 0.111611 -4.577036 -16.500204 -14.323669 
0.111702 0.248425 -0.345684 -0.794311 -14.326319 4.246256 -2.670741 
0.275275 -0.104461 -0.268050 0.001947 20.256631 -15.989340 3.667750 
0.433814 0.764167 0.393125 -0.011918 -5.255346 -8.246689 -9.871804 
0.121123 0.284038 -0.490860 0.419414 -5.942360 -10.779382 -23.654296 
0.604561 -0.424182 0.413069 -0.679759 -12.496729 13.627459 5.835670 
0.672200 0.474631 -0.272400 -0.246781 15.236462 5.349223 19.929318 
0.485099 0.296239 1.095724 -0.108211 6.475864 19.807216 9.948908 
0.088968 -1.247208 -0.277579 -0.045659 -16.044459 9.005806 -1.402123 
0.372330 0.424193 0.577105 0.452248 -7.674298 5.589659 -7.810595 
0.427499 -0.680594 0.132731 0.857177 7.896781 -11.384140 20.358585 
0.148166 0.601236 0.027799 -0.285163 6.769313 -19.564893 -10.670402 
0.205405 -0.195567 -0.262360 -0.566369 -0.945216 -20.304854 -10.806057 
0.273438 -0.491983 -0.649365 0.255112 15.824062 -4.709402 -2.364866 
0.257004 0.287387 -0.715216 -0.396137 10.498070 9.807335 -24.367727 
0.083821 -0.015830 0.389578 -0.180263 -8.149578 7.874644 22.890472 
0.673429 -0.410787 -0.121964 0.913582 -1.432793 -5.007940 16.815053 
0.093338 -0.176537 -1.090030 0.733394 3.957815 -7.403479 8.950192 
0.097693 0.024230 -0.089788 -0.625442 -0.252336 -1.856718 12.277782 
0.081727 -0.286801 -0.228628 -0.347916 -0.891160 -7.021584 5.614206 
0.417045 -0.168808 0.006745 0.272965 15.495392 -6.527458 -19.428863 
0.387177 -0.612955 0.281974 0.424778 -11.633433 -3.441831 -0.977574 
0.350927 -0.254864 -0.727007 0.373469 -7.440110 4.540400 6.273605 
0.081891 0.625391 0.083729 -0.532149 -6.175293 -3.549570 -16.609959 
0.111530 -0.033066 0.163997 -0.273423 -17.255455 11.550035 27.347585 
0.729211 -0.324004 -0.195651 0.327320 -6.951453 -1.907151 -14.178331 
0.081209 0.799667 0.355938 0.076446 5.260861 -2.346498 5.094859 
1.066327 -0.199222 -0.237003 -0.664113 8.637098 9.697242 -3.150921 
0.844840 0.252123 0.064795 0.107051 -13.489823 9.342797 9.838907 
0.286414 0.303574 -0.340693 0.819587 4.413979 -3.597525 4.387410 
0.108220 -0.372858 0.689079 0.227051 13.537627 1.622379 11.931772 
0.106446 -0.456402 -0.164657 0.301509 20.097698 -15.239013 -3.325197 
1.618982 0.447273 0.913768 0.396466 -9.098825 26.892707 -5.024384 
0.126190 0.078381 0.223620 0.371311 -22.678592 1.491028 -11.310937 
0.666898 0.098368 0.001309 0.080495 6.655729 -3.657839 12.218985 
0.355266 0.468221 0.063612 -0.713413 0.105836 -0.165722 0.458770 
0.365762 -0.441458 -1.630630 0.277385 -20.729741 -36.464447 -4.547120 
0.430606 0.473870 0.215289 0.129056 10.081383 15.563040 -6.440217 
0.100431 -0.812424 -0.578287 0.497724 10.209598 -12.139645 13.573545 
0.189647 0.555378 -0.106746 0.124482 -7.650264 -4.817621 7.903063 
0.132254 0.123931 0.541032 -0.244215 -19.210089 -3.656105 9.151292 
0.500139 0.256462 -0.345338 -0.378421 -14.539502 -8.772504 -22.999744 
0.175237 0.476562 -0.042997 0.220175 3.206875 21.341963 -17.541611 
0.123696 0.129972 0.506638 -0.324678 2.621082 10.393542 3.298327 
0.195281 -0.101495 -0.449074 0.470130 -8.216580 -14.975901 -22.094818 
0.599939 0.447435 -0.277584 0.489958 -27.050245 -12.971821 12.603119 
0.192741 0.134564 0.294587 -0.175979 4.802538 -10.260064 -3.053008 
0.200778 0.551786 0.946932 0.152277 14.538247 -2.096211 0.755387 
0.177472 0.170265 -0.736567 0.551250 -1.143704 -16.481933 -16.582469 
0.127855 -0.020384 -0.090132 0.538307 8.035082 -23.961267 9.918802 
0.220526 -0.004072 0.400451 -0.345249 1.107410 -9.510498 10.672096 
0.627642 -0.278768 0.224330 -0.007852 -0.725858 -7.538330 6.517758 
0.637465 0.610927 -0.497770 -0.119199 -6.896490 0.442123 -2.384460 
0.169117 -0.343766 -0.729618 -0.981179 3.933595 -7.424081 -5.263048 
0.114784 -0.173745 0.540642 0.390700 -14.064816 -13.945205 5.833417 
0.135557 -0.237598 -0.484226 0.091142 -1.900161 10.063048 4.668235 
0.579415 -0.574365 -0.153882 -0.770198 -13.945835 -3.002656 8.741221 
0.624848 -0.014804 0.121787 -0.209029 26.266615 21.531804 -8.536917 
0.385484 -0.203557 0.723510 -0.325414 -20.667003 6.833734 11.247835 
3.082417 0.174035 -0.180108 0.268886 -16.131205 -5.537503 7.156489 
0.310489 -0.231857 0.050727 -0.624418 -2.366671 -17.333264 13.023701 
0.457154 -0.438789 -0.152786 0.386969 3.868133 4.954138 8.043255 
0.279294 -0.177799 0.395595 0.865694 -8.423094 3.345261 6.006140 
0.089763 -0.087222 0.229025 0.675553 8.979817 -12.597490 -9.347938 
1.249225 0.338801 -0.198044 -0.142080 -16.103591 20.716822 -5.838201 
0.163561 -0.076171 0.067479 0.315273 21.062142 -16.052464 2.533375 
1.702665 -0.225933 0.037975 -0.084147 -16.600787 14.245785 19.469439 
0.087567 -0.533698 0.273295 -0.137486 9.083048 23.261679 -1.981549 
0.192231 -0.363583 -0.114429 0.056871 2.562902 14.371568 -0.803157 
0.122081 0.665349 0.389264 0.453404 9.418995 -7.028750 -10.253096 
0.088452 0.071273 -0.688950 -0.130558 2.311760 -10.137270 8.350048 
0.470758 -0.567462 -1.205876 -0.188765 -7.292912 -17.168733 6.849478 
0.196106 -0.123555 -0.172597 -0.031493 5.159438 -2.843266 -9.584510 
0.163499 0.109589 -0.689337 -1.121804 16.829603 -23.284850 -4.071933 
0.080867 -0.241502 0.007317 -1.075358 23.259214 18.622957 -21.762916 
0.223604 0.641535 0.159512 -0.401179 -5.993021 2.535782 12.680433 
0.155926 0.011912 0.537813 0.126282 -28.920529 3.780208 17.347041 
0.238387 0.311256 0.191128 0.681790 6.186562 17.333266 -7.746875 
0.106154 -0.198794 0.165458 0.479719 10.256992 0.806654 -1.323666 
0.169911 -0.732273 0.738360 -0.019438 0.692138 0.722822 -12.414380 
0.113329 0.114483 0.109161 -0.738263 18.297682 13.800423 4.760903 
0.192419 0.670630 0.151203 0.225970 19.992570 -26.749443 -8.468546 
0.594225 -0.619447 -0.315080 -0.743023 -0.266265 0.446846 -5.206048 
0.085164 0.620476 0.203489 0.218118 -1.275205 -2.760030 -18.938085 
0.117057 0.191211 -0.786461 -0.116868 -3.364832 7.135358 -8.402868 
0.205043 -0.246055 -0.626565 0.502542 3.167411 -10.957319 -7.372201 
0.234649 -0.800266 0.068226 0.196379 1.701458 -15.594025 6.964283 
0.487672 -0.256389 -0.407737 -0.325219 3.565582 17.012321 6.324533 
0.223182 0.404358 0.547421 0.327623 8.742415 -6.454652 -5.522590 
2.476904 -0.430186 -0.708404 0.661138 -8.903504 -10.506555 -13.260822 
0.441734 -0.163626 -0.166969 0.112552 14.951670 -6.387483 -5.253127 
0.230397 0.472716 0.257853 0.187783 14.203490 -9.275754 21.238638 
0.689100 0.532538 0.888284 -1.002173 25.122235 10.684833 -14.435541 
0.815528 -0.294639 0.592736 -0.307664 -31.097576 3.905797 6.029214 
0.161492 -0.485164 -0.106761 0.433032 -5.818223 15.999886 -0.250500 
0.542296 1.346851 -0.042634 -0.451850 17.676774 -8.802021 -2.874763 
0.146522 0.689285 0.557997 -0.042746 -1.662416 5.402928 12.743182 
0.256037 -0.663099 0.701186 -0.041680 -14.787443 -8.660233 -14.533232 
0.887681 -0.668167 -0.846887 0.751665 -6.287455 3.045788 13.983702 
0.101372 -0.211172 -0.329111 0.253424 -0.964525 9.378908 13.421915 
0.141931 0.447617 -0.286878 0.180203 15.091872 11.424499 2.726100 
0.178446 -0.539454 0.091635 0.073438 -22.230004 11.301052 8.691526 
0.083374 0.146205 -0.142878 -1.123650 5.231442 -4.349095 -2.195878 
0.376685 -0.384387 -0.365675 0.986209 -0.270996 -1.713524 13.862128 
0.585808 0.533976 -0.483872 -0.171532 -6.340746 -21.546240 6.193206 
0.102075 -0.333123 -0.577986 -0.034201 -1.073421 15.415543 12.880180 
0.086694 -0.254369 0.256206 -0.388037 24.295091 20.106395 -4.959203 
0.654455 -0.243863 0.077430 0.268787 -7.182913 -1.112819 14.633062 
0.442796 0.720406 -0.073332 0.185925 -4.265564 -2.376261 -18.396377 
0.103990 -0.214351 0.381026 0.027721 -13.723095 16.107173 -9.498766 
0.137893 0.698462 0.637696 0.211531 2.024818 -5.277300 -0.784380 
1.044939 -0.143122 -0.104544 0.189133 20.799084 -6.978245 -18.901915 
1.025335 -0.306438 0.146655 0.649542 -7.646286 -2.156943 -10.946869 
0.472835 0.297252 -0.086847 0.263422 -2.562170 6.544784 31.829711 
0.672168 -0.171651 0.586752 -0.564812 -29.847303 12.875874 4.675453 
0.208490 -0.877750 0.048343 -0.000452 -20.886978 -17.249214 -2.980129 
0.292610 -0.471001 0.388791 -0.443991 -13.483368 25.568836 7.552371 
0.111344 -0.139402 0.002540 -0.162693 1.227427 -11.014654 19.604640 
0.466067 -0.313395 -0.636882 0.287490 10.461744 -1.711189 9.294109 
0.112109 0.338195 0.638309 0.226657 -5.803443 3.175914 -5.260526 
1.021373 0.560598 0.187862 -0.341332 -9.491559 1.136916 4.220921 
0.247245 0.315782 -0.148086 -0.050954 -21.583806 -17.805036 20.890308 
2.937998 -1.079465 0.048640 -0.525304 -23.917591 -10.313457 6.757289 
0.112201 0.059174 0.494577 0.244170 12.305987 -13.487208 4.754589 
0.941373 -0.022207 -0.371495 0.150142 -11.523464 17.790083 -3.884693 
0.186332 0.146194 -0.350412 -0.607320 14.844150 -2.848191 -15.100028 
0.206312 0.232080 -0.397654 0.118900 -10.061987 -0.947416 -18.737105 
0.087521 0.481492 0.889892 0.702392 0.652579 3.874108 3.853385 
0.337060 0.156675 0.577334 0.378245 9.745253 -8.817945 -6.458489 
0.506829 -0.485140 -0.108448 -0.206012 3.722215 1.825573 24.938491 
2.506229 0.909798 0.590499 -0.450629 -3.083797 16.305324 -2.771435 
0.109658 -0.046406 0.198459 0.679664 17.330183 4.935049 -2.724609 
0.093631 0.657807 -0.396596 -0.174018 -12.158668 1.843225 3.695744 
0.994606 -0.088871 -0.162719 0.214031 18.393651 -1.838808 9.964810 
0.184780 0.968084 1.170349 0.223688 11.536176 16.556831 -1.518486 
0.113864 -0.135878 -0.599129 0.386387 1.905184 0.312453 -16.897817 
0.500571 0.041783 -0.851282 -0.384204 27.223662 -4.605909 -15.990375 
0.375402 -0.311389 0.252833 0.344295 1.308257 -2.161030 17.945880 
0.121279 -0.041309 0.055420 0.965015 15.343682 -0.017561 0.697794 
0.437171 -0.190471 0.012440 0.417711 18.584378 -1.733914 -15.856360 
0.420529 -0.362770 -0.400290 0.504480 5.573799 -2.740836 -0.428874 
0.140832 0.005547 -0.181195 -0.340844 8.996691 -9.258225 5.807222 
0.317286 -0.081515 -0.360603 0.176962 7.253007 14.488212 0.995151 
0.092539 0.915470 0.257587 -0.853011 11.213868 -7.281619 -2.354493 
4.198783 -0.124163 -0.143603 0.495032 -5.870145 -4.728666 -12.085797 
0.435794 0.683370 -0.364992 -0.336064 -0.007182 6.215128 4.638924 
0.299195 0.273054 0.502884 -0.502202 -4.443115 -10.620586 -10.511775 
0.366428 0.208108 0.384900 -0.747757 -19.203472 5.474802 -0.677882 
0.300202 -0.078953 -0.313471 0.263551 6.570360 9.208757 -1.936294 
0.585186 -0.219580 -0.194955 -0.744873 6.535008 -4.893392 3.691462 
0.524509 0.137962 0.429317 0.344812 -2.698061 -7.494104 -19.839860 
0.292083 -0.101463 1.105583 -0.648810 6.032028 16.747227 7.185961 
0.107699 0.280548 0.761229 0.101080 -1.756544 21.150609 21.516090 
0.744916 -0.239708 -0.176189 0.163387 -18.042700 32.718574 11.209927 
0.131940 0.163390 0.533031 0.090304 -7.023322 28.451200 -3.651138 
0.104491 0.175341 -0.188598 -0.122209 -15.475335 -15.827270 22.731175 
0.504475 0.226371 0.081833 0.165118 -9.780851 6.062280 4.481420 
0.159200 0.292032 -0.138269 0.547127 -9.892687 -7.650085 2.429822 
0.144224 0.706532 0.920047 -0.847878 2.578888 23.981754 -1.190837 
0.221063 0.747319 0.209700 0.252395 0.498674 8.862514 -18.502610 
0.339783 0.212223 0.499922 -0.551445 -7.237424 -9.010047 -8.471759 
2.985742 -0.049512 -0.882752 0.489052 22.758028 -2.064302 -0.305790 
0.098040 -0.333604 -0.275100 0.779591 -5.786095 -3.099451 -9.468750 
0.364111 0.508194 -0.066520 0.618431 -8.075758 -7.227020 -0.494127 
0.144886 -0.577537 -0.205403 0.165946 10.504470 12.266081 12.423361 
0.360597 0.212519 -0.401268 0.450415 -6.760155 1.747307 -4.373810 
0.254317 -0.533654 0.768163 -0.805054 -12.881840 -3.387285 -11.936269 
0.555913 -0.591345 -0.597182 0.247369 5.508372 -6.539387 -6.313378 
0.416651 -0.656713 0.386209 0.313047 -30.271888 -3.584590 -3.841364 
0.151008 -0.297494 0.933072 0.999046 0.040115 12.381374 12.244293 
0.577563 -0.118115 -0.264061 0.626302 -5.628826 13.396537 -10.477079 
0.141965 0.836989 0.450279 0.552042 13.641573 2.565498 29.429210 
0.120024 0.489775 -0.201146 -0.392237 -1.657998 -4.546236 11.072826 
0.182852 -0.473380 -0.107589 0.220862 18.265714 -22.707634 -0.165718 
0.189724 0.022769 -0.123769 0.667334 9.016514 -2.258208 -15.165274 
0.150160 0.197014 0.213659 -0.156722 12.636131 -19.122850 24.361669 
1.373741 -1.326938 -0.674687 0.633865 -27.110357 -0.216936 11.998218 
0.283453 -0.000462 -0.192976 0.308332 17.387868 -7.769331 19.784349 
0.170281 -0.405474 -0.696934 -0.432953 -12.134555 3.169594 6.652275 
1.505698 -0.727858 0.609376 -0.149411 -8.850298 4.603034 1.756190 
0.360047 0.133957 0.290562 0.337391 -26.013250 10.014026 -7.178975 
0.588861 0.606420 -0.549803 -0.367074 -11.199540 -6.853109 -2.345510 
0.381565 0.498593 -0.299856 -0.221605 -13.928015 -13.140291 1.425957 
0.166121 -0.064230 0.717395 0.345942 -6.202443 -6.565309 -7.576017 
1.652096 -0.004851 -0.504923 0.064849 5.417977 -6.047893 -3.420145 
0.215498 0.700231 -1.172465 0.568172 22.131275 -12.425601 3.738518 
0.524663 0.022759 0.195454 -0.169257 -9.755617 11.497803 9.117989 
0.489037 0.411600 -0.336744 0.172798 -3.955268 14.104343 -18.983141 
0.247044 0.183534 -0.026128 0.020968 7.519834 1.511756 16.947725 
0.408569 -0.855929 -0.527647 0.279252 -3.555884 4.498265 4.750002 
0.429966 0.209486 0.035995 0.017173 -9.438836 8.834902 3.402537 
0.205030 0.469335 0.072892 0.296000 25.130065 -16.026494 1.788845 
0.104504 0.657333 -0.174781 -0.137356 8.930295 1.415931 -13.792609 
1.704172 0.523234 -0.825690 -0.573729 2.124604 -3.860494 -16.694227 
0.208973 0.271534 0.935489 -0.571057 8.050281 6.621777 -11.171669 
4.631110 -0.615369 0.887960 -0.223755 -14.432189 13.547012 15.860932 
0.135103 0.173015 0.467181 0.278839 -5.764225 -4.470304 -13.896851 
0.169606 -0.077540 -0.359717 0.722953 9.107727 16.789767 6.010779 
0.567692 0.157858 0.658151 -0.130079 -21.936381 -5.714694 -15.888609 
0.214292 0.279733 -0.239754 -0.284773 5.105807 -4.176326 25.437024 
0.450345 -0.042671 -0.689007 -0.664948 -4.045454 4.775511 -2.897759 
0.407103 0.228424 0.058019 -0.403821 -7.763741 8.774130 -4.101992 
0.846636 0.011723 -0.166998 0.284676 4.090126 15.356479 -16.201111 
0.123163 0.639255 -0.012060 -1.074659 5.339884 -11.524063 -14.071647 
0.120648 0.243115 0.348495 0.380878 2.906252 16.365174 -16.658809 
0.387333 0.454239 0.167314 -0.475542 -1.188843 20.603180 3.716296 
1.095352 0.238034 0.013928 -0.117810 9.525325 13.388506 12.358920 
0.212730 -0.335112 0.409888 0.382861 2.054764 -2.645477 -18.668263 
1.575080 -0.175739 0.350161 -0.668430 -6.834592 16.866710 14.091753 
0.102042 -0.293912 0.063949 -0.427918 13.154018 15.212161 2.349733 
0.606266 -0.198693 -0.411514 0.259767 -18.168445 10.510778 2.755743 
0.250734 0.612857 -0.042737 0.100137 8.271386 1.378133 -3.714130 
0.184902 0.244376 -0.987564 -0.037371 -9.095403 0.977470 -1.427885 
0.348863 -0.833480 -0.327785 0.501064 -13.080458 19.054658 -1.968728 
0.127948 0.402531 0.311704 0.026997 15.017180 -16.188507 10.802050 
0.127545 0.747103 -0.537106 0.417532 11.409992 7.655011 26.736716 
0.089378 -0.022713 0.834199 0.369066 15.122994 9.701190 10.143133 
0.220514 -0.910397 0.170282 0.242791 3.407770 9.468542 11.926745 
0.195396 0.631028 0.378981 0.584641 11.887708 -11.582292 -1.671838 
4.245083 0.007881 -0.137655 0.390209 -13.502568 -22.141167 7.144818 
0.095817 0.190012 0.098221 0.626282 -6.682752 10.817243 -1.311973 
0.569763 0.598721 -0.210847 -0.131659 -4.985765 11.308799 -0.635897 
1.098164 0.317211 -0.446811 0.274047 2.366062 -5.376107 4.206750 
0.538990 -0.541615 -0.039388 -0.377349 0.077229 6.210501 -4.081700 
1.288776 0.515641 0.045537 0.054463 -23.811276 7.549018 8.646215 
0.193816 -0.369129 -0.419716 0.509697 7.033615 9.734109 12.703477 
0.378483 0.980066 0.404886 -0.294689 -1.116919 13.778524 2.647710 
0.130333 -0.740547 -0.523471 0.049509 -10.167553 16.967635 2.922558 
0.235233 -0.280165 0.621130 0.628400 -1.211576 6.281047 -14.787139 
0.474050 0.019882 -0.166156 0.449689 16.776690 7.234002 -4.205857 
0.170650 -0.267083 0.656585 -0.138430 9.940029 -6.485037 -2.418473 
0.551803 -0.859822 0.093207 -0.312521 -14.657389 -7.003355 3.443485 
0.131497 -0.491531 -0.122899 0.301282 -0.384449 16.040082 2.313535 
0.367063 0.296868 0.733132 0.083358 -16.476870 2.755484 -11.796304 
0.237052 -0.050243 0.322526 0.289299 -0.457154 -14.229302 -14.132394 
0.979329 -0.692950 0.089560 0.307980 1.616756 -2.339782 15.492303 
0.113309 -0.469236 -0.595855 0.154374 16.464143 1.298481 -2.876097 
0.202812 -0.314273 0.123296 -0.989839 18.558345 6.940717 -10.937224 
0.145792 -0.303092 -0.536812 0.255919 2.191055 12.641024 -10.144492 
0.206856 0.533229 -0.570845 -0.332743 -4.440187 -31.282044 -17.047253 
0.534870 -0.084734 -0.695900 0.708657 -15.808669 7.264505 1.356340 
0.091732 0.121903 0.715441 -0.106366 -22.694190 4.613154 13.236130 
0.094435 0.222543 -0.618891 0.424129 -1.022280 -0.352193 19.707007 
0.106821 0.041065 -0.103957 0.397825 6.799420 -4.963263 -1.992590 
0.443043 -0.373888 -0.192965 -0.188797 11.068152 2.770016 -19.007984 
0.087582 0.529859 -0.362163 -0.035637 -5.142527 -8.823331 -16.359224 
0.159466 -0.495800 0.612042 -0.279468 -14.387513 -5.931564 7.021664 
0.829727 0.210740 -0.269524 0.665901 4.132263 -4.891077 -12.018955 
0.093662 -0.422639 0.698849 -0.101041 -8.697876 9.867608 21.576153 
1.055006 -0.078950 0.384006 -0.644096 -13.001820 7.529207 -10.475491 
0.290595 0.317853 -0.624919 -0.529017 9.590017 -2.020277 15.712726 
0.226020 -0.367866 -0.746510 1.331954 11.101375 -16.175306 27.778904 
0.258652 -0.007739 -0.213031 0.175705 -9.423993 10.413008 -6.089266 
0.504080 -0.014004 0.157564 -0.628300 12.557876 -7.261880 -0.548499 
0.133644 0.332847 0.685566 -0.476256 -8.121872 -8.090447 -30.187758 
0.102367 0.460998 0.289110 0.027989 -7.611274 8.440492 10.972050 
0.102733 -0.599768 -0.112810 -0.274254 14.185077 13.829927 -0.880654 
0.406103 -0.044188 0.410486 0.877786 2.886537 -1.314596 0.261490 
0.170184 -0.528933 -0.969768 -0.047579 -5.846408 -4.485076 -16.825228 
0.080956 0.285198 -0.132834 0.274780 22.791454 27.857305 -10.653359 
0.171393 -0.069607 0.348202 0.585523 -8.396426 23.969265 7.861166 
0.103884 0.115412 -0.275827 0.334199 -11.780316 -0.605901 8.384179 
0.287723 -0.266090 -0.200575 0.133840 0.388526 -1.945471 10.795468 
0.707610 -0.045822 -0.179021 0.041669 -6.595471 -0.435311 27.133285 
0.161798 0.288589 0.612332 -0.464437 0.711582 -2.952899 3.494616 
0.495528 -0.699266 1.328754 0.462300 -12.604222 16.324813 4.162409 
0.081729 0.523400 -0.197502 -0.515016 16.211184 8.399459 12.512492 
0.498673 -0.600325 -0.164317 0.572377 7.427932 -6.725309 9.047658 
0.189760 -0.341997 0.193567 -0.492981 -13.433912 -3.648626 3.632603 
0.174582 0.799028 0.336848 -0.276900 16.448108 4.694305 11.237370 
1.913197 0.144467 -0.670505 0.044867 4.538749 19.012993 1.803935 
0.156957 0.191543 -0.479579 0.463048 -9.626437 9.247820 1.026545 
0.318637 0.067224 0.662896 0.460619 12.384821 10.888686 -0.750164 
0.384886 -0.195940 -0.828516 0.498171 -14.320269 -3.866486 0.279290 
0.094543 -1.072985 -0.260383 -0.542768 -6.042611 10.312664 -20.474440 
0.093801 0.319227 0.122554 0.917838 13.618743 -10.340775 -0.371038 
0.259589 -0.226027 -0.271708 -0.426198 2.253972 12.131657 10.567683 
0.331382 -0.047751 0.092465 0.027666 -6.484926 8.646635 -2.819723 
0.597086 -0.265057 -0.518287 0.153076 -26.998005 15.834802 -10.180087 
0.244466 0.180689 -0.054942 0.044765 -4.066394 -11.034381 7.692230 
0.409757 0.545406 -0.518779 -0.160207 -0.303527 -6.750284 24.281095 
0.703460 -0.952258 0.421851 -0.219851 -4.414662 9.451968 12.928134 
0.129081 -0.145171 -0.155436 -0.186312 14.778213 2.289804 -2.837213 
0.592856 -0.143027 -0.855272 0.014577 15.633052 0.679023 11.727902 
0.598064 0.090225 -0.002775 -0.628280 6.862114 12.173473 15.733424 
0.315326 0.365818 -0.320910 -0.321467 -3.144660 16.562261 14.299409 
0.830552 0.507424 -0.497724 0.506764 3.436006 0.349759 -10.484260 
0.107798 -0.097421 -0.122942 0.201477 -13.857452 18.094684 23.209272 
1.282747 -0.472396 0.236814 0.534858 -3.627226 -21.765780 -5.576900 
0.179704 0.366741 -0.043510 -0.742618 -0.315514 -13.170934 5.354848 
0.226650 0.091966 0.419691 -0.056487 17.524077 -10.305251 5.338777 
0.213577 -0.361554 -0.686722 0.071799 -1.039277 15.100309 5.129110 
0.360054 0.422626 0.603029 0.310162 -2.733655 -6.579026 7.801532 
0.590465 -0.639470 -0.301823 -0.119627 9.284053 -6.600089 2.614322 
0.323997 -0.000558 0.030775 -0.908630 -3.712454 26.359377 -16.040851 
0.080856 -0.458190 -0.895964 0.654299 10.942121 -8.707994 12.448289 
0.143920 0.057884 1.167414 -0.196291 3.688496 14.311208 0.432688 
0.128165 0.450135 -0.413669 -0.173747 20.217881 5.708540 4.233792 
0.371144 -0.398777 0.540130 0.463282 -2.436879 17.126125 -6.512977 
0.145470 -0.997952 0.463512 0.051378 -6.846446 6.899494 -17.566784 
0.092657 -0.018683 -0.836097 0.284859 -3.365912 6.771681 -9.123850 
0.587126 -0.131258 0.344376 -0.974605 20.906765 -12.306413 -17.340303 
0.235289 0.240604 -0.302002 0.043112 8.458110 1.591308 8.139916 
0.569180 0.769477 -0.331424 0.459008 0.690241 -13.304305 -4.385051 
0.093590 0.181501 -0.155179 0.242407 -12.033978 8.027519 23.391433 
0.249342 -0.304142 -0.305319 -0.816848 1.136787 -9.618216 -3.704933 
0.543855 -0.019429 0.334378 -0.241765 30.445104 -5.154475 -9.640709 
0.236315 0.258997 -0.078977 -0.933102 19.939817 28.268540 -16.899329 
0.136931 -0.511878 0.926948 0.077887 -0.689982 3.097374 -8.102950 
0.109437 0.491282 0.041802 0.685651 -5.487826 -16.903329 6.854822 
0.915698 -0.694740 0.303330 0.641184 10.558478 8.126058 2.196228 
0.125769 0.149556 0.505541 0.429676 -10.575703 -5.340104 -6.816898 
0.182221 0.628596 0.304359 0.098160 9.692758 -5.207018 -1.404240 
0.624303 -0.213308 -0.777183 -0.265683 -12.514710 -5.798627 -6.707010 
0.123119 0.558604 0.009318 -0.023695 -14.231704 0.691938 1.601535 
0.093277 -0.662854 0.325874 -0.333349 8.531908 6.008399 4.263014 
0.126609 -0.844221 -0.579490 -0.211690 -6.588491 -9.248390 14.227617 
0.342755 0.234568 -0.641953 -0.008739 6.566163 15.365791 0.870479 
0.887808 0.556739 -0.980360 0.019678 11.218487 -13.072179 3.267053 
0.718573 -0.813074 0.018119 -0.067863 -9.270732 -7.125580 -13.717196 
0.789225 -0.048237 -0.436729 0.375280 -8.495302 22.384880 9.578951 
0.126531 0.192532 -0.302935 -0.154149 18.762203 2.081005 7.742427 
0.685572 -0.351619 -0.270324 0.129896 0.760374 -7.682726 1.802548 
0.342997 1.130176 -0.334693 0.088510 5.143653 -1.583054 -4.446359 
1.141486 0.631690 -0.161742 0.723748 7.035429 10.701444 7.154276 
0.181571 0.030776 0.066660 -0.531666 -13.615344 4.082644 0.966221 
0.271737 0.102333 0.259708 -0.453280 -9.960772 2.494624 3.496329 
2.465276 0.505300 0.156467 0.192737 -3.104167 5.855976 7.777165 
0.132761 -0.931099 -0.338592 -0.141132 -0.389178 1.159875 -12.048094 
0.088416 0.894218 -0.046095 -0.440194 3.991563 -3.488368 4.720842 
0.089291 -0.202294 -0.166135 0.198189 -2.416911 12.769638 -18.066270 
0.263350 0.196561 0.418191 0.690736 8.175027 1.260137 1.072613 
0.423754 -0.232236 -0.647027 -0.335105 13.652148 -6.443821 15.632719 
0.178200 -1.272111 -0.634549 -0.013141 -17.271058 -3.065531 -0.713043 
0.269147 0.515539 -0.875245 0.293286 -11.270551 -11.532376 -4.216687 
1.218772 -0.703831 0.751475 -0.395059 -11.688962 -8.346578 1.703363 
0.195759 0.384231 0.010141 0.608056 9.054167 -19.152472 18.095853 
0.310560 -0.398439 -0.102226 -0.250248 -3.706413 8.738638 16.729620 
0.132928 -0.040623 -0.205586 0.608377 -1.990685 12.680148 -12.328615 
0.130606 -0.488113 0.767309 0.748472 -1.621560 5.097742 3.007850 
0.180981 0.295330 0.145878 0.116645 11.540139 34.142174 27.438516 
8.040799 -0.102000 0.318187 0.166781 9.007067 -1.017658 -1.924166 
0.080873 0.775535 -0.076086 0.203461 2.524103 11.642251 7.942880 
0.337684 -0.247926 0.728055 0.698181 5.842936 2.863872 22.491696 
0.727006 -0.171914 0.624220 -0.229845 -23.961214 8.815966 9.409969 
0.130102 -0.001832 0.735442 -0.397168 -2.102728 2.595403 7.006387 
0.107057 -0.198390 -0.545584 -0.604053 -3.587948 -11.862999 16.329634 
1.352041 0.074529 0.116055 0.846552 -10.263117 4.357715 -5.984392 
0.108970 0.363781 -0.179056 0.653830 -19.163088 -2.344412 11.648732 
0.148499 0.936180 0.730002 -0.572085 13.414651 2.207166 -11.656076 
0.263983 -0.197745 0.272274 0.178682 7.710510 -21.662890 1.014625 
0.240265 -0.040778 -0.671017 0.057430 -13.490592 15.658872 -7.277186 
0.217954 -0.152343 0.353555 0.395019 2.606197 5.929726 3.876427 
0.444167 -0.279488 0.383491 0.656342 -3.587729 15.777132 1.466236 
2.752555 0.185328 -0.130907 -0.323261 1.770897 11.564461 -26.104773 
0.266546 -0.040170 0.176750 -0.191839 11.010431 5.472981 -21.907679 
0.104305 -1.188561 0.112981 -0.163053 -12.190305 7.677542 4.106570 
0.144490 0.566565 0.060643 0.439885 19.477751 15.925868 -12.357709 
0.094619 -0.017988 0.126495 0.469975 6.408343 -2.777422 8.102892 
0.144851 -0.734408 0.336465 0.150570 2.935384 9.210484 22.142375 
0.132290 0.389340 -0.561842 0.258370 -6.815794 -3.225713 24.730684 
0.524424 -0.233347 -0.188929 -0.627902 0.078771 -9.845521 -3.963301 
2.804970 0.108935 0.113678 -0.145107 32.273491 8.474718 -0.443715 
0.151725 0.480550 -0.194103 0.295482 10.339552 6.211829 10.492940 
0.691052 0.147251 0.675100 0.374030 -10.960855 7.238747 -3.720944 
0.123125 -0.685857 -0.895968 -0.393588 -22.979965 -9.572682 -8.654727 
0.095501 -0.440459 -0.350808 -0.182691 5.067144 1.032629 9.559145 
0.082472 -0.151018 0.013822 -0.054627 -0.379253 -4.271489 29.128728 
0.088000 -0.529451 -0.079057 -0.417779 -3.202617 -0.531317 17.448618 
0.106567 0.486465 -0.159948 0.058848 -4.465412 -1.121751 3.807176 
0.083960 0.224574 0.283342 -0.242267 -6.762654 -21.280153 14.523971 
0.444394 -0.054951 -0.423912 -0.596086 -5.011241 7.116310 7.454949 
2.968598 -0.231366 0.312830 0.624382 -10.449013 4.509607 -10.829505 
0.118415 -0.621483 0.232172 0.860442 -13.587234 -0.073852 -6.254587 
0.123056 -0.112682 -0.206700 -0.357248 -6.909620 -13.768866 11.963909 
0.111967 0.136002 -0.439063 0.322621 -18.294676 1.688085 -11.591545 
0.095336 -0.006948 0.264963 0.184376 -5.305453 1.801962 7.841229 
0.085245 0.232453 0.198517 0.687739 -12.024073 2.769907 6.400298 
0.219520 0.106441 -0.212858 0.507372 -23.446757 -9.743899 14.913739 
0.269315 -0.388533 -0.964195 0.640696 -7.962263 -11.200035 13.793717 
0.084729 -0.301795 0.559150 -0.496438 -4.931893 -6.683591 8.648402 
0.193296 -0.111539 -0.974053 -0.266281 5.672257 -4.651703 13.919254 
3.042533 -0.270474 0.538570 -0.469304 -5.026220 -15.953415 -13.192264 
1.417540 0.688172 0.987180 -0.525796 14.624770 12.729685 0.056718 
0.348250 -0.403459 0.311529 -0.378932 -8.049605 2.097382 -0.203294 
0.189420 -0.714049 -0.244497 -0.402244 2.250909 2.364605 14.138688 
0.222484 -0.200757 -0.102267 0.298875 -3.839581 -10.629643 13.026169 
0.319069 -0.641125 -0.175315 -0.527622 0.709633 6.014266 -12.273867 
0.092091 -0.540785 0.033896 0.238257 -9.991872 -7.128833 14.728015 
0.486369 -0.042837 0.374334 0.000718 22.368570 -8.115510 -10.676093 
0.293964 -0.450263 -0.548292 0.427107 6.309104 8.740572 -3.388393 
0.150389 0.417544 -0.681459 0.157923 -6.996488 2.979629 -9.150574 
0.098254 0.617719 0.062552 -0.376503 -6.135905 0.359105 -4.683027 
0.129777 -0.153522 -0.023515 -0.101603 -5.830387 -7.294542 6.391873 
0.089968 0.423066 0.057104 0.888977 11.493597 14.417726 -2.558874 
0.178187 -0.491099 0.053117 0.438265 1.637947 -2.399531 -18.341111 
0.446547 0.126550 -0.389627 0.193318 -19.298764 -4.694468 -4.807224 
2.596189 -0.455187 -0.538460 -0.661015 -21.253669 -19.050091 -4.579234 
0.941679 -0.164515 -0.171016 -0.063520 -3.844371 9.803458 -16.575988 
0.357477 0.056636 0.857026 -0.435126 -5.913135 1.354647 4.389208 
0.233141 0.389621 -0.426219 0.405231 -4.575825 4.402933 1.701126 
0.109886 -0.726694 0.374327 -0.044950 -9.194565 -2.115061 -7.917487 
0.103385 -0.634933 0.065862 -0.476356 -1.339797 9.396100 -6.315255 
0.307529 -0.748926 -0.102555 -1.204137 -8.096332 -12.707385 -12.833915 
0.224214 -0.764821 0.740150 -0.344972 -7.137986 -0.098044 -28.676038 
0.688471 0.317793 -0.530220 0.388488 10.310031 -7.553965 -5.937174 
0.121886 -0.239534 0.341275 -0.518325 6.429099 -18.096961 -5.035456 
2.036878 1.218504 -0.643099 0.191782 13.383076 -11.600428 -6.773687 
0.108772 -0.235580 -0.369563 0.163442 -9.344430 19.841233 14.531191 
0.087214 -0.842871 -0.565972 -0.892158 -6.201391 -16.941704 -7.197012 
1.095005 -0.144324 0.288659 0.585339 5.952805 9.141905 3.409143 
0.462444 -0.322380 0.240670 0.893614 3.008003 -1.240994 -6.041838 
1.195467 -0.066416 -0.807711 0.034223 -0.512160 -2.074742 0.804825 
0.124532 -0.889780 -0.313868 0.315639 -0.427499 -4.423661 -0.356090 
0.239527 0.552406 0.425143 -0.580458 -2.322040 -7.193651 2.553944 
0.513647 -0.184801 0.599650 0.147892 5.380787 2.723059 22.291899 
2.322161 -0.612244 -0.534676 -0.540602 7.353602 -0.194010 -15.340362 
1.749945 -0.420984 0.955560 -0.077085 4.718216 2.622419 -6.586614 
6.427225 -0.115173 -0.673584 0.410433 -12.357671 -0.620594 6.396213 
0.187473 0.305642 0.158136 -0.654678 -5.608336 -3.672694 -2.461673 
0.080411 -0.863182 0.379132 0.213499 -12.420136 14.583122 14.878768 
0.084886 0.401100 0.173047 0.097625 -19.067163 1.966261 7.125785 
0.210734 -0.346607 0.628703 0.557039 -5.056923 6.108286 -7.440842 
1.039799 -0.080244 -0.269366 -0.489009 16.325296 2.352965 10.549979 
0.589256 -0.478814 0.027487 -0.023012 2.404844 -10.395103 9.282064 
0.193774 0.388529 0.824908 -0.543129 -11.130933 10.570537 5.381409 
0.204408 -0.756384 0.209242 0.084096 0.026436 -0.218115 -14.461608 
0.203976 0.340593 0.138235 0.696165 -22.079402 9.130024 8.883170 
0.100379 0.166099 0.342725 0.099838 -4.335989 -13.554302 -10.210294 
0.224716 0.379655 -0.571027 0.162477 5.637234 -4.435714 24.088609 
0.736908 0.163369 -0.398536 0.254878 13.419986 25.312464 2.658985 
0.183623 0.373488 0.296853 -0.834935 11.756609 4.232081 -7.991874 
5.763363 -0.476877 -0.471341 -0.176971 -7.583982 -15.570611 -3.574261 
0.155563 -0.589834 -0.527109 -0.380913 5.828484 5.113415 2.616705 
0.205052 0.495447 0.446998 -0.417561 -13.617939 15.337978 8.624256 
0.256881 -0.015707 0.107635 -0.873671 -8.438106 -16.804228 2.333937 
0.383592 -0.019289 0.334322 0.895130 3.601526 -19.390174 5.381391 
0.115189 -0.054961 0.294737 -0.946824 -15.200562 19.518115 2.059388 
0.144188 0.665427 -0.266828 0.156977 -5.998337 -1.884965 8.919223 
0.208231 0.118933 0.206742 -0.468567 -14.443195 8.938746 17.089112 
0.523071 -0.777240 0.361899 -0.655865 -6.982871 -7.164524 2.017943 
0.460238 -0.724468 -0.078482 0.999776 8.689558 0.080431 17.248334 
0.500482 0.456018 -0.122710 -0.585969 2.338113 15.086599 -7.542004 
0.190881 -0.581677 0.444048 0.460633 16.118756 7.971596 23.812132 
0.095002 0.127633 0.591463 0.148825 15.022281 -0.183044 -3.368230 
0.282526 0.689787 0.096173 -0.556072 6.248214 -3.882683 7.693138 
7.200905 0.378320 -0.152061 0.426952 -11.127436 7.345424 23.577560 
0.639887 0.089806 0.458168 0.785671 -20.954492 6.855266 -2.275879 
0.088337 -0.020473 0.305002 0.080605 6.045498 -14.994459 1.495017 
3.427020 0.053096 -0.225410 0.198658 17.329920 -11.049956 13.856010 
0.286232 0.260089 0.423736 -0.282090 -8.514691 -16.993360 -1.996742 
0.111446 0.175474 -0.153828 0.215470 -6.837572 19.644765 21.610131 
0.194955 0.419032 -0.269478 -0.170536 3.163245 9.166461 -0.325688 
0.190041 0.165801 -0.117816 0.562468 -22.878515 6.979264 1.419718 
0.170109 -0.051852 0.501053 -0.051481 -8.942333 4.196930 11.619222 
0.162386 0.574807 -0.408631 0.282735 -10.770973 1.909705 13.065576 
1.166044 0.402554 -0.687846 0.297033 15.980347 6.122148 26.130391 
0.584740 1.159459 0.287368 0.291037 10.122697 -1.099314 3.925573 
0.396613 0.348493 -1.110467 -0.137749 -8.089332 -10.338288 -12.359740 
2.418064 0.278800 -0.124799 0.244625 -7.560497 11.227570 1.402486 
1.010429 -0.716178 0.532285 0.186210 -2.395643 -2.972265 1.634710 
2.532142 -1.198308 0.434989 0.020026 -9.831811 -5.542554 -0.746033 
0.107929 0.175064 1.015414 0.515528 7.793376 3.286419 7.587357 
0.167175 -0.572849 0.010846 -0.694040 -5.912332 -1.208634 -9.403066 
0.254952 0.734951 -0.876494 0.052338 15.738344 -3.295551 -11.160417 
0.429694 -0.543801 -0.419017 0.136474 11.959362 4.955317 18.752440 
0.496826 -0.589226 -0.108379 -0.729333 4.254658 -4.613114 4.869221 
0.121547 0.364628 0.157975 0.458996 13.045640 -31.752574 1.423503 
0.215928 -0.073869 -0.627771 0.323162 0.652574 16.365986 4.515635 
0.270339 0.148595 1.016350 0.546186 -6.371480 0.688183 5.805108 
0.080083 -0.748098 0.211057 0.040288 -1.809224 4.659277 17.314966 
0.272801 0.355341 -0.430023 -0.087789 14.786125 -4.340540 1.080376 
0.248941 -0.906764 -0.165689 0.533259 3.486681 -8.717777 9.779770 
0.198171 0.047835 0.158812 0.370225 1.074778 -17.651062 0.363577 
0.125940 0.133718 -0.637661 0.073631 -3.607181 14.101588 8.401970 
0.397489 -0.141613 -0.194267 0.195714 8.913892 -3.170908 13.752471 
0.109822 -0.138438 0.197344 0.370581 32.746544 4.828008 1.509303 
1.950578 -0.241518 0.885141 -0.385406 -7.334020 -7.992633 -3.192766 
0.085723 0.030970 -0.292873 -0.477081 -6.601250 5.764840 11.848764 
0.261677 -0.299348 -0.204686 -0.241703 13.266801 12.998509 -3.572968 
0.410668 -0.679226 0.910626 0.042219 2.564239 9.282049 15.728122 
0.278253 -0.302087 -0.225577 -0.270954 11.580186 -12.817401 10.751641 
0.362834 0.223745 -0.595499 0.053280 -13.029599 4.873703 9.916355 
0.191416 0.923150 -0.476905 0.081955 36.124877 10.512409 -4.662601 
0.204516 0.171778 -0.417626 -0.762249 13.215045 -5.837405 -8.498187 
0.119244 0.234684 1.118707 -0.049818 0.177427 2.487159 10.344665 
0.394798 -0.424321 0.362375 -0.525720 -1.620068 -6.368313 -5.595734 
0.108074 -0.079785 -0.306011 0.527925 5.851565 5.239361 -17.904349 
1.687457 0.439709 1.232643 -0.308244 16.715397 21.780699 5.858253 
0.142585 -0.369717 -0.769274 0.063516 0.581056 -2.427869 -9.586553 
0.999592 0.298798 -0.306866 0.427118 2.132753 12.522733 -21.203377 
0.835224 0.659772 -0.867005 -0.093004 17.602963 8.541000 -1.784043 
0.133760 -0.162256 -0.503499 -0.366913 -17.297505 -9.653156 0.371713 
2.914902 -0.407159 0.242623 0.084286 22.869177 -7.461104 -0.830544 
0.289537 0.238834 0.139369 0.271550 -10.265067 -13.827602 8.841922 
0.111589 -0.275519 -0.023726 0.088764 -1.069001 11.804230 11.669343 
0.666435 -0.232480 -0.497471 -0.050653 1.401410 21.295934 -3.213674 
0.118124 -0.422172 -0.179550 -0.105107 -2.206414 -11.740371 7.473210 
0.082017 0.324399 -0.452528 0.268860 -14.180306 1.423031 10.568680 
0.384643 -0.700312 -0.118392 0.337154 -5.451764 -7.924569 -8.108181 
0.170390 0.321197 -0.008988 -0.117069 -7.358872 16.308755 21.416305 
0.164634 -0.055338 0.597935 -0.449743 -7.935922 -4.211639 5.674220 
0.710018 -0.468257 0.353405 0.066243 -12.921823 19.839243 11.456888 
0.490174 0.313992 -0.039499 0.753293 -3.963557 -11.315220 -5.361386 
0.209872 -0.038845 -0.599380 0.448081 -5.466640 5.371703 22.486654 
0.191407 -1.158119 -0.759769 -0.242810 -10.897552 -4.934528 -16.834349 
0.086220 -0.193315 0.088055 -0.310573 26.782405 -2.204013 1.983884 
0.253249 0.324039 -0.824342 -0.095282 2.504505 8.354290 1.976845 
0.443660 0.012595 -0.239664 0.016646 13.037715 12.073419 -11.222071 
1.478874 0.578739 0.214762 0.162225 12.513462 15.584006 8.209846 
0.997008 0.755430 0.603155 0.214160 -4.133566 -3.207092 0.481373 
0.119733 -0.723179 0.772171 -0.516406 -1.286181 1.811076 -16.341362 
0.155712 -0.793569 -0.588880 0.501244 -8.863489 0.354496 6.014654 
0.248140 -0.184984 -0.221402 -0.059145 30.036412 -1.972235 -6.568745 
0.211986 -0.172645 -0.180406 1.319412 -9.247819 -13.176219 16.894772 
3.164370 -0.000473 -0.319788 -0.746031 9.228322 11.262187 0.796709 
7.811175 -0.363069 0.852073 -0.167032 2.474535 3.098487 -3.093825 
0.119711 -0.519981 0.100897 -0.401395 -7.041579 -0.418130 17.598337 
0.081905 -0.251082 1.131796 0.328010 -1.043039 16.029808 4.676758 
0.128974 0.233347 0.776495 -0.076279 -5.411058 -3.094203 10.358593 
0.098410 0.371010 -0.008298 0.268327 -5.920832 -0.723680 -5.060971 
0.208666 -0.497920 -0.370478 -0.498969 -12.220107 2.888121 17.363285 
0.338702 -0.509964 0.198493 -0.383486 -0.632422 -22.836567 7.799928 
0.270406 -0.754081 -0.254437 0.065329 -2.928165 -7.626700 -17.340678 
0.261780 -0.563157 0.458171 -0.652399 2.086751 0.221959 -2.233166 
0.198271 -0.318754 -0.643751 0.477937 8.883541 6.398056 -2.998601 
0.547947 -0.613204 -0.312809 -0.268381 0.875910 -0.513925 4.030280 
0.084496 -0.024710 1.124428 -0.298315 -5.579447 8.257270 10.390299 
0.547853 0.025123 0.508220 0.041569 1.017896 -8.544508 -1.245225 
0.124445 0.377768 -0.685161 -0.164035 2.207827 3.441359 8.609391 
0.573077 -0.210730 -0.015329 0.296988 -11.311889 8.816497 -16.894631 
0.415176 -0.234133 0.480925 0.018040 2.893806 -14.761574 -16.711064 
0.878922 0.365132 0.876274 -0.142848 -2.131618 -4.161711 -16.428136 
0.094683 -0.265237 0.978075 -0.822741 -2.998522 2.281945 -13.719948 
3.025229 -0.942464 0.632407 0.347153 -4.760815 17.905246 -5.966552 
0.102725 0.303540 0.684758 -0.286908 -12.567356 -9.310351 -9.961428 
1.385436 -0.775549 -0.509179 -0.030212 -24.502890 8.920836 7.065496 
0.188343 -0.206262 0.113960 -0.322971 21.795286 -11.801091 0.449010 
0.308804 -0.692173 0.185266 0.552828 10.029310 11.750406 6.604321 
0.266901 -0.302143 0.631956 0.061447 22.576012 17.826943 4.924046 
0.352073 0.703768 -0.004895 -0.900170 -3.959642 -4.590326 -7.894584 
0.588656 -0.202569 -0.338722 -0.565509 14.087092 -11.792917 -18.383420 
0.105091 -0.167746 -0.330284 0.272188 -10.731482 -2.994891 1.667284 
0.147682 -0.036696 0.355447 -0.808046 18.238557 -5.672870 -5.224874 
0.179358 0.668889 -0.461311 0.092512 -3.348467 7.015759 -8.280749 
0.522896 -0.040764 0.346098 0.110681 22.075313 -9.732858 -1.754961 
0.141510 -0.079290 0.100314 -0.039398 18.381906 -12.505759 -16.658404 
0.105633 -0.126323 0.238104 -0.271426 -6.693947 2.044075 -10.454929 
1.115389 -0.065448 0.164742 -0.495681 7.346318 -8.930644 -3.315464 
0.100224 1.114886 -0.447762 0.478966 17.270622 -13.786064 -6.028962 
3.043771 0.557533 -0.122812 -1.170839 14.084911 -3.889896 -13.743145 
1.677124 -0.079235 -0.592890 0.750789 7.522637 -10.856252 3.063826 
0.154714 -1.301367 -0.211692 0.019982 -12.178645 -8.117440 -5.896348 
0.509531 -0.107299 -0.197885 0.133054 14.962120 2.977006 9.021510 
0.118595 0.612094 -0.557962 0.547016 9.677187 -0.267267 6.474235 
0.192470 -0.159039 0.071274 0.015536 29.355784 -1.561720 0.925721 
0.156661 -0.124413 -0.894473 0.384282 1.491582 -5.188135 20.487409 
0.269171 0.250696 -0.012701 0.524896 10.585434 7.771552 -5.434738 
0.275015 0.703730 -0.232586 0.210596 -9.333024 9.898948 8.026367 
0.133107 0.441386 -0.123196 -0.543453 -10.966753 4.507519 4.941152 
0.116244 0.241140 0.059959 0.170821 17.306331 -18.536173 3.168598 
0.262815 0.143331 0.349801 0.354180 -5.468715 -15.844928 19.080339 
0.152197 0.699301 -0.088711 -0.010967 -8.913942 6.194078 -24.449568 
0.591538 0.450578 -0.279606 0.312677 12.463239 -20.084579 -23.735579 
0.273814 -0.683481 -0.577933 -0.146729 -3.677722 -2.024519 1.629849 
1.296377 0.233533 -0.500743 -0.143725 -3.121339 18.524093 12.587306 
0.625099 -0.176401 -0.123703 -0.732842 1.653591 -8.965271 14.307808 
0.953431 -0.452451 -0.192395 -0.027798 -24.475644 -9.965004 19.582938 
1.362864 -0.750788 0.022412 0.362810 -3.159355 9.224525 -2.934300 
0.388981 0.535320 0.028079 -0.349919 -10.182990 7.862724 10.049877 
0.178332 -0.036892 -0.544294 -0.400518 30.975409 -3.801590 -0.585470 
0.372184 -0.438542 0.107532 0.597607 -12.096235 -11.029071 10.367050 
1.884918 0.104632 0.174318 -0.243317 -27.625641 0.353406 -5.233234 
0.093160 -0.846357 -0.197138 -0.501828 -8.607247 -8.199601 -6.996661 
0.093696 -0.058095 -0.336867 0.000540 5.549921 -17.300580 2.360436 
0.080850 1.118363 -0.101204 0.370893 13.433135 -18.319434 14.597349 
0.277717 -0.165521 -1.372173 0.095888 0.616721 -15.036190 16.367074 
0.330199 -0.110792 -0.246456 0.255799 -16.791660 16.587612 12.145448 
1.020862 -0.497946 0.486610 0.180824 14.189306 8.455867 0.262739 
0.554068 0.277028 -0.085365 -0.017359 -13.777180 9.829433 10.799027 
0.410517 0.846821 -0.039733 -0.183397 6.412305 -3.498145 13.398183 
2.241100 0.316992 -0.311820 0.328847 -26.740810 0.965200 13.661809 
0.769947 -0.235862 -0.211057 0.934814 -11.361325 -6.082222 -7.953185 
0.085466 0.490330 0.639764 0.452491 5.340779 -10.509822 -4.567149 
0.645582 0.142558 0.003985 0.767538 -6.372435 11.868521 -3.454972 
0.291207 -0.088981 0.106475 0.108387 30.983054 1.514447 -16.795867 
0.780826 0.998367 0.188313 -0.065367 6.425588 22.386695 5.652486 
0.178041 -0.038882 -0.110762 -0.202460 -9.700837 7.928083 7.056601 
0.111657 0.506581 -0.350631 -0.124183 13.596344 6.248485 8.821484 
0.141933 -0.331838 0.622916 0.681381 -8.188080 -6.541220 1.389602 
0.503658 0.431087 0.431400 -0.525703 -4.159248 -6.489737 8.577509 
0.266518 0.914751 -0.122156 -0.227041 -0.391726 -12.724582 -15.013625 
0.136578 -0.337116 -0.191481 0.116327 24.209277 3.596809 7.264907 
0.126498 0.147566 0.234445 0.256424 -18.536305 10.789127 -11.148244 
0.081261 0.423462 0.972315 0.349661 24.195201 0.707691 -1.100698 
0.167252 -0.025080 0.120623 0.204174 -1.309585 -0.022983 -9.886167 
0.607244 -0.512970 1.252257 0.467656 -2.477170 17.611932 3.459068 
0.266741 0.318920 -0.003784 -0.347262 -19.372039 10.602282 3.168267 
0.157175 0.772041 -0.074346 0.306951 -9.346397 -11.545150 24.745014 
0.366807 -0.355224 -0.025523 0.465217 3.137962 -18.019560 -14.683374 
1.030213 -0.159372 0.000843 0.663215 1.503959 1.755379 10.429594 
0.140945 0.928721 0.840801 -0.369966 17.926922 5.515161 9.013001 
0.288794 0.300706 -0.167464 0.590354 -7.340484 -7.042903 -17.011074 
0.182724 -0.170398 0.972075 0.459241 -12.555486 6.400430 -6.928244 
0.115248 -0.500992 0.637200 -0.119842 -19.676702 11.902417 5.151494 
1.012019 -0.382000 -0.598941 0.571525 -3.412323 3.655507 -0.753049 
0.292049 -0.538473 0.661303 -0.214126 -17.614163 -13.226398 5.785647 
3.273691 -0.175423 -0.020692 -0.046938 -0.864371 1.539201 17.330470 
0.507219 0.185525 0.695245 -0.351684 -13.307241 13.648936 18.202218 
0.325723 -0.654919 -0.073307 0.894597 -13.213663 8.111454 -3.155832 
0.153073 0.100587 0.992709 -0.298599 13.943281 7.419507 -34.500010 
0.229855 -0.398390 -0.039555 0.137647 11.632074 13.129729 14.358630 
0.196589 -0.281844 -0.276886 0.015032 1.322287 -2.279780 -18.108720 
0.095001 0.269348 -0.061182 0.379448 6.760535 7.534275 -26.394991 
0.458870 -0.954660 -0.776217 -0.099121 -6.343499 -2.117807 -2.085028 
0.085890 -0.612691 0.943218 -0.447096 -2.312024 21.657656 16.008212 
0.170408 0.664936 -0.354517 0.047973 -6.780088 7.914690 -9.835175 
0.130084 0.249006 -0.354656 0.305066 2.218197 -12.918217 -3.540223 
1.384359 -0.390154 -0.399880 -0.217845 -5.734621 2.042274 6.808300 
0.642711 0.091345 -0.366954 0.012734 -8.535728 4.189965 -16.187475 
0.176254 -0.841670 -0.372927 -0.431752 -3.133556 0.419629 7.132205 
0.156623 0.320539 -0.387972 0.036360 -21.664633 -14.920656 3.791260 
0.874755 0.444717 0.241389 -0.070403 -11.095581 -8.124617 -6.217357 
0.628183 -0.116711 0.668404 -0.100433 -7.106665 -6.895824 15.366826 
0.127719 0.286319 0.128948 -0.644975 19.023611 -7.753101 15.391726 
0.209256 0.364203 -0.173435 0.250702 0.500156 -3.887183 13.828067 
0.393003 0.103145 0.019964 0.200490 23.446766 8.212507 -4.501496 
0.395444 -0.938760 -0.812724 -0.603037 -8.616700 -13.359946 1.885766 
0.150757 -0.622082 -0.001333 -0.016737 8.814365 -18.042901 18.920871 
0.613619 0.002305 0.315714 -0.093682 18.879618 -1.885627 -27.325282 
0.371705 0.173787 -0.706898 0.006087 17.515370 5.461876 8.372414 
0.128172 0.123885 -0.476807 -0.384883 -1.685877 17.996374 1.545582 
1.227367 -0.418620 -0.032285 0.009668 -23.894294 24.509535 10.114358 
1.287495 0.196188 0.119149 0.221211 -6.568700 -6.406907 -16.171609 
0.285623 -0.094805 0.441121 0.432469 -22.087830 -10.769344 -9.638903 
0.186793 0.153920 -0.107044 0.355802 -0.771781 19.764663 -15.842026 
0.151928 0.876717 0.327775 0.216336 3.730367 -4.980801 -5.845583 
0.107729 0.066114 -1.001774 0.268551 4.583011 -7.360211 -8.751526 
0.789450 0.040878 1.011044 0.544890 0.169076 1.661229 2.094016 
0.417882 0.418041 0.285051 -0.992838 15.658022 0.483507 3.047053 
0.415458 0.203955 -1.256564 -0.679689 -5.053451 -23.786392 0.502244 
0.510419 0.516287 -0.657454 -0.103664 2.018653 11.075689 9.368416 
0.130425 0.560572 -0.117934 0.253825 1.800149 -8.869867 14.766294 
0.312402 -0.798736 0.650231 -0.258743 2.965145 3.173851 -1.815244 
0.489643 0.289496 -0.049715 -1.166371 -2.561536 6.383202 -22.056821 
0.449688 -0.174710 -0.596173 0.644639 17.260998 10.756495 16.981302 
4.640213 -0.812181 -1.291048 -1.198451 -8.808635 -25.818588 -35.827060 
0.102329 -0.756381 -0.382433 0.496023 8.234240 -6.881617 0.930811 
0.088752 0.457135 -0.412879 0.226848 -24.960948 -2.348094 6.964881 
0.124181 -0.064926 -0.184569 0.489996 12.816104 -25.424693 11.518198 
0.142677 0.837835 -0.105519 0.210015 -3.381288 -8.007399 -12.879198 
0.646196 -0.632407 0.671649 0.492254 -8.070087 9.550435 -17.587879 
0.112694 0.177633 0.647828 0.419344 -15.226839 -10.777072 9.453051 
0.176104 0.557100 0.071948 0.828820 -4.035938 -8.363615 9.196102 
0.106965 0.171636 -0.197902 -0.461960 -12.623858 -7.365542 6.645301 
0.330430 -0.376622 0.705499 0.108919 -13.284466 8.760251 2.386664 
1.059937 -0.022384 0.007807 0.294690 22.073507 -0.938139 -13.188520 
0.446854 -0.039980 0.564559 0.116305 3.823431 9.651545 -18.364272 
0.249843 0.245874 -0.360839 -0.103697 -2.805716 19.202840 15.951321 
0.126972 -0.047183 -0.289322 -0.414910 -8.618497 -2.952098 -9.156368 
0.148713 -0.439190 0.253444 -0.007276 -2.466825 -2.117028 13.024449 
0.153845 0.432552 0.298590 0.070888 17.303847 15.691913 -8.780212 
1.523067 -0.082890 0.676273 -0.013008 -1.996786 -7.366819 1.614073 
1.665441 0.135654 -0.836478 0.402915 6.459401 -5.594454 -16.409404 
0.167356 0.069038 -0.418391 -0.203941 17.076619 14.965648 5.531840 
1.433413 1.328547 -0.249843 -0.175970 18.395152 -17.941215 0.622293 
0.264805 0.047727 -0.706023 -0.107040 -14.298530 -19.372303 1.678241 
0.110793 0.019239 -0.345039 0.679789 -5.720002 11.549226 -6.811954 
0.180061 -0.180899 0.477039 -0.295237 -6.115001 4.132646 0.486083 
0.195410 -0.109993 0.091208 -1.283082 -1.353076 2.178957 -11.836217 
0.091610 0.888585 0.350613 -0.513239 15.759862 6.004775 13.185528 
0.100160 0.296624 -0.530142 -0.333270 -11.665570 -3.550837 -0.404256 
0.329612 -0.270971 -0.172495 0.433854 -14.477333 1.671072 14.889966 
0.174903 0.291886 -0.898739 0.316887 -9.450253 -18.424485 -7.276515 
0.088879 0.120529 -0.136370 0.134873 -15.111292 4.242611 -11.077306 
1.382242 -0.684791 0.227956 -0.789070 5.785802 -11.599118 -13.106801 
0.137418 0.655902 0.571819 0.240869 -8.733792 -6.729152 4.710649 
0.550522 -0.815148 0.095972 -0.382859 -7.247717 -19.271403 6.296552 
0.977405 0.137576 0.608929 -0.172965 -11.083032 11.700891 -14.914601 
1.078071 -0.347010 0.164204 0.561293 -2.607204 19.267907 -0.416215 
0.158053 -0.375220 -0.005062 -0.001521 10.727364 -33.207458 -5.676851 
0.173348 -0.320180 0.024335 0.328925 1.766723 -5.131344 -11.065873 
0.082934 -0.093112 -0.505331 0.918014 16.535531 2.965617 5.382273 
0.136636 0.087985 0.186252 -0.068360 -17.240896 -12.535614 18.283114 
0.143734 0.809782 0.332366 0.218285 2.102007 5.017138 -9.922575 
0.441192 -0.450556 -0.201943 0.256157 -11.335280 9.939639 -11.930573 
0.419927 -0.549622 0.304869 0.502307 2.034492 -13.592363 2.058835 
0.233936 0.651889 0.482382 0.370385 -14.203604 2.846196 16.412140 
0.472655 -0.473169 0.026114 0.037896 -12.561616 -11.319139 -14.384106 
0.114863 -0.452718 0.111206 0.329732 -6.731287 7.139191 -23.772195 
0.090134 0.010933 -0.234836 0.192114 9.616704 16.444026 -3.961406 
0.541043 0.099512 0.023718 -0.594320 30.263683 -4.856221 4.178499 
0.282572 0.297403 -0.116180 -0.093177 -26.413600 -8.334273 2.422135 
0.115642 0.635527 -0.316099 0.061331 15.914382 -14.785720 -0.108920 
0.081355 0.068029 -0.211308 -0.676567 -24.954720 8.614881 -15.343437 
0.367829 -0.184393 -0.851885 0.151471 -6.820749 -6.339446 5.392302 
0.139629 -0.473490 0.082159 -0.071181 -2.737645 -20.982683 -5.041203 
1.352784 -0.441427 0.099533 0.459306 -5.200537 -3.296664 -8.120657 
0.125255 -0.496468 0.552322 0.112890 6.557812 -7.487140 -17.124410 
0.401327 -0.074447 -0.374610 0.875788 -1.267379 -7.194276 25.231119 
0.285734 -1.066041 -0.293704 -0.445870 -5.703878 -19.704961 -0.127070 
0.395651 0.022782 -0.248643 -0.126332 23.130195 -10.862832 -9.068944 
0.293098 0.685924 -0.293379 0.260191 -2.902238 -7.325878 11.851042 
0.087827 -0.804890 0.364167 0.016556 2.744086 12.223922 8.119371 
0.145431 -0.509445 -0.482857 0.704938 -16.638919 -0.874521 -9.786983 
0.180115 -0.170351 0.442724 -0.438814 -22.992360 10.742163 0.773123 
0.096200 -0.158004 -0.086919 0.119147 -0.011239 -16.046116 -8.388123 
0.666776 0.060512 -0.081451 0.198098 -30.470414 -15.174911 22.446568 
0.204329 0.098030 0.373126 -0.115241 1.350886 4.715489 5.262344 
0.115895 -0.183484 -0.585058 0.647242 3.800165 11.281046 0.074661 
0.093908 -0.337402 -0.251021 -0.659101 2.705118 -10.402280 4.751556 
1.218377 -0.600620 -0.697347 0.303788 -11.410777 10.632237 8.999058 
1.577937 0.627728 0.552908 0.263258 -8.633830 -2.165694 9.146860 
0.624013 0.258330 0.028404 0.614923 1.699741 -14.762466 6.416353 
0.094581 -0.020100 0.965995 0.272849 14.787892 0.050948 5.721690 
0.082735 -0.230976 -0.301504 -0.708955 -0.115510 10.269911 -4.895878 
0.117562 0.565378 -0.769545 0.360386 -0.143167 -8.385016 -15.292285 
0.104059 0.001785 -0.439814 0.548654 4.978534 -12.269881 -11.204544 
1.175398 0.343098 0.389841 0.268309 -5.524043 -5.945181 27.877476 
0.164169 0.458084 1.381776 0.096349 16.933017 14.916604 -13.730429 
0.291452 -0.199669 0.491131 0.366585 -14.661808 -4.186082 -12.670442 
0.206673 0.164942 0.201524 0.236685 -19.806793 -18.954197 -2.038031 
1.289324 -0.158808 0.174580 0.869812 18.682780 27.196959 7.683379 
0.086315 0.177612 -0.133766 -0.303424 -15.866326 1.913435 -6.918164 
0.235153 -0.114543 0.570270 0.338505 2.966517 -13.084645 8.938069 
0.115719 0.091906 -0.125899 -0.827798 17.899479 -16.448953 -21.972814 
0.363410 -0.348871 -0.392681 -0.545120 8.722745 -3.240562 5.581352 
1.751386 0.709978 0.303515 -0.552003 16.451475 -4.703556 3.829671 
0.207984 -0.442876 -0.105892 0.604428 -0.405252 -2.877123 -6.432645 
0.102911 0.004524 -0.745209 -0.595180 11.901752 -14.508383 5.709456 
0.178659 -0.589560 0.869322 0.058990 5.514773 8.409470 9.064865 
1.266026 -0.403946 0.765045 -0.255107 4.702477 1.768730 -14.139601 
0.304509 0.541393 0.574473 0.412665 3.355438 -12.731535 3.863118 
0.111776 0.301195 -0.116962 0.179314 -5.708346 2.459041 1.360112 
0.518423 -0.486413 0.472266 0.132110 -22.547818 -10.875579 27.807690 
0.412206 0.702237 -0.415100 -0.046234 -9.305111 -3.960792 15.286735 
0.151101 -0.269176 -0.309654 -0.589771 4.929729 9.368503 -3.208058 
0.220913 -0.401304 0.754632 -0.198234 10.622732 1.679008 8.583051 
1.412488 -0.057126 0.147447 0.440768 5.214271 -5.800052 -18.563408 
13.278585 0.127792 0.634571 0.148991 -14.347374 7.146022 11.952218 
1.463321 -0.202826 -0.617621 -0.195408 -16.217570 15.141830 1.013935 
0.120159 0.100602 -0.843647 0.308569 11.782048 8.850252 11.937702 
0.365350 -0.383015 0.735058 -0.027733 5.732993 -4.107503 8.357530 
0.105973 -0.301304 -0.341847 -0.776949 -6.112211 -1.723070 9.878281 
0.295892 -0.761591 -0.530410 -0.268600 -1.401899 2.971119 8.403166 
0.206326 -0.387040 -0.084659 -0.178191 -10.471282 4.698638 0.272229 
0.093712 -1.194669 0.231317 -0.078568 -7.527482 7.253230 -3.035660 
0.095148 0.167854 -0.481544 0.221499 5.498859 2.685372 10.055717 
0.206538 0.444250 -0.424465 0.062218 -15.227255 -24.307428 5.547685 
0.086877 0.416504 0.560217 0.710187 -0.087241 -1.954497 -0.083445 
0.089099 0.111798 0.180592 0.672462 -5.901974 -17.840317 16.827913 
0.510706 -0.268351 -0.099959 -0.494601 -20.240171 11.598726 10.766940 
0.209703 0.857927 -0.774797 -0.437093 20.530779 -5.984925 -6.565846 
0.558090 -0.199694 0.906034 -0.360984 1.631620 3.316002 11.666115 
0.094925 -0.172885 -0.104410 0.510707 -4.212366 -17.411994 -10.418905 
0.169485 -0.048100 0.432915 -0.594328 2.462522 -9.606939 -11.883634 
1.190304 -0.827599 -0.346362 0.181269 -15.753998 -19.407396 5.313433 
0.229716 0.042041 0.150716 0.143272 -10.877629 -24.017010 -10.894755 
0.590880 0.312341 -0.179623 0.460606 -20.544037 -7.082296 3.867083 
0.480535 0.285046 -0.154064 0.049973 7.930149 6.299242 -6.584624 
0.234429 0.550854 0.248856 -0.058626 -14.696592 -3.170084 -15.432323 
0.582021 -0.413623 0.108720 0.380955 -21.527080 11.505495 -20.453294 
0.189197 0.440741 -0.562628 -0.591206 4.099781 -4.358269 -3.869058 
0.259575 -0.872205 0.214718 -0.383503 6.780505 2.960918 -16.441717 
0.447006 0.298006 -0.342415 0.396519 -19.500558 15.331731 0.919781 
0.147887 -0.638674 0.508375 0.114466 5.010056 0.333742 3.081741 
0.231699 -0.247501 0.697456 0.022574 -2.171727 -8.064860 -3.905602 
0.453708 -0.107857 -0.017198 -0.157539 10.435155 -15.573726 1.352659 
0.920339 -0.822901 0.519230 -0.500077 -0.724681 13.600072 -15.113664 
0.955703 -0.045711 -0.168597 -0.447436 -3.804153 14.036691 5.202988 
0.084577 0.206542 0.540980 0.045895 7.520566 -0.704019 -14.852982 
0.160624 -0.179478 -0.264243 -0.097223 -8.228947 18.294058 6.056022 
1.172148 0.343842 0.357057 0.360125 21.701289 7.381286 -25.778536 
0.760534 -0.406623 1.085907 -0.468482 8.801252 25.554125 12.416184 
0.114553 -0.813279 -0.124425 -0.063493 4.143700 -17.442285 7.091325 
0.117572 0.320267 0.079923 0.178160 24.276139 -29.182710 -6.610196 
0.762149 0.517641 1.044756 -1.345932 24.183416 34.052230 -11.454866 
0.232792 0.404220 -0.960862 -0.039491 2.232633 3.913283 -7.248493 
0.215009 0.010763 0.222737 0.049079 0.726574 8.007392 -9.765251 
2.204810 -0.096721 -0.418699 0.101544 -7.271036 12.374172 -2.426622 
0.129032 -0.839742 -0.118946 1.122968 0.774081 -18.828337 40.680377 
0.374042 0.908751 0.470041 -0.326432 2.248157 -0.303990 -1.129724 
0.205433 0.318674 -0.418966 0.862270 -12.339544 16.171073 17.674098 
0.160079 0.612099 -0.605365 0.034354 -8.492558 -3.632200 6.894640 
0.136090 -0.568322 0.716014 -0.548361 -15.728292 -1.644700 7.362736 
0.119841 0.143935 -0.021446 -0.347740 9.674750 20.651238 11.183817 
0.201503 -0.775263 0.112855 1.091833 -6.093999 -10.851363 16.029529 
0.611073 0.592203 0.323083 0.553623 -4.574660 -12.469446 -0.490009 
0.115016 0.546791 0.193855 -1.072145 9.084275 -13.569182 -15.153296 
0.399244 0.052521 -0.202311 -0.062506 21.424473 -20.620625 -0.842128 
0.131342 -0.473416 -0.589483 -0.769259 -4.994731 6.501429 -13.269264 
0.174201 0.056158 -0.884832 0.055182 -0.031380 -4.369442 24.130908 
0.089275 -0.512667 0.072617 0.138396 13.052032 2.456323 -11.541623 
0.438872 -0.526840 -0.426701 0.403303 11.715443 -2.203152 7.796468 
0.085636 -0.095424 0.075333 0.365872 18.251197 -2.878034 0.258623 
0.582912 0.136192 -0.089727 0.174131 2.907275 13.675998 -0.589474 
0.240412 -0.867294 -0.060202 -0.375625 -20.214672 -1.575000 20.453535 
0.226021 0.691370 0.003930 -0.115637 6.098905 4.707882 19.973770 
0.107205 0.372314 0.520793 -0.214195 -9.198282 0.160626 -5.274730 
1.102835 -0.440904 -0.044384 -0.278799 8.273996 1.315361 18.884730 
0.266126 0.247217 0.472520 0.293667 -14.478397 12.677949 -14.636781 
0.409423 0.289415 1.001813 -0.426882 -8.553451 13.376549 -8.695616 
0.089384 -0.327726 0.600969 -0.006584 13.046515 -8.106842 -16.042892 
0.113871 -0.487044 -0.248295 -0.029429 6.743606 -8.595777 -11.374922 
0.746267 0.134110 1.328945 0.148484 -2.144697 12.851414 -8.434167 
0.219386 -0.810299 -0.219675 -0.103408 3.508783 -21.917957 -13.757175 
0.439077 0.649928 -0.062847 0.012853 -9.908322 4.998231 -20.326795 
1.444015 0.405375 -0.287134 0.250063 11.582535 -5.018994 -6.786895 
0.102731 0.112740 -0.917325 0.493627 12.135211 -6.304914 6.502025 
0.202560 -0.638812 -0.272330 0.370102 3.580145 -1.682153 13.023381 
0.091773 -0.180531 0.424307 0.312195 -5.638734 6.410618 -7.044365 
0.159646 -0.518452 0.836125 -0.614150 -8.689466 -2.745948 -8.431774 
0.210510 0.531083 0.676121 0.081561 -14.128133 3.473425 1.466124 
0.129464 -0.413797 0.571985 -0.235850 5.078782 0.826765 -4.358519 
0.235395 -0.031671 -0.704681 0.452755 -7.299856 6.432927 0.489357 
0.392760 0.585082 0.555481 -0.239183 -2.639732 -7.982544 -9.101516 
0.340464 -0.146473 -0.094574 -0.965221 3.200008 13.787837 -7.134966 
0.558675 -0.344699 -0.365173 0.423997 20.072228 -3.219259 -4.472961 
0.269181 -0.162897 -0.016314 -0.006236 -6.791237 1.973644 11.311419 
0.080832 0.036726 0.255369 -0.240292 10.785448 18.952920 19.954245 
0.161454 0.425717 0.199078 0.451885 -3.875275 -12.319867 -12.762807 
3.272843 0.228339 -0.025355 0.277273 -7.429392 -1.072465 -14.877450 
0.126733 0.799491 0.289117 -0.066841 2.073101 -18.778988 -7.031323 
0.147442 -0.418148 -0.716719 -0.475709 -4.322030 -32.289804 -3.815317 
0.234874 0.158559 0.212556 -0.608280 -10.273552 11.838964 0.549956 
0.088322 0.430769 0.142660 -0.542350 -0.995353 7.838517 -19.380391 
0.124823 0.529338 -0.254860 -0.816420 -7.426628 0.907092 -0.392985 
0.134972 0.357242 0.390468 0.447708 15.518877 13.284022 6.224468 
0.114632 -0.022913 -0.469116 0.272931 0.492757 2.320361 7.850129 
0.145861 -0.685592 -0.502618 0.575198 6.409737 1.208278 1.050419 
0.263366 -0.043402 -0.129359 -0.804850 -1.683824 2.285841 6.860833 
0.973808 0.383861 -0.434985 0.129974 -4.005476 4.906478 -5.466015 
1.966409 0.169698 -0.174252 0.387415 3.109258 5.879644 -9.971225 
0.137245 -0.507887 0.087600 -0.579028 9.474955 -3.805192 -7.994598 
0.175886 0.036165 0.381268 -0.311087 -11.943226 -7.565229 -0.116545 
0.427154 -0.413762 0.381235 0.327209 -9.195259 -10.495193 13.124598 
0.305641 -0.354849 0.659624 -0.136287 -7.963584 -14.946546 -11.472584 
0.126873 0.083240 -0.145230 -0.167599 3.684821 -8.408243 -1.545259 
0.202129 0.895291 -0.406480 0.151142 14.452049 -2.334538 21.945532 
0.103947 0.888417 0.227118 -0.239889 -0.953962 16.671842 3.103424 
0.160192 -0.120982 -0.757566 0.158174 17.549530 -9.202975 8.593462 
0.087931 -0.196752 0.067887 -0.587019 -13.735514 -5.283970 6.706686 
0.201166 0.138698 0.326173 -0.136060 -22.927411 -7.810425 11.597766 
0.129271 0.294779 -0.385164 0.669508 -12.504009 -6.673822 2.887141 
0.244547 -0.209128 0.227322 -0.547460 -12.456653 -1.747901 19.386026 
