0.202999 -0.144730 0.737735 -0.472867 -3.145000 6.083691 -13.351647 
0.583882 0.023967 1.448019 0.193364 13.314333 8.565487 10.946376 
0.585149 0.186845 -0.087572 0.001336 -0.198285 -2.437770 -22.249867 
0.085689 -0.712772 -0.364975 1.106713 -13.543675 11.185342 12.457598 
0.090936 -0.047631 0.647421 -0.468718 -2.184064 11.357615 -1.312285 
0.457888 -1.051880 0.559386 0.822260 -6.956369 -10.296600 -4.193400 
0.179449 -0.736471 -1.407098 -0.770066 -2.995582 -2.070943 -2.980138 
0.103175 0.934398 -1.301248 -0.595919 0.022594 -11.309102 4.074129 
0.199182 2.781457 -0.825397 0.564621 13.909665 -9.027851 3.273388 
0.109107 0.662823 -1.923575 0.766313 -0.423341 -4.989672 6.592405 
0.232498 0.014865 -0.197208 -0.103809 -8.260609 18.113622 -10.940322 
0.683878 -0.520232 0.654086 -1.393541 -11.541217 -5.549474 -6.194833 
1.809017 -0.034387 0.089364 -0.020359 -2.437098 -3.201161 5.582269 
0.133767 1.680666 1.205992 -0.426455 16.410462 5.021305 5.240596 
0.207935 -1.248299 1.061694 -1.321941 -4.326832 13.749714 -0.940616 
5.586845 0.273748 0.173082 -0.168059 9.052678 8.951295 -4.347775 
0.099031 -0.072128 0.055763 0.869344 4.054284 19.534344 6.379517 
0.095457 -0.537951 -0.305851 0.574804 -7.993958 -0.666122 1.966280 
0.166412 0.364451 0.525470 -1.111101 -1.346713 -8.959398 -11.138966 
0.401973 -0.309222 -1.470341 -0.058833 5.116176 -13.572613 10.899151 
0.149690 -0.124425 0.563772 0.801498 -16.099683 0.168430 5.335285 
0.135040 0.120870 0.569819 0.035597 15.091470 7.107262 3.996941 
0.230700 0.866297 0.563412 -1.077174 -2.789699 9.449578 -0.331662 
0.296048 0.000016 -0.350334 0.393738 -7.196871 20.358650 9.479822 
0.089040 0.234689 -0.458495 0.301787 3.982574 5.572445 -9.488416 
0.218861 1.217865 -0.886691 -0.570630 9.334772 0.349714 -0.051495 
0.780326 0.873985 -0.674027 -1.025291 0.242282 -10.663666 -4.852754 
0.110177 1.152609 1.540240 0.103528 2.535043 6.659817 10.032327 
0.308745 1.415948 -1.351411 -0.909466 10.945294 -19.672568 -6.803224 
0.930095 0.228331 0.112625 -0.225269 -1.451765 0.053237 9.246775 
0.154448 0.437203 0.740778 -0.076607 5.454302 4.233064 5.830423 
0.449860 -0.284846 1.200370 0.504697 -7.496356 -7.535840 9.014819 
0.194281 -0.086817 -0.277466 0.256512 20.029801 8.595011 -9.889765 
0.121470 -0.568140 0.402723 1.347780 -15.936227 -4.952095 8.792185 
0.388680 0.105367 0.580211 -0.502054 -2.254040 11.640491 13.880393 
0.552874 0.276207 -1.919413 0.549646 -5.788995 -10.498895 11.921760 
0.107074 0.066099 -0.003762 0.777769 3.248579 -16.408421 0.182221 
0.218546 1.173464 1.767105 0.244218 -0.031197 7.417126 -1.621464 
0.118025 -0.642642 -0.402484 -0.083287 -5.667719 -11.697149 12.895669 
0.176826 -0.465224 -0.186170 0.869245 -9.815307 8.035115 -2.899912 
0.123628 -0.014268 -0.330962 -0.919068 -5.888416 8.604889 6.219940 
0.103987 1.095533 -0.502068 2.436516 15.573719 4.957365 17.629713 
1.612405 -0.360676 -0.093273 0.182388 -5.837496 3.012249 -15.070984 
3.952128 -0.380073 1.821263 0.349467 0.654606 1.078757 8.321203 
0.090817 0.427072 -0.215754 0.164671 1.581937 -4.417568 5.163192 
0.094271 -0.078394 0.193842 -0.231424 7.201614 -13.663060 11.343740 
0.105198 -0.550872 -0.442461 -1.497499 -13.819714 -0.832741 -2.827605 
0.122132 -0.449257 -0.093560 -0.005235 3.552025 3.837766 0.516223 
0.167817 -0.320869 -0.952001 0.029425 -12.454358 1.609237 13.338014 
0.138488 -0.562783 -2.339988 -0.349631 0.837973 -14.279544 5.963247 
0.701272 1.656105 0.358239 -1.319273 24.709161 2.542356 -2.578788 
0.367183 0.012289 -0.012579 1.522095 0.194322 -10.781976 3.754813 
0.116639 0.274054 -0.468616 -0.208244 -9.989548 6.258305 1.833669 
0.156405 -0.799182 0.516223 -0.999538 -5.096937 4.219237 -6.029095 
0.118162 -0.252800 0.526303 0.482012 -16.244133 13.603372 1.317252 
0.151293 -0.186188 -0.190218 -0.903516 -8.199425 1.311704 -11.071208 
1.456612 -0.414683 0.200481 0.996490 1.616876 2.829708 14.435438 
0.095248 -0.102843 0.146710 -0.278716 4.844518 -5.210060 -11.487318 
0.298886 -0.464640 0.357711 0.789626 -11.599091 6.617688 13.660169 
0.512636 -0.257847 0.316666 0.477861 -1.989812 -15.979538 12.519580 
0.121466 1.226813 -1.851651 -2.356106 12.573893 -12.162289 -11.960445 
0.863813 -0.350052 -0.342510 -0.485641 12.575647 3.344449 -2.315591 
0.283593 -0.675266 -0.214743 -0.048954 4.753251 5.499826 18.692719 
0.114183 -0.757858 1.355381 -0.141756 -14.619846 8.892811 4.370413 
0.387857 -0.337927 -0.424728 0.052934 -6.105694 1.698128 -18.204626 
0.102340 -0.591125 -0.711865 1.663481 -5.999903 -12.926305 10.699886 
1.423034 1.003226 1.307008 -0.071202 10.149672 -3.341049 -3.074937 
0.118440 0.322805 -0.357490 0.734872 2.918358 -4.340381 -13.860476 
0.087317 -0.564599 0.304926 0.906103 -2.311200 6.954479 9.462299 
0.115648 -0.050993 -0.225873 1.169693 -2.676700 7.666632 8.906532 
0.335498 0.373414 -1.293185 0.316672 8.853375 -7.091415 -11.355909 
0.109210 -0.356982 0.200058 -0.792147 -7.360098 -8.991712 6.179217 
5.398343 -0.760346 -0.108383 0.094706 -19.760545 -11.829522 -4.666226 
0.438696 -0.793485 -0.463529 -0.168326 3.381795 -6.191716 -10.307826 
0.102783 0.060751 -0.568598 0.597899 -10.493896 -8.669671 10.322600 
0.317653 0.774999 1.773824 -1.696748 -2.796278 19.077926 -9.141489 
0.117399 -0.475067 0.495106 0.393382 -3.072691 -3.670902 6.419836 
0.135796 2.282479 -0.415942 0.482235 12.827191 -12.420346 4.523478 
0.139152 -0.040173 0.534628 -0.090939 -6.197195 -10.659307 0.804838 
0.081844 0.179787 0.020813 -0.033180 -13.863336 9.734747 -16.637314 
0.210768 -0.251953 -0.130986 -0.523613 -10.318666 -3.282889 18.311799 
0.087151 0.091379 -0.105178 2.337246 9.825828 -4.518933 18.720335 
0.247564 -0.397546 -1.352051 -0.037924 -11.003962 -12.863582 -10.688118 
0.118055 0.251274 -0.704453 -1.439462 -6.173115 5.518924 -9.284086 
0.133708 -1.210774 -1.994655 0.106435 -6.839806 -14.679664 3.260619 
0.137951 0.088613 0.174131 -1.097695 13.017350 9.036741 -19.075737 
0.295736 4.728985 2.418133 -0.084255 47.435777 20.963106 -0.263024 
0.093592 0.120281 0.259057 -0.181655 6.529402 -7.069477 -1.417916 
0.180968 -0.074282 0.472463 0.038534 -10.454160 -14.963606 17.114508 
1.058781 0.252593 0.363447 0.006701 -8.865291 13.653471 15.785365 
0.086350 -0.090473 0.220220 0.632131 -4.600955 8.420728 -1.572139 
0.263354 -0.223891 0.006378 0.118769 -12.173431 24.121895 6.951095 
0.556778 0.145460 -0.345303 0.031955 -5.465992 -6.105948 26.668010 
0.139284 -0.193470 0.453036 0.198973 -15.524219 6.543489 20.013749 
0.478468 -0.109903 0.130419 -0.434705 -15.064258 -5.723884 10.407358 
0.165293 -0.140373 0.789290 -0.069261 -6.285070 20.071223 -1.142867 
0.493788 0.354046 -0.048554 -0.886244 9.449993 -2.323396 -5.103683 
0.252788 0.565932 0.320448 0.119854 -9.501671 2.879643 18.126705 
1.145613 0.149426 -1.066182 0.738953 -10.640621 -9.938740 2.067963 
0.388183 -0.192176 0.845851 1.408603 2.266262 9.500651 6.600159 
0.094407 -0.355198 0.348718 0.216634 -9.420677 19.448139 6.395521 
0.126740 -0.269667 1.143959 0.079605 -3.889348 -5.322323 3.894640 
0.323270 -0.408697 -0.286157 -0.542884 -6.976075 1.633767 -9.702704 
0.198042 -0.934531 2.199626 -0.045881 -15.088598 11.894447 3.811932 
1.167561 0.197321 -0.215082 0.083693 12.901501 10.696924 -16.029567 
2.697368 0.281671 0.036132 0.420760 6.761580 -7.028860 13.008678 
0.376011 -1.107188 -0.217419 -0.252105 -14.167574 7.082428 -0.581764 
0.588263 -0.189699 -0.003021 -0.468752 -11.522796 8.763043 -19.777709 
0.138650 0.390398 0.702121 -0.092666 -4.435972 8.805880 18.403673 
0.373816 -0.024613 -0.044812 0.729192 -0.146776 15.099382 -13.852581 
0.401930 -0.278780 0.787267 -1.127986 -2.338800 -1.404381 -1.486389 
0.263064 0.498145 0.236119 0.127210 0.633791 -3.903064 8.288793 
0.459762 -1.011702 -0.032120 0.725958 1.847281 14.257827 11.983470 
0.328088 -0.304565 0.407007 0.142576 -14.666928 -13.386016 -9.880844 
0.860282 -0.767214 0.561442 -0.051517 -2.552395 -10.091758 5.230666 
0.273055 0.095995 -0.740898 0.359762 -7.881052 -8.396799 2.992486 
0.396253 -1.083581 -0.387855 -0.162911 -1.478131 11.405472 -2.313111 
0.246288 -0.253791 0.588540 -0.221850 -10.655637 4.144221 11.102737 
0.730294 -0.751560 0.158582 0.302569 -7.797309 -2.180292 -1.137842 
0.278430 -0.289895 0.660930 0.306068 -12.654382 -9.482325 4.125366 
0.151503 0.092158 -0.793736 -1.386498 -3.955880 0.893204 -14.824588 
0.100432 0.741294 0.281982 -0.077051 0.443137 12.113470 10.220295 
0.082624 -0.858501 -0.178217 0.336597 -11.768367 20.562545 -8.157649 
0.114711 1.196430 -0.498386 -1.485750 3.369760 -12.810110 -4.626667 
0.192666 -0.240626 -0.112631 -1.110578 -17.543330 3.590794 -7.211433 
0.287114 0.821576 -1.226111 0.504486 6.807739 -8.632991 -10.803383 
0.585359 0.385664 0.331894 0.887427 -8.151775 -10.685217 8.358879 
1.376095 0.248354 -0.289190 0.104793 0.784829 12.004208 0.168792 
0.431641 0.818061 -0.626290 -0.639125 -0.293003 10.779341 -5.958726 
0.136683 -0.534015 0.338081 0.048359 8.906712 -11.955538 5.049975 
0.323241 0.371297 -0.386872 -0.152498 -13.737714 -1.704558 -13.932191 
0.391024 -0.804711 0.229534 -0.053926 0.784461 8.374371 -9.685735 
0.112116 -0.094457 0.842300 -0.235061 -4.413046 1.231543 -17.066872 
0.116547 -0.001805 0.599018 0.040450 0.903657 -12.978899 16.713489 
0.952396 -0.103997 -0.424566 -0.047940 -19.284193 -0.511838 3.637975 
0.374161 -0.463981 -0.601956 -0.388588 9.933046 -14.960600 -0.406775 
0.178419 -0.282684 -0.049433 0.240878 -21.014154 4.050754 -2.312388 
0.192961 0.081756 0.682133 -1.358632 -9.409736 -8.219568 -12.328515 
0.763069 -0.132316 0.346984 0.915610 2.076363 -4.184977 9.778369 
0.181019 -0.475981 0.311020 0.610903 -25.983994 -7.156554 4.522896 
0.393969 1.444351 1.979382 0.069640 11.476378 22.752788 9.504972 
0.408300 0.388757 -0.064606 0.024713 -9.330030 -0.597964 -4.724436 
0.506972 0.264892 -0.415390 -0.700937 -11.603810 -14.024165 -4.945441 
0.168852 0.504605 -0.683291 0.416708 -3.806119 8.431492 15.319168 
0.196085 0.012681 -0.062503 0.136854 12.234093 -9.447934 5.814987 
0.836938 1.075716 -0.670495 -0.291987 -3.006663 3.993135 -7.941694 
0.701221 0.020636 -0.571298 0.035410 -4.144430 -16.283614 -5.884528 
0.263429 0.009037 0.414738 0.104139 -5.465688 -8.606699 5.207807 
0.151360 0.529783 -0.747926 1.796000 -8.752815 -7.980186 9.390656 
0.449375 0.036834 0.246697 0.023793 -0.051886 -18.059406 -4.701212 
0.108928 1.171716 0.064163 1.043766 5.596309 -13.826879 5.705977 
0.090465 -0.093544 -0.079574 0.406373 18.687993 8.323443 -13.667629 
0.531060 0.010890 1.133512 2.086826 -9.159472 11.520252 9.117183 
0.272013 -0.766663 0.606506 0.924596 -17.379793 -6.895382 -0.823535 
0.127889 0.229932 -0.222749 -0.082976 -19.007174 -3.927619 -3.868877 
1.070260 -0.196794 -0.351303 -0.104111 1.339517 9.256704 4.254403 
0.111702 -0.728427 0.313839 -0.038533 -5.373438 9.641697 21.756530 
0.275275 1.079620 -0.537773 0.450306 10.457022 2.853775 3.630619 
0.433814 -0.449793 -0.349072 -0.044364 -18.355217 -5.407063 8.603797 
0.121123 -0.383094 -0.261498 -1.012215 -9.554192 10.389136 -11.140102 
0.604561 -0.827948 0.966579 0.323568 1.056991 -0.380211 16.978584 
0.672200 0.634301 0.267533 1.147962 -6.475059 7.412245 13.788422 
0.485099 0.506066 1.996832 0.610319 0.804409 7.664323 9.042157 
0.088968 -1.881021 0.407074 -0.095335 -2.724672 8.951499 0.405582 
0.372330 -0.437592 -0.056215 -0.142527 -6.650312 -16.609838 1.034336 
0.427499 0.125030 -0.672907 1.686313 11.348987 -9.205956 4.713640 
0.148166 0.491257 -1.056792 -0.597640 -6.039938 -9.770173 -0.155925 
0.205405 -0.139294 -1.228558 -0.827845 1.078410 -7.692748 1.286098 
0.273438 0.626801 0.057153 0.047651 5.402669 18.826801 -4.032750 
0.257004 0.769207 0.320387 -1.648673 4.067414 15.140219 -12.073759 
0.083821 -0.553524 0.425442 1.083989 -7.973515 -4.533004 6.067018 
0.673429 -0.258436 -0.342878 1.403284 3.846873 -0.079560 -2.086640 
0.093338 0.117467 -1.132274 1.056092 3.697703 4.648504 0.692745 
0.097693 -0.083639 0.235410 0.813818 -1.166133 7.762848 13.922549 
0.081727 0.100927 0.057732 0.541420 6.194859 15.681878 8.830425 
0.417045 0.537768 0.084671 -0.298441 -1.264646 3.231627 1.135986 
0.387177 -0.342947 -0.056152 0.053640 17.127733 2.108130 -2.600960 
0.350927 -0.738089 -0.125379 0.212071 -2.295896 19.233990 -13.008687 
0.081891 -0.260801 -0.104974 -0.998867 -13.819009 -1.977942 2.918403 
0.111530 -0.766217 0.458911 1.452808 -5.055412 -0.045346 13.953843 
0.729211 0.093568 0.017805 -0.104956 9.933560 5.086566 7.455633 
0.081209 0.060006 -0.059875 0.329556 -22.969651 -6.419579 -2.058565 
1.066327 0.313529 0.563758 0.193972 -6.272332 9.389048 22.142098 
0.844840 -0.675277 0.043534 0.321150 -0.900409 11.489879 -1.011610 
0.286414 0.163196 -0.157851 0.230588 -9.579544 8.374676 -19.010612 
0.108220 0.380341 0.150416 0.092623 -0.615215 -14.605352 -8.517264 
0.106446 0.912512 -0.233825 0.009440 7.795550 7.668557 -1.271159 
1.618982 -0.406577 2.329970 -0.131603 -12.622550 14.447434 -7.387938 
0.126190 -0.795300 -0.177013 -0.507083 -1.600116 -5.591194 -4.829756 
0.666898 0.094674 -0.111344 0.253639 -9.518906 0.976183 -9.833496 
0.355266 -0.204131 0.160188 0.115117 -17.620791 3.645271 15.976260 
0.365762 -1.881257 -4.068099 -0.067546 -19.332801 -32.156089 -4.796543 
0.430606 0.284624 0.826547 0.132239 -12.125320 -0.730455 -0.096227 
0.100431 0.347017 -0.840246 0.909959 16.572154 3.215393 -0.366153 
0.189647 -0.812251 0.056622 0.227355 -14.888316 9.675275 -12.933564 
0.132254 -0.976251 -0.361525 0.475543 -6.613002 -14.478378 3.527039 
0.500139 -0.894556 -0.498197 -1.360421 -14.348667 1.770361 -6.681603 
0.175237 -0.132544 1.098574 -0.702278 -12.944358 8.247480 -6.984656 
0.123696 -0.188790 0.458200 0.343596 -11.653708 -13.670688 9.056352 
0.195281 -0.515228 -0.688040 -0.925285 -3.527952 4.654332 -13.130507 
0.599939 -1.563189 -0.429155 0.337764 -21.105738 3.669138 -8.787619 
0.192741 -0.152084 -0.480910 0.458910 -8.235847 0.872097 8.976829 
0.200778 1.085624 0.315178 0.139302 0.655913 -12.776773 -0.848345 
0.177472 -0.097007 -1.165735 -0.696334 -4.598395 2.039008 -15.188620 
0.127855 0.313140 -1.241948 0.375602 1.767375 -8.172966 -5.838489 
0.220526 -0.009583 -0.492585 0.733516 -1.180553 -5.514662 8.461359 
0.627642 0.392883 -0.375476 0.525934 6.761855 -1.670481 -0.829404 
0.637465 -0.517257 0.308427 0.193639 -21.206951 25.085627 1.741601 
0.169117 -0.008069 -0.926049 -0.939422 4.748024 1.875330 5.529441 
0.114784 -0.824444 -0.498451 0.386082 -1.026432 -10.498888 -6.168480 
0.135557 0.161247 0.748444 0.057997 3.853136 11.351610 -10.535075 
0.579415 -0.931408 -0.138422 0.370132 5.293400 4.625290 17.885280 
0.624848 1.458928 1.313100 -0.568179 15.938502 13.050618 -2.229057 
0.385484 -1.231038 0.818720 0.688266 -8.071211 -4.328648 12.570671 
3.082417 -0.605659 0.010450 0.198559 2.911513 7.553244 -8.710027 
0.310489 -0.017384 -0.505012 0.907075 4.887249 4.187665 18.537629 
0.457154 0.276968 0.339784 0.086005 3.670756 4.807233 -13.272627 
0.279294 -0.536327 0.285870 0.324136 -4.430831 -5.167484 -19.876761 
0.089763 0.383890 -0.377184 -0.560299 -1.395891 -0.653529 -13.732781 
1.249225 -0.876118 0.866525 0.186723 -11.233133 4.146804 8.812196 
0.163561 0.801334 -0.799094 0.002452 3.839606 -4.266788 -5.509099 
1.702665 -0.411069 0.665522 1.050626 2.873482 3.290118 5.313335 
0.087567 0.238791 1.416240 -0.184809 8.449082 7.362688 0.397249 
0.192231 0.208046 0.356287 0.183750 1.020430 -4.103130 -0.856989 
0.122081 0.304910 -0.291540 -0.500639 -16.286237 -8.801073 -9.348256 
0.088452 0.076467 -0.462045 0.602198 -1.531603 14.340338 6.413651 
0.470758 -0.941605 -2.047073 0.339104 -3.785259 -7.625612 7.085368 
0.196106 0.095487 0.205475 0.159743 -5.954944 4.788129 9.001395 
0.163499 1.240947 -2.132402 -1.143970 14.457938 -17.478810 1.547938 
0.080867 1.407535 1.278391 -2.191152 21.665803 16.460706 -12.267342 
0.223604 -0.739349 0.103859 0.604711 -20.905926 0.155082 2.974879 
0.155926 -1.319618 0.312306 0.868945 -9.587956 -6.280969 4.041307 
0.238387 0.050167 0.602422 -0.440893 -12.186882 -5.923071 -13.083846 
0.106154 0.085054 -0.312795 -0.513603 -7.073861 -8.287457 -10.117161 
0.169911 -0.080665 0.228512 -0.496727 13.755538 -13.006346 5.984765 
0.113329 0.972983 0.759879 0.239189 5.007960 4.382142 16.424505 
0.192419 1.341421 -1.571637 -0.408955 4.672225 -20.435982 -7.980059 
0.594225 -0.140830 -0.072705 -0.417252 12.236521 7.066991 16.979260 
0.085164 -0.442219 -0.012992 -0.645173 -16.588941 -4.034225 0.605286 
0.117057 -0.257150 0.517914 -0.017184 -14.664082 19.003233 10.505354 
0.205043 0.132424 0.422656 -0.017174 -2.496081 18.009093 -8.758410 
0.234649 0.296771 -0.603952 0.567513 19.003416 1.698002 0.128985 
0.487672 0.141430 0.752532 0.885258 3.788905 5.682758 14.085674 
0.223182 0.014038 -0.466861 -0.117630 -17.162051 -10.837955 -1.832307 
2.476904 -0.602026 -0.851591 -0.537682 2.769455 1.169120 -14.678492 
0.441734 1.096813 0.203070 0.091868 11.820397 7.478895 -0.202201 
0.230397 0.301863 -0.230645 0.303289 -15.981647 -4.657010 -4.200485 
0.689100 2.192713 1.505527 -1.827916 21.308465 7.322195 -9.758636 
0.815528 -1.901558 0.636980 0.419282 -15.052945 -1.783815 10.743580 
0.161492 0.054616 0.653346 -0.175393 7.928571 -1.637376 -11.153411 
0.542296 2.288930 -0.646087 -0.538961 9.678100 -7.769847 -0.194976 
0.146522 -0.210938 0.245783 0.655878 -20.707349 -10.725354 0.454675 
0.256037 -1.300872 -0.032226 -0.702650 -1.647718 -10.709169 -4.232673 
0.887681 -0.805828 -0.290702 1.331210 1.388142 10.875287 2.321972 
0.101372 0.029695 0.505573 0.189218 -2.039662 4.944570 -13.425166 
0.141931 0.303995 0.534977 0.239286 -14.994847 6.138445 -3.709814 
0.178446 -1.147120 0.700420 0.549229 1.470844 5.013810 3.375602 
0.083374 0.379152 -0.295766 -0.662564 -0.498213 0.259612 14.393189 
0.376685 -0.277808 -0.200464 1.335245 1.001709 5.003872 -2.705879 
0.585808 -0.290106 -1.290708 0.471714 -12.983106 -2.683500 8.074245 
0.102075 0.230073 0.896323 0.624297 8.857334 14.798760 0.533315 
0.086694 1.289798 1.273862 -0.242482 17.186831 9.964002 4.846400 
0.654455 -0.072886 -0.065625 0.246331 4.552958 5.904826 -13.324164 
0.442796 -0.468882 -0.016756 -0.540075 -18.602443 2.712473 3.424772 
0.103990 -0.526714 0.950438 -0.367464 1.286490 -1.132110 -0.516914 
0.137893 -0.507052 -0.309923 0.181119 -23.864382 -8.730579 -7.139169 
1.044939 0.805397 -0.029928 -0.368569 1.475745 4.523275 -0.328496 
1.025335 0.001350 -0.114718 -0.439555 10.347098 -3.586409 -3.649586 
0.472835 -1.095722 0.159691 1.218168 -17.875167 5.081307 0.185729 
0.672168 -1.890648 1.044436 0.264101 -18.074573 2.505304 13.631569 
0.208490 -1.750680 -1.058276 -0.155774 -6.936175 -12.673680 -1.350952 
0.292610 -1.039901 1.707060 0.416781 -5.372758 11.153733 12.295627 
0.111344 -0.217909 -0.385328 1.243379 -2.220694 0.234203 10.927559 
0.466067 0.298703 0.058477 0.713409 3.121613 15.990394 -4.071595 
0.112109 -0.453299 -0.034125 -0.037229 -6.437623 -14.917887 1.444870 
1.021373 -0.645903 0.090157 0.451325 -13.623257 -0.661821 4.968372 
0.247245 -1.472586 -0.618615 1.171613 -22.169078 -0.267469 12.009601 
2.937998 -2.351310 -0.642211 0.126372 -13.169227 -8.531748 9.742358 
0.112201 0.268613 -0.670374 -0.076178 -5.919835 -7.963829 -7.094750 
0.941373 0.020731 0.591955 0.091736 6.280651 1.001940 -1.610541 
0.186332 0.900450 -0.272813 -1.140134 7.069724 2.849346 -2.000155 
0.206312 -0.473852 0.284786 -0.340969 -2.650142 11.595430 8.735321 
0.087521 0.204741 0.688111 0.555928 -8.648390 -10.071175 -7.648393 
0.337060 0.074608 -0.591597 -0.143786 -13.591501 -10.879266 -3.049409 
0.506829 0.370617 0.146250 1.221566 11.528437 4.952206 8.217505 
2.506229 0.318737 1.419256 -0.403168 -11.284228 6.536106 3.433448 
0.109658 0.492585 0.148543 -0.326141 -5.837622 -4.354291 -15.280802 
0.093631 -0.649664 0.409736 0.277613 -10.470624 12.657312 1.481783 
0.994606 0.666710 -0.106561 0.503449 -0.085322 2.236257 -0.701880 
0.184780 1.555970 2.115847 0.071096 5.606723 10.712273 -2.397221 
0.113864 -0.064751 0.289885 -0.277825 -2.956010 17.333193 3.369903 
0.500571 1.809718 -0.762233 -1.246698 21.473706 3.767828 -9.398859 
0.375402 0.170315 -0.125638 0.634434 5.758869 -3.720353 -11.147598 
0.121279 0.537231 -0.019572 0.004953 -3.805332 -1.433853 -20.587286 
0.437171 0.580495 -0.022035 -0.706774 1.050209 -0.075155 -7.951235 
0.420529 0.052690 0.106212 0.029775 -9.156042 20.306215 -0.865788 
0.140832 0.167458 -0.006411 0.508580 -7.711379 12.074210 6.721975 
0.317286 -0.066008 0.601236 -0.053355 -11.809569 -0.104717 -1.939946 
0.092539 1.308828 -0.279278 -0.710402 0.603241 -6.971276 5.191428 
4.198783 -0.154208 -0.015135 -0.344503 4.690964 10.654503 -3.107277 
0.435794 -0.297872 0.254586 0.271089 -23.892914 5.411046 2.182520 
0.299195 -0.259981 -0.468821 -0.407125 -7.691322 -9.886962 13.495545 
0.366428 -1.057559 0.424916 -0.029030 -9.757059 -3.818852 17.697772 
0.300202 -0.152605 0.506132 -0.285571 -13.010283 -0.102722 -3.634297 
0.585186 0.171467 -0.132352 0.501240 -1.669782 3.208771 18.666980 
0.524509 -0.342366 -0.535918 -0.182243 -4.214557 -5.437933 6.791936 
0.292083 0.251756 1.831403 0.143707 3.262056 4.575093 12.431910 
0.107699 -0.153116 1.589072 1.389058 -7.246100 6.262123 14.263099 
0.744916 -0.635820 1.715400 0.631073 -0.781338 18.632812 2.780088 
0.131940 -0.687215 1.865749 0.134389 -10.966188 11.982426 1.382026 
0.104491 -1.141770 -0.504157 1.417251 -16.950825 1.750067 15.075608 
0.504475 -0.043336 0.117417 0.043848 1.329308 -1.622950 -8.078193 
0.159200 -0.373815 0.137172 -0.287647 -2.482113 15.363173 -11.814505 
0.144224 0.727918 2.387052 -0.718985 -1.024932 17.327965 3.447552 
0.221063 -0.193743 0.513277 -0.691421 -18.522609 -2.153547 -4.419319 
0.339783 -0.320936 -0.399669 -0.244346 -5.013888 -8.744355 16.941772 
2.985742 1.215208 -0.307703 0.139968 10.490585 13.301206 -7.150182 
0.098040 0.031688 0.087012 -0.466200 9.346392 11.910944 -13.242780 
0.364111 -0.676788 -0.287265 -0.187280 -12.112036 6.530518 -13.402338 
0.144886 0.561641 0.445888 0.336782 8.322415 3.180000 -8.007281 
0.360597 -0.189500 0.560741 -0.229263 4.437738 4.154856 -2.399273 
0.254317 -1.189610 0.342033 -1.198052 -5.653908 -7.038597 -0.581291 
0.555913 0.215057 -0.075232 -0.022740 11.010397 20.474871 2.641928 
0.416651 -2.143562 -0.016018 -0.144556 -13.991539 -6.001398 -6.679726 
0.151008 -0.237155 1.527498 1.537502 1.072018 4.947419 3.782457 
0.577563 -0.062189 0.535999 -0.534999 -0.258609 4.103607 -4.596503 
0.141965 1.481056 0.495341 2.385093 6.585287 -0.153154 22.689945 
0.120024 -0.417596 0.051675 0.608185 -18.186574 11.060771 4.385798 
0.182852 1.011994 -0.819286 0.183940 16.162121 -0.404070 -1.864384 
0.189724 0.222271 0.134339 -0.897673 -3.738490 6.517175 -13.925755 
0.150160 0.299222 -0.977097 1.344935 -2.846719 -11.177129 14.911347 
1.373741 -3.039064 -0.589160 1.387384 -21.383782 1.894586 9.346861 
0.283453 0.437394 -0.228055 0.819600 -0.716560 6.235359 -0.182014 
0.170281 -0.660945 0.026446 0.630527 7.041598 17.776074 12.436987 
1.505698 -0.567247 0.507921 0.068331 13.280748 -9.438151 5.876159 
0.360047 -1.175337 0.335916 -0.370415 -8.213138 -4.099370 -5.665852 
0.588861 -0.521069 -0.361231 -0.031126 -13.985367 14.896821 9.577138 
0.381565 -0.758470 -0.326614 0.358939 -13.796244 12.048019 8.371296 
0.166121 -0.072256 -0.333080 -0.227549 2.686246 -13.300169 -2.423522 
1.652096 -0.129863 0.211209 0.049625 -17.179105 17.494895 -1.403581 
0.215498 2.104199 -1.819525 0.727273 17.444941 -6.880021 1.311537 
0.524663 -0.374818 0.269431 0.554038 -3.359399 -6.550321 1.604894 
0.489037 -0.743190 0.656038 -0.315426 -15.045308 6.567247 4.048037 
0.247044 -0.406049 0.087579 0.540163 -11.792237 5.652526 -8.580210 
0.408569 -0.174744 0.181243 0.252356 18.327710 11.052194 -13.035878 
0.429966 -0.630272 0.275146 0.071851 -11.460918 8.978415 -5.757129 
0.205030 1.320993 -0.861195 0.144791 4.144383 -9.646883 -3.428518 
0.104504 0.476236 0.107913 -0.624745 -10.842122 3.941099 0.600396 
1.704172 0.472324 -0.765894 -1.399941 -2.515131 4.169197 -6.802861 
0.208973 0.642286 0.997430 -0.987859 2.571067 -2.981726 -1.611542 
4.631110 -1.226195 1.280350 0.854348 -4.389413 -0.245023 12.069668 
0.135103 -0.241798 -0.498865 -0.350533 -0.347147 -6.212070 -4.695679 
0.169606 0.495454 0.899789 0.528252 1.666576 12.769405 -9.610091 
0.567692 -1.249640 -0.117018 -0.716461 -13.863243 -11.764175 -0.873686 
0.214292 -0.044894 -0.066466 1.445538 -9.019971 5.768580 15.648324 
0.450345 -0.233123 0.206057 -0.132812 0.862533 16.751283 21.787668 
0.407103 -0.239556 0.291634 0.191145 -0.190194 -2.413721 10.604947 
0.846636 -0.129563 0.296418 -0.064478 -13.907298 -4.365908 5.010885 
0.123163 0.947836 -0.771838 -1.987224 3.637144 -8.759015 -9.631942 
0.120648 -0.067580 0.727438 -0.749512 -8.788943 -3.572720 -9.287295 
0.387333 -0.162428 0.975805 0.314721 -14.243025 -0.500372 12.447954 
1.095352 -0.353535 0.442862 0.859526 -17.669212 -2.712327 4.710853 
0.212730 0.301423 -0.217674 -0.504709 7.095395 -8.418488 0.984937 
1.575080 -0.385738 1.065011 0.762405 0.536981 0.443606 18.296878 
0.102042 0.448791 0.500221 0.487490 0.645508 -4.290818 14.617303 
0.606266 -0.491137 0.569276 0.099926 8.232887 7.581628 -7.105977 
0.250734 -0.096950 0.046288 0.028583 -25.440388 1.656913 0.308662 
0.184902 -0.438944 0.069000 0.098107 -6.492409 27.184816 4.107066 
0.348863 -0.968316 1.012565 0.142252 7.396327 14.473325 -6.073544 
0.127948 0.528664 -0.706884 0.768861 -7.177903 -8.678877 5.486709 
0.127545 1.095258 0.195125 1.974951 1.211447 10.477943 17.274051 
0.089378 0.786748 0.833510 0.677770 6.144029 -6.097109 0.168632 
0.220514 0.122617 0.562063 0.529818 16.957684 -0.019060 -6.022863 
0.195396 0.580209 -0.604696 -0.015487 -9.724785 -12.113709 -12.403532 
4.245083 -0.979419 -0.641075 0.438385 -9.996594 3.990613 -2.615288 
0.095817 -0.393961 0.368041 -0.231668 2.430800 -0.682511 -12.565362 
0.569763 -0.768128 0.368894 0.164494 -20.144172 -0.907134 2.454703 
1.098164 -0.171189 0.185572 0.131696 -12.060126 16.482933 -12.818152 
0.538990 0.113898 0.455422 0.219180 10.978885 -1.858190 12.426380 
1.288776 -1.139417 0.063380 0.258493 -10.539398 -2.467453 -1.791437 
0.193816 0.129440 0.346261 0.025220 -1.800063 5.212583 -19.015314 
0.378483 0.293913 1.036517 0.024932 -15.559803 2.325636 6.095765 
0.130333 -0.567853 0.706705 0.247758 11.739905 7.681937 3.394886 
0.235233 -0.233596 0.345040 -0.413769 -5.070677 -13.009399 -0.216419 
0.474050 0.010568 0.313489 -0.522599 -12.353888 3.352028 -5.834908 
0.170650 0.081336 -0.500118 0.193649 -8.438281 -18.453163 2.005876 
0.551803 -1.180004 -0.359105 0.130229 4.447767 -3.171212 7.728580 
0.131497 0.163355 0.605723 0.105189 8.763233 -0.693680 -9.379736 
0.367063 -1.039111 0.280380 -0.341816 -12.810627 -10.839117 1.985283 
0.237052 0.054055 -0.581262 -0.428654 -1.699929 -4.247615 -0.968610 
0.979329 0.150929 -0.104012 0.522090 14.080230 1.158072 -11.607336 
0.113309 0.677454 0.363457 0.034050 5.422473 16.778508 -1.035735 
0.202812 1.007485 0.505924 -1.122395 15.887247 3.591964 4.218237 
0.145792 0.182278 0.795441 -0.077159 3.032363 9.043317 0.907183 
0.206856 0.013156 -2.405574 -1.313360 -7.920821 -22.040886 -11.684461 
0.534870 -0.498868 0.291485 -0.049928 10.035299 14.953124 -9.390368 
0.091732 -0.906341 0.123110 0.823754 -1.861256 -12.588659 5.654846 
0.094435 -0.157668 0.009808 1.063056 -7.452119 13.236699 -1.483980 
0.106821 0.048499 -0.028518 -0.167029 -7.605839 10.213826 1.768810 
0.443043 0.579500 0.320333 -0.614838 9.175576 7.609479 5.302186 
0.087582 -0.325314 -0.397330 -0.602960 -14.157538 6.941100 1.725504 
0.159466 -0.670338 -0.007323 0.395074 12.567016 -7.921022 7.033198 
0.829727 0.029380 0.092976 -0.639491 -9.282005 9.793147 -9.229757 
0.093662 -0.555390 0.652686 1.044008 3.150462 -9.463877 7.781716 
1.055006 -0.882156 0.603668 -0.583769 -6.777618 -0.586412 8.760777 
0.290595 0.438392 -0.148681 0.840762 -5.000050 13.293011 16.152196 
0.226020 0.456008 -1.772554 3.090829 11.215463 -12.977056 22.331930 
0.258652 -0.186470 0.385345 -0.047322 10.566261 -4.609126 0.101385 
0.504080 0.399480 -0.304646 0.114013 -5.999794 -1.450491 17.237274 
0.133644 -0.408269 -0.145793 -2.090821 -10.500492 -12.073086 -16.819899 
0.102367 -0.379260 -0.157965 0.446887 -14.610864 -10.393597 -6.770986 
0.102733 0.540274 0.423363 0.381918 4.182513 -2.363392 13.501254 
0.406103 -0.074729 -0.192757 -0.009918 -4.632604 -10.118904 -19.796954 
0.170184 -0.680454 -0.713940 -0.991121 0.956475 8.759186 -8.048634 
0.080956 0.859366 1.587837 -0.510781 2.699498 18.851357 -9.071749 
0.171393 -0.616644 1.237811 0.393034 -6.036468 2.276614 -8.248107 
0.103884 -0.695677 -0.022139 0.062473 -0.168898 6.762368 2.616577 
0.287723 0.244633 0.021452 0.408702 3.250848 8.931638 -9.056981 
0.707610 -0.334268 0.035888 1.378030 -3.414783 5.486149 7.782305 
0.161798 -0.288374 -0.173451 0.428099 -15.663026 -12.063206 14.157181 
0.495528 -1.419813 2.183417 0.636180 -7.933044 8.401640 1.339684 
0.081729 0.882439 0.479942 0.672308 -4.220212 7.685556 15.304949 
0.498673 0.266308 -0.255297 0.154425 7.182448 9.028257 -18.976311 
0.189760 -0.569609 0.324213 0.402726 9.354396 -1.239176 17.133602 
0.174582 1.311594 0.466214 0.570281 0.534294 -0.562953 9.904492 
1.913197 -0.299333 1.092546 0.102280 -12.893606 14.025656 -0.497728 
0.156957 -0.510259 0.738291 -0.251657 -2.897347 7.964489 -10.417149 
0.318637 0.538070 0.654072 -0.010579 -0.047841 -8.091713 -6.085189 
0.384886 -0.673746 -0.072719 0.241443 3.133694 21.432313 -6.285784 
0.094543 -1.145984 0.538226 -1.681060 1.975668 10.732471 -11.855388 
0.093801 0.683824 -0.579295 0.169938 -3.412204 -5.643774 -16.215618 
0.259589 0.144092 0.665182 0.758533 4.092351 8.823794 8.815153 
0.331382 -0.125892 -0.055062 0.041813 0.841476 -4.178429 -0.761462 
0.597086 -1.373074 0.891032 -0.391160 -6.440781 17.944199 -4.228663 
0.244466 -0.370157 0.143519 0.353534 -5.190749 13.850477 -11.566983 
0.409757 -0.132215 -0.271378 1.220895 -13.119551 10.361883 11.327250 
0.703460 -0.552930 0.793773 0.694888 12.781879 -1.831144 9.349836 
0.129081 0.344892 0.242846 0.474833 -6.420680 3.343070 9.096616 
0.592856 0.736749 0.177553 0.629113 4.372103 19.326378 3.532780 
0.598064 -0.058874 0.390941 1.065243 -10.680769 -0.452966 18.421537 
0.315326 -0.769689 0.731189 0.775386 -19.289330 7.010140 7.190856 
0.830552 -0.126882 0.190691 -0.293140 -18.185524 14.509180 -1.336637 
0.107798 -0.566416 0.748565 0.842550 -0.644745 3.557548 -2.736581 
1.282747 0.015480 -0.816103 -0.514743 10.101952 -2.955394 -13.732457 
0.179704 -0.128325 -0.323621 0.433724 -9.663966 10.746062 19.263247 
0.226650 0.289354 -0.628144 0.405329 -9.424581 -9.728753 1.635021 
0.213577 0.063878 0.918629 0.241016 6.266022 16.677812 -5.358452 
0.360054 -0.507869 -0.054909 -0.090088 -19.703664 -2.963507 -10.947413 
0.590465 0.526239 0.091803 0.065010 11.228996 9.765103 -1.903713 
0.323997 -0.270764 1.756021 -1.503283 -3.558808 21.103294 -3.992611 
0.080856 0.419181 -0.978758 1.130851 11.401717 4.175874 1.971045 
0.143920 0.188764 1.623935 -0.017274 -0.118993 0.627768 3.537815 
0.128165 1.047727 0.258449 0.329033 -1.220715 9.566491 6.267112 
0.371144 -0.162322 0.814356 -0.225265 5.148498 -9.660972 -6.482849 
0.145470 -0.845902 0.704434 -0.967662 7.749299 0.153773 -8.873021 
0.092657 -0.299698 0.700881 -0.014516 -5.847032 21.831602 6.068883 
0.587126 1.291934 -0.583640 -1.675471 18.327077 -11.871350 -5.724290 
0.235289 -0.189596 0.354997 0.447125 -15.455560 7.909183 -3.451058 
0.569180 0.105455 -0.747237 -0.046798 -14.833811 4.552789 -7.039426 
0.093590 -0.566205 0.218989 0.943997 -7.148949 8.885908 -1.088124 
0.249342 -0.128740 -0.568828 -0.403084 2.605807 4.205830 13.183034 
0.543855 1.514691 -0.255325 -0.161484 13.651585 -7.413771 6.041292 
0.236315 1.512519 1.874975 -1.731797 15.574651 25.514143 -8.333629 
0.136931 0.010879 0.189610 -0.285255 11.110528 -21.755323 8.171345 
0.109437 -0.466659 -0.739508 0.251169 -14.333152 -0.581197 -13.226533 
0.915698 0.392049 0.360479 0.023089 8.625720 -7.163158 -16.800192 
0.125769 -0.266332 -0.392705 -0.240738 2.953556 -8.396540 -3.635975 
0.182221 0.206504 -0.421881 0.156964 -20.636327 -6.472129 -2.750809 
0.624303 -0.908911 -0.538929 -0.218761 -3.826530 8.975750 7.064174 
0.123119 -0.799783 0.071910 0.361906 -6.875981 1.210659 2.087467 
0.093277 0.288783 0.156167 0.231732 6.475029 -11.393147 8.552114 
0.126609 -0.710536 -0.721156 0.791179 7.691640 5.306880 9.987853 
0.342755 -0.169739 0.886369 0.268449 -14.308078 14.650281 1.824107 
0.887808 1.059773 -1.461464 0.225825 4.020488 -2.147019 2.520550 
0.718573 -0.764629 -0.410852 -0.720141 7.810487 -3.577524 -2.849076 
0.789225 -0.198048 0.814407 -0.061430 -5.478120 8.824831 -8.453201 
0.126531 0.498106 0.210586 0.636026 -8.402889 7.118094 8.331640 
0.685572 0.128315 0.169353 0.169325 2.909908 11.940897 -4.576656 
0.342997 0.935421 -0.325726 -0.212679 -9.568361 2.013508 -2.872133 
1.141486 0.483082 0.552488 0.639196 -9.899374 6.726358 -7.617255 
0.181571 -0.474062 0.258789 0.597287 -0.220503 -0.167721 17.367594 
0.271737 -0.290843 0.046983 0.483027 0.696278 -3.605617 5.452245 
2.465276 0.100389 0.646383 0.656372 -5.493995 3.822217 4.758361 
0.132761 -0.266485 0.003407 -0.537296 16.656890 8.355264 5.785764 
0.088416 0.369973 -0.156259 0.173407 -19.979810 1.050684 9.905417 
0.089291 -0.012324 0.451784 -0.287332 0.306819 -0.649282 5.897520 
0.263350 0.041031 0.004230 -0.096935 -15.928869 -10.086337 -16.890978 
0.423754 0.606643 -0.170622 0.920509 7.525132 16.815493 10.317724 
0.178200 -2.138503 -0.649232 -0.046459 -8.562002 2.348256 0.051238 
0.269147 -0.539859 -0.910617 -0.088609 -15.919689 9.985492 -6.253571 
1.218772 -0.804425 -0.129987 0.125938 12.349495 -11.749676 11.288527 
0.195759 0.468973 -1.136538 1.104766 -2.515839 -11.582521 1.041871 
0.310560 0.241577 0.202640 0.741395 8.453098 -2.744981 4.237162 
0.132928 -0.111764 0.517910 -0.345074 -1.859551 3.043987 1.988295 
0.130606 -0.317125 0.525555 0.352792 4.578975 -14.253090 -13.704962 
0.180981 0.771981 2.076556 1.692202 4.124172 22.940060 18.540686 
8.040799 0.077022 -0.350038 0.070920 -3.955948 -3.598965 0.183348 
0.080873 -0.127957 0.572110 0.392250 -23.159164 1.872501 -2.223827 
0.337684 0.212100 0.543193 1.744770 5.536603 -5.322851 8.378184 
0.727006 -1.399780 0.927503 0.524932 -9.790308 -0.034525 10.196419 
0.130102 -0.223188 0.009754 0.217944 -0.861947 -19.640776 -0.533627 
0.107057 -0.382249 -0.553116 0.872504 -1.492091 10.853846 17.587806 
1.352041 -0.255463 0.200241 -0.431874 3.013146 -0.749593 -14.024617 
0.108970 -0.682828 0.009380 -0.021850 3.839019 2.652740 -16.771627 
0.148499 1.552615 0.701198 -1.160377 5.135216 -2.003576 -5.761263 
0.263983 0.330210 -0.531653 -0.021155 1.653506 3.137250 -2.424025 
0.240265 -0.453491 0.860719 0.177377 2.693154 12.335273 6.767093 
0.217954 0.030548 -0.135658 -0.013119 -0.573616 -15.077455 -12.053348 
0.444167 -0.332839 0.244857 -0.244536 5.743988 -19.697912 -13.749907 
2.752555 0.041348 0.676935 -1.387662 -3.389301 9.323340 -6.770433 
0.266546 0.580312 0.038339 -0.824297 3.073209 -3.949204 0.592922 
0.104305 -1.320289 0.539352 0.336578 7.186626 2.901605 7.684444 
0.144490 1.064613 0.984372 -0.669513 0.323750 9.412301 -14.099393 
0.094619 0.010716 -0.155323 0.656362 -5.577806 -0.037982 -9.268837 
0.144851 0.080255 0.543971 1.135644 12.523241 -2.653157 3.451552 
0.132290 -0.447419 0.062877 1.337405 -12.159522 13.722579 6.770938 
0.524424 0.004790 -0.399508 -0.211347 2.550970 6.633458 15.018903 
2.804970 1.667970 0.452645 0.211246 14.136264 2.585759 5.525468 
0.151725 0.100215 0.253792 0.358467 -16.458384 2.330048 -8.483990 
0.691052 -1.133046 -0.112309 0.231325 -6.757447 -14.459600 0.272063 
0.123125 -1.950513 -1.241277 -0.929243 -13.593101 -2.426288 -5.833884 
0.095501 0.209380 0.223668 0.352927 5.706776 7.836397 -1.284998 
0.082472 -0.105278 -0.036401 0.631488 4.019458 6.765481 -6.112765 
0.088000 0.149651 0.043409 0.811416 15.672725 2.710494 4.502634 
0.106567 -0.465200 0.184225 0.229561 7.559265 3.043465 1.290316 
0.083960 -0.524740 -0.596526 1.092542 -10.202796 -2.875296 12.378321 
0.444394 -0.099861 0.574474 0.535904 2.452496 12.345245 15.474339 
2.968598 -0.253149 0.093525 -0.380872 12.363178 -3.971989 -5.200030 
0.118415 -0.893048 0.100104 -0.059691 8.912816 -2.291463 -13.161205 
0.123056 -0.388065 -0.175562 0.843176 -0.568177 12.149302 11.426236 
0.111967 -0.633580 0.559769 -0.131168 2.714180 14.724206 2.919558 
0.095336 -0.254532 -0.428797 -0.248732 4.255342 -10.560088 -3.541737 
0.085245 -0.622079 -0.037443 0.140438 -11.321065 1.909437 -21.804070 
0.219520 -1.165097 -0.447475 0.330351 -9.130629 1.395313 -9.868465 
0.269315 -0.794076 -1.304496 1.330203 -4.076990 -0.654217 6.419504 
0.084729 0.092314 -0.318206 0.575258 8.869253 -7.937343 12.376426 
0.193296 0.286900 -0.484915 0.794241 4.407237 15.552775 10.701963 
3.042533 -0.337806 -0.652631 -0.614937 1.727163 -12.520576 7.751221 
1.417540 1.460433 1.589933 -0.357022 7.604691 5.342927 3.638109 
0.348250 -0.213422 0.016050 0.214145 11.325117 -8.170219 13.607331 
0.189420 0.247686 0.131668 0.735757 13.247331 9.581132 8.205499 
0.222484 0.170215 -0.221346 0.237150 2.863992 8.348082 -12.729119 
0.319069 -0.079116 0.298764 -0.709037 11.426215 5.008024 8.272835 
0.092091 -0.282799 -0.311407 0.681161 11.122949 0.709053 -4.876400 
0.486369 0.789952 -0.595267 -0.184824 0.791274 -11.449904 2.289510 
0.293964 0.186790 0.667293 -0.064594 1.669442 12.265162 -7.640855 
0.150389 -0.541477 0.460130 0.040593 -14.752619 16.690054 9.558066 
0.098254 -0.445597 0.122998 0.089978 -15.466867 2.409307 18.434735 
0.129777 0.001778 -0.051932 0.593217 3.542462 6.801148 0.907875 
0.089968 0.656870 0.827140 0.089460 -4.881570 6.009851 -14.593105 
0.178187 0.431922 0.020354 -0.360515 9.627514 1.230284 1.338464 
0.446547 -0.560922 0.249772 0.212627 9.621979 11.713796 4.559193 
2.596189 -1.727528 -1.534876 -0.624245 -14.792407 -10.715320 2.744579 
0.941679 -0.121932 0.549752 -0.039081 0.362170 0.982828 17.651679 
0.357477 -0.518979 0.460345 0.159500 -4.687546 -15.294172 8.864238 
0.233141 -0.784593 0.617599 0.380460 -15.425840 9.808038 -4.597331 
0.109886 -0.561375 0.091116 -0.221156 13.365030 -4.823434 6.292757 
0.103385 0.203454 0.702076 0.471715 6.276053 -2.522783 17.415908 
0.307529 -1.157257 -0.947833 -1.801707 -3.943321 -10.512111 -5.093413 
0.224214 -0.794132 0.368173 -1.901314 2.065624 -7.009054 -16.686838 
0.688471 0.415670 -0.150047 -0.136755 -9.179177 14.564912 -3.766053 
0.121886 0.338092 -0.702486 -0.055185 4.609207 -4.726403 14.397680 
2.036878 1.854331 -1.275640 -0.307322 5.811762 -6.555958 -6.602368 
0.108772 -0.293203 0.989050 0.552221 0.927332 11.266098 -4.879255 
0.087214 -1.062022 -1.569631 -1.094253 -1.184605 -11.155516 0.133811 
1.095005 -0.039663 0.211073 -0.115357 -7.708129 -10.166590 -15.764516 
0.462444 0.430217 -0.078914 -0.533285 18.081597 -1.507794 -21.111483 
1.195467 -0.048628 0.102093 0.213803 0.603873 26.075597 -1.179669 
0.124532 0.036171 -0.108847 0.192747 20.786381 14.032342 -5.889612 
0.239527 -0.261391 -0.269648 0.340664 -16.150461 -5.552690 17.118898 
0.513647 0.195934 0.185389 0.731751 0.573492 -12.124414 -5.382527 
2.322161 0.145703 -0.252806 -1.123374 10.301136 6.661198 -0.532394 
1.749945 0.613420 -0.223977 0.099048 27.916403 -34.342734 14.281419 
6.427225 -0.460867 0.320583 0.122118 3.441994 20.897179 -12.755703 
0.187473 -0.314994 -0.211955 0.020528 -8.397944 1.661445 19.653812 
0.080411 -1.169749 1.191337 0.980112 0.768670 8.717892 5.526283 
0.084886 -1.162288 0.068340 0.257435 -20.823047 -0.096727 0.628398 
0.210734 -0.271330 0.324425 -0.192627 -8.362373 -7.001022 1.631398 
1.039799 0.524553 0.225019 0.841200 -1.696877 6.974992 16.294670 
0.589256 0.312108 -0.220996 0.492175 8.712621 4.864871 -2.477360 
0.193774 -0.675926 0.845266 0.207038 -13.754119 -10.983079 13.437612 
0.204408 0.111965 -0.028271 -0.309107 15.309453 -5.130112 9.047006 
0.203976 -1.143993 0.350359 0.229105 -11.168143 -1.051591 -14.032668 
0.100379 -0.050680 -0.305468 0.198157 1.715603 5.387824 4.009517 
0.224716 0.191193 -0.162150 1.374638 -6.683290 10.025742 8.724175 
0.736908 0.293094 1.187593 0.283274 -4.618487 11.801425 -1.276512 
0.183623 0.925556 0.393613 -0.909299 3.821935 -0.752983 3.724012 
5.763363 -0.605578 -0.852947 -0.144735 2.163269 4.538368 3.293573 
0.155563 0.079408 0.409798 0.298831 4.564159 15.484193 4.937878 
0.205052 -0.836399 0.727222 0.496869 -16.581581 -8.248286 11.588304 
0.256881 -0.464285 -0.831909 0.081597 -4.144362 -5.486828 18.259423 
0.383592 0.113382 -0.758459 0.132316 0.128075 -5.007254 -19.283706 
0.115189 -0.987446 1.333885 -0.167607 -9.445673 8.884137 15.754245 
0.144188 -0.648278 0.095170 0.275175 -20.963123 12.460631 -12.804569 
0.208231 -0.654765 0.581070 1.052756 -4.267354 2.581250 13.077709 
0.523071 -0.625280 -0.190500 0.035267 11.823435 -3.842973 16.816766 
0.460238 0.137508 -0.054793 1.595558 12.112138 0.786928 0.481480 
0.500482 0.072349 0.739137 -0.452922 -11.022585 5.576819 10.311957 
0.190881 0.778924 0.562415 1.458574 16.902214 -1.776363 6.864369 
0.095002 0.090531 0.183368 0.154795 -11.111358 -16.693988 -1.753446 
0.282526 0.243479 -0.118508 0.375569 -19.891344 -0.590651 13.009685 
7.200905 -0.733719 0.310163 1.062908 -13.589199 5.519889 -2.934823 
0.639887 -0.929886 0.400429 -0.096383 -1.817479 -6.935225 -14.153377 
0.088337 0.132573 -0.376683 0.040448 5.636483 -14.954246 -0.672252 
3.427020 0.573695 -0.210502 0.762115 -1.656486 4.824547 -0.589965 
0.286232 -0.502861 -0.497356 0.435632 -7.850991 -0.009328 12.967627 
0.111446 -0.595459 0.687710 0.957438 -12.247708 4.796238 2.141530 
0.194955 -0.449724 0.368306 0.303113 -21.827001 0.468801 3.910868 
0.190041 -0.859676 0.235691 -0.148151 -1.421277 3.630760 -7.756689 
0.170109 -0.879072 0.474454 0.499583 -11.132630 -10.735776 -6.059053 
0.162386 -0.673532 0.357693 0.038753 -7.998905 10.118901 -11.672375 
1.166044 1.050232 0.174148 1.740291 4.914346 13.246839 15.276981 
0.584740 1.352128 0.129062 0.429137 -3.466723 -2.774242 -0.144479 
0.396613 -0.318760 -1.332593 -0.840962 -9.389114 2.424282 -6.936260 
2.418064 -0.498516 0.378495 0.009038 1.583664 -1.476542 0.256459 
1.010429 0.227488 -0.055335 0.205148 19.730327 -10.824125 -1.419443 
2.532142 -1.286161 -0.046414 -0.004590 7.617531 -5.910888 0.997837 
0.107929 0.423499 0.654445 0.662280 -1.510359 -12.052132 -3.650631 
0.167175 -0.543203 -0.049784 -0.717035 6.006514 -0.151367 8.417336 
0.254952 1.451160 -0.736252 -0.668936 5.638022 4.928928 -8.208598 
0.429694 0.544079 0.457919 0.754384 9.017405 13.130054 -2.385949 
0.496826 0.167713 0.074498 0.331126 15.034786 14.555083 18.640244 
0.121547 0.626102 -1.827987 0.194471 0.449596 -21.813386 -4.624772 
0.215928 -0.231080 1.093179 0.049227 -3.552223 20.884876 -11.344627 
0.270339 -0.454669 0.268623 0.210611 -8.123740 -22.793530 -14.584463 
0.080083 -0.057213 0.233512 0.802631 13.778056 -1.686188 -1.218974 
0.272801 0.499230 -0.193012 0.192497 -11.667336 7.993726 2.007749 
0.248941 0.009573 -0.491722 0.537847 16.713961 3.307307 -9.222457 
0.198171 -0.127914 -0.507562 -0.172575 -4.274733 7.045785 -7.073884 
0.125940 -0.235458 0.915770 0.322854 -7.187212 16.294045 0.148330 
0.397489 0.312930 -0.065872 0.330662 -4.451441 7.313096 -8.945704 
0.109822 1.583885 0.227887 -0.171821 15.908051 -1.011388 -9.222137 
1.950578 -0.335199 0.126244 0.311296 6.724589 -12.919103 15.289475 
0.085723 -0.032469 0.449341 0.652282 3.401211 5.064949 10.334204 
0.261677 0.192927 0.479369 0.436950 -5.842371 2.118764 11.294010 
0.410668 -0.179450 0.897066 0.825846 7.878437 -8.605301 5.005836 
0.278253 0.437466 -0.171201 0.731540 5.096087 11.185446 8.547570 
0.362834 -0.747681 0.608669 0.398440 -6.347788 16.770887 2.452807 
0.191416 3.117790 0.382078 -0.241223 27.206309 11.904770 -4.312712 
0.204516 0.865130 -0.496554 -0.830450 6.185008 1.936958 3.860604 
0.119244 -0.022067 0.589674 0.586812 -6.860786 -17.783184 4.504834 
0.394798 -0.070411 -0.175903 -0.096725 4.411659 -4.319299 18.154755 
0.108074 -0.218627 0.733034 -0.722499 -4.805795 11.100565 -6.471071 
1.687457 1.486988 2.474566 0.169516 12.841288 14.307850 6.667329 
0.142585 -0.106037 -0.011217 -0.235726 4.253398 23.754476 3.133774 
0.999592 -0.496409 0.688825 -0.322156 -10.934408 5.748614 5.968508 
0.835224 1.367770 0.099577 -0.078775 1.717865 15.440339 2.093730 
0.133760 -1.117128 -0.823508 0.182986 -6.594753 0.225902 9.900996 
2.914902 0.800803 -0.564862 0.071917 5.010726 -6.242227 -0.430942 
0.289537 -0.784651 -0.608147 0.112066 -11.153741 0.424273 -5.287338 
0.111589 0.160516 0.121824 0.177454 1.920855 -5.775996 -11.426748 
0.666435 0.125715 0.769808 0.375060 1.073734 5.070495 6.823030 
0.118124 0.005785 -0.156640 0.526219 10.089905 12.724604 3.209123 
0.082017 -0.531748 0.718626 0.304573 -9.554662 14.706134 -8.781839 
0.384643 -0.010858 -0.267052 -0.191435 17.637548 8.203362 -3.119328 
0.170390 -0.801572 0.501969 0.718348 -14.814055 -1.081455 -2.600355 
0.164634 -0.232004 -0.049726 0.460694 5.765556 -8.311986 8.823798 
0.710018 -0.798518 1.237632 0.663082 0.128898 5.390986 4.797744 
0.490174 -0.304643 -0.063025 -0.304005 -13.345583 4.198490 3.389479 
0.209872 -0.432109 0.309362 1.100698 -4.726878 16.758961 -2.301648 
0.191407 -1.604263 -0.910064 -1.297223 -3.063449 -0.324324 -12.200138 
0.086220 1.054034 -0.063763 0.436155 6.323047 -2.585540 11.435571 
0.253249 -0.234150 0.462336 0.237033 -22.850489 15.233531 2.872046 
0.443660 0.114801 0.505294 0.091600 -9.645576 1.592060 5.483940 
1.478874 0.363551 0.879496 0.474447 -11.462428 2.370176 0.858258 
0.997008 -0.479019 -0.182097 0.065687 -24.252769 -9.801443 -3.729524 
0.119733 -0.543745 0.571417 -1.153402 5.075151 -5.541733 -2.521692 
0.155712 -0.768602 -0.129878 0.544338 8.725836 11.638087 -6.080138 
0.248140 1.272028 0.160014 0.059266 10.393749 6.192054 3.521105 
0.211986 -0.772289 -1.021514 2.105758 -7.411532 -9.964716 7.036011 
3.164370 0.247306 0.483865 0.132549 -4.598637 3.715440 18.792934 
7.811175 -0.227343 0.194519 -0.050376 -3.482183 -16.844235 10.026753 
0.119711 -0.046187 0.012894 0.767660 14.311584 -1.003629 5.164142 
0.081905 -0.275221 1.741319 0.438824 -1.059787 3.115301 -1.488516 
0.128974 -0.487933 -0.320967 0.450291 -6.201803 -16.860115 -5.549223 
0.098410 -0.507406 0.093545 -0.199455 -2.160902 6.060473 0.625679 
0.208666 -0.511211 0.113354 0.981681 10.147812 11.194424 14.724720 
0.338702 -0.037615 -0.949114 0.660549 9.727133 -5.282643 14.635062 
0.270406 -0.195666 -0.475145 -0.744675 16.431203 -0.490198 -1.961317 
0.261780 0.054222 0.229166 0.084667 11.472001 -7.659961 20.721715 
0.198271 0.094770 0.303707 -0.054933 -6.648940 13.457330 -10.702829 
0.547947 0.321834 0.224953 0.449847 14.792800 11.510538 4.564801 
0.084496 -0.453684 0.969406 0.536433 -4.864984 -12.032952 10.847658 
0.547853 0.309010 -0.498407 0.142630 -2.733777 -4.835167 -3.641731 
0.124445 -0.080717 0.322956 0.427874 -15.932695 15.956774 0.198791 
0.573077 0.010557 0.389044 -0.322030 4.688519 0.776852 6.446639 
0.415176 0.239901 -0.603705 -0.228345 3.986899 -6.583390 8.341195 
0.878922 -0.135956 0.011234 -0.786963 -9.250601 -15.837216 1.736613 
0.094683 -0.396956 0.822375 -1.382045 -0.744029 -5.544467 -2.604595 
3.025229 -0.746999 1.584141 -0.139966 7.160302 8.108071 -5.402360 
0.102725 -0.687055 -0.420099 -0.067805 -5.800485 -13.514368 14.844311 
1.385436 -1.870081 0.349604 0.475763 -8.296944 12.549023 5.947050 
0.188343 0.873959 -0.474780 0.441074 3.556990 -3.571570 12.640468 
0.308804 0.311341 0.449561 -0.065368 7.879657 -11.832495 -13.449065 
0.266901 1.188305 1.070975 0.377553 15.984584 -0.039002 3.343660 
0.352073 0.098748 -0.262789 -0.957842 -11.638882 -2.308719 5.974914 
0.588656 0.765553 -0.774402 -1.303121 11.141995 -3.476981 -5.380150 
0.105091 -0.404495 0.358798 0.138638 -6.656605 11.550600 -4.204076 
0.147682 0.928116 -0.180243 -0.460704 6.853747 -7.635247 11.831863 
0.179358 -0.435300 0.426807 -0.073860 -17.570389 14.507271 11.741407 
0.522896 0.329320 -0.662151 -0.007009 -6.241092 -6.567754 -3.380191 
0.141510 0.766975 -0.463949 -0.336225 4.047947 -1.971739 3.569507 
0.105633 -0.199242 0.091544 0.132040 4.953131 0.993971 19.220757 
1.115389 0.184426 -0.280734 0.188354 -8.179870 0.602506 18.218683 
0.100224 1.989607 -1.290542 -0.103284 8.702597 -9.953897 -9.376928 
3.043771 1.366318 -0.344138 -1.810306 8.845749 -2.585096 -5.526839 
1.677124 0.299638 -0.688725 0.331879 2.150777 8.253547 -10.977783 
0.154714 -1.708320 -0.638334 -0.369117 -0.892291 -3.750498 -4.095889 
0.509531 0.435479 0.322198 0.286925 -4.744811 4.684145 -4.852012 
0.118595 0.587873 -0.173910 0.575283 -10.114943 9.837229 -4.181761 
0.192470 0.939121 -0.263577 0.482293 2.827302 -3.978880 4.364249 
0.156661 0.041594 -0.518259 1.424577 1.797157 10.880236 8.273933 
0.269171 -0.134913 0.160547 -0.366659 -18.076440 -2.562970 -5.600040 
0.275015 -0.774414 0.471388 0.136238 -17.876431 3.149108 -10.281365 
0.133107 -0.335419 0.387716 0.675972 -5.773947 3.308668 18.539422 
0.116244 0.368598 -0.821752 0.279173 -6.093196 -2.867520 -1.020811 
0.262815 -0.484576 -0.828888 0.488429 -7.517320 -8.438845 -8.362914 
0.152197 -0.631561 0.320849 -0.994175 -19.192699 3.642926 -2.918835 
0.591538 0.525508 -1.083092 -1.241319 -2.810544 -5.843730 -17.973997 
0.273814 -0.177268 -0.086359 0.122139 14.634473 17.854787 5.970036 
1.296377 -0.302696 1.082752 0.490202 -9.003634 12.916728 1.582908 
0.625099 0.040915 -0.222821 0.721256 1.495658 11.435252 16.576939 
0.953431 -1.383550 -0.602764 1.246195 -5.886485 -3.172871 13.880317 
1.362864 -0.080298 0.300088 -0.324349 12.274137 -10.206903 -19.689857 
0.388981 -0.748487 0.246545 0.608614 -18.710471 3.044155 -1.699082 
0.178332 1.806947 -0.363605 -0.058443 19.554329 5.508026 6.948720 
0.372184 -0.580234 -0.525572 0.423055 5.141242 -2.781162 -11.462533 
1.884918 -1.316340 0.131771 0.057241 -9.056501 -1.054971 8.948987 
0.093160 -0.939402 -0.577886 -0.593241 4.629729 -1.937461 3.905853 
0.093696 0.363235 -0.556319 0.353162 1.024378 8.643665 3.309041 
0.080850 1.677590 -1.316633 1.252406 4.587655 -15.154713 10.383530 
0.277717 -0.099488 -2.052825 1.210631 0.957742 -5.748215 14.052384 
0.330199 -0.736522 0.799219 0.347333 -12.220424 7.939485 -8.487193 
1.020862 0.529646 0.239735 0.120638 3.554312 -13.006360 -2.197587 
0.554068 -0.680364 0.266527 0.406646 -8.622736 2.098613 -0.256370 
0.410517 0.368914 -0.155233 0.696974 -17.063970 0.254994 6.308153 
2.241100 -1.244288 0.329664 0.327384 -10.148713 8.935847 -7.286698 
0.769947 -0.338589 -0.312952 -0.297130 9.459801 7.194683 -15.743280 
0.085466 -0.358819 -0.511818 -0.175101 -21.887140 -10.266172 -1.794534 
0.645582 -0.294729 0.334478 -0.387948 2.234360 -4.941882 -11.963636 
0.291207 1.536129 0.055577 -0.560230 15.327959 -1.844347 -5.240653 
0.780826 0.867019 1.551270 0.338367 -6.578046 14.969473 4.811888 
0.178041 -0.178619 0.335513 0.686562 2.264452 1.507233 3.016778 
0.111657 0.404276 0.359459 0.576740 -13.376763 7.823952 6.177007 
0.141933 -0.159647 -0.423137 -0.225736 11.623479 -14.511169 -18.362437 
0.503658 -0.390186 -0.416607 0.739069 -13.833075 -8.749690 14.803956 
0.266518 0.336557 -0.784231 -0.946898 -12.133852 -5.178771 -5.140928 
0.136578 1.061204 0.319053 0.431078 9.097992 6.178299 0.257330 
0.126498 -0.784452 -0.494399 -0.418065 -3.430715 -8.948482 -2.295896 
0.081261 1.680093 0.563935 0.164641 12.044065 -9.736302 -3.574179 
0.167252 -0.161740 0.083504 0.097829 -1.451498 3.508743 -5.388284 
0.607244 -0.568625 2.108210 0.534896 0.427012 6.942764 -0.929530 
0.266741 -0.644414 0.213225 0.585614 10.680637 -24.276676 5.252325 
0.157175 -0.537989 -0.641120 1.458552 -20.054613 -3.554129 8.465561 
0.366807 0.289125 -0.379107 -0.491160 5.896655 7.779923 -6.048096 
1.030213 -0.162905 0.124102 0.244605 -8.170428 1.422792 -18.161737 
0.140945 1.826854 0.984255 0.329819 8.308990 -0.221760 9.565576 
0.288794 -0.547441 0.183461 -0.644903 -8.044850 9.851324 -5.188235 
0.182724 -0.777976 0.599902 -0.215883 -2.069355 -15.839143 -6.541274 
0.115248 -1.318842 1.079175 0.313357 -4.571327 1.210519 7.048870 
1.012019 -0.107887 0.142451 0.015464 7.013430 19.118169 -11.974386 
0.292049 -0.950527 -0.367767 0.321738 5.856277 -11.111571 6.785151 
3.273691 0.085749 0.088575 0.568498 3.101306 -0.272884 -6.352311 
0.507219 -0.908918 0.720792 1.013018 -12.463214 -9.396853 14.135397 
0.325723 -0.939209 0.454760 0.154846 7.208565 4.088331 -13.489204 
0.153073 0.993419 1.171634 -2.463815 11.266750 0.520547 -27.019371 
0.229855 0.498897 0.394300 0.240902 1.954462 -0.293042 -8.299301 
0.196589 0.113477 0.136426 -0.396854 3.856020 9.085275 7.984979 
0.095001 -0.193237 0.290778 -0.955527 -8.450634 3.761290 -6.550316 
0.458870 -0.862084 -0.506293 -0.124850 8.915306 9.409684 1.557301 
0.085890 -0.495829 1.961887 0.856398 3.378045 8.829854 16.553515 
0.170408 -0.618912 0.526189 0.131654 -16.659962 10.252968 13.199685 
0.130084 0.048735 -0.001742 -0.010337 -2.250142 17.519479 -4.878812 
1.384359 -0.113267 0.251250 0.536172 8.887559 12.435371 4.798563 
0.642711 -0.337036 0.482652 -0.048853 2.007295 8.755220 17.720487 
0.176254 -0.291108 0.078258 0.438686 16.264663 16.038510 11.726309 
0.156623 -1.104638 -0.536958 0.396877 -12.615460 6.363873 5.781193 
0.874755 -0.582003 -0.236295 0.160682 -7.828606 1.878559 10.308009 
0.628183 -0.070574 -0.317979 0.627590 4.217341 -13.115455 -1.603174 
0.127719 0.823888 -0.332721 0.860269 -3.525191 -4.019845 19.263022 
0.209256 -0.559821 -0.038869 0.400761 -12.795732 10.455110 -11.415629 
0.393003 0.632228 0.320613 -0.135951 -5.702672 -0.563061 -2.679543 
0.395444 -1.280662 -1.453730 -0.296404 -1.846473 -4.891269 5.288087 
0.150757 0.495577 -0.775504 1.058154 14.617969 -3.599053 8.021597 
0.613619 1.112582 -0.150230 -1.390576 11.347740 -7.073944 -12.346586 
0.371705 0.606115 0.477796 0.540682 -5.862604 17.370639 3.283796 
0.128172 -0.082182 0.859261 0.632798 -5.470675 9.331717 16.677050 
1.227367 -1.267603 1.459907 0.650376 -4.344469 16.773486 8.594799 
1.287495 -0.317205 0.132823 0.127986 -2.496737 10.528883 7.700786 
0.285623 -1.113504 -0.575229 -0.555821 -5.147225 -11.639615 -10.801947 
0.186793 -0.385379 0.272526 -0.439538 -8.463811 -1.257805 4.392641 
0.151928 0.051217 -0.180976 -0.187596 -24.983014 -6.360229 0.969285 
0.107729 0.262434 -0.654690 -0.277523 -0.525469 15.322789 -5.014099 
0.789450 -0.127074 0.314034 0.260296 -6.684273 -20.830694 -11.546059 
0.417882 1.147985 0.187315 -0.289166 4.137812 -2.684476 13.917386 
0.415458 -0.194589 -2.671973 -0.508851 -5.645807 -16.586202 3.247525 
0.510419 -0.109531 0.634734 0.460263 -18.238374 15.015159 1.274826 
0.130425 0.037731 -0.733937 0.521929 -9.562722 -3.784461 -5.568816 
0.312402 0.148278 0.152346 -0.073669 14.191295 -24.234056 5.970934 
0.489643 0.048187 0.406014 -2.332278 -3.675006 5.973016 -12.164148 
0.449688 0.849381 0.474107 0.988618 8.973870 14.656279 -3.515175 
4.640213 -1.396111 -3.056533 -3.683829 -7.706591 -23.590875 -33.413758 
0.102329 0.194036 0.038492 0.817085 12.074942 16.077484 -0.808457 
0.088752 -1.273404 0.391234 0.370878 -10.080921 18.098230 -8.560967 
0.124181 0.583794 -1.105398 0.480609 5.045663 -4.430373 -4.381733 
0.142677 -0.343978 -0.197654 -0.427184 -21.312581 7.884142 0.045292 
0.646196 -0.669015 0.789935 -0.795418 5.168973 -5.049742 -12.722697 
0.112694 -0.559777 -0.541546 0.091086 0.472736 -11.518453 -13.027076 
0.176104 -0.209674 -0.424450 0.659623 -13.468699 -1.666754 -12.552813 
0.106965 -0.468129 0.305628 0.920813 -1.163359 15.449970 18.352504 
0.330430 -0.791718 0.692022 0.103208 2.807871 -8.162102 0.101246 
1.059937 0.728691 -0.214081 -0.556222 1.597211 -0.343768 -6.050970 
0.446854 -0.046946 0.528672 -0.659944 -3.400431 -8.994246 -1.258284 
0.249843 -0.556816 0.933201 0.639367 -12.664358 9.867767 0.077231 
0.126972 -0.316301 0.028345 -0.309776 3.855228 9.222853 13.934975 
0.148713 0.395329 0.068006 0.655852 10.663197 1.737282 -2.338035 
0.153845 0.921252 0.754088 -0.242705 -0.393448 1.203512 -2.247698 
1.523067 -0.269032 -0.454183 0.196708 -1.019954 -10.409992 -0.080267 
1.665441 0.286669 -0.392930 -0.643684 -2.216476 14.870352 -9.223375 
0.167356 0.267343 0.839809 0.601762 -9.145825 11.961577 9.220055 
1.433413 2.303954 -1.449327 -0.076438 10.201286 -15.216049 1.598518 
0.264805 -0.900173 -1.295811 0.212103 -11.025479 -0.310464 4.407890 
0.110793 -0.127193 0.663341 -0.517962 3.396239 8.429612 -8.160596 
0.180061 -0.286625 0.214778 0.202117 2.641466 -15.290211 6.106077 
0.195410 -0.158429 0.221991 -1.654791 -0.037836 1.377787 0.226657 
0.091610 1.418986 0.601126 0.572828 1.195828 0.751097 14.167113 
0.100160 -0.430074 0.095744 0.228895 -3.596068 21.032603 11.460202 
0.329612 -0.506520 0.136755 0.365737 4.612566 7.613842 -15.904331 
0.174903 -0.514174 -1.464406 -0.232870 -10.869864 -0.378641 -7.118302 
0.088879 -0.434209 0.372266 0.198393 4.371631 2.091187 1.597070 
1.382242 0.024476 -0.582876 -1.076404 12.068061 -8.813873 4.073324 
0.137418 -0.655101 -0.066053 -0.044256 -21.674804 -2.720485 -1.920887 
0.550522 -0.636536 -1.016709 0.330607 9.088953 -9.050869 9.880982 
0.977405 -0.817901 0.769933 -0.451772 -10.741712 -5.513532 3.874283 
1.078071 -0.051870 0.984162 -0.060052 2.966902 -0.836190 -7.927209 
0.158053 0.647768 -1.653751 -0.018730 13.166046 -15.167090 1.668046 
0.173348 0.330759 -0.057871 -0.141968 0.598936 1.321416 4.172671 
0.082934 0.759916 -0.011025 0.411061 2.439276 7.533102 -15.930485 
0.136636 -1.027285 -0.286852 1.058319 -9.924114 -2.074335 7.570127 
0.143734 -0.101458 0.206197 -0.336281 -25.093453 -8.531305 2.140909 
0.441192 -0.118497 0.444310 -0.155498 16.517420 0.023420 9.063229 
0.419927 0.231864 -0.576841 -0.170820 10.783822 0.443979 -14.493370 
0.233936 -0.850232 0.220425 0.500247 -14.115308 -1.139456 -14.685624 
0.472655 -0.378771 -0.513245 -0.441120 7.987444 -0.219838 1.687054 
0.114863 -0.059426 0.257033 -0.915210 10.177676 -1.998830 -6.695973 
0.090134 -0.027738 0.653969 0.103444 -12.572776 -1.445822 -0.201958 
0.541043 1.609250 -0.235028 0.200406 13.003020 -2.299412 12.041339 
0.282572 -1.088164 -0.099127 0.679777 -7.430452 5.982302 10.952482 
0.115642 1.097130 -1.001818 0.053612 0.974269 -4.585177 -0.102029 
0.081355 -1.522027 0.409562 -1.082921 -18.063536 8.266464 -0.084688 
0.367829 -0.480710 -0.296146 0.447832 -1.446466 19.625772 0.447185 
0.139629 -0.101817 -0.892147 0.061678 7.595190 -1.792663 4.264534 
1.352784 0.236829 -0.177354 -0.129457 14.772766 -1.148800 0.656750 
0.125255 0.309228 -0.378014 -0.452854 8.369222 -12.238446 4.253119 
0.401327 -0.161593 -0.662215 2.070633 -1.286532 -1.827917 11.282048 
0.285734 -1.026423 -1.451577 -0.255432 4.362722 -11.956887 4.210661 
0.395651 1.171753 -0.498230 -0.116777 8.448030 1.353278 3.868209 
0.293098 -0.320203 -0.165532 0.609429 -17.246606 10.959470 -5.038100 
0.087827 0.110347 0.581432 0.591849 16.269963 -8.436491 4.990522 
0.145431 -0.754830 0.124321 -0.530845 7.728891 12.908544 -13.945682 
0.180115 -1.380778 0.886073 -0.012360 -9.683037 1.797776 9.485816 
0.096200 0.080697 -0.228921 0.100132 10.616849 8.919153 1.510443 
0.666776 -1.313777 -0.687981 1.228470 -13.718184 -3.765912 7.671413 
0.204329 -0.351797 -0.179952 0.496385 -11.877982 -8.200970 1.620532 
0.115895 -0.084878 0.607932 -0.242680 -7.252900 12.482866 -15.360609 
0.093908 0.112218 -0.238238 0.343484 7.535273 16.234369 14.964153 
1.218377 -0.612438 0.460369 0.345870 7.204833 8.550989 -24.569192 
1.577937 -0.637912 -0.041051 -0.039733 -18.155195 -3.234811 -8.334861 
0.624013 -0.329422 -0.157832 -0.338853 -8.724653 10.713815 -15.034136 
0.094581 0.643153 0.134388 0.345502 -0.125612 -17.822843 -2.968846 
0.082735 -0.019667 0.564398 0.039093 -2.582778 7.697919 23.577247 
0.117562 0.077194 -0.644800 -0.677317 -10.736705 10.886637 -10.027603 
0.104059 0.086764 -0.222196 -0.476998 -3.801727 14.990680 -9.328965 
1.175398 -0.494641 -0.401726 1.392360 -13.789405 -10.013847 6.108140 
0.164169 1.233216 1.998609 -0.794821 7.508450 4.945814 -10.612562 
0.291452 -0.379786 -0.272524 -0.367777 9.037521 -9.705680 -1.064455 
0.206673 -0.700958 -0.983384 0.106630 -5.213262 -8.587065 -1.547876 
1.289324 1.049093 1.780218 0.769685 14.137298 18.287976 -5.060073 
0.086315 -0.568634 0.291720 -0.068715 1.002563 6.008156 17.103783 
0.235153 -0.113112 -0.668969 0.160452 -0.098927 -9.425717 -9.698914 
0.115719 1.224064 -1.148712 -1.903398 14.054666 -12.214245 -11.360024 
0.363410 0.274633 0.182917 0.415524 8.876430 14.426651 13.979075 
1.751386 1.270911 -0.126978 0.039404 0.775797 -6.584013 9.863203 
0.207984 0.006084 -0.591320 -0.795709 7.475148 -6.209430 -20.446606 
0.102911 0.739807 -1.209256 0.136668 7.543427 0.036107 11.744105 
0.178659 0.036646 0.573902 0.448928 7.431503 -17.154736 1.520251 
1.266026 0.244010 0.038690 -0.494681 5.767514 -15.840420 8.513045 
0.304509 -0.172894 -0.435409 -0.127683 -15.176279 -2.782683 -14.599926 
0.111776 -0.584748 0.461188 0.052621 -0.913436 6.237583 -5.810643 
0.518423 -1.441017 -0.508584 1.730575 -8.369296 -13.446034 17.376550 
0.412206 -0.693912 0.079213 0.627644 -20.397785 16.509418 -3.503927 
0.151101 0.442115 0.512264 0.094768 4.659052 7.552147 23.651645 
0.220913 0.088758 0.413250 0.194144 -3.030457 -17.356108 5.637047 
1.412488 -0.000139 -0.332913 -0.441706 -3.115046 0.127877 0.935591 
13.278585 -0.724880 0.248024 0.524459 -4.442046 -12.729429 -1.041946 
1.463321 -0.735925 0.829746 0.382793 4.320529 16.157867 9.834604 
0.120159 0.900319 0.151684 0.665290 8.371544 13.200789 -2.845581 
0.365350 0.216938 -0.247910 0.183442 2.940326 -17.413259 -9.499019 
0.105973 -0.228727 0.064105 0.562647 8.804785 14.212718 18.254201 
0.295892 -0.061858 0.186057 0.587122 14.786139 16.587432 8.254797 
0.206326 -0.030951 0.391625 0.251272 12.526426 2.997227 5.385201 
0.093712 -1.148325 0.624297 -0.064177 8.628398 2.202396 2.748087 
0.095148 0.024176 0.565323 0.386751 -11.250379 13.740377 -7.770052 
0.206538 -0.927685 -1.273773 0.456285 -17.935081 -3.309173 3.760224 
0.086877 -0.216353 -0.066931 -0.204090 -14.188339 -10.093276 -19.342633 
0.089099 -0.290720 -0.842490 0.802404 -4.926004 -7.636750 -7.134288 
0.510706 -0.889222 0.663169 0.608245 3.723943 5.304986 14.283715 
0.209703 2.027430 -0.986659 -0.739252 13.075344 -1.134992 -2.603053 
0.558090 -0.408738 0.028126 0.376218 -1.383948 -21.947165 2.918303 
0.094925 0.118867 0.054677 -0.527968 -0.067229 11.302422 -4.828090 
0.169485 0.080376 -0.378338 -0.582077 0.528562 -8.816593 11.881412 
1.190304 -1.378065 -1.385955 0.472694 -3.202298 -10.252648 2.856300 
0.229716 -0.641340 -0.856782 -0.180530 -6.269457 12.921676 -10.132976 
0.590880 -0.999900 0.240431 -0.075917 -6.716681 11.285982 -6.729908 
0.480535 -0.361580 0.249420 0.145428 -19.931844 0.316494 3.927711 
0.234429 -0.857322 -0.119192 -0.048108 -12.261806 -1.698603 13.359824 
0.582021 -1.288210 0.751586 -0.935751 -6.115345 6.677221 -13.552174 
0.189197 0.339383 -0.462705 -0.376173 -7.514749 7.595475 8.920039 
0.259575 0.125044 0.286447 -0.956429 15.731876 -1.188335 1.594420 
0.447006 -0.529180 0.666594 -0.048345 4.459950 3.861119 0.736018 
0.147887 0.284126 -0.106801 0.206089 12.069687 -15.127717 -5.946511 
0.231699 0.125189 -0.449368 0.188311 -3.258699 -14.734151 14.943703 
0.453708 0.239037 -0.344231 0.437716 -3.955687 7.811192 5.490477 
0.920339 -0.501325 1.231333 -1.180611 6.876955 6.235441 -4.905569 
0.955703 -0.282549 0.572338 0.716236 -2.742621 1.717895 15.329669 
0.084577 -0.020485 -0.145966 -0.244274 -14.375437 -12.470817 11.029586 
0.160624 -0.073524 0.778400 0.688503 3.951149 4.322099 6.540044 
1.172148 1.230597 0.283758 -1.283878 6.773434 -3.700989 -18.880098 
0.760534 0.207012 2.416901 0.632016 7.650173 13.304728 15.078994 
0.114553 0.206151 -0.740831 0.487026 16.916750 2.900183 4.837326 
0.117572 1.223538 -1.683288 -0.188591 7.717269 -19.851309 -4.276444 
0.762149 2.191602 3.384669 -2.034377 22.394368 31.223091 -8.614981 
0.232792 0.144081 0.055793 -0.194684 -12.009426 22.215773 7.251440 
0.215009 -0.156167 -0.203351 0.213041 -3.314973 -11.968567 8.684242 
2.204810 -0.135685 0.798341 0.023853 2.419212 3.836327 -2.717592 
0.129032 -0.648551 -1.420363 3.791422 3.179738 -17.311315 34.872729 
0.374042 0.377080 0.163667 -0.128587 -18.854475 -8.481004 7.284614 
0.205433 -0.674290 0.795518 1.187807 -12.713719 13.674378 -5.813588 
0.160079 -0.444751 0.216890 0.257162 -11.450571 26.310836 -10.763427 
0.136090 -1.075848 0.185805 0.420123 3.143137 -10.899165 15.301802 
0.119841 0.283498 0.879347 0.879137 -4.806803 4.294015 14.200024 
0.201503 -0.945412 -0.649720 1.825737 -0.041154 -9.327024 5.681896 
0.611073 -0.523988 -0.376873 -0.212526 -16.378290 0.555335 -14.320353 
0.115016 1.097006 -0.815483 -1.832034 6.670175 -12.661849 -7.335488 
0.399244 1.040227 -1.018489 0.430663 7.930578 -4.257814 7.344503 
0.131342 -0.563862 0.109806 -1.045134 2.341668 10.814425 3.821703 
0.174201 0.013573 -0.360489 1.501931 -1.473655 13.213751 13.694002 
0.089275 0.710295 0.027432 -0.029055 7.217796 -2.742988 4.246053 
0.438872 0.446660 0.070945 0.118299 4.061390 12.944869 -12.864590 
0.085636 0.411839 -0.477464 -0.408505 -5.860405 -7.202882 -9.303822 
0.582912 -0.390126 0.343212 -0.218598 -7.412757 8.517471 -1.927898 
0.240412 -1.675582 -0.110953 1.083405 -4.977976 -0.038432 17.655883 
0.226021 0.134055 0.269947 1.053681 -15.521177 0.831338 7.836580 
0.107205 -0.471736 -0.073258 0.217680 -7.362731 -8.263887 16.466485 
1.102835 0.286976 0.220844 1.064404 4.540061 5.178881 8.806471 
0.266126 -0.964910 0.848965 -0.658836 -11.761041 -1.007239 -9.193371 
0.409423 -0.443820 1.457917 -0.732774 -10.157704 0.995500 -0.575448 
0.089384 0.587018 -0.399897 -0.472487 7.107091 -14.133009 3.115016 
0.113871 0.234214 -0.178942 -0.095270 3.591735 15.401604 9.182807 
0.746267 -0.105936 1.690427 -0.416170 -3.979313 -0.640242 -6.083815 
0.219386 -0.022109 -1.399947 -0.581662 12.554277 -9.871990 -1.616495 
0.439077 -0.573725 0.139482 -0.788545 -15.532816 0.130460 -0.288060 
1.444015 0.048217 -0.072912 -0.082712 -19.847555 9.055692 0.722505 
0.102731 0.616516 -0.512916 0.473249 1.588632 13.681814 -4.786904 
0.202560 -0.619755 -2.323068 -0.645030 1.579298 -26.611045 -15.357134 
0.091773 -0.179494 0.120508 -0.098804 -1.997042 -5.290174 2.574720 
0.159646 -0.800241 0.304475 -0.676419 1.487787 -9.670710 6.261914 
0.210510 -0.681331 -0.129043 0.195069 -5.439720 -21.205335 -1.632408 
0.129464 -0.264121 0.264085 -0.024473 -12.291441 -22.147413 5.408772 
0.235395 -0.555423 0.111254 0.163873 0.795059 15.513919 -16.645457 
0.392760 -0.269259 -0.323887 -0.301752 -17.062657 -8.942415 10.540960 
0.340464 0.150313 0.793275 -0.740956 3.431785 8.262253 10.988083 
0.558675 0.811390 0.275155 -0.188878 4.884685 11.526126 -9.592602 
0.269181 0.181576 0.137008 0.450106 -4.275535 1.528680 -4.079260 
0.080832 0.270428 0.709564 1.141210 -1.429287 -1.510825 12.276705 
0.161454 -0.719066 -0.145680 -0.311091 -13.672960 7.098315 -1.783709 
3.272843 -0.327154 0.493032 0.024823 -5.302536 5.626327 4.283068 
0.126733 0.074937 -0.815989 -0.237447 -17.312209 -6.918909 2.325811 
0.147442 -0.635327 -2.582602 -0.514304 -2.643105 -21.938519 0.757042 
0.234874 -0.484991 0.613978 0.274810 -1.927640 -4.378009 17.035387 
0.088322 -0.119198 0.527590 -1.312369 -11.572542 5.461081 -6.187309 
0.124823 -0.311923 0.071203 -0.041133 -11.529453 6.884999 22.231304 
0.134972 0.813604 0.780761 0.288468 -1.650804 -0.124009 -5.801020 
0.114632 -0.257786 0.605925 0.136986 -4.926875 12.124863 -12.803816 
0.145861 0.130498 -0.032104 -0.073696 12.275488 13.440427 -13.946862 
0.263366 -0.151711 0.307786 0.572590 0.071408 4.406147 21.969856 
0.973808 -0.530811 0.643112 -0.018095 -12.725343 8.925945 -1.944802 
1.966409 -0.422661 0.388776 -0.025422 -7.964705 -2.352764 6.708742 
0.137245 0.297756 -0.065525 -0.187236 5.212367 0.220684 19.978823 
0.175886 -0.278065 -0.227825 0.465851 4.767209 -0.032334 11.779631 
0.427154 -0.261033 -0.613560 0.513447 8.092149 -8.350619 -7.605364 
0.305641 -0.334892 -0.561289 -0.357125 6.453571 -12.974050 5.989471 
0.126873 -0.016896 0.078645 0.235642 -7.930025 13.195236 -1.520277 
0.202129 1.420915 -0.400407 1.543426 3.135702 1.439369 16.493591 
0.103947 0.166374 1.050571 0.167756 -16.110468 3.664032 6.747016 
0.160192 0.994581 -0.574976 0.605868 10.890888 9.765789 2.786169 
0.087931 -0.569084 0.019681 0.650356 2.453733 10.498812 17.633699 
0.201166 -0.766089 -0.573588 0.724709 -2.250932 -9.121734 5.364985 
0.129271 -0.800803 0.039240 -0.007643 -7.566601 17.522972 -10.815471 
0.244547 -0.178606 -0.020670 0.789877 8.204540 -0.583539 6.777666 
