0.202999 -0.874885 0.507802 0.395077 7.715320 -3.992434 -14.075177 
0.583882 -1.753889 0.119180 -0.512813 -6.817698 16.815084 -1.617765 
0.585149 -0.674110 -0.143181 2.323018 2.591400 -7.002945 12.187990 
0.085689 -3.620639 4.509849 1.549239 -0.119210 4.474447 -3.589722 
0.090936 -0.399118 1.104779 0.236732 -10.307884 9.482050 4.189517 
0.457888 -0.590314 1.377215 0.492921 -21.118723 3.340578 9.021571 
0.179449 -3.898901 4.854788 1.692321 -8.363267 6.285155 0.701249 
0.103175 0.311880 2.794403 -1.144466 9.082273 5.246934 -11.987246 
0.199182 8.409613 -5.136471 1.913160 7.382560 -6.247815 1.759516 
0.109107 -1.726329 1.933595 -0.606920 -2.912536 -0.308990 0.210272 
0.232498 -0.300126 -0.113832 -0.539779 -4.674238 4.580837 -11.617067 
0.683878 -0.308908 1.835203 0.146975 -9.550259 4.407880 -13.052815 
1.809017 -0.749557 1.060894 -0.559771 -2.327973 -3.800854 2.245891 
0.133767 6.605401 2.019031 2.703024 4.545920 0.331414 4.655915 
0.207935 -0.486823 0.382897 0.861778 -6.358982 -13.294205 -10.589665 
5.586845 -1.584682 0.912725 0.209327 14.563827 -0.012136 -2.476858 
0.099031 -1.362200 -0.875375 0.484284 0.687778 -3.286841 12.634205 
0.095457 -1.154790 0.671239 -0.129238 -5.635232 5.832347 -1.933989 
0.166412 -0.969263 0.903317 1.124878 4.156684 18.581028 -3.588416 
0.401973 0.380648 -1.117773 2.732048 -3.315326 4.290131 -0.573878 
0.149690 0.288509 1.418889 0.189253 0.526152 12.418470 10.983399 
0.135040 -1.882328 1.237948 -0.193352 -8.264421 14.822348 -3.578667 
0.230700 -0.650505 0.318215 -0.147105 6.449114 17.907091 -8.550643 
0.296048 -1.216499 2.483936 -0.631959 1.468275 -11.527367 -0.608700 
0.089040 -0.339953 0.838999 1.183445 7.319058 -2.445669 3.986295 
0.218861 -1.981145 0.705425 0.079547 9.124857 1.292263 5.919544 
0.780326 -0.170839 2.765410 1.038183 4.041089 -1.161099 -4.288510 
0.110177 -1.954940 0.457163 -1.504136 5.551045 5.048883 -6.776727 
0.308745 6.342436 -10.366346 -4.826258 7.214598 -13.695571 -5.554261 
0.930095 0.350141 1.126892 -0.780250 3.319610 4.075958 3.917560 
0.154448 -0.288514 0.994168 -0.082241 1.857751 -6.828152 -1.563171 
0.449860 0.110305 0.920657 0.218392 21.139040 13.424376 10.155003 
0.194281 4.009415 4.885476 -5.117056 3.297427 6.379776 -6.236538 
0.121470 0.023772 1.044478 -0.669537 9.974089 9.258367 8.945728 
0.388680 -1.414966 -0.302093 -0.252084 9.131786 9.953442 -10.620398 
0.552874 -3.268202 -3.165424 4.868145 -5.003482 1.404353 4.255522 
0.107074 -1.033421 0.340784 0.149242 -3.540635 -9.475692 -6.874408 
0.218546 -1.106408 -0.872279 0.711838 3.675445 6.189913 2.621366 
0.118025 2.387126 1.420696 -1.652885 5.206497 0.832468 -1.570143 
0.176826 -1.092914 1.208767 -0.416000 -5.697816 8.835521 4.304922 
0.123628 -1.175661 0.588997 -1.002901 -6.831916 0.998164 -18.416538 
0.103987 8.626561 2.910319 9.855928 11.348682 5.544497 11.108448 
1.612405 -3.674448 3.729182 8.874776 -4.857733 3.848564 8.279337 
3.952128 -0.287939 1.532453 0.772805 -0.801522 -0.497221 14.851475 
0.090817 0.202020 0.688127 -0.358627 -3.683723 -5.958742 -13.379382 
0.094271 -1.465170 2.315052 -0.399299 -3.995818 7.033459 -9.317617 
0.105198 0.545570 1.749365 0.062916 -0.038175 -0.787813 -11.592345 
0.122132 -1.063620 0.881276 0.481263 9.406001 3.135397 4.911409 
0.167817 -0.156924 0.704374 -0.541203 -2.033738 -16.574057 2.856429 
0.138488 -0.150874 -6.175738 2.982284 0.618999 -2.679047 4.652875 
0.701272 1.624098 1.197818 2.894164 -9.124215 1.075534 4.039310 
0.367183 -1.207319 1.608411 0.887917 1.647119 -7.659631 6.388891 
0.116639 -0.848510 0.064778 -0.407380 -15.650629 -5.712613 0.784553 
0.156405 -0.545492 0.579778 0.965388 7.952066 -12.479934 16.886780 
0.118162 0.396196 0.664803 0.541716 4.830649 8.476009 12.207272 
0.151293 0.484053 0.945800 1.619342 -0.507525 -3.209460 -4.616698 
1.456612 -1.238465 1.238093 0.628108 -1.926164 2.684938 -3.086688 
0.095248 2.736672 -24.692083 -9.775352 4.761969 -39.921974 -15.108662 
0.298886 -1.497298 1.091472 0.757602 -10.454446 5.271253 -8.036309 
0.512636 -0.706118 2.483035 0.309111 -5.651775 -0.733123 4.279221 
0.121466 7.647321 -7.824601 -8.008015 9.924902 -9.058907 -8.460693 
0.863813 -2.160431 0.552340 0.079237 5.048547 -9.152534 -11.325990 
0.283593 -0.636957 0.169701 0.168062 5.696137 10.808370 4.276244 
0.114183 0.661990 0.649755 -0.432670 0.034411 10.720201 -9.744211 
0.387857 -29.630364 -43.486836 -20.460069 -45.202895 -65.985457 -32.357944 
0.102340 -4.971793 -8.188673 9.836197 -6.925206 -11.035858 11.466586 
1.423034 -2.171169 0.691001 0.352643 -2.344818 17.826059 3.119768 
0.118440 -1.563548 1.990213 0.364857 7.122184 -6.951487 11.539292 
0.087317 -1.173605 -1.154066 -0.298380 -3.244012 -3.162522 11.411566 
0.115648 -1.620067 2.270550 -1.416006 0.066039 -9.373969 -5.860647 
0.335498 1.269982 0.758273 -3.160384 -3.199667 6.615413 0.408004 
0.109210 -3.128765 6.524609 -4.752086 -13.661788 30.661465 -26.882147 
5.398343 -0.722524 2.327799 1.579508 -3.962386 4.205564 4.245176 
0.438696 -1.897238 1.061146 0.608622 -1.364266 -8.417029 -8.498550 
0.102783 -4.188418 5.666886 -2.646907 -4.800278 9.220946 -1.610773 
0.317653 -1.652722 10.181207 -4.856563 -4.151576 11.889155 -3.828594 
0.117399 -1.097421 1.841774 0.193062 -0.388399 -0.129272 6.926270 
0.135796 7.717184 -6.507957 2.192949 6.989206 -8.931782 2.352968 
0.139152 -0.735155 -6.638039 0.885987 -1.273550 -6.897461 2.902769 
0.081844 -1.089738 1.201649 0.281492 12.491266 -13.866581 9.941711 
0.210768 -1.315884 0.140768 -0.534538 -12.147017 -3.717915 -5.161143 
0.087151 4.637626 -1.824060 10.219087 6.767506 -2.499511 11.029741 
0.247564 -4.844502 -5.179582 -4.210326 -6.158609 -3.043862 -5.411161 
0.118055 -0.553579 0.827463 -1.043218 -1.106005 4.584856 -13.106604 
0.133708 -3.039733 -10.745977 0.478164 -2.920163 -11.765806 1.096777 
0.137951 -2.534243 0.856669 0.539527 5.120864 -2.298320 -4.039660 
0.295736 -2.279407 1.779850 -0.655188 4.665936 9.551751 9.020985 
0.093592 -2.055006 2.408009 0.715654 5.050203 2.254367 -5.667896 
0.180968 -3.414630 -4.210275 2.284004 -2.989462 -2.005336 0.964324 
1.058781 -0.141345 1.333525 -1.710325 1.725142 8.062769 -2.409118 
0.086350 -1.299934 1.209917 0.363022 1.493770 11.048980 0.802466 
0.263354 -0.990388 -0.175959 0.387256 -3.357687 -18.130879 8.716621 
0.556778 0.523484 -0.080630 -1.030574 7.284234 -3.043771 0.051465 
0.139284 0.509516 1.075256 -0.265882 -3.198530 1.391289 0.709732 
0.478468 -1.103735 -0.312527 0.667035 -0.250016 2.476974 -0.334983 
0.165293 -2.354188 1.462068 1.028656 5.630400 -9.041903 0.735695 
0.493788 -2.193837 1.216581 0.307956 -11.378284 7.975246 -14.571402 
0.252788 -6.166396 1.101167 3.517680 -6.712280 1.488649 0.675678 
1.145613 -7.992649 -6.658259 3.244607 -10.927574 -6.784689 2.337653 
0.388183 -2.384234 0.770641 -0.634076 0.537933 -0.721524 2.161323 
0.094407 -1.858725 3.953187 1.253325 0.961766 -3.555359 -1.183878 
0.126740 -0.378011 1.826012 -0.030203 3.630066 23.145693 -0.456586 
0.323270 -3.170862 2.347300 9.639124 -8.199441 2.562542 24.130972 
0.198042 -7.398536 4.769852 1.431041 -7.519321 1.811843 2.315352 
1.167561 -0.991395 3.169040 -2.597306 -5.873974 0.490659 3.675582 
2.697368 -1.125152 0.293528 -1.235156 5.083419 -2.658552 2.719552 
0.376011 -1.542268 0.114439 -0.347686 -12.022525 7.367054 -2.830726 
0.588263 -2.469967 2.724255 -3.153964 -0.347436 1.806158 3.392529 
0.138650 -1.425529 1.272345 0.168274 -16.227120 5.915847 2.769345 
0.373816 -1.051377 0.583361 -0.306002 0.208733 -20.249326 26.523452 
0.401930 -0.348983 0.921723 -0.285502 4.779912 -7.573785 4.853885 
0.263064 -0.047969 1.714788 0.912592 8.089101 -3.205888 7.577071 
0.459762 1.105085 2.884912 -1.586137 0.814017 -5.425827 -4.766303 
0.328088 -1.758353 -2.934277 -1.285252 1.872662 1.750395 0.739995 
0.860282 40.481428 27.109810 159.180393 58.666883 38.792755 232.359106 
0.273055 -0.374365 1.165416 0.538207 -10.169779 -10.495626 5.040091 
0.396253 -1.796178 0.175916 -0.404564 -9.499944 6.580054 -3.800406 
0.246288 -1.220252 1.662585 -1.107067 -8.861073 5.075351 2.036307 
0.730294 -1.475132 0.340228 0.620698 -7.964490 10.099173 -5.790668 
0.278430 -0.180759 1.956325 1.065820 -6.758593 3.145336 7.024449 
0.151503 -0.822926 0.037000 1.838400 1.096778 -11.960403 5.909133 
0.100432 -0.056589 0.808747 -0.287718 1.805833 14.302510 5.076418 
0.082624 -0.760571 0.633894 0.925617 -14.919669 -15.734069 10.318490 
0.114711 1.061229 -3.835581 -2.391532 -2.242102 -1.737124 1.940938 
0.192666 0.402664 0.614164 0.136261 2.466774 -0.654193 -15.069202 
0.287114 1.941439 -1.491487 -3.727388 -1.480555 3.501066 -3.030340 
0.585359 0.096643 1.119604 0.225720 -2.760855 -4.649715 14.824585 
1.376095 -18.510508 -11.327766 -2.750646 -25.603643 -16.386778 -4.073916 
0.431641 -0.049892 0.399338 -0.574282 -5.617143 6.678567 -6.671712 
0.136683 -5.662527 7.340801 -0.170115 -5.775401 5.737624 0.104225 
0.323241 -0.024974 0.246813 -0.300100 -2.108735 1.709681 -12.426602 
0.391024 -2.343614 1.241665 0.342419 3.317971 1.218757 3.260964 
0.112116 -0.937503 0.728301 -1.071787 2.486498 -12.529563 -12.694087 
0.116547 -0.918515 2.248321 -0.399705 1.414060 16.539227 -2.684185 
0.952396 -0.539023 0.957648 -0.754543 -11.931727 1.341925 -1.588686 
0.374161 -2.313237 0.337783 -0.518414 -4.245171 -3.799703 -6.261949 
0.178419 0.174641 0.988523 0.168022 -10.707864 -1.744131 -2.147835 
0.192961 -1.292354 0.158166 1.513226 6.687602 13.109941 2.961521 
0.763069 -1.399783 0.252104 0.981690 -4.490902 -4.263823 -4.531953 
0.181019 1.062210 1.429224 1.574027 0.997806 5.167695 11.016775 
0.393969 6.487673 12.403819 5.169728 8.085488 15.584893 8.375515 
0.408300 -0.001473 0.888753 0.856785 12.654269 -0.747830 -12.815022 
0.506972 0.558102 1.484520 -0.114546 8.471886 -5.699535 -8.319325 
0.168852 -1.913655 2.424879 -1.003857 4.318216 -7.595569 -2.965111 
0.196085 -1.143649 1.016809 0.131862 2.128574 4.427988 -7.165405 
0.836938 -0.662833 0.618321 0.038285 -6.935562 8.070877 -13.037123 
0.701221 -0.616161 0.711096 0.553032 -6.205824 -15.271804 -2.704360 
0.263429 -1.413896 1.180379 0.344233 -6.861802 -1.274849 -0.053636 
0.151360 -4.020784 -1.449306 1.936716 -4.244779 3.254294 -4.628042 
0.449375 -0.890214 1.383759 -1.211170 1.641579 -1.937189 2.208594 
0.108928 -1.021612 -2.852999 0.011855 -6.811022 2.803366 -3.704882 
0.090465 1.931961 0.864093 -4.373335 -1.149108 0.435918 -2.184211 
0.531060 -4.638029 4.530999 2.819215 -5.360216 2.415293 -2.127532 
0.272013 -0.776165 1.213556 1.106181 -9.281971 1.093066 22.373038 
0.127889 0.154637 -0.582917 -0.349343 -1.977042 -6.871290 -11.178165 
1.070260 -0.547561 0.268554 -0.519488 2.204676 6.799274 4.529294 
0.111702 -1.747623 0.781873 -1.505238 -5.819661 3.378211 -0.342613 
0.275275 -2.993814 1.026946 -0.248714 4.450745 -1.377185 1.655598 
0.433814 -0.163655 -0.633274 0.672223 -5.751776 -3.543384 3.994697 
0.121123 -0.654435 1.665743 0.917822 5.075478 -15.112505 8.514819 
0.604561 -0.629574 2.632869 -0.737828 -1.982621 15.414947 0.993900 
0.672200 -0.408062 0.148984 -1.050067 12.673373 -3.406135 0.428330 
0.485099 -0.733522 0.207377 -1.150260 4.078085 3.977362 -10.881778 
0.088968 -1.421158 0.571901 -0.556882 -22.026947 13.283458 -5.055999 
0.372330 -0.016925 1.681227 0.352726 -2.310187 -7.456226 -0.681324 
0.427499 4.941405 -3.448412 3.017780 5.272825 -2.662712 -0.418425 
0.148166 -1.310152 -5.218229 -0.289297 -3.935769 -1.073191 1.352964 
0.205405 -0.934600 0.627506 -0.280247 -2.207664 -16.989816 9.252681 
0.273438 -1.857628 1.363587 0.202356 3.957530 -15.065633 5.768470 
0.257004 1.350937 7.113036 -4.453616 -0.589875 8.633439 -2.076202 
0.083821 -0.151831 2.043974 -1.160398 -1.214715 2.733312 0.336371 
0.673429 -1.339211 1.869062 -1.551803 -1.146205 3.501166 3.690738 
0.093338 -0.629893 0.365136 1.137214 10.241744 1.234471 9.145242 
0.097693 -2.471888 1.116002 0.144524 -17.971457 6.847352 -7.951711 
0.081727 -0.208408 1.766352 0.541593 3.193576 15.479419 5.067802 
0.417045 -0.561535 0.528300 0.095331 10.526832 -4.673925 -15.600869 
0.387177 4.330621 0.247889 -4.293887 4.499597 0.046184 -5.232553 
0.350927 1.668472 4.913022 -2.254302 2.025922 0.559390 -0.392379 
0.081891 -0.427811 1.321385 -0.008698 -12.887328 -4.595687 -15.736857 
0.111530 -1.379484 0.281886 3.280453 1.203786 -0.070322 -6.091263 
0.729211 -0.259962 1.680776 0.408345 -0.563076 7.840592 8.396113 
0.081209 -0.839081 -0.131648 -0.237195 -15.554564 4.211163 -2.937987 
1.066327 -0.803387 0.954424 -0.747157 17.311185 5.905639 -3.675632 
0.844840 -1.315764 1.960786 0.071798 -10.124404 -12.169279 -3.075351 
0.286414 -1.778655 2.205498 -1.426402 2.539921 -1.720548 9.554031 
0.108220 -0.987049 2.118847 0.515210 12.021544 1.577927 7.177072 
0.106446 -1.103985 1.695407 0.038475 -17.388889 -11.765825 2.859920 
1.618982 -6.180723 6.804227 -3.373340 -7.987872 4.684625 -4.138724 
0.126190 -1.384526 1.048325 -0.101970 -18.244957 1.904162 -6.014026 
0.666898 -1.464978 0.268546 0.008596 -7.305749 -0.204503 10.227214 
0.355266 -0.900145 0.270859 0.125802 -10.651739 -0.260302 5.193006 
0.365762 -13.071604 -22.401929 -2.728727 -18.365585 -29.985357 -4.429720 
0.430606 0.238913 1.554402 -0.114795 12.017697 9.073523 -10.489526 
0.100431 -1.910743 1.838526 -0.793207 -10.537545 -8.910997 4.150974 
0.189647 4.097570 -1.792459 1.011779 6.931984 -4.216487 0.239091 
0.132254 0.533908 1.512230 -0.112810 -11.815892 2.463559 8.740832 
0.500139 -4.454970 0.924499 -1.385472 0.576058 3.403654 5.135626 
0.175237 0.359099 0.775044 0.507085 1.867164 9.714630 -6.422355 
0.123696 -0.110000 1.694170 1.090719 -5.052658 -2.098916 10.108119 
0.195281 -3.219519 -0.792189 -0.746032 -14.693625 -7.483253 -11.097824 
0.599939 -7.022253 3.131441 -4.041935 -5.173287 5.137535 -5.276539 
0.192741 -1.247061 0.651747 0.768382 -11.531621 3.660920 -10.451779 
0.200778 -3.196644 1.474680 0.491244 4.379354 9.980546 1.264186 
0.177472 -0.684887 0.054479 1.590562 -1.597707 -13.744483 3.528054 
0.127855 0.346642 -10.859670 -0.657552 0.301969 -12.348425 -2.184936 
0.220526 -1.698318 0.441320 0.320546 -9.096737 6.694754 -1.327907 
0.627642 -0.805572 0.054074 1.700951 3.453594 -9.536145 7.468544 
0.637465 -5.413191 5.617827 3.599023 -4.495436 5.424595 3.692135 
0.169117 -0.365097 0.216039 -0.340459 10.206089 -1.234232 6.407857 
0.114784 -1.655383 0.786988 0.257578 -1.143325 7.439687 -5.881579 
0.135557 -0.673009 1.817353 0.350149 -8.280604 15.509518 0.386235 
0.579415 -2.399296 1.146539 0.257140 -0.791706 12.924441 5.847458 
0.624848 -1.952368 0.066099 -0.118457 -16.278576 -5.240305 -6.807389 
0.385484 -1.703786 0.850312 1.105295 -3.002523 -4.785165 3.131304 
3.082417 -1.610075 1.178148 0.251581 3.941989 2.664290 -9.011849 
0.310489 -0.658715 2.239471 0.599261 -6.457556 -6.139169 -12.560274 
0.457154 -0.026698 1.360836 0.672382 -0.792198 -0.704312 -10.035508 
0.279294 -0.576460 0.801386 0.274719 -13.767351 11.698022 11.794915 
0.089763 0.073072 -0.221343 0.755374 -0.447167 0.498771 -10.292876 
1.249225 0.069222 1.370154 -1.143730 -6.593067 6.782404 -0.259970 
0.163561 -2.800114 1.079542 1.543216 -9.915790 -2.475826 4.256870 
1.702665 -1.057629 1.035086 -0.377179 -5.772848 -6.082221 -7.314694 
0.087567 -2.056172 0.951878 0.172500 -5.125052 15.018152 0.244179 
0.192231 -0.110852 1.393301 0.061537 2.513455 -2.923374 -13.383401 
0.122081 -0.683542 1.216874 0.541407 18.130608 -7.559821 -13.276796 
0.088452 -0.450635 -0.220774 0.215784 4.531786 -10.695751 13.206385 
0.470758 -1.017112 0.782914 0.851397 7.379632 15.855472 -15.977857 
0.196106 -1.297161 1.000639 0.022284 -6.375269 5.152814 11.282363 
0.163499 8.305944 -10.083859 0.534211 10.655437 -11.818601 2.965413 
0.080867 13.128890 10.245685 -9.248591 18.805055 14.421745 -10.896379 
0.223604 -15.667238 2.794749 12.551414 -23.150765 3.692131 17.835410 
0.155926 -16.054540 -6.253061 5.320168 -21.423558 -9.393803 6.795963 
0.238387 -2.552176 -0.380619 0.512871 4.032314 8.139046 8.526648 
0.106154 -0.769140 2.271769 1.732245 3.095596 -1.117814 -10.143358 
0.169911 -0.644188 -3.380557 2.965523 -3.256282 0.535214 2.295380 
0.113329 -2.165673 0.449828 -0.221477 4.585219 6.434900 -14.919517 
0.192419 0.893666 -7.909641 -2.892869 -1.465519 -7.989039 -3.319604 
0.594225 0.243112 2.704204 4.806066 -2.596835 1.587110 2.286374 
0.085164 -1.146374 0.900363 -0.703305 -4.758674 4.045474 -1.603717 
0.117057 -0.661089 1.999095 -0.438096 -4.401492 10.491530 7.214561 
0.205043 17.210167 9.864535 -9.632957 26.290895 15.411149 -15.470697 
0.234649 -1.927271 1.119704 0.225099 -8.785806 -13.566858 10.627659 
0.487672 3.046483 8.573919 6.340844 3.309418 9.991087 7.810789 
0.223182 0.311027 -0.203356 0.680605 2.929561 -9.487006 1.133660 
2.476904 -1.409071 -0.457043 -0.460475 -3.595051 -8.132466 -18.660808 
0.441734 -2.200328 0.309621 0.911785 9.823413 5.566592 -6.374373 
0.230397 0.123746 0.179201 0.762334 -2.530998 -3.546062 9.234189 
0.689100 13.288930 5.521633 -6.587117 17.411712 6.162842 -7.323376 
0.815528 -9.054034 0.779963 5.761129 -8.773614 -0.391256 7.369788 
0.161492 -0.229349 1.363739 0.125961 8.709978 -1.144413 -12.391876 
0.542296 -1.098252 0.232197 0.224210 -16.972698 17.777585 -1.440213 
0.146522 -5.319640 0.027118 -3.164755 -1.981504 1.047197 -4.044331 
0.256037 2.641432 -2.649299 2.530053 9.104488 -13.960483 9.349047 
0.887681 -0.807387 0.451333 1.256959 -1.300742 6.763126 22.101825 
0.101372 -0.509742 0.984725 -0.433365 -0.266182 -4.158779 -6.670045 
0.141931 -0.007404 1.215080 -0.025853 2.339342 15.113004 -11.809259 
0.178446 -1.735281 0.987470 0.232412 -24.117146 6.268878 6.985010 
0.083374 -1.968905 1.375770 0.043053 12.225188 -4.605316 -12.668426 
0.376685 -1.071958 0.796386 -0.401157 0.983529 -1.082640 21.061986 
0.585808 0.135521 1.077816 -0.234001 6.839624 -12.411009 2.925514 
0.102075 -1.294947 0.603303 -0.772830 9.132477 1.305728 3.440791 
0.086694 5.279232 3.711754 2.466373 2.977483 1.942962 3.596759 
0.654455 -1.488397 0.821264 1.421103 5.942904 0.737825 7.553733 
0.442796 -0.796737 0.872951 -1.000763 -2.944938 0.736088 2.921819 
0.103990 -0.375409 0.476637 0.482440 -5.279073 -4.541005 -7.102261 
0.137893 0.259154 1.399622 0.360661 11.949060 -1.275333 -9.438479 
1.044939 -0.930382 0.968118 1.973367 6.413756 2.612765 -7.328394 
1.025335 -0.484205 0.875686 -0.034955 -21.349172 -1.583391 9.900844 
0.472835 11.852939 -3.703940 30.517814 17.120347 -5.345585 44.305902 
0.672168 -7.887043 0.499539 6.345661 -7.494497 -1.291568 8.274324 
0.208490 1.304400 -1.932368 0.295180 1.645144 7.178071 0.548611 
0.292610 -0.689201 0.067482 -0.851793 -7.163994 3.032293 -21.784349 
0.111344 -1.067112 0.554348 -1.513032 0.369679 -2.629004 8.478634 
0.466067 -1.242894 0.928118 0.246315 6.017621 4.052987 18.549833 
0.112109 -0.878186 0.484426 -0.252271 8.240188 -21.261034 -10.797872 
1.021373 0.398121 0.921652 -0.850827 0.425491 2.072251 -5.911316 
0.247245 -11.013275 0.902613 3.613832 -13.090605 2.559065 3.616227 
2.937998 -5.778562 -3.727344 4.638695 -3.091646 -3.140239 5.932154 
0.112201 -0.164643 1.129053 1.649515 -0.876771 -5.104736 -7.054661 
0.941373 -0.954932 1.394336 -0.286773 0.943690 0.941082 -22.895004 
0.186332 -1.336572 0.298501 1.152471 9.255445 -3.127900 -2.318586 
0.206312 -1.391135 1.019570 -1.158174 -1.531793 8.740377 1.359458 
0.087521 -1.789221 -0.007681 -0.279022 2.008657 7.452538 5.610771 
0.337060 0.578597 0.411102 -0.206177 6.072752 -0.255055 -2.834139 
0.506829 -1.014190 0.966129 0.403459 11.479482 8.751464 8.889011 
2.506229 -1.431762 -1.490894 0.437255 6.715198 4.619997 -1.806867 
0.109658 -0.820370 0.567191 -0.784328 -1.616059 -6.233662 0.788865 
0.093631 -1.298687 1.824144 -1.018297 -9.630258 4.237806 11.823051 
0.994606 -1.473796 1.449557 -0.227497 11.335039 -5.906411 10.649527 
0.184780 1.783446 4.519911 -0.792684 -3.302801 -0.799501 -0.773353 
0.113864 -0.216816 1.812222 -0.352437 -10.507141 9.996939 1.134131 
0.500571 10.989730 2.104153 -4.935227 13.540099 4.809444 -5.275259 
0.375402 -1.928342 1.680982 0.017705 5.459256 -3.942263 15.452183 
0.121279 -2.122483 1.076204 0.476569 13.435771 2.361691 10.750247 
0.437171 -0.293302 1.329018 -0.874078 -4.670345 -6.201083 -15.741221 
0.420529 -0.957210 1.049946 -0.557573 -4.886359 5.595793 -17.854282 
0.140832 0.556043 0.052837 0.347102 2.635398 3.613773 1.016638 
0.317286 -1.382379 1.043310 -0.496609 -2.933648 -5.035323 1.229919 
0.092539 -0.250607 0.639600 -0.262139 1.851650 -9.942747 0.596784 
4.198783 -1.657688 0.492178 -1.004025 9.844508 -3.129396 3.103686 
0.435794 -0.399997 0.742952 0.213333 18.100824 0.845360 6.358240 
0.299195 -1.026809 0.811427 0.259469 -6.567217 0.927725 -8.102865 
0.366428 -1.521233 1.127394 -0.762849 -17.311155 7.192892 -2.457223 
0.300202 -0.843898 1.518575 -0.433408 -18.024915 8.839456 -17.238567 
0.585186 0.163475 0.471820 -0.277184 2.398735 6.464427 11.156656 
0.524509 -1.051855 0.982413 -0.249537 -14.500534 -8.260932 -2.645422 
0.292083 -1.615048 -0.317395 -1.437418 1.245424 8.788046 -8.591179 
0.107699 -2.347648 7.592197 8.593525 -3.857568 7.520773 9.987099 
0.744916 -2.389186 8.468102 0.290934 -1.590821 7.178710 -0.578530 
0.131940 0.558715 0.552208 0.690414 12.729092 5.203157 1.833900 
0.104491 -3.325400 1.993909 1.394644 4.481771 1.824090 -6.042210 
0.504475 -2.528435 2.593585 -7.057144 -3.230610 4.416939 -8.490975 
0.159200 -1.204020 0.751000 -0.530227 -2.685276 13.285413 -13.779799 
0.144224 -0.971512 8.400685 1.898538 -3.258273 6.312182 4.068171 
0.221063 -3.721650 -1.970532 3.215005 0.297515 0.471116 4.285321 
0.339783 -0.754975 -0.145030 -0.107751 -3.596115 -1.974100 -6.088586 
2.985742 0.725738 4.571566 -2.328440 -5.985739 3.996077 -0.959057 
0.098040 -2.115361 0.043148 0.945650 0.541719 1.987083 2.195746 
0.364111 -0.680186 -0.571769 0.603130 -5.396745 -1.587155 -3.859715 
0.144886 -0.099549 1.805185 -0.200759 -1.391201 2.662407 -5.635222 
0.360597 -1.678518 4.595792 -4.614817 -0.924344 2.676250 -2.039537 
0.254317 -1.076532 1.811338 -0.350888 -11.075680 -9.972999 -7.716457 
0.555913 0.030928 0.334145 0.317718 4.560302 9.333235 -4.811681 
0.416651 -3.522335 -1.554997 -1.799871 3.683716 1.047430 0.620039 
0.151008 -1.305211 0.367195 -0.638119 3.830944 9.378322 13.779755 
0.577563 -3.091492 0.402569 1.810461 -6.602123 2.000556 -1.491541 
0.141965 -3.119001 2.164324 15.226849 -5.383930 1.875300 19.223247 
0.120024 0.181390 -0.136372 0.124364 -0.570864 -6.890166 15.518077 
0.182852 3.612464 0.546944 -1.025917 -2.376775 4.259192 -1.072989 
0.189724 -0.939295 1.002663 -0.888196 2.542340 -6.868953 -7.477279 
0.150160 -0.415438 -9.385988 10.446129 -1.497514 -12.179502 13.544012 
1.373741 -12.853326 0.740040 5.588268 -14.746008 2.350005 6.310055 
0.283453 -0.484383 1.144040 0.776571 11.189154 5.534109 15.642639 
0.170281 -1.769698 0.341642 0.095646 -13.139452 2.516283 14.134802 
1.505698 4.242753 -5.696546 -1.176373 4.545712 -5.829749 -1.800163 
0.360047 -0.622882 2.050745 -1.076938 -0.833529 5.409056 -7.863086 
0.588861 1.207598 -2.093950 0.680532 8.614951 -17.175562 3.038586 
0.381565 -0.398934 2.114015 -0.181464 5.642777 -13.324832 -2.850542 
0.166121 -0.601876 0.484038 0.691636 -1.250721 -4.143789 9.844678 
1.652096 -0.804594 1.612315 -0.352684 -14.649027 10.240160 -8.307268 
0.215498 10.004252 -4.152787 0.848007 11.284748 -2.958130 -0.019103 
0.524663 -1.445817 0.619869 0.166785 0.071073 -7.037563 -8.568996 
0.489037 -1.180613 1.691418 0.854191 -1.968523 2.719021 3.621315 
0.247044 0.029997 0.598560 0.408632 -2.699867 2.865582 18.438945 
0.408569 3.913829 2.263813 -6.338189 3.228746 3.314068 -6.969922 
0.429966 6.925891 7.058852 -14.605130 9.350284 9.799272 -20.781623 
0.205030 -0.679615 0.034831 -0.568353 -11.349722 15.877351 10.538824 
0.104504 0.081435 1.439461 -0.812656 1.587443 12.277043 -8.992373 
1.704172 -0.604024 0.679833 -0.896703 -3.044410 8.797649 -10.748054 
0.208973 -1.376505 1.899408 0.110933 8.212877 -4.585571 -14.357029 
4.631110 -1.307372 1.861520 -0.748446 -8.477107 6.400817 10.400798 
0.135103 0.137138 -0.546908 1.836277 4.718184 -4.625481 -2.610357 
0.169606 0.466032 1.171483 1.655926 4.390984 4.919888 -2.579089 
0.567692 -0.309851 2.017710 -0.892421 -6.610681 3.624154 -6.170172 
0.214292 -2.341224 1.529380 0.539836 5.870430 -3.225225 -14.656209 
0.450345 -1.048922 0.597827 0.602204 1.227827 -7.013762 -23.984498 
0.407103 -2.031021 -0.240217 -0.383466 -7.366350 -1.447525 1.690565 
0.846636 -0.931751 0.810811 0.360405 -5.417261 -0.761350 0.079708 
0.123163 -2.388375 -10.665690 -6.034411 -4.685637 -13.800683 -5.584228 
0.120648 -1.240044 0.978347 -0.838069 -3.689303 -1.526006 -1.276942 
0.387333 -0.702084 2.201115 0.086292 -10.813984 10.040553 8.202713 
1.095352 -1.399450 2.031492 -0.673428 -6.577483 9.163764 2.810738 
0.212730 -0.473953 0.361467 0.287481 -1.506019 -15.010545 4.237132 
1.575080 -1.004126 1.981762 -1.062294 -5.973630 2.940304 5.443253 
0.102042 0.010577 0.914073 0.872737 3.398833 5.327180 15.673770 
0.606266 -11.862489 0.364098 -4.117729 -79.601311 -7.084802 -30.042848 
0.250734 -9.597233 1.962213 -8.344383 -13.996304 2.397132 -10.640279 
0.184902 -1.016411 2.318214 -0.204200 -0.061177 -14.159170 1.517597 
0.348863 -1.045778 0.518545 1.496581 -2.381732 9.986922 -4.095947 
0.127948 -0.184450 1.985534 0.351972 2.292692 -8.189286 1.826591 
0.127545 3.883121 3.633020 11.472946 3.047564 6.176077 13.784900 
0.089378 -2.591866 1.823709 -0.212959 7.111271 6.749918 4.486522 
0.220514 -1.600565 1.316090 1.160773 2.384371 0.622261 15.022773 
0.195396 -0.266858 1.600393 1.364417 8.549067 -4.951017 -8.442681 
4.245083 -0.597875 1.027100 0.854513 -8.473437 -7.679176 -3.923967 
0.095817 -1.351996 1.387617 -0.558136 -4.154296 5.552814 -1.765539 
0.569763 -0.396011 2.522456 -0.194745 -4.947016 12.769360 -0.217430 
1.098164 0.502420 0.352793 0.966073 5.340328 2.117859 -0.744183 
0.538990 -0.795228 1.288394 0.307860 6.122696 -1.534183 4.606931 
1.288776 -0.509357 -0.338984 2.562837 -4.231097 0.448001 5.150004 
0.193816 -0.004543 1.819724 0.363183 -4.979311 4.351977 -6.254878 
0.378483 -0.890971 -0.178401 0.615982 9.497421 12.952052 -2.529504 
0.130333 -1.348022 1.202414 0.211102 7.670494 12.343047 -5.979675 
0.235233 2.360587 -5.787449 -1.361332 2.631739 -5.929290 1.684291 
0.474050 -0.208417 1.012917 -1.046690 -1.826734 3.705970 -13.634691 
0.170650 0.123335 -0.212526 0.997086 -3.712340 -1.810257 0.408591 
0.551803 -1.881328 0.771210 0.983166 -1.293534 2.781422 -5.022883 
0.131497 0.531977 1.899046 0.332122 9.310429 -0.230033 -5.720967 
0.367063 -0.728547 2.090494 -0.780844 -10.305712 4.767562 -7.797269 
0.237052 -0.310724 1.604567 1.481776 -0.806730 -3.742093 -7.759252 
0.979329 -1.419211 0.964667 1.170003 8.410656 -10.897355 6.277026 
0.113309 -0.393844 0.065796 1.438514 7.775598 5.532043 7.152588 
0.202812 -0.212733 0.229251 2.342981 -12.021560 1.222370 -2.479701 
0.145792 -0.584187 0.698922 0.040825 3.903167 15.266257 -3.873925 
0.206856 -4.578029 -15.136691 -7.659754 -7.506986 -19.886077 -10.008940 
0.534870 5.631957 2.604632 -4.612807 7.270491 1.792406 -3.950258 
0.091732 -0.670720 0.347821 0.986799 -5.330344 -2.549225 -9.090056 
0.094435 -0.919304 1.448632 -2.187443 1.858527 -4.368316 6.393478 
0.106821 -1.463000 1.260580 0.073800 -3.541563 9.611216 -9.592107 
0.443043 -3.318097 2.046550 -0.218133 0.158228 5.524340 -4.181327 
0.087582 0.651841 1.021836 0.912341 2.250961 -3.241239 -6.251966 
0.159466 -1.094160 1.027188 -0.117588 -23.262462 6.330942 2.734604 
0.829727 -1.410534 0.396033 -0.479133 -6.238400 -9.433491 -7.191675 
0.093662 1.812477 2.500579 -0.728685 -2.212196 4.024278 5.180361 
1.055006 -1.406804 1.513334 -0.624172 -16.156030 12.559246 -5.808754 
0.290595 -1.715075 1.409470 -0.997525 7.060451 -11.743082 -2.306854 
0.226020 6.774884 -8.709625 13.981839 10.128050 -10.944013 17.539718 
0.258652 -2.229179 4.531590 -3.526967 -1.944390 1.476551 -0.667834 
0.504080 -2.047704 2.494569 -2.634958 2.173379 -0.518604 -1.707725 
0.133644 -5.769385 -6.436975 -9.158908 -8.201634 -9.492072 -9.958739 
0.102367 -1.923430 0.525243 0.714131 -11.315226 0.407596 -3.032684 
0.102733 -0.454768 1.191851 0.492345 5.797023 -6.177373 15.402437 
0.406103 4.344475 -0.196291 -12.258783 6.161039 0.440659 -18.045113 
0.170184 0.605636 3.373575 2.851116 -3.481565 -0.259284 4.245891 
0.080956 -0.131268 7.690841 -4.259220 -2.325096 7.071979 -4.090862 
0.171393 -0.029303 -0.883068 1.188177 0.822998 4.957696 7.801526 
0.103884 -0.861096 2.242562 0.209220 -3.289778 3.544804 6.542479 
0.287723 -1.214806 0.801499 0.315928 -0.456876 -16.023165 -6.649024 
0.707610 -1.279354 1.311602 0.770789 3.210601 6.401521 -5.241467 
0.161798 0.524362 1.724120 0.041088 7.260056 -1.340875 5.694046 
0.495528 -0.040336 0.360121 -0.214582 30.845468 7.009667 -9.877707 
0.081729 -0.464831 0.358685 -0.818208 9.029979 11.207594 7.704127 
0.498673 -0.887250 -0.217268 1.283880 -0.106975 -2.942361 -0.680372 
0.189760 -1.320035 0.610392 -0.198570 -15.403963 -10.622137 0.549606 
0.174582 -0.728162 1.036812 -0.678265 8.172585 3.875303 13.198589 
1.913197 -1.599500 0.711988 0.064071 8.462589 -16.910873 -1.737044 
0.156957 -1.393143 1.083498 -0.276188 -8.183985 9.532776 4.567063 
0.318637 -3.384605 0.255765 0.806792 3.187593 8.330063 2.248662 
0.384886 -1.360343 -0.210992 0.994420 -3.303587 6.347195 1.346036 
0.094543 1.092092 3.018115 -0.970400 -0.083222 -1.626418 7.334710 
0.093801 -1.233128 1.850573 1.004251 8.598523 -8.374666 8.996823 
0.259589 -1.917652 4.598632 -1.231309 -35.127078 69.674993 -28.481163 
0.331382 0.029755 -0.207857 -1.273278 13.894188 -19.438413 -12.327038 
0.597086 -7.173580 10.822959 -2.385055 -7.438526 14.198702 -2.971747 
0.244466 -0.859190 1.145416 0.541363 -13.137359 1.416908 -8.106123 
0.409757 -1.040333 1.998658 -1.003815 8.714892 -10.219699 -1.775768 
0.703460 -1.277012 -1.299153 -2.642102 -6.306905 3.982257 -1.815725 
0.129081 0.324438 1.018581 1.414238 -6.574608 -3.763295 2.143943 
0.592856 -2.695711 2.315146 -0.534128 -2.320375 -9.785048 -2.103530 
0.598064 -2.742892 -0.609964 2.854426 -1.367685 1.077842 -5.448400 
0.315326 -0.926174 0.420801 -0.229408 18.541047 5.075783 -4.202314 
0.830552 -0.677308 0.734567 -1.165259 -9.800788 6.927905 -1.123324 
0.107798 -1.589729 1.277827 1.389082 -7.857861 3.817922 1.457887 
1.282747 1.000112 2.346080 -0.413742 -8.146609 2.365011 7.402432 
0.179704 -0.676072 -0.063171 -0.062003 -0.803442 -17.284819 8.438008 
0.226650 -0.017423 0.329180 -0.262516 1.347884 -8.986152 -12.146544 
0.213577 -0.820023 0.591466 0.092377 1.864603 -20.456104 -7.310214 
0.360054 -0.921364 1.952988 2.351388 -5.567712 4.643147 8.524128 
0.590465 -1.360386 -0.223475 1.140840 3.898261 -9.740155 9.093246 
0.323997 -1.795745 9.902488 -1.643498 -2.403759 10.695793 0.922026 
0.080856 -2.014096 0.518992 -0.229101 5.405652 -9.953244 11.522317 
0.143920 -1.727808 1.757464 0.254012 -6.925485 -5.357324 1.244474 
0.128165 -0.087080 1.171585 0.664836 -2.738325 11.209376 9.455974 
0.371144 -2.580338 -22.924989 -2.790465 -4.817364 -42.364369 -3.632516 
0.145470 -1.086027 0.470649 1.540512 -13.604220 7.711630 -6.977523 
0.092657 -0.826135 1.080943 0.072194 -11.430581 15.925330 -4.129063 
0.587126 8.170496 -5.503413 -1.104702 9.409795 -6.717275 1.485168 
0.235289 -0.047252 0.355778 0.910035 -9.430762 3.695048 15.409162 
0.569180 -46.818734 -35.192522 -17.302646 -82.346055 -60.577208 -30.130109 
0.093590 -0.596163 0.791258 0.466250 -1.067286 8.777913 5.833415 
0.249342 -1.140344 2.618780 1.297435 -4.140637 -5.562140 -7.756097 
0.543855 4.545326 -2.849523 1.749336 0.700838 -2.136934 2.623339 
0.236315 9.369539 15.224721 -4.961416 12.440697 21.431222 -5.087952 
0.136931 -0.646369 -2.016003 1.445260 -3.534067 6.578050 -0.800318 
0.109437 -0.567527 1.741467 0.200260 7.622075 -6.481585 15.288533 
0.915698 -1.659310 0.487108 -0.502833 1.799447 11.307969 14.865038 
0.125769 -1.489320 1.186761 -0.003024 -5.227096 -16.678895 -4.611172 
0.182221 3.333761 -3.953257 5.014550 0.880788 -4.027393 3.358439 
0.624303 -1.699301 0.307517 0.006721 -8.907028 -0.196006 6.695965 
0.123119 -4.172684 -0.288088 5.549613 -3.643856 1.066279 2.679885 
0.093277 -0.497255 0.669397 0.355674 3.012683 -13.936463 4.171247 
0.126609 -1.639865 0.400354 -1.002929 -6.514567 -7.314552 10.153281 
0.342755 -24.455459 5.859996 -26.669384 -38.963639 8.168575 -42.239066 
0.887808 -0.120487 1.235075 1.309669 9.038664 -6.236368 7.669607 
0.718573 -1.101884 1.163876 0.642748 2.817864 5.869988 10.033088 
0.789225 -1.225955 1.620539 -0.469471 -4.117046 5.814937 -7.905321 
0.126531 0.106678 1.153625 0.910298 -6.150142 8.394811 5.800826 
0.685572 -0.131598 1.297591 1.719674 2.547182 5.378812 3.008707 
0.342997 -1.747159 1.317256 1.123694 12.312731 -2.840076 -6.367698 
1.141486 -2.687882 -0.742256 -0.235175 6.090204 0.246404 5.338877 
0.181571 -2.616671 0.579562 -0.534612 -9.545389 2.362545 3.625257 
0.271737 -1.179027 0.912323 0.512402 6.311037 7.294305 -4.661145 
2.465276 -0.324975 1.193485 -0.311043 19.540173 0.452495 -9.414445 
0.132761 0.620506 1.198846 1.207051 -13.097024 -1.546194 -1.481112 
0.088416 -4.336481 0.864893 -1.777930 1.254357 0.730265 0.126183 
0.089291 -0.391813 1.294221 1.203529 -4.587645 -8.895222 7.868840 
0.263350 0.328865 1.396440 1.886425 6.642117 4.756491 9.425464 
0.423754 -1.524337 2.680670 0.058028 -5.598957 -9.233841 -7.348837 
0.178200 0.166224 0.361158 -0.013941 -11.678275 -1.916725 -0.714426 
0.269147 -7.181252 10.402768 15.828138 -11.880322 20.722075 36.844120 
1.218772 -2.231963 1.232716 -0.225433 -10.022368 3.922190 1.345869 
0.195759 -0.449882 -4.571612 1.707253 -2.592316 -0.594750 -1.902543 
0.310560 -0.815209 0.340066 0.666478 3.708670 -6.898926 -11.363362 
0.132928 -0.566728 0.946591 -0.950666 5.514526 -9.881494 -4.922478 
0.130606 1.232427 -12.721750 -4.247848 2.043506 -21.190901 -6.452122 
0.180981 1.415888 11.396755 10.868952 1.025578 14.811389 14.068624 
8.040799 -1.198142 0.364028 -0.693846 -4.260325 5.246441 -12.193655 
0.080873 0.096410 1.595497 1.135115 -4.037389 7.168913 4.823445 
0.337684 -1.929458 1.680663 -2.257208 -13.592920 16.776442 -19.427914 
0.727006 -1.884893 0.721167 0.533367 -6.332698 -8.667826 -0.258319 
0.130102 -1.400035 0.298100 0.395162 -14.965538 -1.508922 0.482344 
0.107057 -1.193531 -8.895515 8.327909 -1.475916 -9.131918 11.987011 
1.352041 -2.359129 0.945775 0.452986 1.469687 -1.374173 -9.958131 
0.108970 4.713580 0.707786 -1.412618 5.700989 0.931644 3.400089 
0.148499 -1.852263 1.998025 0.781079 1.629153 7.953200 -3.369046 
0.263983 -1.187941 1.011415 0.725349 0.883708 -13.639212 -10.205507 
0.240265 -1.148657 1.789609 0.853726 0.132870 3.941417 17.223477 
0.217954 -0.168518 0.550210 -0.308186 -0.194549 1.739752 -4.061174 
0.444167 -1.466076 1.980042 0.790209 -8.109715 8.928681 -9.640274 
2.752555 -0.787925 -0.322155 1.722428 2.559576 -13.349317 13.955290 
0.266546 6.221490 0.494138 -3.696506 4.600165 0.339662 -2.306903 
0.104305 -1.086490 -0.833645 0.988067 -1.436984 -8.737082 -2.785987 
0.144490 -0.725494 3.150090 -4.292308 -4.919237 0.057540 -0.565056 
0.094619 -1.150817 1.730298 0.835162 -8.416445 18.744801 -2.468797 
0.144851 -0.313713 0.959467 -2.822661 -10.065561 1.591072 -1.578511 
0.132290 -0.108275 0.010938 0.082760 -1.317534 -1.612929 16.721869 
0.524424 -2.057316 4.391168 -2.291162 -7.156154 17.666072 -13.768301 
2.804970 2.842143 0.703289 1.414522 -4.747133 -0.448673 -0.031965 
0.151725 4.749173 -0.088031 1.512586 -0.190677 1.596471 -0.128911 
0.691052 -1.553274 1.016390 -0.555183 -1.879647 -6.526690 10.200155 
0.123125 -17.655152 -8.658351 -4.589595 -23.721533 -10.558739 -5.698677 
0.095501 -0.738281 0.830378 0.274713 13.292707 13.631293 -2.875243 
0.082472 -1.154637 0.807738 -0.451583 -1.528192 -4.485977 -2.695421 
0.088000 -2.046064 0.394715 0.046016 -8.677292 -7.882910 7.905206 
0.106567 -1.836074 0.775392 -0.271253 -5.383983 8.314134 2.815156 
0.083960 -3.677087 -1.908072 4.212089 -2.973040 1.884438 1.471387 
0.444394 -1.018655 -0.868940 -1.458693 2.326141 3.183829 1.894139 
2.968598 -0.819369 0.140289 -0.167873 -9.119505 7.245804 -0.250434 
0.118415 -2.645478 1.325098 0.655149 -11.852946 8.368611 -1.092888 
0.123056 -1.261666 -0.019951 1.001226 -2.308240 10.812611 7.596281 
0.111967 1.156036 28.364807 11.413197 3.262137 44.611978 18.478162 
0.095336 -1.930305 1.004391 -0.444202 -1.246493 0.888522 4.766809 
0.085245 -1.400884 -0.004412 -0.165234 2.899794 0.561875 -12.360406 
0.219520 -0.229085 0.543262 0.393356 -13.528340 -6.480930 9.799794 
0.269315 -8.462713 5.222067 8.586838 -9.801349 8.271335 9.192577 
0.084729 -0.977983 0.727927 0.692167 -4.396234 -19.292664 -1.386465 
0.193296 -2.331689 3.193855 -1.054012 -2.403021 -6.854175 -3.763277 
3.042533 4.986351 5.165460 4.961436 5.838508 9.346841 6.650962 
1.417540 -1.652495 0.467089 0.828997 -16.393629 0.758795 0.626608 
0.348250 3.745103 21.328804 -9.457378 16.161419 80.809114 -35.914931 
0.189420 -1.375736 0.102921 -0.522587 5.119782 5.434946 7.874910 
0.222484 -0.670144 0.294149 1.756796 -2.627154 -1.017265 8.400465 
0.319069 -1.448331 0.380625 3.624876 -4.988105 0.084657 -3.022560 
0.092091 -1.176377 0.722019 0.646598 6.127117 -5.754695 20.109999 
0.486369 -0.526013 2.409261 -0.152628 6.839231 -8.640006 1.430286 
0.293964 0.162219 0.157127 -0.225249 1.193498 8.563454 -5.694419 
0.150389 -1.111186 0.969933 0.063337 -18.355529 25.616018 -20.080914 
0.098254 -0.924720 0.041538 0.175920 -11.783480 -13.022421 -2.772322 
0.129777 -0.948211 1.267202 0.274027 -11.308755 9.420787 -4.649354 
0.089968 -0.867772 0.423011 1.244103 10.022621 13.653867 -2.778086 
0.178187 -1.150275 0.341790 -0.036284 -9.998431 -2.735696 2.733427 
0.446547 -0.761175 -14.514184 5.300692 -1.362919 -22.347167 6.386478 
2.596189 -9.028225 -7.105267 1.043653 -10.403445 -7.288363 2.985627 
0.941679 -1.612742 0.806028 0.662804 -11.364564 -0.000237 -3.491213 
0.357477 -1.855329 0.770627 0.152770 -4.135264 -15.118350 -3.274585 
0.233141 -0.979808 1.036504 0.036714 -18.202590 6.476424 -5.761963 
0.109886 -1.766862 0.870442 0.597494 10.578269 0.731709 9.840173 
0.103385 -1.105050 1.621139 -0.475061 5.534921 16.742822 -5.746832 
0.307529 -1.390867 -2.965785 -0.652390 1.107429 3.199747 5.222967 
0.224214 0.569286 -2.348193 -8.183223 2.304900 -3.968391 -7.173532 
0.688471 -1.325437 0.485444 -0.828939 -11.002380 -4.999191 -5.400581 
0.121886 -0.968290 -0.008898 -0.469603 5.336810 0.624414 8.131210 
2.036878 0.880198 -1.313907 -2.093491 -6.344793 4.707123 0.993777 
0.108772 -0.668788 0.998023 -0.461020 -3.985283 -5.375630 -3.139376 
0.087214 -0.296101 -1.049027 1.291854 0.258421 12.630288 2.163102 
1.095005 0.366137 1.487566 0.283323 5.516268 -8.188897 -4.902272 
0.462444 -2.784651 1.638456 1.003622 -6.914081 1.257493 0.002353 
1.195467 -0.099040 -0.561757 0.321758 5.610010 -0.199859 3.953536 
0.124532 -0.151531 1.872965 -1.878231 -7.873082 -2.459665 5.786670 
0.239527 -0.625843 -0.400961 0.335230 -6.577851 2.213072 -0.557587 
0.513647 -0.786689 1.396746 0.942836 5.762855 -10.714144 14.409067 
2.322161 -1.348940 0.753923 -1.057718 9.978844 4.383617 -6.323906 
1.749945 0.505671 -3.690272 1.590456 -1.181560 0.988347 1.434347 
6.427225 -1.973083 -1.281310 1.303714 -12.027094 -2.831277 6.136876 
0.187473 -1.388158 0.370049 0.962696 -6.902212 2.032974 10.542386 
0.080411 -0.945930 0.721859 -0.665274 -10.847324 4.372089 14.322481 
0.084886 -1.988015 -0.066734 -0.179802 -1.927340 -2.290377 -3.041441 
0.210734 -0.970876 1.745012 -0.958303 5.463308 3.563712 -11.646944 
1.039799 -0.660676 1.478799 0.797765 -5.717313 11.281199 11.576032 
0.589256 -0.889448 0.591726 0.979972 -2.098018 3.664138 1.105138 
0.193774 -1.009234 -3.259827 0.776807 2.265477 1.370402 -2.506614 
0.204408 -1.452882 1.576096 -0.124010 -5.636745 19.364537 -17.067890 
0.203976 1.034541 -2.144430 -3.166171 4.538577 -1.298560 0.921292 
0.100379 -6.803997 -17.806820 -9.429935 -10.130686 -25.745120 -13.408419 
0.224716 -0.766257 -0.171641 -0.670294 3.669023 -7.183208 8.857585 
0.736908 0.389080 0.034247 0.697771 5.628629 6.032399 0.310693 
0.183623 -1.100159 1.561359 0.448585 11.412773 1.786229 -14.386112 
5.763363 -0.484090 0.398763 -0.020168 -0.601437 7.511525 3.604964 
0.155563 -0.195165 1.031432 0.141009 -0.416589 10.683729 10.271353 
0.205052 -0.019490 2.250226 -0.350694 -3.831601 15.493696 3.776057 
0.256881 -0.822154 0.490714 -0.867354 -0.831537 -7.167221 6.267412 
0.383592 -1.533468 2.412195 -1.729147 -1.415536 4.222853 10.203238 
0.115189 -2.097345 0.945200 5.092473 1.487900 -3.181837 3.037956 
0.144188 -1.369464 -0.292091 2.279415 -7.081536 -0.021462 1.442090 
0.208231 10.124793 -16.586555 24.033053 17.717875 -27.927051 37.391155 
0.523071 1.991314 2.307592 1.104599 -4.674387 2.786322 -2.632829 
0.460238 -2.055381 1.716012 -1.443824 -9.770980 -6.721077 3.266963 
0.500482 -0.455137 1.458820 -0.089559 -7.292979 -1.535159 7.699522 
0.190881 2.919542 -1.046390 -0.420742 -3.568544 -0.312595 -4.217350 
0.095002 -2.264997 -4.416118 -1.342965 -2.910154 0.164391 -0.316531 
0.282526 -4.062028 1.755168 -1.382136 3.048303 1.209482 -0.992690 
7.200905 -0.662185 1.359031 1.090091 -10.800274 2.026091 13.217346 
0.639887 0.524491 0.706207 1.423711 -9.978425 8.850395 3.512978 
0.088337 1.181954 1.504151 2.930620 2.693371 1.518481 -0.942958 
3.427020 -0.271636 0.774575 0.525778 8.831496 2.538978 4.164725 
0.286232 -16.117244 21.667699 0.699050 -83.903020 107.404148 5.315819 
0.111446 -1.769837 2.089470 1.709848 0.812119 -4.793796 -9.857111 
0.194955 -4.505883 -0.636381 0.416627 0.759110 4.933014 -0.154237 
0.190041 -1.520390 1.022644 -0.421013 4.364135 7.917504 5.619592 
0.170109 -1.748498 0.018647 0.729458 -0.349875 -2.417645 3.798017 
0.162386 5.698714 5.614829 3.069987 38.913438 39.504810 20.048262 
1.166044 1.655781 6.226967 6.530671 -0.354177 8.547489 5.291897 
0.584740 -3.820783 1.018586 -0.034245 2.738250 4.197969 0.996476 
0.396613 0.156763 1.669205 1.707433 3.307697 -7.491891 -2.171545 
2.418064 -1.169845 1.570409 0.722239 -5.643615 -0.515354 3.400962 
1.010429 -1.402610 0.895348 1.693432 2.877395 -8.885527 2.210557 
2.532142 -2.251593 0.582701 0.389501 0.485308 -1.824928 2.680338 
0.107929 -2.383666 2.028747 -0.695565 7.350956 5.642441 6.930511 
0.167175 -1.927515 0.954188 -0.611490 -4.442297 1.146952 -1.439680 
0.254952 -1.209668 -0.192169 1.149644 5.715591 -2.268121 -5.152035 
0.429694 -1.448434 -0.052894 1.268722 3.151969 2.968348 7.609829 
0.496826 -2.386074 0.705981 -0.777914 -3.623455 -0.433390 2.098989 
0.121547 -0.330156 -10.896960 -3.549529 -1.940646 -12.979174 -5.587166 
0.215928 -0.906466 0.090289 0.110891 1.957992 -13.446953 14.429692 
0.270339 -0.468415 -0.389881 -0.529663 -2.822143 14.570322 7.347604 
0.080083 -1.956461 0.968124 0.650809 8.931131 -2.181626 14.808101 
0.272801 -4.686121 1.087781 -0.182866 0.332263 -2.566078 0.391656 
0.248941 -1.737458 1.124774 -2.869850 -6.797576 1.141997 4.976257 
0.198171 -0.305892 -0.280704 -0.807169 1.088616 -2.992242 -11.535295 
0.125940 0.151410 0.814621 1.234183 -7.168182 8.583143 -2.062916 
0.397489 6.176524 -1.895844 5.688474 5.888133 -0.627935 5.025822 
0.109822 4.594570 -0.274391 -3.008958 0.153251 -0.404536 -3.031994 
1.950578 0.604323 -0.780926 1.804616 -2.977809 7.076367 -5.021314 
0.085723 -1.127668 1.156515 0.653215 -10.030439 7.892193 4.669470 
0.261677 -1.430685 0.278466 -0.378933 13.162695 6.191363 3.793588 
0.410668 -1.533233 1.324053 0.824279 5.243424 0.827545 12.847945 
0.278253 -1.771732 -2.564697 -1.349113 -0.714620 -12.514537 -3.178054 
0.362834 -0.576805 0.581265 0.050973 -6.792442 -21.308335 -2.734876 
0.191416 22.591021 7.746029 -4.674409 30.894081 11.939613 -6.778666 
0.204516 -1.057720 0.888828 0.143285 21.672416 3.758468 -1.649752 
0.119244 -2.323800 -0.454254 -1.895081 1.706677 8.271570 1.369448 
0.394798 0.574299 1.947669 6.441745 -0.886693 3.363456 5.143501 
0.108074 0.151114 0.790987 -0.382809 0.592197 13.488559 -3.386681 
1.687457 6.804737 10.530695 4.536648 7.896834 11.690500 6.500606 
0.142585 -0.424808 -0.289206 -1.090833 3.697010 5.068658 -3.239153 
0.999592 0.081992 0.180686 8.393917 2.243350 -0.699572 13.339351 
0.835224 -1.294727 -0.469088 -0.048669 12.396441 -1.920031 -2.801560 
0.133760 1.171194 3.229453 0.018223 -0.540993 0.973247 -1.110806 
2.914902 -1.787927 1.438482 0.487076 -16.842979 11.498572 5.683649 
0.289537 3.058201 3.642748 1.428522 4.695880 3.589231 5.284391 
0.111589 -0.266016 1.176015 -0.192733 -4.740924 -8.030022 -8.608402 
0.666435 -1.756107 1.198317 0.269189 -6.314450 -1.775219 0.303770 
0.118124 -0.756100 1.310320 0.877871 4.331663 11.502413 -7.424935 
0.082017 -1.292248 0.346494 2.635724 -9.310525 0.057633 1.441716 
0.384643 -1.022574 0.795496 0.752525 7.451015 2.869187 -12.672501 
0.170390 0.252831 0.813761 0.180045 8.793901 3.794523 11.210394 
0.164634 -0.914631 0.460326 0.686485 5.413002 -14.751516 16.267651 
0.710018 -1.090830 1.633285 0.802322 -5.183577 6.699104 -2.327921 
0.490174 -1.146662 0.572341 -0.569336 -3.464543 6.307939 -15.870698 
0.209872 18.558158 -15.183575 -5.821970 93.479527 -75.985794 -20.162032 
0.191407 -0.363930 1.274574 -1.909145 2.699341 4.824452 11.735340 
0.086220 -1.437941 1.325948 0.474079 9.830565 -2.545025 8.676204 
0.253249 0.606469 1.109705 0.648497 -1.319475 9.962335 1.305664 
0.443660 -0.555834 1.451171 0.033183 -4.655855 -5.611064 0.369469 
1.478874 -1.189126 0.384862 0.147589 14.290790 14.513646 5.276929 
0.997008 0.425603 1.681302 0.502867 6.555005 10.353258 0.967035 
0.119733 -2.619227 3.393846 -1.166202 -4.089314 16.439788 -21.082958 
0.155712 1.073933 3.215676 -5.380921 3.157762 3.250201 -3.642814 
0.248140 -1.844795 0.657984 0.337589 -13.905897 -2.147034 9.346374 
0.211986 -2.771065 -2.127182 1.101147 0.055290 4.238125 -5.441536 
3.164370 0.023065 0.704127 -0.000248 -3.859332 -2.537133 5.631932 
7.811175 -1.006702 0.829515 0.155505 3.335417 -6.859723 6.458330 
0.119711 -3.269775 0.513447 0.607381 -12.473087 -1.692121 7.570208 
0.081905 -1.115355 1.447958 -0.068498 -15.578698 15.647622 -3.898345 
0.128974 -0.191304 5.169171 -0.957628 0.400295 33.330534 -7.542418 
0.098410 -0.946183 1.765313 0.642621 -3.205823 7.304040 7.281662 
0.208666 -2.217966 0.304529 1.162392 -1.641471 1.922814 10.256432 
0.338702 2.124328 -0.620133 3.365346 -0.410827 4.213165 -0.351004 
0.270406 -1.536105 0.856583 -0.265378 13.882806 3.045412 -5.911287 
0.261780 -0.719225 -1.752423 1.813153 -3.149364 5.796295 -3.462104 
0.198271 -1.098786 1.407495 -0.186017 -0.451502 8.648104 -0.425057 
0.547947 -0.892656 1.595531 -0.159276 -10.509914 10.088229 -4.503669 
0.084496 -0.478045 0.938145 -0.545596 -6.243113 16.775675 10.197666 
0.547853 -0.514686 1.008789 0.182895 -6.419895 -1.349639 -1.340724 
0.124445 0.312555 0.449731 0.463455 2.453840 11.604284 9.920432 
0.573077 -0.582194 0.929000 0.393909 -10.004581 -16.539924 7.180069 
0.415176 -1.477476 2.290701 -0.551384 7.357277 -5.994909 1.179416 
0.878922 -1.015225 1.260002 -0.890040 -5.125039 -10.999366 -13.989808 
0.094683 -1.070858 1.722812 1.816418 -2.611077 4.609356 -10.394928 
3.025229 -2.050115 1.582199 0.004608 2.362051 12.449764 -7.046891 
0.102725 -0.996333 1.060851 -0.260160 10.693186 2.156313 17.242795 
1.385436 -1.109993 -0.859674 -0.388559 -13.176870 -3.559857 0.793134 
0.188343 -0.942005 0.774282 -0.025243 17.056075 1.529693 6.114211 
0.308804 4.140282 -0.603252 -3.005751 0.751163 -2.826348 -2.326492 
0.266901 1.714004 -0.990541 -0.667513 -8.148587 -1.134549 0.277754 
0.352073 -0.635574 0.506099 -0.977270 -0.233105 -9.229902 -6.976405 
0.588656 1.325932 0.777509 0.246484 -10.415228 5.062191 6.334148 
0.105091 -8.866048 0.500349 4.055749 -23.753025 1.122794 11.020457 
0.147682 -0.220836 1.123922 -0.466974 11.194355 -7.060753 3.093547 
0.179358 -0.567016 1.193665 -0.220299 -14.948641 4.173198 0.099181 
0.522896 6.183328 1.213427 1.095770 31.451352 -0.226939 -0.330481 
0.141510 -1.476949 1.560453 0.520573 10.946644 -8.182503 -7.736084 
0.105633 -0.948021 0.553130 0.161035 4.975952 -5.883675 -0.368647 
1.115389 -0.616825 0.971124 0.407026 -12.515210 12.667325 3.659897 
0.100224 3.221710 -3.965688 -4.514210 -0.360277 -2.075935 -5.569896 
3.043771 -2.047722 1.822539 -0.125233 1.182767 1.570045 -3.666071 
1.677124 -2.050764 2.992750 -0.825812 0.403281 -3.310783 6.590760 
0.154714 0.318171 3.700778 0.760147 -5.101575 2.902232 1.170700 
0.509531 0.286781 1.014771 0.734934 5.648307 5.830240 1.017623 
0.118595 -0.837716 0.799819 0.512395 19.387510 -6.449954 7.504453 
0.192470 -1.166156 1.186209 0.206556 7.808922 -0.514817 0.020091 
0.156661 -2.203040 -0.715990 -1.668950 0.430537 -4.275082 2.781459 
0.269171 -27.874300 -7.545778 -2.242851 -58.412061 -15.530888 -3.237640 
0.275015 -0.648480 1.302394 0.570416 -8.450094 -2.908602 -6.893599 
0.133107 -0.131491 2.174131 2.326838 2.202297 -3.423701 -7.167484 
0.116244 5.355041 -8.914147 2.589914 5.727486 -10.528658 2.707090 
0.262815 -0.671392 1.889419 0.922116 2.843400 -10.664698 6.907282 
0.152197 -3.202877 0.698741 1.824994 7.665887 0.651976 2.700526 
0.591538 -1.861307 1.595090 -0.739184 3.472205 4.348536 15.746590 
0.273814 -1.517322 -0.694779 0.551258 0.474689 0.558314 0.441437 
1.296377 0.917138 0.687720 0.376891 0.021053 8.921120 3.890880 
0.625099 -0.764480 -0.566119 0.109850 2.508867 0.081635 8.645370 
0.953431 -0.537290 1.246425 -1.612736 -2.459230 2.536059 -12.866726 
1.362864 -2.005709 1.700472 0.311756 -6.784998 4.530927 -5.557359 
0.388981 -1.304030 0.684134 0.876511 -10.388571 -3.420096 -7.398958 
0.178332 7.220337 3.381071 3.238718 5.674342 5.672287 4.534128 
0.372184 -1.339897 0.155531 -0.119805 -34.303662 -37.732776 107.036836 
1.884918 -1.099591 0.467778 0.700176 7.473893 -12.800966 12.704590 
0.093160 2.226295 0.639693 1.357438 15.013567 -1.487347 4.664407 
0.093696 0.373538 0.280106 1.083580 3.473321 3.172551 0.722810 
0.080850 2.605082 -7.965925 5.635027 0.496906 -9.264426 6.039085 
0.277717 0.048086 -2.105525 6.186149 -0.294251 2.428275 4.794587 
0.330199 -0.827086 0.394177 0.053734 -9.805597 15.088360 15.195891 
1.020862 0.626530 1.739938 0.604766 7.279766 -0.945361 -1.921952 
0.554068 -1.002438 1.368656 1.384407 -10.761527 10.516745 2.325683 
0.410517 0.008413 0.950456 -0.111719 6.108661 -5.967685 15.004753 
2.241100 -1.582147 1.659234 0.272173 4.035589 6.600134 1.302590 
0.769947 -1.252120 0.134236 -0.084669 4.629756 4.659578 -4.615047 
0.085466 -1.057473 0.255675 -0.171014 -1.214258 5.369056 -4.188574 
0.645582 -0.738602 0.399962 -1.563467 3.971550 -17.912628 -20.919026 
0.291207 0.675731 0.105731 -0.122707 -14.083465 4.252607 3.278485 
0.780826 -2.636671 0.962395 0.828609 5.356343 -10.319188 -5.559060 
0.178041 -1.741551 1.172982 -0.073724 -8.394546 6.137982 -2.960421 
0.111657 -1.723257 0.922054 0.209380 -7.506604 16.617654 -6.417727 
0.141933 0.413052 1.364303 -0.644020 -10.130110 4.584931 10.964215 
0.503658 -6.613815 0.061692 1.844437 -4.632183 1.854958 -0.340718 
0.266518 -0.007047 1.641469 0.829014 3.319720 -6.956981 -11.757554 
0.136578 -1.379064 0.440701 1.428572 6.536309 2.419972 2.392429 
0.126498 -34.403151 -8.416031 -3.315308 -50.839878 -13.035807 -5.121743 
0.081261 1.011727 -3.110589 -1.116230 -6.800718 -1.755647 -0.314799 
0.167252 -0.824391 1.630652 -0.291632 -5.838848 -3.712027 1.798364 
0.607244 -0.869399 -0.913987 0.420268 -2.534352 8.425739 -0.534369 
0.266741 -1.477587 2.029869 -0.110151 -0.294432 -0.961016 -0.950151 
0.157175 -9.082246 -0.998319 3.489285 -11.500859 0.875569 1.042560 
0.366807 -0.429893 0.490890 -0.305045 -4.060046 7.490224 6.456905 
1.030213 -0.842922 0.296680 1.148386 2.827759 -7.518598 -1.703089 
0.140945 -0.454784 -0.356099 1.564901 -13.255748 1.838815 -6.687668 
0.288794 -0.863084 0.288470 0.056874 -10.957112 8.244655 -17.439485 
0.182724 0.324173 1.298581 0.587386 -12.374933 10.432739 -5.408392 
0.115248 -1.672859 1.032564 0.315305 -2.043290 -0.678957 -3.210218 
1.012019 -0.859198 1.424282 -0.435196 -4.283641 8.750927 -8.798046 
0.292049 -3.644078 -6.082383 4.074842 -1.482094 -6.402422 4.790547 
3.273691 -0.970958 0.447772 1.098285 8.115063 9.545344 12.979850 
0.507219 -0.045576 2.143218 -0.271667 -2.587334 16.608882 7.248884 
0.325723 3.476120 -0.941130 -0.999951 1.683974 -0.407164 3.903484 
0.153073 6.952580 0.394882 -16.648485 9.393764 -1.214207 -22.553265 
0.229855 0.025207 1.038252 0.143878 7.883179 -0.408724 -8.682063 
0.196589 -0.355614 -1.072282 -1.581571 4.134281 0.271059 0.163708 
0.095001 0.925862 1.511012 2.427608 5.932935 1.405107 -0.820171 
0.458870 -1.025348 0.903544 0.265102 -12.768840 -21.579822 -7.333326 
0.085890 0.994508 2.416424 6.014704 1.605531 -1.778836 4.281006 
0.170408 0.001219 0.366459 -1.078252 -11.460802 -0.305025 -0.544119 
0.130084 -0.536192 -0.581824 0.189043 1.855476 -10.173254 -2.313739 
1.384359 -3.128023 -0.765860 -0.531462 0.071661 1.726849 0.822421 
0.642711 -0.536159 0.388894 -0.796578 0.198757 11.956018 9.682466 
0.176254 -1.757297 0.196878 0.129793 -9.554115 -4.041042 6.535146 
0.156623 -3.230668 3.738576 0.868386 4.126988 4.699472 -1.144382 
0.874755 -5.122906 -10.563367 -8.118395 -7.415690 -14.435340 -10.552109 
0.628183 -0.750287 0.477014 0.486034 -7.715436 -13.382288 -4.693165 
0.127719 -1.774519 -0.288968 5.750041 -4.874168 1.821554 2.430486 
0.209256 0.343932 2.865384 2.418162 4.689630 -3.379343 1.522054 
0.393003 -2.665705 -4.598029 10.849439 -3.961209 -7.587330 19.531376 
0.395444 -0.721345 2.977711 -0.821948 -4.697500 -3.717992 -1.591156 
0.150757 2.555900 0.681101 0.531755 -4.475404 5.278247 -3.092613 
0.613619 14.373747 -12.227983 -14.767773 20.263612 -17.670600 -20.848803 
0.371705 0.037280 1.018141 0.366238 3.651808 15.323962 5.317097 
0.128172 0.222856 1.825383 -1.189237 1.645900 12.990187 2.676214 
1.227367 -1.797339 6.546905 2.541661 0.655801 3.863532 1.375301 
1.287495 -0.599256 1.253342 0.153880 -1.418237 -7.683873 1.072045 
0.285623 -2.475416 1.253152 0.428998 -7.186806 -7.166015 -5.887892 
0.186793 -2.427206 1.740316 0.966397 -10.176533 10.340041 0.739622 
0.151928 -0.203984 4.888408 0.027869 6.422942 4.025828 -2.254135 
0.107729 -2.025352 1.884470 1.151756 4.108339 -9.877554 -3.275764 
0.789450 -1.077140 0.561719 -0.323775 1.563312 11.258813 11.571062 
0.417882 -3.561245 0.804995 0.982819 -1.681579 4.536961 -8.800161 
0.415458 -3.397644 -9.155138 1.553341 -4.910994 -8.388779 3.360582 
0.510419 -1.073521 0.331310 -0.257579 -13.232962 10.558139 -6.142381 
0.130425 0.145867 -0.417335 0.657949 -5.323524 2.228833 2.003545 
0.312402 -0.890901 -4.209691 -0.124980 -3.630221 0.023660 0.007532 
0.489643 -1.539489 3.033902 -5.073621 -2.619579 2.864808 0.500373 
0.449688 -0.389253 2.908628 -2.044773 -7.494128 -4.025095 -1.199788 
4.640213 -5.828724 -16.658761 -23.050421 -7.293730 -22.372445 -31.877053 
0.102329 -0.891831 0.252638 -0.126078 -5.054049 -1.073403 19.934427 
0.088752 -4.085899 4.135632 -1.160560 1.723673 2.695752 -1.644886 
0.124181 4.427461 -4.759020 -1.507979 2.609417 -2.906143 -3.058386 
0.142677 -0.693433 -0.138680 -0.665734 -7.980088 7.046763 -6.636949 
0.646196 -0.243284 -0.005400 2.249293 -9.135265 8.423077 3.014070 
0.112694 -23.565246 -2.030867 -187.756771 -36.757564 -2.929889 -301.049654 
0.176104 -0.573092 -0.831783 0.896085 -5.825259 -10.174729 2.104384 
0.106965 -0.900249 -1.501795 0.658035 -3.668385 -6.694235 3.932625 
0.330430 -1.070552 0.145529 -0.186113 4.206943 -4.495048 1.356248 
1.059937 -0.917855 0.573247 -1.020260 -7.377997 2.286365 -15.526879 
0.446854 -15.197738 5.880985 -6.032788 -20.870992 6.801534 -7.998414 
0.249843 -0.572796 1.502059 0.809793 -14.589801 18.356235 5.768028 
0.126972 -0.944859 1.286505 0.753139 -6.018968 -9.700097 -16.921281 
0.148713 -1.349322 -0.138247 1.064604 1.825241 -8.771006 -5.017692 
0.153845 -0.327167 1.233268 -0.926770 -5.691224 -4.145352 -3.154659 
1.523067 -11.755949 2.477319 13.020852 -18.243394 3.973154 20.039660 
1.665441 -0.331030 0.514770 -0.773631 -5.401523 9.909699 -6.324905 
0.167356 -0.539378 1.695569 0.250591 -14.805364 8.698762 9.171949 
1.433413 5.916591 -8.191838 0.600099 4.459228 -9.582189 1.085289 
0.264805 0.252583 1.061690 0.083346 -0.503282 -7.243174 -3.331497 
0.110793 -1.201555 0.474257 1.755654 -4.619678 -3.414204 7.446492 
0.180061 4.073962 -1.254638 -0.137316 3.894804 2.335766 -1.453884 
0.195410 -1.964994 0.870069 1.753433 0.861902 3.130641 -9.823123 
0.091610 -2.355032 0.629767 -0.167674 4.993606 3.663492 -14.261015 
0.100160 1.665915 -0.773951 0.569599 4.073416 -6.172475 2.935323 
0.329612 -0.881430 0.874695 0.410531 -10.049890 -4.858174 6.258689 
0.174903 -0.032473 0.930357 0.582975 -7.125741 -12.083135 -7.973141 
0.088879 -0.776400 1.579385 0.462991 -8.594365 3.883524 11.304035 
1.382242 -0.652850 1.599302 2.223712 -10.511981 4.641241 -5.584743 
0.137418 -1.408502 0.239267 1.255719 -10.273400 -4.783908 -1.731693 
0.550522 -1.179919 1.831453 -0.465354 -15.419555 -9.236355 -0.024581 
0.977405 0.042020 1.633884 0.192189 -6.559257 5.486860 -11.583047 
1.078071 -0.648866 1.206657 0.294004 -1.316070 -2.567301 2.217278 
0.158053 7.134356 -9.857121 0.067740 9.722685 -11.437086 0.400754 
0.173348 -0.820011 0.812686 0.427836 -10.340535 7.270290 -11.475435 
0.082934 -0.039836 0.666049 0.072479 -1.266962 4.402885 -14.549649 
0.136636 0.080368 0.742297 -0.077038 -12.111553 -7.575058 5.839541 
0.143734 -2.362643 0.161618 2.734399 3.708535 4.306012 -2.521551 
0.441192 0.882539 1.358813 6.972758 -0.553102 -0.413363 10.509380 
0.419927 0.133759 2.361753 -2.273218 -4.210277 4.754526 6.714836 
0.233936 -1.030847 0.776882 0.968876 -3.501624 -3.853597 -11.441381 
0.472655 4.764231 -0.603097 2.233182 4.057780 3.810286 3.704917 
0.114863 2.531774 -0.143784 -2.911825 1.017361 0.856965 3.409274 
0.090134 -0.414557 -0.489495 1.104362 4.403506 4.821474 2.722036 
0.541043 -0.782580 1.113159 1.313173 -11.304302 2.936860 -14.793402 
0.282572 -0.937558 0.289277 0.129469 -18.506530 10.105222 1.340078 
0.115642 -0.575839 0.788911 -0.364121 0.088610 -11.497665 0.719528 
0.081355 -4.395461 2.820573 2.507809 1.753910 1.103542 4.046845 
0.367829 0.190220 2.080443 -3.011677 -0.792955 -4.679720 0.153588 
0.139629 -1.425780 2.354201 0.647223 -3.926080 -8.288988 -4.792953 
1.352784 -1.001860 1.430620 -0.351004 0.766265 8.091689 -17.221014 
0.125255 -0.024786 0.166474 -0.254181 4.297073 -11.290759 6.429346 
0.401327 -1.014224 0.337277 3.455582 -1.603007 3.773497 -6.030404 
0.285734 -0.365353 1.875010 0.325566 -17.624551 5.670228 -6.160603 
0.395651 -2.220792 1.205928 -0.754724 8.778337 -3.863021 0.155095 
0.293098 -0.191877 1.769445 -1.256723 1.185729 -7.792272 8.961840 
0.087827 -0.248260 0.705404 -0.040273 0.977138 -5.979670 -1.382631 
0.145431 -3.504616 2.573512 -18.545703 -3.410401 4.674027 -27.151164 
0.180115 -1.153329 1.447666 -0.762370 -5.071581 11.736612 1.622478 
0.096200 -0.149341 -0.488320 -0.698164 7.533716 0.480030 -2.697029 
0.666776 -8.600568 -0.513383 3.670554 -8.629989 0.755043 2.465331 
0.204329 -1.332673 -1.020223 -0.455091 -0.811685 -3.289995 1.154534 
0.115895 -1.768124 2.001309 -3.541265 -1.182505 -0.508427 3.183725 
0.093908 -1.843299 1.619826 -0.405815 1.724268 -15.964497 -4.801282 
1.218377 -1.083009 1.403317 1.469177 5.544944 6.397943 -1.079444 
1.577937 -1.120860 0.806715 1.564746 -11.364814 -3.437604 2.081852 
0.624013 -1.245387 -0.472129 0.273243 -2.902354 3.115808 -8.018319 
0.094581 -3.171868 -0.317465 -0.419321 1.117378 10.269181 0.040871 
0.082735 -1.238333 3.300927 11.069755 -2.629854 3.674050 15.583640 
0.117562 -0.587125 -0.010066 -0.060050 -3.948157 -2.986234 -18.168111 
0.104059 -0.455418 0.255144 -0.264314 -4.386001 12.342431 -13.924135 
1.175398 -3.032135 0.214439 -1.119139 7.430744 5.730333 -2.773608 
0.164169 5.344823 5.863237 -6.556414 5.197946 4.499958 -8.080043 
0.291452 -1.950228 0.195583 -1.101595 9.047072 -7.715771 -1.955424 
0.206673 -0.732803 2.158620 0.935844 -3.588996 -2.611049 1.525290 
1.289324 7.861749 10.205564 -1.972408 9.871025 12.490033 -4.575557 
0.086315 -8.651295 2.339284 11.971081 -11.511655 4.594510 15.601445 
0.235153 -1.180493 0.301004 0.541296 -9.958632 3.113311 -13.178329 
0.115719 7.268121 -6.332022 -6.398175 9.024130 -7.667952 -6.229246 
0.363410 -0.380289 -0.000798 -1.002679 9.386644 -6.230589 -5.646278 
1.751386 -0.713709 1.727564 -0.467859 10.751217 -5.403939 1.672863 
0.207984 -0.923940 -0.263207 -0.323391 -11.519649 -1.920562 -4.998817 
0.102911 -2.379941 0.936395 -1.152663 0.159258 -10.534345 -4.972951 
0.178659 -0.391733 -2.856400 -0.288190 -2.430349 3.568519 0.939599 
1.266026 -0.314664 2.014287 -0.117205 6.727720 -6.342072 -8.617733 
0.304509 0.591024 0.587500 1.510349 -1.949320 4.825348 0.774983 
0.111776 -0.237648 1.589770 0.563043 -1.633958 12.041840 5.958378 
0.518423 -6.651307 -6.905722 10.513218 -7.669659 -9.933058 12.984730 
0.412206 -0.752459 0.287170 1.114430 -11.381684 9.737293 -3.742646 
0.151101 -0.455553 0.702696 -0.737877 0.138962 7.766782 14.028843 
0.220913 -11.088739 -4.111282 13.369037 -14.126072 -6.995822 18.371650 
1.412488 -1.164894 0.375192 0.217795 -7.080066 -2.893561 2.828436 
13.278585 -0.896325 0.546040 0.673055 1.700386 1.890350 -6.098985 
1.463321 -1.280032 0.800404 -0.215167 1.411900 19.202826 11.685245 
0.120159 -2.299515 0.345075 -1.535078 4.993806 -4.278089 6.758121 
0.365350 -0.438277 0.031230 0.991237 11.368071 -6.596423 -0.917800 
0.105973 -0.192667 1.710145 0.330418 -10.464336 -12.715329 -9.557355 
0.295892 -1.741187 -1.000732 1.024138 -0.836981 -5.661131 6.929825 
0.206326 -0.277894 0.644832 -1.043042 -13.289451 6.155810 8.755696 
0.093712 -0.773341 0.166839 -0.230038 -20.241581 13.646867 4.427111 
0.095148 -0.077064 1.755033 0.785702 -10.289738 8.406507 1.139911 
0.206538 -5.675967 -0.905999 1.123919 -3.518054 5.252165 1.238702 
0.086877 -1.464929 0.584665 0.221444 15.927823 10.288181 9.764046 
0.089099 -1.043144 0.373129 1.020372 -23.799457 -3.074862 1.494269 
0.510706 -1.757694 1.010404 0.177514 6.768115 1.261628 14.884745 
0.209703 5.153603 0.178857 -1.228795 0.720807 2.614201 0.491258 
0.558090 1.223426 -2.530549 0.591017 -0.005354 5.051839 -0.303502 
0.094925 -0.363706 0.653781 -0.711593 7.792539 0.601870 -8.285622 
0.169485 -0.454552 0.437570 -0.739156 8.029470 -7.947266 -3.049979 
1.190304 -0.555653 -0.307262 0.305265 1.323977 18.103991 -0.121976 
0.229716 -0.722817 1.505322 0.537870 -6.280369 -14.956794 -8.052503 
0.590880 -1.466263 1.049783 0.251655 -2.176255 14.993037 -1.941750 
0.480535 -0.806915 1.214473 0.591968 -10.549974 -4.110057 -0.465782 
0.234429 -1.422828 0.060718 -0.482893 -3.284270 3.224034 11.154527 
0.582021 -0.278891 0.625023 1.052281 -7.006792 -1.988944 20.067517 
0.189197 0.891162 0.982148 -1.571799 4.254431 -0.072703 -3.416669 
0.259575 -2.683087 3.272096 3.127533 -1.309677 6.314568 -0.733594 
0.447006 -1.044187 1.445649 -0.437713 -3.505199 -8.919771 0.018422 
0.147887 -1.880099 3.985205 0.783098 1.826649 4.297078 -2.828828 
0.231699 -0.826338 4.095813 -0.638070 1.438484 1.176162 -2.799165 
0.453708 -0.286087 2.720211 0.558787 -3.033751 13.221203 9.681483 
0.920339 -1.105204 1.522911 0.383446 7.272154 1.693405 3.015473 
0.955703 -1.029721 -1.450265 2.027290 -2.018666 -1.251382 3.746011 
0.084577 -0.809185 0.066820 0.450068 -1.247853 3.381357 0.815486 
0.160624 -0.446595 1.762298 0.490960 1.061832 -2.947851 -1.390343 
1.172148 -0.206350 0.465644 -0.361402 -5.173901 -14.419506 -3.406216 
0.760534 2.281881 7.986390 7.531355 3.322970 7.121743 9.697549 
0.114553 -1.463233 1.655729 -0.122867 -15.132348 -12.097288 4.050007 
0.117572 7.358077 -14.466942 -4.152985 9.167414 -19.682466 -5.924184 
0.762149 15.117724 21.287171 -6.795341 21.173016 29.378446 -7.747188 
0.232792 -3.113166 1.959502 1.243321 4.041617 -5.223398 -1.373494 
0.215009 -1.177655 1.583665 -0.363351 -4.850792 -12.367764 7.265380 
2.204810 -0.701915 1.138929 -0.787560 2.762935 -1.963007 -5.615342 
0.129032 2.397824 -13.427298 22.583444 4.756149 -19.139717 31.013316 
0.374042 -4.860593 -0.472622 0.447087 0.282132 2.101097 0.235120 
0.205433 -0.981632 0.182947 -2.071974 6.994770 -5.019476 6.200901 
0.160079 -0.393877 -0.185567 0.719243 -1.232339 -7.808447 10.953854 
0.136090 -1.715151 1.366427 0.040898 -15.515100 5.535143 13.367622 
0.119841 -1.102130 1.540466 1.120120 -9.838192 2.590636 12.461620 
0.201503 -0.429478 0.533136 -0.462838 -7.946962 21.053133 -5.221991 
0.611073 0.778808 0.501212 2.053735 3.577592 1.056470 -3.639784 
0.115016 2.502979 -4.835848 -0.745183 0.173756 -3.157484 3.394705 
0.399244 -0.396479 0.772076 0.747924 11.391457 2.703314 13.669339 
0.131342 1.375461 1.256792 6.804122 -0.165731 1.104975 8.449234 
0.174201 -1.425657 1.831874 -1.298759 -1.071340 -12.540529 -2.681136 
0.089275 -1.130479 1.406150 0.123065 8.211790 4.950462 -1.226659 
0.438872 0.147616 1.133601 1.365647 6.745360 10.938702 1.832065 
0.085636 -0.848789 0.331748 0.222200 -1.216935 5.283076 -1.904754 
0.582912 4.246136 -5.464997 -0.381038 8.528900 -9.063792 -2.129656 
0.240412 -0.672624 0.421465 4.996200 3.204375 1.791075 -0.035416 
0.226021 -7.076869 -27.058655 -13.043753 -42.930931 -177.363799 -75.341675 
0.107205 -1.712267 0.642577 -0.050741 -15.482484 9.703937 1.241035 
1.102835 -1.460535 -0.026822 -1.430666 0.554759 -1.008593 6.849207 
0.266126 -0.017972 2.005174 0.420796 -2.094772 14.505298 -8.278618 
0.409423 -1.310971 1.780901 -0.849087 -11.854235 9.534555 -6.354168 
0.089384 0.843307 -1.136761 0.159982 10.530665 -26.538152 4.675894 
0.113871 -0.726703 1.354375 0.069399 -5.663663 9.740766 1.837819 
0.746267 -0.561343 1.388675 0.377615 1.335915 6.725816 -20.305847 
0.219386 1.927267 1.063625 0.807430 -6.570253 8.008098 3.281606 
0.439077 -1.280852 0.705100 -0.688889 -5.056093 3.506981 4.406556 
1.444015 -1.363110 1.621250 0.086443 6.791726 -13.966868 2.402063 
0.102731 -2.893872 1.555644 -0.061238 4.736417 -6.672875 4.862717 
0.202560 -0.223399 -0.119540 0.382920 -1.191270 -2.572246 -10.016925 
0.091773 -0.903127 -0.172355 0.039831 -3.862698 -9.386364 -0.400200 
0.159646 -0.794876 1.257222 -0.265212 4.052102 -0.042880 11.713727 
0.210510 4.922429 3.219156 9.526550 10.644936 5.811292 13.623981 
0.129464 -1.125864 0.413873 0.682639 -10.639042 -0.550758 3.679177 
0.235395 17.442575 23.877382 -50.748010 28.906603 38.270713 -81.412185 
0.392760 0.487329 -0.231419 -1.056191 -4.490245 -6.073884 0.538710 
0.340464 -2.544268 -0.411912 -0.933095 4.066239 4.296390 -7.832354 
0.558675 -0.358108 -0.590968 1.113974 3.699988 1.150743 -1.425202 
0.269181 9.245499 -9.534036 14.267514 12.283965 -12.277051 19.924186 
0.080832 -0.827931 1.887664 -4.993348 3.265512 4.586337 -12.363697 
0.161454 -1.165260 1.460993 0.087077 -8.646174 4.807543 7.960226 
3.272843 -1.469848 1.802480 0.076246 -7.914258 3.524593 6.925541 
0.126733 -0.095778 0.627182 -0.239866 -4.537536 -11.945873 -7.063324 
0.147442 -1.399952 -13.519878 0.309519 -1.250827 -16.424639 1.414072 
0.234874 5.601863 14.328885 -12.016720 25.720524 61.437923 -52.165406 
0.088322 -4.718233 21.241560 -18.547040 -7.422108 29.707781 -25.713900 
0.124823 0.643652 1.270751 -1.021980 6.788492 7.901278 -3.212201 
0.134972 -2.323605 0.798019 1.232648 8.200339 6.667456 0.106246 
0.114632 -1.637152 -0.430798 0.363168 -7.912389 5.598379 4.480221 
0.145861 -0.933190 1.107730 -0.156666 -0.661168 19.505982 -5.592495 
0.263366 0.131566 0.975512 -0.425724 -2.138757 2.787502 9.794492 
0.973808 -0.995923 0.512293 -0.360909 -16.686153 11.442494 4.179465 
1.966409 -0.525152 -0.109480 -0.570486 -3.482377 5.524229 5.713524 
0.137245 -1.460351 1.047712 0.972783 4.120224 -7.801439 -16.324829 
0.175886 -0.741713 1.262725 0.056741 -10.200350 11.674719 -3.071194 
0.427154 -2.097514 1.156482 1.397162 -6.438500 -10.762863 1.691663 
0.305641 -1.798259 1.038639 -0.484898 8.406921 -7.931667 2.745504 
0.126873 -0.516703 0.824464 1.289387 4.995657 -6.053109 7.745386 
0.202129 -0.051122 1.422034 6.132463 -3.911944 3.365602 2.926810 
0.103947 0.478763 1.287029 -0.060211 7.955066 14.610698 0.916385 
0.160192 -1.439727 -0.226512 0.385929 8.592595 -3.107900 8.439696 
0.087931 -1.499790 -0.716072 -0.131510 -0.696649 1.862515 6.410297 
0.201166 -0.534464 1.790910 0.157961 -9.093051 -8.201645 6.805075 
0.129271 -0.198926 0.669616 0.500911 0.267991 -14.231059 -4.588453 
0.244547 -2.622886 0.591028 -0.076545 -11.652517 4.001955 -9.159896 
