165.079973 -0.111179 0.540480 -0.282260 -1.967275 3.814320 -1.710911 35
0.583882 0.699506 1.609751 0.652527 10.873817 0.565484 8.057004 1
0.000000 15.543375 24.429370 22.379846 397.470657 612.707845 574.875223 0
0.085689 -1.316471 0.330614 1.560876 -11.349579 13.592730 5.776388 1
0.000000 27.518388 -23.364131 36.104012 419.470703 -358.533979 549.249614 0
0.457888 -1.130449 0.037851 0.498299 2.469385 -9.779702 -7.406856 1
0.179449 -0.853589 -1.509990 -0.992314 -1.604444 0.710080 -2.171906 1
0.103175 0.838311 -1.703659 -0.338962 -2.244596 -6.875684 5.076561 1
0.199182 3.421031 -1.253685 0.712279 12.167783 -8.371324 2.810723 1
0.109107 0.621728 -2.110217 1.057717 -1.382171 -2.430189 5.350186 1
0.232498 -0.632516 0.531103 -0.645035 -2.591216 21.688193 2.013485 1
0.683878 -1.026643 0.327067 -1.457890 -8.312550 -6.432609 1.440090 1
0.000000 4.712359 10.151894 -4.121535 56.662408 119.726238 -49.929517 0
0.133767 2.379852 1.413075 -0.089417 12.670115 3.576570 6.226866 1
0.207935 -1.394476 1.688266 -1.264450 -1.397680 11.388349 2.323215 1
0.000000 -0.524773 0.294911 -0.412888 8.229421 -5.525221 -6.536813 0
0.099031 0.347461 1.649883 0.211951 4.768844 17.082675 -7.417459 1
0.000000 -0.800750 -1.032044 -0.017854 5.817484 -14.818834 -5.007825 0
0.166412 0.075420 -0.030255 -1.310617 -5.288656 -8.881698 0.909418 1
0.401973 0.109596 -1.920971 0.437097 6.703739 -7.950251 9.787657 1
1.245042 -0.613492 0.295873 -0.404581 3.118458 -1.279605 -21.137256 2
0.135040 0.043747 -0.125626 0.285641 -11.396552 -9.448376 -0.651818 1
0.230700 0.572935 1.008950 -0.918677 -9.238173 6.621469 6.559416 1
0.296048 -0.504242 0.879655 0.410624 -9.206211 23.434631 -5.191960 1
0.464442 0.286522 0.207600 0.027800 -12.218177 15.898224 -9.868067 2
0.218861 1.715836 -0.901878 -0.606260 7.177857 1.915767 0.337957 1
0.780326 0.718777 -1.074829 -1.219788 -3.189246 -6.797971 -1.861253 1
0.110177 1.160818 1.771479 0.684570 -1.252021 3.178659 10.082839 1
0.308745 1.858532 -2.234461 -1.228282 7.911340 -17.616351 -5.453773 1
0.000000 -0.051083 0.678754 -0.825413 11.070819 -4.908821 -12.988954 0
0.154448 0.122562 0.416034 0.331458 -13.505918 -5.271004 -4.876822 1
0.534356 -0.613225 0.387127 0.778031 -3.793334 -16.387536 0.655214 2
0.443222 0.462441 0.407872 -0.350286 0.096074 21.316027 -13.907092 2
0.121470 -1.380237 0.022297 1.231639 -13.053785 -7.382901 -3.354919 1
0.388680 -3.151776 -1.571719 2.420498 -60.229654 -36.954767 50.162876 1
0.552874 -0.002735 -2.355185 1.096381 -6.006795 -7.517482 10.661475 1
0.107074 -0.325797 0.344399 0.049134 6.583190 -10.883222 -20.196273 1
0.218546 1.062854 2.036142 0.185637 -3.357818 3.571436 -1.363177 1
0.220750 -0.567206 -0.373524 0.643309 3.817070 5.782281 9.775182 2
4.711446 -0.880064 0.084816 -0.092977 4.410244 16.227751 -8.586665 2
0.123628 -0.314246 0.288366 -0.718800 -3.634306 15.115567 15.658292 1
0.103987 1.814686 -0.250962 3.302255 14.412307 5.360018 16.242850 1
0.000000 -0.165360 0.484241 -0.357243 23.055304 43.240158 -8.539529 0
3.952128 -0.318498 1.659073 0.719234 1.553742 -5.890206 5.887615 1
0.000000 0.058958 -0.643273 2.836956 0.116022 -5.316205 18.470606 0
12.485588 -2.087538 -0.330657 1.728577 -29.637906 -6.567879 23.542157 7
0.105198 -1.144394 -0.404873 -1.535509 -11.139726 1.584260 1.735126 1
0.000000 -1.074080 -2.647871 -0.739630 -12.494367 -30.844060 -9.593450 0
0.167817 -0.849018 -0.646443 0.666497 -9.371358 10.188862 11.315998 1
0.138488 -0.543605 -3.004140 -0.013772 0.796279 -12.125825 6.398693 1
0.701272 2.924361 1.087096 -1.225194 23.029171 5.952585 -0.188939 1
0.367183 -0.001190 -0.473137 1.419680 -1.269759 -8.039873 -3.759062 1
0.000000 -0.360412 0.626058 -0.137315 5.963069 31.693999 -7.356867 0
0.156405 -1.058653 1.467186 -0.954616 -1.246222 5.492101 -0.549067 1
0.000000 -1.033427 0.906037 -0.400543 -6.024782 1.658953 -10.875506 0
0.000000 0.472834 0.218138 -0.588761 1.647982 -4.181094 -4.215170 0
3.262700 -0.131504 0.279446 0.880839 1.058367 -1.069264 -5.023333 3
0.000000 0.772735 -6.268612 -0.031065 12.519681 -97.861298 -0.217638 0
0.298886 -0.114323 0.536021 1.373393 2.671825 3.772772 2.496656 1
0.512636 -0.394840 -0.594860 0.466325 0.221213 -12.908018 -6.482400 1
0.121466 1.846384 -2.442239 -2.953377 12.072246 -11.338734 -11.166212 1
2.237435 0.310246 0.335486 -0.219638 1.225632 22.796101 9.463373 4
0.283593 -0.043632 0.319404 0.748801 16.416734 11.034574 12.160200 1
0.114183 -1.345341 1.393412 0.136077 -7.864739 -0.291957 4.127397 1
0.387857 -0.583392 0.139663 -0.903713 0.101521 15.648559 -12.617737 1
0.102340 -0.786931 -1.097533 1.525625 -6.299009 -7.658627 0.433400 1
1.423034 1.337970 0.975236 -0.200135 3.871245 -8.036757 -2.408541 1
0.118440 0.310783 -0.444516 0.119477 -4.542718 4.243828 -17.216552 1
0.000000 0.950892 0.720825 3.176049 10.419109 6.631747 26.489043 0
0.115648 -0.275808 0.486871 1.315066 -4.916006 10.446592 -2.553644 1
0.335498 0.863378 -1.294993 -0.333709 6.993134 0.014359 -11.714258 1
0.109210 -0.373698 0.077994 0.234613 6.642338 4.647420 17.380751 1
0.000000 0.204713 0.596250 -0.823589 3.879149 11.802724 4.812399 0
0.438696 -0.261515 -0.753279 -0.944219 6.179383 2.442272 -8.305443 1
0.102783 -0.829717 -0.547246 0.936913 -13.037133 2.816448 4.013836 1
0.317653 0.603232 2.676098 -2.081114 -3.719706 17.216361 -7.031680 1
1.366624 -0.921200 0.673575 0.717629 1.142627 -5.062278 5.004973 2
0.135796 2.824042 -1.057749 0.550316 10.130334 -11.883658 2.909702 1
21.423378 0.050023 -0.279750 0.137286 11.797641 -1.105569 -7.202973 6
0.000000 0.503331 0.746116 -0.522387 10.770378 -0.137759 0.731787 0
0.210768 -0.424158 0.286337 0.643222 0.680619 11.065066 19.566778 1
0.087151 0.664151 -0.332865 3.102041 9.781776 -4.128998 15.149217 1
0.247564 -1.044446 -1.436205 -0.712536 -10.214923 -3.118628 -10.785643 1
0.118055 -0.048070 -0.356896 -1.742600 -5.934283 8.266267 -3.615385 1
0.000000 2.561282 -1.975266 -3.270830 17.010323 -12.833076 -19.066132 0
0.000000 -0.218706 0.336338 -0.060814 -24.809311 -6.491361 -5.220700 0
0.000000 5.113429 5.452084 -4.810610 78.959567 70.604636 -72.248763 0
0.000000 0.002686 0.680043 -0.230256 16.209713 -24.958574 -2.372582 0
0.180968 -0.241046 -0.764944 -0.519101 -1.667581 -12.850858 -9.149822 1
1.209883 -1.209006 0.533127 -0.142807 -15.906397 -1.696911 -6.742283 2
0.000000 0.591700 -0.182932 -0.227667 10.482638 -9.096696 1.342890 0
0.000000 0.383612 1.285002 -0.643645 5.793588 3.519085 -8.376194 0
0.556778 -0.356090 0.156552 1.063393 -9.202869 10.785485 14.073326 1
0.139284 -1.483350 0.403506 -1.686009 -17.075957 2.919562 -21.369714 1
0.478468 0.133770 1.105917 0.396709 3.224127 14.421964 0.690857 1
0.000000 0.264007 0.562951 -0.226108 9.264633 -15.370097 -17.172507 0
0.000000 0.653175 -0.104317 -0.249981 -5.249222 3.511191 6.785852 0
0.252788 -0.404530 0.463863 0.704151 -20.739542 1.772627 4.991824 1
1.145613 -0.872066 -1.443266 0.588602 -12.596652 -3.067334 -1.712308 1
0.388183 0.187266 1.559883 1.353466 2.806600 7.926200 -0.530799 1
0.000000 0.435573 1.174641 -0.839400 4.311756 2.970540 -10.763229 0
0.126740 -0.301457 -0.061422 0.126637 5.068240 -15.555499 -10.491626 1
0.000000 -0.188410 0.534310 -0.652617 -3.514308 11.912424 6.198936 0
0.198042 -1.659444 2.568566 0.223960 -13.030398 7.316810 4.618437 1
0.000000 -0.090332 0.851053 -0.457196 -24.545904 14.680587 3.771503 0
2.875375 -7.263292 -17.069473 21.121119 -92.263273 -219.548193 268.757425 3
0.376011 -1.344425 0.600955 0.074191 0.221572 10.645156 4.078752 1
0.000000 0.255179 0.534613 0.213888 -2.196436 -6.843580 -3.006070 0
3.726773 0.213940 0.958592 -0.476739 -5.026432 -5.410033 -14.512516 3
0.373816 -0.054549 0.404994 -0.465676 8.942996 -30.952991 -7.724215 1
0.000000 -0.321235 0.500777 -0.537835 8.495323 -6.740289 22.966662 0
0.263064 -0.085661 0.030499 0.603413 -14.035870 -0.838077 -5.101166 1
0.459762 -1.231113 0.672185 1.278896 3.883968 12.484071 8.162537 1
0.000000 -1.180253 0.387826 0.910800 -4.955008 4.227677 6.558023 0
0.000000 0.397257 -4.470958 10.103406 -0.125411 -34.828502 71.331127 0
0.000000 -1.237387 0.246347 0.125997 -8.364578 10.440956 -3.217984 0
0.396253 -0.290721 0.742328 0.011764 23.034328 14.457465 -6.596887 1
0.000000 0.246632 0.260332 -0.693219 1.174200 11.576872 -5.685462 0
0.000000 7.060837 -31.719637 2.906115 123.341920 -554.101887 51.664271 0
0.278430 -0.816246 -0.200502 0.145642 -1.412196 -13.379181 -9.143367 1
0.151503 -0.614347 -0.353777 -1.684288 -5.669724 7.117689 -6.148847 1
0.100432 0.048467 1.020416 0.147197 -19.790829 6.190679 2.882442 1
0.082624 -1.324886 0.361931 -0.384550 -3.436526 13.919757 -10.918553 1
0.114711 1.306874 -1.087318 -1.647134 1.241494 -11.006142 -2.268553 1
0.192666 -1.030703 0.185827 -1.234068 -13.926660 6.537258 1.491856 1
0.287114 1.012207 -1.617732 -0.107441 4.289890 -5.217437 -11.496390 1
0.585359 -0.466601 -0.232065 0.824048 -14.066729 -7.639612 -6.267955 1
0.000000 -0.123447 0.879872 -0.150834 -14.654593 7.780775 -22.239017 0
0.431641 0.686254 0.039045 -0.811397 -6.807753 15.009804 -1.656367 1
0.000000 -0.014224 -0.378783 -0.051284 17.606912 1.011853 -7.254833 0
0.323241 -0.511267 0.254324 -0.660345 -14.070322 19.662732 -4.129326 1
0.000000 -4.630892 5.105523 -4.482638 -48.450183 52.126477 -48.199179 0
0.000000 -0.076275 0.341100 -0.191920 6.208880 16.518882 27.059293 0
0.116547 -0.063373 -0.211187 0.157159 -2.359060 -23.520436 -5.874494 1
1.037862 -1.457726 0.038923 -0.058490 -16.303522 7.531716 -0.507992 2
0.374161 0.445624 -0.657281 0.089610 10.255124 3.178003 5.367596 1
0.000000 -0.830475 0.997995 -0.216625 1.963166 8.613081 -6.863695 0
0.192961 -0.219425 0.268835 -1.648656 -5.343005 -7.935139 -2.079685 1
0.000000 0.085922 0.242164 0.852113 3.100047 0.923687 -5.843593 0
0.181019 -1.204793 -0.363513 -0.410966 -6.872993 -5.664043 -11.953331 1
0.393969 1.880944 3.060104 0.632804 9.332886 20.937048 9.554555 1
0.000000 -4.871794 -16.161413 7.655192 -57.181612 -192.388831 89.674992 0
0.506972 -0.672782 -0.697541 -0.628060 -14.295624 -2.444870 3.190631 1
0.168852 0.226926 -0.205911 1.036428 -8.024191 12.951041 9.402891 1
0.000000 0.338695 1.003764 -0.876994 -6.314817 11.409439 -7.257108 0
0.836938 0.856885 -0.404832 -0.666020 -7.614283 7.779333 -6.259022 1
0.000000 -1.434996 0.147919 0.114099 -11.997218 8.448599 -3.084243 0
3.260868 1.708948 0.684700 0.630791 4.728446 2.285469 4.091755 2
0.151360 0.074962 -1.086467 2.193629 -9.622898 -5.985326 6.433754 1
0.000000 -0.202010 0.753067 -0.327536 12.775810 0.846823 10.712529 0
0.108928 1.286770 -0.578615 1.179783 1.088721 -12.035387 1.735829 1
0.090465 0.181579 0.843557 -0.715276 -11.951912 17.594919 -16.247907 1
0.531060 -0.445086 1.682531 2.448557 -9.241097 10.159149 5.906721 1
0.272013 -1.404921 0.165714 0.651243 -7.043807 -9.584717 -6.856999 1
0.000000 0.055497 1.200946 -0.175381 9.727338 6.889670 -0.865481 0
0.000000 -0.308231 0.569242 -0.730838 0.883977 -7.440759 3.567283 0
0.111702 -0.625968 0.621012 0.921805 6.121264 7.635996 16.863358 1
0.838080 0.118928 0.083136 0.348873 -13.953810 9.419969 -9.955361 3
0.826574 -1.185889 0.386168 0.857375 -8.735578 13.769660 9.872623 2
0.121123 -0.913158 0.630216 -1.183455 -5.280862 13.764841 -0.066142 1
0.604561 -0.506876 0.683582 1.013555 7.863567 -8.552880 9.540535 1
0.672200 0.238183 0.786837 1.681427 -9.510124 8.121035 7.603350 1
0.485099 0.464777 2.163184 1.003350 -1.162830 2.492607 6.709238 1
0.088968 -1.888608 0.847000 -0.063172 2.915907 7.994162 1.080052 1
0.000000 0.138143 0.054386 0.261652 3.918313 8.182312 4.661241 0
0.427499 0.684586 -1.037943 1.831336 10.371203 -6.604235 1.431119 1
0.148166 0.004274 -1.353289 -0.621610 -8.779175 -3.194605 0.742713 1
0.205405 -0.136799 -1.176892 -0.537307 1.092836 1.395537 5.330846 1
0.273438 0.382451 1.109315 -0.158671 -12.538131 15.632116 -6.629181 1
0.257004 0.971725 1.043483 -2.167287 2.270702 14.261757 -8.560274 1
0.083821 -0.421221 0.010565 0.744829 -0.215430 -5.940703 -7.112013 1
1.703642 -0.244359 -0.161143 0.667675 1.658025 7.261986 -13.357561 2
0.093338 0.247185 -0.795001 1.018058 2.033325 9.230354 -2.806190 1
0.097693 1.200130 -1.176050 1.557714 10.361402 -10.391961 11.786184 1
2.541981 0.538158 1.195026 0.232928 1.612683 10.748291 -9.481117 4
0.000000 -2.594255 12.252136 8.312795 -36.039058 171.645422 117.767799 0
0.000000 0.026949 0.990688 -0.407189 -15.194497 17.204698 -5.809188 0
8.640086 0.118293 0.655060 -0.735355 18.870864 -2.625101 -1.578724 10
0.081891 -0.833940 0.007514 -0.458583 -6.813109 4.780372 15.097209 1
0.111530 -0.556622 0.035190 2.128010 -0.076165 -3.071056 8.792331 1
0.000000 -0.395494 0.503488 -0.372614 9.382445 7.303075 -23.568274 0
0.000000 -0.476720 0.418387 -0.231364 -12.512215 19.223393 -17.370638 0
1.328004 -0.824336 -0.040131 0.026431 -11.427796 -5.180585 -7.503050 2
0.000000 -0.015353 0.547121 -0.302545 -21.382047 46.718165 -15.621039 0
0.286414 0.543546 0.645541 -0.220769 13.810491 0.155977 5.400934 1
0.108220 -0.631796 -0.891511 -0.550346 -13.630087 -6.040894 -7.756252 1
0.106446 1.234377 0.416034 -0.243974 1.603121 11.378430 -3.638564 1
1.618982 -1.037084 2.907653 -0.485611 -11.893747 10.269562 -6.785430 1
0.126190 0.488718 0.130069 0.015333 10.262587 16.021814 12.556451 1
0.000000 3.181842 -0.532362 -12.353427 40.335442 -7.599321 -154.269220 0
0.355266 -1.574103 1.501644 0.167408 -21.055888 17.571137 -0.158781 1
0.365762 -2.826117 -5.646888 -0.304673 -19.000063 -31.509069 -4.775910 1
0.000000 -0.754128 0.184363 -0.119352 -15.766807 -3.249301 -17.052709 0
0.100431 1.049718 -0.515944 0.816044 12.506212 7.948483 -3.906618 1
0.000000 -0.304537 0.313486 -0.248357 -26.415347 -4.008330 4.093456 0
0.000000 -0.281680 -0.369021 0.318492 8.006098 4.062955 -9.896581 0
0.500139 -1.557103 0.556338 -1.329484 -9.855644 12.094050 0.767674 1
0.175237 -0.803232 1.335902 -0.776415 -10.391311 -0.468041 0.464223 1
0.123696 -0.506311 -0.231169 0.606840 0.691458 -1.206665 5.950760 1
0.195281 -0.599502 -0.215169 -1.430847 -0.476674 9.926915 -6.520880 1
0.599939 -2.510942 -0.127269 -0.087629 -16.771982 6.277936 -8.821233 1
0.000000 -0.171746 0.740007 -0.493394 15.861468 -15.273895 -4.725604 0
0.200778 0.815778 -0.321272 0.073902 -9.200621 -10.261440 -1.733760 1
0.177472 -0.202062 -0.965325 -1.436828 -3.304901 6.553607 -12.198004 1
0.127855 0.604098 -1.229434 -0.010180 -0.585525 -0.918097 -8.245697 1
0.220526 -2.653952 -0.584947 4.455149 -25.597208 -5.439811 41.635875 1
0.000000 -0.099892 2.130570 -0.784824 -0.075551 30.553354 -10.940213 0
0.000000 0.186023 1.369674 -0.881004 5.909656 6.604322 -10.992846 0
0.169117 0.189370 -0.689800 -0.582563 3.874011 8.847678 9.381449 1
0.114784 -0.102393 -0.775704 -0.421740 3.423584 2.713696 -7.654823 1
0.000000 -0.096472 0.486253 -0.342092 -8.085640 -32.657138 11.289642 0
0.579415 -0.406657 0.230623 1.145037 12.614454 8.721248 11.918932 1
0.624848 1.632679 2.460838 0.609623 10.404422 14.648245 5.296362 1
0.000000 -0.250266 -0.385417 0.547069 9.134029 -10.833626 -8.405919 0
0.000000 -0.481983 0.331236 -0.284111 5.353827 11.667639 4.756504 0
0.310489 0.142547 0.168044 1.770829 2.909060 10.395266 12.200387 1
0.000000 -0.138841 0.544560 -0.178472 32.188324 6.961949 -21.719396 0
0.279294 -0.068443 0.099795 -0.961083 10.784666 5.400059 -15.204919 1
0.089763 -0.421095 0.479012 -0.863553 -4.034311 12.425040 7.009311 1
0.000000 -0.836884 0.731014 0.969254 -1.128017 -2.879996 1.604976 0
0.000000 1.152571 -0.165796 -0.055343 -0.179718 5.870471 -3.291527 0
0.000000 -0.061028 0.854292 -0.330563 -4.625463 29.930508 4.460621 0
0.087567 0.672708 1.270182 -0.117289 2.850343 -5.071925 1.214443 1
0.000000 -0.108991 0.786802 -0.416530 22.858751 10.067665 4.466369 0
0.122081 -0.790958 -0.124677 -0.540867 -17.733024 7.943661 3.213412 1
0.088452 -0.142563 0.339835 0.628104 -6.745624 19.774404 -4.017283 1
0.470758 -1.105880 -2.384010 0.671180 -2.882389 -5.217173 6.570389 1
0.000000 -0.131373 0.423668 -0.450682 14.963882 7.058041 -9.381976 0
0.163499 1.937552 -2.967977 -1.101437 13.632889 -16.049336 1.841454 1
0.080867 2.428417 2.100921 -2.766241 20.424781 15.945180 -10.907175 1
0.000000 -1.982720 0.194177 -0.406747 -15.659070 3.126761 -12.093897 0
0.155926 -1.495141 0.495278 0.823700 -1.717620 -6.512236 -0.278344 1
0.000000 0.053990 0.395946 0.360594 7.505668 8.894198 6.705026 0
0.000000 -0.142074 0.570266 -0.266836 46.642454 40.316792 -9.286006 0
0.169911 0.043473 0.243890 0.474731 -7.883921 5.376151 14.575629 1
0.113329 0.943067 0.938705 1.002804 -2.553353 1.247450 12.929442 1
0.309991 1.758575 -2.152768 -1.446388 6.891725 -15.165739 -11.558572 2
0.594225 0.084272 1.244209 0.206028 -2.274922 23.992963 0.220732 1
0.085164 -0.807704 0.182131 0.796348 2.054448 3.464659 11.595178 1
0.000000 0.010171 0.900211 0.502223 2.658261 9.248554 13.068358 0
0.000000 -0.235615 0.294366 0.114954 -3.116775 -14.804308 3.047715 0
0.234649 1.096638 -0.612858 0.324063 13.465880 4.813171 -4.530467 1
0.487672 0.704839 -0.123903 1.392985 3.799566 -2.873046 7.077293 1
0.223182 -1.263645 -0.045049 -0.029690 -11.606869 9.781956 4.054966 1
2.476904 -0.344275 0.056537 -0.942125 7.782421 18.214052 -4.335648 1
0.000000 -0.253754 0.461918 -0.257117 5.362182 -10.035287 -24.855514 0
0.230397 -0.832654 0.323627 -0.164564 -13.039199 13.351228 -9.341582 1
0.689100 3.205246 1.848577 -2.264514 19.951789 6.667499 -8.650372 1
0.815528 -3.562121 0.442803 0.153695 -20.889415 -2.705575 4.994641 1
0.000000 -0.085987 0.805437 -0.145834 8.738428 -10.760232 -1.912102 0
0.542296 2.692614 -0.999851 -0.530613 7.020959 -6.882221 0.262632 1
0.146522 -1.304325 -0.340159 -0.327389 -15.021597 -6.890775 -14.668521 1
0.256037 -1.026479 -0.646884 -0.685579 6.117637 -7.839683 1.815585 1
1.156996 -0.381587 0.583725 0.912882 5.704103 14.177684 -10.547143 2
0.000000 -1.163934 -0.105684 1.020093 -15.435112 -1.645027 10.881404 0
0.000000 -1.035771 1.173818 0.266369 -0.666631 2.800306 3.685217 0
0.178446 -0.133016 0.949318 0.431993 13.072769 -5.205011 -5.502951 1
0.083374 0.118725 0.047868 0.109160 -11.587420 12.802128 16.644903 1
0.376685 -0.157959 0.121080 0.626352 0.931409 8.478930 -17.853629 1
0.585808 -0.833968 -1.239279 0.842369 -10.220961 1.634935 7.060428 1
0.102075 0.118024 0.937140 -0.559717 -8.475635 -4.705664 -20.627218 1
0.086694 1.886489 1.663799 0.211027 11.244353 6.752606 6.372603 1
0.000000 0.335394 0.920385 0.122202 -0.802980 -0.335465 -2.506579 0
1.034071 -1.102076 0.399292 0.017321 -2.780477 3.073606 13.387745 2
0.000000 0.171272 0.635084 -0.079052 6.386814 27.389220 -7.382028 0
1.134901 -1.311378 0.753838 -1.210568 -10.942759 11.272315 -14.552975 2
0.000000 0.244952 0.542702 -0.136345 -23.697550 9.053725 2.679234 0
0.000000 0.245212 0.381444 -0.631252 -3.233828 3.833978 15.209840 0
0.472835 -1.463067 0.189309 1.573783 -13.893647 1.550398 -1.431946 1
0.672168 -2.637393 1.072036 0.931921 -13.650727 0.454559 12.749282 1
0.208490 -1.862716 -1.625290 -0.339969 -3.316498 -9.891190 -1.297811 1
0.292610 -1.035046 2.393769 1.099558 1.310086 14.959320 12.058812 1
0.000000 -0.543483 0.567570 -1.398424 -5.754153 3.693217 -13.972138 0
0.000000 -0.324736 0.235538 -0.321477 -4.416712 -17.742123 8.869076 0
0.000000 0.148071 0.066277 0.180619 1.422698 9.247953 -2.070148 0
1.410354 -1.798603 -0.143549 0.969530 -12.739792 0.673028 6.314906 2
0.247245 -2.388250 -0.494823 1.613287 -17.488638 2.334189 7.706705 1
2.937998 -2.910780 -0.996313 0.620435 -10.220131 -6.934224 9.619195 1
0.000000 -0.880969 0.089646 -0.394899 -8.744120 14.999565 -2.595100 0
0.000000 -0.289669 0.898465 -0.221872 16.714058 10.677374 -12.500326 0
0.186332 1.327590 -0.183403 -1.192823 4.431752 3.521906 0.979178 1
2.552609 0.113473 1.021833 0.388145 12.481523 -3.208552 1.592155 4
0.087521 -0.266573 0.240078 -0.544642 -0.860552 7.208318 -29.014954 1
0.000000 -1.320466 -0.152230 0.050608 -15.894823 11.522620 3.470954 0
1.609664 0.693309 0.775679 -0.256108 -8.005122 2.020564 -8.471448 2
2.506229 -0.359247 1.444854 -0.130809 -13.019751 -5.218829 5.215143 1
0.000000 -0.358703 0.553904 -0.155201 10.594546 16.683696 19.588903 0
0.000000 0.021011 0.627642 -0.365084 -4.483027 -25.618052 -2.212792 0
0.000000 0.662140 4.081791 6.363969 13.669233 71.575432 123.205956 0
0.184780 1.756912 2.593072 -0.036258 3.259590 8.526522 -1.925082 1
0.000000 -0.170595 0.251428 -0.486410 -2.242277 20.428640 -2.259147 0
0.500571 2.806526 -0.582136 -1.712416 19.260036 4.316668 -8.437818 1
0.000000 0.406488 0.130544 -0.228840 8.585806 0.633549 -0.660008 0
0.121279 -0.364441 0.547971 -0.671396 -18.663083 16.065666 5.315641 1
0.000000 -2.826200 0.950218 2.553652 -47.085639 10.998204 45.265776 0
0.000000 -0.148478 0.107888 -0.047351 6.334382 -6.519466 -4.746824 0
0.000000 -0.792381 1.129380 0.135342 -10.662245 11.393243 -10.583502 0
0.000000 -0.117109 0.450427 -0.264370 23.162163 -1.439465 10.671933 0
0.092539 1.203694 -0.559323 -0.389676 -4.812557 -4.273400 7.121031 1
0.000000 -3.063613 -4.398793 0.227996 -18.747329 -26.454911 -4.296432 0
0.435794 -1.405765 0.688450 -0.743952 -11.253987 5.119361 -11.171162 1
0.638978 -0.601399 -0.287083 0.701278 -1.947260 6.643675 15.144913 2
0.366428 -1.103717 0.158764 0.953196 2.871996 -4.823155 15.516649 1
0.000000 -0.213964 0.552522 -0.331010 -7.305054 -34.747649 -1.522017 0
1.082012 -0.071349 1.271424 0.876547 -5.070055 17.491542 4.266729 2
0.000000 -1.032378 0.623579 0.455123 5.968993 2.010108 1.731083 0
0.292083 0.359987 1.845659 0.739961 1.307538 -2.071205 10.719008 1
0.107699 -1.085017 1.504101 2.186729 -10.382229 1.244933 11.176727 1
0.744916 -0.341915 2.672518 0.464192 2.360365 14.131719 -1.181140 1
0.131940 -1.612813 2.205368 0.565877 -11.373705 6.038937 3.318702 1
0.104491 -1.699666 -0.296869 2.121081 -13.080046 3.566483 10.779084 1
0.000000 0.032325 0.539436 -0.315549 -13.134841 31.858252 -12.224897 0
0.652582 -0.635241 0.717724 -0.654344 9.226390 15.155613 -2.218754 3
0.144224 0.638021 3.157216 -0.502326 -2.102496 14.296067 4.471567 1
0.221063 -0.780270 0.110529 0.209498 -0.635367 -2.886262 13.065242 1
0.000000 -0.394007 -0.139510 0.605300 3.656264 10.774308 12.253171 0
2.985742 1.740204 0.068147 -0.126014 7.120067 12.722378 -6.341172 1
0.000000 -0.360454 0.344647 -0.173317 4.601794 -4.685145 -16.641772 0
0.000000 -1.107340 0.651143 -0.730965 -0.139454 12.934110 -5.318896 0
0.374741 1.253195 0.554304 -0.587777 3.213489 2.060818 -11.245995 2
0.000000 -0.189912 0.197614 -0.065826 -1.897545 2.633923 -24.366183 0
0.254317 -1.310718 -0.017364 -1.060344 -0.107922 -6.388711 4.618542 1
0.000000 -0.526678 0.758567 -0.467011 -13.652163 -7.449690 -7.376201 0
0.416651 -2.670604 -0.338434 -0.423667 -9.633798 -5.545034 -5.578078 1
0.151008 -0.185660 1.695227 1.614976 1.022896 1.814152 -0.222257 1
0.000000 0.071993 0.505730 -0.440609 -6.539882 -4.790132 19.166420 0
0.141965 1.640132 0.414859 3.653427 4.834348 -0.682438 22.166025 1
0.120024 -1.114874 0.981942 -0.100492 -8.001997 9.736302 -12.426664 1
0.182852 1.703597 -0.806782 0.020981 12.408635 2.482740 -2.580497 1
0.189724 -1.081116 1.232185 -0.674202 -6.058035 5.448856 1.912033 1
0.150160 -0.479674 -1.373504 1.816141 -8.535423 -7.215952 9.224086 1
1.373741 -4.061287 -0.473588 1.835077 -19.907634 2.342614 8.687442 1
0.000000 0.060804 0.839961 -0.537910 4.048269 -7.943758 8.097649 0
0.170281 0.386351 1.125510 0.437112 16.854660 11.873189 -7.367310 1
1.505698 0.539163 -0.056599 -0.206683 12.732292 -4.182210 -12.255906 1
0.360047 -0.845079 -0.020130 -0.440337 9.013835 -1.584370 2.587058 1
0.588861 -0.938476 0.583215 0.435623 -3.657464 19.438032 7.449629 1
0.381565 -1.101940 0.665962 0.800221 -2.770677 21.497242 -1.078910 1
0.000000 0.055914 0.597330 -0.120855 7.186670 21.835175 14.362802 0
0.000000 0.015957 0.074432 -0.721837 5.603273 1.959271 1.483875 0
0.215498 2.956286 -2.127377 0.774961 16.285951 -5.746243 0.730953 1
0.000000 -0.187489 0.859285 -0.139346 -8.289025 9.742868 18.169623 0
0.000000 -0.559756 0.532789 0.615758 5.199911 -3.837265 7.364720 0
0.000000 -0.235315 0.466310 -0.168217 -10.709798 -2.365850 -20.866166 0
0.408569 0.623523 0.413914 -0.470122 3.946107 17.153915 -12.579741 1
0.000000 -0.223019 0.560061 -0.300972 -2.521790 -26.713675 4.237933 0
0.205030 1.994163 -1.184122 -0.269777 5.774500 -7.582965 -4.913322 1
0.000000 0.283472 0.743613 -0.424804 12.313363 5.837608 -11.406564 0
1.704172 0.319551 -0.475176 -1.619916 -3.761850 7.268454 -1.927011 1
0.208973 0.588262 0.702319 -0.838329 -4.746618 -7.593076 6.408690 1
4.631110 -1.234479 1.175295 1.417806 0.269387 -3.343036 8.887299 1
0.000000 -0.096295 0.018067 0.554441 0.203409 13.756717 -0.715285 0
0.169606 0.541241 1.110406 0.026116 -6.290076 2.610504 -12.949871 1
0.567692 -1.639125 -0.757196 -0.384950 -6.048130 -9.065614 4.616248 1
0.214292 -0.880788 0.565812 1.884358 -12.110161 8.881541 6.653200 1
0.450345 0.480001 1.177179 0.329850 14.139727 12.983809 -0.332511 1
0.000000 0.430760 0.030031 -0.029210 1.689619 3.598552 -9.756119 0
0.000000 -0.584381 0.438280 0.122619 11.097436 -7.525255 -0.100160 0
0.123163 1.064849 -1.154105 -2.306262 2.327311 -7.306409 -6.216310 1
0.000000 -0.241926 -3.538296 -2.214167 3.531869 -46.231146 -29.490892 0
0.387333 -0.809523 0.590232 0.733604 -10.566854 -11.314763 4.532572 1
0.000000 -0.405735 0.235597 -0.673251 10.910165 3.222354 -16.193694 0
0.000000 0.124503 -0.217593 0.296308 -10.276176 8.808629 1.982350 0
1.575080 -0.113934 0.929164 1.333062 3.606527 -6.305114 8.366088 1
0.000000 -0.337829 -0.245602 0.002767 -5.637568 -8.017112 -14.033312 0
0.000000 0.027614 1.513510 -0.332231 7.994209 2.387563 -5.851111 0
0.000000 0.046286 1.146151 -0.812914 6.528419 7.829738 -8.474108 0
0.184902 -0.125553 1.398901 -0.023730 10.127416 17.434753 -6.777568 1
0.348863 -0.295460 1.416840 -0.196291 16.015732 4.581550 -5.853229 1
0.127948 0.162915 -0.837931 1.301163 -8.597061 -4.784970 3.146058 1
0.127545 1.127829 0.733912 2.724161 0.186550 10.531018 13.664421 1
0.089378 0.823859 0.451842 0.416341 -3.075302 -9.136477 -6.096882 1
0.220514 0.150789 0.216064 -0.786439 -12.883636 0.439986 -17.911946 1
0.195396 -0.218558 -0.645648 -0.477261 -16.895001 2.638018 -7.580917 1
0.000000 -4.552251 0.149984 0.719899 -36.119795 4.820678 1.413153 0
0.000000 -0.153695 0.489864 -0.345706 45.329323 -9.991150 8.906134 0
0.000000 0.433326 0.109881 -0.217094 13.778303 5.532603 -14.804003 0
0.000000 0.126633 0.062427 -0.355331 -9.028593 -1.719287 7.677349 0
0.642375 0.147330 -0.315265 0.100114 -11.436033 -6.340498 -6.345029 2
1.288776 -0.932545 -0.108892 0.057380 9.709103 2.939379 4.306367 1
0.000000 -0.224760 0.341896 0.169975 6.872070 10.612484 6.807118 0
0.482430 -0.630119 0.591940 0.189716 -12.604109 -15.292427 -3.144806 2
0.130333 0.130648 0.960110 -0.001694 9.684736 -8.839530 -8.790035 1
0.000000 -2.390591 -0.037895 -1.205212 -18.387720 -0.064151 -8.422900 0
0.000000 -0.181276 0.548111 -0.188123 30.615486 5.479283 31.167122 0
0.000000 -1.372747 9.092488 2.118280 -6.886710 60.898611 16.454522 0
0.551803 -0.596034 -0.232960 0.446301 14.961254 5.179964 2.787184 1
0.000000 -0.217359 0.468250 -0.338752 -32.043327 27.705018 -12.049741 0
0.367063 -1.082490 -0.340378 -0.063626 3.916270 -6.457781 7.434393 1
0.000000 -0.283296 0.630783 -0.110383 -3.194446 -3.875166 15.925523 0
1.059412 0.458415 0.220382 -0.122623 0.986959 8.376487 -20.478487 2
0.000000 -0.500316 0.468069 -0.348997 2.373340 -16.666714 -5.180867 0
0.202812 1.598906 0.721183 -0.809832 10.020172 3.095431 7.906243 1
0.000000 0.107213 0.500385 0.333383 -6.256916 -5.465317 -9.869358 0
0.206856 -0.422668 -3.487948 -1.786816 -8.106444 -20.670057 -10.283933 1
0.000000 -0.339877 0.071529 -0.272398 -9.833632 3.288558 3.095943 0
0.000000 0.128970 -0.201040 -0.123468 21.882586 3.329694 -12.296203 0
0.094435 -0.416123 0.792235 0.527431 -4.027680 12.710992 -15.784569 1
0.000000 -0.175593 0.643330 -0.203856 8.167665 -1.529438 12.572282 0
0.000000 -0.227080 0.539010 0.045618 -25.358501 -0.445672 -9.430432 0
0.087582 -0.560615 0.604652 -0.044923 5.435175 18.940024 12.228481 1
1.378238 0.328616 -0.075878 0.343501 17.529719 -4.646625 0.433439 2
0.000000 0.255581 0.240330 -0.323699 -1.741242 2.174553 -15.976506 0
0.093662 -0.252000 0.174404 1.120506 4.679758 -10.577251 -3.886572 1
1.055006 -0.756254 0.413147 0.200276 9.070216 -6.132002 13.937347 1
0.290595 0.143188 0.532218 1.375044 -9.433650 14.907626 7.414219 1
0.226020 1.002601 -2.393368 4.171333 10.939103 -12.286344 21.355662 1
0.000000 0.340105 -0.544514 0.175103 -5.530881 1.533859 -4.459600 0
0.504080 -0.279523 0.250093 0.911046 -13.728983 11.424996 6.700995 1
0.133644 -0.919701 -0.679306 -2.872752 -9.411292 -10.861200 -14.292249 1
0.000000 -0.425132 0.618109 -0.641860 12.897555 12.166951 -7.485048 0
0.102733 0.351187 0.055924 0.925061 -5.310874 -4.677935 2.966741 1
0.000000 -0.243090 1.221274 -0.357510 1.923225 8.441048 7.505942 0
0.170184 -0.653025 -0.375872 -1.405532 2.792683 10.973511 -4.692922 1
0.080956 0.977036 2.085810 -0.621296 -1.315565 12.204316 -5.205136 1
0.171393 -0.764954 1.329969 0.012382 0.169055 -3.678417 -10.119002 1
0.000000 -0.239245 0.417474 -0.262146 -25.462978 1.880069 9.988447 0
0.000000 -0.002968 0.257275 -0.234249 4.082993 -4.038921 8.780478 0
0.707610 -0.635643 0.773534 1.802252 -5.881573 6.974232 3.618887 1
0.161798 -1.758489 1.064684 -0.699789 -14.605533 10.787471 -7.920219 1
0.495528 -1.749541 2.525902 0.680000 -5.761537 5.596403 0.526281 1
0.081729 0.552885 0.901515 1.292643 -9.293619 6.812651 9.515125 1
0.000000 -0.256339 0.935072 -0.403087 -23.730425 16.202436 7.621961 0
0.189760 0.332546 0.682082 0.346909 7.624941 15.564180 -2.876789 1
0.266191 1.169188 0.558912 0.896594 -5.648246 -0.510879 5.212737 2
2.255952 -1.437356 1.001912 0.168509 -9.404449 0.130392 -1.917641 2
0.000000 0.548820 0.777470 -1.056713 -0.087362 0.686193 -2.876319 0
0.000000 -0.558151 0.649403 -0.305307 -9.088907 22.254535 1.687203 0
0.000000 0.315824 0.935194 -0.337798 20.931746 -0.157977 -15.221692 0
0.094543 -0.995451 1.069495 -2.174662 3.973551 9.973713 -8.098321 1
0.093801 0.431085 -0.567905 -0.573269 -8.653644 3.443834 -13.884142 1
0.259589 1.237259 0.742616 0.009699 4.849376 4.510007 -7.283429 1
0.000000 -0.232309 0.667930 0.445082 -3.517709 1.775269 6.702720 0
0.597086 -1.244515 1.637319 -0.205656 3.112717 12.529864 -1.582105 1
0.000000 0.135415 0.383485 -0.343358 3.920702 8.735624 19.841425 0
0.409757 -0.842827 0.209140 1.605093 -13.848358 11.603829 4.088935 1
0.703460 0.290138 0.433309 0.664120 12.886555 -9.246293 -4.875962 1
0.000000 -0.523806 0.045429 -0.354369 4.247508 13.224068 -3.523019 0
0.592856 0.638447 1.176801 0.494289 -5.163147 18.356931 -4.914277 1
0.598064 -0.600738 -1.205499 1.282249 -11.259192 -14.034626 5.633098 1
0.000000 -0.324577 0.351895 -0.650421 12.943578 10.668297 -10.929407 0
0.000000 0.619004 1.192523 0.374598 4.632255 7.297545 1.391485 0
0.107798 -1.346649 1.597213 0.029198 -1.554933 6.066168 -4.181493 1
1.282747 0.606851 -0.816694 -1.012679 8.485063 4.536271 -9.034404 1
0.179704 -0.674809 0.405752 0.950759 -9.493243 17.399798 6.897622 1
0.226650 -0.241014 -0.725929 0.219980 -12.005995 2.690963 -4.538414 1
0.000000 -0.190435 0.670522 -0.166531 14.059648 25.556498 4.211756 0
0.000000 -0.483686 0.846193 -0.915203 4.219236 15.319709 -2.640998 0
0.590465 -0.179288 1.150240 -0.304913 -11.591271 4.273914 -14.717289 1
0.323997 -0.400414 2.827958 -1.599635 -3.044780 19.179741 -1.478948 1
0.080856 0.901226 -0.709705 1.292701 8.801601 6.952679 -0.180676 1
0.143920 0.103169 1.217969 0.136571 -3.589092 -12.922578 1.835224 1
0.128165 0.791305 0.877876 0.532693 -9.513251 10.275795 1.845827 1
0.000000 -0.252477 1.004473 -0.011557 -1.851279 6.865460 -5.752351 0
0.145470 -0.267002 0.683522 -1.171779 13.514565 -3.108424 1.775341 1
0.000000 0.040064 0.234403 -0.196501 -4.956161 -9.358323 -7.219738 0
0.587126 2.144419 -1.111778 -1.898679 16.270828 -10.149735 -3.936749 1
0.235289 -0.500562 0.911582 -1.339776 4.705823 8.944870 -26.575502 1
0.569180 -0.632091 -0.415131 -0.362437 -13.534862 12.908109 -4.028000 1
7.294495 -1.118472 0.542850 0.629212 -5.864089 3.351727 -11.052174 2
0.773766 -0.036859 0.696276 0.437698 -2.573047 22.157173 2.752989 2
0.543855 2.204423 -0.742495 0.288417 10.636982 -6.520082 6.562741 1
0.236315 2.373531 3.150973 -2.000718 15.339472 24.721586 -6.550779 1
0.000000 -0.242536 0.443440 0.901660 -6.459301 6.323214 12.975511 0
0.109437 -1.135722 -0.502561 -0.459991 -9.828407 8.973629 -12.968647 1
0.000000 -0.732399 0.498830 -0.347148 -7.024234 12.030849 6.638955 0
0.000000 0.204718 0.740296 0.220406 -9.424405 13.145347 -6.774683 0
0.556263 -1.012243 0.529876 -0.074293 -16.157267 13.843589 -3.907424 2
0.624303 -0.737890 0.202561 -0.078796 6.480100 17.271641 9.169549 1
0.000000 -0.229773 0.418010 -0.411543 17.223987 24.857201 -20.914069 0
0.000000 -0.508472 -0.644159 -0.198327 -7.571553 -1.256081 -5.158272 0
0.126609 -0.438787 -0.419159 1.135214 8.426728 10.005856 5.384122 1
0.000000 -1.414195 1.019005 0.159904 -4.573845 -6.139681 -2.504987 0
0.887808 1.118779 -1.600088 0.220291 1.316255 0.296861 1.173613 1
0.000000 0.005184 -0.308449 -0.502115 11.584337 7.387195 8.077586 0
0.000000 -0.700716 2.016719 -0.232264 5.478172 10.854958 -8.076429 0
0.126531 -0.134468 0.698512 0.673828 -15.775719 6.650984 -5.061539 1
0.000000 -0.685937 0.000138 0.511750 -0.111880 -0.404726 5.895217 0
0.342997 0.223147 0.024994 -0.295453 -20.978239 11.994407 0.841543 1
1.141486 -0.304833 0.698304 -0.252733 -9.117981 -13.063238 -31.850019 1
0.181571 -0.031824 0.324959 0.859151 1.696459 3.671881 1.463885 1
0.271737 0.607461 0.023514 0.476215 3.532579 4.238569 -6.180125 1
0.000000 -0.324173 1.274243 -0.437477 11.780106 11.322320 -9.313007 0
0.000000 -0.515020 0.921437 -0.013637 -17.950011 7.989864 -2.282703 0
0.370942 -0.893763 0.294651 0.460309 -20.335207 7.814530 -3.557344 2
0.000000 -0.014185 0.855014 -0.569825 -2.337391 2.862016 9.505373 0
0.000000 -0.870213 1.611669 -0.032056 -5.528366 16.368786 2.669860 0
0.000000 0.920726 0.767620 1.565818 1.938028 14.817472 7.956649 0
0.178200 -2.512334 -0.479425 -0.015562 -5.613672 3.964083 0.886831 1
0.269147 -1.083807 -0.222322 -0.255674 -8.172103 18.393101 -2.026391 1
0.000000 0.691914 0.083720 0.593421 20.732611 2.393474 -2.451142 0
0.195759 0.190244 -1.607142 1.069585 -4.666268 -7.704458 -1.401697 1
0.310560 0.342987 -0.008499 -0.044397 -10.286313 0.816508 -11.695217 1
0.000000 0.093596 0.544138 -0.496125 -9.496182 -6.946372 9.316595 0
0.130606 0.124397 1.175794 -0.623246 0.422797 20.325792 -2.872154 1
0.180981 0.408501 3.209538 2.300236 -0.620311 20.992407 14.837482 1
0.000000 0.608138 -0.615660 -1.415432 3.297931 2.130305 -8.143667 0
0.000000 -0.812216 0.076575 0.088059 1.821614 -5.714114 -3.236365 0
0.337684 0.429864 0.327886 1.945617 3.857168 -5.452335 2.492623 1
0.000000 -1.689234 0.817522 0.942808 -3.309049 -3.255878 7.288796 0
0.000000 0.038489 0.178672 -0.072764 16.038447 13.966708 -13.610028 0
0.107057 -0.480943 0.355867 1.581201 0.543532 17.189619 10.358217 1
0.000000 -0.285134 0.638932 -0.273971 -2.613482 -7.561832 -24.086592 0
0.000000 -0.229279 0.670071 -0.681258 24.188332 7.897239 -7.228644 0
0.148499 1.699668 0.586300 -1.406892 1.641456 -2.553012 -3.831727 1
0.000000 3.681298 -5.684398 10.153060 47.423545 -73.911697 128.104085 0
0.000000 0.132120 0.924404 0.214653 5.898896 -7.918233 -0.809152 0
0.000000 2.721444 -6.759807 2.169154 34.640527 -86.635633 26.146993 0
0.000000 -0.022561 0.591423 0.097348 -2.195094 21.354980 13.120623 0
2.752555 -0.019290 1.030772 -1.490953 -3.900342 6.752140 1.279685 1
0.000000 0.096999 0.035560 -0.326727 7.012879 -6.069519 -17.547039 0
0.104305 -0.706959 0.626406 0.621887 15.359602 -0.306467 4.758529 1
0.144490 0.740372 1.290783 -1.169231 -7.014549 4.549543 -8.783188 1
0.000000 0.055879 0.578285 -0.473518 -9.450231 12.593808 13.378007 0
0.144851 0.709718 0.381105 1.049425 8.934990 -3.891531 -4.889918 1
0.132290 -1.139721 0.446173 1.501645 -11.998591 10.862625 -1.048724 1
0.000000 -0.156717 0.209341 0.511591 -3.360312 18.540166 4.194636 0
0.000000 3.649088 -0.202007 0.111477 25.787934 -4.574541 1.225360 0
0.000000 -0.705970 0.878313 -0.971959 -6.442625 8.005467 -10.592577 0
0.691052 -0.805183 -0.919358 0.099242 3.802858 -5.804229 -0.459827 1
0.123125 -2.547612 -1.220819 -1.238821 -11.371769 -0.075197 -4.888473 1
0.000000 -0.151021 0.457345 -0.424963 7.305547 -9.836932 18.315290 0
0.000000 -0.091246 0.520907 -0.265556 -61.582689 -56.376704 -22.175140 0
0.088000 0.333839 0.561953 -0.129811 -8.815781 5.241980 -21.314483 1
0.000000 5.013977 -8.924389 0.595115 162.460174 -299.090036 25.898439 0
0.083960 -1.097055 -0.452503 1.472397 -9.199710 3.118843 5.665936 1
0.000000 1.388393 6.587145 6.751746 21.300257 93.733410 98.958257 0
0.000000 -2.808432 3.659826 -0.655616 -16.317559 20.300766 -10.835109 0
0.118415 -0.242472 -0.007081 -0.700944 18.163609 6.227550 -6.515014 1
0.123056 -0.550858 0.637812 1.038997 0.732139 13.990676 -0.240600 1
0.000000 0.061806 0.841134 0.215065 8.303104 -9.296682 0.532024 0
0.000000 0.286809 -0.042084 -0.652778 -0.829252 12.851929 2.609344 0
0.000000 -0.361778 0.490816 0.034568 -17.634577 -4.629865 2.256536 0
0.219520 -1.137452 -0.010583 -0.213842 7.038205 9.092519 -9.344805 1
0.000000 -0.749498 -0.991387 1.361166 -1.256315 5.472299 1.423057 0
0.000000 0.717799 1.008226 0.425078 0.625670 12.396097 -3.224746 0
0.193296 0.291772 0.408788 1.156967 -1.318005 18.896099 3.150654 1
3.348174 -0.175708 -0.858004 0.142716 3.811821 1.141369 12.208394 2
1.417540 1.718499 1.768574 -0.135676 3.910640 2.575118 4.491223 1
0.000000 0.383212 0.630281 -0.932154 -6.083286 8.814911 -8.380085 0
0.189420 1.144455 1.337479 1.287537 13.866608 15.163488 5.544205 1
0.000000 -0.105079 0.579430 -0.408235 -14.580324 27.496761 -20.583470 0
0.000000 -0.623376 0.407999 -0.462332 -7.588088 2.670327 -11.303344 0
0.092091 0.378734 0.046084 0.069099 -6.076190 6.974372 -17.380602 1
0.486369 0.507938 -0.605949 0.111185 -7.512609 -0.057459 5.870301 1
0.000000 -0.273741 0.365194 -0.350553 24.418912 12.498685 7.700869 0
0.000000 -0.236586 0.561243 -0.339210 -8.634733 34.548617 25.509060 0
0.000000 0.485314 1.220591 0.205148 2.909805 4.860731 -12.537956 0
0.000000 0.111561 0.594115 -0.189368 -2.802435 -3.639687 -14.995876 0
0.000000 -0.110521 0.627291 -0.579742 -24.636907 -15.065670 -0.360753 0
0.000000 -0.375148 -0.309116 0.111822 -8.002840 -21.313894 7.878626 0
0.000000 0.245480 0.420168 -0.065305 7.856197 1.429291 -21.688525 0
2.596189 -2.439589 -2.006439 -0.418164 -13.291158 -8.689850 3.601763 1
0.000000 -0.205602 -0.410963 0.029008 -6.326843 -3.156635 0.352457 0
0.000000 -0.136321 0.004507 -0.037606 9.465313 6.370815 -15.040742 0
0.000000 0.045541 0.138855 -0.025860 9.930687 4.473505 -11.567215 0
0.109886 0.300742 0.624324 -0.087311 9.040935 24.297352 -5.368582 1
0.000000 -1.583191 2.438438 -1.426408 -4.384555 16.265477 -4.267978 0
0.307529 -1.326795 -1.403978 -1.996409 -2.707991 -8.675050 -2.887892 1
0.224214 -0.615547 0.042798 -2.633581 3.485076 -6.657350 -12.887542 1
0.000000 -2.668466 6.152446 1.456578 -36.109983 82.807354 19.895913 0
0.121886 0.153293 -0.379395 0.838775 -2.326451 8.103102 10.024542 1
2.036878 2.094187 -1.547921 -0.628840 3.811418 -4.741416 -6.212162 1
0.000000 -0.101907 0.905840 0.095020 -7.972345 13.734899 0.295397 0
0.087214 -1.105913 -2.055486 -1.079482 -0.152730 -8.532280 1.259361 1
0.000000 0.063581 0.869851 -0.020615 9.320163 -6.475312 -4.023124 0
0.000000 -0.250450 0.739685 -0.564184 -5.441959 14.545363 -2.667942 0
1.195467 -0.106666 1.089358 -0.605462 4.254838 5.304227 -20.202071 1
0.124532 0.553943 0.915926 -0.251492 -1.544453 18.325376 -11.447144 1
0.239527 -1.064006 -0.146945 -0.200225 -4.493824 -5.097554 -9.422917 1
0.513647 -0.049339 -0.292268 -0.147015 -8.916900 2.261495 -12.438645 1
2.322161 0.598977 0.005304 -1.022586 6.201505 8.591685 6.959469 1
0.000000 -2.561239 0.223065 -1.195039 -7.531636 -4.540213 -4.267843 0
0.000000 -0.694445 4.076064 -0.181452 -5.434800 25.544484 -1.799355 0
0.187473 -0.371697 0.955289 1.132038 0.219407 13.445295 14.455106 1
0.080411 -1.197882 1.419454 0.973261 -0.143343 -0.299423 -0.835428 1
0.000000 -0.333467 0.631159 -0.163328 11.880831 -8.501758 -12.862314 0
0.000000 -2.335713 0.848290 0.437640 -31.802661 8.874705 4.580594 0
1.039799 -0.315308 0.900704 1.151446 -11.572876 7.148610 2.550103 1
0.589256 0.286750 0.577417 -0.224832 -18.908979 7.320875 -16.213311 1
0.193774 -1.115033 -0.022005 0.837923 -7.050493 -15.200530 9.866210 1
0.204408 -0.247753 0.931830 0.454005 -10.150328 11.369420 -0.551428 1
0.203976 -1.219688 0.323822 -0.569967 3.204273 -1.501931 -13.893671 1
0.000000 -0.390004 0.519976 0.376654 9.184769 13.413688 -7.072382 0
0.224716 -0.070227 0.266912 1.900728 -7.140818 10.016407 5.630015 1
0.000000 -0.733845 0.590075 0.650549 -6.671314 9.691251 -10.604091 0
0.183623 0.842839 0.449372 -0.534132 -6.265941 0.216577 9.725897 1
0.000000 4.396300 -0.086447 -2.785081 54.195940 -2.098443 -34.849543 0
0.000000 -2.160576 2.337151 -0.495621 -24.621354 23.915024 -6.860219 0
0.205052 -1.352199 0.047797 0.975645 -6.253117 -11.769097 6.047344 1
0.256881 -0.574967 -0.666923 0.977490 -0.943200 5.599009 15.245301 1
0.383592 -0.191993 -0.694446 -0.907961 -5.547921 4.913442 -17.574825 1
0.115189 -1.288805 1.625015 0.656112 -4.199138 3.188168 15.590851 1
0.000000 -0.500993 0.920731 -0.657320 10.420899 2.199443 -4.312718 0
0.208231 -0.740057 0.217757 1.437083 -1.937317 -4.730485 2.698195 1
0.523071 -0.231145 0.370608 0.118423 5.674022 15.080276 -14.415922 1
0.460238 0.671851 0.034304 1.445150 9.443830 2.017804 -5.646904 1
0.500482 -0.255562 0.128820 0.039761 3.645524 -17.847351 -4.636909 1
0.190881 1.545487 0.453717 1.628773 13.805684 -2.282119 2.550787 1
0.095002 -0.311548 0.522591 0.061064 -1.779640 -17.973494 -16.714254 1
0.000000 -0.935593 0.303237 0.445351 -22.865662 6.977112 -6.716474 0
0.000000 -3.475988 0.820801 -0.736811 -23.616029 7.614424 -6.916227 0
0.639887 -0.308356 0.037658 -0.760738 16.439035 -2.059959 -6.195405 1
0.000000 2.218321 -5.726724 -12.374683 32.773869 -85.333284 -178.608665 0
0.000000 -0.195256 0.596913 -0.327578 1.724351 33.306445 20.554628 0
0.286232 -0.782579 0.033569 1.145211 -3.818874 9.566959 5.711904 1
0.111446 -0.972383 0.929124 0.340876 -0.546600 -0.630295 -9.941872 1
0.000000 -0.103690 0.593440 -0.246997 -51.102314 -9.588755 33.663190 0
0.000000 -0.232208 0.527413 -0.066749 -30.995360 -0.022446 7.355973 0
0.000000 0.090964 -0.187445 0.134257 3.557318 9.240274 -17.872968 0
0.000000 0.034881 0.633408 -0.812222 26.572445 -3.506501 -3.485415 0
1.166044 1.346587 0.836797 2.498314 3.987566 13.182456 13.442918 1
0.000000 -0.687528 0.543410 -0.431667 -18.073028 19.259709 -18.737076 0
0.396613 -0.721118 -1.098179 -1.122731 -7.713873 6.926056 -4.063943 1
0.000000 -0.055699 0.319017 -0.228190 14.437238 3.595472 8.757119 0
0.000000 0.691346 1.460245 -1.328541 4.511833 17.838697 -16.688785 0
2.532142 -0.616172 -0.232298 0.102604 14.638091 0.349370 2.833875 1
0.107929 0.046393 -0.041467 0.021811 -12.817377 -12.537446 -18.006780 1
0.167175 0.133928 0.741111 -0.046847 8.350982 28.663531 -6.958695 1
0.254952 1.631437 -0.434306 -1.060815 1.863875 6.698713 -6.743057 1
0.000000 0.832458 1.060740 0.296564 0.898962 9.737954 -10.827578 0
0.000000 0.396281 1.340920 0.745439 0.244206 20.431481 3.673541 0
0.121547 0.484953 -2.884493 -0.248404 -1.743610 -19.512748 -6.436368 1
0.000000 -0.104080 0.607213 -0.026946 -4.193034 29.155787 6.097642 0
0.000000 -0.515604 -0.761344 -0.449988 2.604752 -14.049736 -9.382047 0
0.000000 0.310082 0.333521 -0.264401 -6.565557 0.490356 -23.216863 0
0.272801 -0.077648 0.402138 0.242163 -19.842569 12.476835 -9.551978 1
0.000000 0.447117 0.206086 -0.330910 -0.410877 19.393563 -16.168196 0
0.000000 0.094943 0.433100 -0.209510 11.926981 -22.876281 -2.315494 0
0.000000 -0.203001 0.379325 -0.341583 15.773283 -5.511664 -5.946957 0
0.000000 -0.139079 0.510614 -0.342142 -38.445338 -25.309452 3.206383 0
0.109822 1.929690 0.122168 -0.584539 6.791554 -0.787622 -7.259307 1
1.950578 0.875656 0.078582 0.287656 9.981973 4.412616 -2.144510 1
0.085723 0.463524 0.661839 1.720247 1.251270 5.578258 10.082114 1
0.000000 -0.410946 0.230705 0.289740 -13.116402 -5.614142 -8.194994 0
0.410668 0.236276 0.226258 0.717719 4.493703 -12.869012 -7.411138 1
0.278253 0.068531 0.722172 0.645035 -4.425220 15.504347 -6.707854 1
0.000000 -0.320318 0.743340 -0.083056 5.378305 11.151443 -7.449891 0
0.191416 4.486951 1.042990 -0.315740 26.167262 12.242092 -3.449503 1
0.204516 1.177087 -0.307355 -0.521522 1.075013 5.016970 6.738997 1
0.119244 -0.411294 -0.556483 0.095825 -2.088502 -18.278161 -15.108399 1
0.394798 0.153575 0.589006 0.790839 -1.512177 14.749242 8.726938 1
0.000000 -2.821928 -10.540425 -1.969026 -51.915560 -203.353899 -34.898815 0
1.687457 2.062567 3.090496 0.493309 10.995671 11.838722 6.490604 1
0.000000 -0.117349 0.642380 -0.249989 -23.163793 35.698248 -4.307080 0
0.000000 -0.380209 0.714727 0.479415 11.033947 -1.971670 3.948764 0
0.835224 1.310144 0.855423 -0.016893 -5.076441 14.832683 1.625790 1
0.133760 -1.057517 0.078949 0.612279 3.927411 14.464464 6.629474 1
2.914902 1.828333 -4.866586 -0.609279 16.045463 -41.395826 -5.116888 1
0.000000 -0.767890 0.193476 -0.115818 -1.223387 16.621781 2.615331 0
0.000000 -0.416763 0.608656 -0.467826 -0.275260 25.531941 -2.986530 0
0.000000 -0.248643 0.209059 -0.325941 -6.157025 17.769273 -16.657541 0
0.000000 -0.161852 0.546480 -0.375104 -26.716059 -36.832120 -4.669752 0
0.000000 -0.122718 0.448713 -0.219839 -34.468832 -11.320378 25.611964 0
0.000000 0.213599 0.864473 -0.212022 -12.410503 23.262486 -3.376223 0
0.170390 -1.125066 0.184469 0.613391 -2.537226 -2.526505 -4.522002 1
0.000000 0.169625 -0.132272 0.369617 1.893764 3.444870 -10.433745 0
0.710018 -0.035378 0.919182 0.866029 1.942323 -5.575472 -4.653428 1
0.490174 -0.230578 0.949284 -0.403910 15.610905 9.147438 11.547104 1
0.000000 -1.498818 0.979815 0.458578 -12.698176 9.275158 -13.220857 0
0.191407 -1.733440 -0.880929 -1.863322 -1.328776 1.237219 -10.230755 1
0.086220 0.525127 0.194669 1.189334 -7.254918 2.185257 6.628654 1
0.000000 -0.237469 0.072100 -0.817274 5.158960 1.814003 0.137854 0
0.000000 -0.545426 0.027907 -0.587408 1.225272 -0.003551 -12.896113 0
0.000000 -0.801616 -0.244311 -0.711865 -3.940609 -3.549461 -14.028469 0
0.000000 0.374234 -0.005726 -1.005545 3.702435 7.741578 -7.058344 0
0.119733 0.017100 0.224722 -0.649270 7.703448 -2.674066 19.661267 1
0.155712 -0.023215 0.966875 0.034876 15.608036 15.687885 -20.132888 1
0.248140 1.472263 0.852065 0.433694 2.875127 8.451250 4.664036 1
0.211986 -1.121732 -1.462936 2.373538 -6.808680 -8.127715 4.507222 1
0.000000 -0.162780 0.554364 -0.296514 -4.196536 53.743209 46.518585 0
0.000000 -4.108118 7.333854 7.776706 -24.607696 44.513308 52.625514 0
0.364258 0.609919 0.411254 -0.043229 -0.690621 5.026562 -15.923432 2
0.081905 -0.444944 1.749484 0.380406 -3.742313 -2.501046 0.003600 1
0.000000 -0.904909 -0.488205 -0.227268 -1.229829 0.025519 -9.162686 0
0.000000 -0.727617 2.704889 -0.046053 -4.849730 20.444237 -1.543339 0
0.208666 0.147492 0.813285 1.159173 12.382304 9.479435 1.678937 1
0.338702 0.602328 -0.767070 1.515690 8.904019 2.344775 12.132944 1
0.000000 -0.647435 0.617084 -0.660933 -7.248001 -3.780613 -9.687601 0
0.261780 -0.297206 -1.616618 1.856441 -5.846253 -25.724637 27.030811 1
0.000000 -1.348560 -0.578425 0.088871 -12.382932 -7.874092 3.972305 0
0.000000 -0.985745 0.890855 1.125117 -5.611311 10.984164 4.267804 0
0.000000 -0.441081 -0.042360 0.808136 0.734923 -19.564225 0.087535 0
0.000000 0.001167 -0.999322 -0.506319 -0.343873 -1.103194 -2.875363 0
0.124445 -1.030595 1.090409 -0.644265 -9.747540 6.072303 -15.040743 1
0.000000 -1.349852 0.997895 -0.417130 -12.027313 7.705220 -5.887342 0
0.415176 0.150012 -0.533714 0.424775 -2.603708 7.860541 7.148796 1
0.878922 -0.541433 -0.454469 -0.126258 -4.798354 -3.410412 14.960198 1
0.094683 -0.379297 0.472287 -1.236212 1.904035 -7.667558 7.998330 1
3.025229 -0.257180 1.733145 -0.387270 10.446907 -0.940087 -3.873481 1
0.000000 -0.564364 -0.367090 0.642713 2.767777 6.896128 10.153760 0
1.385436 -2.283829 0.919060 0.722289 -4.849583 11.525656 4.829734 1
0.188343 0.812087 -0.232871 0.931001 -2.973881 3.334552 6.427542 1
0.000000 -0.662286 0.561724 0.060446 -1.727977 10.741733 4.969834 0
0.266901 1.610864 0.486773 0.661454 -1.482811 -5.933016 6.178416 1
0.352073 -0.460311 -0.131158 -0.360341 -9.593300 8.545970 16.599588 1
0.588656 1.028997 -0.871457 -1.518191 6.990022 -1.374924 -1.854537 1
0.000000 -0.348384 -7.439566 -9.543526 -4.413206 -113.295184 -141.456755 0
0.147682 0.983956 -0.354466 0.199766 -1.986075 -2.008607 13.126150 1
0.000000 0.062645 0.509972 -0.307007 -20.095784 0.883780 -20.297946 0
0.000000 -0.657049 -0.344619 0.689487 -8.141200 -7.005545 11.682991 0
0.141510 0.407164 0.300972 -0.168885 -18.222989 -1.859171 7.076431 1
0.000000 -0.013944 1.111906 -0.454068 -7.973647 -1.994859 -7.001402 0
1.115389 -0.629565 0.822540 0.700319 -10.929123 14.037277 0.568405 1
0.100224 2.367120 -1.729738 -0.585944 6.065851 -8.042837 -9.801796 1
3.043771 1.777994 -0.425545 -2.029856 7.069820 -1.821275 -3.292284 1
1.677124 0.135768 -0.011250 -0.214042 -6.913280 21.373325 -10.136050 1
0.154714 -1.653198 -0.717261 -0.534274 3.608040 -0.508297 -2.184350 1
0.000000 -0.119283 0.507860 2.331082 -1.628875 2.275871 87.421971 0
0.118595 -0.125985 0.382956 -0.066217 -20.269783 17.277243 -25.770037 1
0.000000 -1.144194 -0.301025 0.528595 -14.922196 -1.355565 -8.511363 0
0.156661 0.088384 0.016661 1.747842 0.433348 12.777412 3.172473 1
0.000000 0.006098 0.586381 -0.227574 -14.960591 8.186163 -28.461561 0
0.000000 -0.784902 0.257915 -0.797227 3.898702 0.212029 -5.328426 0
0.133107 0.663563 0.266751 0.691212 2.980437 3.609723 -2.643705 1
0.116244 -0.278525 -0.726409 -0.236237 -9.808717 8.987824 -2.118485 1
0.262815 -0.687498 -0.794502 -0.333856 -3.657900 4.704086 -10.767952 1
0.000000 -1.167341 0.459748 -0.068213 -2.062349 1.728723 14.034245 0
0.591538 0.186156 -1.535878 -2.012791 -4.475406 -4.763926 -14.997377 1
0.273814 0.250714 1.088898 -0.432816 2.114089 10.818015 -22.193225 1
0.000000 -1.041678 1.411362 0.913197 -10.946644 3.840578 0.292441 0
0.625099 -0.081927 0.976395 1.277106 -3.277133 16.167416 4.278338 1
0.953431 -1.256644 -0.701938 2.109615 -1.775373 -0.432774 11.521294 1
0.000000 -0.500706 0.572054 0.132426 10.827647 10.901638 -2.314864 0
0.000000 -1.146548 -0.299621 0.113763 -2.512080 3.544184 -7.635394 0
0.178332 2.683220 -0.224620 0.149042 16.288140 5.107323 5.955283 1
0.799338 -0.056281 -0.406859 -0.299830 6.431915 10.702913 -11.917891 2
1.884918 -1.258415 0.053503 0.614095 4.237552 0.360561 7.033528 1
0.093160 -0.541751 -0.407803 -0.291183 11.539580 6.174598 8.450160 1
0.000000 9.787183 3.633328 -9.040660 72.086685 24.746685 -65.253825 0
0.080850 1.864553 -2.018155 1.732123 3.218062 -13.677565 9.197766 1
0.277717 -0.049382 -2.298685 1.875474 0.901482 -3.735721 12.718098 1
0.000000 -0.124990 0.819627 -0.382449 9.361116 -22.591165 -11.994156 0
1.020862 -0.010160 -0.312610 0.022936 -16.500667 -0.306399 2.566520 1
0.000000 -0.692107 0.914267 -0.583851 5.671295 -1.892720 3.926996 0
0.410517 -0.578953 0.120384 0.773016 -17.742403 6.864797 -4.399163 1
0.000000 -2.601691 0.544022 1.380316 -17.847120 6.465548 1.521193 0
0.000000 0.049165 0.414014 -0.616831 8.870435 24.961923 5.160641 0
0.000000 -1.679644 0.167074 -0.206677 -14.887912 7.691430 0.870500 0
0.000000 -0.197059 0.713279 -0.228591 -19.605354 6.070508 -21.729577 0
0.291207 0.984238 0.528331 -0.900485 -1.038339 -0.129934 1.009975 1
0.780826 0.424207 2.191946 0.530086 -9.619183 10.331035 3.278530 1
0.000000 -0.038736 0.748931 0.029927 3.732346 0.382910 15.913686 0
0.111657 -0.513228 0.854354 0.409052 -18.491723 5.175812 -11.281232 1
0.000000 0.292618 0.817903 -0.588702 -5.330568 18.864196 2.729895 0
0.503658 -1.318669 1.094883 0.098553 -5.851368 9.922066 0.672155 1
0.266518 -0.348066 -0.857691 -1.054268 -12.884050 1.318885 0.099160 1
0.000000 0.689989 0.493780 -0.542909 17.432892 4.346091 -3.932106 0
0.000000 0.193288 0.806812 -0.344406 -7.732505 17.881457 -17.915962 0
0.081261 2.068636 0.137466 -0.030323 5.693113 -8.891110 -3.670986 1
0.000000 -3.917734 1.147228 -4.435863 -31.154258 8.252686 -36.838551 0
0.607244 -0.486065 2.290096 0.443035 2.422496 1.301216 -2.383287 1
0.000000 -0.328662 -0.022339 -2.021731 -14.329111 -26.299762 -94.774259 0
0.157175 -1.561204 -0.678747 1.772042 -19.652600 0.013549 4.378594 1
0.461733 0.276351 0.554007 -0.543978 -13.870117 17.583116 5.742811 2
0.000000 -0.325754 -0.040530 0.050466 7.864592 12.345087 -19.323826 0
0.140945 2.087625 0.925781 0.787775 3.673145 -1.706045 8.452978 1
0.288794 -0.666995 0.893282 0.069597 4.915515 -3.879166 5.729872 1
0.182724 -0.216320 -0.180768 -0.330162 17.028934 -8.663077 1.541863 1
0.115248 -1.243771 0.914852 0.577705 4.099740 -4.162927 3.487091 1
0.000000 -1.661671 2.050986 -1.954980 -45.209089 45.117766 -48.480664 0
0.292049 -0.570975 -0.672423 0.642451 10.949016 -2.705912 2.835892 1
0.000000 -1.318540 1.063783 2.757519 -3.947949 5.311718 15.308083 0
0.507219 -1.107681 -0.233366 1.272621 -3.358217 -14.318215 3.003670 1
0.000000 0.125175 0.452454 -0.221229 11.857529 -10.477256 28.436057 0
0.153073 1.541728 1.157794 -3.736738 10.573362 -0.184214 -25.110785 1
0.000000 0.970262 0.186573 -0.412655 -2.587814 0.608951 -8.593691 0
0.000000 -0.414084 0.506435 -0.742125 7.040554 4.393808 2.157840 0
0.000000 -0.077876 0.521728 -0.003501 26.740665 5.214509 -2.632621 0
0.458870 -0.318804 0.245991 0.049956 17.686827 21.279064 2.631235 1
0.085890 -0.275382 2.241710 1.599187 4.137548 4.486023 13.576111 1
0.000000 0.012425 0.125553 0.557386 4.832773 -3.494615 -2.060941 0
0.000000 -3.597520 12.919818 8.756348 -51.046568 183.659450 126.096920 0
0.000000 0.286207 0.708726 -0.818421 -9.256811 0.558246 -10.935092 0
0.000000 -0.029424 0.699201 -0.198704 20.855493 -7.495558 6.655338 0
0.472146 0.525432 1.068201 0.165203 7.424332 16.613542 -10.737758 2
0.156623 -1.246196 0.239579 0.640360 -0.910638 14.337833 0.578900 1
0.000000 -0.292175 0.510622 -0.165679 -5.030537 14.341246 16.433588 0
0.628183 -0.061313 -0.230911 -0.305240 -2.089946 9.971373 -9.014400 1
0.127719 0.625562 -0.373128 1.750055 -5.747149 -0.749419 15.193392 1
0.000000 0.028345 0.375458 -0.151521 -24.106060 -2.957292 12.234573 0
0.393003 1.493145 1.048428 -0.422968 0.489858 5.550275 -2.922658 1
0.395444 -1.381169 -1.658143 -0.063400 -0.560462 -1.971014 5.202667 1
0.150757 1.256080 -0.906494 1.328594 12.813056 -1.178731 4.738557 1
0.613619 1.402451 -1.764188 -1.095692 7.251095 -10.827494 -4.855829 1
0.371705 0.093369 1.359645 0.459323 -13.128694 10.990816 -5.399030 1
0.128172 -0.780939 0.217644 1.136534 -6.323704 -5.118582 2.989106 1
1.227367 -1.101223 2.303855 0.853125 -0.914638 11.401404 4.527760 1
0.000000 -1.682241 -2.489500 -2.037275 -14.084080 -16.669337 -15.464378 0
0.285623 -0.262621 -0.857021 -0.759948 10.024377 -1.166751 -2.648098 1
0.000000 -0.159941 0.375599 0.156214 2.813443 -1.892388 1.452120 0
0.151928 -1.092946 0.707438 -0.069773 -14.235346 16.591213 3.523052 1
0.107729 0.087441 0.367056 -0.442368 -12.026750 32.600232 5.632311 1
0.789450 -0.202193 -0.162145 -1.095394 -0.892428 0.254750 -20.193686 1
0.417882 1.098578 0.106455 0.426813 -4.918742 -1.350326 13.523423 1
0.415458 -0.464346 -3.461421 -0.343157 -5.447594 -14.850328 3.487665 1
0.510419 -1.224225 0.699447 -0.462846 -9.119548 -1.123617 -12.022213 1
0.130425 -1.053624 0.235399 -0.054918 -0.510732 10.433099 -13.736991 1
0.000000 -1.040922 -0.745395 0.119898 -16.731070 -9.014512 2.064261 0
0.489643 -0.125875 0.724795 -2.856394 -3.666390 5.874295 -8.981610 1
0.449688 1.132214 1.214208 0.749116 3.688512 13.074927 -7.564057 1
4.640213 -1.766558 -4.208865 -5.326484 -7.504704 -23.153585 -32.957377 1
0.000000 -0.563183 0.118287 0.210291 -1.424363 -5.271529 -4.332074 0
0.088752 -1.306506 1.174106 -0.081763 0.991392 10.701363 -4.363233 1
0.124181 1.054338 -1.430580 0.329968 5.819264 -3.308672 -5.167983 1
0.142677 -1.179708 0.574919 -0.043100 -11.434934 15.756359 9.281989 1
0.646196 -0.259479 0.446502 -1.192570 10.358016 -7.921102 -1.249552 1
0.112694 -0.365492 -0.505187 -0.602708 5.689974 4.067273 -9.104208 1
0.176104 -0.884126 -0.136345 -0.143207 -9.174382 13.730048 -16.598918 1
0.106965 0.188504 1.602937 1.582297 4.572919 18.565727 8.743507 1
0.330430 0.348371 -0.046303 -0.198570 20.504882 -3.290042 -8.816063 1
0.000000 1.759068 0.767285 1.370999 120.642956 18.078917 105.327246 0
0.000000 0.028908 1.148990 -0.204341 1.330901 12.578416 -8.293271 0
0.000000 -1.160402 0.191763 -0.627497 -0.461294 -4.053615 -11.676677 0
0.126972 0.546942 0.895558 0.237028 11.001272 9.266561 -4.420635 1
0.000000 0.276164 0.163304 -0.364715 -13.024277 14.758271 -8.293452 0
0.153845 0.527721 0.555594 -0.439447 -15.229550 -3.644640 2.600545 1
0.000000 0.469494 -0.573256 -0.550794 9.705541 -7.263609 -10.019966 0
1.665441 0.152297 0.291770 -1.158090 -5.137604 17.315257 -3.055946 1
0.167356 -0.458777 1.127795 0.763111 -12.717352 1.686652 -0.059251 1
1.433413 2.741431 -2.157700 0.004469 8.310022 -13.805765 1.480484 1
0.264805 -1.395453 -1.466799 0.711528 -9.042161 1.357066 5.161380 1
0.110793 1.139702 0.794874 0.140880 2.535330 1.458145 0.112632 1
0.000000 0.108545 0.043327 0.029671 -4.684387 7.093155 -7.415424 0
0.195410 -0.198651 0.328533 -1.427074 -0.031786 2.230273 8.723079 1
0.000000 1.108126 0.526064 1.158030 -6.888285 -1.419753 8.709676 0
0.100160 -0.571068 0.961233 1.172336 0.692222 13.245241 12.940203 1
0.000000 -1.062070 0.524758 -0.183235 -1.123767 4.986689 -7.813704 0
0.174903 -0.980956 -1.394152 -0.574179 -9.043229 4.232238 -6.233176 1
0.000000 -0.320691 0.575436 -0.309964 -13.644480 17.021309 13.752263 0
1.382242 0.618383 -0.877354 -0.746501 10.808987 -4.403869 7.732744 1
0.000000 -1.727427 -0.229743 0.948128 -11.874843 4.523382 9.309510 0
0.550522 -0.030344 -1.122988 0.855955 10.686848 -0.263726 8.359884 1
0.977405 -0.811422 0.202014 0.038433 6.882412 -9.696325 7.102878 1
0.000000 -0.031352 1.012783 0.116561 -4.800423 15.107296 -3.909354 0
0.158053 1.543672 -2.133789 -0.008453 13.751002 -10.567568 1.191036 1
0.000000 3.171444 1.602451 0.220493 50.568375 20.789122 4.991160 0
0.082934 0.620103 0.662961 -0.332984 -11.157003 11.653055 -16.979812 1
0.000000 -0.336748 0.541996 -0.283084 -19.060027 -6.205887 13.108018 0
0.268557 0.104031 1.286643 0.568398 5.021937 13.413758 3.407002 2
0.000000 -0.060100 0.503916 -0.226903 -22.996048 -45.075126 13.397600 0
0.419927 0.502663 0.352344 -0.759520 -2.174910 16.744840 -5.364675 1
0.233936 -1.110893 -0.253263 -0.353709 1.744418 -4.517610 -16.183889 1
0.000000 -0.075964 -0.587376 -0.727720 4.298287 2.166496 3.759319 0
0.000000 0.352657 0.218694 -0.326934 -4.347531 8.131335 15.972066 0
0.000000 1.427993 -0.500201 -0.582206 12.846161 -2.633886 -5.243603 0
0.541043 2.102645 -0.188070 0.806025 8.272055 -0.029150 10.717643 1
0.282572 -0.729096 0.365374 0.754848 6.139398 6.892303 0.202029 1
0.115642 0.831391 -0.943698 -0.053089 -4.573054 1.636595 -0.037306 1
0.081355 -2.328661 0.973759 -0.948978 -14.273924 8.669553 2.929517 1
0.367829 -0.325106 0.908755 0.045874 10.611211 19.769278 -17.107659 1
0.139629 0.343518 -0.546628 0.386774 3.410748 11.254854 2.845478 1
0.000000 -0.118950 0.579418 -0.214284 -27.978096 -21.846196 -23.308059 0
0.125255 0.401124 -0.341433 0.250183 -4.373732 5.339503 8.734813 1
0.401327 -0.275123 -0.625749 2.601987 -1.740093 0.014277 8.486250 1
0.285734 -0.831200 -1.928969 -0.064953 5.059471 -7.931387 4.266030 1
0.000000 0.457215 0.457147 0.046644 -16.176880 9.204565 2.591613 0
0.293098 -1.183898 0.380158 0.095354 -11.061903 14.116959 -13.658018 1
0.087827 0.293525 -0.400938 -0.254525 -4.810369 -8.418581 -13.700573 1
0.145431 0.043878 0.865587 -0.837285 16.132493 9.404521 7.637651 1
0.180115 -1.636081 0.808392 0.460317 -1.189098 -1.743535 8.862936 1
0.000000 4.469163 13.225196 -7.688313 62.017787 179.305650 -106.213169 0
0.666776 -2.521743 -0.872283 1.371551 -14.822647 -3.583757 5.686271 1
0.000000 -0.078130 0.332288 -0.442485 2.149644 14.619374 -9.479098 0
0.000000 -0.083609 0.584371 -0.301438 -5.753953 7.249221 -49.795947 0
0.093908 0.169848 0.767752 0.806921 -3.227721 17.534680 3.504333 1
1.218377 0.233161 0.761192 -0.388770 7.032188 -8.615177 -25.596018 1
0.000000 -2.748354 -0.774523 0.427307 -22.435592 -6.358337 7.454577 0
0.000000 0.009044 0.625148 -0.174447 7.701121 -21.712889 13.285912 0
0.094581 0.056777 -0.523230 -0.126658 -16.304632 -5.313627 -8.089120 1
0.082735 0.813040 -0.158477 0.014940 5.991504 -5.013295 -4.483359 1
0.117562 -0.486274 0.070656 -0.992626 -9.150621 17.722902 1.486218 1
0.000000 0.070783 0.403968 0.192009 5.578879 -11.884523 6.833679 0
1.175398 -1.578623 -0.651944 1.274328 -15.543854 -3.923795 -1.394139 1
0.164169 1.612237 2.083814 -1.264667 6.025163 1.670873 -8.922442 1
0.291452 0.300448 0.004113 -0.117210 4.418983 13.704065 5.935512 1
0.206673 -0.422416 0.158117 0.007651 11.658969 17.062704 -2.020553 1
1.289324 1.693790 2.519593 0.351051 11.278555 14.023634 -7.446300 1
0.000000 -0.161015 0.367523 -0.272767 10.328724 -12.829259 -0.076778 0
0.000000 -0.123030 0.630461 -0.226501 24.099075 -18.502754 29.910135 0
0.115719 1.926868 -1.579309 -2.300947 13.006201 -9.741672 -8.765678 1
0.363410 -0.148668 1.634320 0.892045 -5.149209 20.744579 3.081851 1
1.751386 1.139005 -0.367727 0.528922 -5.298719 -3.685379 8.088681 1
0.000000 1.380951 0.243598 -1.693183 15.411211 7.170624 -13.920345 0
0.102911 0.783023 -0.726472 1.114133 3.100004 8.198097 11.294305 1
0.399572 -0.153768 -0.539484 -0.306823 -5.027204 -7.528785 -9.516277 2
0.000000 -1.414537 0.572181 -0.979201 -19.475052 6.831371 -12.292134 0
0.304509 -1.177818 0.024445 -0.606146 -12.052026 9.358918 -5.972210 1
0.000000 -0.175785 0.723415 -0.399384 -3.689473 30.439143 11.124064 0
0.518423 -1.699755 -1.206533 2.512788 -5.830116 -12.348053 14.615389 1
0.412206 -1.382540 0.902050 0.252358 -9.437527 13.587379 -8.770761 1
0.000000 -0.326761 0.490513 -0.514698 15.408852 13.531327 8.166646 0
0.000000 -0.471445 -0.243584 -0.945670 -6.969618 0.594294 -15.654621 0
0.000000 0.701835 -0.230394 0.223675 -1.803142 5.167973 4.031687 0
0.000000 -12.357261 10.283549 -1.807029 -85.737628 66.602181 -10.953431 0
0.000000 0.216967 1.193633 0.494078 14.788265 -2.261993 4.853005 0
0.120159 0.179898 1.175334 0.275176 -10.825200 14.412654 -13.826064 1
0.000000 -0.611938 -0.577503 -0.396318 -14.459036 -5.104164 -7.507294 0
0.105973 0.175979 1.048458 0.881841 5.790480 14.918221 1.661141 1
0.000000 0.325351 0.973555 -0.243359 0.149084 7.572996 -18.616558 0
0.000000 -0.290967 0.569197 -0.118743 15.536164 -1.054497 18.655910 0
0.093712 -0.257131 0.590052 0.025640 27.419846 -6.088866 -7.707227 1
0.000000 0.111786 0.803031 -0.109924 -15.224315 10.071163 -8.214411 0
0.206538 -1.735204 -1.252443 0.650440 -14.900456 1.297062 3.075388 1
0.000000 -0.012837 1.265308 -0.069701 3.249315 0.648913 0.841191 0
0.089099 -0.647714 -0.910571 0.270565 -4.047961 1.430471 -11.275096 1
0.510706 -0.241838 0.791479 1.013279 10.390522 -0.110605 2.920835 1
0.209703 2.608640 -1.015930 -0.839319 10.665338 -0.052029 -1.617832 1
0.000000 -0.292994 -0.076241 -0.078923 4.748659 7.809060 -4.486037 0
0.000000 -0.635036 0.266260 -0.939882 10.777809 6.077113 -0.810145 0
0.169485 -0.003966 -0.072112 0.328386 11.798153 22.757361 8.243559 1
1.190304 0.171318 0.173267 0.143757 7.216200 16.897093 -17.183513 1
0.229716 -0.364846 0.229360 0.187939 10.744404 16.648994 0.960342 1
0.000000 -0.235814 0.615695 -0.335240 31.284086 9.743316 13.912022 0
0.000000 -0.342491 -2.453356 1.204371 -3.712448 -28.196539 11.959722 0
0.234429 -0.950147 -0.137281 0.694708 0.233880 2.723591 10.570279 1
0.000000 0.136867 0.788519 -0.193562 1.437427 23.591566 -11.247505 0
0.189197 -0.189820 0.350049 0.070746 -13.036206 27.196335 3.727361 1
0.259575 0.687773 0.291926 -0.367816 3.283612 1.117033 15.702344 1
0.000000 -0.023703 0.693112 -0.463814 6.649922 36.448350 -28.184016 0
0.000000 -0.374972 0.036146 -0.944972 -8.794098 7.947105 4.969458 0
0.000000 3.514084 0.677500 1.037473 78.057986 7.662733 26.825161 0
0.000000 -0.343109 0.059425 0.288689 -0.581692 12.371218 -12.996054 0
0.920339 -0.049292 1.374473 -1.174669 8.415666 0.210172 2.349738 1
0.000000 -0.153589 -0.077838 0.541892 -1.377357 -3.708748 -8.697453 0
0.084577 -0.424301 0.088765 0.657668 0.192142 9.929969 15.158763 1
0.000000 -0.106198 0.479178 0.105919 0.302320 -8.529179 -21.582436 0
0.000000 1.970123 8.419951 2.270764 21.376442 76.869896 19.567413 0
0.760534 0.571477 2.944892 1.357714 6.990770 9.783667 13.847034 1
0.114553 1.042182 -0.096445 0.782905 11.912620 11.354081 2.299444 1
0.000000 1.668750 -2.531689 -0.518556 7.149949 -17.137201 -5.135880 0
0.762149 3.286314 4.914967 -2.446191 21.912235 30.594119 -8.200714 1
0.232792 -1.069141 3.817671 -1.980710 -23.870369 81.673838 -43.054096 1
0.000000 -0.285303 0.447757 -0.387004 3.882592 -21.932427 14.520014 0
0.000000 -0.122388 0.574333 -0.394587 -15.645496 -36.930099 4.387925 0
0.129032 -0.471431 -2.265519 5.475166 3.379886 -16.900208 33.859831 1
0.000000 -0.944359 0.580597 -0.097871 -16.752637 13.595838 -3.941483 0
0.205433 -1.236676 1.380120 0.804274 -9.842244 9.563366 -9.800740 1
0.160079 -0.075836 1.389934 -0.148898 13.694454 19.333149 -13.007094 1
0.136090 -0.477937 -0.354663 0.986090 13.880854 -7.714408 8.225580 1
0.119841 -0.234572 0.551080 1.262568 -9.126589 -4.206651 3.551941 1
0.201503 -0.920917 -1.055686 2.007706 0.715413 -7.057814 2.178568 1
0.000000 -1.064955 0.676892 -0.629007 -2.471051 14.543979 -2.551285 0
0.115016 1.377532 -1.386530 -2.121418 5.180204 -10.914171 -5.001974 1
0.000000 0.535387 -0.217430 0.614741 -8.412138 5.655171 -2.488421 0
0.131342 -0.001888 0.555605 -0.114511 11.160169 -30.659592 15.437618 1
0.174201 -0.054613 0.282059 2.028999 -2.058042 14.212324 7.703981 1
0.000000 -0.346600 0.249123 0.355106 -12.260578 5.102373 -10.385063 0
0.000000 -0.468072 0.443361 -0.234200 -4.875926 -14.834912 10.546696 0
0.000000 0.028385 0.385453 -0.441413 -16.690357 -3.581524 -7.939169 0
0.000000 -3.721251 8.734529 -5.118889 -57.175110 132.889968 -79.629517 0
0.240412 -1.808241 -0.044041 1.879775 -1.253220 -0.078158 13.312195 1
0.226021 -0.820991 0.444408 0.965910 -15.841985 0.821326 -6.407664 1
0.107205 0.127746 0.290423 0.445884 2.764452 6.947771 -6.115638 1
0.000000 1.398323 1.959464 -2.467214 11.199249 16.154501 -23.641043 0
0.266126 -1.330822 0.534104 -0.909518 -3.044309 -5.610365 -3.022778 1
0.409423 -0.858373 1.234702 -0.580816 -5.472571 -7.352537 4.736679 1
0.089384 0.406333 -0.758867 0.107259 -4.192384 -1.462969 8.576364 1
0.000000 -0.513598 0.486778 -0.740735 4.903985 -7.754898 -6.781367 0
0.746267 -0.298702 1.372465 -0.612694 -3.126435 -10.817377 -1.298347 1
0.219386 0.560071 -1.611584 -0.870557 11.815591 -3.888424 -2.392407 1
0.000000 -0.932783 0.267913 -0.010273 2.138558 -0.732868 16.024277 0
0.000000 1.038840 0.464816 -0.206897 8.065585 0.940962 -3.973717 0
0.102731 0.416986 0.331953 -0.052479 -13.341505 19.738023 -9.971595 1
0.202560 0.556536 -0.788463 4.076473 10.237112 -3.074358 26.821472 1
0.000000 -0.095448 0.832601 -0.072265 -9.060703 13.544761 -2.910829 0
0.159646 -0.293749 0.022201 0.040730 16.733090 1.432578 15.392214 1
0.000000 -0.174307 0.443798 -0.313912 -17.578568 18.334428 15.456356 0
0.000000 -0.128781 0.713456 -0.419123 17.854798 -6.264832 21.727723 0
0.000000 0.079308 0.692541 -0.770380 32.695274 -2.070240 0.055807 0
0.000000 -1.079400 -0.189138 0.572695 -12.205462 6.581106 12.088179 0
0.340464 0.100089 1.034877 -0.057189 -2.828305 -8.505039 16.433177 1
0.558675 -0.018019 0.933706 -0.519760 -19.582001 -0.054817 3.620178 1
0.269181 0.082155 0.614415 0.870806 -7.482026 7.851847 -8.348840 1
0.080832 -0.249660 0.817122 1.525734 -5.583826 -2.718396 4.014075 1
0.000000 -0.878489 0.546161 -0.039953 5.283458 12.097072 4.388816 0
0.000000 -1.846981 1.508516 -2.401373 -13.851706 7.471362 -15.350983 0
0.126733 -1.265284 -0.794166 -0.076307 -14.620774 3.374953 5.846511 1
0.147442 -0.606527 -3.784107 -0.360880 -0.891952 -21.541650 1.687184 1
0.234874 -0.446007 0.041324 1.138532 1.320016 -9.401345 9.492934 1
0.088322 -0.033076 0.551631 0.279248 18.159585 6.405992 2.606730 1
0.000000 0.139232 1.377539 0.628183 6.848997 16.249271 4.090205 0
0.134972 0.717435 0.775415 0.009288 -9.166909 -4.217100 -8.371436 1
0.000000 -0.061314 0.528502 -0.009357 -3.845907 19.004272 3.427716 0
0.000000 0.120045 0.602935 -0.279732 -20.372986 26.084066 -15.806100 0
0.263366 1.304507 1.067523 -0.657209 9.796375 8.855563 -8.935674 1
0.000000 0.367843 0.701726 -0.289562 126.178117 48.451616 -3.590181 0
0.000000 4.033619 1.270310 -7.242093 41.905519 12.686042 -75.648291 0
0.137245 -0.187460 0.677834 0.727695 -11.604306 12.295808 8.622342 1
0.175886 0.448874 0.510897 0.566146 1.456531 9.752392 -5.678715 1
0.000000 -0.047488 -0.387827 -0.316964 7.822056 9.991039 -7.406186 0
0.000000 0.170259 -0.711112 0.140327 5.679796 2.886283 7.946483 0
0.000000 -1.066722 1.339664 1.069736 -18.908033 17.290621 21.373564 0
0.202129 1.560899 -0.289316 2.292831 1.519847 2.423722 14.264208 1
0.000000 -0.744470 0.831694 0.283623 -14.151607 -8.313152 -1.032601 0
0.160192 1.490648 -0.235150 0.716433 7.407476 10.286914 0.438320 1
0.087931 -0.077227 0.796442 1.320006 7.927520 11.866670 6.390750 1
0.201166 -0.607597 -1.838083 1.150536 -1.710272 -11.925786 4.947521 1
0.000000 -0.727243 0.660724 -0.779850 7.529554 17.261022 -8.152162 0
0.000000 0.397240 0.406799 -0.152250 -4.360267 5.484344 -20.545103 0
