178.812334 -0.177953 0.683904 -0.363513 -2.039684 3.106974 -1.951551 61
0.583882 1.109977 1.564079 0.944852 8.115740 -2.290909 5.457457 1
0.000000 32.833259 51.082024 47.386791 397.467358 612.702776 574.870519 0
0.085689 -1.761092 0.919476 1.743622 -9.000048 13.450916 2.889983 1
0.000000 45.765295 -38.960302 59.996282 419.468013 -358.531711 549.246140 0
0.457888 -0.905183 -0.289034 0.126621 7.807743 -5.122444 -9.636068 1
0.179449 -0.901518 -1.416581 -1.055061 -0.611782 3.532563 -0.769852 1
0.103175 0.721021 -1.940117 -0.113394 -3.077039 -4.097537 5.210236 1
0.199182 3.927545 -1.608136 0.828404 11.176812 -7.941337 2.541659 1
0.109107 0.547883 -2.175618 1.270667 -1.970490 -0.649413 4.446894 1
0.232498 -0.370112 1.271116 -0.334716 12.953692 8.228718 10.178714 1
0.683878 -1.314296 0.067305 -1.296243 -4.867396 -5.291753 5.725977 1
0.000000 7.176121 15.357845 -6.292578 56.619898 119.639770 -49.893513 0
0.133767 2.882685 1.551000 0.180010 10.560842 2.819466 6.121802 1
0.207935 -1.409079 2.132612 -1.121751 0.675473 9.009015 4.134467 1
0.000000 -0.047033 0.808509 -0.294425 -24.832385 28.611378 9.404638 0
0.099031 0.503265 2.257250 -0.132613 2.567813 11.248498 -8.190165 1
0.000000 -0.511632 -1.569234 -0.226789 7.161249 -10.323300 -4.678487 0
0.166412 -0.171597 -0.320999 -1.119498 -5.597015 -4.159142 7.397383 1
0.401973 0.392616 -2.210770 0.849325 6.311770 -5.569221 9.161010 1
1.245042 -0.159148 0.440185 -1.026325 14.425805 7.432196 -5.843794 2
0.135040 -0.386807 -0.393280 0.002705 -8.669498 -1.174720 -8.875911 1
0.230700 -0.013146 1.081892 -0.459601 -18.972544 -7.754777 14.988656 1
0.296048 -0.800174 1.733075 0.068344 -4.695277 16.028696 -9.467153 1
0.000000 -2.546404 0.629180 -2.592208 -102.505723 0.248598 -97.190802 0
0.218861 1.975670 -0.785049 -0.579007 4.792298 3.409821 0.868047 1
0.780326 0.553311 -1.302048 -1.253776 -4.273654 -3.748125 0.154358 1
0.110177 1.052982 1.853539 1.083075 -3.573410 0.669382 8.153915 1
0.308745 2.185394 -2.974532 -1.456781 7.190462 -16.491704 -5.076249 1
0.000000 0.376720 0.424617 -0.925376 6.531963 -5.248496 5.702487 0
0.154448 -0.459981 0.368728 -0.327580 -6.682319 9.352617 -23.945395 1
0.534356 -0.721833 -0.269263 0.666240 -1.155238 -13.264848 -5.171000 2
0.443222 0.011152 1.196070 -0.795205 -16.640242 11.295995 -4.595464 2
0.121470 -1.888806 -0.273353 1.026502 -10.467943 -6.190011 -5.674309 1
0.388680 -5.760048 -3.170719 4.592607 -59.784859 -36.634039 49.784424 1
0.552874 -0.266477 -2.644246 1.543560 -6.094812 -5.888056 9.923983 1
0.000000 0.121557 0.750844 -0.824586 5.550506 22.370110 -8.199795 0
0.218546 0.866367 2.117042 0.114706 -5.701362 0.038025 -1.958450 1
0.220750 -0.376587 0.001581 0.962917 4.831808 10.602751 4.579522 2
4.711446 -0.214246 0.834979 -0.427154 43.117027 1.917585 0.133962 2
0.000000 0.311856 0.444300 -0.656995 7.368180 -6.081965 -15.481003 0
0.103987 2.428831 -0.014173 3.988418 13.859098 5.506239 15.369784 1
0.000000 -0.283728 0.508939 -0.351243 7.885060 23.387439 -21.505716 0
3.952128 -0.228605 1.299647 0.899739 2.353973 -10.276638 1.995296 1
0.000000 0.058544 -0.862064 3.604604 -0.103266 -4.784352 16.959196 0
12.485588 -3.347822 -0.606837 2.723147 -28.478116 -6.186111 22.362443 7
0.105198 -1.575876 -0.297342 -1.396445 -8.654227 3.330815 4.498178 1
0.000000 -1.609104 -3.961198 -1.149390 -12.143335 -29.687526 -9.285659 0
0.167817 -1.195521 -0.119786 1.094029 -6.646329 13.591829 8.287812 1
0.138488 -0.506023 -3.500212 0.263413 0.915000 -10.764090 6.330549 1
0.701272 3.895963 1.338935 -1.223157 21.734363 5.652966 0.228015 1
0.367183 -0.068221 -0.765922 1.172454 -1.699110 -5.345865 -7.423655 1
0.000000 0.289671 1.025275 -0.626954 10.073855 -5.239386 -7.881741 0
0.156405 -1.037686 1.619723 -0.912012 2.254000 1.417324 2.465120 1
0.000000 -1.112152 0.894745 -0.796781 2.302470 -1.755432 -6.959100 0
0.000000 0.296238 0.219216 -0.611403 -9.323183 4.844144 3.072380 0
3.262700 -0.107915 0.282320 0.473638 -0.148751 1.459986 -13.923831 3
0.000000 1.316516 -10.518039 -0.040715 12.485924 -97.564843 -0.224207 0
0.298886 -0.016020 0.710424 1.365044 1.990294 3.981989 -2.091022 1
0.512636 -0.330869 -1.015223 0.118557 2.271640 -6.737002 -8.773962 1
0.121466 2.363002 -2.923000 -3.425935 11.699096 -10.796543 -10.598398 1
2.237435 -0.262619 1.139390 -0.143456 -19.911770 6.419245 -7.597777 4
0.283593 0.577320 0.788344 1.128761 12.631105 10.560056 5.831731 1
0.114183 -1.590910 1.284760 0.288476 -3.297516 -4.407199 2.560799 1
0.387857 -0.420356 0.860254 -1.205540 6.728013 16.476245 -0.919650 1
0.102340 -1.045529 -1.388916 1.498444 -5.628280 -5.843147 -1.503239 1
1.423034 1.378534 0.593386 -0.290260 -2.031884 -9.172977 -1.907360 1
0.118440 -0.021962 0.124891 -0.335696 -7.303123 20.723125 -6.268101 1
0.000000 1.394642 1.006376 4.299807 10.020187 6.507635 25.305470 0
0.115648 -0.468969 0.916969 1.050825 -4.068045 9.283812 -8.996402 1
0.335498 1.123474 -1.221151 -0.828928 5.011024 3.254273 -10.922514 1
0.109210 0.093262 0.373034 0.718491 15.631906 7.610433 2.561844 1
0.000000 -0.119038 0.640128 0.000656 -25.683095 -3.827596 8.487631 0
0.438696 0.016072 -0.517348 -1.222317 6.395632 7.956107 -4.424015 1
0.102783 -1.346357 -0.352025 1.041716 -10.750685 5.840214 1.123836 1
0.317653 0.433683 3.396263 -2.362460 -4.037462 15.948777 -5.971404 1
1.366624 -0.814056 0.399827 0.789025 3.770146 -6.587507 -1.488945 2
0.135796 3.235226 -1.560128 0.668509 8.866524 -11.232919 2.544043 1
21.423378 0.446342 -0.154999 -0.251648 6.423528 6.941711 -9.551701 6
0.000000 0.573204 0.620091 -0.411446 -7.990146 -7.408286 1.784353 0
0.210768 -0.362169 0.773113 1.353035 1.775714 11.010021 13.516351 1
0.087151 1.080199 -0.505216 3.730617 9.369109 -3.811331 13.854002 1
0.247564 -1.456254 -1.513158 -1.154772 -8.797326 -0.632112 -9.610896 1
0.118055 -0.296332 0.042965 -1.786532 -5.152805 9.678370 1.959496 1
0.000000 3.291708 -2.525335 -4.088439 16.603547 -12.483992 -18.566169 0
0.000000 -0.731192 0.556074 -0.532668 0.080870 11.547524 -9.788783 0
0.000000 8.545563 8.520887 -7.951050 78.856056 70.506095 -72.154386 0
0.000000 -0.370080 0.765948 -0.347425 27.036613 0.080723 3.474010 0
0.180968 -0.294540 -1.189692 -0.864986 -0.884881 -7.316437 -6.975635 1
1.209883 -1.722730 0.455791 -0.397677 -8.492540 -1.511455 -5.131456 2
0.000000 0.857547 -0.422456 -0.154949 2.202415 -2.373468 1.685991 0
0.000000 0.499077 1.253244 -0.896292 -0.921324 -4.560053 -2.925545 0
0.556778 -0.722271 0.663614 1.541081 -7.787025 11.966978 8.378523 1
0.139284 -2.182904 0.531580 -2.562493 -15.317321 2.958806 -19.215432 1
0.478468 0.209046 1.524268 0.289522 0.238231 5.908854 -5.041883 1
0.000000 0.089908 0.133480 -0.799771 -10.222742 -2.546891 -5.820783 0
0.000000 0.140936 0.165184 -0.025889 -16.521423 8.391599 2.680192 0
0.252788 -1.224271 0.564623 0.796042 -16.101745 3.297873 -0.164986 1
1.145613 -1.393181 -1.510642 0.497305 -11.374140 -0.266983 -2.433330 1
0.388183 0.282586 1.844100 1.255927 1.600043 5.179926 -3.858040 1
0.000000 0.499924 1.164784 -1.164198 -1.334611 -2.775976 -4.105631 0
0.126740 0.036816 -0.497813 -0.359666 9.342757 -4.245942 -10.603287 1
0.000000 -0.201377 0.593528 -0.670665 -3.432823 14.508380 4.572276 0
0.198042 -2.194584 2.844554 0.422851 -11.606125 5.482040 4.511555 1
0.000000 -0.761736 0.815184 -0.114318 -5.089313 -8.319636 6.884610 0
2.875375 -11.276636 -26.619556 32.811745 -92.258941 -219.537609 268.744515 3
0.376011 -1.170251 1.006931 0.232831 7.314625 7.159276 2.756417 1
0.000000 -0.175865 0.436191 -0.359742 -17.927694 17.760882 -24.201847 0
0.000000 -0.269814 0.421508 -0.567232 -12.334034 -7.111197 18.995765 0
0.373816 0.140267 -0.296388 -0.325396 4.099186 -8.591036 6.837994 1
0.000000 -0.012453 1.203082 -0.686004 -3.886163 6.668707 -11.119993 0
0.263064 -0.638782 0.066089 0.172613 -9.829693 3.400678 -14.107895 1
0.459762 -1.024929 1.209923 1.578884 4.899567 11.715098 6.344803 1
0.000000 -1.330456 0.635829 1.025273 -1.632624 6.072151 0.485650 0
0.000000 0.391639 -5.984690 13.203546 -0.132036 -34.773255 71.214702 0
0.000000 -1.405792 0.734111 -0.016532 0.867917 11.425192 -2.500660 0
0.396253 0.382547 0.618607 -0.740414 2.403524 -12.008359 -17.590955 1
0.000000 -0.014219 0.905896 -0.488289 -18.624732 8.687806 18.747869 0
0.000000 12.426146 -55.822785 5.153486 123.339400 -554.090888 51.663312 0
0.278430 -0.755311 -0.612385 -0.282379 3.480055 -6.252569 -9.807877 1
0.151503 -0.825686 -0.003585 -1.859110 -3.981917 8.863248 -1.972725 1
0.100432 -0.762909 1.002486 0.033649 -18.589469 -5.560168 -8.110882 1
0.082624 -1.311227 0.960332 -0.800321 3.678231 13.072885 -8.131860 1
0.114711 1.332581 -1.529956 -1.712278 0.048365 -9.376544 -0.821391 1
0.192666 -1.538838 0.491433 -1.077138 -9.383861 7.359263 5.541247 1
0.287114 1.169062 -1.787157 -0.602925 3.005220 -2.676215 -11.256721 1
0.585359 -1.031161 -0.453170 0.445079 -11.371174 -2.794254 -10.362814 1
0.000000 -0.304394 0.409608 -0.723115 6.608780 -13.104988 3.712315 0
0.431641 0.180134 0.766403 -0.701270 -18.818209 17.399284 10.137925 1
0.000000 0.258672 -0.240436 -0.293885 4.090487 3.900455 -16.284144 0
0.323241 -0.783681 1.117230 -0.567035 1.128608 17.149596 6.652670 1
0.000000 -6.735289 7.369629 -6.576120 -48.319781 51.987686 -48.069098 0
0.000000 -0.185325 1.121000 -0.378472 -4.815525 -0.348932 -16.021197 0
0.116547 0.115451 -0.982770 -0.209864 4.903729 -13.150934 -8.828943 1
1.037862 -2.031164 0.400902 -0.073800 -10.532828 8.897869 -0.306769 2
0.374161 0.750762 -0.324783 0.291498 4.316620 10.917677 2.922625 1
0.000000 -0.509547 1.160515 -0.477666 13.545331 -3.191953 -4.279149 0
0.192961 -0.429202 -0.048613 -1.596983 -4.074908 -6.409204 4.129563 1
0.000000 0.103410 0.328595 0.413144 -2.418157 3.062208 -14.646109 0
0.181019 -1.399547 -0.527249 -0.887442 -2.572357 -2.160979 -9.998930 1
0.393969 2.282461 3.939754 1.028057 9.038982 19.573616 8.761674 1
0.000000 -7.358945 -24.529455 11.555655 -57.171577 -192.353595 89.658851 0
0.506972 -1.224546 -0.696665 -0.444431 -11.065540 2.147920 4.832655 1
0.168852 -0.161097 0.409314 1.315593 -9.784676 14.787834 3.417510 1
0.000000 -0.040069 1.315490 -0.992566 -9.912488 2.601961 1.508859 0
0.836938 0.410794 0.040571 -0.851432 -13.028085 13.276232 -1.278663 1
0.000000 -1.814655 0.532322 -0.040387 -5.853260 9.107983 -3.855340 0
3.260868 1.839660 0.771966 0.773787 1.431975 1.773847 2.498113 2
0.151360 -0.348941 -1.319596 2.433129 -9.812339 -4.786181 4.688837 1
0.000000 -0.179427 0.762361 -0.360144 31.236823 -26.901899 25.057306 0
0.108928 1.288392 -1.065428 1.212943 -0.846699 -10.335315 -0.081519 1
0.090465 -0.356347 1.371970 -1.089377 -10.876790 7.949917 -3.428935 1
0.531060 -0.842748 2.100931 2.663226 -9.012828 9.114192 4.065864 1
0.272013 -1.577527 -0.205595 0.312221 -1.604106 -7.315956 -8.527110 1
0.000000 0.337155 1.160058 -0.262978 1.825265 -7.755721 -3.307289 0
0.000000 -0.237368 1.074922 -0.417313 -9.234342 14.550335 -17.772923 0
0.111702 -0.306776 0.925173 1.521889 7.828561 6.461832 11.177786 1
0.000000 -0.217781 0.796837 -0.507173 33.161980 21.079105 -16.414886 0
0.826574 -1.467104 0.981123 1.179237 -4.638890 13.309539 5.740886 2
0.121123 -1.036832 1.187698 -1.061243 -0.311907 11.514763 5.472157 1
0.604561 -0.146071 0.301000 1.281090 8.471070 -8.397089 3.320168 1
0.672200 -0.199444 1.116501 1.915165 -10.387894 7.012368 3.346300 1
0.485099 0.389772 2.208267 1.250792 -2.250784 -0.326808 4.666506 1
0.088968 -1.635271 1.156681 0.003025 8.881491 5.633889 2.105892 1
0.000000 0.140908 0.504134 0.208082 -3.730783 12.266167 -7.896328 0
0.427499 1.114824 -1.292783 1.853351 9.442322 -5.179175 -0.283090 1
0.148166 -0.376597 -1.396258 -0.562137 -8.586792 1.065669 1.871352 1
0.205405 -0.086344 -0.994685 -0.277866 1.261802 7.014878 6.396079 1
0.273438 -0.284822 1.484110 -0.454700 -15.735906 1.383888 -6.419024 1
0.257004 1.043972 1.644355 -2.487700 1.124795 13.355195 -6.296876 1
0.083821 -0.364709 -0.142774 0.264925 2.668707 -0.049121 -14.914090 1
1.703642 -0.150655 0.301652 -0.114237 2.680014 16.829798 -24.024679 2
0.093338 0.300830 -0.315297 0.809071 0.375846 12.755080 -7.015570 1
0.097693 1.625596 -1.599431 2.040684 9.301746 -9.182425 10.530919 1
2.541981 0.486726 1.495403 -0.240327 -3.923238 3.217710 -11.914695 4
0.000000 -4.161702 19.717473 13.434832 -36.029062 171.596298 117.733591 0
0.000000 -0.599016 1.214473 -0.523292 -10.641484 -4.278311 0.221864 0
8.640086 0.562805 0.502918 -0.445892 1.624687 -3.413250 10.373387 10
0.081891 -0.904453 0.318074 0.249499 3.017754 9.492828 15.368543 1
0.111530 -0.554732 -0.084913 2.444953 0.146202 -2.450948 5.971280 1
0.000000 -0.024616 0.678216 -0.052551 -18.313317 -0.816489 9.315587 0
0.000000 -0.303779 1.124152 -0.758466 12.937101 8.809659 -4.326208 0
1.328004 -1.156028 -0.129709 -0.291311 -4.224132 0.553600 -7.145113 2
0.000000 -0.346691 0.625744 -0.320281 -0.633809 -21.005606 8.540364 0
0.286414 0.824213 0.611363 -0.046938 0.571842 -1.448758 2.478169 1
0.108220 -1.177833 -1.046488 -0.845502 -11.554749 -1.654560 -5.987170 1
0.106446 1.163660 0.906585 -0.385237 -4.676846 10.645969 -2.767226 1
1.618982 -1.536089 3.308733 -0.770897 -11.058911 8.295404 -6.343140 1
0.126190 0.690550 0.864379 0.426901 0.111979 16.583563 6.306857 1
0.000000 4.935877 -0.862810 -19.062104 40.313084 -7.594340 -154.187373 0
0.355266 -2.424337 2.211791 0.155135 -18.380879 15.402332 -0.362164 1
0.365762 -3.648856 -7.009183 -0.512003 -18.838800 -31.153341 -4.756993 1
0.000000 -1.256240 0.158540 -0.686006 -7.381301 1.594627 -11.521372 0
0.100431 1.507530 -0.121226 0.578140 8.580884 9.942854 -6.619138 1
0.000000 -0.892992 0.562181 -0.184600 -4.738890 9.826336 -0.610935 0
0.000000 0.144758 0.026564 -0.257276 10.798199 14.320327 -15.208896 0
0.500139 -1.905165 1.074392 -1.237774 -6.253032 11.538021 3.269267 1
0.175237 -1.141341 1.198943 -0.669440 -4.782894 -5.555135 4.288075 1
0.123696 -0.432225 -0.178619 0.753221 2.506406 3.536378 0.758864 1
0.195281 -0.569723 0.261087 -1.590670 1.920411 11.761341 -0.700240 1
0.599939 -3.185634 0.153178 -0.463855 -14.415884 6.572612 -8.476129 1
0.000000 -0.486172 0.817472 0.017404 -9.801672 14.517681 -4.304884 0
0.200778 0.262303 -0.610757 -0.032862 -15.095818 -1.857890 -3.545293 1
0.177472 -0.336386 -0.617561 -1.897482 -2.840860 9.287178 -8.993019 1
0.127855 0.541109 -1.170816 -0.369457 -2.160101 3.619701 -8.159581 1
0.220526 -3.761207 -0.819300 6.253885 -25.340366 -5.346202 41.122569 1
0.000000 -0.104780 3.385178 -1.230542 -0.137762 27.599368 -9.758231 0
0.000000 0.373394 1.504743 -1.241044 2.688187 0.051490 -5.598491 0
0.169117 0.406398 -0.053521 -0.060859 14.598824 21.552180 10.429973 1
0.114784 0.042401 -0.483688 -0.686001 3.444100 10.562842 -4.453178 1
0.000000 -0.167836 0.653654 -0.415703 -14.868818 -32.462063 37.786990 0
0.579415 0.132388 0.631455 1.513150 11.504237 10.019712 6.218758 1
0.624848 2.060261 3.068597 0.820509 9.328054 13.382638 4.518257 1
0.000000 0.163465 -0.703328 0.064488 9.483909 -3.702586 -12.541695 0
0.000000 -0.439014 0.456900 -0.525047 -3.353596 5.885942 6.270314 0
0.310489 0.248182 0.628065 2.217668 2.007540 10.658748 8.566584 1
0.000000 -0.290945 0.676663 -0.304513 34.256187 7.495705 5.977446 0
0.279294 0.343056 0.445281 -1.370275 7.913665 9.280150 -4.095110 1
0.000000 -0.038403 0.619873 -0.238510 18.899251 -26.633080 -15.005415 0
0.000000 -0.821907 0.561336 0.894770 1.804674 -4.565748 -4.866423 0
0.000000 0.998146 0.145297 -0.202043 -7.301835 8.309726 -3.550351 0
0.000000 -0.280485 1.452670 -0.144295 -4.117038 4.015628 3.081523 0
0.087567 0.604427 0.916080 -0.076879 -6.664089 -10.862228 -0.205131 1
0.000000 -0.000117 0.406530 -0.145952 -17.869740 -6.640178 -3.091692 0
0.122081 -1.387426 0.332232 -0.307469 -9.850436 12.251362 6.516878 1
0.088452 -0.401097 1.155615 0.228735 -4.169350 16.078548 -14.700308 1
0.470758 -1.219570 -2.571479 0.947242 -2.375527 -3.496762 6.127541 1
0.000000 -0.216472 0.581702 -0.494070 19.096846 7.556150 -9.680332 0
0.163499 2.518890 -3.645780 -1.015941 13.126236 -15.172046 2.059675 1
0.080867 3.303380 2.784642 -3.225865 19.840036 15.517797 -10.281083 1
0.000000 -2.584205 0.338129 -0.908487 -12.315313 3.458872 -11.019584 0
0.155926 -1.446064 0.220483 0.739340 3.622589 -5.786718 -3.479368 1
0.000000 0.257678 0.776877 0.347235 1.817400 8.200904 -6.473045 0
0.000000 -0.172082 0.637537 -0.372146 -49.856652 -11.263001 12.967842 0
0.169911 -0.328027 0.447294 0.920939 -8.259435 3.898387 6.157911 1
0.113329 0.767590 0.964675 1.486379 -5.273800 0.076049 9.380922 1
0.309991 2.043452 -2.788535 -1.932671 6.259963 -14.133223 -10.864262 2
0.594225 -0.044554 2.087314 0.147467 -3.349141 15.771170 -2.359145 1
0.085164 -0.654289 0.376215 1.162459 4.502421 5.142179 5.581817 1
0.000000 0.083125 1.191876 0.882696 0.415853 4.849420 5.550051 0
0.000000 -0.245942 -0.076060 -0.040141 2.008139 -2.460429 -6.568354 0
0.234649 1.592808 -0.339193 0.107202 9.421291 7.456048 -5.421496 1
0.487672 0.826764 -0.215647 1.624858 1.969867 -1.516442 3.752069 1
0.223182 -1.616878 0.443252 0.137677 -4.870967 12.392903 3.491643 1
2.476904 0.044177 0.939836 -0.751339 7.444784 18.979796 16.262193 1
0.000000 -0.220514 0.609805 -0.408406 34.052373 7.906506 -26.319711 0
0.230397 -1.111629 0.868921 -0.514006 -0.541550 11.675948 -6.587161 1
0.689100 4.056196 2.131137 -2.629643 19.213889 6.348104 -8.171397 1
0.815528 -4.438283 0.323416 0.371358 -19.501748 -2.765372 5.002424 1
0.000000 -0.152928 0.901997 -0.237332 10.975826 -15.629209 -3.342737 0
0.542296 2.961665 -1.283859 -0.516573 5.429187 -6.176200 0.367098 1
0.146522 -1.856690 -0.576890 -0.932258 -10.980001 -4.343896 -13.195579 1
0.256037 -0.687866 -0.882478 -0.546041 9.006316 -2.922443 4.211080 1
1.156996 -0.108979 1.135554 0.276069 6.432102 9.955133 -19.633732 2
0.000000 -1.778203 -0.137593 1.418653 -13.033373 -0.132446 7.851126 0
0.000000 -0.954766 1.178487 0.372266 4.426813 -2.390554 0.883543 0
0.178446 0.328077 0.582545 -0.091322 3.726361 -9.823029 -19.536025 1
0.083374 -0.528422 0.714568 0.547102 -14.506869 15.980176 4.047072 1
0.376685 -0.298992 0.868591 -0.252088 -21.735743 26.176538 27.977568 1
0.585808 -1.252196 -1.107553 1.111517 -9.025236 4.238204 5.412448 1
0.000000 -0.240120 0.446871 -0.910292 -5.842732 -12.664978 4.298932 0
0.086694 2.321593 1.927823 0.474148 8.901911 5.461766 5.743097 1
0.000000 -0.104944 0.670642 -0.323008 -48.584470 -12.530902 -37.748075 0
1.034071 -1.082587 0.584109 0.560301 2.557192 5.613329 10.460225 2
0.000000 -0.038740 1.314805 -0.581010 -9.564417 4.741548 -10.630708 0
1.134901 -1.719356 1.217446 -1.772414 -8.108250 10.131250 -11.534663 2
0.000000 0.247980 0.493178 -0.706538 11.490621 2.432110 -0.383651 0
0.000000 -0.394455 0.773899 -0.715627 3.364953 0.603007 -18.989372 0
0.472835 -2.022057 0.260936 1.455237 -11.808589 1.765430 -3.794903 1
0.672168 -3.185161 1.076981 1.469103 -11.724192 -0.140738 11.985020 1
0.208490 -1.979562 -2.018163 -0.388173 -2.143484 -8.233845 -0.947961 1
0.292610 -0.962300 2.994562 1.589037 1.961739 12.848714 10.581184 1
0.000000 -0.737520 0.716548 -1.863101 -3.368078 3.223338 -7.874813 0
0.000000 -0.244451 -0.041777 0.053731 4.815510 1.190620 7.152948 0
0.000000 -0.088027 0.688617 -0.294608 -32.263123 23.852583 -37.976961 0
1.410354 -2.291339 -0.095921 1.216549 -10.131669 1.427309 5.077016 2
0.247245 -3.077446 -0.367898 1.984565 -15.094503 3.036368 8.969979 1
2.937998 -3.321481 -1.279169 1.035317 -8.779124 -6.107833 9.455812 1
0.000000 -0.990003 0.800391 -0.393764 4.139475 16.765775 1.819870 0
0.000000 0.263293 0.515676 -0.545186 -0.157255 -16.201784 1.262993 0
0.186332 1.445561 -0.004405 -1.097853 0.940119 4.706045 3.335153 1
2.552609 0.524958 0.762106 0.262205 5.585821 -7.990519 -7.207115 4
0.087521 -0.086800 0.711803 -1.371855 6.529335 11.490340 -11.186300 1
0.000000 -1.877168 0.414601 0.180441 -10.084950 13.978036 2.420717 0
0.000000 -0.108041 0.688817 -0.523921 -39.647478 -7.958549 11.347595 0
2.506229 -0.797006 0.987846 0.040827 -5.707531 -15.189447 1.833826 1
0.000000 0.298838 0.749454 -0.416615 1.073866 -3.986531 -17.579165 0
0.000000 -0.287935 0.765443 -0.291227 -2.539947 37.304947 0.773675 0
0.000000 1.256128 7.192594 11.718763 13.645618 71.471085 123.026962 0
0.184780 1.872512 2.929259 -0.107294 2.190775 7.031883 -1.387009 1
0.000000 -0.195899 0.287970 -0.432285 -3.241161 8.699714 -9.151005 0
0.500571 3.616324 -0.387823 -2.065005 18.053497 4.586289 -7.817478 1
0.000000 0.458182 0.335804 -0.258700 -5.691439 7.842513 -1.765960 0
0.121279 -0.691812 1.057229 -0.121924 2.161036 5.935258 14.108036 1
0.000000 -4.858513 1.423134 4.506572 -46.468117 10.788296 44.638579 0
0.000000 0.089384 0.290128 -0.381576 1.514143 15.658622 -8.725948 0
0.000000 -1.113911 1.479799 -0.351250 -4.412591 4.991206 -11.137491 0
0.000000 -0.220458 0.695868 -0.385498 -5.922872 -46.714667 17.816754 0
0.092539 0.898886 -0.668011 -0.071251 -9.197938 -0.397841 7.235538 1
0.000000 -3.872609 -5.538827 0.040728 -18.470100 -25.997213 -4.309387 0
0.435794 -1.785181 0.887565 -1.170385 -6.633698 4.205545 -8.606987 1
0.638978 -0.617641 0.071300 1.232484 0.408518 9.554863 9.603846 2
0.366428 -0.915465 -0.012757 1.523076 5.456525 -3.114374 10.992847 1
0.000000 -0.187752 0.574792 -0.364098 33.467716 -3.386950 18.746513 0
1.082012 -0.325370 1.931582 0.941378 -6.160137 12.732671 -0.661967 2
0.000000 -0.697349 0.657592 0.466030 9.751335 0.112872 -2.880827 0
0.292083 0.377831 1.673669 1.145366 -0.509762 -5.534708 7.844869 1
0.107699 -1.518816 1.534773 2.625786 -9.573064 0.267348 9.137831 1
0.744916 -0.235868 3.222197 0.400801 2.493395 11.298822 -1.690632 1
0.131940 -2.068451 2.426313 0.696903 -9.631487 4.260671 2.696673 1
0.104491 -2.263628 -0.136302 2.538730 -12.719669 3.777646 8.770087 1
0.000000 -0.039621 0.669416 -0.399005 -8.385088 33.686042 -15.004882 0
0.652582 0.019789 1.030193 -0.410738 15.634112 -8.110198 13.305167 3
0.144224 0.536031 3.735498 -0.301539 -2.549661 12.365606 4.714660 1
0.221063 -0.675522 0.080808 0.637378 4.691430 1.317768 7.044269 1
0.000000 -0.183864 0.411704 0.962224 5.266269 13.991254 4.196126 0
2.985742 1.960179 0.632093 -0.397406 3.049153 13.056942 -6.096707 1
0.000000 -0.399298 0.697392 -0.103338 -11.619792 -11.796911 -3.786096 0
0.000000 -0.955157 1.156469 -0.853568 7.125622 9.823217 -0.231128 0
0.374741 1.263815 0.634001 -1.021410 -2.523198 1.589830 -8.519528 2
0.000000 -0.064386 1.106693 -0.380584 1.894729 12.777991 15.015336 0
0.254317 -1.219052 -0.244254 -0.784725 4.282936 -3.779395 7.855250 1
0.000000 -0.630748 0.362222 -0.543505 7.939047 -6.209357 3.829329 0
0.416651 -3.042614 -0.564260 -0.652328 -7.606036 -4.847126 -4.988023 1
0.151008 -0.143776 1.720290 1.534741 0.844017 -0.683943 -3.515809 1
0.000000 0.010442 0.740270 -0.693692 4.591141 -5.353365 6.684573 0
0.141965 1.840731 0.385134 4.597200 4.426522 -0.679294 21.288230 1
0.120024 -1.317646 1.308782 -0.611966 -1.501298 5.547009 -10.851289 1
0.182852 2.186219 -0.663893 -0.096005 9.861543 3.962005 -2.786210 1
0.189724 -1.223566 1.370840 -0.533129 -0.521561 0.893772 4.367921 1
0.150160 -0.847900 -1.652122 2.180617 -8.382582 -5.692776 7.655955 1
1.373741 -4.905607 -0.368515 2.204341 -18.953093 2.469127 8.325535 1
0.000000 -0.408996 1.001576 -0.596714 4.801201 11.614423 -9.120218 0
0.170281 1.017552 1.561978 0.008434 12.044808 8.060044 -10.920408 1
1.505698 0.881589 -0.105587 -0.677111 3.995125 1.413331 -8.982404 1
0.360047 -0.259155 0.140256 -0.241637 17.940026 11.750996 5.118723 1
0.588861 -1.003632 1.347478 0.682415 1.368799 17.173516 1.652098 1
0.381565 -1.117761 1.505113 0.637915 1.950858 17.106257 -5.575705 1
0.000000 -0.132232 0.609808 -0.358872 47.796062 -35.717494 23.242400 0
0.000000 0.051520 0.540909 -0.351547 -12.691571 24.913991 14.563229 0
0.215498 3.645834 -2.363145 0.799406 15.458323 -5.134487 0.418664 1
0.000000 -0.344386 0.761276 0.189733 0.323762 -7.918091 -3.229726 0
0.000000 -0.278317 0.359593 0.774238 7.529468 -3.686123 -0.543492 0
0.000000 -0.121561 0.730162 -0.345455 2.207843 8.186758 48.393364 0
0.408569 0.463968 1.102877 -0.877760 -9.811783 13.039568 -5.667232 1
0.000000 -0.132465 0.762071 -0.360387 -28.342387 34.140128 -13.423214 0
0.205030 2.207289 -1.487421 -0.486026 4.121449 -6.405951 -5.046539 1
0.000000 0.266939 0.696174 -0.695265 -10.459385 -6.150907 0.499416 0
1.704172 0.132628 -0.105146 -1.604784 -4.822351 9.806040 2.811941 1
0.000000 -0.071588 0.694272 -0.321633 -51.510293 5.498658 14.861105 0
4.631110 -1.177777 0.992841 1.733923 2.293571 -4.802776 5.642578 1
0.000000 -0.124289 0.676616 0.304120 -1.182065 15.598332 -12.518477 0
0.000000 0.030076 0.953259 -0.543620 -19.877012 -14.415673 -11.111129 0
0.567692 -1.840192 -1.098175 -0.171888 -3.427717 -6.732940 5.077829 1
0.214292 -1.381065 0.948859 2.092230 -10.794701 8.746263 2.968002 1
0.450345 0.968980 1.620270 0.191550 8.767741 7.776623 -4.779963 1
0.000000 0.186775 0.372502 -0.479085 -13.515143 13.989218 -9.449796 0
0.000000 0.114226 0.393204 -0.267315 13.631913 11.760002 -18.604284 0
0.123163 1.151631 -1.448141 -2.542174 1.695290 -6.237263 -4.713672 1
0.000000 -0.088094 -5.535138 -3.488678 3.536840 -45.658887 -29.158421 0
0.387333 -1.200965 0.133999 0.793231 -6.470637 -9.951562 -1.058285 1
0.000000 0.167631 0.602148 -1.019621 12.125277 12.024480 0.797027 0
0.000000 -0.331412 0.316871 0.060695 -8.186970 19.127158 -11.195471 0
1.575080 0.031751 0.633928 1.586518 3.034488 -7.144612 3.435085 1
0.000000 -0.469127 -0.361158 -0.582401 -0.937188 2.024769 -12.371313 0
0.000000 0.279450 1.393212 -0.536205 2.253264 -7.542249 -2.903451 0
0.000000 0.295001 1.283363 -0.994384 8.050668 -1.336843 2.247114 0
0.184902 0.282093 1.934203 -0.355753 8.430904 7.856586 -7.950665 1
0.348863 0.358610 1.347686 -0.449776 12.139180 -7.729753 -6.247200 1
0.127948 -0.222725 -0.985749 1.372432 -8.942599 -2.081020 0.267282 1
0.127545 1.125519 1.189424 3.279254 -0.255963 10.400746 11.978002 1
0.089378 0.517685 0.062484 0.051893 -11.221341 -8.000716 -10.746494 1
0.220514 -0.453461 0.400985 -1.253175 -12.886421 6.833763 -4.403259 1
0.195396 -0.899677 -0.377559 -0.731154 -14.027105 8.905460 -4.344789 1
0.000000 -6.103720 0.359541 0.779559 -35.294045 4.811488 1.341338 0
0.000000 -0.288037 0.724645 -0.386638 9.513936 -26.127841 -18.026288 0
0.000000 0.727342 0.466891 -0.792281 0.686570 7.534257 -9.872015 0
0.000000 -0.327717 0.611911 -0.076362 -5.967397 26.999082 -6.884437 0
0.642375 0.124313 0.380645 0.037033 -0.053862 21.215504 -6.951085 2
1.288776 -0.296805 0.193619 0.146869 18.882374 10.755880 -0.744371 1
0.000000 0.010745 0.841387 -0.221667 -4.706237 4.871159 -28.868326 0
0.482430 -0.947236 -0.049901 -0.080856 -2.900820 -12.449136 -7.846785 2
0.000000 -0.159825 0.372311 -0.552476 -25.880232 -1.881869 -7.228903 0
0.000000 -3.146926 -0.032938 -1.547002 -16.538040 0.265973 -7.387403 0
0.000000 -0.096154 0.674137 -0.583131 -26.182506 4.825865 7.432008 0
0.000000 -1.671705 11.737064 2.832936 -6.860842 60.707563 16.406844 0
3.083945 0.116955 -0.004962 0.169568 17.302648 9.426232 -3.341509 2
0.000000 -0.054051 0.658904 -0.308110 -19.809394 -33.321689 -15.197607 0
0.367063 -0.788252 -0.488984 0.243719 8.981219 -0.567391 6.449450 1
0.000000 -0.350402 0.749066 -0.143773 3.675961 -7.910660 7.420102 0
1.059412 0.111952 0.772976 -0.902677 -14.939322 14.947796 -10.317595 2
0.000000 0.131479 0.368397 -0.361282 13.636828 15.751664 2.802361 0
0.202812 1.944934 0.836615 -0.432017 6.008037 1.910832 9.333639 1
0.000000 -0.207796 0.814751 -0.520150 8.637472 37.799015 5.363742 0
0.206856 -0.773406 -4.368536 -2.225499 -8.019304 -19.878163 -9.917095 1
0.000000 -0.328279 0.702056 -0.235048 23.744693 25.460002 -12.718613 0
0.000000 0.875016 0.111101 -0.551562 12.599082 9.508061 -8.440618 0
0.094435 -0.446120 1.143103 -0.363075 4.972041 -0.203609 -24.088351 1
0.000000 -0.233373 0.707894 -0.476537 -25.407996 24.615422 -16.117946 0
0.000000 -0.518944 0.591554 -0.724185 9.405225 4.267323 -11.886756 0
0.087582 -0.027723 1.175330 0.164511 13.942653 6.626481 -2.118748 1
1.378238 0.915937 -0.196074 0.219659 10.089565 -0.931967 -5.120159 2
0.000000 -0.278575 0.775960 -0.445997 -8.558371 12.273256 37.850322 0
0.093662 -0.061827 -0.213378 0.793097 4.186557 -7.130391 -10.701325 1
1.055006 -0.219037 0.192139 0.617799 14.657642 -3.334836 4.940582 1
0.290595 -0.318640 1.146002 1.481238 -11.020831 12.814317 -1.594643 1
0.226020 1.474709 -2.920144 5.088540 10.775933 -11.957627 20.852357 1
0.000000 0.043984 -0.097559 -0.157608 -5.125349 18.095718 -10.759084 0
0.504080 -0.823719 0.761261 1.044612 -11.460597 11.650161 0.073849 1
0.133644 -1.318669 -1.138482 -3.461587 -8.954859 -10.272919 -12.898484 1
0.000000 0.161662 0.701166 -0.244610 -3.851447 -10.792111 18.623835 0
0.102733 0.056130 -0.092053 0.913524 -7.806433 -2.001167 -3.295242 1
0.000000 -0.109302 1.187150 -0.053097 3.011712 -10.951245 4.051741 0
0.170184 -0.481899 0.168935 -1.500571 5.076369 13.937854 0.554819 1
0.080956 0.880691 2.549710 -0.825076 -3.003969 9.198411 -4.192222 1
0.171393 -0.559592 0.966665 -0.432135 12.300147 -15.202971 -9.415841 1
0.000000 -0.380864 0.624724 -0.272931 11.390206 19.112745 -1.469715 0
0.000000 -0.158707 0.239127 -0.732764 2.125520 -21.903773 -17.305603 0
0.707610 -0.880059 1.059435 1.870269 -5.553571 6.169706 -0.427529 1
0.161798 -2.318599 1.500752 -1.012813 -11.431196 9.368567 -6.593389 1
0.495528 -1.968749 2.728186 0.689866 -4.370184 3.766643 -0.067263 1
0.081729 0.096610 1.163345 1.612100 -11.396324 5.256206 5.263619 1
0.000000 -0.992118 1.254513 -0.015698 -11.784449 2.225697 8.836567 0
0.189760 0.453510 1.252171 0.057709 -1.501488 9.797701 -9.545291 1
0.266191 0.844903 0.528276 1.044960 -9.138374 -0.855083 1.500497 2
2.255952 -1.686491 0.963375 0.081349 -2.542987 -1.770464 -2.350620 2
0.000000 0.384936 0.739580 -0.970312 -7.904837 -2.275895 7.481605 0
0.000000 -0.507559 1.319226 -0.216967 7.482386 7.788450 1.594542 0
0.000000 0.896519 0.712575 -0.912254 7.715620 -7.602138 -10.573060 0
0.094543 -0.799502 1.482223 -2.466684 4.954554 8.990951 -5.397713 1
0.093801 -0.000220 -0.275615 -1.080519 -10.599471 9.944746 -9.074449 1
0.259589 1.334476 0.916472 -0.338533 -0.373318 2.797039 -8.419084 1
0.000000 -0.325190 0.690230 0.484165 -0.799295 -0.336785 -4.826214 0
0.597086 -1.039577 2.088635 -0.262902 6.104446 8.199978 -1.117379 1
0.000000 -0.343176 0.690352 -0.554225 14.216995 -10.244771 -13.911090 0
0.409757 -1.410480 0.726264 1.695318 -12.063409 12.277961 0.411668 1
0.703460 0.721250 0.049333 0.284944 6.913495 -7.946699 -12.017734 1
0.000000 0.226543 0.688898 0.153614 16.694378 0.345110 22.219020 0
0.592856 0.318268 1.850137 0.177513 -8.944271 12.412441 -8.918539 1
0.598064 -1.080085 -1.764668 1.488287 -10.773102 -11.867273 4.050579 1
0.000000 0.144193 0.893879 -0.342983 -4.040418 5.972676 20.400760 0
0.000000 0.669185 1.427280 0.319128 -1.400617 3.356529 -3.507685 0
0.107798 -1.334438 1.775403 -0.156159 2.092748 2.121700 -4.279438 1
1.282747 0.928308 -0.550685 -1.341528 6.270630 7.532905 -6.145083 1
0.179704 -1.029830 1.143281 1.112862 -6.769638 16.219186 1.404285 1
0.226650 -0.687368 -0.454858 -0.012034 -8.725816 9.770512 -5.796680 1
0.000000 -0.092918 0.913820 -0.265932 15.612709 1.781664 -10.879233 0
0.000000 -0.179391 1.325586 -0.783783 8.899714 5.255167 8.145135 0
0.590465 -0.511198 0.910353 -0.806904 -1.789132 -13.342279 -5.296361 1
0.323997 -0.528551 3.624600 -1.641362 -2.855462 17.529062 -0.528119 1
0.080856 1.237261 -0.367256 1.229201 6.616759 8.682851 -2.699556 1
0.143920 -0.169603 0.413208 -0.151896 -9.718176 -15.985534 -24.912872 1
0.128165 0.251711 1.253918 0.492079 -14.844059 6.450854 -4.010194 1
0.000000 -0.232462 0.419322 0.384924 -9.231553 -27.246088 92.199982 0
0.145470 0.309280 0.519595 -0.780815 9.911264 -2.822398 17.369366 1
0.000000 0.043912 0.530375 -0.227315 9.927057 -16.689729 2.751424 0
0.587126 2.826533 -1.535601 -2.050656 15.161082 -9.388181 -3.122485 1
0.235289 -0.258214 1.258295 -2.370612 5.947870 7.270737 -21.505257 1
0.569180 -1.078640 0.304587 -0.466205 -6.288400 19.354597 -0.949077 1
7.294495 -1.227381 0.662289 0.079126 0.987875 2.375938 -13.927332 2
0.773766 -0.158160 1.513209 0.337164 -2.919326 14.787560 -5.896815 2
0.543855 2.623042 -1.004014 0.563066 8.752458 -5.556000 6.069116 1
0.236315 3.028536 4.212000 -2.276083 14.816125 24.103522 -6.149322 1
0.000000 -0.516328 0.693850 1.325293 -5.800439 5.424676 7.008854 0
0.109437 -1.464072 -0.032284 -0.961508 -5.258517 12.166492 -10.246739 1
0.000000 -0.620752 0.922187 -0.062140 11.870179 6.375001 3.934552 0
0.000000 -0.324344 0.810547 -0.462614 -0.248380 -28.920666 -19.957145 0
0.556263 -1.539730 1.069443 -0.226252 -8.696832 11.055541 -2.940327 2
0.624303 -0.157205 0.953173 0.063469 19.174992 13.673880 -7.724590 1
0.000000 0.048337 0.904066 0.189797 -5.651821 -1.188588 12.037002 0
0.000000 -0.763312 -0.535514 -0.391247 -4.211792 5.714672 -3.768601 0
0.126609 -0.069390 0.080895 1.254701 8.357233 12.732599 0.200467 1
0.000000 -1.667035 0.946765 0.078088 -8.909765 -8.030095 0.377317 0
0.887808 1.143952 -1.526937 0.258250 -0.078642 3.000291 0.502298 1
0.000000 0.392446 0.198718 -0.014983 5.337092 13.541442 11.212382 0
0.000000 -0.428736 2.380077 -0.568593 6.796493 5.983809 -7.312771 0
0.126531 -0.762283 0.910761 0.267662 -11.828176 3.094429 -13.776753 1
0.000000 -0.602443 0.073246 0.640647 3.362761 3.679451 0.022554 0
0.342997 0.058830 1.172208 -0.597628 16.002376 13.033383 -13.620401 1
1.141486 0.226501 0.131308 -0.727299 13.759214 -5.160716 1.167986 1
0.181571 -0.091071 0.426414 0.696271 -2.743993 1.814535 -9.098636 1
0.271737 0.598128 0.251707 0.076955 -4.221990 6.181623 -12.119398 1
0.000000 0.209677 1.493647 -0.733422 11.471916 -0.498740 -3.517033 0
0.000000 -1.036681 1.060166 -0.187681 -6.603418 -0.327784 -4.629022 0
0.370942 -1.597674 0.754645 0.248319 -11.173123 12.270281 -6.344274 2
0.000000 -0.144712 0.827660 -0.768629 2.757613 11.459249 -1.948403 0
0.000000 -1.045853 2.209917 0.073237 -2.847017 11.481063 2.126173 0
0.000000 0.963067 1.393936 1.848527 0.165376 13.942356 5.208981 0
0.178200 -2.703916 -0.286697 0.026016 -3.249209 4.839553 0.991385 1
0.269147 -1.240946 0.660451 -0.295022 0.764930 21.336314 -0.077488 1
0.000000 1.477783 0.213494 0.394797 15.540165 3.488707 -6.048369 0
0.195759 -0.021996 -1.887287 0.978903 -5.000957 -5.288929 -2.660823 1
0.000000 -0.298838 0.394054 -0.527693 -14.611553 24.853122 -6.584400 0
0.000000 -0.121381 0.665817 -0.418537 -25.726475 -29.330328 32.046674 0
0.130606 0.067376 1.801580 -0.618023 -2.386182 9.225050 2.651230 1
0.180981 0.377814 4.102029 2.928064 -0.770440 20.112248 14.088922 1
0.000000 0.710908 -0.470709 -1.692473 1.536888 4.436096 -4.619846 0
0.000000 -0.548638 -0.020347 -0.099411 10.394352 2.245095 -4.707022 0
0.337684 0.568839 0.098743 1.980892 2.603818 -5.008359 -0.722844 1
0.000000 -1.750112 0.655815 1.208794 0.318284 -3.925975 4.983570 0
0.000000 -0.027115 1.053670 -0.639157 -17.303440 12.910331 -4.909651 0
0.107057 -0.446985 1.101947 1.927450 0.953904 16.880718 5.889998 1
0.000000 -0.252986 0.778208 -0.256571 -26.668696 9.149013 -14.040778 0
0.000000 0.651601 0.769899 -0.413707 12.195463 -2.805083 11.651120 0
0.148499 1.711801 0.469385 -1.528989 -1.061487 -2.765847 -1.776890 1
0.000000 5.743528 -8.898491 15.723768 47.395694 -73.868925 128.031040 0
0.000000 0.113965 0.456321 -0.167183 -10.574449 -8.858500 -18.882251 0
0.000000 4.226314 -10.523617 3.304942 34.560496 -86.440896 26.082737 0
0.000000 -0.183986 1.267458 0.172913 -3.332887 10.396901 -4.940593 0
2.752555 -0.188472 1.247479 -1.275983 -3.596470 2.712149 9.001711 1
0.000000 0.236396 0.104328 -0.878857 0.337698 7.686059 -7.922197 0
0.104305 0.013450 0.579049 0.660536 16.909438 -1.614854 -3.888635 1
0.144490 0.364325 1.410876 -1.453685 -10.108865 0.940596 -4.056384 1
0.000000 -0.021563 0.629354 -0.577338 -5.885042 16.951714 13.547619 0
0.144851 1.014294 0.217301 0.738134 5.033388 -3.553426 -9.198466 1
0.132290 -1.605819 0.919791 1.379216 -9.219751 10.840778 -4.221531 1
0.000000 -0.276631 1.015196 0.455868 -1.783517 17.447989 -7.116555 0
0.000000 4.745649 -0.397556 0.163008 24.721096 -4.422338 1.148377 0
0.000000 -0.870563 1.147045 -1.280311 -1.458064 4.560757 -3.942882 0
0.691052 -0.585110 -1.054402 0.069882 6.035063 -0.606080 -0.910013 1
0.123125 -3.013097 -1.206087 -1.434252 -10.086717 0.713124 -4.140708 1
0.000000 -0.253639 0.840906 -0.546331 -4.794232 -7.639887 -15.945621 0
0.000000 -0.090606 0.868795 -0.371070 17.540157 22.733757 4.437571 0
0.000000 -0.569567 0.653639 -0.147116 -3.989359 2.887502 18.474046 0
0.000000 12.079906 -21.932872 1.721547 162.421359 -299.020886 25.893037 0
0.083960 -1.467708 -0.280975 1.653215 -7.805918 4.593106 2.854513 1
0.000000 2.314324 10.662034 11.053710 21.275494 93.634047 98.850664 0
0.000000 -3.505217 4.526922 -1.123214 -15.759252 19.617716 -10.669789 0
0.118415 0.447337 0.529428 -0.715620 11.248214 16.751822 6.438859 1
0.123056 -0.450701 1.196592 0.889498 3.209098 11.761088 -6.258389 1
0.000000 0.156435 0.357964 -0.171519 -6.446516 -7.870705 -17.848353 0
0.000000 -0.279603 0.714474 -0.333140 -42.720528 -29.683310 -14.600771 0
0.000000 -0.676093 0.415072 -0.220804 2.522076 2.463564 -10.332445 0
0.219520 -0.578645 0.488965 -0.547436 21.090740 15.413946 -4.762627 1
0.000000 -0.787331 -0.701946 1.366530 -0.487946 7.819640 -1.155758 0
0.000000 0.603623 1.472391 0.184991 -5.352531 8.469939 -7.590700 0
0.193296 0.171348 1.215622 1.168205 -3.984152 17.784807 -2.370743 1
3.348174 -0.006268 -0.646425 0.621285 3.749876 7.813320 9.577238 2
1.417540 1.831860 1.839292 0.059892 1.324193 0.721238 4.422060 1
0.000000 -0.055455 0.916786 -0.956668 -13.537874 3.931620 7.863498 0
0.189420 1.704848 1.965917 1.483934 12.049604 13.820813 3.691987 1
0.000000 -0.092423 0.674717 -0.591783 -4.756757 13.389252 -12.713141 0
0.000000 -0.521008 0.586719 -0.696349 12.389347 6.490620 2.542269 0
0.092091 -0.286539 0.788602 -0.549370 -21.522127 27.667553 15.358467 1
0.486369 0.083963 -0.435242 0.274297 -10.865810 8.133878 1.517159 1
0.000000 -0.760293 0.792653 -0.537218 -4.771105 -2.196341 -2.410726 0
0.000000 0.112186 0.527070 -0.342166 -13.201741 -3.277712 -16.123666 0
0.000000 0.557323 1.529608 -0.164391 -5.349233 7.172214 -10.705794 0
0.000000 -0.241819 0.749398 -0.237352 6.999535 16.642622 27.611361 0
0.000000 -0.376478 0.384807 0.147206 6.637542 4.417199 13.908673 0
0.000000 -0.646022 -1.062870 0.391899 -5.039939 -14.521817 5.396161 0
0.000000 0.078133 0.704587 -0.932951 -10.411918 9.341475 -10.145923 0
2.596189 -2.995171 -2.359797 -0.256241 -12.317613 -7.625382 3.813027 1
0.000000 -0.362281 -0.287986 0.029460 -1.664237 7.957560 -0.566819 0
0.000000 -0.003174 0.853833 -0.580952 -14.739065 26.782630 2.023093 0
0.000000 -0.095982 0.823588 -0.543807 -28.025279 18.027707 4.661314 0
0.109886 0.272676 1.408967 -0.446701 -6.279184 12.503551 -9.303781 1
0.000000 -1.751064 3.113324 -1.589713 -3.398198 14.827336 -3.297994 0
0.307529 -1.426694 -1.753274 -2.092722 -1.925237 -7.410466 -1.619754 1
0.224214 -0.454754 -0.237816 -3.143331 3.854753 -6.225713 -10.673659 1
0.000000 -4.236230 9.747532 2.320296 -35.989745 82.527831 19.825925 0
0.121886 0.015331 0.052042 1.145609 -3.826880 11.318001 4.277193 1
2.036878 2.229818 -1.726405 -0.890915 2.480733 -3.497458 -5.839248 1
0.000000 -0.369162 1.070118 -0.193590 -1.803962 -7.740325 -12.788238 0
0.087214 -1.098187 -2.385711 -1.007776 0.462588 -6.718175 1.968538 1
0.000000 -0.406427 0.732961 -0.416820 -7.427401 28.595519 10.500904 0
0.000000 -0.260022 0.739094 -0.628837 -5.968410 16.600288 -6.323354 0
1.195467 0.066021 1.047801 -1.233424 2.866956 -4.856618 -8.844584 1
0.124532 0.260921 1.489530 -0.700959 -10.713290 8.151216 -8.202489 1
0.239527 -1.117689 -0.248402 -0.575721 1.599261 0.091511 -7.594858 1
0.513647 -0.351877 0.104557 -0.579907 -4.436233 16.829058 -7.156453 1
2.322161 0.701119 0.463841 -0.574651 -3.371040 12.616860 13.840091 1
0.000000 -2.843331 0.029988 -1.356579 -5.519033 -4.301078 -3.206184 0
0.000000 -0.926871 5.160437 -0.258552 -5.261174 24.403027 -1.751060 0
0.287633 -0.390806 1.449575 1.630539 1.465421 10.098999 8.895041 2
0.080411 -1.142636 1.335511 0.878529 2.838872 -3.489814 -3.800431 1
0.000000 0.013220 1.447325 -0.058663 3.175125 28.668108 9.589482 0
0.000000 -3.662153 1.222053 0.635072 -29.535781 8.360138 4.445817 0
1.039799 -0.790686 1.161844 1.146327 -10.144219 4.893257 -2.489213 1
0.000000 -0.009548 0.483601 0.178372 10.110070 1.256204 5.598614 0
0.193774 -1.354286 -0.619345 1.189908 -4.295122 -12.563441 6.820858 1
0.204408 -0.616691 1.264654 0.253920 -6.427464 3.901691 -8.182867 1
0.203976 -0.922627 0.290002 -1.070856 10.087106 0.308684 -8.797740 1
0.000000 0.012985 0.840337 -0.456476 -4.198477 -12.177558 -31.416506 0
0.224716 -0.382103 0.709675 2.061345 -7.140228 10.278404 1.830467 1
0.000000 -0.936772 0.948613 0.073826 -1.319531 6.469199 -16.015260 0
0.183623 0.250916 0.497742 -0.100464 -22.573394 3.086396 7.389618 1
0.000000 6.743367 -0.176831 -4.294678 53.774466 -2.061752 -34.592746 0
0.000000 -3.203039 3.350511 -0.786430 -23.450552 22.813616 -6.552592 0
0.205052 -1.553317 -0.425503 1.174025 -3.334897 -10.048231 3.393396 1
0.256881 -0.594651 -0.352077 1.557320 -0.057753 8.502297 11.554848 1
0.383592 -0.417714 -0.404376 -1.574090 -4.601520 8.508755 -13.196567 1
0.115189 -1.415673 1.696894 1.294053 -1.796765 0.379348 13.669848 1
0.000000 -0.068509 0.583982 -0.264299 -27.678775 -11.551041 25.928008 0
0.208231 -0.796910 0.038524 1.446645 -0.783011 -3.449649 -2.038672 1
0.000000 -0.274739 0.490696 -0.409161 -2.469676 2.180313 13.026465 0
0.460238 1.028277 0.134442 1.117905 6.867950 2.671742 -9.315471 1
0.500482 0.012776 -0.361586 -0.255373 8.039014 -5.300706 -7.046267 1
0.190881 2.104227 0.355022 1.697909 11.967879 -2.224675 0.748924 1
0.000000 0.106206 0.581726 -0.874826 10.206636 16.113086 -11.268327 0
0.000000 -1.699909 0.685479 0.158872 -12.781150 9.986480 -6.754321 0
0.000000 -4.474051 1.146916 -1.029450 -22.376552 7.396603 -6.570940 0
0.639887 0.395165 0.197670 -0.781754 13.632845 8.568074 5.001567 1
0.000000 3.643680 -9.437986 -20.142628 32.761909 -85.304072 -178.548037 0
0.000000 -0.254923 0.721060 -0.402975 -2.868152 37.941851 22.901693 0
0.286232 -0.906677 0.485209 1.269430 -1.820006 10.822216 0.349011 1
0.111446 -0.828285 0.792638 -0.152902 8.817755 -5.061430 -12.981347 1
0.000000 -0.284546 0.653524 -0.298757 -20.978833 -26.770562 -7.922116 0
0.000000 -0.860047 0.565182 -0.305685 -3.344975 2.023302 -9.141261 0
0.000000 0.239182 -0.132029 -0.394839 5.930618 3.080158 -7.059210 0
0.000000 0.470956 0.545148 -0.321370 -4.842024 -3.863377 7.947375 0
1.166044 1.499886 1.402784 3.049822 3.135599 12.839729 12.006264 1
0.000000 -1.211399 1.304799 -1.110258 -8.612415 15.825971 -13.192300 0
0.396613 -1.020105 -0.726711 -1.244580 -5.944552 10.068944 -1.537069 1
0.000000 -0.113010 0.748343 -0.327808 -37.891840 21.445092 -29.246813 0
0.000000 0.848125 2.180537 -1.992666 2.947839 15.535065 -14.135338 0
0.000000 0.116269 -0.035538 0.118945 17.533727 9.369575 -2.158422 0
0.107929 -0.458377 -0.360332 -0.715553 -10.040033 -2.073512 -15.378004 1
0.167175 0.182540 1.574819 -0.494306 -3.793491 11.425181 -11.347366 1
0.254952 1.649478 -0.117115 -1.319009 -1.018414 7.829648 -5.068841 1
0.000000 0.704206 1.396990 -0.224948 -6.827885 5.451815 -12.701283 0
0.000000 0.354172 2.138421 0.828678 -1.866940 16.428233 0.637526 0
0.121547 0.404024 -3.701987 -0.526019 -1.947041 -18.182941 -6.327671 1
0.000000 -0.212247 1.029139 -0.494156 0.199988 -12.115750 -12.907102 0
0.000000 -0.365829 -1.244821 -0.814664 4.095279 -8.700311 -7.598574 0
0.000000 -0.405182 0.740490 -0.738166 -15.599822 14.524897 7.424144 0
0.000000 -0.408864 0.832365 -0.705111 12.193731 1.773207 -19.677429 0
0.000000 0.097220 1.098551 -0.894089 -13.159016 17.160430 -6.698681 0
0.000000 -0.029820 0.081105 -0.410948 -7.648719 2.516397 -3.625803 0
0.000000 -0.284408 0.537606 -0.439528 18.734338 -4.827608 -5.010662 0
0.000000 -0.204225 0.662370 -0.348728 40.212048 30.890829 61.649890 0
0.109822 2.150716 0.099754 -0.874131 3.513767 -0.213748 -6.117779 1
1.950578 1.156426 0.302679 0.137155 3.112104 5.697632 -4.671724 1
0.085723 0.481528 0.893591 2.080240 -0.270455 5.072697 6.673069 1
0.000000 -0.789122 0.121369 -0.237705 -3.603707 1.204368 -13.757491 0
0.410668 0.335695 -0.262299 0.211404 0.383874 -8.734311 -15.598050 1
0.278253 -0.177935 1.288324 0.131937 -6.331800 8.773869 -16.517870 1
0.000000 -0.412525 0.839964 -0.148301 4.789744 12.327040 -6.180107 0
0.191416 5.607716 1.572651 -0.465032 25.418287 12.114933 -3.416666 1
0.204516 1.097740 -0.029030 -0.205761 -5.138118 7.805267 7.469455 1
0.119244 -0.446191 -1.186497 -0.554624 -0.061392 -11.632873 -14.544734 1
0.394798 0.008866 1.186530 1.010033 -4.548183 12.624555 1.884299 1
0.000000 -5.079687 -19.384018 -3.486732 -51.893766 -203.265587 -34.883730 0
1.687457 2.516502 3.580576 0.772151 9.962421 10.775650 6.298429 1
0.000000 -0.081732 0.613510 -0.326532 -1.010576 21.822922 7.329876 0
0.000000 0.119572 0.575285 0.404245 10.224630 -3.637787 -7.671428 0
0.835224 0.968706 1.441450 0.025445 -10.611256 11.924888 0.405089 1
0.133760 -0.794337 0.750921 0.811610 8.413281 15.217357 2.717381 1
2.914902 2.522232 -6.656391 -0.830792 15.875179 -40.941138 -5.072379 1
0.000000 -0.481338 0.871349 -0.133278 18.241246 12.902325 -7.029162 0
0.000000 0.063326 0.973998 -0.241693 9.180076 -12.782372 5.713319 0
0.000000 0.011163 0.605642 -0.007387 -3.427398 -14.397349 4.066841 0
0.000000 -0.235655 0.673154 -0.456203 -24.786988 -39.299194 -0.048534 0
0.000000 -0.341292 0.532894 -0.207266 -13.729882 6.992040 3.272553 0
0.000000 -0.497232 1.314963 -0.411216 -14.901877 -0.584958 -4.391939 0
0.170390 -1.127114 0.128350 0.362793 2.678292 0.375806 -7.048081 1
0.000000 0.158670 0.028155 -0.355620 -0.806892 5.653716 -19.296565 0
0.710018 0.004709 0.608306 0.482003 -0.331476 -8.136902 -13.863311 1
0.490174 0.235228 0.591115 0.003254 -0.340976 -16.954925 2.021044 1
0.000000 -1.916155 1.311875 -0.161946 -6.635994 6.241990 -14.647671 0
0.191407 -1.762639 -0.805077 -2.273670 -0.072541 2.216526 -8.671268 1
0.086220 0.155731 0.309060 1.367938 -9.492471 3.170676 1.704830 1
0.000000 0.002401 0.440270 -0.482612 2.298329 21.486930 17.602640 0
0.000000 -0.321469 0.250666 -0.934132 8.418403 10.205645 -2.279932 0
0.000000 -0.877683 -0.296763 -1.218500 -0.015388 0.750804 -9.512510 0
0.000000 0.435958 0.426421 -1.118863 -1.842870 11.531453 2.047916 0
0.119733 -0.036429 0.673792 0.271394 -8.368236 17.418844 12.556918 1
0.155712 0.475782 1.238540 -0.890189 6.934840 0.059220 -19.220262 1
0.248140 1.519820 1.182293 0.605163 -0.567518 6.769396 3.147882 1
0.211986 -1.410520 -1.790816 2.540765 -6.474811 -7.013351 3.280617 1
0.000000 0.047276 0.719423 -0.236169 7.282553 -8.275206 -9.226841 0
0.000000 -5.177464 9.268221 10.063730 -24.561583 44.430239 52.532489 0
0.364258 0.200102 0.663896 -0.784221 -17.449305 6.724063 -14.316330 2
0.081905 -0.560086 1.498932 0.333556 -1.360316 -9.139968 -2.675262 1
0.000000 -0.851358 -0.350773 -0.589232 3.436501 6.012437 -7.437998 0
0.000000 -0.925525 3.537359 -0.113286 -4.294758 18.024024 -1.547072 0
0.208666 0.622194 1.183419 1.119263 9.540097 7.568602 -3.148767 1
0.338702 0.962907 -0.630445 1.990042 7.736276 3.784147 9.802959 1
0.000000 -0.658111 0.445373 -0.816599 6.176154 -2.594828 2.305553 0
0.261780 -0.551520 -2.707106 3.004896 -5.830593 -24.585978 25.933681 1
0.000000 -1.808940 -0.853570 0.249864 -9.164360 -5.062404 3.430701 0
0.000000 -1.178678 1.318408 1.237939 -3.240112 8.634609 1.204007 0
0.000000 -0.386364 -0.799547 0.679185 1.925913 -15.139084 -5.106776 0
0.000000 -0.024029 -0.914917 -0.589494 -0.656005 4.892448 -1.041216 0
0.124445 -1.337637 1.279801 -1.217807 -4.862961 2.946800 -11.454472 1
0.000000 -1.753706 1.272683 -0.632228 -6.869048 5.128504 -4.090690 0
0.415176 -0.006038 -0.034402 0.560392 -4.275872 14.475593 -0.665015 1
0.878922 -0.654226 -0.424810 0.500549 -0.915851 3.893635 13.126874 1
0.094683 -0.182136 0.236658 -0.578752 6.855560 1.606297 23.382678 1
3.025229 0.193814 1.485277 -0.512298 9.589908 -11.087891 -1.611514 1
0.000000 -0.375080 0.002509 0.962106 3.975861 16.882284 6.946286 0
1.385436 -2.434838 1.399421 0.913973 -2.234627 10.562460 3.961230 1
0.188343 0.618087 -0.044533 1.120745 -5.672864 5.222835 2.275459 1
0.000000 -0.426520 0.909813 0.057723 12.344033 4.178785 -7.374640 0
0.266901 1.478734 0.252112 0.881019 -4.658586 -5.022828 3.869816 1
0.352073 -0.684849 0.459986 0.344622 -0.692657 16.574901 13.328529 1
0.588656 1.294673 -0.890944 -1.552298 5.252231 0.461145 0.188151 1
0.000000 -0.540339 -12.366497 -15.695149 -4.412306 -113.239633 -141.388041 0
0.147682 0.794950 -0.368632 0.733562 -6.057712 0.839359 11.440986 1
0.000000 0.023124 0.718994 -0.181278 10.790357 -1.567157 -10.664410 0
0.000000 -0.940229 -0.541917 1.108049 -5.535829 -2.783749 7.949952 0
0.000000 -0.585121 0.755004 -0.318627 -9.479675 21.357261 -17.463298 0
0.000000 -0.022007 0.790430 -0.214721 11.417470 30.707101 0.411850 0
1.115389 -1.037359 1.330352 0.617403 -8.104630 8.947801 -2.868026 1
0.100224 2.594620 -2.048946 -1.005907 4.524323 -6.708099 -9.478565 1
3.043771 2.054180 -0.492622 -2.140009 5.660560 -1.260032 -1.832773 1
0.000000 -0.207195 0.363952 0.159954 1.505504 -11.117639 9.936846 0
0.154714 -1.427252 -0.684676 -0.596629 6.766773 2.137079 -0.843355 1
0.000000 -0.192266 0.605093 6.096369 -1.696791 2.216019 86.086171 0
0.000000 0.608201 0.793938 -0.353891 11.727367 -0.790964 2.542298 0
0.000000 -1.692614 -0.277808 0.123916 -10.494103 2.023626 -9.747005 0
0.156661 0.090680 0.596015 1.798135 -0.404062 13.687674 -0.990636 1
0.000000 -0.258220 0.642596 -0.359877 -25.606977 -21.756509 34.117519 0
0.000000 -0.397997 0.369332 -0.809277 14.163867 6.435909 6.273468 0
0.133107 0.665258 0.432840 0.445986 -2.922551 4.003198 -8.698140 1
0.116244 -0.633645 -0.141783 -0.291075 -5.898427 17.873002 -0.656947 1
0.262815 -0.783854 -0.459312 -0.764124 -0.777643 10.572058 -8.767915 1
0.000000 -1.057545 0.630050 0.583742 2.987446 8.081928 10.501394 0
0.591538 -0.010818 -1.710833 -2.630878 -4.554175 -3.382697 -13.509148 1
0.273814 0.175550 1.280002 -1.248458 -4.467135 0.727863 -14.497796 1
0.000000 -1.460011 1.502949 0.875006 -8.136350 0.618009 -2.027389 0
0.625099 -0.244606 1.594262 1.368652 -3.923014 12.808304 -0.066713 1
0.953431 -1.323494 -0.698818 2.566411 -1.299589 0.489390 9.620869 1
0.000000 -0.374381 0.526983 -0.480076 -24.734646 -1.648988 8.665270 0
0.000000 -1.089919 -0.039009 -0.260614 5.013349 7.331989 -10.659419 0
0.178332 3.348246 0.004716 0.402686 14.419433 5.400492 5.699917 1
0.799338 0.165764 0.350467 -0.654370 1.905723 24.615543 -3.634913 2
1.884918 -0.966062 0.137412 0.837326 8.707061 3.391822 3.107784 1
0.093160 0.062184 0.092029 0.111833 15.507539 16.158284 8.667583 1
0.000000 12.921499 4.709323 -11.877888 72.025310 24.726252 -65.198408 0
0.080850 1.989239 -2.593883 2.117209 2.572132 -12.837401 8.547722 1
0.277717 -0.013393 -2.433119 2.407308 0.756497 -2.536698 11.777566 1
0.000000 -0.463125 0.646466 0.250163 -7.616302 11.251612 7.687499 0
1.020862 -0.497515 -0.020596 0.198696 -11.009384 10.215581 3.618530 1
0.000000 1.296163 1.074654 -3.116894 135.466437 39.675087 -258.603503 0
0.410517 -1.261342 0.484054 0.462089 -13.186965 9.695500 -9.480231 1
0.000000 -3.335282 0.817558 1.427077 -16.012582 6.203602 0.717214 0
0.000000 -0.115570 1.111814 0.060265 -6.387898 5.972138 10.287941 0
0.000000 -2.202762 0.511246 -0.148049 -9.429104 7.972112 1.689602 0
0.000000 -0.327744 0.862794 -0.386857 -10.060913 -6.976281 -23.618950 0
0.291207 0.763292 0.512184 -0.748988 -10.084637 -0.702679 6.672147 1
0.780826 -0.014899 2.558830 0.646538 -10.413737 6.653626 2.057624 1
0.000000 -0.045252 0.548401 0.074263 -4.074244 -4.803502 -12.817547 0
0.111657 -1.145922 0.963468 -0.195955 -10.132676 -0.099314 -15.080729 1
0.000000 -0.292114 1.147747 -0.278338 -15.065745 -6.945519 8.813078 0
0.503658 -1.483883 1.415818 0.123364 -1.661543 5.164246 0.198495 1
0.266518 -0.873329 -0.703858 -0.979096 -11.165063 5.586497 3.110205 1
0.000000 1.210849 0.670451 -0.633646 7.731876 3.668771 -0.789198 0
0.000000 -0.352700 1.024014 -0.897436 -11.995044 -3.987757 -4.612695 0
0.081261 2.234252 -0.231610 -0.195662 2.239444 -8.024092 -3.863321 1
0.000000 -5.266118 1.504686 -6.030319 -30.868455 8.188946 -36.503024 0
0.607244 -0.364593 2.255152 0.318536 3.151725 -2.997343 -3.388213 1
0.000000 -0.946540 -1.155891 -6.101438 -14.140875 -25.939208 -93.307414 0
0.157175 -2.403312 -0.647656 1.928127 -18.973414 1.190222 2.980739 1
0.000000 -0.192241 0.254943 -0.298739 11.513574 -9.595613 -8.647329 0
0.000000 -0.167427 1.115774 -0.338572 -10.513057 21.270473 14.332422 0
0.140945 2.182955 0.835101 1.123196 0.829222 -2.366028 6.920369 1
0.288794 -0.193165 0.568738 0.019658 16.314173 -8.036215 -14.961823 1
0.182724 0.501529 -0.058845 -0.095372 7.020807 22.915218 0.389388 1
0.115248 -0.949081 0.638142 0.631174 8.960762 -7.659162 -1.561983 1
0.000000 -3.613141 3.997704 -4.045387 -44.644060 44.527669 -47.797364 0
0.292049 -0.054789 -0.677069 0.669263 13.643097 2.566928 -2.816936 1
0.000000 -1.478089 1.284780 3.386098 -3.432475 4.887057 13.704528 0
0.507219 -1.216581 -0.809312 1.336839 -1.787028 -12.209341 0.227980 1
0.000000 0.127924 0.221999 0.577864 -3.984754 -3.140794 12.158942 0
0.153073 1.993033 1.145794 -4.808984 10.203436 -0.344263 -24.252030 1
0.000000 0.644984 0.280249 -0.734301 -12.821662 4.946743 -5.327489 0
0.000000 -0.890584 0.709339 -0.205963 -32.738408 3.805478 0.429099 0
0.000000 0.197825 0.723289 -0.750590 -9.487120 4.584310 -14.727506 0
0.458870 0.202680 1.123599 -0.639862 -0.000184 10.459649 -22.588903 1
0.085890 -0.095412 2.394136 2.147822 4.106673 2.675025 11.714689 1
0.000000 0.147959 0.061820 0.246150 1.058288 0.855217 -12.103428 0
0.000000 -5.817753 20.907929 14.240818 -51.034991 183.616903 126.067367 0
0.000000 -0.270212 0.611085 -0.795364 -12.560623 -1.937280 12.310959 0
0.000000 0.006210 0.625848 -0.288906 -8.728646 -20.342317 -13.021366 0
0.472146 0.624128 1.688968 -0.246007 -2.150684 10.390363 -8.691359 2
0.156623 -1.137301 0.899421 0.534362 5.365411 14.773855 -5.504656 1
0.000000 -0.214323 0.774635 -0.193266 20.294471 5.151779 -16.324177 0
0.000000 -0.163443 0.689738 -0.433082 -10.583241 52.770905 43.018953 0
0.127719 0.353287 -0.381265 2.349332 -6.615725 0.296336 12.539102 1
0.000000 -0.125840 0.836928 -0.539531 22.838988 -9.100516 2.610828 0
0.393003 1.411086 1.240967 -0.522496 -4.174573 3.287539 -1.742912 1
0.395444 -1.375650 -1.689296 0.165072 0.751015 0.489235 5.291481 1
0.150757 1.776125 -0.926155 1.499068 11.182803 0.161717 3.208735 1
0.613619 1.697390 -2.199721 -1.290468 6.379620 -9.275490 -4.147668 1
0.371705 -0.479356 1.663008 0.137190 -12.555104 2.958830 -9.061937 1
0.128172 -0.995518 0.022611 1.167713 -3.676325 -3.580677 -1.461083 1
1.227367 -1.115223 2.744927 1.026338 0.186632 8.987937 3.452575 1
0.000000 -2.284922 -3.196576 -2.696628 -13.659686 -15.910534 -14.903707 0
0.285623 0.175820 -0.779122 -0.810825 9.929112 4.671601 0.247064 1
0.000000 -0.390382 0.864535 -0.212469 -30.423479 23.350745 26.549272 0
0.151928 -1.569339 1.338643 0.090481 -8.297999 12.722610 3.727349 1
0.107729 -0.523862 -0.016101 -0.008194 -3.234714 -13.760058 2.670462 1
0.789450 -0.223429 -0.061224 -1.825131 -0.160273 3.752113 -13.948413 1
0.417882 0.770408 0.073532 0.928836 -9.541748 -0.113281 9.486558 1
0.415458 -0.699173 -4.082571 -0.189601 -5.346045 -13.773492 3.556927 1
0.510419 -1.467827 0.619657 -0.913541 -2.531113 -2.176487 -8.709043 1
0.130425 -0.770158 0.710494 -0.607880 14.529528 11.362854 -10.400029 1
0.000000 -1.699986 -1.055669 0.198383 -13.917998 -5.730037 1.599208 0
0.489643 -0.283962 0.973829 -3.198183 -3.588070 5.578402 -6.806515 1
0.449688 1.215014 1.729702 0.371852 0.216831 10.543934 -9.590034 1
4.640213 -2.091298 -5.211316 -6.754472 -7.432024 -22.951498 -32.715366 1
0.000000 -0.493918 0.056941 -0.094300 5.203952 3.690538 -8.099404 0
0.088752 -1.151460 1.537666 -0.254070 6.081346 5.903634 -3.710444 1
0.124181 1.261955 -1.558905 0.096437 3.483059 -2.377917 -5.050491 1
0.142677 -1.521824 1.178885 0.354459 -5.040787 12.147044 8.296281 1
0.646196 0.195254 0.169162 -0.964097 9.562752 -3.518897 11.540178 1
0.112694 -0.077020 -0.154223 -0.881633 7.290668 12.235853 -3.425356 1
0.176104 -1.078174 0.594821 -0.774913 0.281835 18.349355 -12.238442 1
0.106965 0.370697 2.365451 1.903150 3.875815 16.640638 6.294526 1
0.330430 1.057831 -0.071864 -0.596158 11.875015 0.834832 -9.701115 1
0.000000 6.986377 1.550025 5.935955 119.970095 17.961780 104.778209 0
0.000000 0.003322 1.303803 -0.541523 -2.221214 -5.043464 -6.146272 0
0.000000 -1.040696 0.069675 -1.033911 5.541069 -1.303835 -7.114010 0
0.126972 0.835079 1.215333 -0.047534 2.721903 5.357486 -7.998154 1
0.000000 0.101932 0.416706 0.028152 10.279331 -8.668650 2.412221 0
0.000000 -0.006636 1.090717 -0.459582 17.349753 14.497932 -9.974970 0
0.000000 0.822181 -0.777793 -0.929917 6.798236 -2.524779 -7.501143 0
1.665441 -0.125681 1.034667 -0.986025 -6.965340 14.990501 11.904929 1
0.167356 -0.971012 1.102591 0.642060 -10.845633 -1.999849 -5.450466 1
1.433413 3.083015 -2.739617 0.066943 7.458090 -12.988393 1.394517 1
0.264805 -1.755009 -1.358135 0.917383 -7.544646 3.488700 4.307083 1
0.110793 1.118565 0.827055 0.096485 -3.604599 -0.049470 -2.118050 1
0.000000 -0.210407 0.712616 -0.403910 27.607212 4.285053 43.909743 0
0.195410 -0.162672 0.479946 -0.757218 1.524750 6.708768 25.233730 1
0.000000 0.746646 0.460129 1.458252 -9.531201 -1.542543 5.088263 0
0.000000 -0.494292 1.474250 1.625147 2.603374 10.533998 8.308499 0
0.000000 -0.867590 0.687645 -0.479100 11.264008 3.021335 -5.731968 0
0.174903 -1.338483 -1.142895 -0.824685 -7.330483 7.212726 -5.241392 1
0.000000 -0.372749 0.808899 -0.263771 12.378236 6.838255 6.773105 0
1.382242 1.032083 -0.977650 -0.380695 8.204407 -0.363119 8.865647 1
0.000000 -2.314359 0.007881 1.271301 -14.143551 4.130778 4.818266 0
0.550522 0.418910 -1.057528 1.164948 9.910146 3.016362 5.926361 1
0.977405 -0.360474 -0.075311 0.171593 15.359485 1.036804 -1.886647 1
0.000000 -0.242035 1.297352 -0.229230 -4.233172 -3.073293 -10.845659 0
0.158053 2.121484 -2.560172 0.040220 12.881365 -9.152596 1.045798 1
0.000000 5.347673 2.498364 0.435169 49.640764 20.455413 4.892014 0
0.082934 -0.196822 0.935563 -0.850722 -22.641061 -1.108923 -2.318796 1
0.000000 -0.394889 0.660354 -0.339228 -8.107761 -7.886643 14.958719 0
0.268557 0.272253 1.740361 0.610195 2.775663 7.811367 -0.998003 2
0.000000 -0.328168 0.526401 -0.395022 -13.300928 10.239413 -13.446283 0
0.419927 0.070379 1.025856 -0.622145 -17.942903 9.755788 12.079986 1
0.233936 -0.918426 -0.347101 -0.987571 6.536367 -0.014797 -12.919166 1
0.000000 0.103357 -0.317792 -0.460050 4.260180 10.913309 8.581198 0
0.000000 -0.316441 0.846269 0.049878 -20.331601 15.255408 -7.754763 0
0.000000 1.915282 -0.575524 -0.788905 9.762115 -0.979838 -4.315386 0
0.541043 2.412405 -0.175314 1.247326 6.123213 0.579544 9.603147 1
0.282572 -0.393953 0.679672 0.613647 9.018805 7.095088 -7.288566 1
0.115642 0.559850 -0.761722 -0.061570 -7.795182 7.151188 -0.507845 1
0.081355 -2.895737 1.335405 -0.800544 -11.917967 7.982587 3.784394 1
0.367829 0.197252 1.255314 -0.788736 10.163330 -1.565841 -16.897497 1
0.139629 0.369246 0.088586 0.346707 -2.120816 17.052007 -4.865568 1
0.000000 -0.493117 0.522946 -0.503991 -32.290642 -17.076433 -21.769745 0
0.125255 0.059723 0.030558 0.428771 -9.708789 11.544288 -0.325151 1
0.401327 -0.352561 -0.609328 2.927907 -1.808992 0.705552 6.597653 1
0.285734 -0.598945 -2.216067 0.121608 5.542646 -5.403354 4.262633 1
0.000000 -0.302379 0.659942 -0.625257 13.451083 -6.455744 -26.745963 0
0.293098 -1.466517 0.984424 -0.497031 -2.830000 13.270653 -12.770432 1
0.087827 0.012022 -0.563605 -0.745955 -7.116692 0.453385 -9.062039 1
0.145431 0.513747 0.956115 -0.217872 3.421474 -3.955938 16.214940 1
0.180115 -1.564655 0.703019 0.796832 4.146669 -2.844820 6.389336 1
0.000000 7.166536 21.023871 -12.307921 62.001836 179.261010 -106.186682 0
0.666776 -3.131303 -1.001459 1.609297 -13.399700 -2.523192 5.251281 1
0.000000 -0.225064 0.526998 -0.312714 -0.916678 -20.839451 -14.248105 0
0.000000 -0.208999 0.615766 -0.459097 -5.002392 -1.936900 32.803753 0
0.093908 -0.042271 1.448645 0.810629 -6.355024 13.641515 -2.634957 1
1.218377 0.341641 0.249240 -1.251998 0.482065 -11.013511 -13.542086 1
0.000000 -3.687394 -1.050786 0.765456 -20.735292 -6.290505 7.990597 0
0.000000 -0.068742 0.599140 -0.245718 -11.444378 -25.528603 -8.377254 0
0.094581 -0.622423 -0.514153 -0.419657 -14.323534 4.364342 -5.950290 1
0.082735 0.901331 -0.282514 -0.194322 -1.937457 -0.550495 -5.091583 1
0.117562 -0.681478 0.919734 -0.682390 2.143230 18.975392 13.320057 1
0.000000 0.143727 -0.004907 0.150458 -3.133594 -7.136727 -6.021975 0
1.175398 -2.218941 -0.783920 1.185364 -13.918455 -2.318898 -2.592858 1
0.164169 1.840675 2.124645 -1.627569 4.509676 0.274759 -7.773237 1
0.291452 0.142040 0.752833 -0.022224 -12.784938 18.989827 -5.823623 1
0.000000 -0.479287 0.507019 -0.729248 -14.483035 -8.543982 -5.440650 0
1.289324 2.155856 3.096872 0.025328 10.027266 12.597142 -7.514734 1
0.000000 -0.201216 0.555423 -0.384056 26.116081 19.792079 3.202354 0
0.000000 -0.116439 0.504035 -0.423362 -11.371354 -0.378630 -25.345459 0
0.115719 2.476157 -1.985642 -2.662299 12.291416 -8.989965 -7.912748 1
0.363410 -0.383790 2.428288 0.947094 -5.293167 16.294481 0.102489 1
1.751386 0.824789 -0.468179 0.821318 -8.860045 -0.874094 5.174827 1
0.000000 2.007828 0.554141 -2.251435 13.562793 7.071977 -11.927293 0
0.102911 0.876600 -0.322583 1.545326 1.266057 10.234710 8.588893 1
0.399572 -0.339675 -0.672776 -0.651428 -3.508341 0.607382 -6.629727 2
0.000000 -2.167206 0.867239 -1.460140 -15.542906 6.782471 -10.041814 0
0.304509 -1.559286 0.475703 -0.791972 -5.774166 11.101235 -2.874897 1
0.000000 -0.093150 0.789971 -0.015245 1.286821 -14.617194 -6.250624 0
0.518423 -1.942557 -1.723306 3.120313 -5.392784 -11.485866 13.438592 1
0.412206 -1.807638 1.371161 -0.193400 -7.913165 8.495408 -10.118597 1
0.000000 -0.798866 -0.033027 -0.202409 -14.278628 -10.495540 -0.498036 0
0.000000 -0.705374 -0.113193 -1.498995 -3.992533 4.784244 -10.172853 0
0.000000 0.443047 0.043145 0.339260 -9.221542 7.315517 0.160807 0
0.000000 -16.085652 13.179769 -2.283329 -85.686928 66.560925 -10.946105 0
0.000000 0.750059 0.975075 0.544351 9.592697 -6.897279 -2.061494 0
0.120159 -0.331201 1.547920 -0.412394 -11.237403 1.975841 -16.779460 1
0.000000 -1.171157 -0.691598 -0.675724 -11.475180 -0.724851 -5.351907 0
0.105973 0.366177 1.615973 0.837882 3.099052 11.266607 -3.182096 1
0.000000 0.050028 0.946695 -0.925463 -11.328303 -7.527894 -8.656123 0
0.000000 -0.136878 0.701411 -0.639428 -24.732339 8.653213 -1.786424 0
0.093712 0.026514 0.628995 -1.093037 -6.809420 5.969756 -19.246621 1
0.000000 0.135362 0.682258 -0.179770 2.759889 18.291303 2.652173 0
0.206538 -2.344949 -1.154986 0.772987 -13.222084 3.025752 2.600625 1
0.000000 0.020368 0.897426 -0.163002 -5.984986 -20.995687 -8.902352 0
0.089099 -0.771856 -0.736053 -0.240650 -1.557081 6.629843 -11.807142 1
0.510706 0.186932 0.748166 0.992864 9.034807 -1.561981 -3.674855 1
0.209703 3.037283 -1.004673 -0.897137 9.095447 0.534924 -1.098301 1
0.000000 -0.405599 0.634794 -0.358562 -25.402907 -18.711326 3.733530 0
0.000000 -0.002184 0.622352 -0.608993 13.742299 13.277650 24.475048 0
0.169485 0.410954 0.973715 0.419543 6.831459 23.756310 -3.354569 1
1.190304 -0.185679 0.987509 -0.730282 -22.973848 10.911364 -10.840900 1
0.000000 0.055969 0.929200 -0.453515 -4.095821 3.286190 -29.611677 0
0.000000 -0.333426 0.707624 -0.415244 27.557507 21.314698 10.912114 0
0.000000 -0.501535 -3.647123 1.710824 -3.623875 -26.861024 11.400190 0
0.234429 -0.871938 0.060515 1.051818 2.999027 6.089745 5.749410 1
0.000000 -0.150566 1.156965 -0.646553 -9.393147 -4.513302 -5.750638 0
0.189197 -0.406547 1.259586 -0.318052 1.857740 10.572005 -15.652265 1
0.259575 0.551273 0.396132 0.282622 -8.249797 3.202082 12.522682 1
0.000000 0.148222 1.834945 -1.289828 3.011979 21.695274 -15.647218 0
0.000000 -0.417270 0.666805 -0.442898 15.310403 21.543926 22.800771 0
0.000000 6.891499 1.009311 2.198453 77.371618 7.606212 26.599260 0
0.000000 1.314707 0.387883 0.316228 123.565481 -23.068936 56.015217 0
0.920339 0.281191 1.232036 -0.931628 5.772483 -7.357579 9.234684 1
0.000000 -0.219367 -0.062757 0.005835 -0.409172 5.392090 -16.129166 0
0.084577 -0.370660 0.572317 1.161636 1.833560 11.678490 8.406081 1
0.000000 -0.248103 1.222580 -0.241007 -2.131266 9.580146 11.141798 0
0.000000 2.898793 11.759241 3.120653 21.326408 76.681751 19.513920 0
0.760534 0.865262 3.336573 1.938948 6.534031 8.342629 12.910760 1
0.114553 1.474392 0.418316 0.811956 8.265638 12.080484 -0.665298 1
0.000000 1.965741 -3.249333 -0.738719 6.561025 -15.944299 -4.996463 0
0.762149 4.233809 6.238145 -2.799024 21.667698 30.265163 -8.036661 1
0.232792 -2.103541 7.356398 -3.845545 -23.720583 81.143152 -42.754365 1
0.000000 0.123913 0.906191 -0.203997 -6.519785 15.785051 -12.194939 0
0.000000 -0.142873 0.687688 -0.196110 10.429888 27.324798 11.768510 0
0.129032 -0.324240 -2.996170 6.938614 3.384499 -16.707928 33.459074 1
0.000000 -1.567936 1.073142 -0.203052 -9.138580 11.817181 -2.254016 0
0.205433 -1.594560 1.724036 0.338283 -6.619696 6.314882 -11.452621 1
0.160079 0.451636 2.014810 -0.701675 10.622659 10.505713 -11.929933 1
0.136090 0.130663 -0.613191 1.240654 13.801336 -4.577236 3.893395 1
0.119841 -0.632049 0.377953 1.283951 -8.815974 -3.621250 -2.277884 1
0.201503 -0.882164 -1.330410 2.061932 1.061377 -5.647442 0.424508 1
0.000000 -0.995330 1.236061 -0.643013 5.514229 10.629905 1.695897 0
0.115016 1.585798 -1.836322 -2.311866 4.441246 -9.807787 -3.833927 1
0.000000 0.067846 0.127129 0.308766 -12.807383 10.322577 -11.936231 0
0.131342 0.032552 -0.341266 -0.154310 0.285772 -14.127604 -4.231784 1
0.174201 -0.152326 0.899169 2.278555 -2.397369 14.075722 3.993837 1
0.000000 -0.619513 0.602377 -0.370023 5.496689 12.086072 -21.254969 0
0.000000 -0.153598 0.182312 0.010374 12.837885 3.580450 0.191572 0
0.000000 -0.245613 0.597026 -0.444227 -17.139456 27.196022 22.955132 0
0.000000 -6.207358 14.512870 -8.581336 -57.135365 132.796730 -79.573052 0
0.240412 -1.851038 -0.053609 2.411179 -0.590165 -0.141326 11.319376 1
0.226021 -1.410236 0.492378 0.541253 -10.720415 1.398426 -12.320216 1
0.000000 0.052352 0.649200 -0.169777 -11.780269 10.721404 -27.089789 0
0.000000 1.870882 2.646219 -3.471107 10.593260 15.488590 -22.615026 0
0.266126 -1.344123 0.297610 -0.957959 2.349349 -4.923967 0.724998 1
0.409423 -0.904242 0.780361 -0.306631 5.090561 -13.037420 7.490263 1
0.089384 0.155528 -0.636119 0.426965 -7.068215 6.401611 5.992940 1
0.000000 -0.071028 0.317976 -0.607785 12.406717 5.112038 13.850800 0
0.746267 -0.099786 0.640080 -0.276992 30.982390 32.258629 26.404998 1
0.219386 1.054470 -1.719279 -0.952647 10.908387 -1.217939 -1.438724 1
0.000000 -0.636943 0.279505 0.570735 9.894418 1.755605 10.317294 0
0.000000 1.220520 0.512372 -0.372139 0.679447 1.332523 -3.495939 0
0.102731 -0.716611 0.577235 -0.468866 -17.347256 -14.421935 0.141609 1
0.202560 0.997783 -0.917185 5.224518 10.060613 -2.864753 26.032103 1
0.000000 -0.159097 0.636264 -0.361000 52.437557 -26.352654 39.116047 0
0.159646 0.439974 0.263887 0.472239 14.755360 7.695246 5.053010 1
0.000000 -0.102710 0.712526 -0.385842 -3.862918 -27.539448 -17.672321 0
0.000000 -0.592351 0.624477 -0.634309 1.164257 11.447815 -4.268467 0
0.000000 0.374737 0.451607 -0.409615 -3.076691 1.532352 7.993631 0
0.000000 -1.507673 0.192622 1.025330 -7.684645 9.999807 8.808155 0
0.340464 -0.167807 0.391147 0.281894 -7.760452 -16.019539 -1.892776 1
0.000000 0.049254 0.414815 -0.243044 21.748332 4.252778 -7.058318 0
0.269181 -0.269173 0.924081 0.316224 -7.953255 5.790056 -18.369138 1
0.080832 -0.477750 0.683198 1.578219 -4.959902 -3.271866 -1.248743 1
0.000000 -0.347485 0.949504 0.012099 19.676736 4.311339 -5.801122 0
0.000000 -2.428769 1.820520 -3.041140 -12.957380 6.921799 -14.154250 0
0.126733 -1.827075 -0.576550 0.176039 -11.363162 6.280474 5.664175 1
0.147442 -0.642610 -4.697788 -0.285795 -0.786067 -20.549953 1.753693 1
0.234874 -0.372380 -0.308550 1.427546 1.865604 -6.893065 4.373726 1
0.088322 0.557347 0.784498 0.048847 7.848236 4.356895 -9.958172 1
0.000000 0.385020 1.961462 0.717860 4.635069 11.088110 0.523448 0
0.134972 -0.190980 0.594154 -0.434121 -51.922105 22.119594 4.887512 1
0.000000 -0.167394 0.805757 -0.164731 -5.992344 12.360255 -20.562006 0
0.000000 -0.590537 0.333651 -0.217017 2.382677 -7.767845 5.584927 0
0.263366 1.641977 1.406875 -1.002287 5.993272 6.876418 -7.057073 1
0.000000 5.743562 2.738370 -0.423172 122.852896 46.478083 -2.986052 0
0.000000 5.853984 1.821549 -10.528414 41.802106 12.661411 -75.468886 0
0.137245 -0.669675 1.117952 0.942947 -10.162173 8.735100 2.062720 1
0.175886 0.355522 0.926446 0.153477 -5.171903 8.984117 -12.697442 1
0.000000 0.143369 0.331208 -0.669607 3.426239 26.864501 -5.729357 0
0.000000 0.352863 -0.371461 0.386206 2.770939 11.598600 2.779341 0
0.000000 -1.847799 2.032450 1.954767 -17.196003 15.036647 19.478737 0
0.202129 1.604429 -0.174972 2.880654 0.561828 2.801505 12.827329 1
0.000000 -1.245577 0.421007 0.177977 -9.760242 -7.374374 -3.365882 0
0.160192 1.735037 0.237628 0.694679 3.911393 11.376634 -1.352298 1
0.087931 0.163498 1.286428 1.512786 4.496620 10.153687 2.397220 1
0.201166 -0.675760 -2.310869 1.342741 -1.446972 -9.977817 3.980943 1
0.000000 -0.205017 1.272442 -0.886705 14.989325 9.130215 3.192279 0
0.000000 -0.445730 0.769980 -0.620526 -20.686345 7.807083 11.557203 0
