178.224963 -0.163968 0.661766 -0.349843 -1.779906 3.002171 -1.596007 58
0.583882 1.047507 1.579961 0.902395 8.546007 -1.938468 5.867883 1
0.000000 29.852253 46.486752 43.075261 397.467655 612.703231 574.870943 0
0.085689 -1.691999 0.818334 1.720501 -9.428555 13.513736 3.281018 1
0.000000 42.619284 -36.271313 55.876935 419.468313 -358.531964 549.246527 0
0.457888 -0.960639 -0.247305 0.197763 6.969899 -5.990912 -9.326137 1
0.179449 -0.896294 -1.441330 -1.048463 -0.780921 3.065980 -0.990324 1
0.103175 0.743670 -1.907755 -0.152498 -2.961078 -4.534697 5.215628 1
0.199182 3.843169 -1.548324 0.809189 11.324929 -8.008874 2.582692 1
0.109107 0.562351 -2.169729 1.236744 -1.886655 -0.924941 4.599885 1
0.232498 -0.461575 1.194326 -0.409326 11.279832 12.158371 9.708335 1
0.683878 -1.275502 0.108067 -1.336853 -5.477898 -5.574199 5.096201 1
0.000000 6.751453 14.460508 -5.918361 56.625028 119.650226 -49.897859 0
0.133767 2.802289 1.529451 0.133971 10.879924 2.928426 6.154706 1
0.207935 -1.412880 2.063453 -1.151752 0.336739 9.433107 3.863526 1
0.000000 0.015637 0.554799 -0.390949 7.933550 32.008923 12.856023 0
0.099031 0.482854 2.169744 -0.071340 2.879786 12.096303 -8.145701 1
0.000000 -0.564912 -1.489548 -0.191580 7.042307 -10.933944 -4.711198 0
0.166412 -0.128993 -0.286243 -1.171497 -5.750142 -5.099205 6.457000 1
0.401973 0.345031 -2.167784 0.780213 6.377530 -5.900519 9.269085 1
1.245042 -0.265877 0.388764 -0.970664 13.931479 6.238315 -9.007287 2
0.135040 -0.320046 -0.378781 0.068181 -9.135191 -2.713858 -8.564898 1
0.230700 0.119495 1.118229 -0.565769 -16.483612 -2.523509 13.351391 1
0.296048 -0.762643 1.608632 0.138279 -5.322248 17.172671 -9.165975 1
0.000000 -1.776687 0.627270 -1.862343 -102.779298 0.257324 -97.474290 0
0.218861 1.938211 -0.809721 -0.585244 5.196304 3.168399 0.793999 1
0.780326 0.584873 -1.272104 -1.253838 -4.139569 -4.237758 -0.139614 1
0.110177 1.078542 1.847058 1.020567 -3.237491 1.063322 8.515223 1
0.308745 2.131110 -2.850244 -1.418509 7.286814 -16.653512 -5.130459 1
0.000000 0.322055 0.466070 -0.959755 8.040090 -5.798248 3.434553 0
0.154448 -0.391527 0.319257 -0.152669 -11.258067 3.982541 -22.328895 1
0.534356 -0.711456 -0.167162 0.702243 -1.610359 -13.967319 -4.422759 2
0.443222 0.132534 1.100930 -0.752380 -15.574769 14.020861 -6.840613 2
0.121470 -1.808879 -0.226138 1.068174 -10.848716 -6.401365 -5.431431 1
0.388680 -5.311502 -2.895852 4.219088 -59.828707 -36.664654 49.821566 1
0.552874 -0.220791 -2.599220 1.468698 -6.088351 -6.122087 10.040079 1
0.000000 0.071374 0.584703 -0.747792 7.906810 21.744520 -12.643067 0
0.218546 0.907572 2.114269 0.128887 -5.286406 0.697689 -1.826412 1
0.220750 -0.412303 -0.075951 0.924941 4.688443 10.061788 5.546755 2
4.711446 -0.469016 0.734031 -0.389491 25.377225 18.604679 -7.474637 2
0.000000 0.245309 0.495701 -0.532194 10.676697 -7.753667 -17.801853 0
0.103987 2.324586 -0.055406 3.872681 13.940425 5.488773 15.494790 1
0.000000 -0.300931 0.403307 -0.205584 -1.545744 7.442926 -16.864445 0
3.952128 -0.246161 1.374409 0.881504 2.324105 -9.650494 2.861184 1
0.000000 0.059222 -0.825901 3.476644 -0.077272 -4.859841 17.166606 0
12.485588 -3.133736 -0.560275 2.554928 -28.614294 -6.231559 22.498830 7
0.105198 -1.509278 -0.321242 -1.428646 -9.103680 3.041390 4.085087 1
0.000000 -1.517861 -3.738011 -1.079608 -12.188946 -29.831263 -9.323546 0
0.167817 -1.143913 -0.220207 1.029789 -7.111302 13.177625 8.841437 1
0.138488 -0.512836 -3.418734 0.215867 0.901148 -10.965417 6.347989 1
0.701272 3.732264 1.296385 -1.224680 21.920697 5.694194 0.177323 1
0.367183 -0.055535 -0.723964 1.226061 -1.682252 -5.842034 -6.867983 1
0.000000 0.201728 1.055921 -0.561539 13.360861 -2.716668 -9.670802 0
0.156405 -1.052185 1.606248 -0.928592 1.616473 2.172850 1.955927 1
0.000000 -1.124200 0.906403 -0.741423 0.907846 -1.341099 -7.791180 0
0.000000 0.359267 0.189553 -0.629776 -7.478246 3.082945 1.811032 0
3.262700 -0.107519 0.273454 0.571555 0.050329 0.922518 -12.199776 3
0.000000 1.222856 -9.786182 -0.039035 12.490063 -97.597678 -0.223681 0
0.298886 -0.031154 0.679955 1.378588 2.036940 4.141984 -1.547602 1
0.512636 -0.347513 -0.961363 0.183765 2.154760 -7.636875 -8.610092 1
0.121466 2.275046 -2.841725 -3.346139 11.756030 -10.877496 -10.681282 1
2.237435 -0.111448 1.071891 -0.096067 -20.128376 11.606928 -4.919659 4
0.283593 0.480746 0.708666 1.082007 13.126836 10.680531 6.652735 1
0.114183 -1.563086 1.315775 0.267920 -4.121228 -3.856583 2.923340 1
0.387857 -0.467584 0.735516 -1.190610 5.851310 16.760945 -3.055013 1
0.102340 -1.002969 -1.344040 1.508766 -5.723973 -6.124366 -1.244650 1
1.423034 1.389907 0.661909 -0.275869 -1.007397 -9.094933 -1.929433 1
0.118440 0.031264 -0.017699 -0.288143 -6.987473 17.552763 -6.420041 1
0.000000 1.319289 0.957505 4.109443 10.074482 6.525002 25.460719 0
0.115648 -0.437856 0.846677 1.114739 -4.220169 9.462330 -8.052324 1
0.335498 1.084733 -1.243752 -0.746301 5.322317 2.768040 -11.110457 1
0.109210 -0.026290 0.316813 0.692755 16.294853 7.391668 4.405665 1
0.000000 0.060237 0.670674 -0.100680 -21.044160 -4.072529 18.397279 0
0.438696 -0.031978 -0.573870 -1.186453 6.413081 7.114632 -5.135581 1
0.102783 -1.264230 -0.394458 1.031864 -11.149584 5.469266 1.505523 1
0.317653 0.463820 3.275918 -2.317099 -3.997896 16.145028 -6.126661 1
1.366624 -0.840474 0.449685 0.796617 3.270952 -6.707062 -0.534388 2
0.135796 3.168058 -1.475492 0.649223 9.047447 -11.337080 2.599068 1
21.423378 0.394578 -0.201639 -0.179914 7.380393 5.512003 -9.595703 6
0.000000 0.620456 0.663723 -0.428691 -4.561689 -4.650574 2.743633 0
0.210768 -0.375175 0.690224 1.248528 1.690109 11.089954 14.365743 1
0.087151 1.009701 -0.476450 3.626035 9.431048 -3.859719 14.036802 1
0.247564 -1.389481 -1.507143 -1.082023 -9.010008 -0.976431 -9.790060 1
0.118055 -0.256229 -0.029972 -1.797594 -5.538937 9.782082 0.890563 1
0.000000 3.166967 -2.431521 -3.948934 16.661523 -12.533589 -18.636144 0
0.000000 -0.716554 0.473431 -0.454406 -3.982882 10.446324 -10.980218 0
0.000000 7.954099 7.992051 -7.409853 78.867928 70.517148 -72.165145 0
0.000000 -0.492235 0.742668 -0.379148 4.644732 5.036479 6.295295 0
0.180968 -0.287567 -1.132176 -0.811571 -0.976274 -8.032806 -7.271533 1
1.209883 -1.655339 0.467657 -0.358343 -9.488369 -1.649259 -5.358559 2
0.000000 0.836432 -0.400463 -0.168051 3.450519 -3.483689 1.790199 0
0.000000 0.499845 1.282231 -0.869677 0.572637 -3.246780 -4.092903 0
0.556778 -0.663253 0.573991 1.475500 -7.955405 11.930603 9.123907 1
0.139284 -2.067223 0.509396 -2.417401 -15.535067 2.955901 -19.480852 1
0.478468 0.205266 1.475423 0.324313 0.768543 7.115780 -4.231237 1
0.000000 0.166437 0.161886 -0.743785 -9.466251 -5.534449 -10.071036 0
0.000000 0.260422 0.108219 -0.051183 -15.334333 6.955679 4.042558 0
0.252788 -1.100549 0.539856 0.794154 -16.890120 3.316530 0.685907 1
1.145613 -1.307100 -1.507192 0.515159 -11.580580 -0.657825 -2.327852 1
0.388183 0.269876 1.803497 1.282891 1.790565 5.646351 -3.325958 1
0.000000 0.506222 1.182841 -1.128771 -0.344919 -2.027944 -5.327557 0
0.126740 -0.032266 -0.458953 -0.278925 9.053442 -6.139335 -10.918039 1
0.000000 -0.171773 0.500534 -0.661941 -4.330564 10.088475 -6.431854 0
0.198042 -2.106669 2.802427 0.388917 -11.839133 5.754632 4.537374 1
0.000000 -0.711674 0.874459 -0.169570 -8.361986 -7.362609 7.844297 0
2.875375 -10.584692 -24.973019 30.796156 -92.259453 -219.538860 268.746040 3
0.376011 -1.221083 0.950173 0.209833 6.245069 8.008023 3.348809 1
0.000000 -0.048313 0.365028 -0.188441 -15.577426 3.449984 -20.794329 0
0.000000 -0.168275 0.502816 -0.678970 -14.232926 -13.841377 10.425511 0
0.373816 0.111998 -0.224011 -0.374014 3.453783 -10.684129 6.030046 1
0.000000 0.013947 1.138607 -0.594963 -3.042765 10.622892 -13.201319 0
0.263064 -0.559833 0.044606 0.274575 -11.210384 2.338726 -12.999749 1
0.459762 -1.061455 1.120087 1.530181 4.870830 12.243363 6.599091 1
0.000000 -1.315885 0.590309 1.019330 -2.254952 6.063402 1.102330 0
0.000000 0.392626 -5.723863 12.669377 -0.131215 -34.780857 71.230608 0
0.000000 -1.404900 0.647512 0.003883 -1.045015 11.596473 -2.955838 0
0.396253 0.353268 0.707401 -0.599911 5.561697 -11.457560 -19.787991 1
0.000000 0.098122 0.812769 -0.606592 -11.700795 14.951493 12.926220 0
0.000000 11.501099 -51.667100 4.766011 123.339667 -554.092055 51.663414 0
0.278430 -0.779377 -0.561801 -0.208511 2.921273 -7.246508 -9.885086 1
0.151503 -0.794630 -0.069137 -1.841734 -4.298600 8.613635 -2.662679 1
0.100432 -0.636704 1.037922 0.087636 -16.719055 -4.234574 -6.151910 1
0.082624 -1.334661 0.861022 -0.737048 2.565471 13.404438 -8.732579 1
0.114711 1.331610 -1.458633 -1.705342 0.212007 -9.643599 -1.031221 1
0.192666 -1.465449 0.436610 -1.116386 -10.186517 7.263275 4.919924 1
0.287114 1.145832 -1.765608 -0.518297 3.191197 -3.072298 -11.310361 1
0.585359 -0.943563 -0.429548 0.521282 -11.987315 -3.510263 -9.939956 1
0.000000 -0.344737 0.520355 -0.730488 3.977472 -16.179618 -1.939175 0
0.431641 0.307845 0.632770 -0.764709 -15.424033 18.086792 6.864163 1
0.000000 0.239191 -0.257665 -0.169959 0.688256 0.582846 -16.585023 0
0.323241 -0.783644 0.982833 -0.613152 -1.185218 18.648752 5.586215 1
0.000000 -6.372830 6.979657 -6.215542 -48.336174 52.005019 -48.085365 0
0.000000 -0.148724 1.095499 -0.258760 -4.889277 7.051129 -15.687255 0
0.116547 0.078394 -0.880098 -0.143635 4.969815 -14.257516 -8.828474 1
1.037862 -1.949097 0.334691 -0.071555 -11.359219 8.752662 -0.294040 2
0.374161 0.715686 -0.403016 0.266905 5.058015 9.929211 3.624057 1
0.000000 -0.601717 1.172130 -0.442132 11.099639 -0.041447 -5.141406 0
0.192961 -0.397488 0.001081 -1.624608 -4.383232 -6.828105 3.226418 1
0.000000 0.117543 0.307228 0.516394 -1.364261 2.649281 -12.917602 0
0.181019 -1.378150 -0.509214 -0.811204 -3.140865 -2.653555 -10.331448 1
0.393969 2.214375 3.792228 0.962038 9.116940 19.769518 8.845364 1
0.000000 -6.930154 -23.086788 10.883206 -57.172790 -192.357860 89.660802 0
0.506972 -1.139586 -0.710292 -0.480144 -11.594445 1.478628 4.684140 1
0.168852 -0.089099 0.297643 1.285571 -9.345618 14.825901 4.563356 1
0.000000 0.033488 1.289087 -0.998133 -9.700806 4.409155 -0.001864 0
0.836938 0.504579 -0.054239 -0.836635 -11.999356 12.049141 -2.610826 1
0.000000 -1.767271 0.464296 -0.011710 -6.784727 9.031572 -3.787941 0
3.260868 1.827008 0.758388 0.754039 1.944541 1.847441 2.767798 2
0.151360 -0.275389 -1.283009 2.397016 -9.801053 -4.971358 4.944346 1
0.000000 -0.297971 0.691629 -0.458673 -0.123606 22.841061 0.091986 0
0.108928 1.293754 -0.986824 1.212583 -0.578180 -10.628223 0.181657 1
0.090465 -0.272590 1.306894 -1.059035 -11.432105 9.412029 -4.680400 1
0.531060 -0.774957 2.031959 2.631705 -9.063974 9.279360 4.342036 1
0.272013 -1.562880 -0.149125 0.375395 -2.308825 -7.742534 -8.315207 1
0.000000 0.315594 1.210257 -0.240019 3.858346 -5.626034 -2.825258 0
0.000000 -0.163383 0.923897 -0.283049 -10.271409 27.103048 -17.174812 0
0.111702 -0.365319 0.876155 1.435144 7.771247 6.611279 11.958496 1
0.000000 -0.353590 0.593069 -0.289704 -0.370882 26.794108 -32.393517 0
0.826574 -1.430276 0.880695 1.134579 -5.187454 13.467000 6.175610 2
0.121123 -1.031110 1.099268 -1.099066 -1.210813 12.055981 4.606471 1
0.604561 -0.209412 0.365185 1.253174 8.398129 -8.674930 4.139338 1
0.672200 -0.121778 1.063206 1.887715 -10.320882 7.200978 3.980118 1
0.485099 0.406007 2.209048 1.214465 -2.077453 0.121141 5.021022 1
0.088968 -1.698416 1.111629 -0.012348 7.928762 6.381188 1.953239 1
0.000000 0.163381 0.414264 0.257157 -2.287015 11.678187 -5.265462 0
0.427499 1.043462 -1.253128 1.854589 9.588890 -5.397697 -0.041799 1
0.148166 -0.311869 -1.401729 -0.575636 -8.671458 0.391176 1.725957 1
0.205405 -0.095614 -1.043607 -0.325491 1.212583 6.031544 6.298521 1
0.273438 -0.165288 1.463906 -0.405072 -16.111870 4.007720 -6.781058 1
0.257004 1.034913 1.543591 -2.439210 1.292704 13.514868 -6.636101 1
0.083821 -0.383364 -0.136277 0.371611 2.294968 -1.596332 -13.547590 1
1.703642 -0.170417 0.191233 0.054877 2.538085 13.095173 -21.268573 2
0.093338 0.296794 -0.408814 0.858595 0.694764 12.179578 -6.196392 1
0.097693 1.555311 -1.529948 1.961064 9.443942 -9.349101 10.704050 1
2.541981 0.512189 1.466287 -0.151835 -2.881243 4.528819 -11.677226 4
0.000000 -3.891480 18.430480 12.551815 -36.030203 171.601894 117.737493 0
0.000000 -0.511779 1.236422 -0.521382 -12.565309 -1.526481 -0.752435 0
8.640086 0.541298 0.529130 -0.522547 4.171809 -3.576423 9.982528 10
0.081891 -0.922382 0.249631 0.131315 1.733814 8.745564 16.112412 1
0.111530 -0.555711 -0.066128 2.398636 0.114140 -2.558178 6.383547 1
0.000000 0.087699 0.682792 -0.158949 -10.695319 -0.220124 18.694993 0
0.000000 -0.395049 1.045754 -0.715395 11.353333 12.078472 -7.170312 0
1.328004 -1.120507 -0.130868 -0.237368 -5.257974 -0.251364 -7.233261 2
0.000000 -0.138800 0.734069 -0.384053 -52.381608 23.076797 -5.310633 0
0.286414 0.813215 0.621478 -0.067737 2.365298 -1.249765 3.054768 1
0.108220 -1.090016 -1.032104 -0.799722 -11.868654 -2.191350 -6.223220 1
0.106446 1.194559 0.825230 -0.363942 -3.572904 11.039342 -2.918158 1
1.618982 -1.452628 3.245446 -0.723055 -11.198011 8.585375 -6.414643 1
0.126190 0.684527 0.738470 0.375224 1.543251 16.933300 7.466675 1
0.000000 4.633519 -0.805850 -17.905663 40.315733 -7.594949 -154.197142 0
0.355266 -2.285255 2.095335 0.157786 -18.714391 15.657750 -0.342803 1
0.365762 -3.507480 -6.775348 -0.476314 -18.861842 -31.203421 -4.759977 1
0.000000 -1.196613 0.148581 -0.597631 -8.547490 1.052775 -12.052055 0
0.100431 1.440834 -0.194805 0.626555 9.206744 9.674590 -6.289140 1
0.000000 -0.847750 0.490665 -0.181319 -7.365725 9.220339 -0.248698 0
0.000000 0.064135 -0.073682 -0.144135 10.628626 12.435960 -14.917568 0
0.500139 -1.856103 0.987143 -1.260944 -6.833671 11.723096 2.902708 1
0.175237 -1.101146 1.237800 -0.699373 -5.922789 -4.797273 3.690228 1
0.123696 -0.450130 -0.202375 0.744130 2.266642 2.790718 1.665821 1
0.195281 -0.582498 0.173753 -1.581378 1.485332 11.524909 -1.772357 1
0.599939 -3.076250 0.104006 -0.400062 -14.756337 6.538560 -8.535128 1
0.000000 -0.399409 0.703869 0.032709 -13.395271 15.658330 0.490033 0
0.200778 0.374662 -0.590643 -0.007672 -14.825645 -3.556783 -3.147442 1
0.177472 -0.314740 -0.685684 -1.827972 -2.930922 8.874545 -9.543532 1
0.127855 0.556532 -1.195038 -0.307999 -1.950925 2.838603 -8.225144 1
0.220526 -3.571032 -0.779159 5.945221 -25.373534 -5.358188 41.188902 1
0.000000 -0.103773 3.176940 -1.156875 -0.129663 27.939114 -9.889004 0
0.000000 0.351207 1.500873 -1.195582 3.228503 0.992743 -6.525200 0
0.169117 0.305741 -0.217310 -0.159596 9.181870 21.688007 16.747965 1
0.114784 0.016753 -0.558074 -0.650460 3.352417 9.283808 -4.991481 1
0.000000 -0.162337 0.611237 -0.374153 -16.479582 -4.555373 55.324574 0
0.579415 0.043404 0.557299 1.465259 12.121057 9.685276 6.609369 1
0.624848 1.989728 2.967552 0.786272 9.482195 13.564225 4.612722 1
0.000000 0.092053 -0.670567 0.157425 9.552937 -5.044352 -12.240850 0
0.000000 -0.390244 0.433628 -0.555069 -9.504681 0.300263 1.553208 0
0.310489 0.232633 0.548131 2.151431 2.140225 10.653715 9.102051 1
0.000000 -0.380919 0.637301 -0.390936 -3.734913 2.979468 11.842270 0
0.279294 0.281552 0.376040 -1.333310 8.470288 9.150614 -5.803965 1
0.000000 -0.246701 0.796792 -0.268580 27.456854 -11.237723 22.947880 0
0.000000 -0.833622 0.595041 0.927308 1.313264 -4.424599 -3.813038 0
0.000000 1.047461 0.084336 -0.175787 -5.874678 7.943528 -3.456802 0
0.000000 -0.248030 1.412393 -0.169529 -4.535702 6.733548 3.638969 0
0.087567 0.646881 0.994026 -0.077809 -4.696417 -9.928807 0.422652 1
0.000000 0.116487 0.475894 -0.140243 -12.881313 -11.524426 1.546788 0
0.122081 -1.308942 0.242039 -0.355571 -11.088730 11.795712 6.301945 1
0.088452 -0.366711 1.029232 0.331801 -4.990745 17.553009 -12.765749 1
0.470758 -1.201479 -2.544294 0.901009 -2.450005 -3.754729 6.201323 1
0.000000 -0.242257 0.647236 -0.316306 -32.411614 -27.735396 -27.640733 0
0.163499 2.420166 -3.531515 -1.031293 13.200994 -15.300059 2.033629 1
0.080867 3.154260 2.668025 -3.148440 19.926107 15.580409 -10.366774 1
0.000000 -2.490162 0.312351 -0.825219 -12.769626 3.414525 -11.186163 0
0.155926 -1.470251 0.264841 0.763599 2.823582 -6.035540 -2.984419 1
0.000000 0.240249 0.713811 0.388053 2.815112 8.571666 -4.415834 0
0.000000 -0.206558 0.650534 -0.336339 -20.666968 53.070338 12.256113 0
0.169911 -0.265565 0.418478 0.869953 -8.397729 3.785730 7.471758 1
0.113329 0.805765 0.963541 1.413845 -4.900967 0.228272 9.963522 1
0.309991 1.996178 -2.681976 -1.850839 6.347624 -14.284038 -10.959019 2
0.594225 -0.019703 1.965145 0.164271 -3.275236 16.826230 -2.112602 1
0.085164 -0.687147 0.338222 1.117317 4.255263 4.979338 6.467911 1
0.000000 0.078047 1.153747 0.837838 0.918199 5.328734 6.431782 0
0.000000 -0.258866 -0.049015 0.006860 1.419060 -4.749729 -5.953047 0
0.234649 1.519658 -0.393826 0.147337 10.086423 7.107971 -5.280276 1
0.487672 0.811043 -0.203626 1.594829 2.225424 -1.692454 4.258191 1
0.223182 -1.576137 0.351580 0.110727 -5.991155 12.044034 3.680913 1
2.476904 -0.018861 0.789412 -0.856193 9.147016 20.865774 11.610583 1
0.000000 -0.177580 0.728116 -0.264697 -35.532624 -10.497306 11.379032 0
0.230397 -1.100822 0.779852 -0.462431 -2.362730 12.052841 -7.156052 1
0.689100 3.911682 2.083358 -2.568102 19.324268 6.393519 -8.240230 1
0.815528 -4.291292 0.344144 0.333830 -19.698088 -2.761910 5.005104 1
0.000000 -0.234896 0.962238 -0.241018 10.067169 -1.501841 3.220812 0
0.542296 2.920047 -1.237085 -0.519285 5.671190 -6.296714 0.355468 1
0.146522 -1.772568 -0.543137 -0.832441 -11.462302 -4.662207 -13.424389 1
0.256037 -0.754152 -0.857419 -0.576779 8.662944 -3.761230 3.981075 1
1.156996 -0.157880 1.055510 0.415664 6.576208 11.311746 -17.630371 2
0.000000 -1.679268 -0.135986 1.358460 -13.354970 -0.298388 8.206942 0
0.000000 -0.984694 1.193484 0.363132 3.550458 -1.601453 1.528589 0
0.178446 0.285902 0.657150 0.046767 7.477606 -10.014089 -17.113110 1
0.083374 -0.416892 0.594070 0.510705 -15.216097 16.123294 5.695615 1
0.376685 -0.127762 0.534980 -0.257730 -1.952670 26.339341 -42.361518 1
0.585808 -1.183760 -1.137926 1.070011 -9.224570 3.858534 5.658455 1
0.000000 -0.193031 0.545913 -0.928654 -6.598670 -13.550249 0.450972 0
0.086694 2.253537 1.886143 0.430697 9.248628 5.654415 5.843831 1
0.000000 0.086229 0.756887 -0.150717 -16.470618 -9.329102 -16.418722 0
1.034071 -1.098708 0.542113 0.478521 1.756116 5.581343 11.362691 2
0.000000 0.031331 1.266422 -0.497416 -9.024467 8.167202 -11.607624 0
1.134901 -1.657144 1.140865 -1.684370 -8.487791 10.292642 -11.950310 2
0.000000 0.151026 0.480771 -0.691570 14.411469 0.743071 -3.788746 0
0.000000 -0.398274 0.761440 -0.545035 -3.181496 3.191292 -26.954430 0
0.472835 -1.932197 0.247832 1.482512 -12.156480 1.727512 -3.474227 1
0.672168 -3.096272 1.077774 1.378778 -11.982932 -0.069348 12.102257 1
0.208490 -1.962863 -1.955435 -0.380887 -2.310902 -8.494120 -0.995850 1
0.292610 -0.976704 2.897109 1.508915 1.878213 13.142090 10.787112 1
0.000000 -0.711007 0.692158 -1.800815 -3.705315 3.281634 -8.745138 0
0.000000 -0.278806 -0.042473 -0.002659 4.291229 -1.033776 7.860994 0
0.000000 0.040151 0.528341 -0.111686 -10.438978 18.684439 -17.491045 0
1.410354 -2.213997 -0.106262 1.177739 -10.496712 1.329060 5.273081 2
0.247245 -2.963668 -0.390662 1.917232 -15.247623 3.034762 8.976582 1
2.937998 -3.254888 -1.232884 0.964286 -8.981349 -6.235449 9.485301 1
0.000000 -1.012157 0.673835 -0.405488 1.803801 16.916648 1.336452 0
0.000000 0.247272 0.641531 -0.545812 4.622923 -17.102487 -1.163360 0
0.186332 1.436114 -0.038937 -1.121409 1.574049 4.502085 2.946658 1
2.552609 0.477534 0.820433 0.311101 7.060895 -7.545838 -5.822510 4
0.087521 -0.135760 0.625672 -1.280174 6.506661 11.458511 -13.310112 1
0.000000 -1.798313 0.310481 0.161438 -10.950003 13.775744 2.643985 0
0.000000 0.133839 0.738878 -0.532626 -26.525766 -5.325488 -4.020814 0
2.506229 -0.746575 1.097122 0.023268 -7.645502 -13.874829 2.817556 1
0.000000 0.268545 0.773569 -0.284517 7.126574 -2.323966 -17.365753 0
0.000000 -0.058958 0.686564 -0.410430 -16.271902 -35.725530 3.924429 0
0.000000 1.153777 6.656522 10.795994 13.647922 71.481655 123.045288 0
0.184780 1.855558 2.875692 -0.096718 2.329352 7.252215 -1.437897 1
0.000000 -0.169216 0.253276 -0.358795 -3.802962 0.595860 -10.177731 0
0.500571 3.480269 -0.422094 -2.006044 18.229422 4.551915 -7.906505 1
0.000000 0.492371 0.281136 -0.248284 -3.397776 6.778136 -1.076946 0
0.121279 -0.698394 1.005045 -0.229670 -0.524028 7.974895 14.583950 1
0.000000 -4.509761 1.342146 4.171538 -46.534057 10.809275 44.705470 0
0.000000 0.068445 0.190098 -0.315222 3.875057 11.138027 -8.875387 0
0.000000 -1.077337 1.438759 -0.267130 -5.344456 5.962650 -11.282561 0
0.000000 -0.139078 0.648031 -0.334001 30.238538 73.346386 -17.989217 0
0.092539 0.965166 -0.661855 -0.126020 -8.465970 -1.229299 7.356823 1
0.000000 -3.733939 -5.343610 0.073046 -18.509018 -26.061395 -4.308623 0
0.435794 -1.733131 0.855741 -1.104411 -7.255562 4.286328 -8.985695 1
0.638978 -0.620054 0.000974 1.157416 0.230255 9.189872 10.418017 2
0.366428 -0.955202 0.011637 1.438147 5.135111 -3.390629 11.654880 1
0.000000 -0.179169 0.775629 -0.363071 -34.294845 -6.966409 -20.091411 0
1.082012 -0.278920 1.833503 0.944485 -6.225179 13.437389 -0.156742 2
0.000000 -0.767148 0.656345 0.482532 8.874648 0.227453 -1.551835 0
0.292083 0.380464 1.713503 1.084573 -0.191242 -5.076150 8.364834 1
0.107699 -1.446517 1.532297 2.556138 -9.707181 0.395058 9.437671 1
0.744916 -0.254518 3.135864 0.413224 2.479904 11.726972 -1.620296 1
0.131940 -1.995168 2.393419 0.676273 -9.911733 4.513493 2.806062 1
0.104491 -2.167810 -0.164538 2.472109 -12.830551 3.751891 8.998931 1
0.000000 -0.149513 0.521172 -0.284287 28.023115 -1.311241 -9.315647 0
0.652582 -0.108189 1.063049 -0.505706 17.653346 -0.750300 11.688017 3
0.144224 0.554926 3.641629 -0.336810 -2.487560 12.667720 4.690480 1
0.221063 -0.708609 0.073289 0.581151 4.108743 0.688093 7.954220 1
0.000000 -0.223532 0.307539 0.926025 5.296379 13.754055 5.480250 0
2.985742 1.934771 0.534146 -0.351450 3.728913 13.060122 -6.156777 1
0.000000 -0.283539 0.778052 -0.112884 -19.053302 -8.728955 7.026438 0
0.000000 -1.003891 1.079881 -0.848354 5.870710 10.580146 -1.155834 0
0.374741 1.279391 0.621761 -0.955452 -1.624210 1.675215 -9.065796 2
0.000000 -0.082073 0.981257 -0.491971 2.962029 20.557807 14.161891 0
0.254317 -1.248349 -0.213770 -0.841925 3.530969 -4.342893 7.395358 1
0.000000 -0.677276 0.417389 -0.565633 4.520972 -8.354918 1.954047 0
0.416651 -2.984460 -0.527479 -0.614615 -7.903419 -4.961957 -5.069578 1
0.151008 -0.150371 1.723733 1.558861 0.908491 -0.236397 -2.919980 1
0.000000 -0.036972 0.776226 -0.715453 7.725048 -4.070134 -0.691805 0
0.141965 1.807327 0.390239 4.437069 4.482119 -0.681904 21.414822 1
0.120024 -1.302443 1.264869 -0.529105 -2.561040 6.160879 -11.226965 1
0.182852 2.110728 -0.692835 -0.075225 10.270864 3.753609 -2.755595 1
0.189724 -1.216099 1.361056 -0.564688 -1.466641 1.715317 4.036371 1
0.150160 -0.784909 -1.608602 2.122376 -8.415049 -5.914939 7.878025 1
1.373741 -4.762909 -0.386984 2.141724 -19.100637 2.455290 8.373000 1
0.000000 -0.427817 0.894584 -0.513531 -0.147975 17.130996 -13.191841 0
0.170281 0.924075 1.497940 0.089792 12.858538 8.970453 -10.751420 1
1.505698 0.847194 -0.113386 -0.607183 5.180450 0.653896 -9.655257 1
0.360047 -0.388727 0.067246 -0.281428 16.539843 7.914291 5.408240 1
0.588861 -1.012309 1.218197 0.658680 0.387685 16.780857 4.631373 1
0.381565 -1.129565 1.373478 0.677859 1.176094 17.979936 -5.061020 1
0.000000 -0.148316 0.878949 -0.227432 -11.441633 -11.969124 -17.901272 0
0.000000 0.106047 0.384598 -0.456762 -3.475024 17.432506 13.061059 0
0.215498 3.529429 -2.324304 0.796106 15.584115 -5.224052 0.462083 1
0.000000 -0.341644 0.817619 0.199328 -1.066987 -7.038105 0.660359 0
0.000000 -0.333753 0.387933 0.772593 7.229459 -3.864077 0.974750 0
0.000000 -0.192495 0.640275 -0.237940 -24.464299 -15.596728 -10.664157 0
0.408569 0.531250 1.001296 -0.830287 -8.122438 14.060640 -6.988768 1
0.000000 -0.250175 0.725380 -0.382108 -16.349938 -26.790440 -2.111794 0
0.205030 2.175467 -1.438683 -0.448297 4.367460 -6.591937 -5.015765 1
0.000000 0.331045 0.739298 -0.689583 -6.797117 -5.100812 -2.012845 0
1.704172 0.168170 -0.176931 -1.622436 -4.650637 9.338777 1.903488 1
0.000000 0.160130 0.645775 -0.449559 -20.838768 6.516825 15.844189 0
4.631110 -1.193809 1.028396 1.689615 1.975747 -4.672086 6.178589 1
0.000000 -0.115804 0.558976 0.386566 -1.069785 15.737333 -9.555780 0
0.169606 0.162226 1.041055 -0.450629 -15.854080 -9.375717 -13.053058 1
0.567692 -1.813146 -1.046363 -0.209833 -3.788988 -7.086407 5.039013 1
0.214292 -1.298984 0.883098 2.067672 -11.086564 8.782576 3.586323 1
0.450345 0.900716 1.559272 0.225924 9.444308 8.494503 -4.379316 1
0.000000 0.275589 0.279217 -0.404395 -10.323849 11.038747 -10.309121 0
0.000000 -0.004300 0.325187 -0.136477 17.562465 6.305980 -15.969585 0
0.123163 1.138556 -1.400706 -2.505978 1.791778 -6.412447 -4.940486 1
0.000000 -0.114623 -5.192445 -3.269849 3.537406 -45.727293 -29.196997 0
0.387333 -1.148681 0.209795 0.799015 -7.522461 -10.197839 -0.469540 1
0.000000 0.072508 0.513823 -1.014134 13.160359 11.475351 -2.304443 0
0.000000 -0.265494 0.180517 0.135234 -9.263448 17.274770 -8.717555 0
1.575080 0.009048 0.687117 1.557159 3.060002 -7.012635 4.388935 1
0.000000 -0.459906 -0.371041 -0.487966 -1.534904 0.592583 -12.805601 0
0.000000 0.255917 1.444648 -0.511170 3.935146 -6.097168 -3.736931 0
0.000000 0.231518 1.280116 -0.994516 4.734168 5.657087 -9.534679 0
0.184902 0.217579 1.870184 -0.295943 8.772015 9.235599 -7.985550 1
0.348863 0.260809 1.398990 -0.401623 13.824033 -5.857693 -6.569282 1
0.127948 -0.155584 -0.968523 1.368798 -8.958701 -2.515206 0.706073 1
0.127545 1.127209 1.111317 3.188513 -0.194054 10.427637 12.222133 1
0.089378 0.596428 0.124215 0.127663 -9.783335 -8.480547 -9.552053 1
0.220514 -0.354299 0.351719 -1.213140 -13.541667 6.280858 -6.316176 1
0.195396 -0.791840 -0.441392 -0.696946 -14.723155 8.132361 -4.783710 1
0.000000 -5.838608 0.323445 0.769469 -35.404273 4.813940 1.349509 0
0.000000 -0.177549 0.777272 -0.276517 -27.736601 16.139931 -4.304404 0
0.000000 0.715367 0.411404 -0.709795 2.628601 7.673327 -12.668333 0
0.000000 -0.265220 0.423830 -0.059446 -10.127917 22.714864 1.684803 0
0.642375 0.117907 0.228245 0.079263 1.647996 19.463677 -4.442547 2
1.288776 -0.434868 0.119305 0.145759 17.875177 9.143983 0.950769 1
0.000000 0.014728 0.779500 -0.037431 2.533506 10.600585 -20.414759 0
0.482430 -0.921127 0.047133 -0.022952 -4.097815 -13.426782 -7.579300 2
0.000000 0.026176 0.420883 -0.477157 -22.607206 -11.076909 -12.729392 0
0.000000 -3.021927 -0.034763 -1.491072 -16.798128 0.219478 -7.529058 0
0.000000 0.066958 0.641898 -0.577211 -17.282726 3.852711 -6.777937 0
0.000000 -1.620236 11.281660 2.709860 -6.864370 60.734012 16.413625 0
0.551803 -0.004641 0.052250 0.438041 16.883258 10.709843 -3.841126 1
0.000000 -0.048001 0.868367 -0.266441 9.414044 -19.207390 0.444497 0
0.367063 -0.853430 -0.481092 0.194356 8.377972 -1.535124 6.704287 1
0.000000 -0.333678 0.786298 -0.245324 -9.197816 -0.533647 19.453691 0
1.059412 0.216261 0.659907 -0.810682 -12.792008 15.178231 -14.162203 2
0.000000 0.014085 0.270845 -0.381128 17.361823 9.986819 2.393741 0
0.202812 1.897525 0.820521 -0.501276 6.640051 2.328782 9.129287 1
0.000000 -0.226108 0.514946 -0.419940 -6.445252 30.775130 -31.354226 0
0.206856 -0.713206 -4.219033 -2.150933 -8.034225 -19.990712 -9.967864 1
0.000000 -0.439100 0.519332 -0.189373 8.521385 22.302066 -2.007188 0
0.000000 0.774464 0.041728 -0.486630 14.199286 8.975255 -8.848210 0
0.094435 -0.472753 1.128836 -0.183493 2.216720 3.841005 -23.575082 1
0.000000 -0.274210 0.807548 -0.277110 17.790097 -17.406442 2.327179 0
0.000000 -0.573391 0.563712 -0.620196 4.972247 3.126866 -15.726935 0
0.087582 -0.134786 1.117554 0.173214 14.484816 8.774279 -0.123764 1
1.378238 0.836239 -0.186728 0.255862 11.168493 -1.557015 -4.518766 2
0.000000 -0.152978 0.638624 -0.615628 -19.360516 20.012286 10.033280 0
0.093662 -0.093434 -0.157391 0.869558 4.242709 -7.794532 -9.681634 1
1.055006 -0.326581 0.220303 0.574034 13.969747 -4.147162 6.669856 1
0.290595 -0.235989 1.048898 1.490419 -11.014316 13.079580 -0.849102 1
0.226020 1.393799 -2.830287 4.931881 10.800447 -12.004594 20.924136 1
0.000000 0.084243 -0.225886 -0.078692 -5.657244 16.165921 -10.221800 0
0.504080 -0.736313 0.673450 1.040767 -11.838399 11.764681 0.966495 1
0.133644 -1.251248 -1.061093 -3.364128 -9.024515 -10.364885 -13.092641 1
0.000000 0.150800 0.774802 -0.392012 6.948787 -8.268839 19.869601 0
0.102733 0.113802 -0.075096 0.934434 -7.561356 -2.517961 -2.281175 1
0.000000 -0.134555 1.254116 -0.091140 3.565965 -6.876736 5.925631 0
0.170184 -0.518569 0.066004 -1.500807 4.695686 13.503906 -0.475056 1
0.080956 0.902301 2.478894 -0.793028 -2.755939 9.686686 -4.355421 1
0.171393 -0.635540 1.068071 -0.358838 8.317755 -11.986617 -10.010524 1
0.000000 -0.398011 0.509240 -0.287529 -5.354297 11.305812 4.387832 0
0.000000 -0.173581 0.419702 -0.587596 1.791085 -27.029359 -22.229738 0
0.707610 -0.838673 1.012520 1.870887 -5.496713 6.330454 0.260352 1
0.161798 -2.231241 1.429740 -0.962689 -11.870146 9.570497 -6.774744 1
0.495528 -1.935159 2.698853 0.690009 -4.588374 4.057099 0.030936 1
0.081729 0.181288 1.123009 1.570038 -11.171490 5.499862 5.959352 1
0.000000 -0.898589 1.232975 -0.082996 -13.206544 3.566247 9.083162 0
0.189760 0.459959 1.174012 0.125847 -0.212953 11.037045 -8.615212 1
0.266191 0.911401 0.534575 1.031111 -8.590951 -0.821221 2.190227 2
2.255952 -1.663496 0.975545 0.098446 -3.588745 -1.473010 -2.209239 2
0.000000 0.437936 0.755320 -1.018456 -6.271836 -1.899073 5.395878 0
0.000000 -0.557557 1.250268 -0.230496 5.829819 10.593392 1.978712 0
0.000000 0.833341 0.768309 -0.829370 9.170824 -7.223094 -11.534852 0
0.094543 -0.836159 1.414137 -2.424571 4.818667 9.165170 -5.834578 1
0.093801 0.078985 -0.346210 -1.008843 -10.505334 8.871202 -10.031634 1
0.259589 1.333504 0.893989 -0.275220 0.627839 3.212508 -8.456632 1
0.000000 -0.317593 0.691787 0.512714 -1.225384 -0.070316 -2.792479 0
0.597086 -1.083742 2.024298 -0.254321 5.668329 8.956200 -1.171269 1
0.000000 -0.389332 0.760310 -0.395977 -1.242507 -7.165604 -27.249878 0
0.409757 -1.318335 0.634867 1.690456 -12.488334 12.094679 0.896682 1
0.703460 0.665412 0.110511 0.371328 7.973798 -8.355910 -11.005052 1
0.000000 0.091948 0.684561 -0.027283 19.566338 0.884237 26.547555 0
0.592856 0.383760 1.753010 0.242865 -8.506797 13.488594 -8.496977 1
0.598064 -0.998977 -1.674574 1.457197 -10.857261 -12.162643 4.244095 1
0.000000 0.144675 0.830258 -0.493328 3.866681 10.843759 19.017034 0
0.000000 0.676780 1.399227 0.343001 -0.620673 4.123018 -2.855636 0
0.107798 -1.347801 1.756890 -0.124030 1.470724 2.813531 -4.286123 1
1.282747 0.879824 -0.605512 -1.293615 6.658084 7.083541 -6.629417 1
0.179704 -0.977112 1.020498 1.100046 -7.281014 16.512929 2.023383 1
0.226650 -0.619824 -0.523863 0.030922 -9.278664 8.627510 -5.654016 1
0.000000 -0.221282 0.832355 -0.220335 16.464267 20.607984 0.049751 0
0.000000 -0.244633 1.276821 -0.838809 8.473815 7.679374 6.515525 0
0.590465 -0.488442 1.003550 -0.755638 -4.206582 -11.388993 -8.287683 1
0.323997 -0.507025 3.492202 -1.636925 -2.884527 17.780106 -0.656916 1
0.080856 1.186155 -0.431441 1.247892 7.010868 8.430218 -2.281522 1
0.143920 -0.099130 0.558121 0.003655 -8.790399 -21.636337 -16.189429 1
0.128165 0.360466 1.202271 0.517990 -14.144914 7.310894 -2.907217 1
0.000000 -0.160427 0.639929 -0.341768 -9.377437 -54.108171 130.227205 0
0.145470 0.226927 0.543845 -0.900096 11.959740 -3.644397 14.358119 1
0.000000 -0.112209 0.686957 -0.303676 48.011607 -21.073690 31.134521 0
0.587126 2.712216 -1.464776 -2.026824 15.325170 -9.499415 -3.234413 1
0.235289 -0.302657 1.203075 -2.207125 5.899722 7.459873 -22.104580 1
0.569180 -1.025601 0.162126 -0.457439 -7.840151 18.613923 -1.390110 1
7.294495 -1.229980 0.644549 0.182180 -0.277245 2.363043 -13.553276 2
0.773766 -0.136343 1.397056 0.377869 -2.890471 16.190770 -4.937353 2
0.543855 2.556408 -0.961799 0.517238 9.021218 -5.702216 6.151614 1
0.236315 2.917141 4.030892 -2.229765 14.890214 24.192892 -6.202876 1
0.000000 -0.472149 0.653102 1.269633 -5.994920 5.436734 7.849786 0
0.109437 -1.421825 -0.122078 -0.883030 -6.014478 11.774100 -10.682225 1
0.000000 -0.698428 0.869023 -0.097748 8.795269 7.725226 5.473769 0
0.000000 -0.261976 0.950755 -0.292666 -12.566492 -10.058903 -22.754712 0
0.556263 -1.470598 0.984791 -0.203389 -9.749939 11.514164 -3.156040 2
0.624303 -0.299470 0.840439 0.103098 18.466824 16.236248 -2.819835 1
0.000000 0.084906 0.906756 0.087201 -3.984325 0.596954 15.384619 0
0.000000 -0.729587 -0.574677 -0.361980 -4.774100 4.712134 -4.029753 0
0.126609 -0.132388 -0.013176 1.249917 8.437150 12.353497 1.072730 1
0.000000 -1.660184 1.005202 0.093281 3.991337 -2.233276 -4.287742 0
0.887808 1.143695 -1.547873 0.254008 0.146491 2.581373 0.629625 1
0.000000 0.346699 0.099368 -0.103997 6.837471 13.031924 12.468661 0
0.000000 -0.479203 2.332236 -0.513137 6.656716 6.776146 -7.474056 0
0.126531 -0.669114 0.885321 0.365065 -12.989330 3.694102 -12.212524 1
0.000000 -0.626608 0.048214 0.636526 3.043245 2.998437 1.089306 0
0.342997 -0.067357 1.055894 -0.487807 18.071790 18.571930 -15.820312 1
1.141486 0.119915 0.178012 -0.729022 14.665494 -7.373089 -0.880821 1
0.181571 -0.071147 0.412844 0.757559 -2.551559 1.817047 -7.247882 1
0.271737 0.623993 0.206662 0.163968 -2.699066 5.840320 -11.105755 1
0.000000 0.121465 1.490284 -0.702086 12.038226 1.375868 -4.826747 0
0.000000 -0.980698 1.058675 -0.152984 -8.345239 0.731988 -4.612958 0
0.370942 -1.509276 0.662519 0.294005 -12.459843 12.298939 -5.828555 2
0.000000 -0.164440 0.734909 -0.724778 2.393835 13.237469 -10.033623 0
0.000000 -1.023151 2.121179 0.056881 -3.210269 12.189617 2.236178 0
0.000000 0.960929 1.288750 1.807953 0.408552 14.106871 5.614848 0
0.178200 -2.678082 -0.322506 0.018595 -3.638937 4.708381 0.986909 1
0.269147 -1.240891 0.500829 -0.293039 -0.766419 21.194980 -0.423156 1
0.000000 1.358193 0.187952 0.438767 16.359290 3.320168 -5.663215 0
0.195759 0.015430 -1.846245 0.998221 -4.978169 -5.658740 -2.488185 1
0.310560 -0.179456 0.238876 -0.463137 -16.648866 16.885487 -10.096357 1
0.000000 -0.118687 0.815836 -0.438225 10.253822 -5.375997 -12.519843 0
0.130606 0.084739 1.726001 -0.635917 -2.240670 10.972971 2.069612 1
0.180981 0.383525 3.950728 2.822008 -0.752012 20.236135 14.193914 1
0.000000 0.698417 -0.502630 -1.655588 1.796548 4.074462 -5.216224 0
0.000000 -0.621480 -0.030240 -0.065156 9.012908 0.433220 -4.422098 0
0.337684 0.548618 0.136690 1.984446 2.788916 -5.109707 -0.222651 1
0.000000 -1.750503 0.685232 1.170024 -0.220925 -3.914050 5.356772 0
0.000000 0.094189 0.938403 -0.589788 -14.540800 17.718066 -8.297177 0
0.107057 -0.453911 0.974758 1.880908 0.899544 17.030568 6.527836 1
0.000000 -0.108174 0.615604 -0.382243 28.488124 12.083215 44.004858 0
0.000000 0.549990 0.785694 -0.500218 14.947429 -1.349128 11.350896 0
0.148499 1.718047 0.490086 -1.514318 -0.603890 -2.752444 -2.134811 1
0.000000 5.388048 -8.344456 14.763503 47.398987 -73.873990 128.039689 0
0.000000 0.174749 0.534133 -0.039774 -5.802956 -11.503479 -15.048699 0
0.000000 3.967075 -9.875225 3.109294 34.569988 -86.464106 26.090268 0
0.000000 -0.156223 1.185638 0.202015 -4.044336 11.526696 -3.150858 0
2.752555 -0.160756 1.223502 -1.337679 -3.786085 3.660511 7.467347 1
0.000000 0.231188 0.053394 -0.812233 1.049211 5.814275 -9.817804 0
0.104305 -0.114395 0.590643 0.682696 17.116887 -1.471912 -2.030155 1
0.144490 0.438430 1.401400 -1.419723 -9.647114 1.581553 -4.984404 1
0.000000 -0.005811 0.517604 -0.634230 0.747916 12.774567 2.591009 0
0.144851 0.973904 0.244419 0.804730 5.737776 -3.667744 -8.557238 1
0.132290 -1.534610 0.838203 1.409277 -9.769153 10.910291 -3.794943 1
0.000000 -0.261954 0.881310 0.501529 -2.165700 18.204934 -5.009126 0
0.000000 4.559694 -0.364300 0.154353 24.868761 -4.445934 1.159766 0
0.000000 -0.856808 1.110929 -1.246905 -2.212673 5.074644 -4.970599 0
0.691052 -0.629317 -1.046840 0.076390 5.749733 -1.415564 -0.826103 1
0.123125 -2.936702 -1.210988 -1.402781 -10.285898 0.592957 -4.252234 1
0.000000 -0.193607 0.823660 -0.367547 -11.614088 17.330413 -29.890184 0
0.000000 -0.094171 0.655336 -0.298281 -8.875894 -23.513376 3.314351 0
0.000000 -0.511113 0.634434 -0.296871 -12.461322 2.036779 21.345159 0
0.000000 10.861735 -19.690195 1.527347 162.424409 -299.026389 25.893478 0
0.083960 -1.408237 -0.314706 1.630328 -8.053452 4.398788 3.253448 1
0.000000 2.154748 9.959738 10.312286 21.278247 93.645250 98.862821 0
0.000000 -3.386726 4.379430 -1.043094 -15.839317 19.714792 -10.695652 0
0.118415 0.354932 0.406407 -0.755078 13.339036 15.924896 4.068762 1
0.123056 -0.473056 1.107170 0.933013 2.807431 12.087299 -5.337558 1
0.000000 0.191809 0.427608 -0.046420 -2.983566 -10.485582 -15.344454 0
0.000000 0.051910 0.631122 -0.393977 -22.628310 27.261532 14.056298 0
0.000000 -0.681440 0.403380 -0.146632 -1.039242 0.709666 -9.404952 0
0.219520 -0.720257 0.381336 -0.504509 16.997868 13.431393 -6.456055 1
0.000000 -0.783156 -0.759135 1.373561 -0.623633 7.428769 -0.719182 0
0.000000 0.640620 1.405453 0.239514 -4.507758 9.367597 -6.944130 0
0.193296 0.199856 1.080921 1.182784 -3.619589 18.128955 -1.513798 1
3.348174 -0.035044 -0.701984 0.547827 3.888042 6.970269 10.040353 2
1.417540 1.820293 1.832755 0.026552 1.761123 1.022475 4.465950 1
0.000000 0.042713 0.884420 -1.002258 -12.487941 4.757620 4.405185 0
0.189420 1.613527 1.861528 1.455354 12.304420 14.017955 3.932489 1
0.000000 -0.112189 0.603187 -0.387797 20.187360 -5.326926 -49.995463 0
0.000000 -0.598618 0.542259 -0.701230 8.447004 5.407106 -1.038366 0
0.092091 -0.102552 0.567169 -0.576976 -24.628135 28.243041 -7.809709 1
0.486369 0.164994 -0.491467 0.260425 -10.724946 6.851866 2.195516 1
0.000000 -0.709999 0.805934 -0.514048 -8.732905 -1.278994 -3.811678 0
0.000000 0.173724 0.567982 -0.227751 -3.522382 -7.063964 -13.967168 0
0.000000 0.589508 1.470195 -0.089432 -3.154670 8.588978 -9.257730 0
0.000000 -0.014148 0.675304 -0.295208 -18.106376 -8.297817 -27.929551 0
0.000000 -0.419334 0.357907 0.031682 4.651584 2.615361 16.911638 0
0.000000 -0.607260 -0.951208 0.350380 -5.307976 -15.270265 5.683801 0
0.000000 0.152889 0.638350 -0.840022 -9.526441 8.371793 -14.661492 0
2.596189 -2.902260 -2.302025 -0.284749 -12.459855 -7.781581 3.788382 1
0.000000 -0.347847 -0.341921 0.032465 -2.216304 6.456728 -0.274180 0
0.000000 0.076995 0.637351 -0.563059 -6.192167 29.716196 -6.845382 0
0.000000 0.073681 0.658953 -0.522952 -16.540870 23.695435 -8.805838 0
0.109886 0.316659 1.310111 -0.378720 -5.304641 13.775814 -8.865556 1
0.000000 -1.725045 3.001298 -1.564441 -3.542178 15.049004 -3.442490 0
0.307529 -1.411811 -1.696917 -2.079880 -2.044226 -7.618094 -1.806264 1
0.224214 -0.483505 -0.190823 -3.062040 3.811375 -6.306363 -11.005889 1
0.000000 -3.966256 9.128456 2.171572 -36.003611 82.559914 19.834032 0
0.121886 0.043291 -0.031380 1.110182 -3.629427 10.923790 5.181986 1
2.036878 2.210447 -1.699423 -0.846887 2.686938 -3.698529 -5.902298 1
0.000000 -0.344611 1.109680 -0.105777 -4.438675 -2.974346 -10.627397 0
0.087214 -1.101331 -2.334260 -1.022193 0.374587 -7.003019 1.874245 1
0.000000 -0.256115 0.532149 -0.455707 -31.967486 19.947848 -2.824932 0
0.000000 -0.192616 0.612434 -0.501322 -12.565585 14.844138 -32.130569 0
1.195467 0.042321 1.081320 -1.159485 3.455543 -4.010216 -10.866793 1
0.124532 0.337014 1.421890 -0.635180 -9.544216 9.854282 -9.258443 1
0.239527 -1.126559 -0.246183 -0.517358 0.753301 -0.685706 -7.968959 1
0.513647 -0.314209 -0.010124 -0.521287 -5.552326 13.815488 -8.405716 1
2.322161 0.715797 0.371797 -0.672776 -0.705191 11.891621 12.413790 1
0.000000 -2.800764 0.062452 -1.331918 -5.833703 -4.356036 -3.370822 0
0.000000 -0.887315 4.976819 -0.245396 -5.287044 24.563945 -1.757253 0
0.287633 -0.401578 1.372527 1.561388 1.402482 10.447923 9.554995 2
0.080411 -1.161681 1.359824 0.904536 2.246734 -2.984649 -3.144904 1
0.000000 -0.012893 1.222243 -0.134092 3.893130 31.624763 10.599221 0
0.000000 -3.439677 1.159102 0.601604 -29.796741 8.427858 4.479362 0
1.039799 -0.713478 1.123773 1.162250 -10.442182 5.258407 -1.748720 1
0.000000 -0.089078 0.478415 0.121565 11.039905 0.010757 9.747771 0
0.193774 -1.320904 -0.523891 1.137498 -4.614736 -12.901069 7.162739 1
0.204408 -0.565364 1.230343 0.310983 -7.242064 5.240631 -7.023261 1
0.203976 -0.994413 0.289407 -1.000944 9.046694 -0.143098 -9.833218 1
0.000000 -0.003888 0.884412 -0.215763 7.507680 0.234799 -30.541713 0
0.224716 -0.328470 0.632632 2.045314 -7.161584 10.263314 2.447722 1
0.000000 -0.920165 0.897805 0.190257 -2.960458 7.090063 -15.037975 0
0.183623 0.406511 0.479230 -0.163256 -19.000832 1.977047 9.188706 1
0.000000 6.339873 -0.161352 -4.035119 53.824996 -2.066264 -34.623726 0
0.000000 -3.026618 3.178902 -0.737148 -23.598171 22.951499 -6.589863 0
0.205052 -1.526897 -0.349135 1.147304 -3.715969 -10.317899 3.737261 1
0.256881 -0.593763 -0.414523 1.468485 -0.179879 8.142472 12.136614 1
0.383592 -0.382415 -0.466062 -1.472537 -4.810496 7.930627 -13.886909 1
0.115189 -1.400904 1.692639 1.190212 -2.145659 0.760083 14.020546 1
0.000000 -0.003163 0.721938 -0.482707 8.279382 -18.874914 24.406864 0
0.208231 -0.790510 0.065242 1.459325 -0.922714 -3.674613 -1.329124 1
0.000000 -0.208882 0.567494 -0.462150 -15.683950 -24.206003 -3.842384 0
0.460238 0.974933 0.114917 1.185508 7.352241 2.535631 -8.707984 1
0.500482 -0.045493 -0.314374 -0.202269 7.481506 -7.303549 -7.108602 1
0.190881 2.013410 0.371798 1.691317 12.252173 -2.247232 1.011832 1
0.000000 0.023280 0.465722 -0.774375 11.906610 14.617941 -15.666225 0
0.000000 -1.599371 0.611145 0.208732 -14.064709 9.837427 -6.544833 0
0.000000 -4.305589 1.091327 -0.979995 -22.549128 7.427426 -6.617752 0
0.639887 0.287480 0.137923 -0.812837 15.042117 7.270738 3.255458 1
0.000000 3.397961 -8.798193 -18.803493 32.763240 -85.307404 -178.554902 0
0.000000 -0.106786 0.688669 -0.278444 18.956852 -32.963165 -10.000239 0
0.286232 -0.891617 0.404414 1.263924 -2.196939 10.718478 1.125653 1
0.111446 -0.884591 0.828857 -0.057840 6.304041 -4.577011 -12.366590 1
0.000000 -0.148016 0.558016 -0.435877 19.330830 28.541840 -0.815725 0
0.000000 -0.823388 0.552161 -0.237396 -6.466355 1.457540 -9.011540 0
0.000000 0.198750 -0.149375 -0.335698 4.905171 1.592363 -8.702954 0
0.000000 0.499538 0.572375 -0.389323 -2.678086 -3.329821 10.241781 0
1.166044 1.475933 1.306267 2.958990 3.253365 12.898474 12.217523 1
0.000000 -1.143928 1.184162 -1.008919 -9.409697 16.352566 -13.846462 0
0.396613 -0.974237 -0.800319 -1.231401 -6.285025 9.557971 -1.976529 1
0.000000 -0.036336 0.534603 -0.243829 5.807190 23.181991 0.598076 0
0.000000 0.825361 2.062915 -1.885427 3.126475 15.834943 -14.466221 0
2.532142 -0.015921 -0.096689 0.135457 17.677510 7.295050 -1.615209 1
0.107929 -0.381139 -0.339709 -0.597819 -10.564384 -3.469403 -16.018818 1
0.167175 0.203314 1.472559 -0.418604 -1.634164 14.776638 -9.116174 1
0.254952 1.655273 -0.175211 -1.279790 -0.526838 7.660192 -5.386813 1
0.000000 0.750168 1.352843 -0.130188 -5.446806 6.310183 -12.559288 0
0.000000 0.367290 2.012976 0.822552 -1.625505 17.032026 1.004072 0
0.121547 0.418541 -3.564927 -0.478495 -1.923517 -18.368677 -6.345668 1
0.000000 -0.209352 1.085832 -0.388076 -0.964884 -3.393674 -14.886238 0
0.000000 -0.395824 -1.176819 -0.756864 3.902088 -9.437561 -7.820903 0
0.000000 -0.275069 0.630367 -0.768506 -18.789389 14.628756 0.508515 0
0.000000 -0.480416 0.808760 -0.535671 6.367053 4.784943 -25.440118 0
0.000000 0.190017 0.962421 -0.833858 -11.463068 19.108375 -9.386263 0
0.000000 0.026055 0.075362 -0.381004 -7.197501 -0.931145 -4.323197 0
0.000000 -0.325696 0.649448 -0.360955 -12.270065 -21.858759 -14.358277 0
0.000000 -0.159900 0.662418 -0.317520 68.289337 57.057635 -12.022584 0
0.109822 2.122463 0.101741 -0.827611 4.023235 -0.317046 -6.288698 1
1.950578 1.128862 0.260500 0.170636 4.237867 5.546239 -4.258805 1
0.085723 0.482794 0.855207 2.028302 -0.064724 5.162343 7.181363 1
0.000000 -0.755653 0.117780 -0.135050 -5.326494 -0.242791 -13.584383 0
0.410668 0.330593 -0.192215 0.323737 0.989473 -9.901121 -14.332612 1
0.278253 -0.130403 1.214330 0.250058 -6.311974 10.880465 -14.973467 1
0.000000 -0.419563 0.732752 -0.127457 -3.050893 15.879683 0.759286 0
0.191416 5.416684 1.481715 -0.439389 25.524817 12.134913 -3.421451 1
0.204516 1.131475 -0.085739 -0.261892 -3.874391 7.317943 7.487943 1
0.119244 -0.445106 -1.096377 -0.444936 -0.233302 -12.417834 -14.703868 1
0.394798 0.041513 1.090643 0.992194 -4.182068 12.953413 2.870013 1
0.000000 -4.690475 -17.859493 -3.225098 -51.895991 -203.274627 -34.885279 0
1.687457 2.441245 3.499186 0.724748 10.107426 10.929355 6.341855 1
0.000000 -0.130275 0.747034 -0.289450 -29.051969 -9.259946 -25.841859 0
0.000000 0.039162 0.602667 0.454079 11.153304 -3.654158 -5.628842 0
0.835224 1.044826 1.349935 0.021602 -9.670429 12.482756 0.611634 1
0.133760 -0.855461 0.635933 0.787675 7.875935 15.466845 3.667253 1
2.914902 2.403085 -6.349111 -0.792728 15.897706 -41.001316 -5.078195 1
0.000000 -0.598107 0.765381 -0.093835 13.084948 14.982932 -3.725107 0
0.000000 -0.022833 1.043448 -0.293168 13.362278 -5.557229 7.693878 0
0.000000 0.020692 0.715251 -0.067435 1.305071 -14.287177 12.348392 0
0.000000 -0.057883 0.724387 -0.221063 -7.393474 20.551073 -29.483574 0
0.000000 -0.191821 0.540382 -0.282264 -26.759436 -15.167425 19.702017 0
0.000000 -0.379659 1.307277 -0.376605 -16.344155 2.705831 -4.799639 0
0.170390 -1.143687 0.127837 0.413785 1.742750 -0.239042 -6.554366 1
0.000000 0.164379 -0.007538 -0.209727 -0.759365 3.994125 -19.505009 0
0.710018 0.005384 0.668501 0.578307 0.141727 -7.901551 -11.863197 1
0.490174 0.223727 0.718342 -0.023913 3.591914 -16.637776 5.210995 1
0.000000 -1.862892 1.263859 -0.052065 -7.573135 6.578503 -14.646477 0
0.191407 -1.761370 -0.821121 -2.207677 -0.266259 2.061050 -8.926548 1
0.086220 0.225835 0.286108 1.352198 -9.198038 2.952045 2.495924 1
0.000000 -0.031124 0.308179 -0.597234 5.817073 14.464073 13.148460 0
0.000000 -0.381044 0.180702 -0.908400 7.444451 8.454329 -4.528951 0
0.000000 -0.875697 -0.300186 -1.144548 -0.522915 0.153633 -10.210245 0
0.000000 0.445155 0.340674 -1.128348 -0.502227 11.322504 0.509364 0
0.119733 0.022780 0.543113 0.163568 -7.283172 17.276631 16.329451 1
0.155712 0.418244 1.233030 -0.742021 8.411934 1.445224 -20.278715 1
0.248140 1.522048 1.130490 0.580472 -0.023044 7.045006 3.435331 1
0.211986 -1.361753 -1.737601 2.515519 -6.530211 -7.178583 3.453566 1
0.000000 -0.072296 0.758129 -0.215765 24.836708 0.421411 6.347069 0
0.000000 -4.993229 8.934952 9.669688 -24.567980 44.441766 52.545568 0
0.364258 0.319128 0.615674 -0.664574 -14.258655 6.142859 -17.321554 2
0.081905 -0.547951 1.563003 0.350888 -1.867161 -7.949660 -1.967938 1
0.000000 -0.874489 -0.392292 -0.532305 2.722362 5.060967 -7.743009 0
0.000000 -0.893020 3.400919 -0.101677 -4.373659 18.364869 -1.547669 0
0.208666 0.548963 1.125478 1.140339 9.990218 7.882093 -2.462066 1
0.338702 0.904222 -0.658116 1.915223 7.913912 3.592414 10.153391 1
0.000000 -0.696141 0.468269 -0.825940 3.979177 -3.456825 0.208496 0
0.261780 -0.507770 -2.522222 2.809925 -5.836499 -24.719311 26.061722 1
0.000000 -1.738680 -0.814233 0.223845 -9.577168 -5.434020 3.508838 0
0.000000 -1.152791 1.252087 1.227153 -3.663676 9.051528 1.670183 0
0.000000 -0.399776 -0.683084 0.715553 1.642451 -15.913296 -4.567415 0
0.000000 -0.019049 -0.947846 -0.580646 -0.668947 3.887216 -1.319576 0
0.124445 -1.298746 1.256200 -1.129791 -5.519021 3.356184 -12.020387 1
0.000000 -1.699346 1.232849 -0.600528 -7.633630 5.498356 -4.364645 0
0.415176 0.025271 -0.139140 0.560373 -4.073157 13.459658 0.657509 1
0.878922 -0.645802 -0.450589 0.400073 -1.341425 2.969775 13.666045 1
0.094683 -0.231270 0.241079 -0.742836 6.178123 -2.457409 20.319638 1
3.025229 0.119869 1.560938 -0.497983 10.081429 -9.058072 -2.182551 1
0.000000 -0.411844 -0.071728 0.925800 1.779394 5.648445 6.380630 0
1.385436 -2.416613 1.319587 0.883681 -2.628375 10.726223 4.116878 1
0.188343 0.659303 -0.082638 1.100923 -5.313714 4.936768 3.007735 1
0.000000 -0.510209 0.871562 0.100048 9.989416 5.912438 -4.067800 0
0.266901 1.511626 0.290327 0.850378 -4.099713 -5.166896 4.302451 1
0.352073 -0.674881 0.337638 0.239189 -2.015943 16.004053 14.777038 1
0.588656 1.254201 -0.893237 -1.552538 5.540953 0.149994 -0.125767 1
0.000000 -0.507247 -11.517177 -14.634711 -4.412447 -113.245850 -141.395693 0
0.147682 0.838934 -0.374476 0.647068 -5.655073 0.667185 11.641627 1
0.000000 -0.104166 0.716252 -0.159939 22.550231 3.215674 7.578404 0
0.000000 -0.897725 -0.519272 1.046636 -5.801360 -3.263979 8.433616 0
0.000000 -0.480602 0.593404 -0.194775 -18.646088 21.131764 -14.857838 0
0.000000 -0.201719 0.585309 -0.358515 29.900226 -9.592911 47.994806 0
1.115389 -0.974056 1.260095 0.641395 -8.489190 10.069849 -3.494479 1
0.100224 2.559894 -1.997893 -0.934579 4.739022 -6.907758 -9.542410 1
3.043771 2.010859 -0.482805 -2.125415 5.891834 -1.357451 -2.060423 1
0.000000 -0.216417 0.454149 0.071215 0.883658 -13.066341 14.096898 0
0.154714 -1.475925 -0.698798 -0.589575 6.215041 1.631935 -1.033931 1
0.000000 -0.179550 0.588460 5.450346 -1.693825 2.219626 86.190383 0
0.000000 0.509769 0.795124 -0.373561 14.604314 0.498229 2.705629 0
0.000000 -1.611376 -0.291389 0.196725 -11.172633 1.590187 -9.663328 0
0.156661 0.093004 0.493702 1.802363 -0.220163 13.586863 -0.163494 1
0.000000 -0.106616 0.627815 -0.182418 9.800636 14.487432 -16.913202 0
0.000000 -0.497143 0.328526 -0.844968 12.281517 4.557472 3.388503 0
0.133107 0.683162 0.403219 0.507020 -1.868286 3.902676 -7.594622 1
0.116244 -0.585687 -0.269832 -0.285649 -6.861857 16.289041 -0.796992 1
0.262815 -0.776247 -0.534970 -0.696615 -1.254434 9.578941 -9.226663 1
0.000000 -1.082356 0.560498 0.496202 4.105093 10.899539 13.372123 0
0.591538 0.023328 -1.684723 -2.528733 -4.551033 -3.581508 -13.731179 1
0.273814 0.206638 1.270356 -1.134235 -3.814952 1.868693 -15.995105 1
0.000000 -1.397006 1.496671 0.888747 -8.664531 1.062226 -1.634523 0
0.625099 -0.215239 1.496449 1.366677 -3.903415 13.273733 0.607082 1
0.953431 -1.313450 -0.702013 2.493232 -1.379618 0.361538 9.895761 1
0.000000 -0.142006 0.594382 -0.485320 -34.769722 -19.088119 -14.083802 0
0.000000 -1.124954 -0.094133 -0.182453 4.267190 7.522496 -9.876194 0
0.178332 3.239097 -0.035651 0.359763 14.689914 5.364033 5.745994 1
0.799338 0.144189 0.175245 -0.618850 3.714519 22.107562 -5.561001 2
1.884918 -1.029238 0.113676 0.811307 8.144820 2.930372 3.826720 1
0.093160 -0.053624 -0.025854 0.043146 15.310008 15.176866 9.496067 1
0.000000 12.381278 4.523866 -11.388872 72.033749 24.729030 -65.206009 0
0.080850 1.969623 -2.497133 2.052747 2.660508 -12.963907 8.643321 1
0.277717 -0.019149 -2.413466 2.318438 0.778706 -2.706370 11.922444 1
0.000000 -0.400022 0.562648 0.180951 -9.275721 11.014884 10.907031 0
1.020862 -0.414131 -0.100725 0.170754 -8.916085 11.655176 3.043741 1
0.000000 0.279317 0.776736 -1.175521 135.809422 39.810331 -259.337877 0
0.410517 -1.158416 0.412896 0.530572 -14.259403 9.228186 -8.751334 1
0.000000 -3.214171 0.771014 1.421334 -16.284377 6.209515 0.817891 0
0.000000 -0.070845 1.054597 -0.028725 -5.297883 9.410648 13.795061 0
0.000000 -2.128884 0.451353 -0.160401 -10.275303 7.994189 1.601674 0
0.000000 -0.200561 0.833114 -0.227987 -21.676468 15.456554 -16.068719 0
0.291207 0.831320 0.516959 -0.793318 -8.078944 -0.552529 5.220530 1
0.780826 0.062930 2.506747 0.630293 -10.337797 7.239519 2.274773 1
0.000000 -0.020295 0.588263 0.150485 -2.651402 -5.646093 -7.683020 0
0.111657 -1.063970 0.961332 -0.082660 -11.729573 0.674589 -15.088032 1
0.000000 -0.174779 1.177348 -0.345334 -15.998369 -1.025168 8.985750 0
0.503658 -1.468729 1.374409 0.121216 -2.387694 5.881975 0.370782 1
0.266518 -0.788267 -0.743197 -1.000844 -11.513826 4.902150 2.683011 1
0.000000 1.148296 0.642310 -0.626159 8.966668 3.835353 -1.207657 0
0.000000 -0.257845 1.045919 -0.851498 -13.198233 -1.766193 -7.621848 0
0.081261 2.215637 -0.170858 -0.166717 2.727352 -8.176792 -3.854786 1
0.000000 -5.034462 1.443238 -5.756380 -30.906929 8.197338 -36.548025 0
0.607244 -0.387772 2.274668 0.343183 3.028619 -2.210776 -3.188033 1
0.000000 -0.840437 -0.961260 -5.401285 -14.153825 -25.963412 -93.403885 0
0.157175 -2.260446 -0.656133 1.905100 -19.123289 1.067497 3.161272 1
0.000000 -0.273216 0.357296 -0.238793 9.554672 -18.202663 -6.844637 0
0.000000 -0.091328 0.919710 -0.444013 -9.174341 32.169158 12.945936 0
0.140945 2.175105 0.852581 1.070239 1.268132 -2.292373 7.201292 1
0.288794 -0.310913 0.634150 0.104214 14.854102 -9.089018 -8.014233 1
0.182724 0.432846 -0.233386 -0.125443 13.321217 22.115553 10.689366 1
0.115248 -1.014003 0.694703 0.639034 8.326277 -7.409400 -0.547154 1
0.000000 -3.278118 3.663550 -3.686684 -44.697164 44.581798 -47.858739 0
0.292049 -0.151022 -0.691204 0.681863 12.368683 1.433921 -0.892632 1
0.000000 -1.452080 1.247912 3.282453 -3.504154 4.945263 13.936443 0
0.507219 -1.202406 -0.716515 1.333762 -1.997553 -12.540742 0.597183 1
0.000000 0.154453 0.247584 0.480415 -3.069296 -3.675743 13.814198 0
0.153073 1.916310 1.148307 -4.626639 10.256612 -0.325419 -24.374684 1
0.000000 0.734700 0.247263 -0.688978 -11.077421 3.705757 -6.706539 0
0.000000 -0.632136 0.680667 -0.211417 -36.719594 3.880165 1.251929 0
0.000000 0.256885 0.693905 -0.630903 -6.165822 4.004516 -17.117936 0
0.458870 0.191926 1.033634 -0.465171 3.128163 13.710121 -23.950395 1
0.085890 -0.126277 2.373141 2.058865 4.123739 2.926646 12.008385 1
0.000000 0.136585 0.058208 0.329753 1.925306 0.020517 -10.342488 0
0.000000 -5.434986 19.530785 13.295300 -51.036306 183.621726 126.070722 0
0.000000 -0.171103 0.628902 -0.863657 -13.654378 -2.690672 6.138084 0
0.000000 -0.027117 0.776769 -0.241559 16.239275 -15.699767 1.116664 0
0.472146 0.636373 1.605843 -0.180943 -1.078962 11.796248 -8.664619 2
0.156623 -1.174290 0.787169 0.572494 4.496910 15.161906 -4.648546 1
0.000000 -0.329820 0.699205 -0.157720 9.569085 12.971769 4.479888 0
0.000000 -0.132818 0.393342 -0.509654 -2.273246 30.153557 0.288411 0
0.127719 0.402567 -0.382923 2.253859 -6.523606 0.145143 12.925137 1
0.000000 -0.296332 0.850293 -0.500978 20.317381 5.139867 -11.497247 0
0.393003 1.439441 1.214799 -0.508752 -3.388913 3.688467 -1.922840 1
0.395444 -1.380555 -1.691435 0.125449 0.553963 0.081263 5.275062 1
0.150757 1.691355 -0.926672 1.474199 11.426747 -0.026333 3.427514 1
0.613619 1.649089 -2.129275 -1.258984 6.502407 -9.511921 -4.249682 1
0.371705 -0.383736 1.635563 0.203296 -12.925470 4.361613 -8.559949 1
0.128172 -0.966280 0.050772 1.175774 -4.115467 -3.920376 -0.686114 1
1.227367 -1.116032 2.676126 0.999786 0.027792 9.361120 3.629449 1
0.000000 -2.182252 -3.076863 -2.584569 -13.719597 -16.014210 -14.979796 0
0.285623 0.100969 -0.810428 -0.810916 10.026092 3.677337 -0.223229 1
0.000000 -0.104907 0.570934 -0.306002 -11.208195 31.877250 -38.954271 0
0.151928 -1.503644 1.241395 0.062341 -9.199092 13.226932 3.772565 1
0.107729 -0.494361 0.094183 -0.030062 -4.712324 -15.699787 3.201684 1
0.789450 -0.221941 -0.087885 -1.717190 -0.235736 3.345209 -14.830016 1
0.417882 0.839966 0.075232 0.855000 -8.994347 -0.341065 10.203886 1
0.415458 -0.659010 -3.978677 -0.216258 -5.364111 -13.932920 3.551296 1
0.510419 -1.445333 0.635770 -0.846117 -3.481511 -2.117435 -9.268430 1
0.130425 -0.866879 0.625103 -0.524681 11.345904 11.358533 -11.681469 1
0.000000 -1.594267 -1.011269 0.186150 -14.278488 -6.117735 1.663061 0
0.489643 -0.256976 0.931798 -3.145846 -3.607514 5.629091 -7.152156 1
0.449688 1.211321 1.648828 0.442734 0.771355 11.019922 -9.308869 1
4.640213 -2.035520 -5.039073 -6.508979 -7.442120 -22.980282 -32.749862 1
0.000000 -0.527194 0.037262 -0.034935 3.611384 1.537593 -7.778194 0
0.088752 -1.193857 1.490033 -0.226003 5.222804 6.792339 -3.774556 1
0.124181 1.234458 -1.539490 0.134618 3.865116 -2.794481 -5.148369 1
0.142677 -1.480920 1.085940 0.290485 -5.876017 12.656737 8.768820 1
0.646196 0.121498 0.200149 -1.043056 10.078098 -4.731684 9.506687 1
0.112694 -0.131163 -0.240353 -0.851604 7.138399 10.739979 -4.563211 1
0.176104 -1.074412 0.457870 -0.679787 -1.296919 18.137532 -13.110162 1
0.106965 0.341287 2.239625 1.854776 3.968594 16.915569 6.609290 1
0.330430 0.963106 -0.076224 -0.522421 13.426851 0.326248 -9.929952 1
0.000000 6.086474 1.415292 5.150011 120.005635 17.967259 104.808215 0
0.000000 0.018064 1.329426 -0.492324 -1.713913 -1.879213 -6.933860 0
0.000000 -1.079064 0.081521 -0.977702 4.679430 -1.853338 -7.874173 0
0.126972 0.810066 1.172568 0.011135 3.953358 6.047503 -7.633739 1
0.000000 0.016243 0.488176 -0.004723 12.806914 -10.722577 6.828501 0
0.000000 -0.135992 0.944986 -0.387660 17.913372 25.145715 -10.232575 0
0.000000 0.769667 -0.756322 -0.872237 7.209365 -3.207494 -7.883722 0
1.665441 -0.073115 0.917138 -1.064340 -7.031916 16.246044 8.997162 1
0.167356 -0.887572 1.116536 0.679922 -11.359418 -1.739700 -4.630238 1
1.433413 3.026628 -2.641740 0.056431 7.580070 -13.113351 1.408605 1
0.264805 -1.697560 -1.383150 0.884529 -7.777758 3.179457 4.453055 1
0.110793 1.141408 0.826250 0.110898 -2.492477 0.258803 -1.729531 1
0.000000 -0.142990 0.703381 -0.306532 -0.185664 -35.646140 -8.745581 0
0.195410 -0.173356 0.438613 -0.927073 1.383495 4.670475 20.559439 1
0.000000 0.816742 0.471769 1.417743 -9.157185 -1.558058 5.715082 0
0.000000 -0.512832 1.393735 1.560538 2.340171 10.936757 8.929559 0
0.000000 -0.941140 0.665000 -0.433443 8.424232 3.017158 -6.393064 0
0.174903 -1.282291 -1.195227 -0.784681 -7.651766 6.740403 -5.425811 1
0.000000 -0.398277 0.726178 -0.341161 -5.734050 14.424561 13.477630 0
1.382242 0.968872 -0.972537 -0.446878 8.653253 -1.003647 8.775353 1
0.000000 -2.206581 -0.025495 1.232844 -14.564047 4.811831 5.484474 0
0.550522 0.343998 -1.078420 1.119062 10.065608 2.549567 6.312666 1
0.977405 -0.470392 -0.066981 0.179402 11.517664 -3.841735 0.615585 1
0.000000 -0.208695 1.305313 -0.150451 -4.649842 0.817278 -10.115665 0
0.158053 2.024419 -2.490796 0.032282 13.004576 -9.350584 1.070853 1
0.000000 4.974986 2.344809 0.398434 49.744726 20.493430 4.904073 0
0.082934 -0.024925 0.934933 -0.816037 -22.943052 1.580944 -6.776911 1
0.000000 -0.185237 0.706516 -0.418988 -55.220582 6.950167 -11.042562 0
0.268557 0.250125 1.678690 0.615457 3.127904 8.641827 -0.397874 2
0.000000 -0.157695 0.564645 -0.298971 -30.233216 -31.241962 -5.598767 0
0.419927 0.193303 0.939364 -0.702299 -14.854531 12.994077 9.270174 1
0.233936 -0.965204 -0.344412 -0.888391 5.924752 -0.708223 -13.523083 1
0.000000 0.072269 -0.392526 -0.521051 4.066949 9.045776 7.699010 0
0.000000 -0.158293 0.724930 0.084535 -21.425739 16.920742 -1.274990 0
0.000000 1.840370 -0.567329 -0.756011 10.217390 -1.208403 -4.456752 0
0.541043 2.365334 -0.179317 1.174633 6.433382 0.488031 9.782676 1
0.282572 -0.459979 0.625886 0.662194 8.576072 7.243109 -5.685802 1
0.115642 0.616546 -0.811046 -0.058389 -7.313594 6.012006 -0.347737 1
0.081355 -2.805029 1.275127 -0.828544 -12.274907 8.091546 3.680504 1
0.367829 0.116490 1.258286 -0.656593 11.342453 0.867357 -18.329433 1
0.139629 0.381796 -0.036630 0.377978 -1.249631 16.344104 -3.486698 1
0.000000 -0.135272 0.671072 -0.344575 -67.867244 31.901057 56.996941 0
0.125255 0.130624 -0.051411 0.425681 -9.155550 10.348308 1.126903 1
0.401327 -0.339019 -0.614223 2.877360 -1.802170 0.599356 6.883841 1
0.285734 -0.640327 -2.174128 0.089552 5.489878 -5.783893 4.283391 1
0.000000 -0.347361 0.709006 -0.363783 -6.108358 -5.091738 -41.484969 0
0.293098 -1.441055 0.883632 -0.399785 -3.971552 13.596585 -13.159577 1
0.087827 0.065356 -0.561893 -0.675265 -7.034971 -0.930970 -9.823827 1
0.145431 0.478326 0.980431 -0.340921 6.060315 -2.476804 16.521020 1
0.180115 -1.592915 0.724105 0.747076 3.381253 -2.771509 6.878799 1
0.000000 6.701515 19.679395 -11.511509 62.003674 179.266177 -106.189746 0
0.666776 -3.030162 -0.982119 1.569587 -13.573618 -2.637628 5.335906 1
0.000000 -0.126883 0.624517 -0.458933 -3.486504 38.224930 17.860295 0
0.000000 -0.143176 0.696668 -0.508615 -8.679688 -11.626825 -16.235077 0
0.093908 0.003266 1.343070 0.827776 -5.762328 14.453687 -1.912062 1
1.218377 0.335296 0.333802 -1.144431 1.252052 -11.535188 -15.189522 1
0.000000 -3.530873 -1.003425 0.705650 -21.007811 -6.337127 7.954139 0
0.000000 -0.098483 0.790986 -0.298174 19.516608 -14.081854 21.283100 0
0.094581 -0.513127 -0.542503 -0.374160 -14.821496 3.173478 -6.178340 1
0.082735 0.910493 -0.274976 -0.156494 -0.516608 -1.437237 -4.999069 1
0.117562 -0.686370 0.773384 -0.774337 -0.764526 19.917146 11.142817 1
0.000000 0.151530 0.049013 0.194203 -0.393855 -7.578099 -4.985759 0
1.175398 -2.113572 -0.765744 1.204202 -14.181368 -2.530673 -2.429169 1
0.164169 1.805926 2.121787 -1.568540 4.757594 0.488330 -7.967525 1
0.291452 0.224893 0.607635 0.005574 -9.505667 19.284557 -1.722725 1
0.000000 -0.355752 0.578857 -0.668920 -18.689523 -10.648957 -11.293594 0
1.289324 2.079941 3.001593 0.081690 10.218235 12.812183 -7.513925 1
0.000000 -0.311811 0.572260 -0.375752 0.503210 -17.153142 -4.605977 0
0.000000 -0.111431 0.649345 -0.252442 17.694715 -38.264056 -4.189371 0
0.115719 2.383574 -1.917807 -2.602502 12.398159 -9.100223 -8.034408 1
0.363410 -0.343848 2.304012 0.945148 -5.358250 16.854491 0.421942 1
1.751386 0.889437 -0.459685 0.780370 -8.371098 -1.387799 5.743578 1
0.000000 1.905141 0.500993 -2.160968 13.823113 7.100508 -12.200645 0
0.102911 0.865940 -0.398113 1.479382 1.570320 9.914737 9.009176 1
0.399572 -0.312394 -0.673178 -0.600222 -3.768403 -0.513163 -7.026531 2
0.000000 -2.048830 0.816224 -1.383641 -16.035851 6.819495 -10.364598 0
0.304509 -1.512321 0.393122 -0.768828 -6.753187 10.913432 -3.302250 1
0.000000 -0.109554 0.886795 0.001211 2.904966 -11.002348 1.424260 0
0.518423 -1.901912 -1.636722 3.018947 -5.446731 -11.604652 13.594459 1
0.412206 -1.745330 1.305703 -0.117167 -8.712881 8.969556 -10.211715 1
0.000000 -0.686718 0.051089 -0.198853 -15.707521 -12.002980 -0.434597 0
0.000000 -0.673798 -0.147235 -1.419687 -4.431709 4.281757 -10.982992 0
0.000000 0.508502 -0.009095 0.333263 -8.250741 6.636232 1.421175 0
0.000000 -15.442974 12.680541 -2.201230 -85.693976 66.566621 -10.947106 0
0.000000 0.674668 1.025024 0.556420 10.512538 -6.410220 -1.148298 0
0.120159 -0.244759 1.523875 -0.286403 -11.772689 4.414314 -16.776351 1
0.000000 -1.083278 -0.683716 -0.634377 -11.962471 -1.384731 -5.686859 0
0.105973 0.341437 1.529206 0.859407 3.503268 11.870535 -2.547101 1
0.000000 0.128965 0.996099 -0.847173 -9.675623 -5.555188 -12.018680 0
0.000000 0.028987 0.636526 -0.567329 -18.188512 8.300915 -16.500491 0
0.093712 0.074856 0.585529 -0.936303 -5.996017 5.550630 -22.687861 1
0.000000 0.077814 0.549520 -0.220708 13.181798 16.154517 8.515225 0
0.206538 -2.244833 -1.176796 0.753239 -13.476500 2.788109 2.665686 1
0.000000 0.047838 1.032736 -0.113984 -1.846391 -15.467646 -4.733077 0
0.089099 -0.758496 -0.782102 -0.152022 -2.005182 5.662510 -11.827573 1
0.510706 0.117792 0.759354 1.016519 9.394022 -1.419231 -2.630936 1
0.209703 2.968141 -1.008351 -0.888660 9.343868 0.445989 -1.163750 1
0.000000 -0.078250 0.609053 -0.329403 -12.094690 54.001243 -17.837363 0
0.000000 -0.121928 0.533711 -0.754052 16.988228 10.475697 14.945714 0
0.169485 0.356417 0.792698 0.438537 7.663774 24.443501 -1.605587 1
1.190304 -0.014131 0.888119 -0.628856 -22.098962 15.804459 -16.439944 1
0.000000 0.055425 0.873285 -0.229940 4.378623 11.763613 -28.788263 0
0.000000 -0.437318 0.554926 -0.460020 5.077558 18.006110 2.479256 0
0.000000 -0.474327 -3.445062 1.625070 -3.631751 -27.025266 11.468815 0
0.234429 -0.893209 0.016574 1.005421 2.669954 5.621559 6.618055 1
0.000000 -0.079867 1.173759 -0.594684 -9.370611 0.000283 -8.040895 0
0.189197 -0.413102 1.165661 -0.203053 -0.038653 14.540451 -14.976348 1
0.259575 0.607900 0.373007 0.184031 -6.817180 2.986204 13.733263 1
0.000000 0.124899 1.668883 -1.169809 3.218417 22.619262 -16.380831 0
0.000000 -0.481922 0.515722 -0.590117 4.188904 18.624293 16.838983 0
0.000000 6.310966 0.952245 1.998875 77.438980 7.611484 26.621987 0
0.000000 0.383095 0.560404 -0.106683 125.229755 -23.027690 56.895865 0
0.920339 0.233925 1.281698 -0.995210 6.778205 -5.896240 7.776034 1
0.000000 -0.214638 -0.095242 0.123931 -0.877019 3.322796 -15.320070 0
0.084577 -0.383973 0.484837 1.094989 1.709896 11.639901 9.375014 1
0.000000 -0.229119 1.129918 -0.325847 -3.002640 15.310480 11.461155 0
0.000000 2.738821 11.184038 2.974273 21.332948 76.706073 19.520845 0
0.760534 0.815992 3.273253 1.841569 6.605479 8.544727 13.057789 1
0.114553 1.410482 0.327689 0.815498 8.759905 12.087742 -0.281290 1
0.000000 1.916240 -3.129115 -0.701173 6.640479 -16.115898 -5.016287 0
0.762149 4.071170 6.010981 -2.738667 21.703010 30.312445 -8.058925 1
0.232792 -1.925583 6.747638 -3.524785 -23.735186 81.194364 -42.782459 1
0.000000 0.148979 0.772367 -0.126716 -0.103490 19.559956 -8.198672 0
0.000000 -0.166086 0.702021 -0.440028 -19.003857 -43.432672 2.362482 0
0.129032 -0.349625 -2.870759 6.687464 3.384798 -16.735171 33.514755 1
0.000000 -1.483750 0.982355 -0.194521 -14.414386 12.141811 0.694187 0
0.205433 -1.542838 1.674688 0.423417 -7.172568 6.846614 -11.244046 1
0.160079 0.370450 1.932150 -0.610952 11.033974 11.563932 -12.266160 1
0.136090 0.026632 -0.577333 1.209142 13.939443 -4.979512 4.514307 1
0.119841 -0.565292 0.405622 1.297767 -8.983237 -3.762633 -1.409546 1
0.201503 -0.889927 -1.287251 2.057796 1.007064 -5.862249 0.681366 1
0.000000 -1.031902 1.152731 -0.653363 4.237453 11.556138 1.063947 0
0.115016 1.552081 -1.762112 -2.282482 4.550855 -9.982321 -4.003764 1
0.000000 0.161091 0.053229 0.393126 -11.996330 9.410916 -10.561752 0
0.131342 0.032057 -0.228172 -0.124594 -0.203055 -16.045261 -3.728519 1
0.174201 -0.134516 0.793370 2.246532 -2.351963 14.134392 4.550150 1
0.000000 -0.636900 0.517083 -0.211989 -0.558767 10.601784 -20.621569 0
0.000000 -0.247086 0.169053 0.000421 11.657323 -0.151409 2.243504 0
0.000000 -0.082893 0.507555 -0.505102 -20.412279 1.164574 -2.638979 0
0.000000 -5.778827 13.516857 -7.984515 -57.139790 132.807066 -79.579293 0
0.240412 -1.846076 -0.052363 2.325232 -0.733747 -0.190180 11.601679 1
0.226021 -1.325867 0.482471 0.631138 -11.774258 1.251173 -11.628872 1
0.107205 0.112350 0.573752 0.005194 -5.389036 9.446415 -20.279369 1
0.000000 1.791141 2.529727 -3.300984 10.672627 15.577374 -22.753035 0
0.266126 -1.358412 0.335595 -0.961114 1.459852 -5.199018 0.112778 1
0.409423 -0.932420 0.876082 -0.362010 2.475918 -12.425612 7.252498 1
0.089384 0.206987 -0.680265 0.380708 -6.651698 5.356164 6.368884 1
0.000000 -0.166217 0.298166 -0.696528 12.734906 0.421817 9.800590 0
0.746267 -0.304637 0.738406 -0.503882 9.571498 -29.699186 14.771642 1
0.219386 0.972066 -1.708665 -0.941318 11.065887 -1.615471 -1.582843 1
0.000000 -0.708468 0.268190 0.489136 9.142475 1.259497 11.442956 0
0.000000 1.211257 0.502749 -0.345239 1.804021 1.233610 -3.662079 0
0.102731 -0.565692 0.687923 -0.464541 -23.611433 -14.977269 -1.615252 1
0.202560 0.922231 -0.895595 5.028875 10.086861 -2.892974 26.140910 1
0.000000 -0.095216 0.753867 -0.254373 -11.094893 19.653928 -5.140376 0
0.159646 0.325794 0.207724 0.429021 15.695380 7.263347 6.490618 1
0.000000 -0.084497 0.664716 -0.388217 -5.583970 -25.444801 -15.585839 0
0.000000 -0.582544 0.542182 -0.590031 -3.801421 10.353652 -7.514958 0
0.000000 0.390144 0.446554 -0.468968 -1.051762 -0.257583 7.811981 0
0.000000 -1.447774 0.118389 0.957417 -8.299089 9.785146 9.308811 0
0.340464 -0.109440 0.513836 0.285771 -7.733296 -16.650291 0.991627 1
0.000000 -0.133564 0.416988 -0.206639 26.331817 -6.048544 -1.783426 0
0.269181 -0.208111 0.877401 0.444420 -8.283031 6.583787 -15.899540 1
0.080832 -0.440339 0.707691 1.584668 -5.021186 -3.252584 -0.465411 1
0.000000 -0.485672 0.906767 0.040614 17.124796 6.905633 -2.050763 0
0.000000 -2.331107 1.768325 -2.934354 -13.087629 6.997729 -14.324651 0
0.126733 -1.739979 -0.622287 0.133317 -11.865169 5.910213 5.727307 1
0.147442 -0.636672 -4.543152 -0.298923 -0.797603 -20.688045 1.746846 1
0.234874 -0.386268 -0.255460 1.392317 1.837182 -7.265420 5.031834 1
0.088322 0.490649 0.749803 0.120212 9.941278 4.849852 -9.043822 1
0.000000 0.349105 1.875694 0.712286 4.946049 11.793565 0.971012 0
0.134972 0.118752 0.574476 -0.370332 -30.761560 -4.882740 -12.663227 1
0.000000 -0.128356 0.682468 -0.083905 -4.209929 18.725316 -1.477802 0
0.000000 -0.593517 0.402398 -0.262226 -1.779874 -10.564928 6.433390 0
0.263366 1.594994 1.354222 -0.948334 6.540201 7.166888 -7.332736 1
0.000000 4.821811 2.389645 -0.400762 122.952482 46.517411 -2.990364 0
0.000000 5.540420 1.726577 -9.962314 41.815147 12.664480 -75.491526 0
0.137245 -0.592158 1.051092 0.924512 -10.512845 9.087262 2.870709 1
0.175886 0.389033 0.854613 0.243072 -3.927288 10.171739 -11.312544 1
0.000000 0.124035 0.151267 -0.613845 1.571066 20.888978 -8.334920 0
0.000000 0.330225 -0.454450 0.361985 3.269222 10.521517 3.678899 0
0.000000 -1.718070 1.918895 1.807760 -17.403072 15.250221 19.728734 0
0.202129 1.599722 -0.195784 2.783627 0.695171 2.748289 13.048594 1
0.000000 -1.168128 0.481004 0.200677 -10.802546 -8.765809 -2.694028 0
0.160192 1.703550 0.152883 0.703788 4.487906 11.219605 -1.075973 1
0.087931 0.128908 1.209071 1.492309 4.724864 10.478968 3.067986 1
0.201166 -0.664780 -2.235039 1.312401 -1.482649 -10.247459 4.111693 1
0.000000 -0.315325 1.195657 -0.903838 14.376534 11.284355 1.357950 0
0.000000 -0.266858 0.704525 -0.675722 -26.417532 9.559614 2.409643 0
