2.364247 -0.141422 0.728843 0.211883 14.903029 0.836798 -6.241788 6
0.583882 -0.031420 1.367271 0.101508 14.482525 9.235547 10.851023 1
144.599997 -0.059926 0.283560 -0.083042 0.761153 6.194042 -7.539467 16
0.085689 -0.609653 -0.416477 1.024733 -14.123321 11.147422 13.743498 1
0.000000 3.608044 -2.927265 4.796124 419.515220 -358.570719 549.306410 0
0.457888 -0.992721 0.636869 0.836055 -8.353953 -9.230944 -3.148612 1
0.179449 -0.715642 -1.426946 -0.801856 -3.337976 -3.894261 -4.677158 1
0.103175 0.906470 -1.187380 -0.602542 0.149850 -11.503580 3.984664 1
0.199182 2.673495 -0.756438 0.538254 14.285477 -9.111061 3.340056 1
0.109107 0.667990 -1.885905 0.715108 -0.118695 -5.704199 6.751216 1
0.232498 -0.052978 -0.474179 -0.284046 -13.505931 9.580249 -12.721243 1
0.683878 -0.441994 0.679281 -1.323029 -11.913706 -5.349772 -6.579610 1
0.000000 1.477834 3.317724 -1.271522 56.921286 120.266313 -50.148121 0
0.133767 1.547014 1.164228 -0.432671 16.902625 5.361016 5.552486 1
0.207935 -1.223294 0.957506 -1.301469 -4.755204 14.195656 -1.350619 1
0.000000 0.000910 0.472252 0.030858 -23.529542 20.073184 2.642620 0
0.099031 -0.059898 0.313406 0.431330 9.822368 30.633069 5.170336 1
0.000000 -0.788965 0.074030 0.292050 -11.371460 -24.501425 -3.793782 0
0.166412 0.308367 0.531506 -1.020348 -2.094743 -9.487927 -10.982141 1
0.401973 -0.284182 -1.316842 -0.135239 6.959758 -14.165544 10.022923 1
1.245042 -0.164933 0.417593 0.593439 -13.184259 1.331145 -7.569902 2
0.135040 0.112018 0.507541 -0.100224 20.773809 -3.747926 14.450958 1
0.230700 0.891369 0.504144 -1.068373 -2.492961 10.409209 -0.810080 1
0.296048 0.085159 -0.477054 0.298094 -7.363600 17.751779 9.830200 1
0.464442 0.543015 -0.370152 0.335914 2.322088 4.271606 -2.735693 2
0.218861 1.203677 -0.934382 -0.589637 11.047315 -1.104622 -1.140706 1
0.780326 0.811888 -0.567890 -1.011927 0.426084 -10.878932 -5.723062 1
0.110177 1.122299 1.484218 0.063669 2.957433 7.101431 11.315792 1
0.308745 1.326010 -1.168999 -0.889335 11.322090 -19.821606 -7.201426 1
0.000000 -0.082616 0.429660 -0.309519 11.847325 6.990590 -17.818939 0
0.154448 0.449350 0.620547 0.158443 3.806165 1.023283 8.420303 1
0.534356 -0.279348 1.176194 0.456041 -7.487661 -8.129545 9.763292 2
0.443222 -0.174173 -0.417301 0.420852 16.657517 4.348537 -9.635742 2
0.121470 -0.530323 0.431876 1.178932 -16.780049 -5.708928 8.343283 1
0.388680 0.038981 0.262341 -0.389001 -4.516738 12.539147 22.302952 1
0.552874 0.327162 -1.833183 0.455982 -5.435964 -11.236108 11.841249 1
0.107074 -0.314946 0.847312 0.543799 -3.371030 -2.257632 0.173521 1
0.218546 1.166104 1.714371 0.259341 0.132773 7.917035 -1.585525 1
0.220750 -0.577418 -0.294568 -0.085311 -4.460690 -9.802159 13.962724 2
4.711446 -0.750994 -0.569980 0.292725 -7.685262 4.957408 -4.641812 2
0.123628 0.012907 -0.355877 -1.071991 -6.813069 8.886075 -0.422967 1
0.103987 0.962682 -0.543649 2.322968 15.606636 4.786294 18.421229 1
0.000000 -0.208783 0.085116 -0.073098 6.901095 21.002960 -25.257167 0
3.952128 -0.380315 1.789378 0.290582 0.776517 1.498264 8.490715 1
0.000000 0.033339 -0.307190 1.679914 0.891134 -6.706107 22.995984 0
12.485588 -0.264269 0.123762 0.203601 -33.958026 -13.770242 36.562020 7
0.105198 -0.429209 -0.424372 -1.483579 -13.758472 -0.935535 -4.099885 1
0.000000 -0.335150 -0.768219 -0.158124 -13.657027 -37.193540 -11.271689 0
0.167817 -0.215297 -0.958816 -0.062559 -11.987081 -0.592704 13.440517 1
0.138488 -0.578720 -2.238714 -0.375225 0.341167 -15.027073 6.177300 1
0.701272 1.535853 0.727033 -1.177915 26.086268 6.856869 -1.868209 1
0.367183 0.033200 0.073028 1.433907 0.268001 -10.623934 4.111842 1
0.116639 0.245936 -0.457605 -0.188849 -10.665293 6.029547 0.153781 1
0.156405 -0.846574 1.004579 -0.785190 -6.436285 11.038003 -5.888626 1
0.000000 -0.315879 0.484776 0.257716 -18.775663 15.910924 -11.190186 0
0.151293 0.086670 -0.088972 -0.248354 -9.650456 12.307748 -0.259561 1
3.262700 -0.232192 0.330902 0.785542 2.445317 0.089901 9.848726 3
0.000000 0.053399 -0.640795 -0.019370 13.054810 -101.552244 -0.275418 0
0.298886 -0.288342 0.291509 0.878333 2.874041 5.210871 18.035280 1
0.512636 -0.294255 0.390533 0.415182 -2.619546 -17.232720 13.605600 1
0.121466 1.139129 -1.766829 -2.284196 12.806155 -12.472594 -12.470613 1
2.237435 -0.296480 -0.356591 -0.476531 13.445776 2.974892 -2.451781 4
0.283593 -0.720218 -0.215981 -0.213101 2.759676 4.898661 16.688012 1
0.114183 -0.730054 1.208512 -0.096010 -14.149468 7.504963 3.469643 1
0.387857 -0.303972 -0.426766 0.106387 -7.661350 -0.683726 -20.307758 1
0.102340 -0.405130 -0.552495 1.375887 -6.978694 -11.875739 5.559914 1
1.423034 0.920924 1.310697 -0.045764 10.545713 -3.283019 -3.031791 1
0.118440 0.305578 -0.361595 0.914730 3.614380 -5.939194 -9.640488 1
0.000000 0.326864 0.332735 1.573004 11.850670 7.088077 30.728041 0
0.115648 -0.016692 -0.079944 1.150289 -3.457222 9.070237 8.991122 1
0.335498 0.383078 -1.134249 0.339344 9.971103 -6.429134 -11.520543 1
0.109210 -0.325213 0.238287 -0.721345 -8.388370 -8.065568 7.518100 1
0.000000 -0.249342 0.119782 -0.120293 -0.186863 -4.528903 -34.278238 0
0.438696 -0.561477 -0.630929 -0.293688 4.010016 -8.201776 -13.335307 1
0.102783 -0.023896 -0.477778 0.513153 -13.909053 -7.471053 11.867965 1
0.317653 0.791604 1.634620 -1.621738 -2.729304 19.457672 -9.323791 1
1.366624 -0.789360 0.729651 0.271665 -8.531473 3.216286 10.902409 2
0.135796 2.170259 -0.352460 0.365190 13.216622 -12.852408 3.639991 1
21.126490 -0.543277 0.186487 0.302809 3.529653 -15.207984 1.277245 4
0.081844 -0.006918 -0.051465 0.226779 -15.523585 15.552625 -17.742914 1
0.210768 -0.150068 -0.072082 -0.621317 -10.432383 -2.498214 16.282237 1
0.087151 0.085818 -0.081878 2.154843 10.542432 -4.700773 18.648198 1
0.247564 -0.392571 -1.099493 -0.041057 -12.615944 -10.061010 -12.535709 1
0.118055 0.299265 -0.747466 -1.354906 -6.294532 5.231232 -10.187993 1
0.000000 1.566543 -1.222294 -2.151723 18.040817 -13.715955 -20.412008 0
0.137951 -0.425355 0.342055 -0.482259 10.768050 13.713670 -9.376732 1
0.000000 0.597611 1.410755 -0.677640 79.930708 71.852268 -73.247757 0
0.000000 -0.028734 0.168072 -0.121597 -29.997335 -14.328531 -26.268596 0
0.180968 -0.042110 0.509987 -0.032550 -11.368448 -24.267620 18.173016 1
1.209883 0.196281 0.293821 -0.050081 -17.794049 18.861087 19.806410 2
0.086350 -0.187223 0.627403 0.256086 1.233899 1.131985 -14.690484 1
0.000000 -0.175024 0.483452 0.035354 10.296875 36.094630 -12.255538 0
0.556778 0.113598 -0.217092 -0.095135 -4.503413 -3.259300 24.838245 1
0.139284 -0.331282 0.239389 -0.226451 -28.299439 2.928593 -35.316479 1
0.478468 -0.053318 0.182025 -0.389778 -16.358678 -3.602839 15.775434 1
0.000000 -0.711900 0.469995 0.047651 8.941281 15.904582 -0.675609 0
0.000000 0.570451 -0.087116 -0.504640 8.156707 -3.669155 0.861720 0
0.252788 0.620944 0.302508 0.001998 -8.857587 4.300403 18.204267 1
1.145613 -0.138048 -1.057739 0.617793 -12.730604 -11.167268 1.629634 1
0.388183 -0.019658 0.979938 1.223741 4.471845 12.767467 5.818087 1
0.000000 -0.099245 0.488881 0.044652 14.798350 34.416155 -16.654891 0
0.126740 -0.278205 0.892010 0.247418 -3.972368 -11.052748 4.326400 1
0.000000 -0.187359 0.355079 -0.484766 -0.860499 11.816777 -0.188275 0
0.198042 -0.850788 2.046382 -0.037556 -15.515251 11.584516 4.408404 1
1.914424 0.123408 -0.318989 0.144420 11.243852 10.972725 -14.322008 4
2.875375 -2.003745 -4.553896 5.800319 -92.295181 -219.627357 268.854346 3
0.376011 -0.984923 -0.043222 -0.131157 -13.995328 11.301348 1.314208 1
0.000000 -0.141472 0.413564 -0.175115 9.529837 36.678380 8.203228 0
3.726773 -0.000373 0.513037 0.365061 11.362196 20.950669 -7.900102 3
0.373816 -0.041303 -0.144604 0.846516 -0.794078 14.531750 -10.415876 1
0.401930 -0.313677 0.759496 -1.013189 -2.885069 -1.429173 0.034703 1
0.263064 0.495745 0.195586 0.490348 -3.590740 -4.247817 9.071783 1
0.459762 -1.249067 -0.085257 0.630618 -4.844030 13.469917 14.654181 1
0.000000 -0.501455 0.154840 0.276247 -34.559246 -0.911824 -5.953422 0
0.000000 0.403827 -2.482044 6.029476 -0.097739 -34.982891 71.674605 0
0.000000 -0.345705 -0.239278 0.223130 -22.087642 0.490520 -0.107348 0
0.396253 -0.864620 -0.271285 -0.002463 -0.061449 15.511847 0.236496 1
0.000000 -0.031530 0.524655 -0.152313 -14.682089 -4.268813 14.651699 0
0.000000 0.029302 -0.131097 -0.039204 123.614506 -555.356101 51.757091 0
0.278430 -0.378656 0.641381 0.354877 -15.103046 -11.355818 4.382481 1
0.151503 -0.242390 -0.665199 -1.149759 -7.434481 3.321095 -13.069711 1
0.100432 0.703256 0.269536 -0.228033 -1.020878 17.098340 6.781360 1
0.082624 -0.762947 -0.458583 0.295666 -16.480063 14.247750 -11.393987 1
0.114711 1.168268 -0.399756 -1.442973 3.781285 -12.983138 -4.962430 1
0.192666 -0.103403 -0.119409 -1.060485 -17.822555 4.026161 -8.845591 1
0.287114 0.709928 -1.200391 0.539912 6.756510 -9.950448 -10.711504 1
0.585359 0.316657 0.347124 0.805189 -10.791342 -11.540162 8.239035 1
0.000000 0.184277 -0.137934 0.178681 6.929244 13.562755 4.549557 0
0.431641 0.838439 -0.680016 -0.566021 0.840205 10.038800 -6.602668 1
0.000000 -0.509489 0.162915 0.102474 8.891087 -11.289832 7.904734 0
0.323241 0.431637 -0.312442 -0.065541 -12.495538 -0.153903 -13.673145 1
0.000000 -1.857028 2.121115 -1.722881 -49.053410 52.784223 -48.819208 0
0.112116 -0.149254 0.833565 -0.264133 -2.367967 -0.857095 -17.334329 1
0.116547 0.032189 0.838813 -0.114195 2.887974 -7.085337 12.485114 1
0.952396 -0.179784 -0.379175 -0.076583 -25.289321 0.833274 -0.041071 1
0.374161 -0.287870 -0.455293 -0.206289 14.270438 -12.081100 4.039253 1
0.000000 -0.379787 0.261057 0.185206 -26.762981 13.387599 -14.012351 0
0.192961 0.113542 0.721290 -1.260061 -7.598625 -6.655302 -11.165384 1
0.000000 -0.247327 0.410651 0.771724 -1.978084 -6.373381 11.876447 0
0.181019 -0.388077 0.168338 0.443098 -29.649690 -11.846752 -5.239000 1
0.393969 1.317298 1.815303 0.059799 11.091464 23.172599 10.270538 1
0.000000 -1.611336 -5.191320 2.541921 -57.241650 -192.603970 89.773096 0
0.506972 0.202624 -0.282242 -0.610148 -14.461287 -12.799359 -5.566581 1
0.168852 0.542795 -0.763677 0.293866 -2.195122 5.546530 15.776422 1
0.000000 0.159945 0.127693 -0.020070 24.797906 13.578178 -22.232224 0
0.836938 1.110224 -0.705047 -0.235491 -1.267681 2.742447 -8.638093 1
0.000000 -0.380163 -0.225614 0.216633 -24.677606 -1.874669 -0.145268 0
3.260868 1.302490 0.517850 0.319255 10.583395 3.579011 6.599053 2
0.151360 0.597010 -0.684542 1.727391 -8.352418 -8.268166 10.297754 1
0.000000 -0.256854 0.397532 -0.232629 -4.704450 24.269760 -8.422544 0
0.108928 1.104098 0.161068 0.975009 6.009691 -13.652449 5.898881 1
0.090465 -0.220714 -0.139363 0.445877 18.799548 7.443581 -13.497399 1
0.531060 0.080827 1.054735 2.014478 -9.074075 11.985991 9.678628 1
0.272013 -0.661336 0.639493 0.895891 -18.357777 -4.745538 -0.494709 1
0.000000 0.192037 0.015618 -0.137398 -24.247476 5.073540 -5.694005 0
0.000000 -0.039783 0.033934 -0.069615 6.920898 24.895204 13.549575 0
0.111702 -0.689087 0.121370 -0.237273 -9.091242 9.029104 19.553027 1
0.838080 0.604423 -0.272443 0.511491 -2.740626 1.893398 2.113451 3
0.826574 -0.427293 -0.221543 0.108236 -20.488947 2.984358 14.978946 2
0.121123 -0.438372 -0.147018 -0.896492 -11.277277 12.522268 -11.123582 1
0.604561 -0.806923 0.956461 0.220340 1.060499 1.203581 17.495019 1
0.672200 0.686775 0.278575 1.050101 -5.313434 9.515864 15.185284 1
0.485099 0.481429 1.890484 0.547254 0.703620 7.389024 9.180080 1
0.088968 -1.864503 0.349073 -0.097919 -3.956654 9.379854 0.024156 1
0.000000 -0.317199 0.038673 -0.135680 4.933887 -15.901803 5.032734 0
0.427499 0.051804 -0.590496 1.644370 11.830192 -9.353004 5.788982 1
0.148166 0.465316 -0.973556 -0.598955 -6.747022 -10.515891 -1.854794 1
0.205405 -0.193053 -1.038458 -0.755486 0.768857 -6.445033 1.784962 1
0.273438 0.560008 -0.050172 0.126851 8.040184 20.528127 -3.673904 1
0.257004 0.779866 0.202423 -1.561597 4.691030 15.140695 -13.103397 1
0.083821 -0.360516 0.332196 0.942374 -2.335245 -5.743218 4.013593 1
1.703642 -0.326557 -0.355598 1.131352 1.237170 -0.314363 -2.806857 2
0.093338 0.079683 -1.168217 1.052295 3.697925 3.583854 1.648040 1
0.097693 0.512500 -0.501144 0.780220 14.669448 -14.020696 16.323448 1
2.014033 0.078442 0.258792 0.497700 13.266475 22.770412 3.636736 2
0.000000 -0.538523 2.460624 1.594669 -36.141143 172.197023 118.152741 0
0.387177 -0.421609 -0.080748 0.030645 18.132407 0.764145 -7.402178 1
8.205394 -0.526365 0.251734 0.304767 -3.872151 21.295365 -25.415896 8
0.081891 -0.176482 -0.081137 -0.978579 -14.556603 -1.129685 2.003507 1
0.111530 -0.534556 0.227921 1.445176 -0.978501 -3.444174 16.469342 1
0.000000 0.278540 0.287342 0.149975 -6.600726 3.747634 9.400983 0
0.665949 0.715720 0.143356 0.227539 -14.851551 -2.509047 -2.560887 2
1.328004 0.137788 0.406979 -0.003922 -11.689799 -3.284761 24.417130 2
0.000000 -0.071119 0.045290 0.002028 18.453183 14.329759 -15.563957 0
0.286414 0.155359 -0.173064 0.399989 -10.667346 11.347463 -15.359211 1
0.108220 0.182332 -0.219536 0.029697 -11.786455 -21.074418 -12.521771 1
0.106446 0.861638 -0.189438 -0.003678 12.063490 9.051498 -4.750724 1
1.618982 -0.328635 2.208697 -0.077981 -12.858891 14.824503 -7.590569 1
0.126190 -0.214705 -0.238589 -0.525015 7.504053 -3.360677 -1.677391 1
0.000000 0.880056 -0.098639 -3.550324 40.486366 -7.630935 -154.829002 0
0.355266 -0.145019 0.229142 0.093469 -34.789985 30.277711 11.721687 1
0.365762 -1.733535 -3.828735 -0.031743 -19.384556 -32.413661 -4.798240 1
0.000000 0.335280 0.392875 0.493878 -15.696503 -2.366401 -0.836097 0
0.100431 0.215415 -0.838077 0.914570 16.637843 2.607214 0.930765 1
0.000000 -0.631614 0.321584 0.057169 -5.171469 15.745360 -6.638696 0
0.132254 -0.555266 -0.192609 0.578279 1.663797 -11.148518 2.124716 1
0.500139 -0.852581 -0.128199 -1.219913 -14.787315 11.565109 -5.287292 1
0.175237 -0.085601 1.108449 -0.602200 -13.694054 9.191125 -7.055874 1
0.123696 -0.150901 0.333671 0.298446 -9.935846 -21.783300 3.041649 1
0.195281 -0.488455 -0.660799 -0.839263 -3.628370 5.029510 -14.650105 1
0.599939 -1.405757 -0.445435 0.419397 -23.016525 4.162845 -8.492520 1
0.000000 -0.337843 0.406762 0.195316 -8.101229 23.236937 -9.818602 0
0.200778 1.049882 0.382715 0.134575 1.503954 -13.027666 -0.435880 1
0.177472 -0.007256 -1.184783 -0.615331 -3.226258 0.437886 -16.569282 1
0.127855 0.549410 -0.998279 0.430024 3.030565 -7.476924 -6.863339 1
0.220526 -1.172835 -0.266295 2.038250 -26.640888 -5.849292 43.711754 1
0.000000 0.144808 0.302191 -0.180572 -3.670087 -4.392380 -2.185708 0
0.000000 -0.211479 0.452900 0.021088 2.194779 37.496273 -18.737411 0
0.169117 -0.067994 -0.954521 -0.981165 4.720774 0.686949 4.232913 1
0.114784 -0.388360 -0.597320 0.094013 5.802831 -10.451322 -8.953971 1
0.000000 -0.037831 0.350298 -0.123358 2.334145 -28.964094 -25.621669 0
0.579415 -0.959766 -0.166069 0.222483 3.588928 3.772469 18.438298 1
0.624848 1.014011 1.616817 0.273888 12.101527 16.108221 6.134204 1
0.000000 -0.637716 0.400330 0.681659 3.149577 -13.375510 5.773007 0
0.000000 -0.297338 0.289071 0.042096 19.959595 13.672353 -9.923237 0
0.310489 -0.082207 -0.365145 0.860892 5.299600 6.886917 21.194901 1
0.000000 -0.027700 0.330916 0.100027 15.400490 8.473245 -15.798602 0
0.279294 -0.393717 0.251063 0.375563 -0.130197 -6.908984 -24.970065 1
0.089763 -0.008235 -0.108873 -0.646944 -7.638752 6.880692 -14.619485 1
0.000000 -0.628847 0.703717 0.602306 -7.341376 5.381330 12.300586 0
0.000000 0.943615 -0.380473 0.132800 7.518417 1.346671 -3.131450 0
2.041330 -0.346289 0.781745 0.410019 -0.661498 1.245569 -4.599750 3
0.087567 0.280205 1.263607 -0.170004 10.282158 5.523201 0.483489 1
0.000000 0.215134 0.069868 0.166938 -10.476896 -6.226429 -5.960161 0
0.122081 0.350878 -0.198243 -0.404285 -17.547056 -6.339911 -9.871976 1
0.088452 0.121205 -0.600103 0.511450 -1.962202 10.942418 7.852312 1
0.470758 -0.913843 -1.996942 0.279310 -3.982462 -8.668529 7.176632 1
0.000000 -0.130389 0.263606 -0.057991 -21.088187 -27.751262 -39.801970 0
0.163499 1.132754 -2.003952 -1.186682 14.718833 -17.985521 0.954161 1
0.080867 1.232133 1.168109 -2.102709 21.678027 16.888897 -12.652015 1
0.000000 -0.820521 0.032006 0.323951 -28.188352 2.032036 -12.505086 0
0.155926 -1.149798 0.788813 0.721948 -10.589353 -3.217983 4.096529 1
0.000000 0.077071 0.572855 -0.315090 -14.684761 -10.558579 -12.242402 0
0.000000 -0.099802 0.264790 -0.077259 -27.851771 45.605162 5.282233 0
0.169911 -0.084551 0.353930 -0.555537 15.605531 -12.054884 4.324337 1
0.113329 0.904602 0.772919 0.133051 5.185507 5.500465 16.979925 1
0.309991 1.352166 -1.224580 -0.746852 7.559947 -17.934389 -12.656516 2
0.594225 -0.229823 -0.102665 -0.450288 11.996628 6.480330 16.642142 1
0.085164 -0.650210 0.072001 -0.039121 -13.134183 -0.606087 14.494308 1
0.000000 0.062522 0.119033 -0.073013 1.645590 -2.475838 -18.538540 0
0.309102 0.040533 -0.306514 -0.357813 1.757179 19.590839 -9.821974 2
0.234649 0.169124 -0.697476 0.496623 18.987090 -3.147433 0.037984 1
0.487672 0.346369 0.104016 0.794248 10.024861 -5.230097 15.814844 1
0.223182 -0.196682 -0.306054 0.010608 -27.032021 -2.520592 -5.588957 1
2.476904 -0.625852 -0.721635 -0.365602 1.641136 8.594421 -14.642843 1
0.000000 0.025640 0.339540 -0.086282 -8.110486 26.235862 25.773581 0
0.230397 0.229799 -0.141996 0.361011 -16.535558 -1.424299 -5.986456 1
0.689100 2.028967 1.449001 -1.742943 21.461806 7.458910 -9.795662 1
0.815528 -2.285315 0.587154 -0.125784 -24.394164 -2.208271 4.709655 1
0.000000 -0.063788 0.658694 0.112849 9.494286 -1.242739 -6.543873 0
0.542296 2.210275 -0.581319 -0.533179 10.169946 -7.802522 -0.304764 1
0.146522 -0.182249 0.083174 0.538699 -22.653576 -13.575867 -5.757371 1
0.256037 -1.193732 -0.059817 -0.642296 -1.064657 -11.926113 -4.215460 1
1.156996 -0.650948 -0.212868 1.185654 3.342149 12.852981 1.136634 2
0.000000 -0.183413 0.117216 0.053570 -17.136192 -9.688066 29.034668 0
0.000000 -0.803992 0.738182 0.048846 -9.696237 13.464387 2.074903 0
0.178446 -0.740569 0.913310 0.453545 7.298582 7.167341 3.994533 1
0.083374 0.386937 -0.281767 -0.795878 0.944732 0.286717 11.689497 1
0.376685 -0.256231 -0.247168 1.267180 2.421585 4.848220 -4.625290 1
0.585808 -0.173515 -1.229259 0.388093 -12.853103 -3.341838 8.096918 1
0.102075 0.177062 0.790058 0.273545 8.379032 13.473852 -9.711265 1
0.086694 1.118477 1.203441 -0.169475 16.356719 9.834646 6.566375 1
0.000000 -0.111468 0.440317 -0.048472 15.769841 35.361190 10.665485 0
1.034071 -0.464554 0.204615 -0.595086 -19.072037 4.893036 3.798059 2
0.103990 -0.593913 0.147354 -0.483560 4.813747 -4.551014 3.081595 1
1.134901 -0.386855 0.111882 -0.126581 -27.719366 8.105136 -26.679032 2
1.044939 0.693168 0.146583 -0.368977 1.878885 6.714639 -0.439509 1
0.000000 0.049496 0.281954 -0.850744 6.514886 1.464340 -6.124092 0
0.472835 -0.595422 0.094164 1.463764 -16.844070 1.515119 6.488829 1
0.672168 -1.738225 0.992913 0.177647 -18.457585 2.633373 13.562389 1
0.208490 -1.598116 -0.981989 -0.246635 -6.492606 -12.930544 -2.053057 1
0.292610 -0.962802 1.644768 0.335024 -4.532123 12.312182 12.799202 1
0.000000 -0.005223 0.357327 -0.002265 -16.916835 -6.923565 -39.872932 0
0.904939 0.206933 -0.115476 0.451491 5.012095 16.142858 -8.416042 2
0.000000 -0.281398 -0.041615 0.072726 9.311859 -11.857033 5.727664 0
1.410354 -0.839610 -0.106098 0.567610 -23.228412 -3.105599 9.716358 2
0.247245 -1.252553 -0.559672 1.099716 -22.227934 -0.170034 10.841558 1
2.937998 -2.240577 -0.561023 0.064689 -13.732063 -8.420149 9.858592 1
0.000000 -0.112122 -0.429758 -0.055309 -14.839716 -0.557012 -8.345759 0
0.000000 -0.331618 -0.216570 0.230417 -9.348231 13.505874 -7.568093 0
0.186332 0.943877 -0.339389 -1.140354 9.146518 1.954527 -3.153969 1
2.552609 -0.515483 0.749140 0.015700 7.149659 15.539654 8.817322 4
0.087521 0.245296 0.759950 0.598292 -7.957872 -8.289883 -7.314014 1
0.000000 -0.136843 -0.376133 -0.094645 -21.422245 -8.251155 0.624558 0
1.609664 0.689045 0.496098 0.212835 8.009448 7.981579 -7.225105 2
2.506229 0.377547 1.362100 -0.409149 -11.530101 7.107473 3.409108 1
0.109658 0.391945 0.226950 -0.391213 -10.776911 -1.285307 -14.323707 1
0.000000 -0.016526 0.616945 -0.096114 11.459444 6.915872 -14.339819 0
0.000000 0.088028 0.262549 -0.080479 -35.674316 9.547246 -13.241267 0
0.184780 1.506311 2.036868 0.088386 5.816225 11.074375 -2.407999 1
0.000000 -0.131241 0.245806 -0.287863 7.552263 29.022121 13.603832 0
0.500571 1.640278 -0.805762 -1.193900 21.935991 3.311513 -9.986067 1
0.000000 0.491757 0.315405 -0.028136 -8.053036 11.267098 -7.430308 0
0.121279 0.520465 0.038361 0.095766 -3.144655 1.509615 -22.002720 1
0.000000 -0.001320 0.314096 -0.136899 -19.408851 -23.581344 6.687899 0
0.420529 0.193279 -0.147195 -0.174781 2.162775 18.532991 -12.405978 1
0.000000 0.049145 0.178777 0.412322 -15.471455 20.421938 6.639829 0
0.000000 0.024649 0.459051 -0.067468 -14.946359 3.150612 -16.761898 0
0.092539 1.301116 -0.222710 -0.740558 1.537331 -7.048965 4.675520 1
0.000000 -1.977575 -2.862038 0.470458 -19.463059 -27.635433 -4.172229 0
0.435794 -0.361480 0.320353 0.068516 -32.063074 9.822595 -18.750936 1
0.638978 -0.311782 -0.315297 -0.304217 -8.067056 -8.571205 16.355615 2
0.366428 -0.959459 0.454474 -0.086344 -10.428914 -3.436049 18.525008 1
0.000000 -0.108220 0.173499 -0.092953 29.544340 -7.061701 5.224730 0
1.082012 0.108299 0.077594 0.307384 1.694235 22.043166 20.106286 2
0.000000 -1.056728 0.410780 0.347285 -6.849839 5.688776 3.520107 0
0.292083 0.225530 1.776892 0.060222 3.515513 4.973459 12.554563 1
0.107699 -0.462146 1.365374 1.438976 -11.471798 4.079513 15.474559 1
0.744916 -0.471644 1.692963 0.488797 1.515745 21.067825 1.502984 1
0.131940 -0.874444 1.742398 0.361600 -14.749086 11.233269 3.749183 1
0.104491 -0.899527 -0.465904 1.356370 -15.572495 2.041820 16.410901 1
0.000000 0.009960 0.387343 -0.151057 -30.513545 18.432387 -4.071979 0
0.652582 -0.605750 -0.146169 -0.138078 -10.294579 11.344730 -15.811935 3
0.144224 0.730098 2.251911 -0.733514 -0.990324 17.666699 3.442108 1
0.221063 -0.224665 0.389539 -0.511060 -21.384519 -5.372259 2.547178 1
0.000000 -0.345185 -0.329428 -0.352887 -8.482079 -9.124897 17.449562 0
2.985742 1.153766 -0.597276 0.234555 13.771062 9.876334 -5.974056 1
0.000000 0.028112 0.157599 -0.333651 15.125647 25.037861 -3.963875 0
0.000000 -0.744787 -0.083201 -0.208814 -14.319585 11.152647 -14.179155 0
0.374741 0.772746 0.406056 0.125331 15.419052 3.545812 -13.331789 2
0.000000 -0.029195 0.335046 0.568233 -1.080840 -1.333620 2.467966 0
0.254317 -1.135800 0.383514 -1.171942 -5.976453 -7.051754 -1.021294 1
0.555913 0.141874 -0.165732 -0.012451 10.023203 23.561550 -1.575258 1
0.416651 -2.003050 -0.001062 -0.075015 -14.368025 -6.219438 -6.661960 1
0.151008 -0.246157 1.491091 1.504461 1.083420 5.526177 4.242280 1
0.000000 0.189545 0.201142 -0.262255 -1.587518 -0.735174 9.815872 0
0.141965 1.336624 0.451303 2.338056 6.011100 -0.537877 24.244627 1
0.120024 -0.316222 0.205865 0.481191 -20.033364 18.717444 -1.481150 1
0.182852 0.873347 -0.842785 0.153248 17.084189 -2.041349 -1.934456 1
0.189724 -0.511325 0.721901 -0.608286 -13.993299 13.396069 -5.784760 1
0.150160 0.006632 -0.865033 1.187431 -8.314305 -11.307978 13.459016 1
1.373741 -2.878499 -0.596988 1.317784 -21.766008 1.914563 9.556182 1
0.000000 -0.257805 0.384977 -0.208094 -3.372850 25.983268 -23.918344 0
0.170281 -0.646780 0.197763 0.436493 13.303051 21.174957 11.872645 1
1.505698 -0.547050 0.528707 0.093992 14.921188 -8.733423 6.298993 1
0.360047 -0.985176 0.203129 -0.359415 -5.135887 -5.123037 -6.248824 1
0.588861 -0.397389 -0.458685 -0.093640 -15.801882 12.212163 9.474029 1
0.381565 -0.642315 -0.331522 0.394263 -14.887859 11.893951 11.181691 1
0.000000 0.129739 0.531089 0.200322 -0.267639 19.851306 -3.744806 0
0.000000 0.119940 0.273712 0.011392 -26.288147 25.231001 -1.198683 0
0.215498 1.985553 -1.763969 0.715408 17.929531 -7.182725 1.428182 1
0.000000 -0.234026 0.240676 0.490565 5.530978 -2.365373 -7.138945 0
0.000000 -0.553572 0.575974 -0.050869 -9.722558 6.202441 13.845208 0
0.000000 -0.008967 0.314465 -0.109156 25.516417 19.204389 41.773029 0
0.408569 -0.190632 -0.230603 0.317157 20.354310 0.509320 -11.225948 1
0.000000 -0.050564 0.342721 -0.091675 -46.309112 32.596222 -17.208447 0
0.205030 1.569260 -0.689821 0.009080 9.733134 -10.037178 -4.889467 1
0.104504 0.575159 0.213527 -0.683543 -9.216979 5.703126 -1.352320 1
1.704172 0.491602 -0.797629 -1.348452 -2.322305 3.778922 -7.781579 1
0.208973 0.611888 1.004039 -0.952880 2.666286 -2.721216 -1.678139 1
4.631110 -1.145824 1.265142 0.789648 -3.900674 0.606055 13.113054 1
0.000000 -0.170479 -0.389294 0.159449 2.411429 -3.487549 11.925286 0
0.169606 0.567200 0.694270 0.661694 4.946148 11.929749 -7.939189 1
0.567692 -1.122724 -0.132232 -0.573996 -13.140923 -12.963396 0.996528 1
0.214292 -0.159227 0.056500 1.295160 -12.727741 8.732909 15.371973 1
0.450345 -0.333982 0.069731 -0.195377 0.494890 20.296974 21.015427 1
0.000000 -0.083268 0.106153 0.275058 15.321904 -8.740310 4.700940 0
0.000000 -0.697108 0.672662 -0.117415 -7.943245 1.660185 4.654942 0
0.123163 0.899797 -0.691232 -1.870196 3.545476 -9.003402 -9.431662 1
0.000000 -0.435084 -0.835066 -0.494513 2.805095 -50.225631 -31.602929 0
0.387333 -0.087125 0.989855 0.236262 -13.791662 1.061568 13.056679 1
0.000000 -0.302463 0.343146 0.443785 -12.470558 -0.535561 -12.942823 0
0.000000 0.235826 -0.329208 -0.155887 4.988055 -6.230453 9.136266 0
1.575080 -0.289155 1.096054 0.578097 2.509525 1.976929 17.741607 1
0.000000 0.111615 0.195668 0.468373 -3.163943 -9.397880 2.745205 0
0.000000 -0.471753 1.068054 0.051559 7.513280 14.999168 -7.363053 0
0.250734 0.286429 0.104052 -0.078962 -23.066621 5.316459 2.199844 1
0.184902 -0.369675 -0.117527 0.078583 -6.668179 27.676381 2.415992 1
0.348863 -0.987594 0.878644 0.187090 7.144414 15.428442 -6.972251 1
0.127948 0.587788 -0.450283 0.975797 -5.422677 -9.120017 8.918761 1
0.127545 1.084973 0.130382 1.840701 1.697530 10.684176 17.900045 1
0.089378 0.713329 0.903687 0.590990 6.821001 -5.300867 -0.092643 1
0.220514 0.028650 0.492352 0.452630 17.954962 -4.260770 -13.134446 1
0.195396 0.634813 -0.448982 0.073357 -10.969250 -9.485470 -10.593087 1
0.000000 -2.433331 -0.123191 0.630303 -38.724223 4.706891 1.896081 0
0.000000 -0.064186 0.423483 0.064947 -18.885074 20.560293 -5.020147 0
0.000000 -0.473055 0.071313 0.270375 -10.541791 -7.932290 7.128393 0
0.000000 -0.237980 0.247706 0.061098 6.163472 34.551384 -16.843503 0
0.642375 0.097193 0.420396 0.209687 11.535454 -14.239989 9.949842 2
1.288776 -0.941055 -0.044022 0.026139 -8.113823 -3.373651 -3.865892 1
0.000000 0.207510 0.461541 0.107994 -1.873321 8.597311 -26.539561 0
0.482430 0.344586 1.003034 0.023170 -15.882940 3.240421 5.992484 2
0.130333 -0.620260 0.720779 0.210473 14.635492 16.668214 2.054711 1
0.000000 -1.215139 -0.014069 -0.647062 -24.029680 -0.762080 -12.052873 0
0.000000 -0.028077 0.298800 0.075501 35.227599 5.864077 0.048537 0
0.000000 -0.978388 5.608653 1.177454 -6.964548 61.426283 16.572683 0
0.551803 -1.173716 -0.288136 0.096323 3.525114 -3.089045 7.862700 1
0.000000 0.075673 0.212974 -0.035769 -21.152889 -17.631953 -20.328144 0
0.367063 -0.898624 0.262580 -0.344980 -10.868350 -12.104649 1.076644 1
0.000000 -0.020788 0.249915 -0.115406 -16.863657 49.590133 -48.025890 0
1.059412 -0.066064 -0.056334 0.707912 14.064220 0.518527 -6.118008 2
0.000000 0.323708 0.435923 0.001569 -8.645615 23.472959 -4.281079 0
0.202812 0.863919 0.508654 -1.155776 15.848914 4.488605 3.375285 1
0.000000 0.241287 0.643834 0.363703 2.109748 3.734565 7.510178 0
0.206856 0.041581 -2.260377 -1.176337 -8.147085 -22.694236 -11.302073 1
0.534870 -0.549969 0.066350 0.101525 8.731781 16.566441 -11.962509 1
0.000000 -0.504108 0.104104 0.677615 2.954438 -13.617941 -2.646939 0
0.094435 -0.087508 -0.012306 1.039451 -7.191358 13.161906 -0.520121 1
0.000000 0.110271 0.140731 0.039919 5.505838 -1.303720 -14.941190 0
0.443043 0.398425 0.327192 -0.485609 6.275598 7.454551 8.628039 1
0.087582 -0.091225 -0.269813 -0.581626 -14.586523 8.740427 0.672970 1
1.378238 -0.797858 0.208021 -0.002678 10.282513 -5.166350 6.580646 2
0.000000 -0.193646 0.326486 -0.291541 -11.863160 18.744593 13.051622 0
0.093662 -0.500066 0.738795 0.969455 3.480610 -7.030228 9.159937 1
1.055006 -0.820525 0.614547 -0.573715 -6.869499 0.038430 9.176464 1
0.290595 0.551442 -0.284379 0.698546 -3.624828 12.323865 16.770628 1
0.226020 0.370915 -1.673062 2.923300 11.243326 -13.096396 22.606276 1
0.000000 0.386353 -0.286488 0.303117 4.539320 -10.881362 0.399934 0
0.504080 0.395849 -0.182646 0.176307 -5.350284 1.536277 19.019911 1
0.133644 -0.361066 -0.035190 -1.967479 -10.226804 -11.702149 -18.030184 1
0.000000 -0.272003 0.049997 0.262382 -13.213780 -3.276456 -19.532303 0
0.102733 0.420384 0.369102 0.454474 5.176828 -5.144302 14.310831 1
0.000000 -0.029841 0.050039 -0.098751 -11.916632 11.828309 -35.989727 0
0.170184 -0.724626 -0.873817 -0.963366 -0.411199 6.239959 -10.855962 1
0.080956 0.954626 1.254079 -0.274252 2.619527 17.274316 -7.288062 1
0.171393 -0.603043 1.265933 0.520386 -5.323588 6.193831 -7.262976 1
0.000000 -0.234140 0.208935 0.010436 -12.963066 17.891568 3.525450 0
0.000000 -0.065824 0.348237 -0.052552 -14.590508 -13.288135 -59.074209 0
0.707610 -0.280078 0.330595 1.388800 -6.401997 8.719401 12.040915 1
0.161798 -0.664911 0.351909 -0.143683 -27.181298 15.222586 -13.288106 1
0.495528 -1.356580 2.118940 0.625778 -8.157369 8.948813 1.441294 1
0.081729 0.928720 0.448454 0.567898 -2.577409 9.229013 16.039596 1
0.000000 0.225982 -0.269252 0.214789 9.017879 7.685491 -16.319442 0
0.189760 -0.395141 -0.099116 -0.060873 13.080512 1.475331 13.928456 1
0.266191 1.337417 0.563503 0.458063 0.171113 0.861194 11.116638 2
2.255952 -0.622131 0.805404 0.226265 -20.085580 9.086325 -0.031477 2
0.000000 0.310956 0.601099 -0.565242 9.188282 6.787682 -15.373254 0
0.318637 0.479773 0.618488 0.029507 -2.579876 -10.458947 -9.050376 1
0.000000 -0.718165 -0.027563 0.215910 2.885151 22.950186 -6.594672 0
0.094543 -1.162421 0.467403 -1.592800 1.603687 11.100368 -12.547205 1
0.093801 0.731875 -0.502863 0.283285 -1.088726 -5.853210 -14.974511 1
0.259589 0.683610 0.437074 0.349078 16.250996 6.791271 -3.431650 1
0.000000 -0.142509 -0.136154 0.066087 3.783389 11.821090 -15.215416 0
0.597086 -1.237230 0.758094 -0.073964 -4.465537 18.415237 -3.339744 1
0.000000 -0.137333 0.429737 0.241648 -14.834130 12.901427 -18.888695 0
0.409757 -0.030992 -0.389015 1.135034 -13.759687 8.414242 13.494037 1
0.703460 -0.583897 0.780280 0.590361 14.285004 -1.039286 8.253293 1
0.000000 -0.432181 -0.291728 0.044363 -6.866041 -1.179815 -10.225907 0
0.592856 0.668713 0.032477 0.549086 5.514515 20.437510 3.276295 1
0.598064 0.041124 -0.249215 0.813521 -10.286592 -20.795479 12.521344 1
0.000000 -0.277599 0.183660 0.383584 -7.617177 1.459564 -13.694729 0
0.000000 -0.132407 0.395976 0.013137 19.977442 32.681364 21.370039 0
0.107798 -1.087462 1.074134 0.255837 -8.321454 12.727388 -3.714857 1
1.282747 0.015799 -0.815910 -0.351826 12.084629 -5.296505 -13.737984 1
0.179704 -0.042450 -0.428818 0.207484 -11.367261 7.129762 19.365703 1
0.226650 0.389188 -0.533974 0.286551 -7.584560 -8.646012 3.104281 1
0.000000 0.149094 0.413699 -0.102353 0.664462 -11.672301 -18.416867 0
0.000000 -0.324147 -0.042225 -0.192390 -12.175507 9.295515 -24.189750 0
0.590465 0.243130 0.132869 0.240358 4.980849 24.906714 0.433665 1
0.323997 -0.218697 1.651963 -1.451182 -3.333966 22.319418 -4.133112 1
0.080856 0.321040 -1.008370 1.192343 11.482660 3.071345 4.068845 1
0.143920 0.190390 1.548355 -0.040680 0.182431 0.022524 3.543483 1
0.128165 1.067252 0.233526 0.280332 0.352370 11.793824 6.566896 1
0.371144 -0.188730 0.816537 -0.204447 5.282533 -10.162125 -8.289819 1
0.145470 -0.883703 0.728221 -0.903997 7.599357 1.471350 -10.094579 1
0.000000 0.095341 0.068205 0.013401 1.997494 -13.319057 -11.053288 0
0.587126 1.155792 -0.485050 -1.621665 18.518199 -12.148668 -6.047232 1
0.235289 -0.217190 0.386069 0.273502 -17.605381 10.829193 -17.276476 1
0.569180 0.222440 -0.796960 -0.003259 -14.386657 -0.028098 -7.765495 1
7.294495 -0.591422 0.269330 1.053520 -12.313203 6.117400 -1.868349 2
0.773766 -0.056443 -0.368581 -0.251527 3.687342 7.810727 14.998806 2
0.543855 1.472143 -0.316272 -0.098224 15.958750 -8.586450 6.681611 1
0.236315 1.467341 1.706259 -1.598464 16.625412 26.130244 -7.785888 1
0.000000 -0.032015 0.268954 -0.288716 14.403571 -25.094871 16.090325 0
0.109437 -0.393476 -0.726638 0.340221 -15.795638 -2.710248 -13.698771 1
0.000000 0.228781 0.329995 -0.029755 -0.140140 -14.560735 -25.157793 0
0.000000 0.220571 -0.073455 0.117320 11.808671 10.328032 8.831594 0
0.182221 0.112572 -0.162287 0.126993 -25.001491 -0.611016 -1.779057 1
0.624303 -0.798876 -0.586197 -0.409665 -4.488608 9.516203 2.165492 1
0.000000 -0.129729 0.087689 0.574879 -3.792336 1.481207 -4.562098 0
0.000000 0.025594 -0.138152 0.144886 -8.769190 -20.529288 -5.467019 0
0.126609 -0.858569 -0.805494 0.640706 5.461360 2.667796 11.731589 1
0.000000 -0.596031 0.815269 0.217440 -16.464984 1.668497 0.025173 0
0.887808 0.972299 -1.506323 0.133030 3.960134 -3.826686 1.833550 1
0.000000 -0.646487 -0.372912 -0.678931 9.492666 -3.456698 -2.688772 0
0.000000 -0.891635 1.181462 0.230210 0.451367 18.994570 -7.916121 0
0.126531 0.570299 0.160872 0.577613 -6.537857 10.454881 8.564797 1
0.000000 -0.286582 0.201502 -0.042280 -22.569134 -10.542637 10.498556 0
0.342997 1.000772 -0.315854 -0.184032 -7.797116 2.414569 -3.550560 1
1.141486 0.532668 0.497325 0.681147 -8.864429 8.191654 -7.584747 1
0.181571 -0.347107 0.147679 0.518204 6.688402 1.807426 16.360813 1
0.271737 0.105234 -0.064768 0.490733 14.723179 -3.534449 7.945255 1
0.000000 -0.428926 0.150688 0.149408 -18.499914 21.055770 -13.979743 0
0.132761 -0.373922 -0.024235 -0.558114 16.724442 8.129381 2.565297 1
0.370942 0.384457 -0.060275 0.252355 -18.610855 1.862987 12.445745 2
0.000000 0.049057 0.575381 -0.087493 -5.205997 -10.083493 6.690405 0
0.000000 -0.269181 0.310863 -0.148930 -26.053670 34.829968 -2.992042 0
0.000000 0.687712 -0.086812 0.956931 7.149664 14.528742 14.239987 0
0.178200 -2.085473 -0.660654 -0.045420 -9.286241 2.186125 -0.185082 1
0.269147 -0.412511 -0.973236 -0.042065 -14.389937 7.165938 -4.854473 1
0.000000 -0.681702 0.080177 0.304557 16.977816 -7.685529 16.369600 0
0.195759 0.418966 -1.047802 1.073243 -3.038642 -12.317490 1.720463 1
0.310560 0.375275 0.149000 0.466894 9.089449 -4.427314 -3.931074 1
0.000000 0.266259 0.255937 -0.371375 -3.336310 -1.034645 1.321233 0
0.130606 -0.330328 0.662780 0.424868 6.367337 -9.730967 -15.733252 1
0.180981 0.429928 1.957341 1.407052 0.022946 23.291897 16.790200 1
0.000000 0.324042 -0.611844 -0.800084 7.163475 -3.142895 -14.134347 0
0.000000 -0.342607 0.468440 0.163727 -26.872098 -8.793938 -10.356179 0
0.337684 0.157930 0.626649 1.638467 5.705824 -4.600644 8.780712 1
0.000000 -1.313409 0.920311 0.449826 -10.555056 0.094869 9.925385 0
0.000000 -0.342011 0.081224 0.398874 -2.173015 -19.597038 3.352163 0
0.107057 -0.479163 -0.541698 0.735386 -1.397557 12.190070 20.071183 1
0.000000 0.100730 0.263583 0.054524 -10.357936 19.926329 11.462005 0
0.108970 -0.772645 0.068504 0.301927 -5.775260 9.665215 -19.241472 1
0.148499 1.499308 0.709851 -1.108483 5.250898 -1.731091 -6.535582 1
0.000000 0.974654 -1.466169 2.842089 47.633507 -74.219924 128.634703 0
0.000000 -0.313882 0.811984 0.002737 7.800508 15.272840 5.636687 0
0.000000 0.737280 -1.798399 0.670468 35.213356 -87.954670 26.632541 0
0.444167 -0.259940 0.989146 -0.187676 1.103411 -4.726346 -12.791068 1
2.752555 0.169543 0.551880 -1.313403 -2.392491 9.846354 -7.635212 1
0.266546 -0.231574 0.864945 -0.237645 -0.884630 -2.958224 9.717749 1
0.104305 -1.360679 0.528780 0.271727 5.626436 3.866513 7.403361 1
0.144490 0.986172 0.899071 -0.526581 -1.128675 9.255397 -13.599940 1
0.000000 0.000448 0.396729 -0.091776 -22.663006 -10.362946 13.346822 0
0.144851 0.045335 0.569231 1.090222 14.119029 -1.733004 4.852627 1
0.132290 -0.394300 -0.165852 1.335135 -13.930366 9.955949 8.209511 1
0.000000 -0.148226 -0.566634 -0.190027 2.938273 4.154385 15.270476 0
0.000000 2.106516 0.064960 0.038005 28.883384 -4.768083 1.346061 0
0.000000 -0.097759 0.305918 -0.137342 9.543465 20.800786 -53.453998 0
0.691052 -0.838866 -0.292055 0.143337 -5.028591 -17.379218 -2.624222 1
0.123125 -1.833804 -1.174835 -0.918226 -13.921567 -1.692394 -6.557261 1
0.000000 -0.086661 0.385245 -0.111553 -13.078967 9.560875 -42.611377 0
0.000000 0.056892 0.411780 -0.047175 4.804560 -11.469685 -2.162169 0
0.088000 0.120447 0.182261 0.552728 12.444491 7.241404 -1.896280 1
0.000000 -0.259739 0.702698 -0.073435 1.570651 4.455113 -7.083718 0
0.083960 -0.535107 -0.505501 0.988486 -11.045160 -2.419892 12.175505 1
0.000000 0.169747 1.227772 1.093126 21.679100 94.955144 100.276624 0
0.000000 -1.844496 2.460272 -0.030657 -17.696898 22.042138 -11.093672 0
0.118415 -0.978568 -0.000869 -0.033865 5.365856 -3.852023 -16.661791 1
0.123056 -0.480884 -0.169110 0.750963 -2.864474 12.180702 12.182403 1
0.000000 -0.393640 0.743093 -0.119896 4.719335 15.365307 5.776960 0
0.000000 0.114663 -0.427785 -0.509681 6.471761 0.465164 -7.404083 0
0.085245 -0.521600 0.075915 0.080249 -0.844591 0.943828 -18.948490 1
0.219520 -1.075423 -0.352404 0.385100 -9.183147 2.357901 -9.604218 1
0.000000 -0.640816 -1.184065 1.173940 -2.648660 0.894635 5.321418 0
0.000000 0.369467 0.214963 0.411575 13.914546 15.488078 5.190126 0
0.193296 0.224203 -0.580697 0.710983 3.877558 14.004475 12.704051 1
3.348174 -0.355930 -0.552782 -0.519135 2.287036 -12.270576 9.050411 2
1.417540 1.389681 1.538405 -0.374319 7.767333 5.666556 3.674385 1
0.000000 0.144635 0.137028 0.018920 25.465625 2.467899 -22.056803 0
0.189420 0.228978 0.385432 0.809789 19.247402 19.185260 13.804191 1
0.000000 -0.172428 0.422520 -0.069937 -7.953828 9.748541 7.566422 0
0.319069 -0.248344 0.338045 -0.749211 11.001823 6.765234 7.127399 1
0.092091 0.316860 -0.137909 0.762826 6.702255 -1.079696 -6.295782 1
0.486369 0.685624 -0.346749 -0.233114 1.829594 -8.949289 5.295613 1
0.000000 -0.555208 0.266529 -0.242698 -8.777355 -0.150744 -9.739411 0
0.000000 0.026816 0.431184 0.123845 22.459678 2.659602 2.861362 0
0.098254 0.038522 0.399462 0.284777 15.925558 20.175481 8.997424 1
0.000000 0.205794 0.256753 -0.193793 -17.897605 2.732053 -11.075275 0
0.089968 0.661798 0.760546 0.174552 -4.284049 5.702919 -15.627330 1
0.000000 -0.080321 0.242897 -0.298377 5.318034 19.431080 0.590640 0
0.000000 -0.568181 0.329358 0.217279 9.185619 13.719476 8.729877 0
2.596189 -1.626075 -1.449890 -0.604953 -15.513358 -11.117045 2.778302 1
0.000000 0.053194 0.409114 0.072988 9.991007 -20.808343 15.507990 0
0.000000 -0.485145 0.206114 -0.055615 2.894759 -19.985287 8.997636 0
0.000000 -0.422524 0.305302 0.124343 0.907334 -4.319986 3.465200 0
0.109886 -0.721706 0.116118 -0.361965 10.794022 -3.944925 2.433361 1
0.000000 -1.276876 1.440264 -1.126756 -6.635294 18.970370 -6.556143 0
0.307529 -1.131940 -0.856843 -1.761244 -4.270082 -10.553671 -5.648561 1
0.224214 -0.783470 0.428140 -1.782043 2.163421 -6.664084 -17.393880 1
0.000000 -0.592040 1.389997 0.312582 -37.326764 85.549337 20.513726 0
0.121886 0.163046 -0.570091 0.038074 2.183845 -3.071041 16.669714 1
2.036878 1.810547 -1.220662 -0.259576 6.365993 -6.879612 -6.769237 1
0.000000 -0.347474 0.800214 0.037993 1.777652 -2.140216 -14.956937 0
0.087214 -1.060789 -1.483885 -1.104405 -1.598321 -11.699960 -0.656007 1
0.000000 0.030148 0.112172 -0.152578 -30.923749 6.605653 -16.238126 0
0.000000 -0.218643 0.582567 -0.331125 -2.590338 15.974863 -3.474465 0
1.195467 -0.122136 -0.179989 0.232493 -1.640061 25.013813 1.387448 1
0.124532 -0.036514 -0.210182 0.262644 21.941434 12.634471 -5.288494 1
0.239527 -0.316238 0.034231 0.320979 -24.828436 13.108917 15.423055 1
0.513647 0.238230 0.078897 0.617289 0.686618 -13.008470 -7.574357 1
2.322161 0.089611 -0.367321 -1.154507 10.787964 4.761592 -2.814795 1
0.000000 -2.034027 0.479211 -0.898363 -11.244549 -4.293338 -6.315751 0
0.000000 -0.375527 2.545045 -0.074592 -5.790040 28.751177 -2.011260 0
0.187473 -0.232096 0.008245 0.065611 -4.202246 14.117106 27.246777 1
0.080411 -1.149174 1.197618 0.932591 0.670609 9.989513 6.407440 1
0.000000 -0.333771 0.278400 -0.070312 -3.406133 0.161216 -14.233159 0
0.000000 -0.292930 0.271696 0.099974 -40.419179 13.625615 14.184831 0
1.039799 0.299352 0.368288 0.715038 -7.946392 12.024688 14.329811 1
0.589256 0.446742 0.003917 0.403442 8.538287 8.745514 -5.950188 1
0.193774 -0.566882 0.869196 0.141775 -13.643934 -11.389780 14.128212 1
0.204408 0.129059 0.116368 -0.149012 13.415714 7.865107 23.278598 1
0.203976 -1.027630 0.386466 0.326796 -11.552044 0.317369 -15.871197 1
0.000000 -0.594562 -0.189185 0.372384 -4.810630 6.049404 6.520339 0
0.224716 0.297820 -0.276903 1.396812 -5.210776 8.442051 12.685846 1
0.000000 -0.248947 0.040714 0.962644 -9.626515 8.582216 1.798417 0
0.183623 0.882597 0.431417 -0.918462 3.868156 0.481415 3.440169 1
0.000000 1.259426 0.035935 -0.770679 56.735686 -2.222805 -36.329044 0
0.000000 -0.645231 0.861880 -0.069207 -30.218619 29.928871 -8.875407 0
0.205052 -0.730956 0.722473 0.459718 -17.010018 -9.097007 12.415259 1
0.256881 -0.452321 -0.735172 -0.031410 -3.789603 -5.157923 19.070387 1
0.383592 0.055031 -0.685871 0.212684 -2.078433 -6.773358 -19.829320 1
0.115189 -0.908671 1.273676 -0.264458 -9.860338 9.733080 15.715901 1
0.000000 -0.583842 0.393849 -0.067164 -9.719436 16.501259 -16.496883 0
0.208231 -0.580062 0.455864 1.000570 -3.277208 -0.713985 14.759033 1
0.523071 -0.658646 -0.135783 -0.060141 12.193709 -4.526162 15.434879 1
0.460238 0.046401 -0.050615 1.578419 12.428596 0.912591 1.695857 1
0.500482 0.163200 0.735352 -0.501550 -10.404357 7.725040 10.111680 1
0.190881 0.663582 0.570522 1.374774 17.457879 -1.432747 7.117430 1
0.095002 0.032614 1.132160 0.303403 -5.489203 -1.960845 1.565165 1
0.000000 0.445521 -0.106589 0.219946 -17.743290 2.251358 12.606887 0
0.000000 -2.046552 0.373209 -0.316882 -27.159480 8.146931 -8.036661 0
0.639887 -0.844647 0.397334 -0.051880 -0.418442 -7.087948 -17.230162 1
0.000000 0.348188 -0.858229 -2.184182 32.909702 -85.652357 -179.319902 0
0.000000 -0.020866 0.197524 -0.100792 -28.485513 5.321357 -36.877725 0
0.286232 -0.472708 -0.345368 0.556157 -7.447012 1.328362 16.477355 1
0.111446 -0.722763 0.720560 0.759897 -8.595900 8.363475 -3.180354 1
0.000000 -0.135721 0.018838 -0.247970 9.213170 4.444223 -17.596625 0
0.190041 -0.684918 0.271073 -0.265735 2.830677 5.237448 -13.592690 1
0.000000 -0.719328 0.202766 0.181819 0.395430 -19.977880 -0.750971 0
0.000000 -0.633360 0.259397 0.312942 -7.285141 12.322770 -25.547657 0
1.166044 1.063044 0.076056 1.650184 6.320151 13.387593 16.702147 1
0.000000 0.753890 0.122846 0.257102 -14.116960 -3.147795 -1.895209 0
0.396613 -0.236366 -1.346464 -0.790909 -9.111651 1.349054 -7.672009 1
0.000000 0.116465 0.175744 0.030554 1.657950 24.812576 -8.555397 0
0.000000 0.207758 0.254345 -0.138061 22.104845 25.847571 -29.441402 0
2.532142 -1.315964 0.001848 -0.007868 6.036935 -6.642333 0.562839 1
0.107929 0.419377 0.730106 0.666537 -0.737138 -11.054821 -2.734065 1
0.167175 -0.567947 0.004771 -0.717887 5.735264 0.740994 8.096970 1
0.254952 1.406034 -0.760903 -0.615697 6.285395 4.581307 -8.948832 1
0.429694 0.486286 0.359391 0.747798 11.817569 14.449651 -3.180633 1
0.000000 0.134345 0.033207 0.202759 13.792175 22.042685 18.643582 0
0.121547 0.564906 -1.686490 0.120620 -0.846105 -23.081384 -6.455153 1
0.000000 -0.131589 0.791678 -0.062537 0.307410 6.583977 -17.509995 0
0.000000 -0.414161 0.401129 0.235978 -8.261688 -23.158640 -15.288140 0
0.000000 -0.076790 0.293098 0.686680 13.234455 0.352652 -5.559010 0
0.272801 0.676379 -0.235685 0.234457 -4.737592 8.636215 5.296097 1
0.000000 -0.120664 -0.468103 0.520907 15.618725 3.007854 -10.220553 0
0.000000 0.005028 -0.407694 -0.231901 -4.417927 7.656240 -8.227416 0
0.000000 0.041281 0.254899 -0.099582 -5.729409 41.765157 5.497524 0
0.000000 -0.113260 0.239580 -0.046792 -8.415253 9.263321 37.587688 0
0.109822 1.371491 0.174943 -0.120588 13.736572 -0.729702 -9.217197 1
1.950578 -0.084249 0.019015 0.194282 24.964443 -6.954598 8.760488 1
0.085723 0.300194 0.366127 0.949418 5.087175 5.643876 18.751845 1
0.000000 0.310159 0.528903 0.079763 -3.607824 0.505147 15.370906 0
0.410668 -0.186389 0.911674 0.766299 9.190375 -8.450823 5.764325 1
0.278253 0.245138 -0.128687 0.632305 0.968835 12.787301 8.397451 1
0.000000 -0.315608 0.535076 0.138764 5.871358 15.151515 -11.609287 0
0.191416 2.949465 0.339363 -0.117124 28.041250 12.453099 -3.528966 1
0.204516 0.922442 -0.501216 -0.817665 7.794911 1.761966 3.171717 1
0.119244 -0.004285 0.650157 0.524136 -8.235663 -18.008775 3.581118 1
0.394798 0.010416 -0.107647 -0.140123 9.187821 1.148869 21.880173 1
0.000000 -0.075641 0.452876 -0.148379 6.494616 -18.006850 6.832117 0
1.687457 1.383564 2.348769 0.118491 12.897034 14.415991 6.674349 1
0.142585 -0.072880 -0.113513 -0.227783 6.883114 25.080475 3.191381 1
0.000000 -0.628687 0.560026 -0.093374 -5.270614 10.464982 11.404213 0
0.835224 1.356822 -0.020833 -0.106299 3.771333 15.614386 0.970068 1
0.133760 -1.029992 -0.544085 0.101868 -6.936479 6.317464 10.250112 1
2.914902 0.900734 -2.471870 -0.313950 16.625623 -42.972737 -5.287376 1
0.000000 -0.680213 -0.420097 0.020728 -8.137028 5.119686 -5.864443 0
0.111589 0.369169 0.325959 0.177396 -2.559467 -10.339130 -7.012840 1
0.000000 0.162173 0.211436 0.375277 0.099768 -8.136359 -2.321658 0
0.000000 0.054350 0.317398 0.082879 -0.709883 23.932247 -28.137811 0
0.000000 -0.296233 0.441200 -0.069174 14.283311 8.570702 -17.592336 0
0.000000 -0.225696 -0.310536 -0.149640 16.791033 6.964561 -3.335396 0
0.170390 -0.708062 0.355420 0.786211 -13.505323 -1.868677 0.181270 1
0.164634 -0.227039 -0.030674 0.418883 10.901856 -9.679382 9.898248 1
0.710018 -0.214967 1.060708 0.867598 4.574767 1.463525 5.043071 1
0.490174 -0.373472 -0.077213 -0.379427 -8.567800 16.413962 -13.611566 1
0.000000 -0.588376 0.204795 1.063613 -2.925122 20.921521 -0.623332 0
0.191407 -1.593096 -0.904800 -1.210177 -3.822855 -0.531788 -12.842499 1
0.086220 0.754874 0.103793 0.599779 0.911037 0.880933 14.669388 1
0.000000 -0.300621 0.269989 -0.205761 -11.513563 -8.683835 -27.405893 0
0.000000 0.028462 0.448807 0.156323 -21.313267 -7.300925 4.284179 0
0.000000 -0.226658 0.272658 0.286288 -16.912009 -14.259284 -16.577883 0
0.000000 -0.014926 -0.172142 -0.288593 10.716905 -5.335901 -19.366217 0
0.119733 -0.440393 0.587976 -1.051029 6.734810 -5.990500 -1.655458 1
0.155712 -0.757205 -0.172448 0.618027 9.102662 11.817828 -3.863948 1
0.248140 1.135146 0.316449 0.142744 10.042706 9.983343 5.312137 1
0.211986 -0.715790 -0.943663 2.042258 -7.541237 -10.201111 7.443109 1
0.000000 -0.006150 0.169038 -0.181980 -26.094452 20.395628 -7.593480 0
0.000000 -2.702469 4.791172 4.771206 -24.732838 44.739400 52.865232 0
0.364258 0.122678 0.140606 0.564498 16.877071 3.745306 -2.266723 2
0.081905 -0.252241 1.695350 0.428809 -0.447811 3.096245 -1.080204 1
0.000000 -0.657836 -0.127946 0.379507 -9.252741 -13.578616 -10.601922 0
0.000000 -0.412132 1.371698 0.046695 -6.297861 27.587615 -1.835120 0
0.208666 -0.595110 0.199023 0.766936 11.629040 12.342855 13.823450 1
0.338702 0.027830 -0.775614 0.693499 11.368402 -3.380394 17.366163 1
0.000000 -0.229589 -0.092757 -0.298566 16.042653 12.905032 4.850347 0
0.261780 0.000960 0.011087 0.180967 -2.211042 -36.093496 35.115268 1
0.000000 -0.296832 0.167072 -0.056051 -30.592353 -21.497896 -1.345366 0
0.000000 -0.625869 0.064910 0.661414 -8.342487 17.354066 13.170691 0
0.000000 -0.381291 0.994016 0.470050 -3.694125 -12.977344 11.823568 0
0.000000 -0.032587 -0.639175 -0.245374 1.908105 -12.902831 -6.550464 0
0.124445 -0.098024 0.373311 0.257915 -24.388753 25.011408 -9.198329 1
0.000000 -0.246500 0.303110 0.032633 -36.533017 21.439836 -9.202734 0
0.415176 0.141181 -0.575243 -0.124166 3.035985 -6.954789 9.885222 1
0.878922 -0.099000 0.112733 -0.745257 -9.853903 -15.427205 1.943348 1
0.094683 -0.389581 0.854137 -1.341895 -0.861885 -5.048850 -3.010366 1
3.025229 -0.777643 1.500440 -0.107571 7.359491 8.600341 -5.916502 1
0.000000 -0.582380 -0.292212 -0.083652 -2.955764 -12.358258 13.367132 0
1.385436 -1.863171 0.231626 0.416166 -10.540666 12.470307 6.029167 1
0.188343 0.799976 -0.313769 0.403808 4.632070 -1.096611 11.952991 1
0.000000 0.133743 0.375904 -0.128661 -1.940001 -23.037859 -21.314431 0
0.266901 1.098817 0.859923 0.416109 16.035002 -3.328510 4.251181 1
0.352073 0.187394 -0.233946 -0.994022 -10.994250 -2.225903 4.998817 1
0.588656 0.547093 -0.711221 -1.302545 10.684457 -4.150918 -5.864313 1
0.000000 -0.097460 -0.972433 -1.468417 -4.402696 -113.990259 -142.375719 0
0.147682 0.843707 -0.095747 -0.530957 7.585430 -6.735860 11.035457 1
0.000000 0.093598 0.318255 0.121899 21.743278 4.037864 -4.351411 0
0.000000 0.121806 -0.302567 0.190348 -12.008534 -0.070141 4.858979 0
0.141510 0.729308 0.462961 -0.451048 3.759542 -1.577889 1.048645 1
0.000000 0.154824 0.368005 0.118013 11.649231 29.762117 -6.585638 0
1.115389 0.058152 -0.068471 0.293790 -9.981228 12.844208 17.918832 1
0.100224 1.930919 -1.208511 -0.034625 9.422359 -10.219489 -9.206674 1
3.043771 1.312296 -0.303753 -1.768601 9.431555 -2.388534 -6.150607 1
1.677124 0.251367 -0.745273 0.424583 1.641287 5.631404 -10.330365 1
0.154714 -1.704284 -0.593568 -0.339456 -1.958787 -3.764556 -4.491403 1
0.000000 0.482580 0.215263 0.173452 -5.370277 7.438421 -11.711188 0
0.118595 0.663361 -0.233043 0.588257 -6.711690 8.944086 -4.634330 1
0.000000 -0.147797 -0.016730 0.783063 -18.550450 -9.102454 2.923941 0
0.156661 0.025091 -0.632663 1.380983 1.899857 9.407924 9.984197 1
0.000000 0.079873 0.293941 0.082019 17.107794 14.786020 -5.883116 0
0.000000 -0.615070 0.310987 -0.155546 -11.962336 -0.670674 -17.384945 0
0.133107 0.215680 0.099729 0.547383 14.400556 1.893936 9.884396 1
0.116244 0.220623 -0.876508 -0.030431 -6.672332 -4.380515 -4.354511 1
0.262815 -0.361182 -0.751415 0.309194 -7.002806 -7.629351 -10.830232 1
0.000000 -0.567348 0.322387 -0.647824 -18.860362 4.306818 3.568027 0
0.591538 0.426294 -1.176232 -1.075888 -3.699360 -8.430811 -18.169346 1
0.273814 -0.403302 -0.163612 0.090036 14.200019 17.374056 5.073552 1
0.000000 -0.329020 1.010972 0.756943 -14.286031 11.267164 6.615673 0
0.625099 -0.068233 0.013739 0.715752 2.463276 16.694203 18.592595 1
0.953431 -1.112315 -0.609177 1.334365 -3.925791 -3.170103 15.988084 1
0.000000 -0.510257 -0.021203 -0.040828 -12.237129 5.964875 1.759575 0
0.000000 -0.658534 -0.175509 0.366727 -15.898320 -9.150253 -0.270625 0
0.178332 1.639976 -0.491987 -0.191888 20.969658 4.009986 5.762046 1
0.372184 -0.478470 -0.591781 0.415844 5.282507 -5.365843 -12.038512 1
1.884918 -1.185745 0.104828 0.147298 -8.208500 -1.185274 9.272414 1
0.093160 -0.974851 -0.513162 -0.629997 3.412217 -2.040800 2.545763 1
0.000000 5.674051 2.221323 -5.317370 72.264557 24.808841 -65.416682 0
0.080850 1.638689 -1.194700 1.171416 4.985442 -15.367478 10.641495 1
0.277717 -0.105423 -2.016512 1.105378 1.041216 -6.483798 14.397590 1
0.000000 -0.398268 0.992367 0.356895 1.865924 9.117616 -11.546413 0
1.020862 0.492152 0.211725 0.118439 2.012248 -14.928193 -0.317093 1
0.000000 -0.668495 0.746097 -0.550114 -5.582500 7.743814 -5.501240 0
0.410517 0.472768 -0.123468 0.676049 -15.415114 1.155687 8.521501 1
0.000000 -1.469760 0.157929 1.224919 -22.347205 6.954607 4.562086 0
0.769947 -0.478472 -0.381692 -0.116888 5.136759 4.732233 -16.244631 1
0.085466 -0.492191 -0.190573 -0.141778 -28.095143 1.938377 -5.107312 1
0.000000 -0.030783 0.132855 -0.168784 20.527895 1.972823 14.992851 0
0.291207 0.807382 0.492952 -0.777628 7.187440 1.897181 -5.534835 1
0.780826 0.896618 1.444744 0.299736 -6.550613 15.934637 4.833117 1
0.000000 0.104255 0.233507 0.433015 2.074457 -1.754990 -8.190777 0
0.111657 0.479840 0.368462 0.525778 -12.739600 11.451421 5.840689 1
0.000000 -0.198685 -0.083969 -0.015076 17.529735 -2.117831 -21.063863 0
0.503658 -0.746366 0.385570 0.134187 -18.476298 16.351408 -0.870049 1
0.266518 0.390528 -0.737316 -0.894920 -12.150790 -5.907836 -5.821977 1
0.136578 0.404351 0.496058 0.113381 -8.429582 5.550424 -4.845526 1
0.000000 -0.506387 0.146399 -0.166763 6.703292 -5.099999 3.768291 0
0.081261 1.571792 0.636485 0.177140 12.269540 -8.240740 -3.705889 1
0.000000 -2.120976 0.671791 -2.311189 -32.074530 8.479599 -37.933998 0
0.607244 -0.569984 2.050134 0.539401 0.335019 7.664437 -0.740133 1
0.266741 -0.486438 0.525835 0.361570 3.960615 6.521828 -5.684400 1
0.157175 -0.411250 -0.585499 1.402301 -20.946752 -3.774123 9.651518 1
0.461733 0.406797 -0.284409 -0.387939 5.944998 10.281078 -8.946117 2
0.000000 -0.472905 -0.390578 0.822141 -0.409546 -0.290674 -6.872411 0
0.140945 1.746488 0.977440 0.263988 8.547950 0.082006 9.754208 1
0.288794 -0.535905 0.715323 -0.295409 -9.483640 11.360675 3.801124 1
0.182724 -0.721708 0.689216 -0.166977 -1.935996 -14.770051 -7.826612 1
0.115248 -1.247320 0.994971 0.286830 -4.438635 1.457314 6.218764 1
1.012019 -0.186943 -0.228388 0.110874 7.334377 16.083563 -9.665394 1
0.292049 -1.032941 -0.261133 0.323191 2.993801 -12.104056 8.605208 1
0.000000 -1.057097 0.733587 1.790222 -5.530775 6.434770 19.108446 0
0.507219 -0.771479 0.606547 0.866368 -11.203929 -13.082913 12.836144 1
0.325723 -0.968046 0.441805 0.250608 5.536275 6.190734 -14.454217 1
0.153073 0.917064 1.153353 -2.253778 11.451716 0.497809 -27.193519 1
0.000000 0.750900 0.214200 0.126057 11.624256 -1.203393 -9.634953 0
0.000000 -0.140653 0.301547 -0.058173 -48.891079 8.668411 -28.630614 0
0.095001 -0.189741 0.344235 -0.654423 -12.536983 3.551204 0.197549 1
0.458870 -0.968293 -0.571708 -0.143538 5.890169 8.166703 1.064886 1
0.085890 -0.502847 1.873176 0.737470 3.683752 9.057759 16.940730 1
0.000000 -0.306427 0.334990 0.144553 3.234831 -0.054111 20.682392 0
0.000000 -0.686034 2.444274 1.564024 -51.176848 184.174786 126.453355 0
0.000000 -0.009685 0.311159 0.184626 27.757667 17.783889 -8.575933 0
0.000000 -0.142966 0.156168 -0.152896 -21.237967 29.229249 -12.927963 0
0.472146 -0.244466 -0.012527 0.386293 18.742583 18.179928 8.478530 2
0.156623 -0.948051 -0.460444 0.445837 -10.853763 8.420579 6.156866 1
0.000000 -0.172461 0.236776 -0.035358 -10.172884 18.500473 19.514967 0
0.628183 -0.061493 -0.258189 0.385634 2.396243 -10.240088 -10.627146 1
0.127719 0.853466 -0.260605 0.740570 -1.085072 -3.601127 20.712317 1
0.000000 -0.350956 0.288501 0.000060 -3.867440 22.846348 -23.104797 0
0.393003 1.262376 0.660512 -0.199839 7.915318 8.195906 -4.893153 1
0.395444 -1.283927 -1.435307 -0.347022 -3.044214 -6.080678 4.626689 1
0.150757 0.449466 -0.748656 0.975654 15.799834 -5.117650 8.342215 1
0.613619 0.932975 -1.062203 -0.775979 9.590940 -14.217370 -6.667549 1
0.371705 0.651310 0.428963 0.521325 -4.083272 20.642856 3.374452 1
0.128172 -0.313942 0.483293 0.657659 -10.056891 -1.496670 15.757902 1
1.227367 -0.998376 1.469682 0.547310 -3.129473 18.432798 6.720601 1
0.000000 -0.852592 -1.485586 -1.115436 -15.182237 -18.996921 -17.230150 0
0.285623 -0.696925 -0.509309 -0.455026 2.312914 -11.195448 -10.220654 1
0.000000 0.044511 0.079440 0.233644 10.187126 1.605574 -6.467601 0
0.151928 0.182456 -0.079200 -0.172990 -26.901170 -1.318820 -2.525806 1
0.107729 0.270765 -0.775184 -0.268828 1.244346 12.235772 -6.701935 1
0.789450 -0.081911 0.424324 0.287300 -5.460669 -23.551778 -13.394057 1
0.417882 1.110346 0.214687 -0.387231 4.896052 -2.129550 13.523819 1
0.415458 -0.151720 -2.555111 -0.534015 -5.518819 -17.222179 3.123274 1
0.510419 -0.282254 0.523476 0.266735 -25.422884 12.455601 -9.811972 1
0.130425 -0.605281 -0.266877 0.604982 -14.425382 3.337958 -7.478583 1
0.000000 0.042782 0.205530 -0.012876 -11.152039 -40.393481 10.127154 0
0.489643 0.081758 0.377886 -2.242698 -3.565733 6.312927 -12.813518 1
0.449688 0.761613 0.384847 1.043742 9.896111 15.907358 -2.002995 1
4.640213 -1.334088 -2.876807 -3.433307 -7.699964 -23.653597 -33.548406 1
0.000000 -0.016104 0.297998 -0.133604 -1.708030 61.966616 20.255217 0
0.088752 -1.065421 0.407757 0.231541 -11.491814 16.146597 -5.643571 1
0.124181 0.648056 -1.128158 0.571607 8.699087 -7.807243 -2.936021 1
0.142677 -0.208891 -0.212997 -0.408864 -23.673390 8.000535 -0.188433 1
0.646196 -0.711057 0.829652 -0.713640 4.842854 -4.032641 -14.534246 1
0.112694 -0.546970 -0.374225 0.081738 -0.736103 -10.840156 -13.782758 1
0.176104 -0.140244 -0.390275 0.742788 -15.141347 -3.035627 -10.021032 1
0.106965 -0.120417 0.431905 0.877221 6.705175 23.479200 18.284743 1
0.330430 -0.699593 0.627478 0.070733 5.479320 -11.214170 0.864149 1
1.059937 0.423554 0.193987 -0.546238 -5.623311 1.423279 -3.939523 1
0.446854 0.049137 0.600980 -0.533479 -3.517244 -9.148509 0.152900 1
0.000000 -0.718202 0.440304 0.188828 -17.447092 -2.507219 -15.636418 0
0.126972 -0.368985 0.172567 -0.073200 8.293702 14.634888 21.636465 1
0.000000 0.435964 -0.217167 0.236822 6.510442 -0.484545 -10.304621 0
0.153845 0.896342 0.654312 -0.386776 0.139649 0.653503 -3.866295 1
0.000000 -0.245627 0.347349 0.074856 5.181651 -32.159924 -1.537489 0
1.665441 0.329049 -0.560921 -0.648350 -0.512942 11.552840 -13.661106 1
0.167356 0.287033 0.763795 0.528858 -10.966897 12.519167 9.236009 1
1.433413 2.214831 -1.328814 -0.084058 10.502424 -15.416026 1.635219 1
0.264805 -0.813533 -1.416379 0.382055 -11.492572 -3.752415 6.461048 1
0.110793 0.698521 0.586078 0.070641 14.998579 7.454386 1.462684 1
0.000000 -0.015489 0.052783 0.262771 15.808980 -12.443323 -4.226186 0
0.195410 -0.172657 0.226295 -1.650373 -0.788539 1.630574 -0.351361 1
0.000000 1.353635 0.584641 0.512705 -1.025784 -0.100977 14.713217 0
0.100160 -0.468970 0.003553 0.176451 -4.858641 23.638230 12.590234 1
0.000000 -0.504887 0.181239 0.292348 -15.412611 16.854617 -21.082066 0
0.174903 -0.419651 -1.468606 -0.190220 -10.637390 -2.170958 -7.375020 1
0.000000 -0.182409 0.411015 0.070065 18.097156 5.115940 -2.312543 0
1.382242 -0.055421 -0.506890 -1.088150 12.340656 -9.516930 2.483879 1
0.000000 -0.879935 -0.295867 0.395922 -20.490553 -2.749714 11.692974 0
0.550522 -0.640842 -0.904679 0.283178 9.828191 -8.615658 11.592005 1
0.977405 -0.730271 0.732429 -0.392703 -9.647406 -6.142904 5.589421 1
0.000000 -0.184994 0.607958 -0.251902 1.213577 -12.172195 -13.403791 0
0.158053 0.708443 -1.437016 -0.074195 15.723828 -14.480499 0.924618 1
0.000000 0.134534 0.355658 -0.065335 64.559597 26.548292 4.658310 0
0.082934 0.734515 -0.006769 0.580750 6.081180 10.743476 -13.346486 1
0.000000 -0.083645 0.146206 0.122644 17.025406 14.346137 -20.128034 0
0.143734 -0.057723 0.216419 -0.185893 -37.511623 -1.625428 23.351834 1
0.000000 -0.068090 0.379215 -0.147632 27.271932 -13.986905 22.765715 0
0.419927 0.208719 -0.357572 -0.135886 12.172792 5.384907 -15.560455 1
0.233936 -0.679797 0.150646 0.581701 -18.758784 -8.323847 -12.524550 1
0.000000 -0.322731 -0.449982 -0.707602 3.575836 -7.158275 -6.032159 0
0.000000 0.065792 0.108291 -0.753672 10.672432 -1.746927 -2.809035 0
0.000000 0.495807 -0.243228 -0.217862 21.477075 -7.678157 -8.308738 0
0.541043 1.495396 -0.155771 0.144601 13.964663 -1.151796 12.510004 1
0.282572 -0.901519 0.005584 0.531105 -3.764211 6.810584 7.904272 1
0.115642 0.960135 -0.872972 -0.052615 0.247254 -4.333557 -0.112837 1
0.081355 -1.394057 0.447730 -1.046612 -18.920833 9.835128 -0.100168 1
0.367829 -0.504305 -0.409657 0.466243 -3.108105 18.281256 1.401016 1
0.139629 -0.020748 -0.834199 0.089173 8.134206 -1.953571 6.631172 1
0.000000 -0.111048 0.218503 -0.140605 21.226635 8.680789 -20.117097 0
0.125255 0.290465 -0.290323 -0.302170 8.578917 -8.364462 8.029707 1
0.401327 -0.179774 -0.588102 2.016642 -1.630517 -1.516371 12.477520 1
0.285734 -1.076376 -1.346928 -0.295469 3.196186 -12.840422 3.648228 1
0.395651 0.820624 -0.010478 -0.210840 2.136110 6.518402 4.046235 1
0.293098 -0.241551 -0.309515 0.664471 -19.362060 6.687279 -3.327102 1
0.087827 0.083257 0.415618 0.430817 14.072140 -16.319725 -3.370109 1
0.145431 -0.739151 0.078217 -0.509500 8.164167 14.388038 -16.553918 1
0.180115 -1.323069 0.823469 -0.071348 -10.498625 1.803794 9.241638 1
0.000000 0.931881 2.998349 -1.630338 62.163529 179.728866 -106.465957 0
0.666776 -1.579435 -0.607138 1.001007 -18.640233 -5.880506 7.720573 1
0.000000 -0.023622 0.339748 -0.174229 -10.243555 21.117515 27.906500 0
0.000000 -0.060233 0.274666 -0.059857 49.978052 72.750832 6.156478 0
0.093908 0.085058 -0.258119 0.216848 7.181545 12.648117 18.259350 1
1.218377 -0.615806 0.362839 0.573493 11.880051 16.717356 -5.473379 1
0.000000 -1.361081 -0.362492 0.009924 -27.745533 -8.945283 7.064095 0
0.000000 -0.115527 0.459337 -0.167229 19.558473 17.637585 9.528341 0
0.094581 0.596940 0.250803 0.327748 0.055669 -18.466406 -4.967800 1
0.082735 -0.030360 0.301889 0.150976 29.182092 -10.926001 10.612249 1
0.117562 0.134345 -0.728797 -0.610327 -10.614547 9.192244 -12.134446 1
0.000000 0.092043 -0.294127 -0.358779 -4.458427 15.716592 -10.146733 0
1.175398 -0.630764 -0.289258 1.230696 -18.446119 -9.210641 4.548782 1
0.164169 1.204825 1.917414 -0.708937 8.355235 4.419015 -10.642522 1
0.291452 -0.268577 -0.212498 -0.347499 11.226339 -7.061123 0.067899 1
0.206673 -0.694660 -0.377407 0.003543 -2.119242 1.962257 -0.420577 1
1.289324 0.961914 1.605696 0.748605 14.513632 18.149304 -5.854180 1
0.000000 0.186661 0.279735 -0.080920 -10.529639 17.987663 -10.295164 0
0.000000 -0.159658 0.163946 -0.351831 -5.503235 22.765199 -4.961144 0
0.115719 1.145889 -0.980582 -1.748828 14.569739 -11.474936 -10.910235 1
0.363410 0.090606 0.221236 0.457118 -4.140886 26.669727 15.207345 1
1.751386 1.254559 -0.072102 -0.006082 1.775710 -6.271059 10.212153 1
0.000000 0.373713 -0.147256 -0.752105 20.939566 5.895125 -20.605747 0
0.102911 0.508142 -1.055863 0.369143 6.691487 2.400025 14.802813 1
0.399572 0.101045 0.386665 0.309904 2.434656 -23.135042 -1.775401 2
0.000000 0.005266 0.508404 -0.177063 2.518606 -26.756099 12.113936 0
0.304509 -0.192011 -0.295334 -0.039083 -21.754681 -0.873564 -14.385067 1
0.000000 -0.037549 0.652043 0.224118 3.212750 0.394427 4.952250 0
0.518423 -1.322298 -0.455416 1.598749 -7.901797 -14.075831 17.923525 1
0.412206 -0.544437 0.034737 0.637554 -21.844482 16.580303 -1.075543 1
0.000000 -0.293722 0.084395 -0.138147 -15.214509 -3.520913 -18.571252 0
0.000000 0.028846 0.363004 0.121362 -2.281222 -31.234365 -3.478079 0
0.000000 0.488818 -0.286036 -0.071212 10.408991 -4.100870 5.377651 0
0.000000 -7.466913 6.484469 -1.182172 -85.875059 66.718060 -10.975304 0
0.000000 -0.620801 0.781043 -0.010098 9.288236 19.940066 10.097030 0
0.120159 0.535959 0.143794 0.723827 -0.452169 19.528648 -1.305793 1
0.000000 0.162326 0.230621 0.129696 -5.602993 -27.949420 -4.222538 0
0.105973 -0.280727 0.071769 0.424930 10.288384 18.039291 19.370893 1
0.000000 -0.277951 0.060876 0.307609 19.164364 18.199189 7.455222 0
0.000000 0.119780 0.236762 0.148705 19.356232 3.662841 -18.661913 0
0.093712 -1.185001 0.612979 -0.082178 7.860563 3.635927 2.644678 1
0.000000 -0.123475 0.528975 -0.078143 -14.114905 -12.467287 -18.408127 0
0.206538 -0.798067 -1.206689 0.441216 -18.206229 -3.713700 4.545650 1
0.000000 -0.194463 0.507688 -0.152128 -1.075173 34.083794 -1.799714 0
0.089099 -0.345717 -0.737413 0.809868 -6.236727 -7.915851 -6.615525 1
0.510706 -0.775533 0.646875 0.533760 5.887820 6.705929 14.133538 1
0.209703 1.925217 -0.978794 -0.716236 13.561514 -1.383690 -2.827573 1
0.000000 -0.315297 0.076713 0.341227 2.571464 -20.190471 -6.202140 0
0.000000 -0.963676 0.002219 -0.564680 0.518652 3.195929 -12.025045 0
0.169485 0.007437 -0.302654 -0.563490 -0.376453 -8.228043 12.391853 1
1.190304 -0.398616 -0.499631 0.609466 11.471705 4.430810 -1.169561 1
0.229716 -0.626764 -0.387800 -0.077698 -1.891779 3.252580 3.588166 1
0.000000 -0.331716 0.347256 -0.216932 14.181432 14.870621 -0.654224 0
0.000000 -0.138571 -0.724887 0.466465 -2.994262 -34.053120 14.735463 0
0.234429 -0.702203 -0.113643 -0.070557 -12.077190 -4.682361 13.867052 1
0.582021 -0.259689 0.699590 -0.531383 -4.755908 -5.711433 -3.920397 1
0.189197 0.396621 -0.499197 -0.448764 -5.393299 5.941515 7.338011 1
0.259575 0.035501 0.302964 -0.925534 16.446410 -0.311083 1.387172 1
0.000000 -0.267146 0.935400 -0.115238 -3.264438 6.414199 -2.282677 0
0.000000 0.117356 -0.055579 -0.110043 -4.802914 -10.172739 -24.166418 0
0.000000 -0.150084 0.502245 0.111009 -3.633012 1.091787 -14.997031 0
0.000000 -0.154039 -0.389033 0.529192 -3.551209 1.734639 3.903138 0
0.920339 -0.511318 1.173616 -1.103717 7.381675 6.513888 -4.716974 1
0.000000 -0.115719 0.255066 0.616578 1.264145 -7.195082 8.651337 0
0.084577 -0.070167 -0.167721 -0.279588 -10.637039 -7.397084 12.288051 1
0.000000 -0.123383 0.744749 0.511636 0.967063 2.326537 2.798389 0
0.000000 0.747699 4.022572 1.150891 21.556279 77.606442 19.779821 0
0.760534 0.151697 2.296405 0.527197 7.792639 13.470333 15.303753 1
0.114553 0.181314 -0.611926 0.493503 18.507006 5.121203 8.656781 1
0.000000 1.219786 -1.482995 -0.217250 8.934853 -20.045701 -5.500760 0
0.762149 2.023183 3.151661 -1.967544 22.473906 31.373055 -8.671829 1
0.232792 0.213521 -0.131218 -0.261491 -11.047573 21.327457 3.183303 1
0.000000 0.225672 0.269949 0.159384 8.720950 22.723558 -8.682661 0
0.000000 0.028834 0.465072 0.030447 1.234104 17.041089 -23.440223 0
0.129032 -0.662252 -1.290320 3.519012 3.280602 -17.383579 34.947000 1
0.374042 0.481089 0.222106 -0.128146 -17.149647 -7.245136 7.160493 1
0.205433 -0.579470 0.696523 1.239764 -13.145697 14.693700 -3.812122 1
0.160079 -0.410170 -0.144848 0.322289 -16.960231 21.700358 0.415167 1
0.136090 -1.063094 0.233198 0.314214 2.700678 -11.251318 14.548979 1
0.119841 0.239312 0.708744 0.800439 -6.267743 0.678475 14.115962 1
0.201503 -0.942422 -0.581531 1.777754 -0.288622 -9.609428 6.371923 1
0.000000 -0.498122 -0.126533 -0.201683 -18.990685 10.531474 -15.412758 0
0.115016 1.041971 -0.711737 -1.767668 6.737439 -12.897378 -7.759039 1
0.000000 0.803650 -0.378093 0.569139 -0.530120 -0.250975 3.915074 0
0.131342 -0.510245 0.128872 -0.998912 2.734501 11.971847 4.094807 1
0.174201 0.044863 -0.489426 1.392317 -1.134028 12.205127 15.085539 1
0.000000 0.315948 0.040705 0.415276 -6.104031 1.800267 8.532354 0
0.000000 0.368562 -0.007500 0.119447 4.359332 17.547645 -14.096804 0
0.000000 0.022200 0.359571 -0.011039 36.853560 0.488386 -16.386709 0
0.000000 -0.454626 1.141568 -0.568341 -57.820033 134.452222 -80.689895 0
0.240412 -1.631942 -0.077347 0.957847 -5.826576 0.375709 18.464504 1
0.226021 0.169179 0.327672 0.967812 -16.623362 3.680087 8.026982 1
0.107205 -0.235367 -0.009694 0.251874 10.097500 -1.764271 14.637374 1
0.000000 0.711240 0.987777 -1.044828 13.449744 18.449465 -26.940533 0
0.266126 -0.911289 0.787050 -0.577713 -12.103302 -2.070628 -9.393157 1
0.409423 -0.375890 1.414694 -0.705729 -10.311242 1.011188 -0.592195 1
0.089384 0.442383 -0.343078 -0.360277 4.109110 -13.187760 6.489337 1
0.000000 0.063133 0.255177 0.047755 -17.520624 35.510630 7.136681 0
0.746267 -0.080955 1.670285 -0.370378 -3.972625 -0.366365 -6.416531 1
0.219386 -0.143216 -1.240852 -0.676290 12.704905 -9.857384 -4.764003 1
0.000000 -0.565799 0.304877 -0.662761 -15.488909 1.334974 3.498732 0
0.000000 0.003570 0.355726 -0.011100 47.162416 14.432563 6.492984 0
0.102731 0.598243 -0.617792 0.376079 3.398964 11.856050 -5.865332 1
0.202560 -0.035687 -0.597728 2.493610 10.545062 -3.752131 29.124363 1
0.000000 -0.080951 0.616733 0.090359 -6.351475 16.997808 -8.972856 0
0.159646 -0.796972 0.369073 -0.688242 1.105105 -9.439971 5.763126 1
0.000000 -0.193047 0.265507 -0.022644 12.102173 27.213838 -1.347760 0
0.000000 -0.254483 0.226795 -0.242209 -15.201632 11.741989 -26.027901 0
0.000000 -0.525333 0.219863 0.334024 8.687038 34.546785 -26.912318 0
0.000000 -0.171073 -0.275837 -0.209599 -17.719905 -6.878446 13.025093 0
0.340464 0.063328 0.841436 -0.875577 2.940442 10.975144 8.937764 1
0.558675 0.603131 0.331711 -0.232817 -0.274922 16.161587 -10.967702 1
0.269181 0.346733 0.125520 1.008089 -1.311694 8.623033 4.004993 1
0.080832 0.054204 0.883558 1.032809 -4.475248 1.352414 13.561419 1
0.000000 -0.651251 -0.110203 -0.214976 -14.327871 8.858321 -0.680520 0
0.000000 -1.005883 1.044745 -1.450914 -15.906144 9.096921 -18.505045 0
0.126733 -0.279508 -0.741625 -0.359534 -19.518089 -7.432486 3.670025 1
0.147442 -0.543909 -2.496519 -0.450998 -1.376975 -23.914514 1.402714 1
0.234874 -0.449265 0.612664 0.259220 -2.102414 -5.249549 21.317093 1
0.088322 -0.505326 0.206941 -0.494353 -6.035038 4.531714 11.709907 1
0.124823 -0.208314 0.104474 -0.150145 -9.768169 18.481116 30.142855 1
0.134972 0.893305 0.850563 0.373711 1.991310 2.038853 -4.663703 1
0.000000 -0.050076 0.145408 -0.059847 9.149826 -6.636931 26.721052 0
0.000000 -0.072170 -0.429419 0.329515 11.413589 7.292987 -7.805363 0
0.263366 0.475667 0.439644 -0.048537 22.730032 14.526413 -12.525214 1
0.000000 -0.031912 0.548157 -0.039284 -4.906852 -9.099923 -9.661919 0
0.000000 1.635413 0.544905 -2.913400 42.376541 12.800987 -76.472602 0
0.137245 0.241227 0.001155 -0.211460 5.368779 4.629171 21.655378 1
0.175886 0.071953 -0.042026 0.525611 11.687905 8.045898 9.429671 1
0.427154 -0.377298 -0.457865 0.378380 6.215269 -8.013579 -9.577950 1
0.000000 -0.264109 -0.465565 -0.306228 8.522322 -12.419265 6.073132 0
0.000000 -0.175733 0.340220 -0.038412 -17.808403 12.648539 -15.458974 0
0.202129 1.413035 -0.402832 1.408180 4.040333 1.413348 16.990572 1
0.000000 0.244801 1.008547 0.116360 -16.437128 4.418286 6.098527 0
0.160192 0.917514 -0.738763 0.596253 12.873976 6.731523 3.951545 1
0.087931 -0.492004 0.080770 0.614623 5.236079 12.766463 21.174364 1
0.201166 -0.488750 -1.028935 0.794870 -2.786552 -17.323983 8.153763 1
0.000000 -0.663226 -0.237841 0.006375 -10.448402 11.266735 -17.991808 0
0.000000 0.008790 0.170514 0.572417 13.826726 2.757049 -1.883146 0
