162.869435 -0.110420 0.531813 -0.277441 -1.906198 3.726732 -1.837717 33
0.583882 0.672100 1.608036 0.632189 11.049894 0.806803 8.212844 1
0.000000 14.549698 22.897600 20.942657 397.471084 612.708501 574.875829 0
0.085689 -1.287966 0.296609 1.546164 -11.453373 13.611181 5.993619 1
0.000000 26.469711 -22.467796 34.730888 419.470970 -358.534204 549.249959 0
0.457888 -1.136321 0.062581 0.516741 2.233568 -9.997899 -7.348783 1
0.179449 -0.849499 -1.511548 -0.986769 -1.667277 0.535966 -2.264222 1
0.103175 0.843838 -1.686248 -0.351620 -2.176511 -7.053965 5.049414 1
0.199182 3.390526 -1.232721 0.705229 12.236431 -8.399412 2.828955 1
0.109107 0.625131 -2.103996 1.044275 -1.340518 -2.546386 5.403934 1
0.232498 -0.624827 0.476868 -0.649108 -3.554401 21.688164 1.242275 1
0.683878 -1.005625 0.343174 -1.461121 -8.500178 -6.452496 1.144744 1
0.000000 4.570698 9.852569 -3.996708 56.666240 119.733997 -49.932752 0
0.133767 2.347997 1.404065 -0.104981 12.814476 3.631467 6.223930 1
0.207935 -1.390819 1.659632 -1.270103 -1.528047 11.518664 2.198876 1
0.000000 -0.543973 0.309624 -0.395692 7.118025 -6.218757 -7.238409 0
0.099031 0.335335 1.606648 0.230369 4.932173 17.508335 -7.315205 1
0.000000 -0.815102 -0.994538 -0.005269 5.661681 -15.189309 -5.064215 0
0.166412 0.088553 -0.007791 -1.312295 -5.217695 -9.089012 0.431194 1
0.401973 0.092810 -1.900875 0.412585 6.725812 -8.127479 9.821547 1
1.245042 -0.619761 0.299662 -0.351203 1.890401 -1.746629 -21.550539 2
0.135040 0.071937 -0.102354 0.285805 -11.117514 -9.169472 0.497759 1
0.230700 0.595540 0.992026 -0.934583 -8.848960 6.913285 6.168012 1
0.296048 -0.480558 0.819785 0.423969 -9.875635 24.136849 -5.534925 1
0.464442 0.315922 0.168410 0.051723 -11.320462 15.463712 -9.276345 2
0.218861 1.697712 -0.906546 -0.607052 7.321730 1.818160 0.296106 1
0.780326 0.726626 -1.057596 -1.214949 -3.090020 -6.988806 -2.010322 1
0.110177 1.163757 1.763337 0.659246 -1.099852 3.334459 10.175513 1
0.308745 1.838682 -2.190319 -1.214616 7.969433 -17.698391 -5.479424 1
0.000000 -0.078175 0.690393 -0.790732 10.556038 -4.373578 -14.776411 0
0.154448 0.155760 0.429229 0.342482 -13.045529 -5.280045 -3.950318 1
0.534356 -0.603557 0.428127 0.775890 -3.944107 -16.407930 1.057101 2
0.443222 0.460434 0.354872 -0.315137 1.511996 21.074492 -14.208758 2
0.121470 -1.347401 0.040827 1.239771 -13.215593 -7.440294 -3.148757 1
0.388680 -3.001139 -1.479285 2.295037 -60.280974 -36.993438 50.206771 1
0.552874 0.012269 -2.336246 1.069669 -5.996080 -7.634150 10.708385 1
0.107074 -0.340820 0.372390 0.097750 5.456921 -11.463467 -18.706910 1
0.218546 1.071085 2.026981 0.189012 -3.227534 3.757223 -1.337209 1
0.220750 -0.576546 -0.387400 0.618567 3.652609 5.311039 10.017690 2
4.711446 -0.890269 0.044559 -0.071350 3.753096 15.977924 -8.714750 2
0.123628 -0.304481 0.251293 -0.756400 -4.155877 14.558104 14.444390 1
0.103987 1.778608 -0.264346 3.261569 14.450928 5.347286 16.306667 1
0.000000 -0.206367 0.395849 -0.318980 11.282591 28.699975 -19.034681 0
3.952128 -0.322313 1.673414 0.704300 1.500894 -5.583225 6.058858 1
0.000000 0.058643 -0.629935 2.790636 0.136296 -5.354996 18.586130 0
12.485588 -2.013307 -0.314190 1.669591 -29.748544 -6.606534 23.648107 7
0.105198 -1.116374 -0.408701 -1.539606 -11.275334 1.478177 1.542213 1
0.000000 -1.042808 -2.570636 -0.715613 -12.522924 -30.944865 -9.620177 0
0.167817 -0.825360 -0.671563 0.637990 -9.556549 9.904328 11.489628 1
0.138488 -0.545583 -2.973708 -0.029769 0.785958 -12.220349 6.399262 1
0.701272 2.866672 1.072186 -1.224677 23.122820 5.975795 -0.225068 1
0.367183 0.001932 -0.452856 1.428768 -1.227406 -8.185476 -3.509569 1
0.000000 -0.370382 0.545588 -0.121685 2.015176 32.507220 -5.147768 0
0.156405 -1.055287 1.453181 -0.953014 -1.447099 5.711778 -0.733349 1
0.000000 -1.017730 0.901528 -0.373158 -6.533977 1.951416 -11.031580 0
0.000000 0.467716 0.229100 -0.577581 2.453269 -4.587073 -4.732886 0
3.262700 -0.134253 0.282200 0.892756 1.146153 -1.126338 -4.506315 3
0.000000 0.741433 -6.023922 -0.030522 12.522406 -97.890726 -0.216759 0
0.298886 -0.121073 0.526589 1.366651 2.729562 3.774227 2.900199 1
0.512636 -0.395211 -0.562052 0.482189 0.074984 -13.341314 -6.206392 1
0.121466 1.816172 -2.413846 -2.925411 12.097398 -11.376188 -11.206672 1
2.237435 0.305104 0.279486 -0.243373 2.861057 21.979373 9.497564 4
0.283593 -0.084949 0.291817 0.718033 16.619584 11.025941 12.463973 1
0.114183 -1.325388 1.393823 0.125721 -8.098511 -0.035544 4.157295 1
0.387857 -0.583016 0.100850 -0.871457 -0.403758 15.398854 -13.185145 1
0.102340 -0.771133 -1.078223 1.524363 -6.339421 -7.791153 0.577233 1
1.423034 1.327889 0.995137 -0.194060 4.192389 -7.882358 -2.449445 1
0.118440 0.321291 -0.454216 0.162355 -3.878985 3.527905 -17.074365 1
0.000000 0.924807 0.704233 3.109708 10.449464 6.641767 26.584387 0
0.115648 -0.263476 0.460785 1.320914 -4.947070 10.423152 -2.124048 1
0.335498 0.845747 -1.294772 -0.304389 7.111739 -0.192203 -11.741466 1
0.109210 -0.389785 0.066960 0.190354 6.216795 4.169240 18.023717 1
0.000000 0.193563 0.567091 -0.833518 4.985455 11.550868 3.193070 0
0.438696 -0.276845 -0.758966 -0.923118 6.086712 2.113620 -8.573683 1
0.102783 -0.796946 -0.554003 0.926597 -13.179332 2.586986 4.240856 1
0.317653 0.612498 2.632953 -2.063442 -3.693510 17.299581 -7.106565 1
1.366624 -0.923927 0.685815 0.704656 1.039569 -4.719456 5.367339 2
0.135796 2.798601 -1.027989 0.543011 10.222459 -11.925003 2.934964 1
21.423378 0.020424 -0.276299 0.154768 11.872619 -1.663274 -6.783019 6
0.000000 0.475082 0.745983 -0.523632 11.831671 0.248906 0.255648 0
0.210768 -0.425620 0.258795 0.593739 0.484605 10.966752 20.025687 1
0.087151 0.639662 -0.322516 3.064048 9.809851 -4.150056 15.245481 1
0.247564 -1.018786 -1.428174 -0.685465 -10.313703 -3.306269 -10.871936 1
0.118055 -0.033218 -0.377417 -1.733220 -5.947950 8.150723 -3.887766 1
0.000000 2.518719 -1.943151 -3.223118 17.040101 -12.858648 -19.103519 0
0.000000 -0.155130 0.355803 -0.051474 -25.952777 -9.132355 -2.091482 0
0.000000 4.916018 5.275561 -4.629977 78.969566 70.614394 -72.257941 0
0.000000 -0.044426 0.731622 -0.227729 20.782013 -16.418523 0.155725 0
0.180968 -0.236796 -0.732222 -0.495972 -1.736148 -13.330715 -9.356734 1
1.209883 -1.168484 0.537233 -0.125761 -16.518455 -1.579633 -6.903980 2
0.000000 0.564681 -0.159444 -0.230833 11.139562 -9.694858 1.180820 0
0.000000 0.368677 1.275476 -0.622328 6.155123 4.103649 -8.678733 0
0.556778 -0.333015 0.129839 1.027668 -9.256560 10.583225 14.516660 1
0.139284 -1.440467 0.396214 -1.632345 -17.231404 2.914078 -21.563552 1
0.478468 0.124911 1.068050 0.394207 4.046177 15.950900 1.357116 1
0.000000 0.238329 0.600769 -0.183522 11.487481 -14.704313 -16.838511 0
0.000000 0.665399 -0.112565 -0.266741 -4.548692 3.095254 6.625253 0
0.252788 -0.352517 0.459370 0.691127 -20.868477 1.824397 5.432436 1
1.145613 -0.840487 -1.435334 0.592818 -12.666229 -3.279612 -1.660748 1
0.388183 0.180162 1.539856 1.354534 2.876664 8.096054 -0.324428 1
0.000000 0.424355 1.166651 -0.812006 4.664276 3.422549 -11.152287 0
0.126740 -0.313591 -0.021842 0.152291 4.639873 -16.105689 -10.020845 1
0.000000 -0.178690 0.504643 -0.664527 -4.247113 11.793402 3.366478 0
0.198042 -1.626756 2.550115 0.212409 -13.119671 7.444930 4.622343 1
0.000000 -0.029224 0.810772 -0.464543 -24.242203 17.539805 2.067976 0
2.875375 -7.032633 -16.520602 20.449224 -92.263673 -219.549170 268.758618 3
0.376011 -1.344338 0.574222 0.063951 -0.293234 10.740459 4.111875 1
0.000000 0.259692 0.551561 0.220216 -1.416289 -6.708852 -2.058955 0
3.726773 0.225412 0.970618 -0.439841 -4.151931 -4.218892 -14.996572 3
0.373816 -0.079407 0.487882 -0.436563 11.086121 -35.301398 -16.767563 1
0.000000 -0.339768 0.517923 -0.591851 6.444427 -6.921641 20.356884 0
0.263064 -0.050710 0.032903 0.615479 -13.920983 -1.081202 -4.547845 1
0.459762 -1.240598 0.640916 1.258178 3.701800 12.532618 8.413291 1
0.000000 -1.167523 0.377216 0.893124 -5.249600 4.280004 7.545288 0
0.000000 0.397570 -4.383882 9.925067 -0.124844 -34.832706 71.340098 0
0.000000 -1.215766 0.220392 0.133910 -8.935555 10.324887 -3.110595 0
0.396253 -0.346712 0.704533 0.025980 21.733987 15.721419 -4.816239 1
0.000000 0.242721 0.232161 -0.677866 1.960256 10.957471 -6.591179 0
0.000000 6.752482 -30.334381 2.776955 123.342187 -554.103047 51.664371 0
0.278430 -0.812151 -0.166427 0.168070 -1.869971 -13.870261 -8.784964 1
0.151503 -0.600070 -0.371418 -1.668591 -5.751999 6.995977 -6.408093 1
0.100432 0.097623 1.003937 0.139305 -19.515191 6.987264 3.426511 1
0.082624 -1.315669 0.327161 -0.357040 -3.939452 13.895280 -11.089097 1
0.114711 1.303659 -1.059682 -1.641337 1.330855 -11.103161 -2.369949 1
0.192666 -0.995578 0.169589 -1.237434 -14.172460 6.452830 1.198298 1
0.287114 1.001375 -1.604479 -0.078685 4.375360 -5.385701 -11.507973 1
0.585359 -0.431280 -0.212638 0.839185 -14.193951 -7.904323 -5.839040 1
0.000000 -0.086771 0.856751 -0.096769 -14.638092 10.663625 -20.963654 0
0.431641 0.702708 0.001777 -0.806952 -6.358443 14.803765 -1.900731 1
0.000000 -0.057848 -0.379675 -0.032056 17.252689 -0.284143 -8.088297 0
0.323241 -0.475090 0.205792 -0.648979 -14.864104 19.151018 -4.959807 1
0.000000 -4.509753 4.975192 -4.362126 -48.461338 52.138389 -48.210356 0
0.000000 -0.093139 0.309601 -0.262504 7.167962 8.598733 28.937246 0
0.116547 -0.054773 -0.153957 0.170868 -4.325439 -22.168780 -5.117142 1
1.037862 -1.416391 0.020241 -0.057183 -16.769526 7.412006 -0.538413 2
0.374161 0.419699 -0.664547 0.076167 10.492628 2.645265 5.390077 1
0.000000 -0.834641 0.975894 -0.199417 1.369213 9.067339 -6.902458 0
0.192961 -0.206021 0.288728 -1.642947 -5.379319 -7.978247 -2.487604 1
0.000000 0.077760 0.240017 0.866090 3.430739 0.793361 -5.336061 0
0.181019 -1.187173 -0.348999 -0.380861 -7.226110 -5.950057 -12.135078 1
0.393969 1.857613 3.007669 0.608829 9.332076 21.010222 9.626021 1
0.000000 -4.728838 -15.680437 7.431003 -57.182512 -192.391992 89.676440 0
0.506972 -0.636816 -0.690999 -0.635787 -14.476525 -2.790034 2.988554 1
0.168852 0.246806 -0.238053 1.012483 -7.877564 12.761449 9.753450 1
0.000000 0.353941 0.974639 -0.858108 -5.877408 11.887196 -7.851211 0
0.836938 0.875556 -0.423996 -0.650188 -7.323166 7.551987 -6.405706 1
0.000000 -1.404425 0.126882 0.121718 -12.464038 8.379736 -3.010687 0
3.260868 1.696847 0.678930 0.620443 4.953494 2.331553 4.186873 2
0.151360 0.098992 -1.071405 2.177392 -9.600593 -6.065272 6.556931 1
0.000000 -0.230325 0.743182 -0.352167 9.837467 6.832552 8.924069 0
0.108928 1.283867 -0.548409 1.175277 1.234309 -12.128749 1.869229 1
0.090465 0.210325 0.798201 -0.673363 -10.989029 18.663370 -17.271904 1
0.531060 -0.421974 1.657051 2.433633 -9.247456 10.225572 6.032527 1
0.272013 -1.386710 0.189724 0.668160 -7.526469 -9.621028 -6.672344 1
0.000000 0.030874 1.182363 -0.173365 9.966297 7.986817 -0.745916 0
0.000000 -0.309428 0.587578 -0.737580 0.071974 -7.213541 1.842842 0
0.111702 -0.641021 0.601798 0.879138 5.925154 7.737118 17.275604 1
0.838080 0.153436 0.059777 0.372800 -13.648132 9.273185 -9.184184 3
0.826574 -1.163627 0.351891 0.832149 -9.077309 13.642577 10.310610 2
0.121123 -0.899618 0.595721 -1.182839 -5.551390 13.829607 -0.428033 1
0.604561 -0.526359 0.704723 0.989173 7.718276 -8.358887 9.965159 1
0.672200 0.261847 0.766461 1.662083 -9.420693 8.180055 7.871877 1
0.485099 0.467598 2.156728 0.986430 -1.094378 2.671737 6.826932 1
0.088968 -1.895533 0.826923 -0.065831 2.623604 8.067275 1.047149 1
0.000000 0.127879 0.034240 0.249249 4.279503 7.933468 5.281315 0
0.427499 0.658583 -1.021315 1.827600 10.430968 -6.698772 1.558203 1
0.148166 0.026194 -1.344959 -0.623360 -8.756777 -3.469149 0.657004 1
0.205405 -0.139525 -1.179979 -0.550514 1.087728 1.074419 5.234143 1
0.273438 0.413027 1.069313 -0.142223 -11.913405 16.365214 -6.526678 1
0.257004 0.965947 1.007768 -2.145694 2.351344 14.310296 -8.715083 1
0.083821 -0.420486 0.025673 0.762062 -0.369658 -6.146582 -6.676042 1
1.703642 -0.248445 -0.178917 0.700488 1.613505 6.956989 -12.893794 2
0.093338 0.241993 -0.817810 1.024817 2.120749 9.015998 -2.602086 1
0.097693 1.174124 -1.149953 1.528128 10.444302 -10.486111 11.883675 1
2.541981 0.533573 1.167583 0.256421 2.059295 11.205631 -9.307697 4
0.000000 -2.504156 11.823017 8.018371 -36.040019 171.650159 117.771093 0
0.000000 0.064474 0.945332 -0.392245 -14.808527 19.081577 -6.150301 0
8.640086 0.070294 0.661104 -0.729413 19.511887 -2.194239 -3.193378 10
0.081891 -0.816532 -0.004347 -0.495509 -7.138446 4.628149 14.490317 1
0.111530 -0.556412 0.042911 2.105774 -0.091655 -3.105690 8.997985 1
0.000000 -0.413456 0.485859 -0.312193 5.004238 6.789416 -24.624485 0
0.000000 -0.442167 0.371411 -0.188372 -15.114516 18.302302 -16.974025 0
1.328004 -0.795436 -0.026552 0.044778 -11.684566 -5.677834 -7.154101 2
0.000000 -0.000264 0.438385 -0.259681 4.874754 38.166867 -17.006790 0
0.286414 0.507574 0.644842 -0.234360 14.991795 0.416956 5.459338 1
0.108220 -0.597554 -0.875942 -0.530789 -13.763758 -6.415345 -7.890721 1
0.106446 1.229864 0.387611 -0.234834 2.007236 11.359695 -3.673506 1
1.618982 -1.007288 2.881806 -0.468613 -11.943577 10.408825 -6.813228 1
0.126190 0.461948 0.090509 -0.016520 11.157988 15.602873 12.923180 1
0.000000 3.081001 -0.513364 -11.967745 40.337499 -7.599770 -154.276683 0
0.355266 -1.521172 1.457465 0.167775 -21.292117 17.774448 -0.133883 1
0.365762 -2.778602 -5.568083 -0.292732 -19.011768 -31.535291 -4.777083 1
0.000000 -0.715300 0.192113 -0.074526 -15.094697 -2.736135 -18.295885 0
0.100431 1.018225 -0.535609 0.825585 12.689163 7.783506 -3.726995 1
0.000000 -0.234406 0.328666 -0.259080 -29.808860 -8.546444 4.493221 0
0.000000 -0.301276 -0.378514 0.342709 7.671640 3.531210 -9.477943 0
0.500139 -1.532188 0.526090 -1.331170 -10.076095 12.103605 0.580190 1
0.175237 -0.776923 1.336645 -0.777249 -10.654535 -0.125244 0.201297 1
0.123696 -0.507838 -0.227814 0.591566 0.529238 -1.475295 6.269684 1
0.195281 -0.598156 -0.239805 -1.414141 -0.600228 9.781430 -6.843050 1
0.599939 -2.468800 -0.142929 -0.065552 -16.942579 6.250084 -8.840006 1
0.000000 -0.209913 0.774342 -0.477832 14.644745 -12.253536 -7.561938 0
0.200778 0.838272 -0.295258 0.078164 -8.794631 -10.547727 -1.675730 1
0.177472 -0.193777 -0.981474 -1.406095 -3.323553 6.365619 -12.387639 1
0.127855 0.605417 -1.226813 0.010413 -0.470043 -1.178786 -8.228026 1
0.220526 -2.589933 -0.571338 4.351006 -25.618559 -5.447847 41.678428 1
0.000000 -0.099716 2.053828 -0.757319 -0.064548 30.844403 -11.065851 0
0.000000 0.171040 1.352566 -0.853086 6.076703 7.083794 -11.343260 0
0.169117 0.179541 -0.711407 -0.605761 3.988274 8.439232 9.177158 1
0.114784 -0.110990 -0.781864 -0.402395 3.453774 2.211221 -7.821077 1
0.000000 -0.107596 0.575137 -0.278075 22.096351 1.239987 -68.653359 0
0.579415 -0.438034 0.208860 1.114609 12.485735 8.684140 12.420839 1
0.624848 1.606578 2.424110 0.596281 10.476618 14.734191 5.379747 1
0.000000 -0.272974 -0.357775 0.567568 9.030207 -11.280176 -7.993944 0
0.000000 -0.492996 0.303326 -0.295828 3.504553 10.669646 4.605216 0
0.310489 0.135191 0.142099 1.740015 2.975983 10.360523 12.452081 1
0.000000 -0.206591 0.526586 -0.153866 21.938689 7.141828 -1.084435 0
0.279294 -0.095511 0.086810 -0.922134 10.866829 4.983813 -15.958476 1
0.089763 -0.410322 0.447992 -0.879796 -4.576899 12.386074 5.989985 1
0.000000 -0.833847 0.737988 0.964721 -1.302522 -2.695586 2.023996 0
0.000000 1.152572 -0.180273 -0.047116 0.178960 5.710642 -3.290661 0
0.000000 -0.050381 0.773836 -0.340701 -3.766371 34.732977 3.501932 0
0.087567 0.665063 1.282323 -0.120315 3.263941 -4.639932 1.206815 1
0.000000 -0.165567 0.755857 -0.424350 22.219427 14.674509 1.713250 0
0.122081 -0.746104 -0.144015 -0.548456 -18.150204 7.525276 2.858118 1
0.088452 -0.125694 0.290424 0.637568 -6.749469 19.749483 -3.564148 1
0.470758 -1.098631 -2.370821 0.654721 -2.917241 -5.334577 6.596583 1
0.000000 -0.166502 0.413312 -0.417214 12.799074 1.001756 -17.410792 0
0.163499 1.903426 -2.927777 -1.106017 13.668104 -16.111573 1.822127 1
0.080867 2.377304 2.061020 -2.738914 20.465798 15.975223 -10.955246 1
0.000000 -1.943242 0.186390 -0.376425 -15.924531 3.102205 -12.163992 0
0.155926 -1.490377 0.511504 0.824148 -2.095834 -6.466888 -0.079824 1
0.000000 0.034895 0.373800 0.342594 7.776600 8.819957 7.705701 0
0.000000 -0.109398 0.484122 -0.287765 -51.294903 -11.040755 11.239076 0
0.169911 0.062972 0.230596 0.437360 -7.713669 5.257031 15.326627 1
0.113329 0.949193 0.935469 0.970204 -2.347738 1.342343 13.150496 1
0.309991 1.741287 -2.114763 -1.417423 6.938364 -15.238709 -11.613757 2
0.594225 0.089811 1.183339 0.205074 -2.150025 24.702981 0.537948 1
0.085164 -0.812574 0.173685 0.766908 1.841532 3.290102 11.956516 1
0.000000 0.003446 0.876745 0.468703 2.722587 9.521590 13.751117 0
0.000000 -0.227225 0.332733 0.105535 -3.570119 -15.837480 4.413745 0
0.234649 1.062684 -0.624605 0.335307 13.696852 4.582911 -4.463172 1
0.487672 0.695155 -0.116580 1.375027 3.949608 -2.984906 7.289182 1
0.223182 -1.234003 -0.069216 -0.039843 -12.113483 9.548630 4.066235 1
2.476904 -0.363453 0.011478 -0.930446 7.560485 17.830844 -5.001083 1
0.000000 -0.250610 0.494425 -0.199847 -7.822378 -15.358214 -20.199182 0
0.230397 -0.799060 0.290187 -0.141052 -13.834095 13.397072 -9.466208 1
0.689100 3.155303 1.831880 -2.242845 20.002552 6.690834 -8.685255 1
0.815528 -3.509770 0.449557 0.141212 -20.992357 -2.698034 4.991419 1
0.000000 -0.108123 0.827340 -0.143423 8.915858 -6.843869 -0.094859 0
0.542296 2.674927 -0.982595 -0.531257 7.129404 -6.922961 0.252189 1
0.146522 -1.266271 -0.322624 -0.290596 -15.427646 -7.141778 -14.767252 1
0.256037 -1.041490 -0.626964 -0.689903 5.891285 -8.094353 1.642460 1
1.156996 -0.395772 0.548187 0.938713 5.641756 14.251468 -10.113299 2
0.000000 -1.125115 -0.101365 0.992581 -15.620773 -1.812450 11.130487 0
0.000000 -1.033749 1.166411 0.257008 -0.951064 3.126549 3.802635 0
0.178446 -0.165611 0.961755 0.445019 13.002444 -4.736382 -4.923224 1
0.083374 0.147106 0.016366 0.066991 -11.087441 12.404636 17.061935 1
0.376685 -0.160249 0.100096 0.670356 0.903218 8.300987 -17.351797 1
0.585808 -0.808329 -1.243132 0.824570 -10.290057 1.447117 7.179139 1
0.102075 0.138816 0.947339 -0.506697 -8.162139 -3.460140 -21.778460 1
0.086694 1.858175 1.646806 0.195047 11.406872 6.842609 6.411866 1
0.000000 0.336625 0.920578 0.127883 -0.184764 0.181975 -2.040868 0
1.034071 -1.094395 0.391609 -0.016217 -3.373669 3.069944 13.441386 2
0.000000 0.152166 0.565551 -0.063121 8.917642 28.155902 -5.292719 0
1.134901 -1.283727 0.725557 -1.173904 -11.179512 11.351934 -14.780504 2
1.440591 0.301255 0.520008 -0.144369 -21.430624 9.057114 3.688317 2
0.000000 0.251874 0.372585 -0.667830 -2.115719 3.274374 14.057304 0
0.472835 -1.428194 0.185432 1.577129 -14.004637 1.551750 -1.242929 1
0.672168 -2.603077 1.070830 0.899985 -13.803047 0.511035 12.799536 1
0.208490 -1.854317 -1.600428 -0.336693 -3.402591 -9.998796 -1.323201 1
0.292610 -1.038257 2.356168 1.069261 1.258283 15.122593 12.180159 1
0.000000 -0.528864 0.558281 -1.362911 -5.942952 3.738186 -14.441725 0
0.000000 -0.311265 0.283060 -0.342905 -6.466853 -20.356069 8.203520 0
0.000000 0.143966 0.043713 0.184963 1.860999 8.781883 -1.422027 0
1.410354 -1.766509 -0.145152 0.953652 -12.937443 0.608552 6.387642 2
0.247245 -2.344162 -0.500484 1.593997 -17.778723 2.195479 7.731656 1
2.937998 -2.885098 -0.978909 0.596374 -10.326911 -6.989269 9.629693 1
0.000000 -0.858334 0.052425 -0.387998 -9.356531 14.778154 -2.916983 0
0.000000 -0.329850 0.868830 -0.191100 15.395435 13.000825 -12.103909 0
0.186332 1.316270 -0.192123 -1.195086 4.626282 3.453891 0.830639 1
2.552609 0.082139 1.029525 0.383536 12.544839 -2.957064 2.087980 4
0.087521 -0.263238 0.224227 -0.470214 -1.841754 5.397547 -30.513472 1
0.000000 -1.280176 -0.180705 0.041856 -16.341945 11.252620 3.530557 0
1.609664 0.712314 0.770271 -0.234900 -7.203149 2.302618 -8.494676 2
2.506229 -0.326384 1.457049 -0.144051 -13.250916 -4.511798 5.390210 1
0.000000 -0.378942 0.512057 -0.206658 5.541197 16.694597 21.394778 0
0.000000 0.022709 0.683813 -0.353684 2.485240 -19.353769 -6.456042 0
0.000000 0.627964 3.902838 6.055930 13.671928 71.587037 123.225602 0
0.184780 1.748656 2.571627 -0.031412 3.345391 8.629795 -1.951179 1
0.000000 -0.164340 0.203470 -0.478494 -2.734662 17.983859 -4.006992 0
0.500571 2.758269 -0.592900 -1.691265 19.346387 4.294123 -8.483030 1
0.000000 0.383773 0.129815 -0.226978 9.597644 -0.062039 -0.825100 0
0.121279 -0.316368 0.507743 -0.682403 -19.776587 16.091121 3.464462 1
0.000000 -2.708406 0.922693 2.440406 -47.151030 11.021766 45.331947 0
0.000000 -0.164063 0.125916 -0.036305 6.123426 -7.915109 -4.072171 0
0.000000 -0.765233 1.100354 0.161588 -11.056085 11.829831 -10.409758 0
0.000000 -0.143459 0.527326 -0.291915 -28.432533 -67.554091 0.424037 0
0.092539 1.215412 -0.548414 -0.407420 -4.561061 -4.453892 7.074157 1
0.000000 -3.016719 -4.332614 0.238735 -18.767847 -26.488855 -4.294775 0
0.435794 -1.377185 0.675545 -0.715802 -11.612833 5.205100 -11.350175 1
0.638978 -0.596232 -0.303349 0.662973 -2.185608 6.367935 15.502421 2
0.366428 -1.110636 0.170987 0.913972 2.660267 -4.959866 15.866921 1
0.000000 -0.163658 0.623954 -0.310565 -30.879196 -18.547886 -14.226640 0
1.082012 -0.058736 1.227344 0.865482 -5.020168 17.776173 4.587565 2
0.000000 -1.046850 0.618153 0.450923 5.605128 2.323336 1.631064 0
0.292083 0.356598 1.850529 0.712983 1.402595 -1.825778 10.862235 1
0.107699 -1.059002 1.500892 2.158610 -10.429552 1.322277 11.319462 1
0.744916 -0.347802 2.636942 0.467098 2.349515 14.330224 -1.142506 1
0.131940 -1.584237 2.190106 0.557539 -11.487653 6.171392 3.352037 1
0.104491 -1.666951 -0.305748 2.093882 -13.093164 3.535817 10.982307 1
0.000000 0.044942 0.462762 -0.281591 2.143819 28.611501 -14.328338 0
0.652582 -0.657230 0.679401 -0.647962 8.366124 15.492769 -2.883298 3
0.144224 0.643235 3.121320 -0.513476 -2.069189 14.421479 4.447926 1
0.221063 -0.778149 0.118015 0.176227 -1.062838 -3.093170 13.554925 1
0.000000 -0.402843 -0.166114 0.574226 3.420018 10.504527 12.606554 0
2.985742 1.722093 0.036402 -0.110152 7.369264 12.673524 -6.348442 1
0.000000 -0.368498 0.358757 -0.133160 1.853349 -6.536665 -15.439891 0
0.000000 -1.106452 0.618688 -0.717311 -0.572059 13.028445 -5.604680 0
0.374741 1.244697 0.549119 -0.559498 3.585125 2.087201 -11.376452 2
0.000000 -0.184636 0.193220 -0.006274 -2.294470 0.946232 -23.273361 0
0.254317 -1.310122 -0.001269 -1.071619 -0.368100 -6.486460 4.400701 1
0.000000 -0.490692 0.776076 -0.447671 -15.144628 -6.528315 -8.100713 0
0.416651 -2.646338 -0.324522 -0.409666 -9.779603 -5.584129 -5.622435 1
0.151008 -0.188221 1.690511 1.615302 1.026741 1.958578 -0.039224 1
0.000000 0.082799 0.518537 -0.483362 -2.359493 -5.350240 15.165288 0
0.141965 1.628007 0.416564 3.597933 4.865654 -0.681334 22.229289 1
0.120024 -1.094353 0.957237 -0.069383 -8.416644 10.028238 -12.458720 1
0.182852 1.672369 -0.812847 0.027415 12.574113 2.368241 -2.566271 1
0.189724 -1.065556 1.218232 -0.678744 -6.390346 5.713747 1.720346 1
0.150160 -0.458324 -1.355331 1.792936 -8.544466 -7.322815 9.340979 1
1.373741 -4.011439 -0.479430 1.813324 -19.971184 2.331538 8.715069 1
0.000000 0.049828 0.857849 -0.556472 4.716358 -6.398301 6.760434 0
0.170281 0.343846 1.095405 0.454958 17.153475 12.213830 -6.906914 1
1.505698 0.506411 -0.045541 -0.175931 13.478428 -4.671395 -12.343599 1
0.360047 -0.866893 -0.015659 -0.446460 8.443097 -1.969476 2.299771 1
0.588861 -0.928988 0.534443 0.416891 -3.943805 19.571009 7.542629 1
0.381565 -1.094613 0.611753 0.802071 -3.089580 21.878147 -0.357501 1
0.000000 0.030225 0.540692 -0.163729 14.053737 23.292969 20.383278 0
0.000000 0.001673 0.070531 -0.724486 5.820708 1.161926 0.632983 0
0.215498 2.915502 -2.112957 0.773105 16.341556 -5.790155 0.753823 1
0.000000 -0.165874 0.830763 -0.186326 -9.000312 13.232399 19.392697 0
0.000000 -0.572510 0.542282 0.596843 5.001224 -3.756392 7.766695 0
0.000000 -0.199215 0.477659 -0.126420 -17.785545 -6.507558 -12.184151 0
0.408569 0.612492 0.371161 -0.438254 4.879596 17.046562 -12.914269 1
0.000000 -0.182891 0.612480 -0.303869 -28.172633 -12.390665 -2.329359 0
0.205030 1.979583 -1.165068 -0.257499 5.890508 -7.660884 -4.909209 1
0.000000 0.249893 0.728132 -0.395103 14.508984 6.592543 -12.329415 0
1.704172 0.328876 -0.493178 -1.614793 -3.699108 7.133382 -2.171832 1
0.208973 0.599400 0.721085 -0.853733 -4.172286 -7.418496 5.918753 1
4.631110 -1.234993 1.183501 1.395358 0.141855 -3.221285 9.071713 1
0.000000 -0.096785 -0.015951 0.555697 0.189307 13.462632 -0.257132 0
0.169606 0.556309 1.103324 0.058474 -5.761265 3.054411 -12.936069 1
0.567692 -1.623759 -0.734334 -0.396436 -6.245134 -9.224146 4.571760 1
0.214292 -0.850429 0.543591 1.867426 -12.177878 8.895806 6.893623 1
0.450345 0.444551 1.144310 0.329878 14.206825 13.312958 0.295894 1
0.000000 0.425424 0.021590 -0.005156 2.585596 3.154193 -9.476363 0
0.000000 -0.611157 0.457127 0.122106 10.325418 -7.541733 0.501075 0
0.123163 1.058977 -1.135756 -2.290593 2.369748 -7.372774 -6.319821 1
0.000000 -0.250754 -3.422654 -2.140400 3.530715 -46.282907 -29.523075 0
0.387333 -0.783069 0.618454 0.721771 -10.603368 -11.250528 4.932150 1
0.000000 -0.432179 0.228337 -0.631546 10.265536 2.601773 -17.149534 0
0.000000 0.148988 -0.239508 0.289325 -9.252246 8.684097 3.563794 0
1.575080 -0.122820 0.944868 1.311408 3.475008 -6.222107 8.971136 1
0.000000 -0.323188 -0.224785 0.037772 -6.088407 -8.633805 -13.965832 0
0.000000 0.007437 1.506752 -0.317493 8.146530 3.019682 -5.939115 0
0.000000 0.029791 1.125698 -0.790932 6.665182 8.536750 -9.114202 0
0.184902 -0.150922 1.354449 -0.007060 10.161366 18.128379 -6.551200 1
0.348863 -0.335831 1.405212 -0.180781 16.171446 4.523878 -6.646283 1
0.127948 0.184340 -0.825757 1.293059 -8.541544 -4.955074 3.337267 1
0.127545 1.127322 0.707578 2.689847 0.219106 10.536452 13.787159 1
0.089378 0.831004 0.474633 0.431235 -2.641163 -9.095262 -5.818596 1
0.220514 0.182374 0.215719 -0.740461 -12.363650 -0.170360 -18.874409 1
0.195396 -0.176263 -0.651644 -0.458017 -16.934111 2.157069 -7.815034 1
0.000000 -4.461871 0.137932 0.716357 -36.185292 4.820379 1.420070 0
0.000000 -0.238013 0.530821 -0.339905 23.173013 -18.866392 -9.706595 0
0.000000 0.397717 0.096792 -0.179925 14.708804 4.935103 -14.916552 0
0.000000 0.148402 0.068240 -0.373782 -8.375391 -2.934017 7.087989 0
0.642375 0.171661 -0.297601 0.116963 -8.312748 -7.622326 -6.980165 2
1.288776 -0.955987 -0.115572 0.046339 9.047579 2.403561 4.525467 1
0.000000 -0.241575 0.316795 0.150313 6.673669 8.888098 8.997877 0
0.482430 -0.597776 0.629851 0.196870 -13.273595 -15.028318 -2.572530 2
0.130333 0.105691 0.980864 0.019430 10.255650 -7.762749 -8.121369 1
0.000000 -2.344449 -0.037705 -1.184055 -18.527013 -0.088346 -8.503374 0
0.000000 -0.225498 0.532285 -0.287388 2.573037 6.870201 43.700202 0
0.000000 -1.355527 8.940223 2.077139 -6.888703 60.913045 16.458017 0
0.551803 -0.633088 -0.245481 0.438940 14.678642 4.835780 3.100177 1
0.000000 -0.119523 0.421485 -0.297388 -44.158561 6.183757 -20.657613 0
0.367063 -1.091762 -0.323731 -0.082206 3.497249 -6.861568 7.429216 1
0.000000 -0.269636 0.637227 -0.155405 -7.971336 -1.085033 20.137024 0
1.059412 0.454569 0.199978 -0.071725 2.077394 7.956743 -20.231188 2
0.000000 -0.503007 0.510014 -0.335366 -0.233614 -16.836432 -5.716890 0
0.202812 1.573547 0.713389 -0.829453 10.267518 3.140208 7.789638 1
0.000000 0.122325 0.513907 0.356845 -5.834256 -5.349083 -8.909738 0
0.206856 -0.402396 -3.436200 -1.761071 -8.111309 -20.728499 -10.311754 1
0.000000 -0.314381 0.065036 -0.279915 -10.559006 1.894472 2.909775 0
0.000000 0.073682 -0.208591 -0.092050 22.330874 2.724442 -12.857150 0
0.094435 -0.405842 0.760119 0.566249 -4.192073 12.979459 -15.271833 1
0.000000 -0.183388 0.627941 -0.246762 -2.931106 14.773400 21.092880 0
0.000000 -0.162546 0.539927 0.065098 -26.170990 -0.271794 -6.131401 0
0.087582 -0.572319 0.556915 -0.076262 3.912709 19.230883 12.826119 1
1.378238 0.284049 -0.063961 0.341698 18.130624 -4.890544 1.016656 2
0.000000 0.258269 0.236579 -0.283069 -0.481995 0.762375 -16.561283 0
0.093662 -0.263812 0.200992 1.129514 4.760584 -10.684253 -3.313857 1
1.055006 -0.778207 0.428435 0.164953 8.486509 -6.091539 14.313407 1
0.290595 0.166613 0.494941 1.356072 -9.304542 14.915180 7.765359 1
0.226020 0.975239 -2.362622 4.117898 10.950210 -12.310356 21.392506 1
0.000000 0.353400 -0.547583 0.186018 -5.107027 0.925747 -4.272315 0
0.504080 -0.244749 0.221768 0.893668 -14.107674 11.206889 7.196195 1
0.133644 -0.896135 -0.652106 -2.836891 -9.441909 -10.898740 -14.396921 1
0.000000 -0.455768 0.587256 -0.621366 11.605332 12.498777 -8.891076 0
0.102733 0.364171 0.067781 0.917142 -5.074390 -4.806314 3.368931 1
0.000000 -0.247534 1.198859 -0.375987 1.633158 9.486242 7.273667 0
0.170184 -0.659844 -0.403073 -1.393456 2.663604 10.787655 -4.966217 1
0.080956 0.980175 2.055063 -0.608204 -1.194998 12.393677 -5.268839 1
0.171393 -0.764961 1.338626 0.037575 -0.161002 -3.248167 -10.035385 1
0.000000 -0.162233 0.428596 -0.287958 -36.851405 -13.432882 10.085588 0
0.000000 -0.015138 0.272672 -0.256770 5.696035 -8.424567 9.191182 0
0.707610 -0.620891 0.756031 1.792885 -5.920021 7.028616 3.875587 1
0.161798 -1.721670 1.037585 -0.679862 -14.851759 10.892220 -8.022369 1
0.495528 -1.735025 2.511764 0.678641 -5.851341 5.714508 0.560792 1
0.081729 0.575909 0.884366 1.268528 -9.124949 6.907014 9.776289 1
0.000000 -0.195737 0.893673 -0.421494 -24.452374 17.405572 6.993316 0
0.189760 0.312798 0.642921 0.353296 8.174089 15.763111 -2.227237 1
0.266191 1.183031 0.560158 0.883313 -5.426085 -0.485517 5.412083 2
2.255952 -1.413359 1.001341 0.173269 -9.795279 0.325495 -1.886560 2
0.000000 0.548554 0.775542 -1.048910 0.298507 0.855147 -3.364663 0
0.000000 -0.532777 0.593079 -0.309224 -11.256286 22.782498 1.433534 0
0.000000 0.261976 0.934251 -0.299948 22.141270 0.936007 -15.024425 0
0.094543 -1.005293 1.044493 -2.154205 3.900449 10.027662 -8.267738 1
0.093801 0.452446 -0.576051 -0.538331 -8.432453 3.073157 -14.063388 1
0.259589 1.224750 0.731364 0.027806 5.156441 4.495875 -7.200162 1
0.000000 -0.223300 0.663188 0.427345 -3.689778 2.023058 7.493599 0
0.597086 -1.252031 1.605689 -0.201649 2.898743 12.775088 -1.623876 1
0.000000 0.121139 0.364597 -0.391327 7.408067 6.388574 18.433109 0
0.409757 -0.808107 0.180182 1.594515 -13.927028 11.561320 4.375286 1
0.703460 0.257498 0.456391 0.675675 13.226286 -9.218043 -4.368815 1
0.000000 -0.533578 0.013337 -0.345176 3.577747 12.457962 -3.830295 0
0.592856 0.650910 1.130592 0.506160 -4.805746 18.607512 -4.581290 1
0.598064 -0.572558 -1.170208 1.267995 -11.284538 -14.199989 5.770876 1
0.000000 -0.355688 0.326142 -0.621091 11.929136 9.926787 -12.512461 0
0.000000 0.606782 1.173854 0.370622 5.154800 7.644175 1.808628 0
0.107798 -1.342497 1.581750 0.039634 -1.767949 6.306327 -4.167481 1
1.282747 0.585487 -0.827781 -0.989839 8.604800 4.331141 -9.240435 1
0.179704 -0.650875 0.362308 0.932938 -9.656019 17.349497 7.359525 1
0.226650 -0.210765 -0.732221 0.230954 -12.177855 2.332429 -4.233963 1
0.000000 -0.217521 0.596900 -0.186721 6.481930 33.262451 12.442742 0
0.000000 -0.493703 0.807450 -0.907718 3.790996 15.671354 -3.349691 0
0.590465 -0.150112 1.137954 -0.268050 -11.742187 5.558430 -14.763414 1
0.323997 -0.392787 2.779871 -1.595846 -3.057452 19.290298 -1.552269 1
0.080856 0.879070 -0.726937 1.292961 8.923169 6.832176 -0.027823 1
0.143920 0.111831 1.249345 0.131948 -3.346874 -12.148200 1.884988 1
0.128165 0.814633 0.852027 0.527739 -9.148683 10.403076 2.115721 1
0.000000 -0.247361 0.985670 0.002018 -2.244238 8.175274 -5.100013 0
0.145470 -0.300583 0.691081 -1.175362 13.348162 -2.937336 1.094973 1
0.000000 0.050592 0.261362 -0.179415 -3.405808 -12.236605 -6.397467 0
0.587126 2.103644 -1.086335 -1.888759 16.349257 -10.205190 -3.999174 1
0.235289 -0.512098 0.889005 -1.272797 4.520022 9.119436 -27.012249 1
0.569180 -0.597856 -0.446786 -0.352065 -13.857674 12.409139 -4.279358 1
7.294495 -1.103336 0.534400 0.656598 -6.244643 3.408524 -10.856920 2
0.773766 -0.030568 0.640577 0.429794 -2.456382 22.398772 3.578498 2
0.543855 2.177657 -0.726111 0.271974 10.776411 -6.587138 6.591168 1
0.236315 2.335135 3.089114 -1.984302 15.377970 24.765901 -6.582556 1
0.000000 -0.226303 0.427409 0.868625 -6.533244 6.514531 13.445999 0
0.109437 -1.110795 -0.524622 -0.427388 -10.112784 8.674191 -13.113501 1
0.000000 -0.713340 0.468658 -0.363391 -8.230008 12.103148 6.345207 0
0.000000 0.227475 0.706925 0.236246 -8.780961 13.544481 -5.901841 0
0.556263 -0.971168 0.495038 -0.064508 -16.704654 14.025446 -3.917432 2
0.624303 -0.753576 0.159516 -0.101690 6.071313 17.157027 9.125025 1
0.000000 -0.266619 0.362229 -0.353832 12.351148 19.821291 -24.729818 0
0.000000 -0.489295 -0.640337 -0.185309 -7.770639 -1.804969 -5.254868 0
0.126609 -0.459804 -0.443905 1.121362 8.385730 9.788711 5.697902 1
0.000000 -1.406942 1.028509 0.168113 -1.723083 -0.983658 -3.979478 0
0.887808 1.115368 -1.600635 0.217319 1.412957 0.141118 1.204916 1
0.000000 -0.023910 -0.326101 -0.521751 11.685174 6.736567 7.633880 0
0.000000 -0.714252 1.989198 -0.212040 5.349465 11.163100 -8.101903 0
0.126531 -0.095100 0.681623 0.685843 -15.712164 6.862564 -4.545614 1
0.000000 -0.685290 0.001436 0.496550 -0.406798 -0.633427 6.266031 0
0.342997 0.274585 -0.003931 -0.296977 -20.188051 11.157763 0.382439 1
1.141486 -0.276431 0.725742 -0.174596 -13.320721 -8.930622 -30.457380 1
0.181571 -0.036954 0.315526 0.854999 2.412437 3.865707 1.838639 1
0.271737 0.598112 0.013118 0.491189 3.946237 4.076946 -5.797823 1
0.000000 -0.353232 1.244946 -0.413894 11.459315 12.115483 -9.552775 0
0.000000 -0.469093 0.900353 -0.008495 -18.801207 8.897928 -1.817314 0
0.370942 -0.842539 0.275292 0.468845 -20.645122 7.674176 -3.266523 2
0.000000 -0.008651 0.845867 -0.591682 -2.095677 4.451346 8.000260 0
0.000000 -0.856106 1.570309 -0.038756 -5.759604 16.720761 2.690076 0
0.000000 0.915714 0.730524 1.545686 2.072761 14.859611 8.148923 0
0.178200 -2.498112 -0.489255 -0.017761 -5.764276 3.899946 0.872698 1
0.269147 -1.062856 -0.267835 -0.250441 -8.577153 18.012929 -2.155728 1
0.000000 0.639623 0.077863 0.599079 21.102294 2.292295 -2.070685 0
0.195759 0.201863 -1.587681 1.072974 -4.628931 -7.864681 -1.309146 1
0.310560 0.367697 -0.009872 -0.015479 -9.489003 0.284823 -11.439666 1
0.000000 0.113640 0.561371 -0.515648 -6.625241 -6.799286 6.413502 0
0.130606 0.122972 1.123775 -0.615375 0.721169 21.297963 -3.441388 1
0.180981 0.410036 3.156976 2.263073 -0.607244 21.057321 14.893346 1
0.000000 0.599741 -0.620799 -1.394816 3.419648 1.979062 -8.350521 0
0.000000 -0.816250 0.091080 0.095410 1.396444 -5.866902 -2.648542 0
0.337684 0.420121 0.341527 1.939116 3.937568 -5.459751 2.709248 1
0.000000 -1.680655 0.825552 0.924421 -3.555471 -3.166568 7.421264 0
0.000000 -0.002314 0.145594 -0.039809 16.559163 12.522194 -12.762173 0
0.107057 -0.482264 0.312921 1.554902 0.513157 17.166591 10.684151 1
0.000000 -0.268264 0.651764 -0.214993 -10.631885 -2.601804 -22.702718 0
0.000000 -0.288633 0.649440 -0.660556 23.250554 8.597388 -9.309305 0
0.148499 1.695366 0.592655 -1.397164 1.800737 -2.530124 -3.950416 1
0.000000 3.562736 -5.499614 9.832792 47.426115 -73.915643 128.110826 0
0.000000 0.116873 0.943511 0.215947 6.293236 -7.366608 -0.233032 0
0.000000 2.634833 -6.543196 2.103779 34.647881 -86.653435 26.152975 0
0.000000 -0.017957 0.537524 0.061059 -1.448202 21.717353 16.009057 0
2.752555 -0.009569 1.013683 -1.493662 -3.875725 6.918024 0.887875 1
0.000000 0.078904 0.052258 -0.282211 7.472261 -7.312138 -18.024707 0
0.104305 -0.745177 0.627002 0.609638 15.215426 -0.166603 5.028407 1
0.144490 0.757649 1.279155 -1.146978 -6.806710 4.752725 -9.019088 1
0.000000 0.075044 0.546024 -0.501780 -6.021424 13.097111 9.388138 0
0.144851 0.687090 0.390834 1.061284 9.167417 -3.890317 -4.596993 1
0.132290 -1.109577 0.419003 1.503949 -12.116586 10.873683 -0.792950 1
0.000000 -0.148253 0.163170 0.500353 -3.411514 18.390677 4.800419 0
0.000000 3.584517 -0.190558 0.108407 25.869506 -4.584494 1.230676 0
0.000000 -0.689390 0.857987 -0.944880 -6.824295 8.257886 -11.074248 0
0.691052 -0.814465 -0.904428 0.100355 3.621967 -6.140676 -0.431088 1
0.123125 -2.519077 -1.220564 -1.226535 -11.457076 -0.128877 -4.940917 1
0.000000 -0.165061 0.488261 -0.456574 3.945083 -14.197277 7.247307 0
0.000000 -0.076263 0.633140 -0.282840 14.545650 -24.251255 13.225102 0
0.088000 0.353210 0.548500 -0.077646 -6.682188 5.541163 -20.345524 1
0.000000 4.607820 -8.176651 0.530368 162.466118 -299.100465 25.899236 0
0.083960 -1.073976 -0.460146 1.457995 -9.263666 2.993948 5.856335 1
0.000000 1.335139 6.352800 6.504338 21.302696 93.743106 98.968727 0
0.000000 -2.767588 3.609012 -0.628515 -16.358228 20.350930 -10.845719 0
0.118415 -0.287760 -0.021622 -0.683986 18.052562 5.408086 -7.047645 1
0.123056 -0.552348 0.602918 1.038909 0.484414 13.945187 0.301516 1
0.000000 0.040633 0.863587 0.212618 8.625007 -8.659675 1.418464 0
0.000000 0.288361 -0.073493 -0.658667 -0.415953 12.277595 2.104928 0
0.000000 -0.315574 0.502604 0.026368 -19.340510 -4.794745 4.392099 0
0.219520 -1.154289 -0.033056 -0.190259 6.431176 8.886629 -9.522446 1
0.000000 -0.746291 -1.004896 1.357418 -1.309889 5.333762 1.575356 0
0.000000 0.715700 0.977040 0.432790 1.055635 12.550914 -2.944474 0
0.193296 0.294829 0.361562 1.148621 -1.126626 18.883746 3.527301 1
3.348174 -0.185195 -0.860194 0.112121 3.777134 0.610120 12.263215 2
1.417540 1.708529 1.761991 -0.146890 4.064706 2.691454 4.480088 1
0.000000 0.397660 0.608100 -0.910230 -5.476611 8.927728 -9.150467 0
0.189420 1.109618 1.299450 1.273486 14.002961 15.260890 5.696880 1
0.000000 -0.079609 0.507056 -0.312317 3.313576 23.476689 -67.065830 0
0.000000 -0.602694 0.401444 -0.433222 -8.969766 2.562701 -11.987601 0
0.092091 0.392930 0.029119 0.112040 -5.284063 6.600060 -16.968453 1
0.486369 0.526170 -0.605325 0.096394 -7.081847 -0.447436 5.957168 1
0.000000 -0.329844 0.338753 -0.367604 20.663276 8.960506 6.027596 0
0.000000 -0.193807 0.475690 -0.388478 -24.086083 32.259240 13.154013 0
0.000000 0.478989 1.207004 0.236965 2.188265 6.031632 -12.869709 0
0.000000 0.111662 0.601188 -0.155080 2.540355 -2.009515 -12.402146 0
0.000000 -0.048872 0.663250 -0.574071 -24.591157 -13.649561 -4.012398 0
0.000000 -0.354660 -0.255101 0.091899 -8.405709 -21.897570 8.055319 0
0.000000 0.223649 0.417182 -0.012711 9.571135 0.957063 -20.358584 0
2.596189 -2.406275 -1.984620 -0.427146 -13.360304 -8.765700 3.582895 1
0.000000 -0.189080 -0.402006 0.028243 -6.900654 -4.022424 0.242403 0
0.000000 -0.159675 -0.010353 -0.000351 9.205179 5.539192 -14.761480 0
0.000000 0.020171 0.129007 0.002149 10.347990 3.417118 -10.835855 0
0.109886 0.275769 0.562748 -0.075385 10.924850 24.973423 -4.066669 1
0.000000 -1.572143 2.397656 -1.415653 -4.454315 16.360173 -4.336359 0
0.307529 -1.319959 -1.382194 -1.989079 -2.760521 -8.752090 -2.976639 1
0.224214 -0.624220 0.059467 -2.601173 3.452812 -6.677453 -13.039239 1
0.000000 -2.578177 5.945395 1.406830 -36.121339 82.834029 19.902502 0
0.121886 0.158935 -0.399307 0.813237 -2.185068 7.822954 10.407179 1
2.036878 2.084549 -1.535969 -0.613281 3.899577 -4.820415 -6.234404 1
0.000000 -0.081974 0.870045 0.092867 -7.966996 14.895774 1.447452 0
0.087214 -1.105476 -2.034008 -1.082563 -0.197277 -8.649769 1.204510 1
0.000000 0.039392 0.884122 -0.011961 10.004997 -4.940246 -2.912317 0
0.000000 -0.235191 0.701200 -0.554392 -6.786055 16.251034 -5.228146 0
1.195467 -0.117178 1.074653 -0.554104 4.151794 6.474676 -20.879112 1
0.124532 0.556818 0.869407 -0.222885 -0.751746 18.885260 -11.435240 1
0.239527 -1.052113 -0.133778 -0.176488 -5.028697 -5.445266 -9.576886 1
0.513647 -0.026894 -0.296981 -0.115220 -9.031204 1.504831 -13.022459 1
2.322161 0.583095 -0.015931 -1.039509 6.502155 8.397001 6.579782 1
0.000000 -2.542246 0.234423 -1.184281 -7.663498 -4.546162 -4.338332 0
0.000000 -0.680843 4.012097 -0.176949 -5.446873 25.629815 -1.803277 0
0.187473 -0.371823 0.921168 1.095594 -0.103383 13.826376 14.702037 1
0.080411 -1.197334 1.419948 0.975179 -0.295399 -0.093649 -0.698725 1
0.000000 -0.357680 0.650141 -0.134122 7.686754 -6.734424 -10.608088 0
0.000000 -2.255956 0.826053 0.426208 -32.003519 8.915366 4.565282 0
1.039799 -0.286325 0.882642 1.144592 -11.614479 7.306998 2.933970 1
0.589256 0.330854 0.558520 -0.184433 -16.384872 7.861957 -16.196484 1
0.193774 -1.097142 0.016262 0.812887 -7.263452 -15.415324 10.165639 1
0.204408 -0.222157 0.902885 0.454660 -10.328524 11.779354 0.032986 1
0.203976 -1.227111 0.327623 -0.534935 2.732232 -1.538441 -14.132065 1
0.000000 -0.412532 0.486347 0.393360 8.837642 13.484787 -6.300966 0
0.224716 -0.052394 0.241898 1.886367 -7.123854 9.995190 5.859676 1
0.000000 -0.717046 0.565817 0.676656 -6.760386 9.713141 -10.284422 0
0.183623 0.857708 0.448846 -0.558155 -5.635015 0.205602 9.490877 1
0.000000 4.260764 -0.081197 -2.697928 54.234060 -2.101606 -34.872768 0
0.000000 -2.098899 2.277246 -0.478436 -24.720891 24.010040 -6.888329 0
0.205052 -1.336251 0.077351 0.960231 -6.508524 -11.873947 6.287309 1
0.256881 -0.572517 -0.680609 0.939078 -1.017452 5.346090 15.484370 1
0.383592 -0.178191 -0.706389 -0.863751 -5.496758 4.633421 -17.795119 1
0.115189 -1.278095 1.616788 0.617025 -4.369412 3.395070 15.678624 1
0.000000 -0.526193 0.914391 -0.645698 9.738619 2.867319 -4.978125 0
0.208231 -0.735119 0.229638 1.429963 -2.014055 -4.772706 3.000025 1
0.523071 -0.244627 0.333593 0.152261 5.129526 14.540706 -12.711192 1
0.460238 0.648079 0.029285 1.458955 9.573775 1.996311 -5.395224 1
0.500482 -0.264137 0.174734 0.050321 3.212290 -18.889165 -3.781731 1
0.190881 1.510819 0.459418 1.622236 13.928852 -2.278130 2.679655 1
0.095002 -0.305496 0.567371 0.100126 -3.006088 -17.811124 -14.566989 1
0.000000 -0.877442 0.285835 0.462009 -23.687354 6.963276 -6.598840 0
0.000000 -3.416831 0.801745 -0.719486 -23.710123 7.630675 -6.943835 0
0.639887 -0.349101 0.043571 -0.744534 16.146228 -2.660474 -6.768190 1
0.000000 2.136384 -5.513388 -11.928154 32.775055 -85.336101 -178.614559 0
0.000000 -0.166232 0.502167 -0.352864 -24.797081 37.772308 -3.358327 0
0.286232 -0.772861 0.009828 1.130511 -3.956905 9.424976 6.049734 1
0.111446 -0.970590 0.930292 0.365531 -0.886873 -0.303073 -9.781947 1
0.000000 -0.027357 0.545694 -0.342468 -10.444837 32.497794 30.796339 0
0.000000 -0.150642 0.527749 -0.094253 -34.139386 -0.238295 15.504865 0
0.000000 0.078202 -0.216091 0.177962 7.062155 13.708811 -16.757160 0
0.000000 -0.030493 0.642125 -0.800419 25.709485 -3.438991 -5.925862 0
1.166044 1.336538 0.803816 2.464580 4.051504 13.201841 13.544478 1
0.000000 -0.640672 0.495112 -0.384277 -19.446043 19.369225 -19.174967 0
0.396613 -0.701728 -1.115245 -1.112386 -7.798228 6.726372 -4.211776 1
0.000000 -0.093562 0.319413 -0.251830 15.680462 -4.167573 10.046128 0
0.000000 0.679881 1.415412 -1.286552 4.661165 18.029826 -16.904336 0
2.532142 -0.652374 -0.232517 0.095294 14.324501 -0.178958 3.011860 1
0.107929 0.078109 -0.009850 0.066623 -12.534968 -12.765574 -17.813707 1
0.167175 0.110839 0.667626 -0.031724 10.167322 30.106259 -5.039198 1
0.254952 1.626567 -0.450960 -1.043844 2.033380 6.624629 -6.833568 1
0.000000 0.829659 1.036140 0.323400 1.340451 9.941364 -10.640064 0
0.000000 0.395432 1.289500 0.735890 0.436853 20.705883 3.969014 0
0.121547 0.489289 -2.835588 -0.232305 -1.725444 -19.612198 -6.442285 1
0.000000 -0.093943 0.532756 -0.050152 -3.852415 30.171984 12.799147 0
0.000000 -0.521944 -0.725691 -0.426348 2.464288 -14.476150 -9.531678 0
0.000000 0.322806 0.329216 -0.202387 -3.651858 2.955497 -24.961075 0
0.272801 -0.028225 0.371209 0.264324 -19.680065 12.269086 -8.202454 1
0.000000 0.446774 0.158340 -0.290084 0.683097 18.798646 -16.482760 0
0.000000 0.056307 0.493914 -0.206979 19.724434 -25.689518 0.666764 0
0.000000 -0.234785 0.403999 -0.322545 9.187565 -14.124826 -9.219649 0
0.000000 -0.088524 0.556945 -0.235531 28.301689 18.031175 -53.087726 0
0.109822 1.912440 0.124165 -0.566296 7.009485 -0.809179 -7.334607 1
1.950578 0.850147 0.067700 0.292780 10.427623 4.291343 -1.952598 1
0.085723 0.460239 0.647861 1.694743 1.378187 5.604111 10.321925 1
0.000000 -0.377627 0.245075 0.309219 -13.532678 -5.875259 -7.383706 0
0.410668 0.224674 0.258572 0.735604 4.789633 -12.979769 -6.895391 1
0.278253 0.079353 0.683166 0.661116 -4.232175 15.701274 -6.158413 1
0.000000 -0.331158 0.712996 -0.066715 3.280605 13.080735 -5.603637 0
0.191416 4.421464 1.012374 -0.307113 26.222319 12.250302 -3.451965 1
0.204516 1.174022 -0.319707 -0.538257 1.377726 4.864520 6.649140 1
0.119244 -0.405736 -0.510088 0.133464 -2.363105 -18.842229 -14.997233 1
0.394798 0.157039 0.552017 0.768417 -1.263743 14.844754 9.219013 1
0.000000 -2.692136 -10.032028 -1.881777 -51.917955 -203.363620 -34.900483 0
1.687457 2.034982 3.060797 0.477077 11.072812 11.921262 6.495270 1
0.000000 -0.110478 0.497130 -0.288906 59.220917 25.785122 42.334484 0
0.000000 -0.407526 0.719370 0.468811 10.817745 -1.741347 4.532903 0
0.835224 1.322385 0.818228 -0.021039 -4.714923 14.921007 1.687011 1
0.133760 -1.067147 0.043054 0.595360 3.779293 14.244182 6.908414 1
2.914902 1.788203 -4.763051 -0.596483 16.058937 -41.432264 -5.120550 1
0.000000 -0.763624 0.152255 -0.121158 -2.315438 16.235548 1.393844 0
0.000000 -0.412571 0.544170 -0.458156 -3.110337 25.983282 -4.764623 0
0.000000 -0.231812 0.168114 -0.283760 -7.256463 15.031000 -17.036122 0
0.000000 -0.082956 0.618095 -0.320675 -31.364132 -14.661126 -36.318287 0
0.000000 -0.065762 0.535475 -0.304207 14.842839 -60.392717 29.208974 0
0.000000 0.242756 0.804477 -0.204145 -10.869777 24.716440 -2.900200 0
0.170390 -1.118430 0.190924 0.624415 -2.772785 -2.640203 -4.295549 1
0.000000 0.164400 -0.140582 0.394577 2.283591 3.188288 -9.531371 0
0.710018 -0.040351 0.932842 0.877168 2.035627 -5.353166 -4.259740 1
0.490174 -0.268645 0.923903 -0.431911 14.817416 11.127754 10.831407 1
0.000000 -1.466660 0.956403 0.491442 -13.029466 9.455084 -13.070492 0
0.191407 -1.730012 -0.883943 -1.837624 -1.413232 1.174148 -10.328202 1
0.086220 0.543035 0.189266 1.172385 -7.069146 2.137282 6.930741 1
0.000000 -0.250432 0.068177 -0.816723 5.200982 1.328450 -0.576998 0
0.000000 -0.547766 0.028674 -0.554545 0.641645 -0.610672 -13.392573 0
0.000000 -0.791345 -0.235014 -0.676390 -4.279453 -3.891347 -14.352973 0
0.000000 0.364751 -0.024706 -0.987337 3.884116 7.441020 -7.504415 0
0.119733 -0.002621 0.232774 -0.696681 8.050844 -3.747941 18.264364 1
0.155712 -0.062434 0.926109 0.084116 15.751087 16.912132 -19.240804 1
0.248140 1.464796 0.830808 0.421946 3.097744 8.555017 4.733663 1
0.211986 -1.104684 -1.442521 2.362156 -6.829277 -8.204690 4.598739 1
0.000000 -0.078682 0.451496 -0.340045 -39.241887 23.574545 -3.498634 0
0.000000 -4.046594 7.222563 7.645134 -24.611161 44.519574 52.632417 0
0.364258 0.610466 0.398723 -0.003769 0.249751 4.998270 -15.639683 2
0.081905 -0.435450 1.755285 0.380314 -3.850319 -2.138790 0.068263 1
0.000000 -0.901435 -0.487746 -0.204244 -1.550139 -0.395650 -9.256473 0
0.000000 -0.715439 2.653554 -0.042194 -4.892800 20.624870 -1.544028 0
0.208666 0.116307 0.789458 1.154533 12.567452 9.582665 2.033657 1
0.338702 0.579967 -0.772785 1.485157 8.985461 2.225884 12.293713 1
0.000000 -0.628178 0.626483 -0.635816 -8.130585 -3.777886 -10.394223 0
0.261780 -0.282598 -1.552171 1.788739 -5.840221 -25.834524 27.131762 1
0.000000 -1.317260 -0.558440 0.078908 -12.660296 -8.117775 3.997770 0
0.000000 -0.971530 0.863215 1.114103 -5.762476 11.128647 4.547260 0
0.000000 -0.442718 0.006824 0.807335 0.571751 -19.789803 0.559156 0
0.000000 0.001970 -0.996095 -0.498982 -0.298358 -1.478770 -2.994432 0
0.124445 -1.005739 1.074919 -0.606401 -10.139804 6.323801 -15.250260 1
0.000000 -1.319321 0.978388 -0.402261 -12.400289 7.902341 -6.009040 0
0.415176 0.156243 -0.552620 0.406316 -2.376587 7.259773 7.612828 1
0.878922 -0.529092 -0.445234 -0.163574 -5.073605 -3.977773 14.891279 1
0.094683 -0.383712 0.491419 -1.255396 1.629483 -7.636567 7.346920 1
3.025229 -0.283237 1.734876 -0.377454 10.396677 -0.444536 -3.980144 1
0.000000 -0.576298 -0.389837 0.618380 7.292177 9.417366 9.068516 0
1.385436 -2.271483 0.890178 0.710160 -5.028026 11.579574 4.873543 1
0.188343 0.819266 -0.241040 0.914633 -2.768137 3.200452 6.666688 1
0.000000 -0.656817 0.534624 0.047509 -2.650311 10.933934 5.383410 0
0.266901 1.614380 0.501785 0.645839 -1.331626 -6.082724 6.313882 1
0.352073 -0.435808 -0.151629 -0.401460 -10.004524 7.831384 16.287692 1
0.588656 1.011391 -0.867883 -1.513382 7.095174 -1.484885 -1.993675 1
0.000000 -0.337351 -7.156321 -9.189876 -4.413233 -113.300674 -141.463583 0
0.147682 0.988499 -0.349163 0.166871 -1.646217 -2.234495 13.189243 1
0.000000 0.099141 0.509712 -0.255394 -9.697577 -0.484157 -20.565751 0
0.000000 -0.636047 -0.326462 0.659918 -8.731654 -7.550764 11.974071 0
0.141510 0.450827 0.306050 -0.186808 -16.723409 -2.190290 7.241769 1
0.000000 0.005781 1.115177 -0.436166 -7.801869 -0.625492 -7.317910 0
1.115389 -0.602023 0.787102 0.698448 -11.103065 14.313832 0.929924 1
0.100224 2.351812 -1.709517 -0.561426 6.181820 -8.134537 -9.812118 1
3.043771 1.760211 -0.420953 -2.021505 7.156921 -1.852456 -3.388581 1
1.677124 0.152470 -0.063513 -0.188484 -6.456229 20.456680 -10.318853 1
0.154714 -1.661963 -0.715828 -0.528642 3.401251 -0.638204 -2.324648 1
0.000000 -0.115230 0.502154 2.112273 -1.613604 2.290387 87.630363 0
0.118595 -0.075325 0.343187 -0.006693 -20.144291 14.748749 -22.108179 1
0.000000 -1.106540 -0.297288 0.549673 -15.202036 -1.636179 -8.348720 0
0.156661 0.087249 -0.015165 1.739604 0.475671 12.683074 3.419333 1
0.000000 0.025408 0.559801 -0.166791 -1.813040 12.278284 -20.272954 0
0.000000 -0.793958 0.257568 -0.783294 3.346646 0.067475 -5.817929 0
0.133107 0.655682 0.257774 0.697377 3.324596 3.571753 -2.287911 1
0.116244 -0.253869 -0.748204 -0.230775 -9.912709 8.448255 -2.252497 1
0.262815 -0.678115 -0.805769 -0.306819 -3.848348 4.309131 -10.862238 1
0.000000 -1.161423 0.455582 -0.103286 -2.680592 1.561421 14.013057 0
0.591538 0.197331 -1.523843 -1.975168 -4.464748 -4.864830 -15.100843 1
0.273814 0.244486 1.059996 -0.377274 2.880469 12.348557 -22.187707 1
0.000000 -1.014140 1.401486 0.912276 -11.082714 4.061790 0.446337 0
0.625099 -0.074353 0.935415 1.266659 -2.707475 16.534319 4.048948 1
0.953431 -1.252171 -0.700763 2.080635 -1.803641 -0.508292 11.664287 1
0.000000 -0.526683 0.544573 0.137133 9.957426 11.068898 -1.467732 0
0.000000 -1.139748 -0.308060 0.132720 -2.927882 3.205571 -7.529717 0
0.178332 2.642331 -0.237358 0.134138 16.423974 5.082748 5.967574 1
0.799338 -0.072391 -0.432704 -0.269590 6.457412 9.978728 -12.269933 2
1.884918 -1.268537 0.052853 0.596286 3.853783 0.158014 7.211345 1
0.093160 -0.570390 -0.422628 -0.312143 11.394927 5.714449 8.356355 1
0.000000 9.606960 3.571459 -8.877521 72.091386 24.748265 -65.258081 0
0.080850 1.856447 -1.983889 1.709071 3.267121 -13.734894 9.243602 1
0.277717 -0.051646 -2.289238 1.843600 0.909542 -3.822024 12.780555 1
0.000000 -0.147929 0.871063 -0.350918 8.971317 -18.729349 -13.095080 0
1.020862 0.032031 -0.310071 0.019755 -16.981588 -1.714624 -0.029173 1
0.000000 -0.705441 0.918378 -0.593156 5.002919 -1.401275 3.517733 0
0.410517 -0.534340 0.103436 0.783509 -17.948657 6.694640 -3.993706 1
0.000000 -2.556901 0.527821 1.376431 -17.986053 6.496001 1.587601 0
0.769947 0.025813 0.352974 -0.626847 9.764925 23.855608 2.895246 1
0.000000 -1.641944 0.147898 -0.208758 -15.274739 7.647712 0.792620 0
0.000000 -0.143607 0.686460 -0.178997 -22.806266 15.528380 -17.393561 0
0.291207 0.986352 0.528614 -0.902682 -0.655051 -0.096053 0.748463 1
0.780826 0.448159 2.165828 0.521807 -9.541322 10.563148 3.344530 1
0.000000 -0.048762 0.745675 -0.012871 4.298114 2.313997 18.373278 0
0.111657 -0.467363 0.843036 0.434153 -17.837247 4.733127 -8.645563 1
0.000000 0.304395 0.769873 -0.594467 -4.088904 19.546172 1.884384 0
0.503658 -1.303815 1.069641 0.096967 -6.027722 10.271582 0.590023 1
0.266518 -0.315767 -0.860622 -1.054208 -12.952494 1.026476 -0.148111 1
0.000000 0.645363 0.482869 -0.532607 18.275393 4.380490 -4.315945 0
0.000000 0.210881 0.759729 -0.300619 -6.380544 19.431871 -16.593550 0
0.081261 2.054084 0.159706 -0.021165 5.948165 -8.899063 -3.655164 1
0.000000 -3.839820 1.126590 -4.343734 -31.176688 8.257716 -36.864973 0
0.607244 -0.492064 2.286550 0.448929 2.376564 1.535320 -2.331771 1
0.000000 -0.292796 0.043484 -1.784455 -14.365491 -26.360794 -95.056061 0
0.157175 -1.512038 -0.678632 1.760933 -19.680737 -0.106078 4.509953 1
0.461733 0.308864 0.510111 -0.557010 -12.179338 17.523246 4.690950 2
0.000000 -0.344807 -0.070529 0.098390 7.381696 11.672177 -19.013603 0
0.140945 2.078211 0.929976 0.766546 3.858174 -1.649730 8.529891 1
0.288794 -0.678464 0.902309 0.054903 4.261680 -3.340783 6.018766 1
0.182724 -0.258564 -0.158063 -0.333597 16.765244 -9.506943 1.208374 1
0.115248 -1.253609 0.924918 0.568787 3.769038 -3.891637 3.647739 1
0.000000 -1.548562 1.938100 -1.833670 -45.278639 45.192632 -48.569046 0
0.292049 -0.598179 -0.665230 0.635083 10.813233 -3.050382 3.058229 1
0.000000 -1.308622 1.050463 2.719105 -3.986571 5.344216 15.424040 0
0.507219 -1.099143 -0.197417 1.264837 -3.473624 -14.440993 3.225282 1
0.000000 0.087295 0.481295 -0.293408 19.047855 -12.657796 28.965282 0
0.153073 1.515261 1.158237 -3.673883 10.600191 -0.170043 -25.173481 1
0.000000 0.976079 0.185204 -0.391026 -2.066014 0.487161 -8.708366 0
0.000000 -0.430597 0.495476 -0.745898 6.174102 4.374622 0.875846 0
0.000000 -0.144976 0.508976 -0.003442 26.731575 4.967935 2.592369 0
0.458870 -0.361947 0.193870 0.042134 16.817675 20.437125 3.576674 1
0.085890 -0.285720 2.230327 1.565098 4.133118 4.620917 13.695289 1
0.000000 0.000140 0.134485 0.561763 4.992587 -3.647493 -1.441035 0
0.000000 -3.469902 12.460664 8.441102 -51.047689 183.663578 126.099783 0
0.000000 0.308059 0.706829 -0.789742 -8.244413 0.947779 -11.979672 0
0.000000 -0.085925 0.706137 -0.220545 23.908334 2.373092 10.686196 0
0.472146 0.506294 1.026484 0.191888 7.886125 16.765703 -10.599026 2
0.156623 -1.243423 0.203776 0.638655 -1.305642 14.313468 0.788125 1
0.000000 -0.269054 0.477037 -0.212541 -14.065071 12.111982 21.036541 0
0.628183 -0.056089 -0.254903 -0.282164 -2.089837 9.224716 -9.448196 1
0.127719 0.639822 -0.371156 1.711836 -5.659985 -0.829122 15.382563 1
0.000000 0.083728 0.387670 -0.185706 -20.054581 -6.675624 14.917712 0
0.393003 1.491546 1.034401 -0.415545 0.789327 5.670994 -3.015832 1
0.395444 -1.379659 -1.653024 -0.076394 -0.647062 -2.124593 5.192812 1
0.150757 1.223910 -0.903423 1.316612 12.923587 -1.278802 4.848005 1
0.613619 1.384243 -1.736988 -1.083489 7.315728 -10.933071 -4.906894 1
0.371705 0.126051 1.331525 0.472479 -13.010792 11.507790 -5.122088 1
0.128172 -0.764942 0.230524 1.128594 -6.475734 -5.185879 3.367001 1
1.227367 -1.098834 2.275151 0.841727 -0.997109 11.562736 4.590501 1
0.000000 -1.646992 -2.447754 -1.998560 -14.115548 -16.727889 -15.507958 0
0.285623 -0.287622 -0.853640 -0.753117 9.973767 -1.537080 -2.815937 1
0.000000 -0.166904 0.380874 0.150233 2.736626 -2.314092 3.326101 0
0.151928 -1.056713 0.665574 -0.078580 -14.752678 16.906396 3.522733 1
0.107729 0.114543 0.288395 -0.453934 -9.820949 30.417769 3.755490 1
0.789450 -0.199935 -0.162306 -1.044273 -0.910463 -0.132260 -20.707063 1
0.417882 1.110381 0.109902 0.392773 -4.522869 -1.407025 13.704887 1
0.415458 -0.450721 -3.424202 -0.351867 -5.452339 -14.925301 3.480408 1
0.510419 -1.200834 0.702075 -0.432559 -9.596441 -0.976229 -12.207486 1
0.130425 -1.051416 0.209375 -0.020587 -1.256924 10.385400 -13.719184 1
0.000000 -0.998788 -0.722485 0.114684 -16.978797 -9.317112 2.106065 0
0.489643 -0.116707 0.710088 -2.833766 -3.667876 5.891442 -9.121402 1
0.449688 1.122722 1.181350 0.767829 3.903595 13.211547 -7.405790 1
4.640213 -1.747790 -4.150963 -5.244069 -7.510189 -23.168303 -32.974955 1
0.000000 -0.559061 0.131875 0.220462 -1.877563 -5.594740 -3.801889 0
0.088752 -1.308596 1.147015 -0.070743 0.679613 10.972323 -4.455227 1
0.124181 1.039674 -1.422148 0.342800 5.912379 -3.438456 -5.097418 1
0.142677 -1.150491 0.535198 -0.066657 -11.920722 16.012508 9.642349 1
0.646196 -0.285204 0.466324 -1.188577 10.220110 -7.934530 -1.943410 1
0.112694 -0.379542 -0.514777 -0.579586 5.549512 3.603793 -9.392972 1
0.176104 -0.860628 -0.169874 -0.101428 -9.615023 13.082635 -16.820161 1
0.106965 0.177003 1.556347 1.560178 4.627659 18.706626 8.953001 1
0.330430 0.296129 -0.037153 -0.176267 21.312890 -4.043665 -9.055790 1
0.000000 1.457276 0.722048 1.107515 120.796016 18.112902 105.467444 0
0.000000 0.025262 1.115964 -0.183778 1.584239 13.855132 -8.150523 0
0.000000 -1.158687 0.202012 -0.597960 -0.913752 -4.144979 -11.953026 0
0.126972 0.518748 0.872140 0.247622 11.554898 9.467076 -4.049115 1
0.000000 0.307398 0.127619 -0.343346 -11.977471 13.800136 -8.796758 0
0.153845 0.564374 0.564565 -0.445479 -14.108399 -3.530693 2.225315 1
0.000000 0.444754 -0.554726 -0.525737 10.057635 -7.488577 -9.985177 0
1.665441 0.164912 0.248664 -1.149619 -4.953574 17.167798 -3.717081 1
0.167356 -0.426822 1.123192 0.762870 -12.846319 1.997391 0.253296 1
1.433413 2.720578 -2.123116 0.000761 8.372349 -13.860980 1.485974 1
0.264805 -1.372729 -1.469999 0.698562 -9.137242 1.202001 5.211369 1
0.110793 1.132934 0.791099 0.140423 2.879027 1.563989 0.252248 1
0.000000 0.119690 0.026200 0.047806 -4.237558 6.634158 -7.118815 0
0.195410 -0.198512 0.323027 -1.448231 -0.078851 2.175576 8.206938 1
0.000000 1.125111 0.529591 1.135994 -6.699195 -1.401417 8.918796 0
0.100160 -0.572614 0.927876 1.139562 0.544428 13.442534 13.281597 1
0.000000 -1.058609 0.512143 -0.163390 -1.633689 5.104298 -8.066053 0
0.174903 -0.958244 -1.404487 -0.558546 -9.124975 4.035247 -6.273121 1
0.000000 -0.274197 0.531430 -0.341496 -24.111593 17.962143 10.914503 0
1.382242 0.591177 -0.866010 -0.765729 10.955414 -4.672981 7.651109 1
0.000000 -1.697694 -0.240695 0.924824 -11.918347 4.238759 9.332624 0
0.550522 -0.057101 -1.122026 0.834864 10.718399 -0.507374 8.512767 1
0.977405 -0.827926 0.226202 0.020186 6.310990 -9.645852 7.469190 1
0.000000 -0.019462 0.973793 0.125444 -4.696509 16.088274 -3.186263 0
0.158053 1.509215 -2.107237 -0.011439 13.814589 -10.674380 1.198359 1
0.000000 3.044910 1.550438 0.208005 50.659795 20.821697 4.999819 0
0.082934 0.646812 0.633694 -0.290294 -10.211771 11.751561 -17.159128 1
0.000000 -0.277107 0.556821 -0.314790 -29.454642 -5.357500 11.812546 0
0.268557 0.091331 1.252604 0.559376 5.134069 13.820508 3.815649 2
0.000000 -0.067138 0.610252 -0.297053 25.527627 -26.859794 32.761642 0
0.419927 0.507249 0.310705 -0.745394 -1.496316 16.564697 -5.933151 1
0.233936 -1.114721 -0.241589 -0.312938 1.307606 -4.815212 -16.437558 1
0.000000 -0.086751 -0.592289 -0.736776 4.331690 1.765218 3.486320 0
0.000000 0.361983 0.199430 -0.366250 -3.121050 7.286226 15.458962 0
0.000000 1.395596 -0.493456 -0.569009 13.073890 -2.763023 -5.314441 0
0.541043 2.081769 -0.187944 0.779143 8.428970 -0.071477 10.788207 1
0.282572 -0.744141 0.348273 0.753883 5.904567 6.786389 0.572368 1
0.115642 0.842582 -0.947472 -0.053007 -4.380216 1.383010 -0.027840 1
0.081355 -2.292778 0.952029 -0.956212 -14.432835 8.713899 2.857148 1
0.367829 -0.350809 0.857927 0.087523 9.945496 20.870929 -16.202567 1
0.139629 0.334555 -0.574154 0.379257 3.758660 10.764457 3.164391 1
0.000000 -0.055541 0.603346 -0.200340 -20.275396 0.474304 6.870512 0
0.125255 0.411260 -0.354194 0.227962 -3.738548 4.868780 9.034827 1
0.401327 -0.270781 -0.625726 2.580611 -1.733689 -0.033085 8.615140 1
0.285734 -0.843794 -1.908927 -0.075607 5.015597 -8.102892 4.257240 1
0.000000 0.496389 0.434116 0.039447 -15.169109 9.218749 3.157000 0
0.293098 -1.155438 0.344922 0.129239 -11.692742 14.075206 -13.455350 1
0.087827 0.305031 -0.379113 -0.219956 -4.387694 -9.044234 -13.951862 1
0.145431 0.003429 0.841020 -0.854884 16.213611 10.248080 6.431118 1
0.180115 -1.632674 0.812628 0.438046 -1.538628 -1.645018 8.952717 1
0.000000 4.314116 12.776927 -7.422777 62.019304 179.309887 -106.215684 0
0.666776 -2.484534 -0.863215 1.357286 -14.945629 -3.671842 5.726843 1
0.000000 -0.084237 0.301647 -0.414527 2.712272 9.882371 -12.774560 0
0.000000 -0.145278 0.492576 -0.295278 6.927745 2.474087 48.550052 0
0.093908 0.177607 0.723669 0.797575 -2.978287 17.732578 3.975216 1
1.218377 0.213088 0.781089 -0.324254 9.022799 -7.258425 -25.970526 1
0.000000 -2.692148 -0.758606 0.408706 -22.529526 -6.376467 7.426731 0
0.000000 -0.019858 0.670157 -0.215637 15.188881 -13.590866 19.222841 0
0.094581 0.097286 -0.508862 -0.106072 -16.085607 -6.181943 -8.378987 1
0.082735 0.797446 -0.145619 0.026091 6.485616 -5.274076 -4.437598 1
0.117562 -0.462710 0.026679 -0.995435 -9.715064 17.466317 0.738767 1
0.000000 0.056066 0.433927 0.173103 6.203157 -12.075649 8.322594 0
1.175398 -1.539654 -0.641964 1.277704 -15.630524 -4.061809 -1.305850 1
0.164169 1.597058 2.079520 -1.242275 6.118604 1.764826 -8.991113 1
0.291452 0.288492 -0.029382 -0.132198 5.143250 13.096488 6.104530 1
0.206673 -0.450552 0.116447 0.012079 10.860645 16.285503 -1.541539 1
1.289324 1.665485 2.484407 0.369667 11.366278 14.125509 -7.446317 1
0.000000 -0.180178 0.416899 -0.273259 3.785149 -27.750502 0.478490 0
0.000000 -0.173009 0.640189 -0.311450 14.704340 8.847021 33.941356 0
0.115719 1.894291 -1.554889 -2.278956 13.055864 -9.795293 -8.828217 1
0.363410 -0.135923 1.582132 0.883953 -5.049578 21.001679 3.387387 1
1.751386 1.151932 -0.358320 0.508531 -5.041143 -3.840502 8.223710 1
0.000000 1.342251 0.225677 -1.658192 15.549880 7.166469 -14.074087 0
0.102911 0.775116 -0.746776 1.085699 3.226523 8.043360 11.452628 1
0.399572 -0.141061 -0.519786 -0.282718 -5.145426 -8.245501 -9.772174 2
0.000000 -1.365404 0.555057 -0.948168 -19.844790 6.867386 -12.550098 0
0.304509 -1.147159 0.001247 -0.590896 -12.477210 9.197538 -6.229975 1
0.000000 -0.163222 0.638887 -0.420262 -6.538156 37.247501 4.807926 0
0.518423 -1.685130 -1.175583 2.476132 -5.870152 -12.412220 14.709453 1
0.412206 -1.358585 0.868067 0.274034 -9.738391 13.609562 -8.579382 1
0.000000 -0.362068 0.457387 -0.531696 12.927726 12.969400 5.553793 0
0.000000 -0.453739 -0.244543 -0.906029 -7.196842 0.164351 -16.059466 0
0.000000 0.705790 -0.242940 0.213374 -1.361824 4.867446 4.207549 0
0.000000 -12.142913 10.117040 -1.779644 -85.741446 66.605317 -10.953995 0
0.000000 0.179662 1.198689 0.481386 15.054822 -1.779242 5.298501 0
0.120159 0.206528 1.138496 0.309369 -10.465912 15.057577 -13.526505 1
0.000000 -0.575513 -0.564108 -0.377308 -14.680271 -5.624969 -7.705722 0
0.105973 0.161250 1.010877 0.877221 5.995117 15.147295 2.036607 1
0.000000 0.323792 0.953419 -0.197036 1.100537 8.533034 -18.429158 0
0.000000 -0.322851 0.570607 -0.170496 9.783406 -0.034014 22.502808 0
0.093712 -0.323788 0.604486 0.041479 25.903818 -5.468954 -5.115458 1
0.000000 0.147810 0.775439 -0.090941 -13.587704 11.946364 -6.972894 0
0.206538 -1.697810 -1.255519 0.642706 -15.015383 1.162762 3.111390 1
0.000000 -0.021130 1.262593 -0.072033 3.385052 1.523392 1.023884 0
0.089099 -0.637418 -0.913702 0.298619 -4.188732 1.073215 -11.167574 1
0.510706 -0.267841 0.791593 1.005548 10.408078 0.018476 3.259311 1
0.209703 2.581850 -1.015747 -0.835223 10.766488 -0.094997 -1.658662 1
0.000000 -0.304310 -0.094740 -0.067785 4.303441 6.996122 -4.427426 0
0.000000 -0.661383 0.251198 -0.937108 10.302709 5.970403 -1.403861 0
0.169485 -0.033304 -0.129048 0.306511 11.642614 22.828044 9.302905 1
1.190304 0.152581 0.131459 0.185765 7.759125 16.565072 -16.434591 1
0.229716 -0.391002 0.188310 0.184392 10.177958 16.193716 1.861089 1
0.000000 -0.299961 0.584556 -0.363673 20.950893 14.252645 9.207211 0
0.000000 -0.333196 -2.382725 1.174410 -3.723929 -28.308904 12.008912 0
0.234429 -0.950443 -0.143772 0.667953 -0.000180 2.466739 10.834430 1
0.000000 0.130378 0.726635 -0.166681 3.845184 25.924560 -10.177515 0
0.189197 -0.156857 0.283463 0.059031 -13.321822 26.051734 5.618945 1
0.259575 0.678491 0.289403 -0.406851 4.147516 0.895413 15.518775 1
0.000000 -0.044513 0.595593 -0.385106 11.034084 42.370059 -36.342992 0
0.000000 -0.346439 0.021479 -0.947728 -11.453518 5.308884 -5.263483 0
0.000000 3.318841 0.658335 0.970379 78.138404 7.669819 26.850923 0
0.000000 -0.341266 0.028969 0.320362 -0.895311 12.001234 -12.352419 0
0.920339 -0.070346 1.373530 -1.180128 8.426732 0.543230 2.017820 1
0.000000 -0.150122 -0.068247 0.563014 -1.397377 -3.963439 -8.193543 0
0.084577 -0.424543 0.064174 0.619252 -0.001921 9.740250 15.575272 1
0.000000 -0.107020 0.500667 0.156790 0.346976 -8.624600 -19.192145 0
0.000000 1.916677 8.227757 2.221840 21.380485 76.885393 19.571837 0
0.760534 0.553963 2.920299 1.323020 7.020378 9.891116 13.907747 1
0.114553 1.012093 -0.124719 0.776877 12.159116 11.264128 2.523490 1
0.000000 1.650819 -2.488739 -0.505703 7.195727 -17.223999 -5.146208 0
0.762149 3.231512 4.838452 -2.425674 21.929808 30.617939 -8.213319 1
0.232792 -1.009443 3.613409 -1.873029 -23.888040 81.736957 -43.091249 1
0.000000 -0.286852 0.505724 -0.417751 -2.600493 -24.039139 9.918441 0
0.000000 -0.083309 0.652724 -0.380030 -14.811978 -25.384226 -13.148346 0
0.129032 -0.479879 -2.223251 5.390479 3.378842 -16.914435 33.890120 1
0.000000 -0.901820 0.546224 -0.087967 -17.286049 13.901197 -3.978584 0
0.205433 -1.211840 1.355957 0.828624 -10.026966 9.768120 -9.678868 1
0.160079 -0.110213 1.340653 -0.116457 13.803361 20.094012 -12.939596 1
0.136090 -0.512529 -0.335056 0.965077 13.787612 -7.975260 8.588156 1
0.119841 -0.211763 0.561554 1.253186 -9.119236 -4.172253 3.955994 1
0.201503 -0.922682 -1.037919 2.002105 0.696493 -7.155872 2.303014 1
0.000000 -1.058162 0.640373 -0.622266 -2.966233 14.669549 -2.843440 0
0.115016 1.364518 -1.359155 -2.108809 5.231536 -10.986234 -5.085841 1
0.000000 0.556020 -0.231272 0.620517 -8.094045 5.418202 -2.135258 0
0.131342 -0.037486 0.628399 -0.164865 17.495132 -26.312090 25.122545 1
0.174201 -0.049498 0.246544 2.009405 -2.033905 14.199057 7.972360 1
0.000000 -0.315582 0.236644 0.380107 -12.547582 4.883003 -9.618381 0
0.000000 -0.452011 0.481175 -0.260818 -8.058857 -15.371315 10.710453 0
0.000000 0.065819 0.398594 -0.417161 -13.125517 -6.848068 -11.385499 0
0.000000 -3.578308 8.402292 -4.919808 -57.179070 132.899279 -79.635172 0
0.240412 -1.805114 -0.043972 1.846242 -1.248826 0.027912 13.520825 1
0.226021 -0.781153 0.442359 0.981376 -16.028354 0.820256 -5.962034 1
0.107205 0.120399 0.273112 0.460253 3.115145 6.905069 -5.375360 1
0.000000 1.370264 1.919012 -2.408011 11.248331 16.207452 -23.721943 0
0.266126 -1.322808 0.548112 -0.901682 -3.367946 -5.595283 -3.245996 1
0.409423 -0.844248 1.252625 -0.592412 -5.824888 -6.985614 4.539142 1
0.089384 0.416538 -0.754492 0.085735 -3.967983 -2.043109 8.640799 1
0.000000 -0.524798 0.506187 -0.722501 4.054845 -7.763400 -7.804675 0
0.746267 -0.290686 1.398744 -0.609041 -3.281647 -10.211371 -1.622185 1
0.219386 0.530469 -1.601632 -0.864490 11.865821 -4.073954 -2.461231 1
0.000000 -0.937175 0.269579 -0.050444 1.372887 -0.606715 16.085107 0
0.000000 1.018020 0.462469 -0.196944 8.593005 0.937127 -3.988802 0
0.102731 0.448908 0.282773 -0.028284 -12.216607 19.627438 -9.389923 1
0.202560 0.530928 -0.780756 4.009345 10.249293 -3.090812 26.881784 1
0.000000 -0.073049 0.795280 -0.067426 -8.816131 16.342071 -0.901436 0
0.159646 -0.334967 0.019683 0.001758 16.235095 0.577619 15.768934 1
0.000000 -0.117823 0.426298 -0.340295 -25.520787 -4.296173 4.724181 0
0.000000 -0.172103 0.722364 -0.467665 16.715966 -1.303437 17.337792 0
0.000000 0.000640 0.694418 -0.765976 30.327647 0.296036 -3.357822 0
0.000000 -1.048537 -0.205221 0.542241 -12.489056 6.283463 12.276602 0
0.340464 0.106577 1.054595 -0.098783 -2.364009 -7.269128 16.828221 1
0.558675 0.030634 0.931749 -0.527556 -19.320134 1.592568 2.620051 1
0.269181 0.100667 0.594636 0.891011 -7.321270 7.970728 -7.817325 1
0.080832 -0.235669 0.823840 1.515223 -5.607998 -2.654388 4.396615 1
0.000000 -0.890929 0.515652 -0.051046 4.690958 12.313050 4.483455 0
0.000000 -1.812273 1.489786 -2.362886 -13.914983 7.513034 -15.438757 0
0.126733 -1.228457 -0.802294 -0.090905 -14.841600 3.125274 5.830197 1
0.147442 -0.604283 -3.730160 -0.365091 -0.903007 -21.615832 1.681085 1
0.234874 -0.449166 0.065107 1.114250 1.203873 -9.628330 9.938682 1
0.088322 -0.078692 0.535424 0.271058 18.311512 6.558340 3.955522 1
0.000000 0.121918 1.336390 0.617520 7.000613 16.673670 4.446274 0
0.134972 0.739519 0.785686 0.029938 -8.504039 -3.999476 -8.150438 1
0.000000 -0.053030 0.481443 -0.024610 -2.734237 18.499663 8.820297 0
0.000000 0.163177 0.536176 -0.240574 -14.407238 27.038202 -15.436139 0
0.263366 1.279668 1.045210 -0.634700 10.075945 8.995342 -9.072322 1
0.000000 0.048521 0.579253 -0.280511 130.713593 49.964332 -3.689625 0
0.000000 3.928845 1.238592 -7.052953 41.914357 12.688139 -75.663653 0
0.137245 -0.158401 0.646895 0.705482 -11.643990 12.452919 9.151348 1
0.175886 0.444681 0.486435 0.579775 1.898545 9.814606 -5.223949 1
0.000000 -0.067817 -0.413728 -0.296020 8.347154 10.611671 -9.312452 0
0.000000 0.155786 -0.717514 0.120351 5.898273 2.236013 8.030548 0
0.000000 -1.019301 1.296182 1.016117 -19.029683 17.496494 21.525359 0
0.202129 1.557010 -0.295340 2.257051 1.591337 2.395274 14.360120 1
0.000000 -0.708527 0.852006 0.285812 -14.603585 -7.930696 -0.715198 0
0.160192 1.471849 -0.260766 0.715181 7.632452 10.205826 0.564890 1
0.087931 -0.097181 0.766901 1.303554 8.030230 11.778122 6.775625 1
0.201166 -0.603296 -1.808086 1.138074 -1.730115 -12.072846 5.022642 1
0.000000 -0.745234 0.617376 -0.758705 6.860729 17.411503 -8.762910 0
0.000000 0.406128 0.393239 -0.101493 -2.782562 5.334927 -20.054972 0
