2.202755 -0.424633 0.613405 0.297652 13.953500 12.823235 -1.938175 5
0.583882 -0.302831 1.152930 -0.095579 14.653573 14.192963 10.169511 1
0.585149 0.078550 0.038456 0.510481 9.134420 -2.548073 -21.458600 1
0.085689 -0.332730 -0.592839 0.738400 -15.616058 7.570339 17.430589 1
132.159599 -0.047891 0.137557 0.065329 -1.392554 8.284149 -8.314712 77
0.457888 -0.808157 0.790116 0.865108 -11.454010 -7.218110 0.106190 1
0.179449 -0.647424 -1.337071 -0.705304 -4.052253 -5.882258 -5.800282 1
0.103175 0.891323 -0.955193 -0.669221 1.588639 -13.644456 3.057707 1
0.199182 2.399611 -0.585313 0.474288 15.373769 -9.391802 3.582815 1
0.109107 0.664734 -1.766565 0.584856 0.499131 -7.265578 7.342447 1
0.232498 0.182266 -0.577868 -0.027612 -11.541265 1.630073 -14.687075 1
0.683878 -0.215486 0.767978 -1.172849 -12.490624 -4.125664 -9.727229 1
0.000000 0.420403 1.082938 -0.339683 57.427461 121.975932 -50.670058 0
0.133767 1.217320 1.056576 -0.529076 18.788087 6.334996 4.794073 1
0.207935 -1.123207 0.687236 -1.261051 -6.103421 15.015854 -3.084852 1
0.000000 -0.041137 -0.073530 -0.056498 23.554994 19.277847 -4.358422 0
0.099031 -0.229326 -0.207924 0.212711 6.507752 22.719169 16.565521 1
0.000000 -0.375892 0.369332 0.358601 -20.888945 9.061245 -2.991909 0
0.166412 0.329901 0.691193 -0.783430 -0.195655 -7.540345 -14.692855 1
0.401973 -0.409009 -1.022530 -0.314312 6.419217 -17.824155 9.132231 1
1.245042 0.057429 0.355548 0.646603 -10.509277 5.386748 1.883773 2
0.135040 -0.307777 0.330249 -0.221222 18.153827 17.387782 -2.438154 1
0.230700 0.917956 0.306291 -1.032984 -0.379267 10.921198 -3.054654 1
0.296048 0.198698 -0.744380 0.102321 -4.954406 11.295238 10.882617 1
0.464442 0.461896 -0.412153 0.369484 6.470417 0.071921 -0.777256 2
0.218861 0.983777 -0.900367 -0.561011 12.789407 -2.666950 -2.017284 1
0.780326 0.787384 -0.356738 -0.887271 2.325257 -11.879915 -7.837821 1
0.110177 1.049459 1.337356 -0.144131 4.793619 8.674399 11.068163 1
0.308745 1.104261 -0.791487 -0.746028 12.783446 -21.031910 -8.351764 1
0.000000 0.105310 0.082509 0.009416 -16.508632 1.433798 16.826977 0
0.154448 0.310947 0.541023 -0.007492 11.501680 8.188951 8.734433 1
0.534356 -0.143965 1.275885 0.265569 -7.047708 -2.815558 10.835439 2
0.443222 -0.479278 -0.440230 0.560202 16.021810 -1.600198 -5.301114 2
0.121470 -0.216752 0.508288 0.973788 -17.056085 -2.619819 13.840389 1
0.388680 0.072532 0.037836 -0.649528 -0.404158 11.641864 8.597649 1
0.552874 0.423968 -1.607511 0.233249 -4.991016 -13.268019 12.238412 1
0.107074 -0.252435 0.825911 0.488351 -3.175064 5.009403 5.674159 1
0.218546 1.149474 1.552696 0.284921 1.668276 9.556361 -1.163657 1
0.220750 -0.428112 -0.041625 -0.321355 -12.378827 -17.616848 10.511335 2
4.711446 -0.577634 -0.617126 0.367823 -11.124133 -0.035785 -3.450970 2
0.123628 0.123803 -0.502501 -1.071730 -4.807069 6.830698 -0.911151 1
0.103987 0.668662 -0.628394 1.970905 16.205365 4.332864 19.727635 1
0.000000 -0.196416 -0.065900 0.351664 -6.095697 0.481537 -18.235838 0
3.952128 -0.392151 1.735515 0.131664 0.443049 4.330169 8.660871 1
0.000000 0.010205 -0.174587 1.225376 1.782869 -7.680377 26.489390 0
12.485588 -0.125667 0.544865 -0.207338 6.629685 -15.312337 4.958195 7
0.105198 -0.168939 -0.398935 -1.381852 -14.311972 -1.836365 -7.084376 1
0.000000 -0.070671 0.008561 0.059995 -16.687939 -55.471708 -12.990437 0
0.167817 0.005115 -0.902850 -0.304115 -11.743694 -5.523975 12.368016 1
0.138488 -0.582052 -1.948162 -0.486957 -0.018736 -16.423086 5.859081 1
0.701272 1.039932 0.595054 -1.130209 27.589020 7.462278 -3.342988 1
0.367183 0.018690 0.268605 1.322366 1.366142 -10.365159 8.141992 1
0.116639 0.404975 -0.514802 -0.174293 -6.418493 0.269815 -1.688347 1
0.156405 -0.707026 0.777027 -0.648860 -8.737134 13.632980 -9.038190 1
0.000000 0.064822 0.114937 0.353220 -18.786778 22.415336 3.793317 0
0.151293 0.201052 -0.233645 -0.177032 -2.692603 3.543323 -7.294803 1
3.262700 -0.276067 0.308541 0.521837 2.096858 2.708014 19.537771 3
0.000000 -0.187781 0.469811 0.044809 8.296273 -10.846514 -5.978027 0
0.298886 -0.306937 0.223257 0.448775 -1.436961 2.019939 28.336918 1
0.512636 -0.221799 0.623321 0.089428 -4.496863 -7.033948 18.762108 1
0.121466 0.899194 -1.531087 -2.047254 13.143326 -13.036457 -13.182147 1
2.237435 -0.520331 -0.375237 -0.394985 10.309673 -1.155184 -6.175985 4
0.283593 -0.721446 -0.276805 -0.486205 -2.462030 1.976280 12.800324 1
0.114183 -0.449998 1.031585 -0.147593 -16.131106 12.005153 1.901754 1
0.387857 -0.145441 -0.329962 0.453149 -9.298174 -9.319897 -15.971707 1
0.102340 -0.271618 -0.313885 1.240083 -7.139352 -14.277845 9.540524 1
1.423034 0.708579 1.351013 0.012962 12.342625 -0.949771 -3.335141 1
0.118440 0.219150 -0.232098 1.056192 5.757721 -7.907380 -5.475193 1
0.000000 0.094915 0.197594 0.971593 13.448605 7.596960 34.857166 0
0.115648 0.031902 -0.232604 0.939451 -1.571302 7.221338 13.735123 1
0.335498 0.187526 -0.982064 0.544408 11.231799 -10.379676 -10.525357 1
0.109210 -0.157670 0.382302 -0.795575 -9.485096 -7.056321 0.710790 1
0.000000 0.068893 0.320514 0.288125 -21.504981 -6.225809 -4.596832 0
0.438696 -0.609505 -0.439765 -0.034026 0.606502 -12.999297 -15.085270 1
0.102783 0.209205 -0.280712 0.254122 -10.232249 -14.471349 16.151317 1
0.317653 0.836749 1.266164 -1.438937 -2.113098 20.398911 -10.488560 1
1.366624 -0.570973 0.616681 0.059163 -14.943325 9.579337 11.459709 2
0.135796 1.910659 -0.112500 0.295079 14.938143 -13.066551 3.943158 1
0.139152 -0.256846 0.650605 0.144122 -5.087734 -1.166484 0.566125 1
0.081844 0.245406 -0.257151 0.480272 -11.070998 7.638421 -10.505665 1
0.210768 0.041060 -0.005568 -0.852579 -10.038947 -4.215437 9.141986 1
0.087151 -0.111545 0.006641 1.789944 10.783805 -4.847222 20.996317 1
0.247564 -0.155139 -0.869488 0.185785 -13.002710 -15.018590 -12.001249 1
0.118055 0.421448 -0.830898 -1.146728 -7.055918 3.720236 -12.182116 1
0.000000 1.227347 -0.963769 -1.766608 18.670495 -14.271815 -21.285719 0
0.137951 -0.556798 0.077488 -0.229110 3.128484 14.257733 -17.507716 1
19.941669 -0.471511 0.455835 0.345634 -8.838587 -12.115110 -0.448248 11
0.000000 -0.316037 0.407185 0.124742 20.566052 3.759995 -5.185217 0
0.180968 0.120312 0.744934 -0.330105 -6.630304 -6.758221 13.452745 1
1.209883 0.305372 -0.038219 -0.348215 0.492795 16.484290 11.777079 2
0.086350 -0.206851 0.519176 0.453907 1.676654 10.263863 -6.419675 1
0.000000 -0.020097 -0.189422 0.013351 -18.646333 21.825914 7.071743 0
0.556778 0.149767 -0.070712 -0.494117 0.430188 -10.867519 17.229852 1
0.139284 0.224519 0.173174 -0.300767 -12.559095 6.828884 19.002644 1
0.478468 0.220139 0.259890 -0.528057 -12.803847 -3.637193 1.907872 1
0.000000 -0.794435 0.151499 0.078977 0.105317 17.727505 -2.407067 0
0.000000 0.373653 -0.002094 -0.477712 13.048808 -4.906534 -4.475635 0
0.252788 0.707545 0.213574 -0.324407 -1.005657 5.254440 16.547185 1
1.145613 0.096458 -0.815104 0.570145 -12.750853 -15.382438 3.675476 1
0.388183 -0.107578 0.723620 1.085297 5.023859 15.074669 9.367570 1
0.094407 -0.097515 -0.209232 -0.003678 -10.770927 25.488200 10.860501 1
0.126740 -0.201420 1.019147 0.158841 -3.911342 -3.078807 4.982458 1
0.000000 -0.139659 0.118964 -0.334905 -4.101928 13.106169 -16.230843 0
0.198042 -0.554721 1.810397 -0.114568 -16.509645 14.043083 3.788212 1
1.914424 -0.116621 -0.441118 0.380695 14.191540 2.340168 -10.773212 4
2.875375 -0.295318 -0.488089 0.823294 -92.505821 -220.326280 269.653037 3
0.376011 -0.668896 -0.228109 -0.128280 -20.222131 8.393505 -1.499754 1
0.000000 0.015292 -0.142374 0.172766 -13.532895 10.857607 -27.335639 0
3.726773 -0.229520 0.072306 0.379859 11.335087 24.664560 7.199025 3
0.373816 -0.035902 -0.388440 0.987706 0.209099 11.799469 -5.113536 1
0.401930 -0.254631 0.767130 -0.980984 -3.482758 0.624602 -3.456939 1
0.263064 0.498607 0.276110 0.285478 4.087294 -5.114986 12.612141 1
0.459762 -1.120771 -0.322733 0.342569 -9.183970 12.035433 16.279840 1
0.000000 0.053573 0.266690 0.335789 -28.908211 -4.352431 5.168226 0
0.000000 0.405391 -1.833971 4.701360 -0.069296 -35.088523 71.927611 0
0.000000 0.082628 -0.151112 0.178635 -22.166387 -11.718279 5.620477 0
0.396253 -0.815461 -0.521964 0.004527 -5.160757 11.680416 -0.887905 1
0.246288 0.164841 0.399910 -0.293379 -6.279752 13.150208 1.858799 1
0.000000 0.094875 0.066601 0.277955 6.363014 9.128713 -3.288518 0
0.278430 -0.092162 0.765784 0.218264 -14.593247 -1.191049 9.626657 1
0.151503 -0.099630 -0.703536 -0.881841 -7.849753 0.694826 -15.906374 1
0.100432 0.651916 -0.046423 -0.340530 6.940912 16.263581 5.342306 1
0.082624 -0.468307 -0.731771 0.447691 -15.299293 12.063530 -5.232534 1
0.114711 1.086832 -0.156806 -1.342713 5.087063 -13.223307 -5.944364 1
0.192666 0.221533 -0.186524 -0.855184 -16.968573 3.068776 -13.399332 1
0.287114 0.570157 -0.993473 0.727248 8.412802 -12.498882 -9.361438 1
0.585359 0.483260 0.538442 0.599548 -7.026694 -8.843802 13.438530 1
0.000000 -0.009532 -0.275603 0.066316 12.927271 0.114275 6.786045 0
0.431641 0.803234 -0.847311 -0.432748 2.973138 7.980386 -7.741495 1
0.000000 -0.557343 0.376089 0.008524 -3.326150 -10.793694 3.185209 0
0.323241 0.608412 -0.265738 0.191263 -6.565635 -4.532917 -13.798864 1
0.000000 -0.942943 1.137231 -0.812593 -49.957196 53.796945 -49.804482 0
0.112116 -0.115991 0.753371 0.087710 -0.972875 10.145356 -19.736145 1
0.116547 -0.041003 0.887012 -0.318674 4.752807 1.281426 9.366544 1
0.952396 0.272393 -0.300787 -0.049117 -22.060913 -9.282631 -3.173464 1
0.374161 -0.522429 -0.169728 -0.253261 10.179015 -18.245107 0.647496 1
0.000000 0.162339 0.040201 0.262227 -25.545170 7.700972 8.059674 0
0.192961 0.248628 0.824524 -1.026366 -6.877959 -4.553508 -14.153904 1
0.000000 -0.209105 0.449626 0.479822 -1.529919 1.767288 20.375585 0
0.181019 0.144717 0.382163 0.393788 -26.495159 -9.018315 10.390457 1
0.393969 1.098603 1.372806 -0.129730 12.697131 24.776197 10.200271 1
0.000000 -0.551326 -1.624237 0.879374 -57.414540 -193.259948 90.067874 0
0.506972 0.436991 -0.017217 -0.456113 -10.348238 -15.612730 -11.362411 1
0.168852 0.560224 -0.833460 -0.001317 0.374996 1.894288 15.865180 1
1.206514 -0.382653 0.168971 0.160022 20.868240 -11.459315 0.962489 2
0.836938 1.111908 -0.739612 -0.070362 1.168771 0.973677 -9.165404 1
0.000000 0.097942 -0.083501 0.169146 -24.089061 -16.138491 6.640876 0
3.260868 1.076693 0.443933 0.191659 14.026554 4.499306 7.210254 2
0.151360 0.743272 -0.523595 1.520861 -7.387767 -9.140800 12.103996 1
0.000000 -0.045327 0.386587 0.086851 9.668403 -17.111155 -0.681968 0
0.108928 0.968208 0.411685 0.847587 8.813401 -13.266968 7.963445 1
0.090465 -0.551780 -0.220338 0.627331 16.490194 1.655579 -5.814718 1
0.531060 0.245835 0.825934 1.819149 -8.720911 12.770341 11.509567 1
0.272013 -0.306519 0.697618 0.860490 -19.785771 -1.375553 4.506599 1
0.127889 0.514857 -0.005924 -0.001432 -11.796880 -1.182411 -8.173386 1
2.005068 -0.173411 -0.191499 -0.233815 6.157460 4.575758 3.643192 3
0.111702 -0.457297 -0.032365 -0.543340 -15.321903 7.759419 13.284710 1
0.838080 0.612720 -0.280742 0.449911 2.389818 -1.045311 4.546991 3
0.826574 -0.005806 -0.159441 -0.150366 -24.185486 -10.573369 10.933116 2
0.121123 -0.217650 -0.362532 -0.638750 -11.902039 10.367970 -17.095382 1
0.604561 -0.788857 0.889078 -0.100263 -3.023615 5.971582 16.778803 1
0.672200 0.757105 0.104732 0.741322 -1.949379 9.317741 18.283103 1
0.485099 0.460738 1.734403 0.371407 1.565841 9.553973 9.817161 1
0.088968 -1.766739 0.172173 -0.093487 -6.718702 9.749492 -0.566560 1
0.372330 -0.200607 0.392562 -0.090239 -16.767681 -16.274185 -10.285898 1
0.427499 -0.170536 -0.406424 1.513414 12.175639 -10.566998 8.564188 1
0.148166 0.575657 -0.752784 -0.550949 -5.056542 -13.337910 -3.462535 1
0.205405 -0.205066 -0.893205 -0.769350 0.510539 -9.308624 -0.390752 1
0.273438 0.344829 -0.390886 0.183832 14.847708 15.686178 -2.433433 1
0.257004 0.682911 -0.078279 -1.299688 5.829959 15.164426 -15.289782 1
0.083821 -0.314048 0.415386 0.805959 -2.827696 -2.906755 10.954547 1
1.703642 -0.347231 -0.326730 1.150010 0.853653 -2.851222 0.919104 2
0.093338 0.008371 -1.213475 1.006387 3.990587 1.232389 3.337424 1
0.097693 0.211483 -0.210479 0.444141 18.671904 -17.805237 20.617557 1
2.014033 -0.194170 -0.135234 0.318925 14.562954 17.411813 16.019746 2
0.000000 0.097125 0.086339 -0.079009 -19.246607 7.904078 5.956432 0
0.387177 -0.675913 -0.027669 0.179441 9.617932 -5.517551 -8.653060 1
7.713395 -0.559535 -0.160121 0.465477 -2.387600 20.483407 -4.499048 6
0.081891 0.094399 -0.054217 -0.969890 -14.430888 -1.739063 -2.979082 1
0.111530 -0.501954 0.282989 1.090262 -3.244823 -2.009591 22.356412 1
0.000000 0.210866 0.197560 -0.061935 15.819207 6.814605 10.021996 0
0.665949 0.935624 0.193548 0.263035 -9.190888 -2.764794 -1.323577 2
1.328004 0.127616 0.313309 -0.384588 7.018204 9.317227 14.457517 2
0.000000 -0.322360 0.067713 0.202625 4.704549 -11.343518 -5.629091 0
0.286414 0.296004 -0.307507 0.647353 -4.757236 4.542869 -10.737568 1
0.108220 0.282080 0.243831 0.234031 3.486946 -26.567509 -7.910127 1
0.106446 0.592935 -0.335741 0.087386 17.266599 6.365704 -5.256908 1
1.618982 -0.091031 1.912014 0.065999 -12.720562 17.359438 -7.966076 1
0.126190 -0.338547 -0.140629 -0.420210 4.779849 -6.881996 -9.701441 1
0.000000 0.127904 0.043251 -0.673341 41.105097 -7.782031 -157.076569 0
0.355266 0.260456 0.069297 -0.301039 -11.081275 0.091095 17.046320 1
0.365762 -1.373054 -3.224362 0.057044 -19.598417 -32.959738 -4.798895 1
0.000000 0.570707 0.409149 0.463675 -9.626839 0.685454 3.988522 0
0.100431 -0.099281 -0.859446 0.873762 17.216269 -0.483749 3.594853 1
0.000000 -0.419868 0.041190 0.221921 -18.395668 12.973438 -9.388592 0
0.132254 -0.549956 0.054674 0.453914 -3.149333 -13.723546 12.970623 1
0.500139 -0.564432 -0.335567 -1.095264 -16.408489 10.751478 -8.329418 1
0.175237 0.161783 0.898980 -0.442645 -12.746994 13.639630 -10.287771 1
0.123696 0.024506 0.620434 0.126019 -7.845038 -7.935171 12.605519 1
0.195281 -0.408109 -0.723394 -0.537546 -5.035125 1.495142 -17.914065 1
0.599939 -0.948316 -0.503687 0.565535 -26.643399 1.924355 -7.121367 1
0.000000 -0.091593 -0.041025 0.230998 -18.396493 18.309408 9.015731 0
0.200778 0.990462 0.611020 0.144708 4.728005 -11.201184 -0.719069 1
0.177472 0.048815 -1.164370 -0.297728 -2.846133 -2.786672 -17.761629 1
0.127855 0.475361 -0.832244 0.545611 5.087695 -10.616773 -5.497372 1
0.220526 -0.670074 -0.154359 1.209795 -27.980999 -6.325429 46.284808 1
0.000000 -0.025346 0.046026 0.087622 -37.855845 29.794750 -0.416907 0
0.000000 0.044541 -0.206016 0.078069 -19.483359 21.887130 5.696497 0
0.169117 -0.154731 -0.945678 -1.039351 4.619717 -1.629035 2.021159 1
0.114784 -0.474664 -0.340579 0.256266 2.813511 -17.262065 -8.478544 1
0.000000 -0.014030 0.313254 0.064425 4.908332 0.648115 -25.352078 0
0.579415 -0.971236 -0.208372 -0.118488 -2.224390 0.909628 17.902040 1
0.624848 0.775577 1.297186 0.156081 13.779066 18.517923 6.743633 1
0.000000 -0.648940 0.609788 0.513340 -2.378509 -8.956426 12.340912 0
0.000000 -0.457641 0.044565 0.192722 0.062437 10.825515 -7.242401 0
0.310489 -0.179513 -0.444903 0.419126 4.963634 1.176301 26.818182 1
0.000000 0.073625 0.176492 0.091663 -5.810230 -1.965793 -37.109246 0
0.279294 -0.396039 0.345894 0.711746 -1.583972 -3.840095 -12.836707 1
0.089763 0.113632 -0.195432 -0.301920 -5.153732 1.683391 -22.963994 1
0.000000 -0.454119 0.550711 0.324239 -12.124146 15.022971 18.044340 0
0.000000 0.768881 -0.386795 0.188021 11.812614 -0.924651 -2.778418 0
2.041330 -0.319399 0.686619 0.445185 -1.984088 9.471004 1.242767 3
0.087567 0.077014 1.121961 -0.170792 11.676525 10.012955 -0.567101 1
0.000000 0.257815 0.219152 0.208152 7.601950 -8.075013 2.129577 0
0.122081 0.620039 -0.050133 -0.184268 -11.245610 -9.418787 -13.505305 1
0.088452 0.143923 -0.763466 0.339525 -0.329402 6.344565 9.987369 1
0.470758 -0.834954 -1.822017 0.145078 -4.576564 -10.308248 7.318726 1
0.000000 -0.068591 0.050634 -0.048953 19.993593 7.499425 -26.603082 0
0.163499 0.855648 -1.662264 -1.198515 15.258337 -19.003759 0.270948 1
0.080867 0.825537 0.851461 -1.858874 22.291290 17.359098 -13.796649 1
0.000000 -0.268932 0.126650 0.384292 -30.642608 -9.481604 6.929124 0
0.155926 -0.922732 0.831607 0.626694 -14.017950 -1.264483 6.347576 1
0.238387 0.283090 0.660417 -0.023819 -7.729004 0.125390 -17.583435 1
0.000000 -0.047461 0.114774 0.061540 -72.124111 17.474630 -10.422104 0
0.169911 -0.360875 0.543298 -0.534010 13.796043 -8.374950 -5.527374 1
0.113329 0.772506 0.648129 -0.178479 9.166895 8.034911 16.447525 1
0.309991 1.199199 -0.879985 -0.506829 9.095885 -19.389812 -13.383416 2
0.594225 -0.429208 -0.195283 -0.682617 9.319996 4.668445 8.900776 1
0.085164 -0.304623 0.112188 -0.251233 -24.451521 -3.545566 6.689419 1
0.000000 -0.038080 -0.053448 -0.238740 -7.725411 24.727674 7.859152 0
0.309102 -0.013800 -0.603225 -0.135337 3.706786 12.335394 -13.709583 2
0.234649 -0.186432 -0.594409 0.466753 19.526881 -8.467021 3.332060 1
0.487672 0.115198 0.213798 0.435301 15.410877 -6.215833 24.152643 1
0.223182 0.251202 -0.141934 0.097341 -19.834651 -15.560795 -3.824418 1
2.476904 -0.635025 -0.839078 -0.080357 -0.649089 4.116258 -16.070818 1
0.000000 -0.091852 0.213514 0.217797 -21.923597 -6.694590 -10.043444 0
0.230397 0.472474 -0.071045 0.435125 -9.574154 -5.686096 -1.925977 1
0.689100 1.625409 1.306997 -1.556094 22.194286 7.921212 -10.441487 1
0.815528 -1.816140 0.623587 -0.209850 -26.448171 -1.668793 4.325875 1
0.161492 -0.256463 0.546356 0.207802 10.818867 10.269718 -5.654814 1
0.542296 2.009046 -0.434256 -0.524103 11.636299 -8.095211 -0.703128 1
0.146522 0.215905 0.339315 0.541500 -19.091283 -12.596759 5.122161 1
0.256037 -1.140637 0.163092 -0.539945 -4.708476 -12.112067 -6.844386 1
1.156996 -0.685737 -0.438982 1.137804 0.748255 11.346759 4.283971 2
0.000000 -0.028455 0.344980 0.265402 4.610872 9.463145 -20.485705 0
0.000000 -0.520157 0.474573 0.026953 -20.884448 14.572035 0.402502 0
0.178446 -0.835319 0.737205 0.360834 2.309328 11.704713 5.388317 1
0.083374 0.348762 -0.272300 -0.978693 3.027508 -1.284054 8.138490 1
0.376685 -0.305799 -0.324099 1.307951 2.766644 3.428054 0.475531 1
0.585808 0.063365 -1.133589 0.232871 -12.656958 -7.166845 8.643034 1
0.102075 -0.023887 0.459325 0.406023 13.092067 22.606460 -3.362795 1
0.086694 0.792067 1.005469 -0.283629 18.983040 11.734388 5.665212 1
0.000000 0.168979 0.122833 0.208281 -3.587235 -7.207337 -16.153356 0
0.442796 0.055438 -0.036037 -0.500324 -20.954372 3.337363 -6.594455 1
0.103990 -0.630614 0.232962 -0.482355 -0.590769 -4.459799 -3.098163 1
1.134901 0.239907 0.234035 0.196154 -25.437575 -15.814216 -1.884248 2
1.044939 0.603584 0.028176 -0.329655 7.874317 6.148360 -3.972532 1
0.000000 -0.075683 0.245421 -0.656765 6.473897 2.297301 -15.167228 0
0.472835 -0.276025 0.069201 1.301792 -17.549196 1.210971 11.411829 1
0.672168 -1.373462 0.932160 -0.071940 -21.109175 4.038757 13.311985 1
0.208490 -1.460681 -0.729994 -0.204790 -8.481574 -14.356744 -2.509885 1
0.292610 -0.862910 1.390701 0.095132 -6.254501 15.538438 13.431369 1
0.000000 0.053707 0.222405 0.375462 3.270202 12.883108 -9.346665 0
0.904939 0.081664 -0.371624 0.549940 8.231939 11.211427 -2.369759 2
0.000000 -0.266098 0.317245 -0.005901 -12.998732 -20.771133 0.093993 0
1.410354 -0.392448 0.037201 0.339049 -22.965892 -13.519431 14.798316 2
0.247245 -0.822609 -0.541980 0.883811 -24.366250 -1.967426 12.706166 1
2.937998 -1.969790 -0.400162 -0.116898 -15.623118 -8.977848 9.717994 1
0.000000 0.147813 -0.316921 0.098866 -12.498305 -11.340907 -8.331401 0
0.000000 -0.133353 -0.392364 0.338417 -11.808176 6.348627 -4.497467 0
0.186332 0.758514 -0.370904 -1.062492 10.898408 1.398072 -5.441521 1
2.552609 -0.593067 0.395729 -0.114463 0.531767 21.740679 4.752023 4
0.087521 0.367697 0.874188 0.699229 -5.471655 -4.273956 -3.787071 1
0.000000 0.209139 -0.153018 -0.052619 -13.917023 -16.813118 -6.194325 0
1.609664 0.470724 0.311482 0.328024 17.002217 12.139498 -5.291294 2
2.506229 0.577107 1.203637 -0.459064 -9.991226 9.964715 1.954738 1
0.109658 0.505577 0.243279 -0.076293 -1.336782 0.017513 -19.050951 1
0.000000 -0.196635 0.207487 0.149044 -0.214567 38.762497 -7.276101 0
0.000000 0.361559 0.116455 0.150775 -3.229510 7.427251 -11.406817 0
0.184780 1.387627 1.823044 0.132103 7.044197 12.082831 -2.292914 1
0.113864 -0.200614 -0.211439 -0.299061 1.190482 20.861280 -7.164699 1
0.500571 1.222609 -0.860272 -1.000400 23.276760 2.503863 -11.013588 1
0.000000 0.542019 0.100558 0.112238 2.457415 11.736560 -7.415966 0
0.121279 0.502134 0.029010 0.481509 4.838509 -0.296972 -19.062650 1
0.000000 0.139288 0.033330 -0.014612 -17.828459 7.447355 -0.819351 0
0.420529 0.083679 -0.400737 0.076690 8.844594 8.542544 -13.908285 1
0.000000 0.233626 -0.128365 0.204005 -3.666348 12.379813 15.659673 0
0.000000 -0.083292 0.207157 0.002419 -12.118438 -29.689683 0.957861 0
0.092539 1.251784 -0.088585 -0.814352 3.827204 -7.411336 3.252201 1
0.000000 -1.613730 -2.344591 0.546588 -19.901635 -28.352946 -4.043673 0
0.435794 0.278718 0.085049 0.090658 -22.479461 12.336700 13.070974 1
0.638978 -0.149771 -0.105166 -0.554229 -9.127915 -13.468329 9.632649 2
0.366428 -0.707216 0.494499 -0.399474 -16.647977 -0.798676 14.845406 1
0.000000 0.038053 0.055411 0.100645 19.857714 31.360929 -1.016428 0
1.082012 -0.003024 -0.211847 -0.131242 9.369717 6.812662 23.291043 2
0.000000 -0.853233 0.297422 0.269669 -15.072951 6.465010 4.822524 0
0.292083 0.152785 1.658942 -0.170371 4.384875 7.808054 12.278597 1
0.107699 -0.247377 1.273980 1.134278 -11.702410 5.940659 17.535178 1
0.744916 -0.492788 1.277176 0.447026 0.750349 24.212256 2.973036 1
0.131940 -0.589651 1.508538 0.287291 -16.045169 14.132810 4.328531 1
0.104491 -0.596542 -0.484727 1.028012 -17.213453 -0.442318 19.099597 1
0.000000 -0.056944 -0.014145 0.143819 26.421097 0.098181 -12.153357 0
0.652582 -0.356430 -0.297928 0.176395 -16.532944 4.522457 -17.666290 3
0.144224 0.743260 1.912320 -0.791232 -0.407489 19.077109 2.753966 1
0.221063 0.174729 0.444148 -0.446332 -20.373787 -0.443791 -8.772112 1
0.000000 -0.163647 -0.120694 -0.607749 -10.592493 -13.226840 8.853105 0
2.985742 0.874774 -0.763087 0.338757 16.460813 7.902913 -5.244531 1
0.000000 -0.266739 -0.172454 -0.066394 13.200566 11.140970 -20.730787 0
0.000000 -0.415137 -0.245306 0.093069 -21.542360 5.726120 -17.806778 0
0.374741 0.449445 0.371550 0.366886 16.201355 0.988278 -9.924162 2
0.000000 -0.047117 0.328693 0.411810 2.942878 3.313616 15.133522 0
0.254317 -1.009164 0.509963 -1.132118 -7.715752 -6.563292 -3.318198 1
0.555913 -0.081231 -0.501579 0.022389 12.849593 12.856780 -2.542943 1
0.416651 -1.713500 0.114948 0.051427 -17.128284 -6.284218 -6.999305 1
0.151008 -0.265915 1.374994 1.409998 1.033840 7.062792 6.007082 1
0.000000 0.073106 0.229662 -0.276457 11.777171 -1.088336 -8.110067 0
0.141965 1.218688 0.459678 1.879593 6.796313 -0.343351 25.375134 1
0.120024 0.052824 -0.102705 0.373851 -18.529829 13.257238 13.835567 1
0.182852 0.536674 -0.778020 0.186425 19.541591 -5.218857 -1.585740 1
0.189724 -0.227145 0.438181 -0.444744 -16.811621 17.398343 -12.810481 1
0.150160 0.154764 -0.633010 0.914393 -7.533047 -13.976096 16.351393 1
1.373741 -2.467599 -0.629992 1.137107 -22.701180 1.633986 9.995769 1
0.000000 0.163471 0.284740 -0.034076 -5.347495 -9.506852 7.434237 0
0.170281 -0.755683 -0.148663 0.158507 0.630672 16.606940 15.812360 1
1.505698 -0.745773 0.639372 -0.011282 6.782432 -3.463651 4.609293 1
0.360047 -0.836137 0.295758 -0.210309 -11.042012 -4.711636 -10.126195 1
0.588861 -0.091451 -0.618179 -0.253214 -16.917222 5.303787 7.230492 1
0.381565 -0.335721 -0.502390 0.168711 -18.132362 5.670202 12.617082 1
0.000000 -0.063941 0.091574 0.047703 34.207173 -22.252408 43.218967 0
1.652096 0.311741 -0.124262 -0.019366 -0.892913 17.615593 1.194864 1
0.215498 1.646587 -1.624071 0.685848 18.754149 -7.986980 1.783802 1
0.000000 -0.325164 0.281730 0.520644 1.851142 -2.823540 2.814437 0
0.000000 -0.296381 0.398285 -0.248021 -18.263990 13.112793 6.314029 0
0.000000 -0.158942 0.084515 0.294484 -12.304369 0.656524 -19.801618 0
0.408569 -0.554312 -0.158669 0.468999 32.208060 -17.308871 -2.022474 1
0.000000 -0.102269 0.066725 0.069957 31.506333 -2.045342 -7.722877 0
0.205030 1.367612 -0.494551 0.098442 12.211468 -11.083219 -4.724349 1
0.104504 0.708114 0.107066 -0.619714 -5.195845 5.836990 -5.391318 1
1.704172 0.526930 -0.850128 -1.184861 -1.399984 1.982503 -9.871706 1
0.208973 0.548667 1.037729 -0.901618 4.138276 -0.891930 -3.878825 1
4.631110 -1.053892 1.235392 0.533082 -6.160856 2.777897 14.648383 1
0.000000 -0.202377 -0.218871 -0.060687 -0.079746 -15.483975 11.000999 0
0.169606 0.442966 0.443955 0.775179 8.501032 15.017581 -3.902970 1
0.567692 -0.846638 0.115814 -0.564832 -16.879628 -13.668814 -2.275071 1
0.214292 0.067125 -0.098732 0.966961 -11.467432 7.939260 20.394023 1
0.450345 -0.267521 -0.236710 -0.486426 -5.570976 14.105157 11.755677 1
0.000000 -0.242373 0.288097 -0.046281 -6.668437 -4.375109 22.958345 0
0.000000 -0.490131 0.588067 -0.157790 -14.240711 8.163469 -0.670864 0
0.123163 0.829907 -0.518233 -1.680943 4.015955 -9.738603 -11.101752 1
0.000000 -0.454889 0.147735 0.113724 -3.559074 -56.249341 -34.415480 0
0.387333 0.150593 0.899916 -0.012509 -11.582060 8.581005 13.439841 1
0.000000 -0.069782 0.317351 0.575408 -11.790543 3.526716 -1.455554 0
0.000000 0.090496 -0.138753 -0.280997 10.538833 -14.508323 3.005301 0
1.575080 -0.330822 1.009417 0.227261 1.886094 7.830746 19.849925 1
0.000000 0.072272 0.351163 0.311902 6.830035 -4.865232 15.269518 0
0.000000 -0.584770 0.723442 0.190957 4.074566 22.634509 -7.579557 0
0.250734 0.585546 0.044820 -0.096838 -10.844109 2.288455 -0.545565 1
0.184902 -0.213361 -0.549042 0.006078 -9.882504 18.823594 3.812992 1
0.348863 -1.073698 0.565596 0.311386 2.001414 18.198952 -6.302763 1
0.127948 0.665132 -0.265511 0.783482 -2.680945 -10.863160 12.021753 1
0.127545 1.042023 -0.068241 1.491057 3.059008 10.770642 19.937871 1
0.089378 0.562335 0.976652 0.574700 9.464775 -2.498498 1.851838 1
0.220514 -0.328163 0.499332 0.585761 19.681956 3.278882 -2.220229 1
0.195396 0.792254 -0.241312 0.266335 -5.540182 -12.679825 -10.022613 1
0.000000 -1.700016 -0.207805 0.589898 -40.754100 4.354558 2.572901 0
0.000000 -0.225035 0.276767 0.102026 -0.248189 -8.367130 -22.722358 0
0.000000 -0.200741 0.295953 0.102205 -25.101280 -8.477291 13.353684 0
1.098164 -0.103847 -0.253249 0.243368 -11.504642 18.496597 -5.366119 1
0.642375 -0.192306 0.484264 -0.078135 15.721706 7.656323 17.925222 2
1.288776 -0.726100 0.038201 0.108902 -15.712322 -5.393876 -5.346538 1
0.193816 0.120645 0.228016 0.503057 9.121089 15.913952 -15.314542 1
0.378483 0.631430 0.905684 -0.107714 -12.338275 7.130765 5.322075 1
0.130333 -0.829431 0.378526 0.168728 7.847166 19.899546 1.510542 1
0.000000 -0.734969 -0.011222 -0.409159 -28.189118 -0.338610 -14.186296 0
0.000000 -0.007788 0.092544 -0.199823 -20.293402 9.436835 -2.479486 0
0.000000 -0.849064 4.469277 0.870272 -7.021538 61.776904 16.640307 0
0.551803 -1.195604 -0.209096 -0.044939 -1.150850 -5.310828 7.297028 1
0.000000 0.018618 0.452403 0.168325 13.895692 -2.243987 -5.504456 0
0.367063 -0.646190 0.475017 -0.324215 -16.341482 -10.618902 -3.583214 1
0.000000 -0.242022 0.192515 0.307503 8.622672 -2.136989 -4.811549 0
0.979329 -0.324913 -0.058866 0.749860 13.755852 -2.871313 1.735157 1
0.000000 0.326753 -0.021767 0.070286 8.471794 24.088881 -3.328188 0
0.202812 0.555918 0.419036 -1.194659 17.471105 5.219237 0.762984 1
0.000000 0.137712 0.496472 0.177839 9.692387 13.442439 12.388934 0
0.206856 0.191595 -1.829842 -0.961410 -8.048831 -23.930274 -11.985801 1
0.534870 -0.621344 -0.172281 0.336971 -0.739118 9.832376 -13.385121 1
0.000000 -0.522070 0.363971 0.635691 -1.775544 -13.735027 7.034383 0
0.094435 0.038155 -0.245520 0.999931 -6.399669 11.975908 5.080697 1
0.000000 0.077690 0.023292 -0.052254 -17.902140 20.137733 -11.124376 0
0.443043 0.232781 0.173113 -0.578296 11.312814 8.783789 1.109005 1
0.087582 0.167427 -0.390681 -0.539600 -13.047637 4.396599 -5.066217 1
1.378238 -0.913533 0.299448 -0.099402 2.682844 -4.471154 3.981063 2
0.000000 0.078036 -0.016006 -0.241849 -13.229007 15.919124 -14.560475 0
0.093662 -0.551714 0.837010 0.759495 1.895406 -3.448681 13.608680 1
1.055006 -0.662432 0.597186 -0.707200 -10.006230 1.872046 5.189395 1
0.290595 0.586994 -0.481080 0.356770 0.077409 8.620744 19.823481 1
0.226020 0.161779 -1.426683 2.498661 11.369118 -13.568736 23.350783 1
0.000000 0.240316 -0.033941 0.263400 12.869581 -16.751392 5.021463 0
0.504080 0.424671 -0.160219 -0.175630 2.601136 -3.914202 17.976073 1
0.133644 -0.168785 0.182734 -1.613894 -10.808042 -12.095910 -20.398736 1
0.000000 -0.010317 0.179293 0.478623 -13.450453 -8.227983 -3.602660 0
0.102733 0.252310 0.428010 0.141072 13.871623 0.215473 19.405904 1
0.406103 0.071135 0.108152 0.458580 -0.249761 -9.247411 -21.593877 1
0.170184 -0.705387 -0.970374 -0.743808 -1.685274 4.126838 -12.869776 1
0.080956 0.885317 0.917739 -0.131515 5.066426 19.166928 -8.039717 1
0.171393 -0.491814 1.116271 0.636419 -6.683668 10.088709 -5.078198 1
0.000000 -0.271112 0.204517 0.167212 9.235440 15.943491 -12.466691 0
0.000000 0.041002 0.082247 0.399371 0.200942 17.016630 -9.614958 0
0.707610 -0.168038 0.163018 1.120904 -5.265879 9.430890 17.356144 1
0.161798 0.045293 0.143834 0.062870 -33.047631 -24.912804 26.218854 1
0.495528 -1.196794 1.939585 0.595230 -9.136903 10.493656 1.886005 1
0.081729 0.938602 0.269573 0.252493 1.660612 10.200423 17.958595 1
0.000000 0.009472 -0.348036 0.476769 13.647136 0.862400 -11.689143 0
0.189760 -0.560864 -0.058242 -0.275666 4.846057 -4.692479 9.157903 1
0.266191 1.296642 0.532615 0.230172 4.333465 2.422024 13.019060 2
2.255952 -0.210184 0.559777 0.219808 -23.572243 18.416978 0.287909 2
0.000000 0.089939 0.423869 -0.213618 15.513777 13.839026 -23.516818 0
0.318637 0.468808 0.760024 0.194151 3.300677 -4.939096 -8.564979 1
0.000000 -0.705330 -0.402393 0.324630 -4.009145 17.846384 -5.238330 0
0.094543 -1.180985 0.259767 -1.344138 0.338155 11.321345 -14.381552 1
0.093801 0.717178 -0.367808 0.546679 2.964537 -8.735062 -13.178985 1
0.259589 0.329441 0.292246 0.371289 22.527458 9.274249 1.623695 1
0.000000 -0.197052 -0.237757 0.316265 1.272968 -0.546893 -10.972113 0
0.597086 -1.114076 0.399479 -0.004557 -9.198343 20.305611 -4.206569 1
0.244466 0.081950 0.149048 0.463523 -7.247001 14.341294 -4.252123 1
0.409757 0.212350 -0.521687 0.850570 -12.341552 5.787991 17.361089 1
0.703460 -0.814361 0.756116 0.402018 10.312537 3.616782 11.857371 1
0.000000 -0.254641 -0.176435 0.224767 -12.714939 -11.476503 -8.811445 0
0.592856 0.523158 -0.333376 0.461159 9.700196 18.777114 6.466009 1
0.598064 0.203126 0.163190 0.519810 -6.276618 -23.372958 20.345450 1
0.000000 -0.132782 0.176584 0.507055 -7.963328 0.023669 1.178651 0
0.000000 0.185633 -0.132921 -0.110231 -21.134098 15.824793 -7.916564 0
0.107798 -0.900221 0.810830 0.320201 -12.229915 15.884766 -3.166534 1
1.282747 -0.212252 -0.667796 -0.082550 12.247802 -11.168202 -15.405134 1
0.179704 0.150956 -0.470477 -0.154112 -9.034085 -2.461299 18.868208 1
0.226650 0.493190 -0.329837 0.217741 -3.196191 -13.486645 4.291321 1
0.000000 -0.070713 0.352689 0.213828 18.066571 17.736291 -11.224803 0
0.000000 -0.018400 -0.029938 0.267910 -18.541717 -13.035058 -19.652039 0
0.590465 0.041349 -0.254334 0.157359 15.325793 14.561422 7.889777 1
0.323997 -0.156252 1.226708 -1.360633 -3.411279 23.692094 -5.758147 1
0.080856 0.102521 -1.046607 1.099073 12.122982 0.943457 6.073319 1
0.143920 0.178234 1.518683 -0.103310 1.145966 3.123616 3.199062 1
0.128165 1.021849 0.018717 0.149926 4.737805 11.332767 7.435874 1
0.371144 -0.276556 0.921011 -0.025811 4.259293 -1.588009 -10.894734 1
0.145470 -1.001130 0.687456 -0.690086 4.972607 2.971060 -12.953019 1
0.000000 -0.165504 -0.057995 -0.080343 0.205424 32.957970 -0.785404 0
0.587126 0.807973 -0.254017 -1.498497 19.104200 -12.733395 -7.414928 1
0.235289 0.102251 0.166418 0.455477 -15.351647 14.161025 -2.550583 1
0.569180 0.467540 -0.755031 0.140368 -11.985371 -4.489704 -7.734592 1
7.294495 -0.346983 0.153445 1.039835 -14.009637 6.471895 3.484671 2
0.773766 -0.131382 -0.448181 -0.487238 4.267441 1.254644 10.235908 2
0.543855 1.149615 -0.143262 -0.210302 18.891663 -10.082597 5.028809 1
0.236315 1.153339 1.216425 -1.447024 17.368477 26.851078 -8.658041 1
0.000000 -0.286239 0.643906 -0.329383 11.788416 -15.538089 -4.655745 0
0.109437 -0.096515 -0.626544 0.560246 -16.079258 -8.398165 -9.970300 1
0.915698 0.058983 0.466052 0.389070 16.809159 -3.169940 -15.892531 1
0.000000 -0.065414 -0.131624 -0.032236 15.872241 -6.842438 5.170088 0
0.182221 0.489501 -0.072953 0.135890 -15.301716 -7.744856 0.591494 1
0.624303 -0.684424 -0.733894 -0.425670 -7.633375 6.342699 -0.438777 1
0.000000 -0.067933 0.089507 0.553292 -2.490862 -1.498283 8.101742 0
0.000000 0.043105 0.327037 0.102581 14.854946 -18.268713 15.549509 0
0.126609 -0.937102 -0.824616 0.407831 2.831896 -0.673948 13.283526 1
0.000000 -0.183265 0.561695 0.209137 -22.429107 9.982848 1.217194 0
0.887808 0.888704 -1.419343 0.097689 5.136895 -5.635905 1.987197 1
0.000000 -0.791305 -0.289473 -0.592463 5.984927 -5.519649 -6.622338 0
0.000000 -0.870879 0.795854 0.370931 -3.115591 22.854443 -7.126915 0
0.126531 0.639121 -0.026498 0.385688 -0.670407 9.545757 11.933371 1
0.000000 -0.026394 -0.013958 0.297582 11.161722 14.079099 -14.881933 0
0.342997 1.115667 -0.345677 -0.111018 -4.695636 0.762338 -4.272271 1
1.141486 0.657821 0.328597 0.786546 -4.719961 9.873449 -3.809844 1
0.181571 -0.454244 0.156441 0.116817 0.584258 -2.283980 24.350872 1
0.271737 -0.198367 0.065218 0.269372 15.578082 -11.693656 18.101916 1
0.000000 -0.014496 -0.136795 0.344137 -23.058099 9.121142 -5.455780 0
0.132761 -0.643140 -0.155468 -0.541850 12.269303 6.336442 -3.760322 1
0.370942 0.653529 -0.064305 0.003806 -10.422622 -1.072755 13.770040 2
0.000000 0.066955 0.581970 -0.167689 3.057760 7.086965 1.841895 0
0.000000 0.253669 0.200420 0.258695 -10.084711 -8.762321 -23.126345 0
0.000000 0.527277 -0.342318 0.661524 10.362180 12.788761 17.868341 0
0.178200 -1.903376 -0.686513 -0.038173 -10.592604 0.603371 -0.462785 1
0.269147 -0.139796 -1.067007 0.054156 -14.940846 2.734064 -5.482425 1
0.000000 -0.881658 0.256816 0.001956 6.492176 -9.744466 16.195391 0
0.195759 0.464689 -0.801318 1.023997 -1.792191 -14.385578 3.758097 1
0.310560 0.140556 0.231261 0.479582 17.403223 -3.381172 3.723884 1
0.000000 0.230676 0.262371 -0.294879 6.974809 0.794474 -9.324293 0
0.130606 -0.426599 0.797718 0.643513 4.141293 -4.456290 -8.430152 1
0.180981 0.424809 1.513822 1.085939 0.584251 24.770951 18.009203 1
0.000000 0.179018 -0.527273 -0.502828 8.611104 -6.239018 -18.068875 0
0.000000 0.186476 0.493280 0.271918 -26.625081 5.680985 -1.639221 0
0.337684 0.046569 0.703136 1.450795 6.318156 -3.557083 11.599168 1
0.000000 -1.086136 0.901687 0.259430 -14.154390 2.032277 10.591227 0
0.130102 -0.239871 0.468522 0.102395 -6.460600 -17.852782 12.702952 1
0.107057 -0.440251 -0.707170 0.328806 -2.343225 4.941549 23.007870 1
0.000000 -0.190455 0.144825 -0.034004 18.973080 -8.784858 -25.235059 0
0.108970 -0.558394 -0.070384 0.607583 -16.706815 6.366007 -11.726202 1
0.148499 1.386298 0.736145 -0.986062 6.997170 -1.072973 -7.076754 1
0.000000 0.086913 -0.085036 0.448387 48.999288 -75.742784 131.381501 0
0.000000 -0.420107 0.431506 -0.077646 2.482275 25.388459 2.317009 0
0.000000 0.071639 -0.143534 0.169156 37.984948 -92.843435 28.268755 0
0.444167 -0.272062 1.008202 0.064665 0.332647 2.610038 -14.220452 1
2.752555 0.207065 0.362422 -1.141054 -1.623164 10.633888 -11.111621 1
0.266546 -0.203489 0.846261 -0.375783 -1.984259 4.648188 5.313380 1
0.104305 -1.426507 0.446386 0.130802 1.516639 5.031552 7.774368 1
0.144490 0.981334 0.712025 -0.262299 1.811345 11.024746 -14.939713 1
0.000000 0.071301 0.187061 -0.107827 10.488625 20.728678 -13.104339 0
0.144851 -0.225294 0.580336 0.955349 14.964881 0.811705 9.883235 1
0.132290 -0.138418 -0.345752 1.143929 -13.250920 9.131134 12.492669 1
0.000000 -0.201037 -0.582595 -0.448913 2.609237 -2.184030 12.218242 0
0.000000 1.552939 0.152869 0.012940 31.182555 -4.704119 1.359232 0
0.000000 -0.064969 0.133501 0.082789 -54.070071 41.307177 -83.108305 0
0.691052 -0.687321 0.066964 0.187392 -12.107380 -20.856338 -1.907703 1
0.123125 -1.564284 -1.136633 -0.788772 -15.317638 -2.473768 -7.491003 1
0.000000 -0.037038 0.209817 0.097593 -22.539779 29.796105 -41.186448 0
0.000000 0.033416 0.070643 0.120750 -31.276449 -7.751299 -21.303314 0
0.088000 -0.184099 0.047843 0.485642 18.953899 5.623292 10.276086 1
0.000000 -0.243398 0.489407 0.075115 -3.722944 18.589612 -8.921460 0
0.083960 -0.320590 -0.429902 0.730679 -12.093369 -5.930035 16.138568 1
0.000000 0.093187 0.133232 0.056591 5.868015 -0.937107 -18.974156 0
0.000000 -1.509820 2.043138 0.175097 -18.542037 23.131311 -11.137167 0
0.118415 -1.010146 0.078177 0.281893 -1.653335 -4.770090 -16.580237 1
0.123056 -0.409550 -0.356078 0.472652 -4.745297 7.351875 17.971623 1
0.000000 -0.430267 0.376980 -0.173304 -1.513762 23.437015 -1.063338 0
0.000000 -0.024313 -0.387027 -0.328135 8.403538 -5.233871 -12.583496 0
0.085245 -0.428385 0.115860 0.446483 -9.087041 -3.725235 -17.838444 1
0.219520 -0.864354 -0.371211 0.544744 -13.748629 -0.309607 -7.561059 1
0.000000 -0.585855 -1.182541 1.061808 -3.329060 -1.147277 6.815954 0
0.000000 0.020578 -0.048256 0.239867 24.976622 9.529973 16.148050 0
0.193296 0.141131 -0.812042 0.447034 4.774086 11.010179 15.045340 1
3.348174 -0.383547 -0.281278 -0.638933 0.599520 -16.687766 3.655200 2
1.417540 1.232329 1.422080 -0.437182 9.277289 6.948222 3.086387 1
0.000000 -0.330967 0.270957 0.006311 10.542524 -7.953043 14.457455 0
0.189420 -0.153092 0.023588 0.473220 22.245836 19.002696 24.390589 1
0.000000 -0.036872 0.088268 0.141937 12.485667 16.451542 -48.310430 0
0.319069 -0.433171 0.201007 -0.813702 8.873926 7.804013 0.301929 1
0.092091 0.163448 -0.096668 0.828216 9.821668 -3.267607 -0.542029 1
0.486369 0.608967 -0.154677 -0.313189 6.718773 -11.874539 2.999776 1
0.000000 -0.258582 0.246052 0.020033 -25.745556 4.736411 -19.317654 0
0.000000 -0.167749 0.007908 -0.113106 -12.778386 30.459775 5.725725 0
0.098254 -0.044378 0.099785 -0.175252 -21.680976 0.576206 20.927726 1
0.000000 0.301034 0.180066 0.091317 6.082410 5.511864 -16.910074 0
0.089968 0.699686 0.621984 0.451613 0.175011 9.117864 -14.104037 1
0.000000 -0.043522 0.150978 0.103101 -40.763799 -53.070772 10.789179 0
0.000000 -0.602969 0.043251 0.139113 -3.962427 14.555877 2.630537 0
2.596189 -1.328591 -1.233030 -0.650721 -16.702680 -12.382600 2.097093 1
0.000000 -0.172887 0.426104 -0.249438 2.405416 10.429594 11.057627 0
0.357477 -0.409923 0.543966 -0.161883 -9.033979 -15.225982 2.354534 1
0.000000 -0.296051 0.313779 0.060044 -15.702498 4.584412 3.306584 0
0.109886 -0.866222 0.193818 -0.362292 5.029731 -4.269139 -2.219918 1
0.000000 -1.143114 1.078427 -0.993752 -7.905188 20.185728 -7.909069 0
0.307529 -1.046273 -0.655838 -1.644658 -5.019122 -11.174409 -7.006658 1
0.224214 -0.815902 0.548207 -1.441649 1.286961 -6.260710 -19.477619 1
0.000000 0.103334 -0.006559 0.026181 -23.040405 21.354074 -4.636480 0
0.121886 0.093430 -0.446364 -0.262521 5.433939 -10.611514 15.000297 1
2.036878 1.682030 -1.084975 -0.132520 7.566986 -7.824775 -6.959377 1
0.000000 -0.358991 0.736398 0.318635 -0.527581 9.805460 -14.962956 0
0.087214 -1.024638 -1.255864 -1.082537 -2.338567 -12.971755 -1.773120 1
0.000000 0.309546 0.178761 0.205005 -2.184316 -6.120917 -18.176585 0
0.000000 -0.093397 0.170827 -0.087281 -13.237652 28.804350 -30.740282 0
1.195467 -0.094169 -0.549423 0.177034 -1.413699 15.103182 3.600651 1
0.124532 -0.441575 -0.361179 0.301003 19.944083 3.273732 -0.884594 1
0.239527 0.147464 -0.030087 -0.068034 -19.699716 -9.656773 22.055002 1
0.513647 0.189519 0.320533 0.688563 4.673278 -12.361311 0.304491 1
2.322161 -0.118668 -0.443862 -1.066858 11.642422 3.285758 -6.579374 1
0.000000 -1.811145 0.555644 -0.772929 -12.906024 -3.935069 -7.279540 0
0.000000 -0.265651 1.992077 -0.034428 -6.155671 31.246878 -2.447725 0
0.187473 -0.076095 -0.056954 -0.368904 -10.459212 -2.688781 16.905309 1
0.080411 -1.141514 1.005882 0.783692 -1.615525 10.956384 9.348122 1
0.000000 -0.151772 0.063939 -0.045147 22.831154 9.234195 -2.490472 0
0.000000 -0.238183 0.521034 0.017635 11.167410 -13.901084 -8.903651 0
1.039799 0.398511 0.133999 0.399716 -1.737474 12.952764 20.127736 1
0.589256 0.228589 -0.131772 0.467128 15.089547 5.504756 -0.300676 1
0.193774 -0.289728 1.006856 -0.109552 -16.069507 -3.894021 12.693141 1
0.204408 -0.238886 0.115850 -0.357618 20.062885 -3.121074 0.902273 1
0.203976 -0.747483 0.365665 0.589690 -18.791537 1.962499 -12.023965 1
0.000000 -0.456389 -0.237477 0.222326 -10.338375 -1.245295 9.534487 0
0.224716 0.381189 -0.422234 1.133964 -3.683037 7.157079 15.848923 1
0.000000 -0.075808 -0.102994 0.871835 -8.832746 6.874386 8.128918 0
0.183623 0.789736 0.416492 -0.961134 6.113228 1.206163 1.123346 1
0.000000 0.171724 0.086085 -0.067181 63.624903 -3.712342 -41.406763 0
0.000000 -0.023061 0.149387 0.095827 -35.266634 81.902845 21.716555 0
0.205052 -0.374314 0.831988 0.201946 -21.282536 -1.768775 14.831793 1
0.256881 -0.369160 -0.588068 -0.374228 -5.323544 -10.734305 17.385402 1
0.383592 0.080048 -0.506370 0.562602 -0.331117 -12.627996 -17.359909 1
0.115189 -0.706225 1.067659 -0.538542 -11.964133 12.697821 13.759833 1
0.000000 -0.276763 0.070864 0.257192 -24.621998 16.181857 -14.843418 0
0.208231 -0.494760 0.436211 0.680185 -6.404254 2.770807 20.672220 1
0.523071 -0.817914 -0.011671 -0.319540 5.467820 -7.744233 12.164942 1
0.460238 -0.188539 -0.063068 1.515353 12.903400 0.464290 5.283626 1
0.500482 0.325639 0.549479 -0.638761 -7.198584 11.870978 4.882024 1
0.190881 0.326529 0.588097 1.217955 19.006605 -0.342360 10.020192 1
0.095002 0.118174 1.118706 0.261995 -3.715612 3.370068 2.831438 1
0.000000 0.699382 -0.118187 -0.025409 -9.727200 -0.900369 13.167490 0
0.000000 -1.521629 0.219723 -0.160871 -29.895559 8.499831 -8.948790 0
0.639887 -0.756636 0.501653 0.279530 -9.320587 -4.100199 -17.948837 1
0.000000 -0.149254 0.106087 0.238986 6.066719 14.634597 -16.476398 0
0.000000 -0.166631 0.142813 -0.025752 -9.532759 32.231998 4.171397 0
0.286232 -0.311813 -0.328295 0.212072 -10.212764 -3.634207 20.596264 1
0.111446 -0.545449 0.538912 0.781460 -10.980890 11.314924 1.505223 1
0.000000 -0.054583 0.221572 0.143276 -37.335354 -13.970644 2.116895 0
0.190041 -0.659026 0.170349 0.031637 -5.910722 5.416380 -18.034123 1
0.000000 -0.586086 0.544517 0.227126 -14.077840 -15.556465 -4.214336 0
0.162386 -0.285600 -0.021294 0.554770 -21.392260 14.751766 -5.439932 1
1.166044 0.933682 -0.169769 1.325559 7.766930 13.134774 18.495582 1
0.000000 0.912467 0.193679 0.253985 -8.492666 -2.193908 -1.486732 0
0.396613 -0.066561 -1.348997 -0.637015 -9.206436 -1.107577 -8.964435 1
0.000000 -0.155589 0.017576 0.045817 12.765655 -18.445459 1.964016 0
0.000000 -0.396273 0.161620 0.198586 21.426146 -11.212360 -0.603603 0
2.532142 -1.382728 0.129738 -0.010200 1.329681 -7.040833 -0.218767 1
0.107929 0.405499 0.901996 0.686791 2.203506 -7.503032 0.415816 1
0.167175 -0.644666 -0.000804 -0.819688 2.652531 0.040187 3.087919 1
0.254952 1.272554 -0.836463 -0.442966 8.232452 3.548633 -9.699474 1
0.429694 0.226074 0.090060 0.753792 16.191266 14.510245 3.015302 1
0.000000 -0.183632 -0.213980 -0.172749 16.819319 5.133024 19.905668 0
0.121547 0.573501 -1.239825 0.238419 0.040292 -25.366335 -6.218962 1
0.000000 -0.142532 0.544528 0.259560 1.820044 20.073853 -15.971356 0
0.000000 -0.229741 0.741578 0.459010 -9.189001 -14.246889 -8.774984 0
0.080083 -0.361049 0.295238 0.690503 16.169603 -0.312658 5.705425 1
0.272801 0.719655 -0.371908 0.131008 0.090398 5.913905 5.628413 1
0.000000 -0.411181 -0.472858 0.667976 15.487424 -2.330687 -5.428331 0
0.000000 0.065893 -0.473552 -0.056195 -2.347524 -0.767535 -10.820412 0
0.000000 -0.044716 0.230950 0.101331 -41.936442 0.730126 -3.857008 0
0.000000 -0.103653 0.074475 0.043571 -22.816184 -0.603622 28.423578 0
0.109822 1.084200 0.181903 0.053456 17.526656 -0.125061 -9.489627 1
1.950578 -0.395284 0.299548 -0.086473 4.891824 -17.045477 15.502067 1
0.085723 0.176294 0.243004 0.543868 9.170889 8.211298 25.671104 1
0.000000 0.266373 0.434496 -0.198926 7.896898 9.354350 13.124746 0
0.410668 -0.356941 1.031438 0.626557 9.002012 -4.219104 9.066456 1
0.278253 0.186550 -0.332345 0.419376 5.580590 8.681672 14.183572 1
0.000000 -0.348879 0.161238 0.300675 -2.750549 22.343946 -5.249056 0
0.191416 2.420912 0.108334 -0.051488 29.174806 12.520364 -3.568182 1
0.204516 0.757196 -0.521256 -0.863464 10.031501 0.226237 1.677759 1
0.119244 0.121657 0.919621 0.407919 -5.376537 -11.254941 8.191703 1
0.394798 -0.175906 -0.008383 -0.445348 9.747764 -8.935189 10.365365 1
0.000000 -0.123633 0.450273 -0.143715 -5.352212 10.513781 1.336480 0
1.687457 1.137845 2.071040 -0.005162 13.694635 15.660857 6.681281 1
0.142585 -0.197476 -0.477698 -0.228864 6.263686 15.334226 -2.404727 1
0.000000 -0.452955 0.326644 -0.249704 -13.922989 14.368803 4.568329 0
0.835224 1.248298 -0.302629 -0.116023 7.828045 14.572823 0.446688 1
0.133760 -0.864655 -0.629950 -0.084158 -10.951127 2.959223 9.672811 1
2.914902 0.588966 -1.665172 -0.214526 17.138675 -44.415973 -5.503925 1
0.000000 -0.487513 -0.452169 0.131853 -12.808274 -2.431719 -6.687782 0
0.111589 0.316689 0.474343 0.261072 7.682164 -4.697439 -2.236508 1
0.000000 0.064733 0.337683 0.308948 10.586033 -3.022448 10.638404 0
0.000000 -0.111428 -0.071754 0.279371 12.366185 13.870170 1.713869 0
0.000000 -0.360626 0.162874 0.249044 -5.507564 18.074298 -14.810869 0
0.000000 -0.507931 -0.363749 -0.062588 13.287776 -0.705572 -6.049661 0
0.170390 -0.419012 0.370912 0.726954 -17.696997 0.404260 6.973050 1
0.164634 -0.389990 0.210290 0.132118 1.989826 -13.820708 19.368900 1
0.710018 -0.300163 0.998617 0.739787 4.616236 5.380096 8.879895 1
0.490174 -0.167234 -0.311018 -0.069812 -13.376709 7.412347 -19.347070 1
0.000000 -0.498126 -0.094488 1.024494 -6.683692 14.405197 4.552591 0
0.191407 -1.511495 -0.888072 -0.962544 -5.057618 -1.291909 -13.962903 1
0.086220 0.686961 0.091515 0.303565 6.861472 0.378675 17.061139 1
0.000000 0.206181 -0.003923 0.081015 -14.237029 28.606108 3.685429 0
0.443660 0.283269 0.415818 0.004421 -6.680000 8.635647 8.883159 1
0.000000 0.115413 0.456707 0.477823 -17.330596 -4.967554 -5.251882 0
0.000000 -0.166095 0.130951 0.136172 -9.987648 -34.857329 -20.137199 0
0.119733 -0.552198 0.686651 -0.986145 5.332711 -4.617587 -5.307174 1
0.155712 -0.886534 -0.359314 0.650387 4.752464 8.766377 0.058930 1
0.248140 0.910829 0.130449 0.044905 14.449758 10.126726 5.187305 1
0.211986 -0.572714 -0.747367 1.890912 -7.947867 -11.024898 9.017331 1
0.000000 0.097075 0.111169 0.149952 19.200785 -7.750975 -15.841636 0
0.000000 -2.244215 3.962226 3.791935 -24.814163 44.887153 53.011563 0
0.364258 -0.215836 0.098954 0.486706 18.632336 1.237547 11.873147 2
0.081905 -0.250927 1.614186 0.434080 0.141711 5.795912 0.447398 1
0.000000 -0.435224 0.177816 0.468180 -14.682920 -17.220681 2.226353 0
0.000000 -0.286234 0.811375 0.084025 -7.514240 33.881629 -2.219518 0
0.208666 -0.757540 -0.013087 0.445863 4.881637 10.607942 20.179421 1
0.338702 -0.184657 -0.670817 0.347892 11.415421 -8.781176 19.935098 1
0.000000 -0.500241 -0.268380 -0.322910 12.514739 6.969137 -1.427579 0
0.261780 -0.229862 0.356105 -0.376597 11.019480 -4.901934 15.660743 1
0.000000 0.067133 -0.184320 0.103198 3.312278 23.378523 -10.141000 0
0.000000 -0.442201 -0.199173 0.344055 -10.491410 9.554316 19.860564 0
0.000000 -0.291513 1.173749 0.250363 -5.591502 -5.950856 11.853277 0
0.000000 -0.071761 -0.331693 -0.103568 2.206347 -21.231707 -9.389143 0
0.124445 0.262495 -0.088717 0.247643 -12.672433 22.305973 7.393092 1
0.000000 -0.019065 0.242902 -0.228029 11.231040 -3.593379 4.499673 0
0.415176 0.058975 -0.383254 -0.283744 5.772740 -13.918967 6.469178 1
0.878922 0.077076 0.396367 -0.707189 -8.991630 -14.674908 -5.787796 1
0.094683 -0.368489 0.932533 -1.260729 -1.445446 -3.423597 -5.762831 1
3.025229 -0.898005 1.314511 0.008866 5.552387 11.515560 -6.700819 1
0.000000 -0.428494 -0.038449 -0.321692 -15.315656 -20.590082 11.150564 0
1.385436 -1.642504 0.000629 0.299270 -13.440597 12.430919 6.635479 1
0.188343 0.671501 -0.273442 0.168818 9.586429 -3.305070 13.372722 1
0.308804 -0.025136 0.567809 0.276161 13.291087 -1.461026 -19.385964 1
0.266901 0.775369 0.902509 0.328078 18.993757 -1.105510 5.262180 1
0.352073 0.375603 -0.184653 -1.052439 -9.385605 -3.086189 1.282828 1
0.588656 0.340277 -0.636424 -1.178313 11.485208 -4.352000 -7.849011 1
0.000000 -0.296315 0.031968 0.094453 13.281265 16.395992 -7.021910 0
0.147682 0.669163 0.037348 -0.708518 11.243440 -7.523947 7.918211 1
0.000000 0.065091 0.025501 -0.174538 -24.816113 16.531050 4.141903 0
0.000000 0.263369 -0.239996 0.063527 -3.388978 -8.171122 7.738755 0
0.141510 0.616866 0.473927 -0.443126 8.352292 0.520267 -1.979585 1
0.000000 -0.243496 0.043545 -0.064703 14.361938 -6.247623 16.307445 0
1.115389 0.164505 -0.187533 -0.082256 -0.672936 -0.394452 20.146528 1
0.100224 1.744661 -1.013004 0.129914 10.777711 -10.941562 -8.558977 1
3.043771 1.128062 -0.257962 -1.642283 10.511702 -2.580546 -7.551548 1
1.677124 0.201898 -0.809919 0.598292 3.872255 1.393849 -8.241843 1
0.154714 -1.648713 -0.514553 -0.249488 -4.069017 -4.793494 -5.251105 1
0.000000 0.497454 0.087370 0.352514 3.722258 6.378660 -8.050096 0
0.118595 0.746722 -0.379101 0.642737 -2.444229 6.806307 -1.357636 1
0.000000 0.180305 0.160726 0.645991 -16.196135 -9.994014 12.110579 0
0.156661 -0.014359 -0.787241 1.171734 2.352295 7.177428 12.735921 1
0.000000 0.211178 0.269575 -0.040886 -18.077291 2.087942 -11.328101 0
0.000000 -0.281516 0.278630 0.203953 -25.973267 4.997744 -19.347096 0
0.133107 -0.115334 0.094549 0.259315 20.056064 -2.524921 26.675428 1
0.116244 0.331891 -0.744373 0.058567 -5.146272 -9.753659 -5.188461 1
0.262815 -0.226301 -0.555508 0.497938 -7.736247 -13.721616 -8.815827 1
0.591274 -0.184048 0.229686 -0.648181 -21.990505 5.601487 -3.771587 2
0.591538 0.488011 -1.001070 -0.726536 -2.889363 -10.619377 -19.671948 1
0.273814 -0.604165 -0.421337 -0.002090 8.232416 10.883202 4.414673 1
0.000000 -0.057196 0.771509 0.607323 -14.318619 15.235077 10.199579 0
0.625099 -0.126159 -0.255074 0.301579 3.410615 9.930693 26.885333 1
0.953431 -1.024620 -0.537408 1.020029 -5.749069 -4.668036 18.100889 1
0.000000 -0.171992 -0.037975 -0.032713 -26.249461 -7.599424 -4.433584 0
0.000000 -0.324742 0.064873 0.342418 -20.082372 -16.285957 3.495502 0
0.178332 1.230011 -0.557659 -0.293765 23.448637 2.998920 5.156352 1
0.372184 -0.555448 -0.446488 0.615599 2.843480 -9.228311 -9.337006 1
1.884918 -0.980241 0.127720 -0.023967 -14.238696 -1.431492 8.905465 1
0.093160 -1.012352 -0.458663 -0.654510 0.631525 -3.804898 0.110059 1
0.000000 4.336093 1.761970 -4.106174 72.390169 24.855120 -65.533424 0
0.080850 1.536557 -0.903369 0.967779 6.143385 -16.151889 11.408112 1
0.277717 -0.124677 -1.883567 0.832931 1.035443 -7.971668 15.061961 1
0.000000 -0.411647 0.757652 0.542231 -0.613236 16.506176 -7.718072 0
1.020862 0.354950 0.470393 0.109343 12.790910 -11.545104 0.997078 1
0.000000 -0.538766 0.575595 -0.405031 -8.737452 10.758215 -10.357272 0
0.410517 0.718470 -0.129516 0.478336 -10.728902 -0.285934 12.612526 1
0.000000 -1.035653 0.029547 1.121492 -24.714202 6.923414 6.811016 0
0.769947 -0.535739 -0.405962 0.193562 0.769240 -2.079334 -17.121443 1
0.085466 0.068195 -0.124398 -0.003835 -30.127112 -12.120503 -9.970485 1
0.000000 -0.232968 0.326510 0.021643 -3.323482 -6.928871 -25.395795 0
0.291207 0.646670 0.446599 -0.649774 10.287429 3.208885 -8.436453 1
0.780826 1.000277 1.134241 0.203868 -4.459765 17.672088 5.498845 1
0.000000 -0.014171 0.240651 0.493095 9.122753 1.006027 3.495137 0
0.111657 0.661000 0.146339 0.381082 -6.537813 12.411175 9.565599 1
0.141933 -0.437318 0.095098 0.346196 7.450035 -13.462558 -17.079821 1
0.503658 -0.280880 0.073204 0.181813 -34.011964 14.648667 -1.880437 1
0.266518 0.601816 -0.608046 -0.765982 -10.598619 -7.991109 -8.153719 1
0.136578 0.469394 0.342733 0.182047 1.675335 10.722761 -2.841611 1
0.000000 -0.516867 0.251211 -0.168373 -5.023978 -5.691968 -3.589728 0
0.081261 1.318158 0.778756 0.244324 15.164171 -7.025876 -3.473470 1
0.000000 -1.521293 0.513248 -1.601820 -32.839788 8.684095 -38.857253 0
0.607244 -0.570501 1.885887 0.544807 -0.277710 10.101388 0.180707 1
0.266741 -0.497444 0.332043 0.284889 -6.441950 3.656454 20.392890 1
0.157175 -0.023979 -0.493527 1.193821 -20.719900 -6.127026 13.020065 1
0.461733 0.255482 -0.426239 -0.192544 10.382220 4.466434 -12.132122 2
0.000000 -0.450513 -0.356140 0.911586 -2.102349 -3.381921 -2.689631 0
0.140945 1.570349 0.968039 0.081767 10.542294 0.973533 9.914060 1
0.288794 -0.314462 0.449210 -0.309850 -14.894514 17.406426 -3.258980 1
0.182724 -0.637979 0.912006 0.004041 -6.531436 -9.110367 -10.331737 1
0.115248 -1.133685 0.947878 0.169868 -7.917000 3.665113 6.348093 1
1.012019 -0.298786 -0.431934 0.275296 4.700646 6.442574 -8.074712 1
0.292049 -1.036303 -0.014815 0.150802 -2.846310 -14.328842 9.801767 1
0.000000 -0.944762 0.608335 1.418014 -6.717220 7.166304 21.249272 0
0.507219 -0.532922 0.818468 0.589209 -14.488911 -9.298872 17.220995 1
0.325723 -1.005462 0.309012 0.503233 -1.304180 7.814444 -12.528570 1
0.153073 0.701093 1.139249 -1.740332 11.918955 1.083784 -28.380806 1
0.000000 0.466784 0.238609 0.297026 19.684686 -1.934713 -8.677898 0
0.196589 -0.054532 0.022172 -0.362386 6.785689 11.123975 5.425932 1
0.095001 0.046087 0.260482 -0.569040 -12.551442 5.384350 -9.193350 1
0.458870 -1.044122 -0.695126 -0.152995 2.345139 5.271308 -0.032639 1
0.085890 -0.566164 1.683914 0.411035 3.064154 11.485523 18.284306 1
0.000000 -0.083635 0.199211 -0.217511 -24.121514 13.157887 8.432279 0
0.000000 0.067898 -0.068237 0.014632 -13.055964 25.286405 -6.581462 0
0.000000 -0.433968 0.002861 0.065278 13.510859 12.774895 12.220992 0
0.000000 0.085046 0.189041 0.178851 11.801812 -16.142096 -7.825178 0
0.472146 -0.554929 -0.267365 0.173926 13.962346 10.012432 12.428347 2
0.156623 -0.698102 -0.588358 0.312001 -16.948996 5.313041 7.833288 1
0.000000 -0.179046 0.140496 0.203721 7.580843 23.313252 1.695082 0
0.628183 -0.118149 -0.002148 0.511028 3.784674 -17.120439 -1.312446 1
0.127719 0.837005 -0.180941 0.336640 3.294607 -5.008089 22.811604 1
0.000000 -0.067498 -0.074524 0.315073 -20.499244 12.967454 -8.617468 0
0.393003 1.086428 0.497723 -0.101932 11.266618 9.468758 -5.766037 1
0.395444 -1.218279 -1.306968 -0.430278 -4.062029 -7.861911 4.408270 1
0.150757 0.142623 -0.630837 0.796609 17.412486 -7.896570 11.277904 1
0.613619 0.742200 -0.782743 -0.641024 11.158212 -16.071943 -8.061793 1
0.371705 0.673530 0.040215 0.428557 1.937777 21.043151 6.680520 1
0.128172 -0.119066 0.448781 0.285387 -10.236714 6.492716 25.013095 1
1.227367 -0.928080 1.103166 0.421219 -4.459684 21.070782 6.808322 1
0.000000 -0.565585 -1.119410 -0.785130 -15.892196 -20.754251 -18.609001 0
0.285623 -0.701980 -0.273861 -0.237107 -2.196955 -14.463433 -13.339951 1
0.000000 -0.154217 0.161576 0.107570 -5.764690 -9.237288 31.467896 0
0.151928 0.582380 0.010384 -0.086105 -16.764281 -7.145883 -6.412181 1
0.107729 0.231023 -0.960847 -0.134430 2.907950 7.788730 -7.773511 1
0.789450 0.004801 0.756723 0.461867 -3.238692 -13.356671 -6.226616 1
0.417882 0.987435 0.250917 -0.621350 8.354208 -1.730056 11.661707 1
0.415458 -0.049349 -2.225498 -0.589212 -5.543584 -18.471143 2.813787 1
0.510419 0.184676 0.187115 0.337252 -21.130747 22.520156 3.731220 1
0.130425 -0.312127 -0.288383 0.692845 -16.868914 -1.076152 -1.594433 1
0.000000 -0.295211 0.605942 -0.215158 19.157791 -7.519265 5.987867 0
0.489643 0.146702 0.259552 -1.990321 -3.442264 6.481739 -14.531823 1
0.449688 0.553645 0.082582 1.047994 12.548369 16.478817 1.654075 1
4.640213 -1.190561 -2.436658 -2.809692 -7.825375 -23.947848 -33.889420 1
0.000000 -0.281966 -0.255307 0.171583 11.592085 16.218350 -20.213821 0
0.088752 -0.782121 0.100762 0.326434 -19.483892 16.678142 -4.266634 1
0.124181 0.476112 -0.962412 0.614468 10.039478 -10.382086 -1.634413 1
0.142677 0.216235 -0.300561 -0.339889 -21.543015 1.492159 -7.171571 1
0.646196 -0.777273 0.875352 -0.413358 2.044081 -0.760817 -17.824770 1
0.112694 -0.484354 -0.110697 0.327682 -6.477570 -17.600388 -12.974368 1
0.176104 0.122639 -0.304068 0.891517 -13.257230 -6.184183 -5.621349 1
0.106965 -0.270456 -0.001103 0.444449 7.650811 21.712362 29.513732 1
0.330430 -0.730651 0.777779 0.069542 -1.632310 -4.738475 -0.526054 1
1.059937 0.473568 0.169056 -0.417801 0.266438 1.611616 -9.829269 1
0.446854 0.095030 0.717791 -0.470014 -1.401405 -3.541276 -6.511007 1
0.000000 -0.362435 0.331874 0.417609 -14.836203 13.003802 -4.004310 0
0.126972 -0.366547 -0.052946 -0.383195 -4.806527 10.341958 11.739017 1
0.000000 0.256531 -0.160272 0.398187 13.228497 -5.884697 -6.675341 0
0.153845 0.860128 0.625157 -0.300053 3.788916 2.542452 -5.528616 1
0.000000 -0.217304 0.765403 0.041965 -4.262150 -14.937912 2.254767 0
1.665441 0.320324 -0.742684 -0.371314 1.456134 7.944589 -16.204359 1
0.167356 0.447854 0.485704 0.322871 -5.858336 17.792292 13.003666 1
1.433413 2.008387 -1.037304 -0.114547 11.908956 -16.099598 1.641854 1
0.264805 -0.591908 -1.322821 0.258364 -12.489739 -6.504810 6.893545 1
0.110793 0.352407 0.408111 0.050819 23.673681 12.291501 0.030377 1
0.000000 -0.277133 0.326913 0.126650 6.596711 -11.397907 17.178270 0
0.195410 -0.156398 0.194954 -1.620018 -0.795139 1.971929 -2.900382 1
0.000000 1.331744 0.564305 0.214540 3.757204 2.495700 16.839340 0
0.100160 -0.312260 -0.342922 -0.060715 -11.441947 14.137062 11.957336 1
0.329612 -0.543689 0.084166 0.568906 2.720215 4.576189 -9.464465 1
0.174903 -0.219145 -1.401545 -0.050699 -11.002109 -5.159503 -7.700586 1
0.000000 -0.195035 0.105962 -0.003664 -24.045860 21.103189 1.498649 0
1.382242 -0.270245 -0.312808 -1.103831 10.767728 -11.079162 -1.015183 1
0.000000 -0.447263 -0.204506 0.164241 -27.031773 -7.240387 12.359638 0
0.550522 -0.801693 -0.700955 0.066529 7.097050 -13.314471 11.654541 1
0.977405 -0.520853 0.810377 -0.464098 -12.643927 -2.208311 1.987586 1
1.078071 -0.179997 0.698234 0.053471 -1.066619 1.865782 -18.089802 1
0.158053 0.408176 -1.147322 -0.088842 16.802653 -17.073148 0.605049 1
0.000000 -0.193558 0.136572 -0.036075 -7.766491 12.336521 -22.021552 0
0.082934 0.577648 -0.194102 0.792134 10.562367 9.469229 -9.425478 1
0.000000 -0.369300 0.027930 0.263342 9.856857 1.003931 -0.837254 0
0.143734 0.412210 0.332102 -0.208140 -17.872499 -4.825893 -5.518528 1
0.441192 -0.408118 0.308280 -0.230170 11.879382 8.773586 -3.916471 1
0.419927 -0.061700 -0.368978 0.157212 16.449576 -4.786304 -15.490352 1
0.233936 -0.287928 0.311436 0.724985 -22.834463 -8.455240 -2.605364 1
0.000000 -0.409441 -0.349441 -0.559651 6.570439 -2.967809 -5.010515 0
0.000000 -0.145977 0.152188 -0.627549 11.590537 -2.718075 -11.006511 0
0.000000 0.022210 -0.034919 -0.028650 31.805913 -19.183330 -14.866160 0
0.541043 1.205149 -0.128937 -0.095040 17.570093 -1.706859 13.432041 1
0.282572 -0.761520 -0.100985 0.354003 -11.853980 4.489995 10.916045 1
0.115642 0.937071 -0.770596 -0.047838 2.319096 -6.751043 -0.448742 1
0.081355 -1.025165 0.262649 -1.026591 -20.992430 10.138373 -2.216638 1
0.367829 -0.433002 -0.700939 0.416689 -4.015477 12.856011 4.008816 1
0.139629 -0.174815 -0.745523 -0.034590 8.457558 -8.112141 6.726153 1
0.000000 -0.085787 0.109484 0.042914 10.928624 -5.938700 -54.156520 0
0.125255 0.083099 -0.071789 -0.396523 13.702049 -15.660416 1.548995 1
0.401327 -0.149799 -0.552772 1.767463 -1.589270 -2.348429 14.572012 1
0.285734 -1.124591 -1.091546 -0.358673 1.913411 -14.774299 3.149265 1
0.395651 0.731756 -0.117695 -0.271167 7.681215 4.993713 2.314361 1
0.293098 0.112081 -0.393062 0.678803 -18.381283 2.320100 2.050937 1
0.087827 -0.236448 0.648311 0.386997 18.955321 -8.163441 6.621098 1
0.145431 -0.838633 -0.173038 -0.160730 2.361816 12.446728 -20.777362 1
0.180115 -1.093742 0.769194 -0.232051 -14.285477 4.036186 7.985256 1
0.000000 -0.096381 0.046525 -0.038734 7.848982 22.906099 23.735009 0
0.666776 -1.215275 -0.487695 0.846222 -20.933283 -7.108668 9.109056 1
0.000000 -0.047335 -0.049515 -0.053074 5.831561 9.219578 -26.055471 0
0.000000 -0.063179 0.128078 0.040713 -46.946426 -48.765396 7.219950 0
0.093908 -0.053696 -0.425974 -0.132430 7.232536 4.882104 17.951554 1
1.218377 -0.770421 0.037654 0.600396 4.761537 17.752737 1.801154 1
0.000000 -0.806673 -0.172663 -0.106253 -32.415743 -11.743531 5.151024 0
0.000000 -0.204931 -0.052522 -0.013879 -9.927591 23.163841 -21.887980 0
0.094581 0.532099 0.579068 0.384924 6.787931 -15.898340 -1.182578 1
0.082735 -0.307801 0.228482 -0.286682 2.655799 11.947227 20.059810 1
0.117562 0.322173 -0.859031 -0.365619 -9.635348 4.502095 -14.189855 1
0.000000 0.133419 -0.524952 -0.129284 -0.052090 8.940440 -14.181928 0
1.175398 -0.284766 -0.101857 1.104552 -19.115730 -10.836847 9.193038 1
0.164169 1.041968 1.823482 -0.506090 9.268384 5.797232 -11.288172 1
0.291452 -0.433144 -0.025774 -0.278996 5.598034 -12.722442 -7.903443 1
0.206673 -0.605395 -0.366607 0.019628 -7.999540 -2.815091 -1.442815 1
1.289324 0.681369 1.254777 0.846602 15.869957 19.882174 -4.640359 1
0.000000 0.076976 0.037226 0.101943 27.243721 3.908387 -7.309745 0
0.000000 -0.027689 -0.132135 -0.055535 -7.099705 7.382744 -24.528742 0
0.115719 0.869283 -0.760276 -1.535688 15.365115 -12.372997 -12.220228 1
0.363410 0.084567 -0.207935 0.086865 5.049216 17.222812 24.095811 1
1.751386 1.195397 0.044124 -0.194122 4.893556 -6.148116 9.841947 1
0.000000 -0.039656 -0.228329 -0.312280 23.554481 1.668883 -27.798830 0
0.102911 0.369470 -1.070065 0.091512 8.253026 -1.034821 15.115202 1
0.399572 -0.022303 0.726399 0.259374 9.340703 -12.969350 5.492966 2
0.000000 -0.077481 0.841013 -0.311705 5.305819 -12.768456 4.306135 0
0.304509 0.218408 -0.173198 0.228557 -19.508602 -12.951411 -12.568658 1
0.000000 -0.124551 0.505184 0.086173 5.568185 16.341110 9.279296 0
0.518423 -1.162015 -0.189574 1.250158 -9.588622 -14.640288 19.886883 1
0.412206 -0.120252 -0.231485 0.584853 -23.353887 11.892681 6.867824 1
0.000000 -0.063492 0.139991 -0.288664 6.050269 12.233652 19.088111 0
0.000000 -0.028745 0.727869 0.072183 5.964687 -11.274017 4.182026 0
0.000000 0.231968 -0.161128 -0.147489 17.968964 -10.225637 1.832462 0
0.000000 -5.877460 5.249516 -0.978995 -85.964244 66.796538 -10.991119 0
0.000000 -0.708082 0.360386 -0.156111 -0.073500 24.390696 5.363526 0
0.120159 0.505679 -0.207913 0.706511 3.646446 18.267639 3.204433 1
0.000000 0.123622 0.649343 0.106947 6.700092 -15.677855 3.149852 0
0.105973 -0.427147 -0.185158 -0.000384 3.969242 9.450602 23.649962 1
0.000000 -0.572484 -0.193433 0.117277 12.089549 10.269214 10.486667 0
0.000000 -0.310162 0.178305 0.206622 17.961825 4.138569 10.223686 0
0.093712 -1.286428 0.536109 -0.115610 3.131539 4.864597 1.027827 1
0.095148 0.116421 0.493425 0.249689 -9.252955 11.976546 -16.353388 1
0.206538 -0.450433 -1.109231 0.349425 -19.348693 -7.086514 5.386953 1
0.086877 0.156888 0.216904 0.291063 -13.712466 -12.330578 -23.772782 1
0.089099 -0.226472 -0.557430 0.902656 -6.425726 -11.594414 -3.183909 1
0.510706 -0.824374 0.487172 0.241224 -1.655003 10.548892 17.105185 1
0.209703 1.662176 -0.947036 -0.658186 14.921706 -2.092207 -3.482903 1
0.558090 -0.310001 0.509688 0.243244 -2.270758 -21.599903 14.061417 1
0.000000 -0.934642 -0.048868 -0.312874 -4.020048 2.197310 -15.213120 0
0.169485 0.000679 -0.117484 -0.734325 0.957620 -11.369167 5.945965 1
1.190304 -0.595742 -0.538207 0.589346 9.331631 -0.504617 3.557514 1
0.229716 -0.546246 -0.397744 -0.124002 -6.650195 -2.002623 1.141815 1
0.000000 -0.416025 0.051037 -0.083191 -3.665916 15.065414 -12.382766 0
0.000000 -0.085037 -0.025132 0.158110 -3.060747 -45.875269 20.747560 0
0.234429 -0.408089 -0.021145 -0.280968 -19.492420 -5.569058 9.137668 1
0.582021 -0.159821 0.750961 -0.400414 -5.820284 0.341952 -10.186553 1
0.189197 0.465863 -0.581702 -0.563293 -2.246198 3.127976 4.800924 1
0.259575 -0.270398 0.300994 -0.896253 16.275870 0.554090 -4.504091 1
0.000000 -0.192724 0.737204 -0.062415 -4.700089 15.738311 -4.006014 0
0.147887 -0.012300 0.280178 0.237841 20.924442 -17.155845 -2.761091 1
0.000000 -0.055330 0.277114 0.243273 -5.371466 23.591276 3.580902 0
0.000000 -0.094383 -0.364073 0.408010 -2.652726 -4.456772 9.837357 0
0.920339 -0.639718 1.035759 -0.995289 6.428833 8.410861 -7.041407 1
0.000000 -0.150430 0.365992 0.344957 2.342602 -2.524208 21.566979 0
0.084577 0.101893 0.051220 -0.405218 -7.480398 -14.489520 0.823233 1
0.000000 -0.156190 0.631449 0.400039 2.864434 10.370568 9.393366 0
0.000000 0.347527 2.580532 0.783068 21.729505 78.411259 20.027028 0
0.760534 0.003920 2.028782 0.239820 8.228303 15.598482 15.790362 1
0.114553 -0.171445 -0.664803 0.319015 19.519104 -0.284714 9.929275 1
0.000000 1.042894 -1.097543 -0.113170 10.321713 -21.733108 -5.769775 0
0.762149 1.604778 2.567482 -1.804437 22.773916 31.804788 -8.985021 1
0.232792 0.361091 -0.473639 -0.273199 -5.210725 16.376226 -1.766795 1
0.000000 -0.101272 -0.069898 0.166006 22.859368 6.707733 9.738688 0
0.000000 -0.106226 0.045563 -0.020690 -4.850777 -7.087007 24.632396 0
0.129032 -0.721958 -0.966349 2.866415 3.156309 -17.655417 35.661977 1
0.374042 0.726836 0.340135 -0.237909 -10.027719 -5.165652 4.736114 1
0.205433 -0.327692 0.405999 1.271918 -14.004896 16.727171 0.561427 1
0.160079 -0.068189 -0.470109 0.273874 -19.127966 13.475803 3.841254 1
0.136090 -1.051513 0.431546 0.035807 -3.735536 -9.951938 15.270786 1
0.119841 0.329063 0.661065 0.498678 -3.097202 4.831121 18.431766 1
0.201503 -0.929061 -0.396245 1.641869 -1.237527 -10.393237 8.402325 1
0.000000 -0.083474 -0.231787 0.118986 -25.119584 -1.334283 -18.150124 0
0.115016 0.910782 -0.465108 -1.610954 7.458752 -13.789349 -9.236301 1
0.000000 0.777267 -0.353085 0.476908 3.695689 -2.454597 6.071265 0
0.131342 -0.544530 -0.090091 -1.034213 0.969413 11.688898 -0.187041 1
0.174201 0.058554 -0.699063 1.086026 -0.315826 10.248402 18.116764 1
0.000000 0.348742 0.031739 0.206734 3.952004 -1.096550 13.922997 0
0.000000 0.204391 -0.276487 0.349262 12.814856 11.072936 -10.211660 0
0.000000 -0.016613 -0.057117 -0.099874 -19.492312 10.791864 -5.630214 0
0.000000 -0.057416 -0.117302 0.099432 1.531720 9.332839 -6.029460 0
0.240412 -1.500876 -0.080700 0.603390 -8.503164 -0.038706 19.861847 1
0.226021 0.453448 0.250945 0.763931 -13.683140 4.670667 13.922397 1
0.107205 -0.275725 0.177936 -0.085626 -11.120701 -15.887860 16.160695 1
0.000000 0.443367 0.630102 -0.523577 15.834391 20.553682 -29.675228 0
0.266126 -0.652074 0.799604 -0.379972 -15.864132 0.801848 -11.975260 1
0.409423 -0.181441 1.370897 -0.677187 -10.640887 3.750573 -2.510298 1
0.089384 0.309987 -0.061410 -0.440705 9.818261 -17.174705 1.437421 1
0.000000 0.041238 -0.175096 -0.160590 9.939834 13.475995 6.707656 0
0.746267 -0.009386 1.650699 -0.241707 -3.736296 2.478563 -7.497952 1
0.219386 -0.375782 -1.032838 -0.575098 12.321813 -12.755260 -6.323891 1
0.000000 -0.239747 0.265423 -0.662436 -19.932197 3.281552 -3.881319 0
0.000000 0.125093 -0.192256 -0.152190 -13.388006 18.394141 -4.527723 0
0.102731 0.509723 -0.806666 0.471146 6.111681 8.532065 -4.413493 1
0.202560 -0.231312 -0.523932 1.940479 10.575524 -4.268200 30.851929 1
0.000000 -0.087244 0.145674 -0.005170 21.650493 -31.577264 18.649110 0
0.159646 -0.786140 0.537342 -0.755813 -2.257184 -8.722606 1.599986 1
0.000000 -0.051874 0.102086 0.053652 -57.911293 -25.339937 6.305074 0
0.000000 -0.042565 0.430317 -0.154406 6.025674 -7.025765 9.964256 0
0.000000 -0.476484 -0.090256 0.434618 -6.846984 15.577760 -0.864289 0
0.000000 0.146860 -0.063182 -0.385035 -15.700929 -15.089592 5.303187 0
0.340464 0.003227 0.615095 -1.005489 3.466353 13.359318 5.089524 1
0.558675 0.524090 0.029990 -0.008528 9.065595 16.329309 -12.786217 1
0.269181 0.346723 -0.027866 0.888197 1.466345 7.884610 9.073395 1
0.080832 0.124727 0.831264 0.748146 -3.026777 4.585337 17.316393 1
0.000000 -0.328860 -0.233358 -0.157511 -20.483834 3.586970 -5.324253 0
0.000000 -0.701483 0.866699 -1.090566 -17.093717 10.215912 -20.643133 0
0.126733 0.081044 -0.553994 -0.402152 -19.112293 -12.908096 0.486133 1
0.147442 -0.516231 -2.042144 -0.474580 -1.617358 -25.308735 1.114835 1
0.234874 -0.364414 0.625637 -0.138159 -7.287921 4.173418 20.086335 1
0.088322 -0.342036 0.123692 -0.643353 -10.851875 4.489627 4.340763 1
0.124823 0.036712 -0.091982 -0.534076 -13.362066 6.864988 14.253581 1
0.134972 0.829001 0.792326 0.447481 5.030020 4.247017 -3.198964 1
0.000000 -0.019947 0.323459 0.261640 -4.326965 15.078391 -22.202839 0
0.000000 -0.284786 -0.494798 0.439372 11.030962 -0.143860 -3.909723 0
0.263366 -0.131209 0.114865 0.013903 11.583470 10.022342 46.460917 1
0.000000 0.001338 0.453698 0.116334 1.622373 16.967845 -6.983452 0
0.000000 0.846502 0.306546 -1.489870 43.031835 13.023015 -77.641571 0
0.137245 0.061097 -0.024374 -0.520885 12.761265 -0.284073 11.262542 1
0.175886 -0.163760 -0.117380 0.266814 13.766579 -2.164205 17.458802 1
0.427154 -0.473805 -0.252290 0.522641 3.993677 -14.468000 -5.243569 1
0.000000 -0.409056 -0.177618 -0.391945 6.411858 -17.961148 2.486918 0
0.000000 -0.111783 0.161501 -0.055190 8.700857 0.887243 -24.992661 0
0.202129 1.324885 -0.423953 1.082793 5.596836 0.842043 18.224054 1
0.103947 0.520971 0.876265 -0.001070 -13.265141 9.602003 6.364623 1
0.160192 0.659566 -0.842627 0.508646 15.051735 4.302942 5.576690 1
0.087931 -0.567358 -0.054833 0.174589 1.647956 2.432069 23.097210 1
0.201166 -0.428526 -0.675462 0.623316 -3.792494 -21.361578 10.743536 1
0.000000 -0.417739 -0.390182 0.334633 -15.840930 4.873976 -16.839292 0
0.000000 -0.248352 0.133397 0.484954 12.930042 1.597929 12.230762 0
