0.202999 -0.113470 0.803502 -0.346350 -0.254404 11.518912 -13.394247 
0.583882 -0.055295 1.399214 0.118667 13.607852 9.924249 10.965203 
0.585149 0.199107 -0.038549 0.134244 1.864508 -1.803287 -22.455712 
0.085689 -0.631864 -0.428698 1.028972 -13.938487 10.492206 13.417387 
0.090936 0.041427 0.490888 -0.212572 -3.068590 8.187445 2.744184 
0.457888 -1.007694 0.622882 0.844223 -8.651749 -9.437757 -3.301623 
0.179449 -0.716599 -1.388877 -0.750390 -3.222817 -2.635867 -3.331812 
0.103175 0.933146 -1.231613 -0.620020 0.390568 -11.881355 3.809427 
0.199182 2.697066 -0.771194 0.545034 14.204955 -9.116434 3.346777 
0.109107 0.665372 -1.891150 0.725899 -0.238939 -5.437691 6.767943 
0.232498 0.015534 -0.319054 0.020606 -12.642202 12.775235 -13.332706 
0.683878 -0.465833 0.656780 -1.350366 -11.832392 -5.539930 -6.770295 
1.809017 -0.150068 0.155263 -0.098041 -6.147766 -1.775599 -0.766597 
0.133767 1.582061 1.181049 -0.457175 17.130919 5.424801 5.136426 
0.207935 -1.220942 0.977976 -1.315586 -4.647265 14.034285 -1.424900 
5.586845 0.176448 0.072544 -0.245060 10.763821 10.092664 -7.730756 
0.099031 -0.098094 -0.063802 0.827676 4.201757 18.925840 8.594353 
0.095457 -0.522998 -0.272006 0.567647 -9.412617 -1.703660 3.209428 
0.166412 0.371917 0.560288 -1.024656 -1.046379 -8.947532 -11.494510 
0.401973 -0.335708 -1.385818 -0.118391 5.061346 -14.571329 10.853770 
0.149690 -0.029777 0.553524 0.775486 -16.267509 1.410591 8.173831 
0.135040 0.065080 0.516908 -0.031135 17.192996 7.719937 2.197852 
0.230700 0.877772 0.504835 -1.077758 -2.711650 9.825260 -1.103575 
0.296048 0.039039 -0.466761 0.332254 -7.354025 18.514584 10.833806 
0.089040 0.297730 -0.386523 0.388003 5.315746 5.461185 -7.936495 
0.218861 1.160215 -0.888190 -0.568921 9.900176 -0.142761 -0.357385 
0.780326 0.869218 -0.607695 -1.000173 0.728141 -11.042222 -5.497762 
0.110177 1.133042 1.500502 0.043894 2.936358 7.201106 10.070416 
0.308745 1.352072 -1.231673 -0.871192 11.311535 -20.027201 -7.082734 
0.930095 0.248047 0.144033 -0.244159 -1.906163 -0.216881 4.083193 
0.154448 0.357456 0.696827 -0.082235 5.402068 4.715932 6.185121 
0.449860 -0.237079 1.235146 0.457810 -7.258983 -6.502392 9.599146 
0.194281 -0.248721 -0.352330 0.315379 19.120084 5.780657 -8.137070 
0.121470 -0.495454 0.432147 1.258815 -16.186373 -4.756457 9.604633 
0.388680 0.112310 0.504875 -0.578143 -1.539699 12.616831 12.569776 
0.552874 0.310124 -1.854465 0.478232 -5.694117 -11.066516 12.065651 
0.107074 -0.045099 0.393080 0.919149 1.453099 -10.688091 7.546077 
0.218546 1.169094 1.721601 0.255529 0.275930 7.862492 -1.532056 
0.118025 -0.591207 -0.310477 -0.126616 -4.902827 -12.936544 12.869894 
0.176826 -0.425853 -0.228552 0.862029 -10.968811 6.914570 -1.740680 
0.123628 0.022077 -0.379648 -0.950634 -5.918590 8.157379 5.136814 
0.103987 1.000521 -0.530689 2.328708 15.728837 4.870148 17.939265 
1.612405 -0.308821 -0.074889 0.261168 -5.847074 2.357408 -14.751106 
3.952128 -0.382302 1.811059 0.299794 0.654612 1.812424 8.452199 
0.090817 0.415705 -0.104519 0.164019 3.695843 -2.263389 6.162943 
0.094271 -0.133511 0.252876 -0.333759 8.602738 -14.806408 8.547177 
0.105198 -0.466985 -0.441682 -1.473553 -14.012236 -1.071122 -3.520410 
0.122132 -0.480381 -0.134813 0.028292 3.944042 1.083135 0.072063 
0.167817 -0.247277 -0.953612 -0.051047 -12.456457 0.215552 13.401554 
0.138488 -0.567558 -2.253004 -0.385477 0.796675 -14.752191 5.918064 
0.701272 1.456106 0.359963 -1.313390 24.661577 2.782922 -3.093259 
0.367183 0.022802 0.043435 1.493205 0.582453 -11.137489 4.926229 
0.116639 0.329559 -0.507821 -0.220773 -8.607261 4.739634 0.450073 
0.156405 -0.874827 0.448885 -1.055822 -7.429580 3.806379 -9.368165 
0.118162 -0.181113 0.439583 0.468674 -18.233022 14.462680 2.113545 
0.151293 -0.068550 -0.051556 -0.869764 -5.623931 4.185492 -12.986704 
1.456612 -0.388759 0.172084 0.881758 2.919158 2.048926 14.765731 
0.095248 -0.094508 0.070382 -0.221341 4.365514 -13.006060 -9.642363 
0.298886 -0.354362 0.296441 0.738326 -10.327342 6.549962 16.643570 
0.512636 -0.219764 0.375532 0.419284 -1.865608 -16.122878 15.085435 
0.121466 1.151005 -1.778265 -2.283817 12.669659 -12.317382 -12.150861 
0.863813 -0.421653 -0.350651 -0.392310 10.977757 2.899969 -2.793437 
0.283593 -0.699661 -0.240366 -0.158347 3.028051 4.190499 17.164330 
0.114183 -0.608749 1.374289 -0.182594 -13.918426 11.197884 3.725137 
0.387857 -0.276930 -0.430110 0.162204 -4.857581 -1.246493 -19.019189 
0.102340 -0.518872 -0.655178 1.562226 -4.745491 -14.722623 9.940690 
1.423034 0.938694 1.318165 -0.051507 10.593210 -2.968419 -3.206211 
0.118440 0.300407 -0.343760 0.864574 3.463544 -5.901012 -11.443480 
0.087317 -0.552023 0.269582 0.831214 -3.480392 6.573586 10.173762 
0.115648 -0.011648 -0.280698 1.103313 -2.003923 7.300060 9.671478 
0.335498 0.311763 -1.236955 0.367080 9.017111 -7.971667 -11.419849 
0.109210 -0.313951 0.252415 -0.801174 -7.806839 -8.783086 5.177490 
5.398343 -0.365953 0.153625 0.224053 -19.739376 -8.321931 -7.008162 
0.438696 -0.420329 -0.619327 -0.314751 6.665366 -6.904083 -13.420086 
0.102783 0.066730 -0.429619 0.497461 -11.603412 -6.580261 10.159347 
0.317653 0.790344 1.658827 -1.641350 -2.692348 19.344896 -9.429799 
0.117399 -0.350444 0.602427 0.373918 -1.972524 0.186627 8.363499 
0.135796 2.203944 -0.343821 0.458207 13.271267 -12.537428 4.679520 
0.139152 -0.056458 0.622856 0.053968 -4.633952 -8.261596 -0.094276 
0.081844 0.208058 0.040708 0.064590 -13.340251 10.932596 -16.638864 
0.210768 -0.188027 -0.107691 -0.617706 -10.495116 -3.786290 16.288609 
0.087151 0.028993 -0.084065 2.226845 9.870998 -4.661101 19.348108 
0.247564 -0.329429 -1.264672 0.051319 -11.122693 -13.762140 -10.342787 
0.118055 0.286910 -0.737304 -1.376984 -6.279781 5.213869 -9.963587 
0.133708 -0.645568 -0.941356 -0.142744 -4.223113 2.978137 3.748890 
0.137951 -0.398830 0.101160 -0.436479 9.686020 9.074313 -10.173449 
0.295736 -0.254007 0.970878 0.421562 -12.512587 -7.036157 4.217972 
0.093592 0.168030 0.181268 -0.218749 9.219997 -7.783110 -6.243087 
0.180968 -0.050937 0.533172 -0.044448 -10.438927 -15.612976 16.574201 
1.058781 0.288081 0.286478 -0.086063 -7.626439 15.749585 14.092994 
0.086350 0.143902 0.223768 0.668098 5.379319 -0.452908 -3.080462 
0.263354 -0.166277 -0.140154 0.072210 -13.965505 21.862979 6.704673 
0.556778 0.155306 -0.282953 -0.106616 -3.658186 -5.978069 23.619710 
0.139284 -0.102106 0.419362 0.004104 -19.588468 6.541782 15.919613 
0.478468 -0.032133 0.157057 -0.468880 -15.087028 -5.947426 9.826399 
0.165293 -0.198996 0.583042 -0.257476 -8.225697 10.466010 -11.781212 
0.493788 0.296262 -0.049960 -0.815932 9.880354 -2.237790 -5.139903 
0.252788 0.604814 0.296114 0.013561 -7.763488 4.002653 17.877032 
1.145613 -0.060182 -0.969586 0.774212 -13.462515 -9.495407 1.272515 
0.388183 -0.202443 0.773880 1.376422 2.579759 9.892886 7.819620 
0.094407 -0.329494 0.249140 0.160542 -9.518149 22.949501 9.370543 
0.126740 -0.239088 1.173752 0.094466 -3.607777 -2.589354 3.890962 
0.323270 -0.237977 -0.263821 -0.458814 2.209087 1.653653 -11.695498 
0.198042 -0.840464 2.114323 -0.058540 -15.260141 12.254443 3.901139 
1.167561 0.139646 -0.265447 0.185385 14.211754 12.370471 -14.202718 
2.697368 0.332377 0.189530 0.317190 13.196520 -2.348426 13.709727 
0.376011 -1.011603 -0.254900 -0.232615 -14.741474 6.686329 -0.662621 
0.588263 -0.113990 -0.057052 -0.334198 -8.613947 11.351995 -25.599356 
0.138650 0.466325 0.624815 -0.198418 -2.777834 10.618209 17.009325 
0.373816 -0.023284 -0.131563 0.803674 -0.076776 14.335644 -11.889735 
0.401930 -0.260992 0.790334 -1.114809 -2.373850 -1.027215 -2.224364 
0.263064 0.479617 0.264648 0.111042 0.615684 -4.885011 8.511000 
0.459762 -0.999054 -0.130350 0.671007 1.036121 13.163016 14.755500 
0.328088 -0.162338 0.469135 0.151725 -14.501291 -10.412084 -10.206185 
0.860282 -0.561352 0.242568 0.414320 -1.100464 -16.840802 2.443388 
0.273055 0.139398 -0.584158 0.466116 -9.219593 -7.331102 7.305772 
0.396253 -1.071055 -0.457759 -0.150939 -2.795851 10.459319 -2.932117 
0.246288 -0.224369 0.594069 -0.135893 -12.652125 2.614027 12.878074 
0.730294 -0.665649 0.225454 0.379522 -10.400955 5.063554 1.293325 
0.278430 -0.248661 0.692792 0.298562 -12.894095 -8.045977 5.396158 
0.151503 0.102013 -0.806174 -1.291835 -4.131270 0.304098 -15.527195 
0.100432 0.723842 0.214524 -0.146109 0.814454 13.150153 9.571548 
0.082624 -0.792079 -0.307564 0.340467 -13.219009 18.741283 -7.613851 
0.114711 1.174268 -0.421310 -1.457742 3.623719 -12.980409 -4.924276 
0.192666 -0.134837 -0.132174 -1.062009 -17.784630 3.587269 -8.473766 
0.287114 0.779493 -1.171008 0.567429 7.286488 -9.348632 -10.505160 
0.585359 0.376537 0.398834 0.848161 -8.718113 -10.387411 10.092098 
1.376095 0.158882 -0.491462 0.095581 5.943601 3.554860 0.720737 
0.431641 0.817745 -0.689575 -0.600767 0.410876 10.151355 -6.507039 
0.136683 -0.444132 0.353334 -0.036347 2.696684 -10.866471 7.731559 
0.323241 0.455014 -0.353495 -0.063069 -11.697838 -2.017187 -14.968773 
0.391024 -0.812886 0.153758 0.005444 -2.540157 8.259790 -10.703175 
0.112116 0.010386 0.755704 -0.045662 1.737923 -1.820694 -10.177113 
0.116547 0.030569 0.772262 -0.165346 3.437266 -6.255266 13.308433 
0.952396 0.013300 -0.435173 -0.062950 -19.765127 -3.348717 0.861632 
0.374161 -0.429160 -0.443690 -0.372524 14.084267 -14.539086 -1.102232 
0.178419 -0.172202 -0.061461 0.249751 -21.763850 2.922909 -1.253527 
0.192961 0.121264 0.717354 -1.276907 -7.716672 -6.873363 -11.584969 
0.763069 -0.141405 0.353880 0.858905 1.854562 -4.973447 10.942946 
0.181019 -0.340317 0.315444 0.538381 -27.882041 -7.230799 5.324962 
0.393969 1.374565 1.847886 0.011176 11.777536 23.236816 9.497228 
0.408300 0.433914 -0.096230 -0.002479 -7.504184 -1.595918 -5.306350 
0.506972 0.292310 -0.294781 -0.608484 -12.193157 -14.007425 -5.831605 
0.168852 0.523860 -0.732473 0.322487 -2.713623 6.985850 15.854238 
0.196085 0.036727 0.057392 -0.025294 17.300363 -7.558675 0.180301 
0.836938 1.091935 -0.693232 -0.243053 -2.130262 3.377383 -8.242663 
0.701221 0.009599 -0.460248 0.075927 -7.840252 -20.443800 -6.129011 
0.263429 -0.003416 0.413593 0.168923 -5.160758 -8.992280 6.349068 
0.151360 0.580877 -0.698919 1.738006 -8.536186 -8.243086 9.919654 
0.449375 0.083820 0.329618 0.068818 3.408958 -15.142229 -4.083370 
0.108928 1.131003 0.147058 1.000332 6.210974 -13.852599 6.095148 
0.090465 -0.203014 -0.131992 0.484064 18.843764 7.116624 -11.583298 
0.531060 0.065162 1.063649 2.029718 -9.092029 11.762805 9.584839 
0.272013 -0.660226 0.654597 0.914508 -17.972360 -6.067932 0.275394 
0.127889 0.310290 -0.181794 -0.070158 -17.722683 -3.874762 -5.295997 
1.070260 -0.191948 -0.421705 -0.139096 0.476934 7.318291 3.760564 
0.111702 -0.684852 0.257310 -0.166007 -7.440957 10.395024 19.838278 
0.275275 1.006466 -0.571596 0.430845 11.466126 2.029275 4.108954 
0.433814 -0.374668 -0.264585 -0.099836 -20.214448 -3.978362 8.040792 
0.121123 -0.324057 -0.321099 -0.940905 -9.941194 10.134080 -12.480763 
0.604561 -0.833462 0.964583 0.220913 0.031116 1.403545 17.273242 
0.672200 0.669030 0.227696 1.059764 -5.725765 7.725388 14.726888 
0.485099 0.498943 1.940875 0.558027 0.958136 8.047052 9.232447 
0.088968 -1.863678 0.353336 -0.097810 -3.619921 9.097817 0.192874 
0.372330 -0.433261 0.060189 -0.180090 -8.475506 -16.277052 -2.675956 
0.427499 0.064241 -0.601694 1.672836 11.737794 -9.332078 5.866559 
0.148166 0.525120 -0.997377 -0.590483 -5.659550 -10.619792 -0.573313 
0.205405 -0.152191 -1.178673 -0.834713 1.043271 -8.430842 0.686935 
0.273438 0.577298 -0.057369 0.076448 7.823861 18.927757 -4.081169 
0.257004 0.742382 0.236242 -1.573291 4.260586 15.309852 -12.632523 
0.083821 -0.422982 -0.026987 0.734423 -3.378864 -6.592356 1.987614 
0.673429 -0.272950 -0.312396 1.306023 4.798138 1.576005 -0.909653 
0.093338 0.097276 -1.157129 1.048196 3.781870 3.980331 1.214811 
0.097693 -0.099620 0.220704 0.740660 -3.355999 8.975536 15.726552 
0.081727 0.044041 -0.021739 0.493584 6.587901 13.996462 8.786556 
0.417045 0.539392 0.062418 -0.289362 0.175013 3.717531 -0.076875 
0.387177 -0.465755 -0.082292 0.076641 17.931267 -3.926179 -4.148190 
0.350927 -0.653337 -0.201455 0.321125 -3.138606 17.524195 -10.679833 
0.081891 -0.177860 -0.092148 -1.008994 -14.135238 -1.973659 1.750724 
0.111530 -0.584881 0.432202 1.421535 -3.335005 -0.291369 16.477645 
0.729211 0.055553 -0.048288 -0.120607 14.221004 2.805506 4.414329 
0.081209 0.191307 -0.018624 0.353694 -22.360350 -7.401782 0.467084 
1.066327 0.356017 0.412611 0.036513 0.330101 9.006650 22.426020 
0.844840 -0.578189 0.029824 0.240083 1.904880 0.671375 -0.820005 
0.286414 0.214414 -0.197942 0.330067 -8.331133 7.793135 -16.978267 
0.108220 0.440056 0.117803 0.217491 2.312982 -16.072061 -7.746610 
0.106446 0.942523 -0.340366 0.001106 15.002311 6.262442 -1.528758 
1.618982 -0.333677 2.233799 -0.091566 -12.704968 14.856081 -7.557543 
0.126190 -0.737254 -0.130855 -0.457233 -1.287138 -5.827122 -6.123355 
0.666898 0.194854 -0.092289 0.311562 -9.420081 1.287509 -7.420863 
0.355266 -0.084735 0.111465 0.016981 -17.587393 0.841972 18.709849 
0.365762 -1.765123 -3.874977 -0.038507 -19.388569 -32.300330 -4.796577 
0.430606 0.315568 0.712513 0.074929 -11.320645 -1.005033 0.075911 
0.100431 0.214960 -0.857955 0.934294 16.447368 2.347805 0.672845 
0.189647 -0.713719 0.011554 0.312310 -18.912399 10.703697 -8.969924 
0.132254 -0.625451 -0.196049 0.585531 0.372774 -12.481944 6.308003 
0.500139 -0.799528 -0.518793 -1.317441 -14.610653 1.454513 -7.444418 
0.175237 -0.075797 1.058440 -0.643187 -13.243354 9.159131 -7.503980 
0.123696 -0.118155 0.516988 0.302718 -11.057957 -12.692090 10.889318 
0.195281 -0.496170 -0.684949 -0.840796 -3.808235 4.464800 -14.097242 
0.599939 -1.437684 -0.450174 0.398857 -22.358847 3.187321 -8.370520 
0.192741 -0.112207 -0.297524 0.391065 -8.593368 1.157499 7.608476 
0.200778 1.067378 0.386337 0.145603 1.426364 -12.390591 -0.695226 
0.177472 -0.062217 -1.180743 -0.613466 -4.408604 0.987839 -15.810228 
0.127855 0.306100 -1.164543 0.401977 1.752742 -8.241705 -5.754879 
0.220526 0.004754 -0.432711 0.665558 -1.002462 -6.526825 9.043129 
0.627642 0.327149 -0.339762 0.521379 7.000887 -2.207797 0.144159 
0.637465 -0.417168 0.153336 0.129589 -15.693664 20.476338 8.966623 
0.169117 -0.036747 -0.934467 -0.969912 4.825669 1.104169 4.776578 
0.114784 -0.364150 -0.657779 0.212406 6.317529 -10.436511 -7.086949 
0.135557 0.223311 0.490257 0.365798 7.794292 4.833082 -0.898355 
0.579415 -0.964766 -0.166337 0.255782 3.316468 3.377839 18.546425 
0.624848 0.991824 1.223739 -0.400908 11.417669 12.055608 1.323494 
0.385484 -1.184374 0.848855 0.605222 -9.125049 -3.509455 13.038957 
3.082417 -0.622218 -0.063484 0.292796 0.468118 10.036473 -3.370250 
0.310489 -0.053808 -0.531323 0.788528 4.812412 2.971026 19.739058 
0.457154 0.237183 0.344408 0.113395 6.479323 6.761170 -13.621189 
0.279294 -0.446466 0.280532 0.445484 -2.353668 -6.173196 -19.882538 
0.089763 0.259348 -0.431013 -0.519743 -2.242666 -2.880844 -15.621385 
1.249225 -0.772630 0.822341 0.174828 -11.300754 4.874958 9.742749 
0.163561 0.755169 -0.760491 0.067018 4.477680 -5.535905 -5.348167 
1.702665 -0.505293 0.654472 0.996338 2.408119 4.027329 7.272668 
0.087567 0.195666 1.355076 -0.229622 8.952812 8.004860 -0.625900 
0.192231 0.119016 0.515256 0.179582 0.444206 -0.405928 -0.623695 
0.122081 0.386665 -0.214900 -0.433538 -15.592681 -8.845939 -10.158037 
0.088452 0.078538 -0.547120 0.559106 -1.812238 12.675592 7.602867 
0.470758 -0.917864 -2.000829 0.296561 -3.908104 -8.152443 7.180070 
0.196106 0.089417 0.192027 0.146219 -4.725139 7.089221 9.572828 
0.163499 1.153565 -2.026699 -1.152911 14.609187 -17.762034 1.395295 
0.080867 1.278144 1.175743 -2.117465 21.819143 16.560981 -12.531315 
0.223604 -0.621841 0.100184 0.615119 -21.599155 -2.192913 6.798725 
0.155926 -1.056084 0.654128 0.870946 -7.917553 -4.767927 4.566037 
0.238387 0.062883 0.609572 -0.368005 -12.712043 -5.985928 -14.146502 
0.106154 0.069386 -0.214373 -0.491201 -8.335057 -6.171502 -13.075742 
0.169911 -0.156221 0.296980 -0.529587 14.559281 -12.483232 3.233452 
0.113329 0.923094 0.732574 0.142263 5.433046 4.917645 16.614217 
0.192419 1.314614 -1.445649 -0.370649 5.036249 -20.845132 -8.244821 
0.594225 -0.210567 -0.104037 -0.503190 12.494496 5.917469 14.000501 
0.085164 -0.325439 0.061622 -0.660957 -16.801620 -3.307488 -1.590509 
0.117057 -0.194425 0.404861 -0.084630 -5.688341 24.833739 10.206568 
0.205043 0.147947 0.218061 -0.061068 -0.231757 17.950061 -12.448858 
0.234649 0.178614 -0.646194 0.530278 19.637960 -0.265475 0.868568 
0.487672 0.131248 0.666429 0.757417 2.309580 5.459569 14.234229 
0.223182 0.024773 -0.364241 -0.058709 -20.202828 -12.503192 -0.629843 
2.476904 -0.628779 -0.838474 -0.442425 1.225269 1.366175 -15.742970 
0.441734 0.709486 0.206357 0.195135 3.025456 8.909636 2.128281 
0.230397 0.596772 0.015112 0.400085 -10.362556 -4.912790 -0.493304 
0.689100 2.064320 1.461999 -1.769166 21.493166 7.454743 -9.925807 
0.815528 -1.814526 0.645546 0.349251 -15.997049 -1.513193 10.751476 
0.161492 0.022810 0.691266 -0.025894 11.731481 3.864494 -10.570469 
0.542296 2.223810 -0.602819 -0.538929 10.025063 -7.905222 -0.302283 
0.146522 -0.098875 0.298558 0.662835 -20.274482 -11.857103 3.508507 
0.256037 -1.272088 0.035487 -0.692837 -2.487174 -10.512757 -5.139541 
0.887681 -0.809697 -0.356285 1.314462 1.077800 10.407690 3.208913 
0.101372 0.041302 0.438560 0.245676 -2.564022 4.922850 -14.066328 
0.141931 0.379158 0.495730 0.237688 -13.552507 7.226614 -2.742060 
0.178446 -1.158631 0.671113 0.525504 -0.032010 5.886139 3.777127 
0.083374 0.377475 -0.295617 -0.744573 0.530456 0.156539 12.893622 
0.376685 -0.295761 -0.252197 1.279739 -0.161706 3.063566 -4.739833 
0.585808 -0.214964 -1.265458 0.421697 -13.141833 -3.539760 8.378645 
0.102075 0.134849 0.797928 0.585408 7.901158 16.012481 0.116566 
0.086694 1.169646 1.114978 -0.295181 16.372271 7.524435 3.520667 
0.654455 -0.070405 -0.111281 0.302355 5.448754 3.672543 -12.927516 
0.442796 -0.355770 -0.012825 -0.529435 -19.365599 3.630970 3.265618 
0.103990 -0.537106 0.957336 -0.378311 0.896104 0.489532 -1.902109 
0.137893 -0.280005 -0.238257 0.186278 -23.122579 -11.790380 -6.936568 
1.044939 0.808778 -0.068229 -0.368116 3.513122 4.840846 -1.017022 
1.025335 0.015070 -0.277376 -0.271056 13.113751 -3.913882 0.199883 
0.472835 -0.986545 0.104885 1.257325 -19.263394 4.328421 2.131196 
0.672168 -1.779657 1.026778 0.182803 -18.732313 2.891739 13.610615 
0.208490 -1.709709 -0.980540 -0.145840 -7.516583 -13.091701 -1.432767 
0.292610 -1.020378 1.631709 0.332295 -6.019503 11.680688 12.190220 
0.111344 -0.200886 -0.387893 1.154402 -1.491653 -0.173143 11.226805 
0.466067 0.276153 -0.043498 0.742839 4.442081 15.312760 -2.093864 
0.112109 -0.449171 0.017053 -0.007912 -7.105296 -15.161869 2.062299 
1.021373 -0.653625 0.089403 0.397217 -14.376896 -1.128842 9.485863 
0.247245 -1.341590 -0.641498 1.071964 -23.502331 -1.603301 11.293962 
2.937998 -2.271887 -0.590769 0.066952 -13.725853 -8.717037 9.720455 
0.112201 0.221554 -0.602034 -0.019709 -7.290488 -8.828398 -7.406669 
0.941373 0.041383 0.643135 0.105016 8.450637 5.553672 -0.753322 
0.186332 0.857711 -0.292050 -1.124336 7.558355 2.688555 -2.619532 
0.206312 -0.438643 0.287015 -0.346069 -3.659396 14.015650 7.352001 
0.087521 0.259315 0.745696 0.591772 -7.452827 -8.412935 -6.783761 
0.337060 0.102514 -0.471729 -0.087290 -15.165469 -11.960550 -2.829680 
0.506829 0.295413 0.132284 1.168421 12.170806 5.164012 9.818690 
2.506229 0.382517 1.379278 -0.422100 -11.016638 7.291935 3.080537 
0.109658 0.515163 0.199496 -0.306393 -4.286078 -3.503826 -16.696605 
0.093631 -0.624768 0.326601 0.345163 -17.534534 15.948354 10.442141 
0.994606 0.652717 -0.115557 0.516431 1.332228 2.146513 0.148377 
0.184780 1.518987 2.051377 0.086250 5.879775 11.016174 -2.383409 
0.113864 -0.063584 0.219765 -0.270798 -2.014435 18.763998 2.101003 
0.500571 1.679532 -0.784707 -1.189220 21.839100 3.584472 -9.636896 
0.375402 0.177151 -0.140939 0.664582 7.256427 -4.599263 -8.904306 
0.121279 0.559021 -0.010832 0.127660 -1.005084 -1.143102 -20.237009 
0.437171 0.621242 0.069647 -0.607053 1.888720 1.608456 -8.667474 
0.420529 0.106561 0.057612 0.023429 -6.822284 21.189669 -3.238247 
0.140832 0.192511 -0.066650 0.453280 -7.821640 11.692940 8.776426 
0.317286 0.014414 0.640955 -0.044744 -9.224575 3.496833 -2.556784 
0.092539 1.304276 -0.238859 -0.740216 1.338686 -7.207446 4.783018 
4.198783 -0.163383 -0.009967 -0.287465 5.865876 10.386136 -3.525215 
0.435794 -0.172901 0.217132 0.304873 -25.494974 6.362448 8.255275 
0.299195 -0.215632 -0.396450 -0.470665 -7.807331 -10.525890 12.519735 
0.366428 -0.989505 0.442746 -0.126263 -11.623151 -3.329884 17.265669 
0.300202 -0.097647 0.449979 -0.291569 -13.480491 0.077082 -4.529509 
0.585186 0.121968 -0.152292 0.418197 -4.797913 0.344691 22.222016 
0.524509 -0.319957 -0.438098 -0.141724 -3.622793 -5.757026 8.045183 
0.292083 0.231692 1.799838 0.070321 3.498340 5.263342 12.459945 
0.107699 -0.137820 1.466899 1.340873 -7.645265 5.524922 14.790984 
0.744916 -0.672691 1.627322 0.584438 -1.792852 20.111154 2.660964 
0.131940 -0.675223 1.850334 0.246871 -11.384417 13.697996 2.088496 
0.104491 -1.036091 -0.530033 1.340136 -17.287633 1.006418 16.077136 
0.504475 -0.300577 0.103299 0.027603 -0.701851 -1.063926 -2.967800 
0.159200 -0.318461 -0.015084 -0.154328 -0.992910 12.502944 -11.152240 
0.144224 0.732625 2.281800 -0.739304 -0.914296 17.696301 3.298657 
0.221063 -0.113199 0.450386 -0.599019 -20.039449 -3.574240 -3.808981 
0.339783 -0.284324 -0.330777 -0.323505 -4.429065 -9.298017 16.533314 
2.985742 1.154303 -0.439737 0.195717 11.830667 12.350746 -6.836769 
0.098040 -0.125857 0.064959 -0.445655 6.075842 18.261092 -16.065850 
0.364111 -0.589077 -0.283060 -0.169536 -13.348348 4.942155 -14.784411 
0.144886 0.517146 0.436742 0.372466 10.796533 3.599404 -7.464680 
0.360597 -0.296507 0.550654 -0.226707 -1.557034 9.208625 -7.064417 
0.254317 -1.154212 0.382904 -1.193609 -6.134944 -6.950508 -1.284100 
0.555913 0.137259 -0.185847 -0.030657 12.488710 20.308794 2.244272 
0.416651 -2.061773 0.020900 -0.105076 -14.800730 -6.012077 -6.847078 
0.151008 -0.241523 1.497493 1.512896 1.122877 5.416355 4.255623 
0.577563 -0.037852 0.379153 -0.420686 2.887149 2.082683 -0.898314 
0.141965 1.444043 0.493646 2.235922 6.790720 -0.126196 22.844622 
0.120024 -0.316957 -0.020462 0.576207 -18.641412 10.039939 6.563736 
0.182852 0.914342 -0.781287 0.204813 17.029181 -0.839080 -1.456273 
0.189724 0.195994 0.111298 -0.811851 -4.691513 7.174633 -14.786691 
0.150160 0.284328 -0.900108 1.325752 -3.509717 -11.704000 17.106004 
1.373741 -2.912854 -0.610395 1.332997 -21.693397 1.715197 9.499984 
0.283453 0.386419 -0.245439 0.730981 -0.714458 5.657358 0.030674 
0.170281 -0.704526 -0.073840 0.538228 6.400316 15.799299 14.145720 
1.505698 -0.652040 0.554161 0.039220 10.339805 -7.526593 5.797727 
0.360047 -1.084242 0.340580 -0.309769 -8.636763 -3.981167 -6.066851 
0.588861 -0.433571 -0.439779 -0.084514 -15.037738 13.160501 9.838514 
0.381565 -0.673704 -0.389929 0.309816 -14.737114 10.518243 9.158831 
0.166121 -0.160769 -0.364251 -0.356971 -0.640998 -16.013109 -4.183672 
1.652096 -0.043338 0.075260 0.154741 -18.005811 16.710424 5.640175 
0.215498 1.998587 -1.777416 0.719188 17.670752 -7.090579 1.406565 
0.524663 -0.318018 0.330385 0.556733 -2.594850 -5.615094 2.067110 
0.489037 -0.623302 0.657556 -0.256560 -15.253619 7.416363 4.597745 
0.247044 -0.319411 0.041135 0.610300 -12.113089 5.092935 -5.313137 
0.408569 -0.256204 0.132062 0.399766 18.950536 13.030320 -7.929583 
0.429966 -0.504429 0.145148 0.227823 -16.592257 6.079152 -5.843567 
0.205030 1.312380 -0.813693 0.171277 5.262463 -10.366160 -3.238427 
0.104504 0.530236 0.093761 -0.618469 -9.594228 4.668034 0.247335 
1.704172 0.486453 -0.789871 -1.357472 -2.325722 3.817491 -7.470507 
0.208973 0.623612 1.013866 -0.972151 2.884235 -2.509378 -2.047163 
4.631110 -1.195537 1.283416 0.778728 -4.845795 0.402247 12.527389 
0.135103 -0.213849 -0.450726 -0.206010 2.414226 -7.617133 -0.956865 
0.169606 0.476414 0.852054 0.607482 3.274841 14.177490 -7.833652 
0.567692 -1.093626 -0.119959 -0.634909 -13.188026 -12.953638 -0.123024 
0.214292 0.009552 -0.103869 1.355934 -8.788423 5.387779 16.920632 
0.450345 -0.223446 0.115500 -0.259142 2.888273 16.055085 18.071133 
0.407103 -0.256289 0.200507 0.111582 -2.864600 -6.581341 13.267046 
0.846636 -0.111462 0.283851 -0.133283 -23.283088 -18.482375 -2.549085 
0.123163 0.915947 -0.717800 -1.917822 3.616735 -8.949203 -9.896617 
0.120648 -0.124127 0.606561 -0.643996 -8.851715 -5.615853 -8.311740 
0.387333 -0.115506 1.011079 0.184706 -14.390954 1.894369 12.627540 
1.095352 -0.260273 0.626086 0.730003 -18.180162 2.234535 3.653896 
0.212730 0.241406 -0.131836 -0.445742 6.479084 -6.856477 2.485789 
1.575080 -0.348364 1.050245 0.649349 2.038006 1.323537 19.141786 
0.102042 0.433020 0.513718 0.417005 2.116103 -3.879622 15.553057 
0.606266 -0.503195 0.529933 0.158429 7.365112 11.108199 -4.042611 
0.250734 0.104332 -0.008808 -0.004809 -23.044670 -0.617239 1.629848 
0.184902 -0.399754 -0.083128 0.078391 -6.711082 27.192635 4.197397 
0.348863 -0.998272 0.915999 0.160470 6.502865 15.648147 -6.506110 
0.127948 0.565858 -0.646326 0.740326 -6.580733 -9.363604 6.349951 
0.127545 1.090917 0.129516 1.864997 1.546734 10.491233 17.790724 
0.089378 0.746883 0.866319 0.674884 7.119328 -5.493462 0.746389 
0.220514 0.041739 0.560181 0.589909 18.014560 0.592321 -4.688671 
0.195396 0.649028 -0.502575 0.049280 -8.954400 -11.168047 -12.255106 
4.245083 -0.857536 -0.687811 0.390666 -9.837558 2.511214 -3.332098 
0.095817 -0.352427 0.397316 -0.233158 -0.901098 0.352220 -16.597254 
0.569763 -0.621306 0.387320 0.189774 -21.985084 0.579562 6.007731 
1.098164 -0.108295 0.088001 0.207099 -12.346227 16.527044 -11.627006 
0.538990 0.073311 0.468827 0.106229 11.535082 0.684176 12.990785 
1.288776 -1.037635 0.059335 0.268980 -10.989674 -2.523723 -1.219050 
0.193816 0.196703 0.390881 0.180676 0.725933 8.721579 -17.747787 
0.378483 0.383513 1.020766 -0.008547 -14.802985 3.662954 5.712025 
0.130333 -0.621518 0.652153 0.237419 11.505163 9.168517 5.181672 
0.235233 -0.111562 0.388289 -0.430395 -2.547610 -12.764174 -4.364514 
0.474050 0.030506 0.254988 -0.456241 -11.704815 3.335687 -7.116060 
0.170650 0.114323 -0.491494 0.092700 -5.842384 -17.563616 -5.961520 
0.551803 -1.207963 -0.339759 0.082064 2.814792 -4.127561 7.551034 
0.131497 0.147152 0.537435 0.131031 10.201228 -0.376668 -10.002379 
0.367063 -0.941022 0.266967 -0.322474 -12.883694 -12.171597 1.373384 
0.237052 -0.047714 -0.385634 -0.286111 -0.248988 -0.293694 3.212321 
0.979329 0.043033 -0.127497 0.619535 14.894267 -0.618006 -8.940251 
0.113309 0.628459 0.268258 0.041115 7.430985 17.863888 -1.313379 
0.202812 0.910695 0.483745 -1.138797 16.273544 3.830558 3.768111 
0.145792 0.156553 0.782450 -0.029471 3.691300 12.086545 1.689427 
0.206856 0.052676 -2.280029 -1.240250 -7.993553 -22.455241 -11.829297 
0.534870 -0.558901 0.204031 0.002027 7.362268 15.813852 -12.654981 
0.091732 -0.759193 0.253930 0.843951 -1.723663 -12.255742 7.418733 
0.094435 -0.114902 -0.061522 1.061762 -7.362098 13.002824 -0.126506 
0.106821 0.072103 -0.085019 -0.158476 -7.579141 11.628168 -4.329431 
0.443043 0.516778 0.280512 -0.638092 9.839858 8.353938 4.587652 
0.087582 -0.240489 -0.434802 -0.610443 -14.479413 6.329473 -0.184392 
0.159466 -0.763176 0.048969 0.332561 9.286805 -9.524794 8.864043 
0.829727 0.076749 0.054903 -0.565610 -10.782130 9.726097 -10.163337 
0.093662 -0.591737 0.758343 0.988341 1.891458 -7.011313 9.493681 
1.055006 -0.839428 0.618557 -0.599084 -7.371473 -0.120308 8.156630 
0.290595 0.474496 -0.226218 0.743012 -4.658069 13.341018 18.341012 
0.226020 0.388831 -1.694879 2.956190 11.260257 -13.102194 22.520832 
0.258652 -0.243797 0.494019 -0.025224 3.910309 1.087517 -7.281640 
0.504080 0.423098 -0.284650 0.011923 -3.922164 -2.278115 16.868902 
0.133644 -0.343856 -0.084900 -1.982775 -10.464457 -12.231660 -17.320291 
0.102367 -0.397628 0.161772 0.222906 -29.766580 -8.311449 6.180512 
0.102733 0.516032 0.462852 0.311031 8.868114 -0.527176 13.807729 
0.406103 -0.048568 -0.149887 0.111043 -4.857078 -11.543456 -19.209733 
0.170184 -0.683038 -0.765352 -0.941931 0.493483 8.179988 -8.930189 
0.080956 0.815528 1.453007 -0.414655 2.382866 18.759874 -8.848381 
0.171393 -0.644782 1.212546 0.441138 -5.942595 4.680954 -7.954000 
0.103884 -0.634787 -0.051436 0.035899 -1.911291 6.709412 -3.732413 
0.287723 0.240794 -0.027595 0.448089 2.560007 6.551607 -6.658138 
0.707610 -0.292108 -0.028686 1.336827 -3.004820 4.271136 9.839917 
0.161798 -0.140789 -0.135930 0.321396 -13.119977 -13.762290 15.153938 
0.495528 -1.370534 2.131561 0.628869 -8.173153 8.842749 1.444937 
0.081729 0.899036 0.429101 0.579116 -3.370583 8.114424 15.876798 
0.498673 0.216123 -0.306543 0.263699 10.337559 7.529401 -16.692388 
0.189760 -0.606846 0.159269 0.369929 10.045555 -0.703928 18.250901 
0.174582 1.306871 0.471376 0.515356 1.259604 -0.189645 10.451900 
1.913197 -0.234469 0.998663 0.135459 -14.376887 15.348117 -0.658590 
0.156957 -0.472893 0.715886 -0.185802 -3.280195 10.946039 -12.192586 
0.318637 0.468107 0.646704 -0.020713 -2.060354 -9.731443 -8.601995 
0.384886 -0.675061 -0.184240 0.241689 2.716423 19.945796 -5.772112 
0.094543 -1.156970 0.473489 -1.609195 1.689968 10.847758 -12.393224 
0.093801 0.694114 -0.535904 0.260148 -2.579345 -6.432520 -15.394840 
0.259589 0.136667 0.677948 0.711743 4.125478 10.512037 14.865502 
0.331382 -0.091950 0.058380 0.154883 1.236223 -7.878947 -0.007760 
0.597086 -0.956295 0.880727 -0.125248 -0.037822 17.952409 -1.838874 
0.244466 -0.362806 0.003056 0.458184 -6.922639 11.684794 -5.877608 
0.409757 0.005919 -0.365989 1.208444 -11.128504 8.226375 14.383821 
0.703460 -0.629559 0.809154 0.629831 12.312361 -0.037075 10.046873 
0.129081 0.322306 0.287711 0.413203 -5.657145 5.358369 9.541192 
0.592856 0.698477 0.061396 0.604351 5.421290 19.806834 4.013648 
0.598064 -0.021628 0.346293 0.917809 -11.680515 -2.175220 18.752042 
0.315326 -0.692564 0.694211 0.701299 -20.364462 8.438019 6.653956 
0.830552 -0.039973 0.099296 -0.292456 -18.339716 14.021423 -2.881606 
0.107798 -0.578941 0.689761 0.883584 -2.299079 2.306256 0.180909 
1.282747 -0.036238 -0.829148 -0.408289 10.469488 -5.194888 -14.179441 
0.179704 -0.071278 -0.410002 0.311744 -10.208726 7.149714 21.118717 
0.226650 0.317711 -0.567923 0.327731 -9.377003 -10.387050 1.460629 
0.213577 0.036105 0.832016 0.298005 7.779471 18.751506 -2.861539 
0.360054 -0.348532 -0.003549 0.017913 -17.181049 -4.984270 -11.138098 
0.590465 0.350220 0.002269 -0.038519 8.310821 8.077935 -8.879641 
0.323997 -0.248322 1.627457 -1.478135 -3.569427 21.447579 -4.348948 
0.080856 0.390241 -0.776215 0.998429 11.993225 7.519071 -0.370866 
0.143920 0.189722 1.612855 -0.034643 0.132284 1.356571 3.506196 
0.128165 1.043970 0.207812 0.295410 -0.306620 9.945621 6.747937 
0.371144 -0.180512 0.871984 -0.185494 5.284409 -7.718713 -7.908757 
0.145470 -0.892565 0.704134 -0.915933 7.173223 0.655554 -9.887002 
0.092657 -0.245027 0.506887 -0.125917 4.425140 19.624145 -5.451190 
0.587126 1.177319 -0.509453 -1.644792 18.485055 -12.177565 -6.065747 
0.235289 -0.080381 0.273320 0.515390 -12.376443 8.088923 1.189776 
0.569180 0.190438 -0.774641 -0.010923 -14.550221 2.263018 -7.451391 
0.093590 -0.490203 0.188475 0.970928 -8.338496 8.635299 1.104053 
0.249342 -0.144815 -0.592300 -0.476622 2.675508 2.612868 12.086521 
0.543855 1.465110 -0.257900 -0.250403 15.264658 -8.669913 4.601693 
0.236315 1.419708 1.721285 -1.680843 15.735360 25.715291 -8.539883 
0.136931 -0.067044 0.327004 -0.353813 12.532577 -21.824687 4.298145 
0.109437 -0.371325 -0.733534 0.328682 -14.441336 -2.196401 -12.826225 
0.915698 0.299972 0.389353 0.111582 9.992497 -7.183222 -17.505336 
0.125769 -0.128184 -0.391392 -0.220390 10.256707 -9.188000 -0.402150 
0.182221 0.305406 -0.329179 0.165862 -18.874463 -8.441009 -1.140955 
0.624303 -0.890566 -0.594665 -0.265157 -5.161188 7.853801 6.043036 
0.123119 -0.755518 -0.025750 0.309965 -8.806162 2.386367 5.832177 
0.093277 0.284452 0.243072 0.211261 9.923173 -10.383855 10.866795 
0.126609 -0.767023 -0.763406 0.729883 7.127372 3.551051 11.177501 
0.342755 -0.179427 1.005038 0.413731 -17.486298 20.211585 5.323273 
0.887808 1.034134 -1.446914 0.211038 4.396360 -2.705642 2.603723 
0.718573 -0.772560 -0.401890 -0.709900 7.510867 -4.154484 -3.969767 
0.789225 -0.179784 0.901997 0.016114 3.424849 7.696098 -8.799401 
0.126531 0.541778 0.179378 0.557576 -6.921190 8.027689 8.157076 
0.685572 0.088184 0.102255 0.200401 3.579835 13.043960 -3.981465 
0.342997 0.987899 -0.335262 -0.192449 -8.532945 1.725028 -3.179016 
1.141486 0.539676 0.508123 0.680524 -8.537750 7.505622 -6.936807 
0.181571 -0.402476 0.246753 0.486504 3.135357 -0.821288 19.302740 
0.271737 -0.306804 0.078219 0.507593 -0.257136 -2.939630 11.228824 
2.465276 -0.483706 0.181029 0.244764 -22.094815 -9.413210 -11.192442 
0.132761 -0.364433 -0.043371 -0.568144 16.184980 7.018350 2.258726 
0.088416 0.481982 -0.162574 0.116944 -17.632270 0.479701 10.607526 
0.089291 -0.083232 0.368369 -0.225952 -2.854984 -3.314067 11.414431 
0.263350 0.068562 0.075945 -0.028741 -15.756063 -8.854868 -17.344163 
0.423754 0.548371 -0.275875 0.858045 8.231364 16.339510 12.849367 
0.178200 -2.086569 -0.663711 -0.046203 -8.920019 2.046671 -0.176828 
0.269147 -0.448279 -0.962573 -0.051922 -15.330534 7.916028 -5.577994 
1.218772 -0.852771 -0.047706 0.046713 7.909428 -13.112478 10.534853 
0.195759 0.480074 -1.065917 1.099088 -2.277786 -12.204581 1.641394 
0.310560 0.232332 0.188161 0.638986 11.214884 -4.238461 2.137236 
0.132928 -0.209338 0.482117 -0.411647 -1.905909 0.616415 -2.164424 
0.130606 -0.334428 0.630645 0.430195 4.912211 -11.387900 -12.951105 
0.180981 0.557896 1.836420 1.481227 1.435139 20.973709 17.141425 
8.040799 0.100523 -0.269471 0.085533 -4.373457 -4.914184 -0.324801 
0.080873 0.071027 0.594629 0.372094 -20.862549 4.030615 -3.275013 
0.337684 0.184693 0.577256 1.692419 5.858864 -5.051528 9.180048 
0.727006 -1.343073 0.924108 0.458332 -10.801170 0.575789 10.263961 
0.130102 -0.273900 0.149931 0.312379 -6.014016 -24.292911 6.888773 
0.107057 -0.441910 -0.573224 0.783678 -1.572118 10.056792 19.225749 
1.352041 -0.262470 0.183225 -0.378902 5.407701 1.093138 -17.921659 
0.108970 -0.734252 -0.008060 0.220920 -5.267874 5.827469 -19.387446 
0.148499 1.521236 0.713995 -1.126936 5.610716 -1.711750 -6.113165 
0.263983 0.309304 -0.565265 0.048595 2.170312 0.809954 -2.495110 
0.240265 -0.389873 0.813160 0.083596 5.130760 15.728981 5.827613 
0.217954 0.004400 -0.044052 0.008269 -2.704482 -9.758159 -11.158772 
0.444167 -0.243456 0.661852 0.009516 5.845980 -10.524783 -14.830948 
2.752555 0.056393 0.619759 -1.345746 -3.457006 9.571203 -7.638314 
0.266546 0.600463 0.225244 -1.006775 5.502002 -1.589646 -4.553652 
0.104305 -1.362777 0.521780 0.288062 5.638589 3.623844 7.721023 
0.144490 1.042818 0.942362 -0.563058 0.352302 10.091224 -13.940971 
0.094619 0.067120 -0.187630 0.351627 -5.768553 -0.726539 -13.838877 
0.144851 -0.003281 0.568652 1.123541 13.040417 -1.742993 5.382628 
0.132290 -0.380868 -0.049288 1.291985 -13.246079 12.706898 7.186624 
0.524424 0.006141 -0.426488 -0.288966 2.825231 5.120474 14.247606 
2.804970 1.572988 0.437959 0.157296 14.736740 2.616359 5.481600 
0.151725 0.103743 0.242116 0.404027 -18.046619 4.853732 -7.818913 
0.691052 -1.008809 0.126429 0.173272 -11.283112 -14.994456 2.187481 
0.123125 -1.851833 -1.238729 -0.903244 -13.752023 -2.948593 -6.229263 
0.095501 0.180986 0.174597 0.362932 6.856915 11.208441 1.489833 
0.082472 -0.051114 0.016871 0.606921 5.382689 3.103352 -6.299360 
0.088000 0.041566 0.031037 0.784989 15.077397 2.322218 7.721012 
0.106567 -0.608059 0.258694 0.167059 -13.751786 9.641731 1.072419 
0.083960 -0.461630 -0.578492 1.023222 -10.458732 -3.902418 13.330507 
0.444394 -0.113901 0.503980 0.451709 2.234227 12.723683 17.991930 
2.968598 -0.065748 -0.046494 -0.375711 1.087151 -9.866799 -1.047986 
0.118415 -0.950930 0.107898 0.023387 6.507252 -2.193806 -13.688212 
0.123056 -0.384560 -0.243493 0.760303 -0.356399 11.600096 12.760483 
0.111967 -0.655797 0.444857 -0.146799 0.466884 15.509166 0.853224 
0.095336 -0.201551 0.120413 -0.170651 4.091936 -4.858387 -6.643913 
0.085245 -0.552226 -0.024091 0.261589 -6.353447 -2.606620 -21.453599 
0.219520 -1.104485 -0.442590 0.412802 -10.790521 1.110359 -9.463770 
0.269315 -0.617952 -0.717105 1.108349 -1.517556 7.950713 2.234409 
0.084729 0.077888 -0.240361 0.450248 11.020670 -8.440847 12.068451 
0.193296 0.255272 -0.572929 0.729199 4.733269 14.553538 12.084585 
3.042533 -0.342116 -0.571185 -0.654472 1.559459 -13.453111 6.620299 
1.417540 1.412202 1.557708 -0.377791 7.951718 5.768739 3.555581 
0.348250 -0.262796 0.174980 0.119629 11.838095 -3.209950 14.940194 
0.189420 0.162159 0.060231 0.664160 15.270451 9.174172 8.849614 
0.222484 0.138874 -0.263075 0.297972 3.145644 7.446217 -10.465353 
0.319069 -0.147735 0.273672 -0.750677 11.575685 5.961220 6.627238 
0.092091 -0.331699 -0.288363 0.704706 10.247906 -0.090463 -4.319131 
0.486369 0.767321 -0.511869 -0.179185 1.584576 -11.919557 2.062658 
0.293964 0.226441 0.582323 -0.003243 5.370632 12.978157 -7.306390 
0.150389 -0.450098 0.298118 0.014281 -10.174917 20.243743 8.832723 
0.098254 -0.400303 0.133814 -0.059128 -18.049862 2.728721 13.975145 
0.129777 0.126612 0.252401 0.413823 2.479133 7.411074 0.733090 
0.089968 0.751586 0.680336 0.176743 -0.284037 1.129132 -13.681779 
0.178187 0.358897 0.006191 -0.374145 10.051806 0.623816 -0.536092 
0.446547 -0.566528 0.230363 0.241735 6.984844 11.469689 6.281401 
2.596189 -1.629678 -1.476089 -0.631358 -15.004164 -11.118199 2.691582 
0.941679 -0.092527 0.507113 -0.096894 3.839258 1.075040 19.743174 
0.357477 -0.434690 0.112383 0.190154 -0.638352 -22.989919 12.518793 
0.233141 -0.485683 0.543952 0.369554 -13.897694 13.361758 -8.534092 
0.109886 -0.635265 0.107405 -0.258563 11.261644 -5.157258 4.117553 
0.103385 0.145489 0.735851 0.167803 9.384988 -0.776080 13.968718 
0.307529 -1.132674 -0.884032 -1.770109 -4.136303 -10.700052 -5.486568 
0.224214 -0.805337 0.413244 -1.801454 1.910043 -6.866197 -17.272383 
0.688471 0.450290 -0.241163 -0.126634 -7.528543 13.681415 -5.572501 
0.121886 0.277545 -0.700496 -0.146008 5.306059 -7.574686 13.288143 
2.036878 1.818265 -1.235727 -0.267292 6.163312 -6.830577 -6.674574 
0.108772 -0.244764 0.911598 0.546964 2.288377 13.240111 -5.607063 
0.087214 -1.054751 -1.502175 -1.094638 -1.387046 -11.565565 -0.198939 
1.095005 0.257293 0.319456 -0.223471 -4.210993 -7.837789 -13.191920 
0.462444 0.118831 -0.082599 -0.362085 0.811641 -1.208896 -24.134195 
1.195467 -0.064836 -0.049420 0.213665 0.981890 25.669656 0.319177 
0.124532 -0.046016 -0.201786 0.238825 21.959396 12.479631 -4.733105 
0.239527 -0.172058 -0.231218 0.225229 -16.554065 -7.150541 17.655657 
0.513647 0.224446 0.208775 0.813170 2.109717 -11.849728 -1.196515 
2.322161 0.084933 -0.298945 -1.114037 10.541811 6.456790 -1.747892 
1.749945 -0.054287 0.249211 -0.124856 9.207355 -36.345808 17.366216 
6.427225 -0.488267 0.193102 0.209575 4.289390 22.125403 -9.772535 
0.187473 -0.242351 -0.201029 -0.080596 -6.874649 1.050662 20.685373 
0.080411 -1.177182 1.141477 0.942848 0.355264 8.931220 6.680815 
0.084886 -0.622563 0.109500 0.082770 -0.462225 -0.257650 0.648734 
0.210734 -0.034003 0.301571 -0.183265 19.054356 -20.870823 -0.048443 
1.039799 0.546816 0.187712 0.743028 0.201193 7.086777 17.429419 
0.589256 0.280119 -0.259070 0.500422 10.942390 3.556965 -0.508472 
0.193774 -0.575367 0.894786 0.132209 -13.988646 -9.536572 13.465016 
0.204408 0.051324 -0.052326 -0.315936 17.978257 -1.700431 7.554572 
0.203976 -1.073162 0.340836 0.317842 -12.538560 -0.632090 -14.467064 
0.100379 -0.187109 -0.288188 0.132173 -4.550088 4.645223 5.101888 
0.224716 0.230283 -0.221874 1.315379 -6.405941 9.717387 9.642638 
0.736908 -0.160319 1.314796 0.288793 -14.590135 16.883407 -0.815377 
0.183623 0.893667 0.399543 -0.931868 4.007017 -0.426467 3.107122 
5.763363 -0.622886 -0.910939 -0.161400 2.022393 3.045235 2.796829 
0.155563 0.122744 0.058590 0.327143 10.089687 7.430827 9.004150 
0.205052 -0.735657 0.767330 0.431471 -17.669580 -6.896315 12.836378 
0.256881 -0.438957 -0.791190 -0.026144 -4.121272 -6.664578 18.842672 
0.383592 0.131875 -0.707708 0.210283 0.237979 -6.268173 -19.824728 
0.115189 -0.928415 1.279911 -0.262325 -10.073896 9.675269 15.336083 
0.144188 -0.493995 0.074775 0.388161 -18.405475 15.244047 -7.886296 
0.208231 -0.566145 0.558087 0.956831 -3.767090 2.714981 14.513130 
0.523071 -0.689178 -0.158592 -0.064962 10.608221 -6.105621 14.991322 
0.460238 0.064426 -0.056245 1.589227 12.499213 0.821438 1.402742 
0.500482 0.125841 0.700443 -0.515737 -10.624145 6.834928 9.217754 
0.190881 0.670651 0.598785 1.420096 17.366570 -1.149524 7.740071 
0.095002 -0.053006 -0.013729 0.094285 -13.123728 -17.740845 4.390979 
0.282526 0.352412 -0.118040 0.295876 -18.228155 -2.023474 13.881870 
7.200905 -0.649019 0.277200 1.062980 -13.935427 5.540219 -1.641628 
0.639887 -0.915240 0.423615 -0.014882 -3.535750 -6.477195 -15.188606 
0.088337 0.108204 -0.263000 0.059341 4.836932 -9.393230 -21.111248 
3.427020 0.562198 -0.244640 0.767258 -0.771116 4.057700 0.473285 
0.286232 -0.448020 -0.517033 0.320145 -7.946973 -1.622034 14.172841 
0.111446 -0.490658 0.634712 0.929731 -12.080707 6.196574 0.691041 
0.194955 -0.345494 0.350544 0.297538 -23.808210 0.205670 8.232690 
0.190041 -0.841993 0.212727 -0.116702 -3.128573 4.377978 -9.594112 
0.170109 -0.528542 0.548867 0.550768 -7.318688 -7.238204 -2.424928 
0.162386 -0.636303 0.342553 0.187371 -13.924540 13.004725 -9.447232 
1.166044 1.018232 0.095562 1.647504 5.255367 13.282008 15.793371 
0.584740 1.368410 0.145328 0.430670 -2.645235 -2.714223 0.258327 
0.396613 -0.262114 -1.344512 -0.797484 -9.482247 1.683057 -7.390262 
2.418064 -0.478464 0.425885 -0.042583 -1.089401 1.002316 -1.128540 
1.010429 0.052993 0.014505 0.168698 20.382838 -9.818677 -4.287247 
2.532142 -1.331549 -0.008439 -0.010673 5.696720 -6.477696 0.400800 
0.107929 0.426719 0.714723 0.672867 -0.440243 -11.244655 -2.646209 
0.167175 -0.573329 -0.047123 -0.759809 5.264790 -0.355827 6.913251 
0.254952 1.415654 -0.765268 -0.618611 6.208293 4.628147 -8.479360 
0.429694 0.484260 0.405981 0.753039 9.949716 13.595982 -1.806344 
0.496826 0.054506 -0.041350 0.228763 13.357757 12.781142 20.826339 
0.121547 0.619225 -1.693486 0.220420 0.202747 -22.305377 -4.402239 
0.215928 -0.197134 0.975692 0.091972 -1.162569 21.305483 -9.871169 
0.270339 -0.410277 0.392294 0.263329 -8.827592 -21.707377 -11.863297 
0.080083 -0.140959 0.254247 0.792427 14.502774 -1.309955 0.438331 
0.272801 0.654122 -0.167490 0.186939 -3.896696 11.068410 3.400938 
0.248941 -0.092187 -0.512501 0.590579 16.826919 1.568014 -7.909657 
0.198171 -0.116573 -0.465788 -0.109334 -4.491440 7.372224 -7.790659 
0.125940 -0.124587 0.718025 0.399735 -4.999589 15.709219 3.402510 
0.397489 0.359628 -0.188679 0.534600 -0.123614 3.323884 -3.969611 
0.109822 1.460978 0.227677 -0.097508 16.145977 -1.045012 -9.237022 
1.950578 -0.381232 0.150618 0.131312 8.953388 -14.602147 17.934675 
0.085723 -0.115159 0.497739 0.594316 1.564196 8.890822 11.741277 
0.261677 0.220448 0.379501 0.377735 -4.353937 -0.109009 12.992703 
0.410668 -0.226790 0.932616 0.777777 8.229337 -8.054620 5.145143 
0.278253 0.401217 -0.234169 0.690312 5.508582 10.491719 10.308441 
0.362834 -0.661677 0.517055 0.388533 -3.663185 17.026731 6.354380 
0.191416 2.964150 0.294340 -0.212231 27.649701 11.732436 -4.299603 
0.204516 0.824634 -0.506898 -0.851920 6.774844 1.640716 3.266038 
0.119244 -0.009304 0.655245 0.540717 -8.410330 -16.854733 4.563911 
0.394798 -0.058009 -0.114183 -0.182071 8.787076 -2.217385 18.087618 
0.108074 -0.020525 0.611277 -0.561866 -3.255835 9.275732 -6.135457 
1.687457 1.406862 2.384704 0.130226 12.976381 14.573611 6.700452 
0.142585 -0.117122 -0.164084 -0.244660 6.732207 21.414881 3.674714 
0.999592 -0.445009 0.585704 -0.265669 -10.476840 4.220087 7.092555 
0.835224 1.354273 0.005680 -0.090166 2.782838 15.690097 1.914770 
0.133760 -1.064538 -0.816014 0.109441 -7.527138 -0.629712 9.599889 
2.914902 0.911152 -0.450432 0.104101 9.313632 -7.425655 0.238965 
0.289537 -0.725079 -0.612713 0.151122 -12.392977 -1.336964 -4.875635 
0.111589 0.135849 0.299296 0.141377 1.834823 -1.100747 -12.899976 
0.666435 0.077387 0.792185 0.322873 0.704199 8.502782 7.401948 
0.118124 -0.077574 -0.214746 0.495858 9.441557 12.174813 4.801005 
0.082017 -0.502278 0.448069 0.329330 -11.451970 14.228808 -8.883194 
0.384643 -0.107750 -0.306934 -0.163839 18.108750 6.883514 -4.472148 
0.170390 -0.693082 0.402434 0.639014 -12.883025 -0.785229 -4.518685 
0.164634 -0.230329 -0.024752 0.466495 5.680967 -10.013526 15.726516 
0.710018 -0.793982 1.212664 0.625461 -0.101267 6.664506 5.104481 
0.490174 -0.224508 -0.043972 -0.353530 -8.562591 17.263062 -15.097657 
0.209872 -0.427815 0.192167 1.078184 -4.577220 16.763148 -0.887461 
0.191407 -1.585031 -0.907863 -1.223371 -3.407386 -0.542454 -12.564021 
0.086220 1.008048 -0.054139 0.379309 7.258997 -2.891397 12.112352 
0.253249 -0.058380 0.415116 0.214979 -17.362932 21.597854 3.538280 
0.443660 0.168425 0.531131 0.072869 -9.350221 5.690675 4.196594 
1.478874 0.610419 0.694072 0.476731 -8.239870 2.749116 1.528844 
0.997008 -0.355087 -0.100097 0.106812 -25.314622 -12.426012 -3.004668 
0.119733 -0.565332 0.603349 -1.135984 4.899945 -5.246832 -3.440577 
0.155712 -0.785810 -0.201170 0.556285 8.202864 10.559525 -5.078579 
0.248140 1.204774 0.118814 0.047365 11.315502 6.502179 3.769929 
0.211986 -0.724974 -0.961595 2.063316 -7.484995 -10.229833 7.475657 
3.164370 0.247341 0.461860 0.044564 -5.729424 4.345103 19.659806 
7.811175 -0.071700 0.266794 -0.115534 2.554173 -15.386975 5.704837 
0.119711 -0.131882 0.029308 0.700313 12.793545 0.279701 4.691252 
0.081905 -0.270896 1.724870 0.447257 -0.561048 3.585250 -0.888812 
0.128974 -0.515023 -0.208453 0.504203 -9.279168 -17.049448 -1.959861 
0.098410 -0.559670 0.289533 -0.325077 -4.349599 8.452563 -1.974507 
0.208666 -0.539391 0.026709 0.888732 10.399201 9.687048 16.031593 
0.338702 -0.086589 -0.899894 0.574993 9.946212 -5.971609 15.415746 
0.270406 -0.283916 -0.461263 -0.728110 16.337373 -1.048272 -4.159884 
0.261780 -0.012036 0.281336 -0.042511 7.079032 0.602384 17.450930 
0.198271 0.197301 0.283086 -0.104153 -0.727629 15.208043 -13.287558 
0.547947 0.313411 0.102234 0.409220 18.161661 10.895827 6.227200 
0.084496 -0.414707 1.027369 0.474464 -4.575109 -11.235576 11.581539 
0.547853 0.291055 -0.395240 0.216717 -1.854270 -6.210421 -2.249192 
0.124445 0.010115 0.236063 0.437408 -15.077819 18.382733 2.866306 
0.573077 0.074728 0.339838 -0.303716 8.782700 -0.017014 4.984978 
0.415176 0.209879 -0.562645 -0.315466 5.667215 -8.680817 5.759885 
0.878922 -0.083609 0.092672 -0.771429 -9.296661 -16.108977 0.539030 
0.094683 -0.391728 0.854221 -1.363511 -0.881243 -5.036345 -3.351053 
3.025229 -0.789143 1.535069 -0.107772 6.840227 9.005397 -5.641055 
0.102725 -0.607203 -0.326776 -0.103863 -5.507988 -15.002047 14.878985 
1.385436 -1.821400 0.271468 0.439821 -9.293623 12.551688 6.131177 
0.188343 0.853575 -0.342579 0.329814 5.058593 1.181046 10.411989 
0.308804 0.234438 0.563048 0.005261 8.213346 -7.535728 -18.098587 
0.266901 1.095526 1.032922 0.382991 16.586536 -0.288340 3.916473 
0.352073 0.167012 -0.247435 -0.990216 -11.286737 -2.483100 5.255394 
0.588656 0.695221 -0.752814 -1.272340 11.537231 -3.841260 -5.958910 
0.105091 -0.266545 0.111855 0.171256 5.747395 11.126776 -3.530850 
0.147682 0.875790 -0.137629 -0.529127 7.852740 -7.863065 11.193570 
0.179358 -0.339554 0.353071 -0.150699 -19.321544 15.542623 6.923212 
0.522896 0.366435 -0.589389 -0.034066 -4.732786 -7.857821 -4.287927 
0.141510 0.733028 -0.440616 -0.356020 4.920350 -2.339291 2.926884 
0.105633 -0.146683 0.099648 0.008958 8.640941 0.283359 16.998129 
1.115389 0.235087 -0.250579 0.065676 -4.700524 2.186685 18.379711 
0.100224 1.935938 -1.230529 -0.047201 9.108405 -10.183652 -9.208276 
3.043771 1.310535 -0.327142 -1.778867 9.120420 -2.616809 -5.977928 
1.677124 0.279396 -0.724284 0.399451 2.489030 6.919855 -10.248142 
0.154714 -1.701903 -0.616039 -0.344136 -1.597727 -4.104527 -4.375577 
0.509531 0.444862 0.299289 0.317534 -3.437141 5.293100 -4.345622 
0.118595 0.648452 -0.231014 0.601581 -8.493870 9.164873 -3.739875 
0.192470 0.901964 -0.224319 0.427353 3.531647 -4.172380 4.267411 
0.156661 0.028568 -0.590017 1.372182 1.964898 10.167398 9.038401 
0.269171 -0.065752 0.177604 -0.333310 -18.269993 -1.634277 -9.359207 
0.275015 -0.648929 0.467967 0.238520 -20.093337 5.188717 -5.812464 
0.133107 -0.408705 0.228632 0.507662 -7.228011 2.646100 16.098434 
0.116244 0.331555 -0.799497 0.330749 -6.467210 -4.080220 0.159801 
0.262815 -0.417886 -0.757201 0.679600 -7.697974 -10.109102 -5.204391 
0.152197 -0.519461 0.295255 -0.966735 -19.818056 3.976245 -3.695689 
0.591538 0.526908 -1.048844 -1.134839 -2.772723 -6.430602 -18.465002 
0.273814 -0.277168 -0.172698 0.085374 13.453012 17.633754 5.289800 
1.296377 -0.309339 1.007328 0.486015 -10.094199 15.244208 2.568115 
0.625099 0.022033 -0.276911 0.583894 1.530020 11.602937 17.507754 
0.953431 -1.351089 -0.639717 1.132680 -6.843833 -3.651105 14.059640 
1.362864 -0.136671 0.393460 -0.080931 16.929704 -3.422866 -12.110348 
0.388981 -0.666034 0.260233 0.586173 -18.388826 0.739016 4.991662 
0.178332 1.687299 -0.395207 -0.100919 20.285325 5.335852 6.873779 
0.372184 -0.599469 -0.511240 0.485327 4.881061 -4.351184 -10.603276 
1.884918 -1.298169 0.187990 -0.048109 -11.560824 -0.022573 8.015687 
0.093160 -0.963037 -0.565458 -0.615544 3.840576 -2.642766 2.994887 
0.093696 0.123976 -0.470420 0.409231 0.952741 10.633512 1.960031 
0.080850 1.649268 -1.225102 1.189789 4.880685 -15.382051 10.600714 
0.277717 -0.104690 -2.016609 1.125532 0.980877 -6.143461 14.265329 
0.330199 -0.470207 0.694355 0.335865 -0.870405 5.554511 -12.093351 
1.020862 0.530650 0.264574 0.128169 6.317612 -13.648234 -2.149561 
0.554068 -0.692618 0.317660 0.476378 -18.614352 -14.696484 11.861558 
0.410517 0.466925 -0.155051 0.657650 -16.545813 0.340997 7.176079 
2.241100 -1.184571 0.249661 0.371650 -12.136259 9.012939 -6.497997 
0.769947 -0.381777 -0.346227 -0.203233 8.546101 6.227845 -17.538696 
0.085466 -0.241867 -0.429881 -0.174594 -21.499360 -12.306971 -3.541967 
0.645582 -0.338340 0.344683 -0.321232 -1.581861 -2.628744 -17.324626 
0.291207 1.422964 0.074407 -0.510688 15.566323 -1.613611 -5.116741 
0.780826 0.907518 1.459835 0.310504 -6.099793 15.552175 4.975480 
0.178041 -0.138429 0.354597 0.659991 3.648552 3.227081 3.637850 
0.111657 0.475339 0.317771 0.530193 -12.049147 8.504424 6.850381 
0.141933 -0.174039 -0.217929 0.037677 13.160624 -10.104476 -16.079301 
0.503658 -0.285168 -0.319067 0.668958 -13.261722 -8.434339 16.919891 
0.266518 0.404482 -0.751449 -0.912603 -11.831458 -5.853019 -5.842284 
0.136578 1.014290 0.266765 0.424612 10.553851 6.053602 0.210564 
0.126498 -0.722127 -0.433144 -0.329233 -3.191262 -10.121791 -2.128196 
0.081261 1.599663 0.616923 0.184246 12.660031 -8.804507 -3.707182 
0.167252 -0.126940 0.079201 0.156873 -0.060525 1.742617 0.931457 
0.607244 -0.569085 2.064012 0.539279 0.303442 7.645738 -0.727893 
0.266741 -0.576141 0.296024 0.546830 7.706273 -20.341372 14.319276 
0.157175 -0.422140 -0.618369 1.395205 -20.349169 -4.239648 8.902528 
0.366807 0.247693 -0.441375 -0.446896 6.403020 6.180762 -7.137644 
1.030213 0.076860 0.276079 0.342044 1.112154 8.337997 -15.806001 
0.140945 1.772947 0.985364 0.272255 8.776927 0.054684 9.667540 
0.288794 -0.484342 0.124778 -0.574493 -8.019472 10.280248 -5.701719 
0.182724 -0.753536 0.699754 -0.170657 -3.506905 -13.779346 -7.848140 
0.115248 -1.286489 1.070380 0.269434 -5.357794 1.954202 6.942207 
1.012019 -0.143596 0.047327 0.081906 6.661406 17.797005 -11.294102 
0.292049 -0.909967 -0.273301 0.257982 5.380136 -12.259475 7.412857 
3.273691 0.071043 0.075473 0.567312 0.954345 -1.968930 -5.705113 
0.507219 -0.792411 0.751303 0.937896 -12.230980 -9.244665 15.233820 
0.325723 -0.982915 0.424465 0.237912 5.118992 5.033070 -13.818941 
0.153073 0.928112 1.167959 -2.298915 11.395589 0.654295 -27.267775 
0.229855 0.508907 0.392969 0.173664 4.071390 -0.201361 -10.771948 
0.196589 0.090998 0.097269 -0.405718 4.626718 9.936193 8.901712 
0.095001 -0.200467 0.256242 -0.850964 -10.063397 3.988684 -6.205212 
0.458870 -0.909337 -0.561422 -0.134010 7.667917 8.183071 1.371043 
0.085890 -0.513251 1.905725 0.754879 3.373689 9.426378 16.906819 
0.170408 -0.546231 0.472823 0.009764 -18.533297 16.765710 7.907014 
0.130084 0.025311 -0.099618 0.026724 -3.494575 18.154205 -1.764145 
1.384359 -0.119664 0.166123 0.512981 10.373422 12.844357 6.806403 
0.642711 -0.324899 0.464221 -0.120273 0.267311 12.727582 14.049263 
0.176254 -0.377790 -0.033068 0.358852 17.014600 13.602466 13.854998 
0.156623 -1.005622 -0.571934 0.389843 -13.123732 5.502368 6.001082 
0.874755 -0.501276 -0.225590 0.126463 -6.394736 -0.056293 10.678699 
0.628183 -0.075991 -0.253826 0.570508 3.552655 -14.110970 -2.346413 
0.127719 0.831747 -0.307761 0.738545 -2.635470 -4.523643 19.918999 
0.209256 -0.484652 -0.093918 0.428686 -14.318870 9.384261 -10.303691 
0.393003 0.625248 0.329426 -0.115689 -5.014547 0.204803 -3.161799 
0.395444 -1.267072 -1.415792 -0.326231 -2.177690 -5.280051 5.165538 
0.150757 0.409529 -0.771171 0.995160 14.938554 -4.934357 8.658733 
0.613619 1.036522 -0.162288 -1.383495 11.350772 -7.253356 -13.987751 
0.371705 0.639616 0.369347 0.513864 -4.114319 18.017782 3.660172 
0.128172 -0.089136 0.795450 0.496150 -6.731454 10.875891 16.341171 
1.227367 -1.236982 1.362055 0.597551 -4.962904 17.804847 8.379152 
1.287495 -0.330176 -0.137418 0.039692 -4.344024 2.485486 3.769076 
0.285623 -0.765096 -0.556648 -0.378344 0.022976 -12.230123 -10.370621 
0.186793 -0.348797 0.364455 -0.285697 -1.249809 10.666865 -13.114925 
0.151928 0.182457 -0.144587 -0.175572 -25.021932 -7.550118 -1.918085 
0.107729 0.260120 -0.742705 -0.244804 0.238743 13.471918 -5.824998 
0.789450 -0.093168 0.426103 0.308025 -6.470134 -19.770992 -10.478369 
0.417882 1.115444 0.191088 -0.372431 4.904421 -2.907555 13.559460 
0.415458 -0.161124 -2.571371 -0.528420 -5.638082 -16.940028 3.172488 
0.510419 -0.018249 0.541816 0.426779 -18.816964 15.997792 1.149969 
0.130425 0.011647 -0.542478 0.688957 -11.171953 -2.041167 -2.294506 
0.312402 0.050390 0.300469 -0.068473 15.083084 -24.659872 5.187539 
0.489643 0.069411 0.369932 -2.256981 -3.665373 6.035392 -12.597764 
0.449688 0.791022 0.381408 0.998686 9.750199 14.934256 -3.002500 
4.640213 -1.349756 -2.914788 -3.483082 -7.735460 -23.663869 -33.502007 
0.102329 0.023717 -0.177520 0.746623 10.758849 13.576379 0.002597 
0.088752 -1.199708 0.303997 0.374373 -12.980866 17.274672 -12.400881 
0.124181 0.560454 -1.071039 0.506065 5.647011 -5.419510 -4.128862 
0.142677 -0.215146 -0.204615 -0.386709 -22.160127 8.701928 1.397251 
0.646196 -0.706456 0.820241 -0.723422 4.303720 -4.748980 -13.976288 
0.112694 -0.636087 -0.499788 0.234935 -6.872362 -13.655359 -6.793801 
0.176104 -0.129290 -0.414172 0.729260 -13.672466 -3.090563 -11.227183 
0.106965 -0.460543 0.055923 0.732816 -2.816087 11.517028 15.965754 
0.330430 -0.788508 0.721611 0.109053 1.675727 -7.629027 0.317805 
1.059937 0.671416 -0.211026 -0.491373 1.187950 -0.588211 -6.260650 
0.446854 -0.008827 0.563691 -0.595936 -3.415089 -8.772802 -1.419043 
0.249843 -0.342750 0.987488 0.569944 -11.302441 12.390394 -0.946205 
0.126972 -0.314800 -0.007655 -0.367988 3.053191 8.506306 12.607552 
0.148713 0.312966 0.020172 0.609635 10.708791 -0.932117 0.564100 
0.153845 0.940661 0.828125 -0.254829 1.063868 3.489715 -2.993572 
1.523067 -0.214370 -0.448947 0.197125 -0.354315 -13.908995 0.009505 
1.665441 0.297879 -0.482939 -0.587362 -1.427947 13.766470 -10.278410 
0.167356 0.311554 0.761140 0.538363 -8.420134 12.674100 9.718687 
1.433413 2.241798 -1.357720 -0.085852 10.545836 -15.431592 1.613104 
0.264805 -0.834490 -1.294414 0.184155 -11.408069 -1.167643 4.473780 
0.110793 -0.127601 0.510622 -0.597607 3.717286 7.046183 -14.439659 
0.180061 -0.286561 0.278087 0.162500 3.045971 -15.592329 8.835660 
0.195410 -0.159794 0.213511 -1.651504 -0.170543 1.407792 -0.435377 
0.091610 1.419703 0.596142 0.484939 2.009697 1.205338 14.502333 
0.100160 -0.450112 -0.052624 0.246966 -4.865637 19.353760 13.982363 
0.329612 -0.525248 0.078573 0.456975 5.413699 6.807326 -13.612630 
0.174903 -0.447625 -1.459168 -0.188363 -11.064721 -1.280362 -7.271479 
0.088879 -0.433304 0.326553 0.201895 4.107817 4.680968 6.343707 
1.382242 -0.047336 -0.527261 -1.097502 12.105335 -9.409600 3.047634 
0.137418 -0.454587 -0.109335 0.032069 -16.674107 -13.188656 -13.878809 
0.550522 -0.682291 -0.953449 0.279746 8.886407 -10.018272 10.547909 
0.977405 -0.648118 0.735299 -0.457863 -10.125393 -5.891374 4.008093 
1.078071 -0.227937 1.141949 0.580650 0.597139 7.451720 3.007909 
0.158053 0.566526 -1.559772 -0.029333 13.369279 -15.816338 1.613938 
0.173348 0.287580 -0.028608 -0.269472 1.898359 3.228930 0.669753 
0.082934 0.713909 -0.008861 0.507121 3.339632 8.549031 -15.436540 
0.136636 -0.877109 -0.383600 1.000006 -8.633833 -5.048517 8.533343 
0.143734 0.048974 0.248062 -0.326000 -24.177699 -7.803737 -0.842691 
0.441192 -0.210736 0.414827 -0.222104 16.435914 1.232311 6.407854 
0.419927 0.174284 -0.584824 -0.097028 12.892622 -1.226597 -14.795447 
0.233936 -0.736247 0.239445 0.575711 -19.492771 -6.354538 -12.875867 
0.472655 -0.416810 -0.508640 -0.452104 7.831756 -1.883268 0.458096 
0.114863 -0.113626 0.281178 -0.860111 10.378836 -1.829756 -7.757343 
0.090134 0.087257 0.602277 0.170708 -10.799973 0.280516 0.610857 
0.541043 1.527187 -0.219493 0.127958 13.918849 -2.454659 12.195466 
0.282572 -0.974858 -0.165439 0.700186 -7.541338 4.735548 10.889206 
0.115642 1.077614 -0.971750 0.049694 1.497979 -5.185943 -0.053896 
0.081355 -1.412500 0.362115 -1.071659 -18.559337 8.419175 -0.492725 
0.367829 -0.479222 -0.381412 0.453741 -2.167068 18.347650 0.992559 
0.139629 -0.135919 -0.863277 0.041492 7.998626 -2.899791 4.512719 
1.352784 0.129287 -0.096909 -0.254321 16.656757 2.063202 -8.643585 
0.125255 0.260816 -0.279114 -0.433276 9.053857 -10.744207 5.592743 
0.401327 -0.151972 -0.647767 1.999092 -1.224029 -2.037688 11.804328 
0.285734 -1.050647 -1.378547 -0.280290 4.070768 -12.650444 4.063773 
0.395651 1.125170 -0.511723 -0.132116 9.586803 0.816659 3.700942 
0.293098 -0.274187 -0.246461 0.693722 -18.892192 9.041312 -1.713255 
0.087827 0.035702 0.602800 0.558336 16.475732 -8.601845 5.205733 
0.145431 -0.823020 0.021968 -0.443604 5.773854 12.318233 -15.645701 
0.180115 -1.314583 0.877596 -0.068929 -10.500017 2.517087 9.306145 
0.096200 -0.022358 -0.297940 0.113223 3.510135 11.454750 3.882241 
0.666776 -1.215823 -0.726799 1.144510 -13.685434 -5.105141 7.809512 
0.204329 -0.272785 -0.139862 0.506200 -10.689765 -10.613418 3.537955 
0.115895 -0.026984 0.545889 -0.134526 -5.388532 14.730672 -16.683676 
0.093908 0.060415 -0.338040 0.259411 6.716997 13.297764 18.178310 
1.218377 -0.644640 0.388461 0.535092 11.559912 17.502840 -8.415659 
1.577937 -0.475517 -0.106577 0.058437 -15.449055 -7.000200 -11.005053 
0.624013 -0.283687 -0.166780 -0.270652 -8.654384 11.252942 -17.501999 
0.094581 0.620153 0.217587 0.349691 1.115317 -18.258510 -2.785793 
0.082735 -0.009382 0.479694 -0.080515 -2.291419 6.009984 24.606225 
0.117562 0.139084 -0.707040 -0.614123 -10.348588 9.730808 -11.110536 
0.104059 0.110068 -0.348305 -0.417536 -2.089369 13.836353 -10.756169 
1.175398 -0.487951 -0.311487 1.295899 -15.111552 -10.168841 4.988783 
0.164169 1.207587 1.963811 -0.731293 8.140712 5.194665 -10.832390 
0.291452 -0.366929 -0.254063 -0.376440 8.928541 -11.622421 -3.333073 
0.206673 -0.707066 -0.836672 0.122229 -6.309092 -7.438521 -0.572194 
1.289324 0.977661 1.664481 0.797672 14.627900 18.716338 -4.881047 
0.086315 -0.363060 0.346817 0.090602 1.298167 5.663357 17.066027 
0.235153 -0.106961 -0.538357 0.087217 -1.318432 -6.849911 -12.139652 
0.115719 1.136886 -1.075583 -1.834865 14.212522 -12.451870 -11.684059 
0.363410 0.250381 0.103529 0.401947 6.291273 15.065019 15.265452 
1.751386 1.265716 -0.089979 -0.017671 1.850921 -6.632204 9.896173 
0.207984 0.209759 -0.030257 -0.471825 11.215351 10.667186 -12.794338 
0.102911 0.689340 -1.203779 0.073019 7.932022 -0.741778 11.817347 
0.178659 -0.009134 0.669206 0.442354 7.536647 -15.330862 1.849352 
1.266026 0.138916 0.185689 -0.384637 4.547600 -16.178481 11.601335 
0.304509 -0.098642 -0.406577 -0.017308 -17.386990 -5.828559 -13.691289 
0.111776 -0.506150 0.538369 -0.252386 -2.219689 1.863615 -7.085119 
0.518423 -1.397120 -0.431126 1.623101 -8.882842 -13.683778 17.934532 
0.412206 -0.570577 -0.018496 0.647819 -20.954753 15.028607 -0.915531 
0.151101 0.363212 0.488445 -0.101440 5.803415 7.901277 20.826104 
0.220913 0.058834 0.542529 0.128587 -0.683819 -16.240926 4.701264 
1.412488 0.056462 -0.088053 -0.393211 -4.963429 2.725560 2.243251 
13.278585 -0.647015 0.294309 0.419655 -4.973033 -13.705461 -4.217682 
1.463321 -0.719299 0.721821 0.300562 4.504459 17.693466 8.789813 
0.120159 0.602000 0.235636 0.665739 1.061985 18.937116 -2.790154 
0.365350 0.198076 -0.111567 0.451105 3.738171 -14.433403 1.208012 
0.105973 -0.268542 -0.014615 0.439619 9.877693 14.001167 19.980817 
0.295892 -0.067419 0.069595 0.515640 18.986966 14.375508 9.497289 
0.206326 -0.120540 0.338806 0.211322 13.044851 3.790210 8.461560 
0.093712 -1.198067 0.611000 -0.078780 7.227965 3.019453 2.440705 
0.095148 0.076940 0.475731 0.451620 -10.762657 13.834217 -6.696904 
0.206538 -0.817591 -1.245464 0.432010 -18.276023 -3.955245 4.019100 
0.086877 -0.209601 -0.021731 -0.063040 -18.960897 -12.132441 -18.618790 
0.089099 -0.357063 -0.725615 0.821798 -5.753554 -7.728385 -7.166211 
0.510706 -0.910546 0.630122 0.498245 2.131214 6.640971 14.307807 
0.209703 1.948319 -0.977647 -0.724227 13.464891 -1.305290 -2.788469 
0.558090 -0.299734 0.123973 0.459414 -1.012654 -23.231339 6.121149 
0.094925 0.109562 -0.024009 -0.456281 2.128689 7.307443 -6.430170 
0.169485 0.070228 -0.320157 -0.642734 0.872723 -9.237743 10.438205 
1.190304 -1.354010 -1.326385 0.450671 -3.580176 -10.830823 2.965762 
0.229716 -0.548212 -0.855425 -0.114575 -7.331399 -6.096284 -1.100488 
0.590880 -0.977173 0.217142 0.128435 -9.268297 12.776708 -3.584183 
0.480535 -0.276734 0.260610 0.194992 -21.403512 -0.079794 8.849731 
0.234429 -0.730670 -0.152264 -0.137909 -12.740635 -3.798340 10.956940 
0.582021 -1.244676 0.718260 -0.860407 -6.593840 7.137877 -14.380819 
0.189197 0.380278 -0.503947 -0.427774 -6.448480 6.342284 8.012961 
0.259575 0.031134 0.293002 -0.958507 16.119117 -0.789506 0.405371 
0.447006 -0.732438 0.663891 -0.263509 -3.868995 10.631423 -7.436457 
0.147887 0.210132 0.073983 0.396555 12.332861 -12.440179 4.374132 
0.231699 0.152166 -0.310714 0.042141 6.649889 -13.447127 10.665373 
0.453708 0.227099 -0.401812 0.328358 -2.929743 7.090319 5.363304 
0.920339 -0.540629 1.192044 -1.148731 6.755082 6.729082 -5.476131 
0.955703 -0.225947 0.516689 0.668632 -2.218653 1.922659 17.505828 
0.084577 0.119572 -0.105208 -0.457785 -10.175226 -11.984268 3.917329 
0.160624 -0.039599 0.759071 0.606862 4.799805 6.263836 6.665389 
1.172148 -0.214650 -0.085400 -0.419104 -3.091257 -12.675264 3.246345 
0.760534 0.162024 2.335037 0.540091 7.762806 13.778458 15.213094 
0.114553 0.099256 -0.754939 0.463208 16.892926 1.300508 5.985729 
0.117572 1.170246 -1.567976 -0.163888 7.927892 -20.410019 -4.355517 
0.762149 2.056674 3.197118 -1.982473 22.462110 31.333200 -8.686204 
0.232792 0.205935 -0.071334 -0.236256 -11.758063 22.304408 4.436468 
0.215009 -0.204086 -0.007969 0.089581 -4.611702 -11.684066 5.682577 
2.204810 -0.122897 0.771573 0.046548 1.748276 8.333829 -1.530884 
0.129032 -0.667927 -1.317316 3.581566 3.154242 -17.396605 35.046496 
0.374042 0.508273 0.219064 -0.146613 -15.348940 -7.491187 6.984674 
0.205433 -0.596622 0.711393 1.217946 -13.092018 14.468728 -4.594162 
0.160079 -0.385430 0.043291 0.346491 -14.426283 24.418999 -3.814451 
0.136090 -1.082132 0.254286 0.323798 2.126286 -10.785090 15.467830 
0.119841 0.242617 0.794997 0.770125 -6.192720 3.217054 14.463862 
0.201503 -0.945516 -0.593950 1.791444 -0.279697 -9.615554 6.295906 
0.611073 -0.419421 -0.394110 -0.054389 -17.480847 -0.963883 -13.188675 
0.115016 1.055412 -0.738591 -1.788412 6.827104 -12.910554 -7.770912 
0.399244 1.001255 -0.996438 0.403114 8.832975 -4.952312 7.863888 
0.131342 -0.574988 0.045541 -1.066034 1.911419 10.837646 2.578515 
0.174201 0.023468 -0.439404 1.414911 -1.192915 12.823733 14.520152 
0.089275 0.665069 0.096083 -0.046377 9.098461 -0.245007 3.858058 
0.438872 0.418835 -0.002143 0.191640 6.004764 13.261067 -12.095156 
0.085636 0.489734 -0.396277 -0.332801 -3.375372 -6.982155 -9.890267 
0.582912 -0.206337 0.310660 -0.207734 -5.218417 8.971372 -4.154931 
0.240412 -1.646248 -0.111818 0.976415 -5.788434 -0.200209 18.130605 
0.226021 0.245241 0.278344 1.006092 -15.003449 1.737469 8.731364 
0.107205 -0.301067 -0.104851 0.130292 -3.821172 -11.406435 17.196704 
1.102835 0.274867 0.239308 0.959098 4.960268 6.423146 8.969354 
0.266126 -0.841802 0.829561 -0.690860 -11.191394 -0.386672 -12.767706 
0.409423 -0.386098 1.443954 -0.723149 -10.283932 1.563636 -0.962010 
0.089384 0.539182 -0.277039 -0.440494 7.788607 -13.480688 3.775371 
0.113871 0.203501 -0.248695 -0.132270 6.696673 12.221715 8.726136 
0.746267 -0.081341 1.686728 -0.377763 -3.914579 0.003917 -6.376159 
0.219386 -0.101567 -1.346444 -0.575873 12.569690 -10.973497 -2.060271 
0.439077 -0.494689 0.321542 -0.778987 -16.526352 5.185028 -1.882174 
1.444015 0.167645 -0.109970 -0.104066 -18.576126 9.515383 -1.205439 
0.102731 0.600283 -0.594366 0.478174 2.792647 12.626026 -4.529669 
0.202560 0.239671 0.206907 0.327185 12.428170 10.405265 -14.489045 
0.091773 -0.016233 0.024555 -0.120279 6.324561 -11.540377 -1.472953 
0.159646 -0.800212 0.357851 -0.704028 0.715567 -9.572128 5.221186 
0.210510 -0.564840 -0.038174 0.129245 -9.515041 -17.865598 2.406647 
0.129464 -0.132182 0.339167 -0.121880 -9.114545 -22.009095 4.470079 
0.235395 -0.395207 0.139005 0.143043 7.553664 27.379451 -15.588631 
0.392760 -0.186296 -0.222068 -0.309491 -17.801844 -9.160537 11.811921 
0.340464 0.129130 0.741876 -0.801619 3.859852 9.061359 10.026364 
0.558675 0.786111 0.239179 -0.116455 6.707767 13.096490 -9.550519 
0.269181 0.023299 0.021707 1.541655 -3.620695 6.327228 12.463604 
0.080832 0.327491 0.703092 1.116470 -0.469649 -0.991144 14.517068 
0.161454 -0.659171 -0.204725 -0.249095 -15.572320 6.184993 -1.717798 
3.272843 -0.270851 0.421407 -0.093571 -2.633526 9.806010 2.705916 
0.126733 0.166627 -0.759883 -0.260436 -17.098299 -8.548162 1.713070 
0.147442 -0.619441 -2.449339 -0.518964 -2.699439 -22.336044 0.663226 
0.234874 -0.475862 0.595435 0.176969 -3.810084 -4.254041 19.271817 
0.088322 -0.062523 0.493014 -1.272753 -11.934087 5.813258 -6.647749 
0.124823 -0.217628 0.066971 -0.159183 -9.673514 7.251621 21.290867 
0.134972 0.965895 0.866009 0.379837 2.765666 2.251815 -4.105962 
0.114632 -0.192868 0.483562 0.126909 -2.645995 11.770741 -17.020832 
0.145861 0.061058 -0.125458 0.019099 13.717841 12.006304 -14.127179 
0.263366 -0.213028 0.309683 0.496264 -7.117779 7.978979 25.701930 
0.973808 -0.470712 0.614771 -0.010672 -14.002885 13.454303 -0.675141 
1.966409 -0.450111 0.386199 -0.217869 -8.787790 2.918231 4.905650 
0.137245 0.254096 -0.038459 -0.279569 4.896863 1.708874 19.715173 
0.175886 -0.286424 -0.278996 0.374050 5.090226 -4.018223 12.540983 
0.427154 -0.336793 -0.564905 0.561321 7.429292 -10.185871 -6.316328 
0.305641 -0.359959 -0.484075 -0.369651 6.469512 -14.039778 6.052262 
0.126873 0.000485 0.012415 0.272562 -6.781105 13.393376 2.390671 
0.202129 1.401506 -0.407862 1.443049 3.545892 1.314355 16.872604 
0.103947 0.265218 1.032701 0.124509 -15.453672 5.347340 6.285248 
0.160192 0.934412 -0.641677 0.587425 12.096532 8.887479 3.306526 
0.087931 -0.566897 -0.120914 0.527383 2.257265 1.866437 19.206498 
0.201166 -0.765096 -0.504238 0.698437 -3.255716 -9.830698 6.491862 
0.129271 -0.747553 -0.078323 0.058758 -11.533179 16.455545 -13.013023 
0.244547 -0.181050 0.008689 0.734299 9.881736 -1.126987 8.635076 
