0.202999 -0.204324 -0.100258 0.310963 4.709039 16.620738 -15.962080 
0.583882 -0.607635 0.647623 -0.238392 11.117876 18.803887 9.259369 
0.585149 -0.173667 0.121806 0.865514 9.434469 -1.810930 -9.671159 
0.085689 0.038629 -0.682342 0.264135 -15.055117 -2.346668 21.798527 
0.090936 -0.151935 -0.131728 0.190410 1.251532 7.751839 -14.961774 
0.457888 -0.515293 0.942480 0.821139 -14.921794 -2.613935 5.620164 
0.179449 -0.499746 -1.136954 -0.537511 -4.324853 -8.083968 -6.887069 
0.103175 0.835472 -0.597505 -0.731954 4.441366 -15.851731 0.216289 
0.199182 2.036379 -0.362554 0.394756 17.513641 -9.732989 4.126080 
0.109107 0.646998 -1.565228 0.397178 1.589789 -9.743630 7.911742 
0.232498 0.438553 -0.434682 0.546885 -4.756466 -7.825123 -10.558217 
0.683878 0.031287 0.745105 -0.897243 -13.428585 -3.027882 -13.768142 
1.809017 -0.128998 0.234184 0.066966 4.695129 6.213666 -9.464192 
0.133767 0.755914 0.902521 -0.641169 22.086947 8.255581 1.471620 
0.207935 -0.923953 0.384089 -1.136520 -7.359564 16.760497 -5.385016 
5.586845 -0.473198 -0.263531 0.228399 11.807221 2.900483 -11.559734 
0.099031 -0.262156 -0.660669 0.191126 4.960160 3.895715 20.571230 
0.095457 -0.015131 0.078950 0.089031 -13.500742 -14.878141 14.431625 
0.166412 0.291705 0.900950 -0.405868 3.001399 0.132378 -20.591546 
0.401973 -0.512673 -0.502498 -0.588456 4.572678 -22.267086 3.319704 
0.149690 0.469404 0.335933 0.114543 0.286502 11.041680 15.908909 
0.135040 -0.641718 -0.095277 -0.101382 8.563521 16.135369 -5.374345 
0.230700 0.905521 0.038520 -0.950556 2.933515 10.895909 -6.881183 
0.296048 0.288455 -0.883910 -0.176279 -4.425828 1.712593 11.372821 
0.089040 -0.114590 -0.296454 0.498123 12.787382 -4.078089 10.164799 
0.218861 0.616437 -0.770805 -0.486064 14.809390 -4.567499 -3.376401 
0.780326 0.613683 -0.121556 -0.575272 5.080998 -14.005916 -11.524372 
0.110177 0.925296 1.090395 -0.393974 6.835414 11.673161 9.790718 
0.308745 0.784365 -0.306772 -0.548604 16.740672 -22.679618 -12.465932 
0.930095 -0.003523 0.025141 -0.116087 11.759599 0.498682 -15.562095 
0.154448 -0.174902 0.197331 -0.152153 17.080589 20.094462 -5.780276 
0.449860 0.142699 1.101741 -0.281839 -3.964426 -1.841170 3.555085 
0.194281 -0.807442 -0.336232 0.494739 7.525902 -5.915181 -1.230373 
0.121470 0.161035 0.486481 0.549250 -13.443053 2.324584 23.879334 
0.388680 0.074071 -0.129518 -0.800496 2.647132 13.512907 -2.304107 
0.552874 0.524832 -1.257940 -0.058161 -4.105687 -17.154407 12.280134 
0.107074 -0.253920 0.502811 0.323475 8.098444 -13.147751 12.712600 
0.218546 1.079344 1.301820 0.307709 3.758538 11.569651 -0.488733 
0.118025 -0.144189 0.360028 -0.382967 -18.351388 -15.870661 -0.610726 
0.176826 0.141845 -0.340637 0.427298 -7.965575 1.084757 0.377969 
0.123628 0.243246 -0.618771 -1.003139 -3.798934 3.066118 -2.607545 
0.103987 0.297713 -0.697565 1.448709 17.287437 3.461204 21.271763 
1.612405 -0.032123 0.492078 1.289655 -6.825589 9.157523 24.299861 
3.952128 -0.400310 1.585847 -0.089954 -0.317819 8.053291 8.409820 
0.090817 -0.213262 0.053361 0.072479 14.806088 -6.900021 -5.337987 
0.094271 -0.262750 0.631552 -0.106047 7.582242 -21.540645 -2.860598 
0.105198 0.160809 -0.394016 -1.164576 -14.113974 -4.290266 -11.396731 
0.122132 -0.303099 0.060566 0.162132 -12.765748 -3.693531 -3.891325 
0.167817 0.261703 -0.695908 -0.542478 -11.198728 -10.716545 8.871785 
0.138488 -0.572629 -1.543869 -0.632289 -0.884191 -18.733290 4.490770 
0.701272 0.006507 0.290354 -1.005309 21.257532 5.821845 -6.350869 
0.367183 -0.054233 0.483789 1.097910 1.999240 -8.399473 16.457341 
0.116639 0.520631 -0.521697 -0.195457 2.020163 -8.362703 -7.626247 
0.156405 -0.464154 0.247362 -0.423812 -17.040556 11.016918 -20.785513 
0.118162 0.361582 -0.286222 0.064021 -4.605166 13.756384 13.300256 
0.151293 0.151037 -0.117457 0.081402 -1.827760 -8.522504 -27.900375 
1.456612 -0.262503 0.101210 -0.279547 -8.176770 3.849563 19.455346 
0.095248 -0.262665 0.493168 0.351151 -0.558187 -2.965584 -12.887041 
0.298886 0.109469 -0.053855 -0.191212 -7.684938 3.315007 21.809408 
0.512636 -0.148007 0.685017 -0.352142 -0.456635 -0.486284 17.381644 
0.121466 0.583215 -1.223563 -1.728110 13.478975 -14.019221 -14.359624 
0.863813 -0.658496 -0.248391 -0.281260 0.951016 -3.256457 -15.904494 
0.283593 -0.594583 -0.299793 -0.728593 -8.448339 -0.017972 7.191901 
0.114183 0.003792 0.563667 -0.250191 -12.096854 20.001687 -2.721530 
0.387857 -0.121252 -0.368733 0.608906 -49.781221 -76.541148 -29.002153 
0.102340 -0.128842 -0.033609 1.074722 -9.104019 -18.313467 25.611396 
1.423034 0.374680 1.319096 0.087113 14.155355 3.031389 -3.578483 
0.118440 0.038226 -0.016396 1.124410 8.202360 -9.643939 3.603452 
0.087317 -0.191507 0.009235 -0.035799 -13.363886 1.556520 25.145468 
0.115648 0.095359 -0.495447 0.512918 1.212521 -3.244039 22.645623 
0.335498 -0.102923 -0.665626 0.800906 9.419015 -18.489626 -5.247755 
0.109210 0.083438 0.551489 -0.672974 -9.134070 -2.885287 -5.074740 
5.398343 0.328678 0.434821 0.533706 -9.571301 7.189242 7.862964 
0.438696 -0.414925 0.002606 0.272172 -6.060126 -14.526238 -15.822791 
0.102783 0.323914 0.159442 -0.118337 7.501454 -18.212351 16.567030 
0.317653 0.876494 0.767909 -1.184256 -0.737424 21.608250 -12.771609 
0.117399 -0.071166 0.165715 0.003290 -14.783461 21.433866 6.119217 
0.135796 1.581914 0.206335 0.224820 19.473561 -12.524473 5.204672 
0.139152 -0.015770 0.502399 0.210963 2.938162 10.140487 -3.627059 
0.081844 0.446659 -0.384880 0.649779 -4.400965 2.866307 -4.019803 
0.210768 0.257970 0.103587 -0.982084 -9.202636 -6.284005 1.511100 
0.087151 -0.419825 0.145143 1.248751 8.682376 -3.639470 26.847512 
0.247564 0.169599 -0.430016 0.475281 -8.417749 -28.278217 -6.208002 
0.118055 0.608454 -0.888980 -0.892081 -5.635943 0.790107 -8.386158 
0.133708 -0.698222 -1.282860 -0.173079 -6.921772 -25.167720 0.160244 
0.137951 -0.425983 -0.252291 0.236724 -6.889620 15.873063 -12.561717 
0.295736 -0.169181 0.800774 0.204090 -17.469893 2.141004 1.523053 
0.093592 -0.411541 0.221242 0.288209 1.927423 7.447022 -14.282713 
0.180968 0.223338 0.797795 -0.593453 -3.584034 -2.281350 8.406466 
1.058781 0.252093 -0.362800 -0.475660 5.513884 12.838017 3.200554 
0.086350 0.053240 -0.029570 0.149610 -7.587834 -5.629367 4.657563 
0.263354 0.413589 -0.737327 -0.117020 -10.159334 5.756477 1.931535 
0.556778 0.100559 0.203106 -0.780933 3.842211 -11.759042 7.442735 
0.139284 0.446174 -0.032123 -0.624603 -7.289186 6.234934 6.376448 
0.478468 0.476382 0.342329 -0.477513 -6.365711 -0.180823 -6.367600 
0.165293 0.425060 -1.000185 0.136097 8.286002 -5.487047 -5.409075 
0.493788 -0.174598 0.164273 -0.346793 12.472827 -2.731651 -26.173931 
0.252788 0.625560 0.095618 -0.699612 4.070366 6.637351 10.387573 
1.145613 0.244704 -0.371818 0.648907 -15.111041 -22.923334 15.606503 
0.388183 -0.266362 0.130975 0.904869 1.626223 12.328155 22.184641 
0.094407 0.125763 -0.616645 -0.099184 -10.163316 11.623235 6.157516 
0.126740 -0.028620 0.946634 -0.027436 -2.330124 5.909736 2.368686 
0.323270 -0.019297 0.066320 0.281544 -6.196529 -13.797455 -14.093113 
0.198042 -0.205250 1.469317 -0.217530 -17.914423 17.995762 -0.563129 
1.167561 -0.543571 -0.467118 0.512770 14.412537 2.628526 -3.182453 
2.697368 -0.335097 0.176178 -0.338412 15.181023 3.552779 10.847421 
0.376011 -0.067680 -0.356639 -0.063289 -25.658258 -2.788530 -8.866272 
0.588263 0.230693 -0.221091 0.686959 -4.591217 -1.294478 -15.532512 
0.138650 0.334575 -0.316633 -0.431566 9.877462 5.855897 13.506278 
0.373816 -0.044653 -0.613585 1.035810 1.156264 7.749806 0.772994 
0.401930 -0.126391 0.750529 -0.899228 -2.966884 4.339416 -9.640420 
0.263064 0.097458 0.329060 -0.206678 17.301781 6.618145 -1.831025 
0.459762 -0.843111 -0.537601 -0.041261 -16.652633 10.670883 17.023319 
0.328088 0.333388 0.632689 0.526553 -4.481637 6.588219 2.660010 
0.860282 2.343653 1.891671 8.130917 58.725444 38.833759 232.568496 
0.273055 0.406949 0.019898 -0.029817 3.252222 -18.276922 6.227379 
0.396253 -0.805185 -0.841612 0.054200 -14.178406 3.030343 -3.282745 
0.246288 0.134918 0.029342 -0.251296 1.257779 17.396467 -16.476143 
0.730294 0.120923 0.166047 0.140979 -16.106803 1.847619 15.868493 
0.278430 0.277967 0.606130 -0.072829 -7.217017 7.548853 5.397021 
0.151503 0.195963 -0.747919 -0.474226 -4.375189 -6.908574 -20.956534 
0.100432 0.450509 -0.430871 -0.416797 15.206646 11.121237 -2.094305 
0.082624 -0.007325 -0.853198 0.442325 -10.525676 6.780597 -6.329289 
0.114711 0.952406 0.158700 -1.190080 7.445733 -12.726233 -8.311454 
0.192666 0.583116 -0.232818 -0.462109 -12.766833 0.762964 -19.618100 
0.287114 0.428857 -0.635640 0.915539 12.846812 -16.153478 -5.238129 
0.585359 0.595350 0.695903 0.240858 0.690350 -2.083412 16.592571 
1.376095 -1.092681 -0.194014 0.022661 -35.389879 -21.951977 -5.535693 
0.431641 0.685082 -0.989808 -0.248237 5.474846 4.547244 -9.939302 
0.136683 -0.304746 1.038674 -0.045571 -14.755390 25.767963 -2.402713 
0.323241 0.668634 -0.082116 0.540504 3.855200 -7.500625 -8.685930 
0.391024 -0.369771 -0.219692 0.518596 -24.540125 3.955653 -7.314225 
0.112116 -0.175978 0.272519 0.511601 5.692592 17.745438 -8.592811 
0.116547 -0.235165 0.727124 -0.439074 7.685601 9.232395 1.051591 
0.952396 0.746407 0.093866 0.022144 -4.979579 -13.837223 -6.735688 
0.374161 -0.605686 0.362588 -0.180431 0.918406 -15.996334 -8.037492 
0.178419 0.529891 -0.049299 -0.001424 -4.545455 1.406917 9.426265 
0.192961 0.399447 0.920662 -0.652043 -4.979644 -0.868682 -18.368506 
0.763069 -0.254387 0.426201 0.051739 -1.085440 13.027417 24.957323 
0.181019 0.594336 0.404133 0.083940 -13.650078 1.891925 12.170493 
0.393969 0.750881 0.754370 -0.425033 15.999119 26.680524 8.125602 
0.408300 0.439066 -0.048123 0.185574 17.538645 -2.176723 -1.788721 
0.506972 0.599655 0.346922 -0.107610 1.072441 -13.206386 -18.851157 
0.168852 0.501585 -0.821226 -0.361090 3.932169 -3.125831 13.795035 
0.196085 -0.598943 0.439669 0.029283 5.335661 -5.129050 -4.861471 
0.836938 1.044446 -0.738247 0.149209 4.873278 -1.799061 -8.894608 
0.701221 0.317221 0.432824 -0.096427 -1.270406 -14.518127 2.545051 
0.263429 -0.086301 0.585892 -0.245656 2.290218 18.096627 -6.716249 
0.151360 0.900371 -0.297750 1.212220 -5.157189 -10.201321 15.322796 
0.449375 -0.249657 0.744343 0.163361 5.660045 2.114364 -7.679181 
0.108928 0.726993 0.801767 0.590693 14.022104 -8.741958 11.200154 
0.090465 -0.862766 -0.244495 0.651184 8.282410 0.153469 3.197944 
0.531060 0.430782 0.511278 1.517512 -7.948986 13.689555 14.416186 
0.272013 0.131417 0.583936 0.676542 -17.297694 1.127035 11.466306 
0.127889 0.665553 0.055290 0.380166 3.465264 -5.130138 -2.760396 
1.070260 -0.144932 -0.350430 -0.147758 -1.087844 -11.049098 -7.191581 
0.111702 -0.120598 -0.182230 -0.748822 -16.078172 9.018574 6.397630 
0.275275 0.322315 -0.482243 0.109022 16.478196 -5.039158 5.413483 
0.433814 0.558722 0.172085 -0.181500 -14.478040 -9.640181 -3.076408 
0.121123 0.146863 -0.666361 -0.165543 -7.958228 -1.869474 -24.353960 
0.604561 -0.659635 0.689868 -0.467107 -7.646417 10.226334 12.328344 
0.672200 0.756051 -0.118224 0.259046 6.708448 7.792073 21.802910 
0.485099 0.415400 1.493275 0.128825 3.580325 14.103576 10.242346 
0.088968 -1.567027 -0.056837 -0.062291 -10.916633 9.640249 -1.021009 
0.372330 0.205206 0.601825 0.245446 -10.982909 -3.642472 -10.903958 
0.427499 -0.370566 -0.091709 1.345317 12.607102 -10.900203 16.354825 
0.148166 0.844685 -0.620436 -0.407108 3.774658 -21.867724 -4.759239 
0.205405 -0.223205 -0.631834 -0.745405 -0.113655 -14.133099 -4.739996 
0.273438 -0.094286 -0.647324 0.222872 16.078043 8.314636 -0.050635 
0.257004 0.563870 -0.376697 -0.871664 8.883960 15.077525 -18.707831 
0.083821 -0.154454 0.341587 0.209917 -4.252055 -1.089686 28.867438 
0.673429 -0.439282 -0.278927 1.395769 -0.217320 -5.634926 14.427989 
0.093338 -0.075432 -1.207676 0.900411 4.348193 -2.569741 5.699558 
0.097693 -0.045746 -0.062431 -0.243188 -2.514998 2.779899 21.185054 
0.081727 -0.225012 -0.300282 -0.105554 5.011047 -0.108414 13.860863 
0.417045 0.272932 -0.193755 -0.208015 18.090792 -8.422824 -13.783117 
0.387177 -0.785423 0.178805 0.349225 -2.603837 -6.826464 -6.239817 
0.350927 -0.328785 -0.535978 0.492845 -6.354478 4.234773 1.156928 
0.081891 0.425610 -0.016521 -0.817165 -11.491303 -3.665309 -9.675000 
0.111530 -0.395093 0.410364 0.451503 -11.894022 6.290496 28.690539 
0.729211 -0.358771 -0.198687 0.003932 3.059043 1.116601 -11.959213 
0.081209 0.813226 0.288122 0.202112 -4.924943 -4.883441 3.485328 
1.066327 0.052095 0.145176 -0.682211 10.802625 14.233706 3.908349 
0.844840 -0.132715 0.237388 0.359972 -17.637531 4.413405 9.088419 
0.286414 0.364840 -0.381487 0.805115 0.385022 0.276260 -4.372184 
0.108220 -0.025503 0.624413 0.434303 15.325217 -7.158843 5.913672 
0.106446 0.103920 -0.445131 0.226452 24.115708 -7.965320 -4.697767 
1.618982 0.207001 1.484641 0.239150 -11.170472 21.658118 -7.535071 
0.126190 -0.502114 0.248502 0.140812 -18.860275 -0.455060 -15.857019 
0.666898 0.308274 -0.137649 0.030573 6.688566 -5.259212 -10.586276 
0.355266 0.416674 0.051076 -0.624714 -4.619655 -0.603451 7.413954 
0.365762 -0.921100 -2.456659 0.183129 -20.052657 -34.080681 -4.483486 
0.430606 0.535716 0.469333 0.035909 0.475640 7.477445 -5.456317 
0.100431 -0.511214 -0.801083 0.766802 15.233995 -6.795452 9.052392 
0.189647 0.220663 -0.155313 0.316976 -19.979627 -1.203624 6.098167 
0.132254 -0.345174 0.489966 0.130805 -19.042286 -2.469336 15.113827 
0.500139 -0.117981 -0.478881 -0.914920 -15.813241 -3.791550 -18.034342 
0.175237 0.512066 0.531996 -0.080680 -1.613734 20.801186 -13.226708 
0.123696 0.143596 0.700918 -0.173782 -1.443147 4.739655 8.768388 
0.195281 -0.267562 -0.717564 -0.097820 -5.963433 -6.056607 -22.088235 
0.599939 -0.231213 -0.441878 0.625295 -30.433590 -3.339404 0.825798 
0.192741 0.218906 0.073641 -0.121394 0.605165 -4.676620 13.675185 
0.200778 0.830117 0.844776 0.157118 9.740291 -6.993428 -0.165578 
0.177472 0.124822 -1.047404 0.167604 -2.211321 -10.147104 -16.818916 
0.127855 -0.046015 -0.890014 0.646251 1.493655 -28.667645 1.937513 
0.220526 0.020881 0.148976 0.023230 -0.878944 -12.099597 20.848520 
0.627642 -0.178426 0.027506 0.186390 8.602901 -9.585242 9.596867 
0.637465 0.350329 -0.402409 -0.132396 -14.330521 6.949874 1.619484 
0.169117 -0.245383 -0.871218 -1.058311 4.502576 -4.420549 -1.204444 
0.114784 -0.434008 0.116318 0.442479 -7.750887 -21.395871 -1.784930 
0.135557 -0.026257 -0.222392 0.391875 13.294990 15.243409 16.451469 
0.579415 -0.847457 -0.200185 -0.497207 -8.787465 -1.253136 14.341964 
0.624848 0.359650 0.628133 -0.165121 16.314403 18.522714 2.730240 
0.385484 -0.578172 0.909695 -0.037033 -13.048302 6.535695 14.582325 
3.082417 -0.271443 -0.199062 0.370140 -17.213804 1.563240 1.232351 
0.310489 -0.247827 -0.336109 -0.236329 1.233294 -14.685635 20.538195 
0.457154 -0.251264 -0.028529 0.498009 12.181526 4.311745 -0.020949 
0.279294 -0.302822 0.460812 0.896249 -4.753560 0.292140 -2.175719 
0.089763 0.154724 -0.028147 0.426704 9.009326 -13.043001 -15.594634 
1.249225 -0.088174 0.296461 -0.171463 -19.424775 20.326895 3.169037 
0.163561 0.339553 -0.403086 0.284078 15.798447 -17.951895 -2.710278 
1.702665 -0.416045 0.347194 0.244160 -4.559223 9.864718 17.371560 
0.087567 -0.213842 0.795403 -0.133730 19.301924 18.302498 4.845484 
0.192231 -0.195669 0.246462 0.078048 12.376888 14.687478 3.214087 
0.122081 0.750426 0.224183 0.167207 -0.844881 -8.661442 -14.480329 
0.088452 0.112381 -0.833239 0.072416 1.101281 -1.876272 10.554855 
0.470758 -0.732779 -1.553184 -0.021926 -5.925512 -12.889291 7.318183 
0.196106 0.135534 -0.060256 -0.171227 10.190462 6.537469 0.118495 
0.163499 0.494351 -1.201354 -1.174478 16.034392 -20.668035 -0.787505 
0.080867 0.309380 0.432192 -1.569114 23.186941 17.902990 -17.830205 
0.223604 0.385062 0.192009 -0.054304 -15.416067 0.593116 17.584850 
0.155926 -1.008707 0.256554 0.500420 -33.639081 -11.290954 12.166106 
0.238387 0.407690 0.561473 0.387976 6.281872 7.115944 -13.462031 
0.106154 0.066269 0.119815 0.286854 8.152404 -3.994316 -16.751106 
0.169911 -0.653279 0.693676 -0.311510 5.595197 -5.097190 -12.240710 
0.113329 0.511156 0.414581 -0.535416 14.744596 11.202570 12.422551 
0.192419 0.984432 -0.394845 0.043918 9.314934 -22.818913 -7.891991 
0.594225 -0.559169 -0.273936 -0.782166 4.907869 2.227366 1.846091 
0.085164 0.488145 0.073368 -0.296046 -11.445029 -4.327006 -20.076845 
0.117057 0.093335 -0.505438 -0.270686 -4.857987 15.746252 -3.655347 
0.205043 -0.374495 -0.578399 0.395231 -13.576140 10.213541 0.198490 
0.234649 -0.711799 -0.386429 0.177752 9.959684 -16.219955 2.864056 
0.487672 -0.174196 0.053301 -0.103588 6.591238 21.331817 13.710472 
0.223182 0.528215 0.273371 0.213142 1.276191 -14.093630 -6.270829 
2.476904 -0.576635 -0.873210 0.314417 -4.104459 -3.189733 -16.361915 
0.441734 0.175376 -0.208751 0.063997 15.767060 2.529467 -0.594387 
0.230397 0.476317 0.142087 0.660622 -4.188228 -5.467271 17.180682 
0.689100 1.101494 1.150975 -1.307519 23.432315 9.542986 -11.873450 
0.815528 -0.959666 0.676904 -0.089846 -28.508768 4.907877 12.328701 
0.161492 -0.465730 0.303970 0.336507 5.902600 17.763925 -7.982066 
0.542296 1.658840 -0.107599 -0.501715 12.742915 -5.639229 -1.471053 
0.146522 0.566287 0.618122 0.247144 -8.688959 -0.752201 12.241379 
0.256037 -0.954823 0.515991 -0.300966 -8.096306 -8.092779 -7.374335 
0.887681 -0.797176 -0.724385 1.045468 -3.597631 6.692687 10.490229 
0.101372 -0.096400 -0.019611 0.500194 7.158500 14.608619 4.626755 
0.141931 0.667956 -0.003185 0.244437 3.739291 13.258253 1.575654 
0.178446 -0.834409 0.275234 0.190318 -8.392254 9.010429 5.449703 
0.083374 0.254303 -0.216937 -1.104483 4.193186 -2.783087 3.846934 
0.376685 -0.359508 -0.401415 1.231003 1.868186 0.100222 7.559918 
0.585808 0.339386 -0.911654 0.006130 -10.789395 -14.803146 8.731471 
0.102075 -0.253395 -0.238599 0.148066 7.623267 3.795612 -8.942810 
0.086694 0.295656 0.689109 -0.420675 22.457033 15.930997 1.862114 
0.654455 -0.348342 0.009957 0.456235 -0.199332 -4.144266 5.321070 
0.442796 0.502708 -0.081574 -0.260912 -14.364140 0.199624 -16.898918 
0.103990 -0.370739 0.657392 -0.161349 -1.130723 11.629611 -5.415006 
0.137893 0.653624 0.415336 0.204560 -5.144548 -13.380908 -2.308705 
1.044939 0.277344 -0.175190 -0.165636 17.967129 0.459847 -12.943623 
1.025335 -0.714901 -0.038620 0.500636 -7.421953 -6.340164 -13.680659 
0.472835 0.557339 -0.172529 1.334720 19.572311 -6.124137 49.690200 
0.672168 -0.855866 0.790142 -0.387001 -26.125251 7.228055 10.739749 
0.208490 -1.068638 -0.484728 0.063972 -5.901941 -21.264050 1.728444 
0.292610 -0.753498 0.951858 -0.253311 -8.550668 21.331311 10.762713 
0.111344 -0.151814 -0.116744 0.489139 -0.112857 -5.508235 25.542384 
0.466067 -0.047938 -0.585353 0.610591 9.658425 5.900856 13.980723 
0.112109 0.150621 0.613312 0.094807 -10.384450 -5.923176 -6.738489 
1.021373 0.260502 0.186245 -0.168104 -16.818168 -1.220958 11.792482 
0.247245 -0.220820 -0.414332 0.382394 -24.151580 -6.458660 18.518264 
2.937998 -1.573575 -0.198245 -0.346310 -18.856501 -10.151074 8.688789 
0.112201 0.241184 0.090630 0.255069 4.351141 -20.480342 -4.068500 
0.941373 -0.123182 0.064753 -0.004648 -4.591600 23.799955 -0.656270 
0.186332 0.473713 -0.425763 -0.890930 12.379234 -1.023534 -9.261515 
0.206312 -0.011030 -0.439563 -0.234473 -11.619908 6.291095 -11.210736 
0.087521 0.465386 0.933940 0.751289 -2.070371 -0.362212 0.184133 
0.337060 0.338530 0.274156 0.195323 6.612874 -18.392036 -8.812713 
0.506829 -0.268550 -0.045439 0.410427 14.150721 3.779982 26.211744 
2.506229 0.808191 0.898052 -0.487450 -6.908867 12.379822 -0.354258 
0.109658 0.427126 0.273349 0.396188 15.991411 2.854440 -14.016866 
0.093631 0.276411 -0.292554 -0.049934 -19.984716 7.116383 7.788283 
0.994606 0.232334 -0.205156 0.451601 10.369255 -2.098073 6.474192 
0.184780 1.212894 1.537683 0.180143 9.118121 14.118974 -2.042437 
0.113864 -0.075393 -0.485694 -0.004680 4.172679 10.781707 -13.849283 
0.500571 0.642016 -0.899628 -0.708143 25.077048 0.413691 -12.574736 
0.375402 -0.204735 0.120273 0.673907 7.660060 -8.523692 9.549940 
0.121279 0.297771 0.065895 0.841086 12.252312 -0.495182 -10.574125 
0.437171 0.260311 -0.023605 -0.066838 17.902931 2.395968 -17.980666 
0.420529 -0.174633 -0.426367 0.394449 9.146559 2.816815 -7.609682 
0.140832 0.219753 -0.356750 -0.267521 9.432277 -3.922609 7.275563 
0.317286 0.086869 0.078918 0.279003 7.486519 20.953046 0.053552 
0.092539 1.123125 0.054304 -0.887881 7.046994 -8.363983 0.550504 
4.198783 -0.189745 -0.217563 0.116304 -2.013123 -1.175311 -16.837986 
0.435794 0.612600 -0.189787 -0.174439 -7.174984 9.481422 8.772946 
0.299195 0.142285 0.208315 -0.658969 -7.493626 -14.417611 -3.280618 
0.366428 -0.256548 0.479002 -0.681988 -20.272177 2.237562 6.731640 
0.300202 0.091785 0.067883 0.230340 5.841305 22.471773 -4.520424 
0.585186 -0.041216 -0.262956 -0.548136 8.004066 -1.090585 12.550176 
0.524509 -0.040522 0.148056 -0.167525 -9.164243 -17.155109 -21.047463 
0.292083 0.032389 1.439592 -0.442231 5.524273 11.711351 10.314263 
0.107699 0.255636 1.258641 0.610919 -2.705336 19.221055 19.887708 
0.744916 -0.558689 0.573737 0.369748 -9.413761 29.791643 6.655161 
0.131940 -0.075699 1.083378 -0.103537 -13.487307 17.817950 -8.288086 
0.104491 -0.176842 -0.401896 0.463404 -16.527682 -4.331418 23.857445 
0.504475 -0.027179 0.088602 0.088141 -8.542660 -8.325023 -9.778257 
0.159200 0.059617 -0.228924 0.458067 -11.008387 -0.788252 -9.407070 
0.144224 0.743440 1.456361 -0.842078 0.654754 21.369421 1.311519 
0.221063 0.673601 0.410072 -0.146104 -9.321280 6.085617 -15.838794 
0.339783 -0.019606 0.234425 -0.658886 -10.154242 -13.105442 -0.834937 
2.985742 0.503016 -0.869434 0.435741 21.455753 4.341134 -4.084324 
0.098040 -0.409941 -0.332509 0.460562 0.837050 -4.210797 -17.233716 
0.364111 0.196125 -0.230780 0.529037 -17.886062 -8.546386 -8.682588 
0.144886 -0.284294 0.217892 0.258496 19.259417 13.892619 7.824502 
0.360597 0.000827 -0.144693 0.251003 -12.022477 16.023620 -11.535775 
0.254317 -0.798762 0.656592 -1.027071 -10.210576 -5.925601 -7.071889 
0.555913 -0.398805 -0.674239 0.107091 11.114801 0.875870 -5.452391 
0.416651 -1.265141 0.300651 0.214921 -22.799979 -5.138431 -5.778073 
0.151008 -0.294408 1.188341 1.229729 0.619924 9.392056 8.471720 
0.577563 -0.215939 0.059877 0.211883 -3.390984 15.609676 -23.531589 
0.141965 0.405568 0.742907 1.417759 -3.989830 4.941309 30.036433 
0.120024 0.378919 -0.242823 -0.071277 -9.117292 0.319976 17.332284 
0.182852 0.008611 -0.574561 0.192791 21.336574 -15.405607 -0.980526 
0.189724 0.222924 -0.158737 0.174929 6.392115 0.120778 -25.172606 
0.150160 0.343116 -0.340500 0.466004 2.778553 -24.310489 26.913890 
1.373741 -1.899225 -0.680155 0.887463 -23.664347 0.686255 10.461960 
0.283453 0.055113 0.105325 0.945530 6.674081 3.975471 17.291406 
0.170281 -0.674211 -0.533711 -0.203997 -9.780139 8.206102 12.233087 
1.505698 -0.838908 0.674459 -0.132743 0.608812 -1.140707 -1.081997 
0.360047 -0.424694 0.429608 0.099203 -20.762490 1.809606 -12.810105 
0.588861 0.287801 -0.654337 -0.370867 -15.615938 -1.895837 2.046816 
0.381565 0.099805 -0.545348 -0.118109 -19.143816 -6.872909 7.743436 
0.166121 -0.210259 0.458210 0.121456 -5.714990 -14.335930 -11.441135 
1.652096 0.185353 -0.493052 -0.035224 7.368472 5.232130 -1.567779 
0.215498 1.192082 -1.423401 0.641631 19.976454 -9.441863 2.470784 
0.524663 -0.165473 0.372670 0.171917 -8.059974 3.968882 16.709463 
0.489037 0.201951 0.002160 -0.230173 -13.758989 16.781957 -12.877475 
0.247044 0.133063 -0.051333 0.491379 -8.898905 -2.639884 16.609302 
0.408569 -0.866622 -0.377258 0.364274 4.187822 8.558064 2.464737 
0.429966 0.163792 0.143885 0.012931 22.685666 20.217808 -36.372957 
0.205030 0.983964 -0.203231 0.256662 17.072779 -12.629259 -2.633582 
0.104504 0.680073 -0.150963 -0.352164 -1.974231 2.613439 -8.380222 
1.704172 0.548689 -0.845526 -0.912720 -0.080553 0.316881 -12.873836 
0.208973 0.401162 0.985276 -0.767527 4.876198 0.823353 -6.517370 
4.631110 -0.886434 1.134413 0.145291 -9.488476 7.744750 15.806163 
0.135103 -0.055908 0.210969 -0.062469 -9.805750 -16.808214 -14.318338 
0.169606 0.156800 0.218532 0.739345 8.359540 18.113066 -5.810328 
0.567692 -0.518838 0.371419 -0.222004 -25.208347 -11.288968 -1.141223 
0.214292 0.362547 -0.287911 0.354669 -0.080956 0.102184 28.093069 
0.450345 -0.130959 -0.523229 -0.675280 -3.933306 9.916944 2.244407 
0.407103 -0.006307 0.245001 -0.431048 -11.537085 7.201985 3.592157 
0.846636 0.220410 0.299911 -0.122038 7.574720 17.165070 -13.257072 
0.123163 0.625742 -0.456264 -1.430608 -3.019270 -21.702926 -14.817062 
0.120648 0.117591 0.600822 -0.091823 -6.777140 6.028162 -20.104156 
0.387333 0.367914 0.604327 -0.324025 -6.404557 16.765018 9.830203 
1.095352 0.308956 0.137841 0.313253 -1.548942 8.742441 15.839481 
0.212730 -0.200736 0.303638 -0.094094 9.033621 -6.977240 -20.322613 
1.575080 -0.328744 0.699955 -0.258760 -7.363141 13.703756 21.925100 
0.102042 0.025729 0.407739 -0.272180 13.884802 12.587577 11.222906 
0.606266 -0.578082 -0.129229 0.409468 -15.779456 7.410278 12.216456 
0.250734 0.625337 0.074988 0.016881 -3.698219 4.434510 -4.668781 
0.184902 0.036533 -0.871389 -0.009126 -9.790457 9.238697 1.589117 
0.348863 -1.190585 0.053754 0.229396 -8.454731 18.329788 -8.094887 
0.127948 0.732475 -0.077427 0.314430 8.147489 -16.713537 9.939905 
0.127545 1.093249 -0.532673 1.027218 10.565523 5.351959 24.127184 
0.089378 0.297024 0.938313 0.522472 12.987345 1.891159 5.330101 
0.220514 -0.740816 0.368499 0.482305 10.867829 6.796035 8.118199 
0.195396 0.824082 0.038406 0.447312 3.713678 -14.768333 -7.548927 
4.245083 -0.277904 -0.705360 0.242181 -11.488499 -17.819150 -2.093971 
0.095817 0.018468 0.301840 0.472200 -8.753651 5.738334 -10.809603 
0.569763 0.380236 0.105327 -0.091264 -14.551498 14.901587 3.771578 
1.098164 0.313269 -0.509331 0.334676 -2.228231 2.817152 0.884498 
0.538990 -0.485411 0.133657 -0.399705 7.027921 9.044604 2.440112 
1.288776 -0.134822 0.172508 0.254270 -29.719017 1.343241 5.121427 
0.193816 -0.143902 -0.119850 0.703658 10.905420 14.290879 2.513966 
0.378483 0.856916 0.710808 -0.224937 -7.729326 11.088590 3.583235 
0.130333 -0.901134 -0.076759 0.104400 -2.856928 20.998405 2.125672 
0.235233 -0.284344 0.691517 0.218675 1.094389 -0.969431 -20.823829 
0.474050 0.359632 -0.037689 0.230952 9.956492 6.423251 -12.833706 
0.170650 -0.259546 0.420462 0.006806 11.170995 -12.162997 1.697378 
0.551803 -1.116228 -0.068313 -0.212869 -7.531861 -6.783073 5.637868 
0.131497 -0.387595 0.252955 0.326869 9.158019 14.800985 -0.475486 
0.367063 -0.307289 0.614482 -0.234903 -29.259051 -8.489083 -8.487741 
0.237052 -0.026185 -0.041186 -0.058331 4.959754 -17.201280 -14.347377 
0.979329 -0.517744 -0.053750 0.440211 12.633491 -5.590746 6.061166 
0.113309 -0.004017 -0.447941 0.158815 19.705059 11.589542 1.132837 
0.202812 0.154880 0.268537 -1.154810 19.589810 6.066214 -3.746566 
0.145792 -0.074933 -0.120296 0.011061 13.131894 22.199308 -8.869732 
0.206856 0.395612 -1.305237 -0.703547 -7.067906 -28.176789 -14.344976 
0.534870 -0.441638 -0.452944 0.610332 -13.581205 13.087545 -9.365557 
0.091732 -0.332011 0.431337 0.014143 -14.946121 -18.773919 -0.344854 
0.094435 0.151973 -0.548776 0.784536 -4.203888 6.403689 12.619726 
0.106821 0.143069 -0.228793 0.459907 4.678586 -3.738225 -3.400687 
0.443043 -0.127054 -0.073192 -0.587499 13.095731 6.370901 -12.371898 
0.087582 0.443753 -0.703932 -0.501104 -7.559076 -9.416085 -16.182249 
0.159466 -0.728356 0.485860 -0.084673 -6.476794 -6.649450 9.029097 
0.829727 0.244072 -0.308693 0.270774 -1.609862 1.871647 -20.158058 
0.093662 -0.588446 0.851239 0.218229 -6.004958 3.175276 17.685283 
1.055006 -0.396853 0.540844 -0.768861 -12.625864 4.811684 -1.457122 
0.290595 0.500499 -0.616480 -0.112352 5.625578 3.198069 19.701892 
0.226020 -0.097047 -1.125728 1.881080 11.621333 -14.814949 23.366942 
0.258652 -0.071198 0.058681 0.074478 0.811818 13.553334 -5.699957 
0.504080 0.245090 -0.034124 -0.508492 9.257724 -8.661442 8.321101 
0.133644 0.096035 0.436130 -1.141199 -10.986991 -11.801557 -25.087031 
0.102367 0.340383 0.231197 0.284800 -12.021157 -1.030725 10.885056 
0.102733 -0.186302 0.214787 -0.234474 20.605169 14.197401 4.532123 
0.406103 0.023179 0.315543 0.818043 3.628108 -6.095510 -6.518988 
0.170184 -0.646123 -1.018230 -0.412753 -3.561133 1.385626 -14.934133 
0.080956 0.578171 0.491933 -0.030296 9.140858 25.328481 -14.168784 
0.171393 -0.327786 0.858427 0.651679 -10.582591 18.771404 0.223894 
0.103884 -0.194581 -0.104135 0.319464 -16.890156 7.543556 -5.783831 
0.287723 -0.318707 -0.206870 0.333678 4.082497 2.379221 9.430000 
0.707610 -0.301319 -0.074489 0.616746 -7.291378 1.530609 21.230497 
0.161798 0.241863 0.504891 -0.281444 -3.552288 -7.643692 10.112680 
0.495528 -0.969574 1.670546 0.557004 -10.639451 13.009135 2.962523 
0.081729 0.836911 0.000925 -0.163096 8.751230 9.668595 16.579778 
0.498673 -0.401297 -0.211966 0.637075 12.625516 -2.852671 -1.618379 
0.189760 -0.602292 0.092722 -0.336556 -7.294170 -5.047969 9.392481 
0.174582 1.117983 0.442894 -0.038783 9.958087 3.307154 11.614846 
1.913197 0.204763 -0.126113 0.091500 0.709505 28.465254 2.049155 
0.156957 -0.065768 -0.151716 0.377654 -13.496868 18.353732 -8.389187 
0.318637 0.344936 0.786298 0.376494 10.099352 2.179524 -5.594871 
0.384886 -0.439383 -0.760525 0.470724 -9.553848 8.272277 -3.895094 
0.094543 -1.169764 -0.008639 -0.966026 -2.025690 11.132498 -16.548509 
0.093801 0.593637 -0.128461 0.819922 9.208636 -10.728277 -8.051486 
0.259589 -0.096256 0.110347 -0.163354 5.874692 17.347232 14.990099 
0.331382 -0.213445 0.265907 0.027819 -4.735192 5.868910 3.687137 
0.597086 -0.933759 0.074059 0.013001 -23.724333 23.947717 -7.032754 
0.244466 0.010980 -0.209094 0.263914 -7.845985 -2.361117 9.535130 
0.409757 0.442709 -0.606151 0.392597 -9.202788 -2.895368 20.768945 
0.703460 -0.980923 0.626474 0.107611 2.405898 7.431500 13.692814 
0.129081 0.170214 0.216221 -0.036587 11.888454 9.130850 9.146200 
0.592856 0.229158 -0.751315 0.272533 15.155831 9.255973 10.821925 
0.598064 0.146318 0.358692 -0.083141 1.410586 10.000318 27.091324 
0.315326 0.208924 0.086786 0.087157 -11.008260 20.307126 24.525516 
0.830552 0.482149 -0.427362 0.203383 -6.738642 6.240211 -15.610992 
0.107798 -0.347089 0.246283 0.632736 -7.885326 14.000064 14.313865 
1.282747 -0.476564 -0.281336 0.266861 6.318523 -20.886361 -20.990103 
0.179704 0.306325 -0.320669 -0.537745 -4.747094 -10.157375 12.189462 
0.226650 0.455436 0.148680 0.048869 10.270369 -14.207652 6.276254 
0.213577 -0.312819 -0.228194 0.211076 6.655793 25.427115 7.637504 
0.360054 0.363238 0.377424 0.510466 -8.491430 -15.924189 8.272128 
0.590465 -0.337855 -0.397413 -0.051585 14.894268 0.116709 4.438199 
0.323997 -0.075148 0.617564 -1.221625 -3.112723 24.047276 -10.073471 
0.080856 -0.377919 -0.811043 0.836214 9.495262 1.616830 5.939266 
0.143920 0.120475 1.447128 -0.162801 2.216075 8.725147 1.901170 
0.128165 0.848285 -0.246838 -0.042891 12.590773 9.161437 7.028289 
0.371144 -0.417365 0.880492 0.290088 1.184073 10.802767 -10.789312 
0.145470 -1.100794 0.543712 -0.394296 -0.476912 4.005583 -16.940560 
0.092657 -0.098548 -0.566222 0.074182 -3.786200 16.375600 -8.093197 
0.587126 0.328635 -0.009102 -1.237496 19.520345 -13.943302 -9.214105 
0.235289 0.378006 -0.052400 0.408956 -1.884309 10.079190 12.453654 
0.569180 0.724990 -0.662301 0.376772 -5.721724 -10.968717 -5.955193 
0.093590 -0.415116 -0.038171 0.567369 -17.782462 1.185977 2.302101 
0.249342 -0.229798 -0.516237 -0.789981 3.696414 -7.121752 4.108251 
0.543855 0.659694 0.153469 -0.364674 25.507179 -8.640920 -1.836770 
0.236315 0.710949 0.552954 -1.226523 17.787694 27.008858 -10.743207 
0.136931 -0.474230 0.915153 -0.153837 4.340486 -4.815677 -10.391245 
0.109437 0.266611 -0.350771 0.761202 -12.559617 -15.056501 -2.355275 
0.915698 -0.391121 0.446066 0.616308 14.577482 2.429550 -3.186920 
0.125769 -0.125105 0.276329 0.187806 -12.720878 -14.665181 -14.643742 
0.182221 1.113322 -0.027162 0.964462 12.534545 -9.146118 14.792629 
0.624303 -0.576023 -0.814955 -0.420341 -14.294091 1.637190 -3.786176 
0.123119 0.065600 0.056497 0.002207 -25.243809 1.182913 7.072109 
0.093277 -0.358950 0.431756 -0.193641 17.427673 3.387961 8.326691 
0.126609 -0.968276 -0.790307 0.122193 -1.847249 -5.873479 14.949706 
0.342755 0.355221 -0.067057 0.066224 -0.680647 26.893697 2.717455 
0.887808 0.762901 -1.235879 0.091847 7.565043 -8.319563 3.204217 
0.718573 -1.040426 0.021517 -0.117292 -5.040353 -1.979821 -5.388202 
0.789225 -0.203548 0.242652 0.403342 -7.093423 25.745809 -5.360396 
0.126531 0.457576 -0.166608 0.112521 3.725900 8.498804 12.872354 
0.685572 -0.281446 -0.391647 0.271712 7.571030 0.759418 3.313013 
0.342997 1.189690 -0.360831 -0.014902 -0.243108 -0.340177 -4.357662 
1.141486 0.732009 0.110644 0.826890 1.072665 11.235143 1.557295 
0.181571 -0.266462 0.122070 -0.441922 -12.224885 1.104573 9.504155 
0.271737 -0.130320 0.268465 -0.267428 -10.483350 -1.812359 12.460353 
2.465276 0.577122 0.229450 -0.111303 -3.737410 2.260140 -4.895681 
0.132761 -0.859277 -0.287634 -0.392069 6.693530 3.427299 -8.914834 
0.088416 0.910412 -0.108913 -0.300097 -2.743251 -2.218788 7.550890 
0.089291 -0.222762 0.201998 -0.183225 1.765885 16.679722 -13.575341 
0.263350 0.313666 0.360995 0.605684 3.961723 -4.644965 -8.750973 
0.423754 0.079508 -0.712612 0.085544 13.207738 1.280191 19.873874 
0.178200 -1.636836 -0.694060 -0.017901 -13.419351 -1.338967 -0.378508 
0.269147 0.201979 -1.064225 0.176496 -14.682532 -3.967120 -5.371703 
1.218772 -0.861424 0.557457 -0.241710 -2.009439 -9.247847 7.215417 
0.195759 0.551178 -0.421081 1.013936 4.127184 -17.712225 12.379788 
0.310560 -0.404629 0.116581 0.187939 5.533058 8.747062 20.542425 
0.132928 -0.050719 0.097657 0.179075 -0.722775 11.805735 -23.740184 
0.130606 -0.485652 0.851697 0.764408 1.283347 1.283414 -1.588617 
0.180981 0.449732 0.792208 0.708017 5.217308 23.886826 24.004955 
8.040799 0.212206 0.256578 0.092834 12.013889 -7.620883 -4.230181 
0.080873 0.673183 0.186850 0.252797 -8.183779 10.797822 3.235644 
0.337684 -0.096434 0.714920 1.158973 6.818674 -2.260647 16.905799 
0.727006 -0.667154 0.774578 0.013442 -17.896771 4.240939 10.317035 
0.130102 -0.060222 0.738623 -0.155781 -5.588825 -4.549394 12.769086 
0.107057 -0.191709 -1.455253 -0.321167 -1.904176 -21.983627 15.340814 
1.352041 -0.151894 0.186685 0.584935 -8.954359 1.031835 -15.979409 
0.108970 -0.112097 -0.187343 0.778445 -20.151142 2.266586 -0.602027 
0.148499 1.212982 0.749301 -0.813256 9.794716 -0.020789 -9.030275 
0.263983 -0.120985 -0.233893 0.222648 0.977654 -25.036625 1.516304 
0.240265 -0.321429 -0.209392 -0.067430 -10.597911 24.415495 -2.326524 
0.217954 0.022242 0.250429 0.393433 4.074882 -3.880794 -4.631123 
0.444167 -0.357571 0.703603 0.578112 -1.884499 10.558459 -6.389486 
2.752555 0.193266 0.131124 -0.896719 -1.303793 11.568504 -19.565762 
0.266546 0.644549 0.200990 -0.598604 22.342953 2.302539 -14.942926 
0.104305 -1.405368 0.298375 -0.077062 -6.091872 8.153572 5.483889 
0.144490 0.943560 0.472195 0.092889 10.910985 15.354276 -15.747098 
0.094619 -0.114982 0.559640 0.640334 -2.088705 13.594394 1.541684 
0.144851 -0.609981 0.526247 0.671062 9.219684 5.758932 19.016804 
0.132290 0.185610 -0.520242 0.725639 -10.664963 5.245367 17.531238 
0.524424 -0.167962 -0.365563 -0.623790 3.889252 -5.436700 3.148258 
2.804970 0.764264 0.363266 -0.079018 23.489795 6.107793 4.868365 
0.151725 1.179407 -0.380556 0.515606 19.259044 -2.977235 6.826871 
0.691052 -0.119810 0.741585 0.252924 -12.364950 -1.592232 -8.012547 
0.123125 -1.576100 -1.407845 -0.585802 -29.103469 -14.448744 -7.973147 
0.095501 -0.360549 -0.327738 -0.028011 4.018471 2.236490 8.621467 
0.082472 -0.255238 0.041012 0.393851 -0.184050 0.506903 9.522635 
0.088000 -0.522895 -0.064498 0.039328 4.333235 1.251293 21.862879 
0.106567 0.283988 -0.115863 0.128767 -16.403106 2.777632 2.782310 
0.083960 0.009144 -0.431479 0.103979 -8.882447 -21.559844 18.142523 
0.444394 -0.163072 -0.227779 -0.354230 -5.420692 6.742408 15.114989 
2.968598 -0.206815 0.365328 0.088888 -1.459856 -2.382895 -22.597645 
0.118415 -0.890050 0.154019 0.620253 -8.282657 -3.196182 -12.608717 
0.123056 -0.251470 -0.466746 -0.026474 -5.089745 -6.609478 17.695971 
0.111967 -0.337541 -0.223386 0.027752 -19.393000 15.723634 -8.217739 
0.095336 -0.123813 0.281440 0.249784 -4.058481 -1.996137 -2.246325 
0.085245 -0.076533 0.196721 0.766348 -13.570599 -3.174314 -1.583136 
0.219520 -0.397726 -0.354721 0.794029 -20.696581 -5.012459 5.429868 
0.269315 -0.983933 -0.604555 1.270371 -17.879176 8.459285 19.653043 
0.084729 -0.345300 0.366316 -0.164484 -0.494556 -9.230097 17.654192 
0.193296 0.026486 -0.996611 0.084977 6.045520 3.226599 15.977532 
3.042533 -0.350967 0.145502 -0.684742 -1.998266 -17.401677 -5.029083 
1.417540 1.000450 1.264099 -0.500594 11.866226 9.746315 1.816484 
0.348250 -0.532770 0.338962 -0.321568 -1.382040 -0.360212 5.360836 
0.189420 -0.577076 -0.170576 -0.025218 9.816081 3.505593 17.535667 
0.222484 -0.076750 -0.278827 0.447576 7.682550 -5.242842 2.914985 
0.319069 -0.567149 -0.000504 -0.731768 5.962497 7.346865 -6.360235 
0.092091 -0.669164 -0.082718 0.579696 -0.810723 -4.609684 10.931149 
0.486369 0.431062 0.199039 -0.189620 16.487012 -12.007115 -5.594050 
0.293964 -0.077023 -0.531411 0.329371 12.347424 12.731764 -4.041593 
0.150389 0.162679 -0.506825 -0.025514 -14.336648 12.531554 -7.643767 
0.098254 0.355948 0.090906 -0.395613 -14.892549 2.156944 2.862326 
0.129777 -0.086025 -0.119476 0.113027 3.308317 -0.766879 11.804136 
0.089968 0.637602 0.376223 0.758462 6.535667 12.496218 -9.067785 
0.178187 -0.307820 0.013134 0.013461 12.856369 -2.019782 -17.875573 
0.446547 -0.344543 -0.292627 0.143479 -20.464948 9.682122 1.145729 
2.596189 -0.953548 -1.005722 -0.708162 -19.411569 -17.112014 -0.678207 
0.941679 -0.152082 0.105837 -0.344499 2.452436 14.497029 -7.754791 
0.357477 -0.107850 0.791923 -0.274051 -9.253165 -6.731057 10.016270 
0.233141 0.094277 -0.234939 0.408613 -13.260923 13.160595 -4.180821 
0.109886 -0.958649 0.292553 -0.174048 -4.105664 -4.206418 -5.346747 
0.103385 -0.561393 0.338304 -0.658686 6.033435 10.754970 -4.055717 
0.307529 -0.918726 -0.394452 -1.465002 -6.254219 -12.074054 -9.353175 
0.224214 -0.866561 0.706098 -0.966740 -1.934709 -2.931513 -24.285005 
0.688471 0.498448 -0.603790 0.232488 4.164970 3.333523 -7.884873 
0.121886 -0.050987 -0.096950 -0.427791 8.494690 -18.209964 6.293108 
2.036878 1.491279 -0.892427 0.031360 9.802504 -9.587439 -6.966425 
0.108772 -0.367606 0.124850 0.473639 1.993021 22.572939 11.006581 
0.087214 -0.973749 -0.940484 -1.004345 -3.855278 -14.891446 -3.486347 
1.095005 0.046665 0.417960 0.498060 8.951478 2.589828 -7.774810 
0.462444 -0.210893 0.180597 0.663646 6.922319 -4.666085 -14.819802 
1.195467 -0.058585 -0.777038 0.043841 0.566057 6.410072 2.151936 
0.124532 -0.794202 -0.389333 0.292433 8.410637 -0.899697 -1.316551 
0.239527 0.446836 0.228110 -0.450443 -7.626905 -10.065074 9.478344 
0.513647 -0.042778 0.571520 0.561544 6.766303 -5.358429 14.830382 
2.322161 -0.425297 -0.550525 -0.849165 9.411765 1.945616 -10.621426 
1.749945 -0.328259 1.030885 -0.133993 5.918342 -3.815185 -5.053584 
6.427225 -0.387011 -0.563085 0.481750 -9.844137 8.991717 0.346756 
0.187473 0.139570 0.035329 -0.617504 -9.151835 -6.354637 4.893483 
0.080411 -1.063347 0.622094 0.515873 -5.553047 10.737984 11.805704 
0.084886 -0.068825 0.038488 0.104590 -19.371789 -17.345884 1.133645 
0.210734 -0.427931 0.692684 0.310305 -1.412913 -0.508787 -13.516747 
1.039799 0.353844 -0.181437 -0.120543 14.670627 7.259619 19.549272 
0.589256 -0.294829 -0.217691 0.221724 13.342973 -10.457950 11.216633 
0.193774 0.062450 0.997364 -0.351297 -14.925504 4.417651 9.884956 
0.204408 -0.651354 0.201737 -0.232885 8.990691 -1.494627 -12.376489 
0.203976 -0.241311 0.291659 0.785074 -24.399032 4.231738 -1.652841 
0.100379 0.003614 -0.179606 -0.190258 -10.566537 -38.721585 -24.767875 
0.224716 0.420572 -0.544734 0.681216 0.714675 5.968062 21.561158 
0.736908 0.424293 0.263749 0.225068 3.131451 26.648301 -3.692711 
0.183623 0.611248 0.377142 -0.963817 8.921330 2.171541 -2.842526 
5.763363 -0.656676 -0.773100 -0.299506 -4.254607 -10.265890 -2.359306 
0.155563 -0.361927 -0.465496 -0.257639 10.072190 6.820144 9.357943 
0.205052 0.104644 0.744168 -0.147313 -19.373758 8.926974 13.347708 
0.256881 -0.204469 -0.287556 -0.708128 -7.377839 -16.087774 11.406405 
0.383592 0.094939 -0.104121 0.873657 4.212004 -18.906289 -7.794270 
0.115189 -0.473595 0.717067 -0.844069 -15.570640 16.665593 8.472189 
0.144188 0.505116 -0.253660 0.258255 -14.132772 1.332135 5.374217 
0.208231 -0.276679 0.419464 0.049160 -17.260276 6.659703 25.151933 
0.523071 -0.775026 0.188806 -0.754534 0.125547 -8.124038 2.833792 
0.460238 -0.483482 -0.075522 1.336652 11.958595 0.277849 11.693039 
0.500482 0.442763 0.240105 -0.672456 -3.055095 15.083593 -0.363841 
0.190881 -0.164478 0.550705 0.872954 19.498161 2.225659 14.924308 
0.095002 0.146318 0.201267 0.097285 -1.124957 -32.830723 -5.945492 
0.282526 0.751979 0.014667 -0.322191 -0.879900 -3.256601 12.254793 
7.200905 0.031068 0.048874 0.810736 -16.263988 11.422934 13.026653 
0.639887 -0.395359 0.550001 0.648925 -19.966871 1.143509 -9.445882 
0.088337 0.063199 -0.033741 0.157794 -4.038001 -17.456778 4.819527 
3.427020 0.482478 -0.369663 0.557025 12.655914 -2.905452 12.655041 
0.286232 0.027246 -0.006327 -0.215634 -11.183087 -19.055698 7.713198 
0.111446 -0.016510 0.287118 0.740457 -3.328955 16.319268 24.354130 
0.194955 0.397225 -0.016594 -0.139165 -5.612758 12.588351 4.996086 
0.190041 -0.365537 0.026530 0.451134 -21.710822 4.288573 -11.001158 
0.170109 -0.186144 0.600917 0.140694 -5.550509 1.440037 5.206156 
0.162386 0.235415 -0.309927 0.537390 -16.232038 7.687224 7.826633 
1.166044 0.718808 -0.482634 0.844805 10.468368 11.283994 21.358247 
0.584740 1.337185 0.255055 0.370681 4.987065 -1.923866 2.649416 
0.396613 0.139375 -1.285122 -0.429703 -9.322859 -4.920760 -11.295478 
2.418064 -0.041667 0.065207 0.155281 -20.245428 3.004291 -5.356367 
1.010429 -0.699528 0.417991 0.203174 3.976634 -6.914860 -0.756071 
2.532142 -1.359975 0.296086 -0.000157 -4.007560 -6.652918 -0.850928 
0.107929 0.316731 1.038486 0.673651 5.150950 -1.611755 4.919907 
0.167175 -0.658405 -0.011586 -0.830983 -1.458524 -0.690121 -2.918300 
0.254952 1.034876 -0.906373 -0.184615 11.022953 0.893102 -10.270700 
0.429694 -0.183523 -0.044804 0.572239 19.882853 15.522039 14.019894 
0.496826 -0.448488 -0.216225 -0.548606 8.005013 -3.483846 11.333212 
0.121547 0.615515 -0.565889 0.424546 4.161995 -28.597170 -4.386523 
0.215928 -0.117937 -0.136770 0.415388 -1.937184 28.329964 2.792341 
0.270339 -0.045011 0.966381 0.603408 -8.258324 -5.430529 -0.771308 
0.080083 -0.694186 0.278556 0.435164 6.296245 0.727159 15.240808 
0.272801 0.621324 -0.467881 -0.022742 7.431422 1.026037 3.995019 
0.248941 -0.752990 -0.351812 0.705810 10.108931 -7.249530 4.443681 
0.198171 0.052426 -0.274937 0.277823 -0.762411 -18.827439 -8.357344 
0.125940 0.050169 -0.385099 0.170914 -5.032709 18.133676 4.678891 
0.397489 0.624145 -0.657369 0.915083 16.894652 -7.958722 16.128861 
0.109822 0.599539 0.254751 0.323650 27.626932 1.060550 -4.984642 
1.950578 -0.394527 0.594872 -0.327319 -3.616724 -15.056157 6.138893 
0.085723 -0.098046 -0.057046 -0.103560 -5.760685 11.715355 20.238691 
0.261677 0.087665 0.266842 -0.336091 15.251051 16.935174 1.837786 
0.410668 -0.578454 1.057413 0.380800 6.005159 3.401813 12.578067 
0.278253 0.004344 -0.427391 0.097915 13.245612 -4.256802 18.355797 
0.362834 -0.156484 -0.364729 0.229075 -16.950033 16.411129 9.269504 
0.191416 1.926194 -0.139556 -0.165820 36.839645 12.623306 -7.623029 
0.204516 0.438722 -0.505816 -0.901908 10.622080 -2.042006 -2.792533 
0.119244 0.214854 1.106380 0.182486 -2.022728 -3.310276 9.667869 
0.394798 -0.374883 0.201512 -0.581476 5.424574 -7.635599 0.026575 
0.108074 -0.019656 -0.197742 -0.025631 4.586000 10.662775 -22.520759 
1.687457 0.754019 1.801375 -0.103055 13.804935 20.583904 8.317455 
0.142585 -0.336817 -0.724028 -0.134939 2.752822 6.087927 -7.394327 
0.999592 0.224939 0.093766 -0.094053 -9.962705 19.742129 -21.239445 
0.835224 1.010252 -0.614888 -0.123737 12.538515 12.483352 -0.589597 
0.133760 -0.485145 -0.751787 -0.329561 -15.214638 -5.622665 4.046501 
2.914902 0.169617 0.006060 0.080281 26.405995 -14.922281 0.692761 
0.289537 -0.112528 -0.284679 0.328775 -16.057041 -17.805492 -1.241157 
0.111589 -0.183801 0.224971 0.344313 6.462857 8.164380 6.384213 
0.666435 -0.152967 0.046109 -0.054018 6.250442 26.823968 2.948929 
0.118124 -0.390155 -0.371127 0.085481 4.949663 -5.370911 9.993429 
0.082017 -0.185519 -0.333498 0.479697 -23.002573 10.924361 4.615882 
0.384643 -0.656802 -0.338423 0.199321 7.152460 -7.166093 -6.729401 
0.170390 0.069951 0.324508 0.411711 -13.785145 10.395124 20.020192 
0.164634 -0.251291 0.475334 -0.169176 -8.347139 -6.589689 15.244340 
0.710018 -0.655926 0.793458 0.269413 -5.702687 14.910420 7.845750 
0.490174 0.165469 -0.253048 0.437009 -8.091027 -7.375588 -20.035633 
0.209872 -0.121228 -0.425534 0.962994 -3.991098 10.040800 15.268421 
0.191407 -1.373401 -0.853529 -0.621379 -7.307059 -2.738684 -15.455235 
0.086220 0.467406 0.005073 -0.238572 25.156996 -2.161405 8.575018 
0.253249 0.333300 -0.537923 0.000903 -1.317119 16.920781 4.818430 
0.443660 0.273709 0.077332 -0.135374 8.280180 14.778532 -1.381333 
1.478874 0.685458 0.394681 0.101225 0.959358 7.172525 -2.336792 
0.997008 0.555153 0.465847 0.214596 -12.335426 -8.808851 -1.057245 
0.119733 -0.715997 0.766115 -0.841412 1.365389 -2.216979 -11.087348 
0.155712 -0.956096 -0.521332 0.634461 -3.460793 4.622694 3.230790 
0.248140 0.531147 -0.211880 -0.093713 26.714614 3.693472 1.497868 
0.211986 -0.341427 -0.442497 1.633635 -7.935343 -11.524309 11.461117 
3.164370 0.197923 -0.010566 -0.646292 7.298851 14.705887 8.257680 
7.811175 -0.249071 0.821428 -0.255348 5.373435 -6.345254 -0.951183 
0.119711 -0.611781 0.078221 0.024151 0.617123 -1.410488 19.835512 
0.081905 -0.296043 1.546616 0.463208 -1.093837 13.366457 3.646909 
0.128974 0.013299 0.567077 0.145947 -12.369646 -13.837137 8.521767 
0.098410 0.029729 -0.066473 0.106496 -21.410209 -0.198549 -11.193751 
0.208666 -0.759884 -0.268173 -0.028083 -6.299614 6.050519 21.690557 
0.338702 -0.483799 -0.356870 -0.158341 5.068595 -22.704522 13.630733 
0.270406 -0.743132 -0.359097 -0.381061 4.406928 -3.137088 -15.398056 
0.261780 -0.452263 0.452918 -0.635952 7.081087 -1.656913 4.666224 
0.198271 -0.159814 -0.346633 0.405563 8.985657 12.057678 -8.466465 
0.547947 -0.469159 -0.309788 -0.104165 11.815233 2.707553 11.268582 
0.084496 -0.167677 1.242336 -0.043802 -6.471009 1.261610 11.367604 
0.547853 0.037520 0.254071 -0.038910 -0.561799 -15.487458 -0.417861 
0.124445 0.377400 -0.512381 0.069488 -2.453981 11.564921 10.852291 
0.573077 -0.339717 0.186807 -0.136138 -0.153393 7.676231 -18.547629 
0.415176 -0.092753 0.075633 -0.298684 7.700103 -19.392611 -10.242758 
0.878922 0.269405 0.709189 -0.495871 -6.291675 -10.253220 -13.205067 
0.094683 -0.316980 0.997883 -1.081879 -2.087594 -1.009446 -9.202215 
3.025229 -1.006192 1.008622 0.175778 0.303558 14.468582 -8.259195 
0.102725 -0.022085 0.439210 -0.427619 -15.837496 -13.741001 -2.795107 
1.385436 -1.228124 -0.241550 0.147874 -16.413498 12.134276 7.515404 
0.188343 0.308592 -0.157755 -0.207427 20.214871 -10.243666 9.553087 
0.308804 -0.372278 0.498327 0.626892 21.665435 16.848761 -3.658113 
0.266901 0.230196 0.921121 0.092100 22.379109 7.462646 -0.157493 
0.352073 0.579154 -0.105597 -1.034206 -7.176012 -4.177994 -3.539488 
0.588656 0.145898 -0.562448 -0.903211 14.250357 -6.889949 -11.690210 
0.105091 -0.424982 -0.296482 0.290577 -10.046915 7.018873 -2.707942 
0.147682 0.350339 0.199324 -0.828389 15.042662 -7.911590 2.706697 
0.179358 0.454020 -0.235419 -0.058803 -13.616429 11.538225 -5.874652 
0.522896 0.326077 0.198015 0.021646 9.901663 -11.490999 -0.449863 
0.141510 0.290825 -0.229790 -0.345505 15.017409 -11.551366 -7.896961 
0.105633 -0.254468 0.257814 -0.408989 -4.726913 -1.565166 -1.086197 
1.115389 0.092484 -0.053690 -0.490427 6.219008 -9.228229 4.030455 
0.100224 1.472168 -0.753424 0.330501 13.265544 -12.264084 -7.292360 
3.043771 0.822841 -0.205773 -1.327709 11.085621 -2.860805 -6.943157 
1.677124 0.079681 -0.786920 0.737369 6.433133 -5.139226 -3.744561 
0.154714 -1.531703 -0.388184 -0.118236 -7.227009 -6.784398 -5.797005 
0.509531 0.192343 -0.164426 0.445435 13.792957 3.579127 12.165699 
0.118595 0.747954 -0.505454 0.611185 2.673766 3.862180 1.401801 
0.192470 0.524225 -0.002525 0.076643 24.005879 -2.080402 4.790233 
0.156661 -0.122091 -0.903788 0.841623 1.363296 3.105512 16.911628 
0.269171 0.408317 0.076894 0.321688 1.793859 3.584227 -12.223832 
0.275015 0.355704 -0.001837 0.368434 -20.775949 10.686942 4.595375 
0.133107 0.092531 -0.019826 -0.427850 -17.440932 6.354615 8.195857 
0.116244 0.637577 -0.460152 0.284982 10.346893 -21.092820 4.245124 
0.262815 -0.022371 -0.045525 0.681406 -7.029611 -19.189989 11.065903 
0.152197 0.364838 0.085736 -0.494179 -18.512629 7.961125 -17.604588 
0.591538 0.543707 -0.641858 -0.173216 0.469626 -12.089449 -20.356111 
0.273814 -0.672218 -0.544587 -0.110463 3.352551 3.487839 1.472221 
1.296377 0.111958 0.003398 0.193351 -8.151003 25.749359 14.441408 
0.625099 -0.125174 -0.303065 -0.321700 3.627878 -2.503565 20.099148 
0.953431 -0.890679 -0.326677 0.401114 -14.433210 -5.543093 18.319758 
1.362864 -0.695876 0.196966 0.297684 6.721122 7.199709 -5.024203 
0.388981 0.218138 0.226657 -0.050338 -17.495748 7.502301 15.440061 
0.178332 0.661674 -0.554692 -0.344087 27.349102 1.946043 4.587205 
0.372184 -0.663097 -0.121788 0.829801 -6.990075 -9.952945 3.449016 
1.884918 -0.584527 0.223413 -0.221412 -25.947556 -0.073117 2.062997 
0.093160 -1.007121 -0.369361 -0.628838 -3.929717 -6.492537 -3.332870 
0.093696 0.157391 -0.651503 0.196138 7.490396 -10.013693 6.003356 
0.080850 1.380897 -0.516777 0.691852 8.889171 -17.377003 12.799092 
0.277717 -0.147031 -1.677737 0.475424 0.928150 -10.791112 15.873022 
0.330199 -0.347225 0.113968 0.470990 -8.097635 11.596169 4.072861 
1.020862 -0.073401 0.578950 0.177734 18.520340 -0.303213 -3.994645 
0.554068 -0.117740 0.014379 0.767655 -17.643964 6.348989 17.339946 
0.410517 0.912754 -0.111200 0.136955 -1.680324 -2.563470 14.168923 
2.241100 -0.278263 -0.189868 0.476080 -25.591484 8.582366 -0.225960 
0.769947 -0.466627 -0.331804 0.648942 -7.805581 -3.870714 -17.246086 
0.085466 0.555748 0.335493 0.251290 -0.420304 -14.665027 -11.977627 
0.645582 -0.033106 0.248547 0.565283 -9.532965 8.489132 -14.093342 
0.291207 0.567604 0.098121 -0.195354 24.525581 -1.067102 -9.264099 
0.780826 1.086287 0.679549 0.059265 0.350591 20.114025 5.467231 
0.178041 -0.028983 0.061579 0.129808 0.445850 10.951413 15.777533 
0.111657 0.694071 -0.102356 0.136620 3.850214 13.725384 12.675592 
0.141933 -0.472856 0.390939 0.615605 -5.249331 -15.196320 -8.605075 
0.503658 0.288219 0.226990 -0.242443 -8.528758 -11.380712 16.223922 
0.266518 0.795658 -0.417999 -0.518812 -7.875194 -11.126944 -11.262986 
0.136578 0.273934 -0.047501 0.281819 24.880326 8.630210 4.052650 
0.126498 -0.891234 0.144874 0.056450 -59.564964 -13.872529 -5.545421 
0.081261 0.949077 0.926077 0.302007 20.382615 -4.181019 -2.897245 
0.167252 -0.038343 0.118064 0.003377 2.233085 -3.895251 -5.924540 
0.607244 -0.556627 1.619259 0.527437 -1.236276 13.631128 1.559942 
0.266741 -0.163518 0.234874 -0.183703 -20.906607 8.952181 11.842122 
0.157175 0.437029 -0.290928 0.895798 -17.520310 -9.314099 20.378277 
0.366807 -0.218483 -0.445066 0.122510 8.113443 -12.159712 -16.420797 
1.030213 -0.102959 0.045567 0.784049 4.317033 1.656666 -0.488489 
0.140945 1.298275 0.934062 -0.154448 13.795583 2.660894 9.592537 
0.288794 0.040792 -0.281465 0.080472 -13.960085 -1.111819 -24.448397 
0.182724 -0.441593 1.053232 0.249091 -11.032163 -0.089481 -10.657833 
0.115248 -0.864088 0.875967 0.070975 -13.129463 7.913758 6.488970 
1.012019 -0.392690 -0.482825 0.466636 4.406968 6.470932 -8.393599 
0.292049 -0.936186 0.522049 -0.241574 -22.103364 -19.509783 8.412366 
3.273691 -0.223629 0.059851 0.378705 3.410679 1.051033 17.761692 
0.507219 -0.157463 0.950411 0.085393 -16.503964 5.064874 19.412112 
0.325723 -0.910111 0.120323 0.754894 -8.038039 7.972658 -8.736597 
0.153073 0.439423 1.065464 -1.073292 12.930505 1.850189 -30.887247 
0.229855 -0.069767 0.247601 0.392397 17.118821 9.349540 6.953758 
0.196589 -0.196851 -0.294267 -0.316558 5.477629 2.849218 -10.907060 
0.095001 0.290075 0.089999 -0.303659 -5.153093 7.173394 -25.630754 
0.458870 -1.052745 -0.785782 -0.140663 -1.625660 1.727367 -1.306260 
0.085890 -0.646230 1.377053 -0.032404 0.646156 15.638595 18.700557 
0.170408 0.399615 -0.139573 -0.192770 -15.948340 10.608908 -8.867668 
0.130084 0.340751 -0.621063 0.239062 1.602405 -6.385837 -2.365021 
1.384359 -0.490695 -0.303266 -0.056640 -0.608018 8.185716 7.732532 
0.642711 -0.100456 -0.196735 -0.248256 -7.908637 10.392370 -6.936154 
0.176254 -0.847577 -0.344794 -0.208317 3.581377 2.972160 10.748755 
0.156623 -0.288178 -0.696029 0.177319 -24.961181 -7.219860 6.135942 
0.874755 0.133675 0.074377 -0.176795 -16.126296 -7.951147 -1.420872 
0.628183 -0.154284 0.279248 0.234918 -4.119238 -14.505679 15.182198 
0.127719 0.653649 -0.051676 -0.224896 12.274532 -7.485440 21.226235 
0.209256 0.243876 -0.189445 0.494072 -11.358026 -0.739662 8.499563 
0.393003 0.556802 0.153725 0.071927 12.588196 5.766402 -6.807393 
0.395444 -1.105854 -1.090738 -0.535165 -5.398185 -10.226241 3.698047 
0.150757 -0.304353 -0.392969 0.389848 17.034725 -16.362301 16.415975 
0.613619 0.772558 -0.403650 -0.791655 25.878060 -21.606978 -26.338775 
0.371705 0.521120 -0.466644 0.261788 12.410413 14.686857 12.077485 
0.128172 0.058515 0.054673 -0.273354 -3.435242 26.030970 9.038409 
1.227367 -0.898200 0.529969 0.225692 -15.114315 22.360494 9.394021 
1.287495 0.006839 -0.012014 -0.114202 -9.646223 -2.896627 -7.038829 
0.285623 -0.556020 0.079790 0.183635 -14.255018 -17.126142 -12.839751 
0.186793 -0.212722 0.169138 0.650456 -8.119116 11.817606 -2.150425 
0.151928 0.852351 0.190651 0.060268 -6.234790 -6.387262 -7.451162 
0.107729 0.168046 -1.080105 0.078012 3.978389 1.032165 -8.097862 
0.789450 0.051178 0.973048 0.559653 -0.019331 -4.393898 -0.989442 
0.417882 0.740229 0.284149 -0.863264 12.125443 -0.850499 8.093227 
0.415458 0.075791 -1.773826 -0.656403 -5.555240 -20.495291 1.933329 
0.510419 0.477791 -0.348241 0.154653 -5.769812 16.782939 12.321939 
0.130425 -0.009008 -0.243809 0.156015 -15.568790 -2.056758 6.417246 
0.312402 -0.656523 0.699735 -0.283583 9.060040 0.398002 0.603933 
0.489643 0.267631 0.106787 -1.655180 -1.963515 6.618994 -18.194864 
0.449688 0.241941 -0.310502 0.925944 16.982153 14.335242 7.848908 
4.640213 -1.010392 -1.880038 -2.022107 -8.125064 -24.514907 -34.499248 
0.102329 -0.480029 -0.493031 0.465218 14.842214 -2.209727 -2.625747 
0.088752 -0.245840 -0.356987 0.428688 -32.266971 7.132714 7.359671 
0.124181 0.410610 -0.792217 0.629416 14.998183 -19.445062 1.685999 
0.142677 0.544754 -0.250516 -0.106586 -15.782579 -5.057181 -12.764881 
0.646196 -0.766137 0.836163 0.038265 -3.197143 4.735600 -20.779023 
0.112694 -0.239692 0.307989 0.532399 -16.873937 -18.322987 0.694176 
0.176104 0.389973 -0.105730 0.927795 -9.390622 -8.269021 0.848004 
0.106965 -0.100094 -0.318582 -0.189492 -10.979873 -1.449096 16.639987 
0.330430 -0.631083 0.836500 0.118808 -8.058027 2.335802 -0.760601 
1.059937 0.382738 -0.226129 -0.046457 10.171086 -13.541988 -14.156437 
0.446854 -0.541249 0.904261 -0.280577 -31.247252 15.489205 -14.826374 
0.249843 0.090404 0.162226 0.302867 -11.933700 24.028744 13.101492 
0.126972 -0.195302 -0.332366 -0.445770 -6.071296 2.986978 0.801173 
0.148713 -0.383226 0.146024 0.295116 7.041323 -7.050089 12.201788 
0.153845 0.707611 0.530872 -0.044612 8.304423 6.673357 -5.267225 
1.523067 0.022094 0.554856 -0.147434 6.286704 -5.333771 -8.524634 
1.665441 0.257820 -0.877434 0.029710 4.007596 2.439146 -16.108101 
0.167356 0.426941 -0.030112 -0.034304 10.150336 18.654912 9.438121 
1.433413 1.719765 -0.646366 -0.167117 14.725683 -16.748537 1.005716 
0.264805 -0.204896 -1.188410 -0.034810 -12.445170 -13.899782 4.128509 
0.110793 -0.104492 -0.042425 0.372049 -6.245304 13.313767 -19.235627 
0.180061 -0.299880 0.538205 -0.199338 -2.748982 2.189201 7.469717 
0.195410 -0.135260 0.135789 -1.491541 -0.908327 1.912806 -6.653222 
0.091610 1.205997 0.496026 -0.145080 10.094511 5.039777 15.929843 
0.100160 0.080832 -0.687998 -0.348332 -11.655577 -0.013504 2.810635 
0.329612 -0.554959 -0.114981 0.655761 -8.265816 2.568911 4.480122 
0.174903 0.036006 -1.187704 0.167701 -11.287532 -8.905856 -7.384750 
0.088879 -0.332006 -0.075262 -0.037127 -14.266231 5.096546 -4.653997 
1.382242 -0.517073 -0.056981 -1.027469 8.875276 -11.984700 -7.106276 
0.137418 0.178359 0.233121 0.475150 -16.747979 -12.355186 8.163197 
0.550522 -0.904228 -0.252844 -0.249925 -0.665351 -14.814432 7.663884 
0.977405 -0.066118 0.833062 -0.676874 -11.375138 6.101306 -15.292700 
1.078071 -0.364189 0.543609 0.485746 1.581294 13.622907 -6.856179 
0.158053 -0.045068 -0.749370 -0.109555 15.402429 -28.386601 -2.080928 
0.173348 -0.286909 -0.157522 0.021940 7.361471 -6.718716 -11.124698 
0.082934 0.088250 -0.389137 0.832762 10.984456 6.716149 -6.334742 
0.136636 -0.379143 -0.122691 0.373514 -17.379417 -13.675022 19.283114 
0.143734 0.769042 0.437583 -0.051369 -7.128670 1.033760 -10.675423 
0.441192 -0.608775 0.034564 -0.022647 -1.814621 10.439590 -11.694948 
0.419927 -0.322496 -0.128290 0.524468 12.223712 -18.663094 -6.196363 
0.233936 0.258631 0.478615 0.648153 -19.560992 -4.063121 6.707338 
0.472655 -0.684023 -0.264560 -0.295529 -4.753594 -12.147017 -9.106513 
0.114863 -0.549632 0.144372 -0.312255 0.979275 -1.638683 -29.058923 
0.090134 0.353610 0.316333 0.122105 12.357819 25.166131 -5.202549 
0.541043 0.719615 -0.074988 -0.501652 21.462300 -4.022710 10.170457 
0.282572 -0.378314 -0.282150 0.139246 -28.397437 -4.241253 14.666126 
0.115642 0.855686 -0.723637 0.070482 7.495916 -13.186990 0.412631 
0.081355 -0.562199 -0.023094 -0.852930 -24.432279 8.929568 -5.150550 
0.367829 -0.328400 -0.769016 0.409665 -4.935874 7.578427 8.406082 
0.139629 -0.456913 -0.396113 -0.161209 -1.269041 -19.544002 -9.449854 
1.352784 -0.493595 -0.051755 0.251170 2.866817 -7.337371 -10.296057 
0.125255 -0.243997 0.339292 -0.272360 13.035891 -10.546284 -14.433235 
0.401327 -0.090987 -0.509375 1.402913 -0.920036 -4.442790 19.066337 
0.285734 -1.139079 -0.723194 -0.427316 -0.775024 -17.316143 1.951614 
0.395651 0.531658 -0.376022 -0.191783 18.546511 -3.626639 0.998802 
0.293098 0.510797 -0.404428 0.467411 -12.662871 -3.578589 7.798567 
0.087827 -0.638715 0.631264 0.203357 10.430074 9.101193 7.441078 
0.145431 -0.826588 -0.427402 0.280359 -14.272939 1.230861 -37.633916 
0.180115 -0.659938 0.656035 -0.380515 -18.259685 7.485735 5.917491 
0.096200 -0.083258 -0.287147 -0.003755 4.596491 -7.193019 -3.308657 
0.666776 -0.529687 -0.382069 0.642298 -25.512336 -7.786114 17.091028 
0.204329 0.074555 0.393543 0.074322 -2.315939 -4.928406 10.160929 
0.115895 -0.098248 -0.254662 0.510968 3.466002 17.396466 -11.355890 
0.093908 -0.239662 -0.440394 -0.481773 5.770137 -5.644522 10.851248 
1.218377 -0.775876 -0.349803 0.490618 -3.141976 17.286043 8.546370 
1.577937 0.327372 0.443071 0.502877 -18.170554 -12.547749 7.177810 
0.624013 0.282951 -0.303154 0.536121 3.181024 -13.235442 -12.536755 
0.094581 0.288243 0.925816 0.410266 12.663656 -5.929581 3.665888 
0.082735 -0.119980 0.004508 -0.740915 4.973517 13.490008 3.670608 
0.117562 0.503526 -0.887623 -0.009148 -5.175583 -1.872861 -15.895290 
0.104059 0.135785 -0.702896 0.187799 4.113498 -5.898248 -16.846648 
1.175398 0.138671 0.199043 0.759999 -11.620362 -10.240097 17.856014 
0.164169 0.810198 1.734230 -0.196463 12.187516 13.507368 -13.741803 
0.291452 -0.465107 0.291076 0.042404 -6.149750 -12.235780 -14.476988 
0.206673 -0.276889 -0.292781 0.187149 -14.704653 -28.025877 -2.380725 
1.289324 0.290188 0.797118 0.966215 18.606320 23.410538 0.309524 
0.086315 -0.297061 -0.459866 0.254997 -21.793207 -4.624392 25.217325 
0.235153 -0.076577 0.125930 0.439062 1.999986 -23.373611 0.088565 
0.115719 0.450344 -0.471398 -1.268501 15.120610 -14.117870 -16.177051 
0.363410 -0.126218 -0.389552 -0.317003 10.317921 3.459066 12.580973 
1.751386 1.032701 0.183752 -0.409284 10.655079 -5.593759 7.652710 
0.207984 -0.448904 -0.176040 0.330414 3.294382 -2.941012 -17.954058 
0.102911 0.234469 -0.989520 -0.360966 10.127383 -7.787862 10.970169 
0.178659 -0.427355 0.990684 0.245727 8.438855 1.771550 6.171224 
1.266026 -0.117549 0.767442 -0.563845 13.763029 -0.162285 -9.790131 
0.304509 0.502593 0.179077 0.387724 -7.163357 -17.644791 -2.944139 
0.111776 0.186111 -0.272156 -0.034555 -8.799325 1.420960 -1.348771 
0.518423 -0.919659 0.250922 0.817540 -16.289118 -13.213202 24.661779 
0.412206 0.385121 -0.432086 0.316838 -17.426459 4.359095 14.481872 
0.151101 -0.372612 -0.118524 -0.290906 3.231545 10.323435 11.229238 
0.220913 -1.087179 0.633575 0.491624 -23.724429 -6.250023 26.922986 
1.412488 0.071511 0.013997 -0.057972 4.848486 -5.731282 -15.604515 
13.278585 -0.327063 0.637360 -0.070648 -17.659804 -3.122470 -1.295103 
1.463321 -0.527555 -0.197664 -0.103557 -12.961311 19.121601 8.347818 
0.120159 0.340166 -0.544740 0.517185 8.724906 16.369811 7.683675 
0.365350 -0.184411 0.406297 0.264456 10.845419 -17.223083 8.574291 
0.105973 -0.457284 -0.228288 -0.495868 -5.257468 5.119756 15.417549 
0.295892 -0.528192 -0.339597 0.005217 12.404460 10.025779 11.665532 
0.206326 -0.611111 0.082797 -0.181037 -4.688564 6.642651 2.673343 
0.093712 -1.306948 0.407277 -0.126163 -2.201217 6.710418 -0.454273 
0.095148 0.294573 -0.186054 0.382941 2.132046 16.015522 4.970581 
0.206538 0.186159 -1.023180 -0.103982 -14.438539 -19.371779 0.803190 
0.086877 0.372083 0.460308 0.617062 -4.748935 -7.439207 -8.800542 
0.089099 -0.032596 -0.143709 0.794561 -4.164306 -11.811777 -0.337057 
0.510706 -0.697926 0.190541 -0.197241 -14.236495 12.765440 15.503600 
0.209703 1.309584 -0.844393 -0.601107 17.414350 -2.681092 -5.378415 
0.558090 -0.285455 0.641864 0.018200 -1.213231 -21.824967 15.263402 
0.094925 -0.124339 -0.414305 0.089934 1.970435 -6.936565 -19.765001 
0.169485 -0.001600 0.130320 -0.808284 2.127067 -13.547747 -4.730488 
1.190304 -1.121620 -0.787514 0.269189 -9.464719 -16.404904 3.760392 
0.229716 -0.203533 -0.420672 -0.067935 -8.635672 -21.138392 -6.520307 
0.590880 -0.198227 -0.272528 0.383262 -26.002359 -0.441017 -8.946789 
0.480535 0.306486 0.075914 0.002811 -6.674026 8.951630 -0.530842 
0.234429 0.073953 0.131378 -0.296559 -24.287510 -6.013318 -4.181651 
0.582021 -0.915395 0.333964 0.020009 -16.070324 9.743055 -18.095137 
0.189197 0.489865 -0.622948 -0.607624 0.178525 -0.585568 1.477401 
0.259575 -0.639952 0.258050 -0.718088 12.926479 1.420675 -11.890191 
0.447006 -0.180415 0.092076 0.306350 -22.199757 18.793207 -8.582041 
0.147887 -0.409034 0.477840 0.160089 13.479667 -3.071037 0.973725 
0.231699 -0.217735 0.452378 -0.062335 3.563834 -9.908064 -4.412909 
0.453708 -0.056668 -0.150593 -0.043330 3.731382 -4.298328 9.666589 
0.920339 -0.787074 0.814358 -0.800626 3.822654 11.164758 -10.827511 
0.955703 -0.137745 0.144690 -0.228599 -4.987130 13.937023 13.284941 
0.084577 0.186455 0.189797 -0.254924 -3.352805 -16.867519 -10.261339 
0.160624 -0.291580 0.199783 0.119151 -0.596095 20.419482 12.297993 
1.172148 0.383371 0.327961 0.171123 6.596320 -3.399067 -19.260676 
0.760534 -0.278617 1.637505 -0.000386 5.460285 21.543521 16.189443 
0.114553 -0.618598 -0.538712 0.114731 12.651739 -14.811105 7.895974 
0.117572 0.820605 -0.687339 -0.053306 16.206421 -29.566040 -8.188520 
0.762149 1.080381 1.823762 -1.592937 23.425454 32.541383 -9.704509 
0.232792 0.428709 -0.786293 -0.188468 -0.667931 10.937822 -4.947464 
0.215009 -0.018345 0.348884 -0.120215 -1.165534 2.084348 -3.637691 
2.204810 -0.308684 -0.182665 0.194203 -3.446555 18.152052 4.142355 
0.129032 -0.715212 -0.719709 1.967710 4.313867 -21.538421 35.688231 
0.374042 0.898921 0.443570 -0.320940 -3.594274 -2.383124 1.474505 
0.205433 0.003144 -0.007525 1.177337 -14.046341 18.162466 9.086178 
0.160079 0.365194 -0.643872 0.215161 -13.840803 3.457384 7.489694 
0.136090 -0.871946 0.638961 -0.317817 -10.096660 -5.376874 13.021743 
0.119841 0.295032 0.462696 0.046166 3.775796 17.048903 18.939328 
0.201503 -0.883741 -0.144731 1.417322 -3.206150 -11.009350 11.792260 
0.611073 0.408800 0.026558 0.472746 -12.330245 -13.292805 -7.278178 
0.115016 0.742055 -0.136349 -1.389216 7.518885 -15.204469 -10.900235 
0.399244 0.464755 -0.559727 0.035764 14.657720 -10.196504 7.112515 
0.131342 -0.527093 -0.459756 -0.970771 -2.211478 8.200654 -5.770091 
0.174201 -0.001953 -0.842363 0.599826 -1.656432 5.632450 22.113196 
0.089275 -0.082884 0.063023 -0.099834 22.864215 0.077101 -7.346625 
0.438872 -0.187706 -0.413506 0.515990 16.260729 2.878736 0.484688 
0.085636 0.306464 -0.037514 0.234669 14.282157 -6.052624 -10.512345 
0.582912 0.137020 0.109536 0.156785 -1.452929 7.169759 -6.974820 
0.240412 -1.273895 -0.104867 0.132196 -13.637980 -1.344438 21.827884 
0.226021 0.708586 0.115891 0.342554 -4.406332 5.103966 18.874132 
0.107205 0.116966 0.399004 -0.340369 -13.495733 -6.832729 -0.352502 
1.102835 -0.165265 0.002249 0.233309 15.464854 2.694229 24.341323 
0.266126 -0.130691 0.642985 -0.107703 -20.100944 2.589253 -18.617789 
0.409423 0.059781 1.175732 -0.544145 -10.668323 5.920786 -4.135568 
0.089384 0.043845 0.368371 -0.303412 16.199300 -11.950420 -8.902647 
0.113871 -0.301483 -0.422750 -0.253246 10.192159 -4.360323 -7.419072 
0.746267 0.070444 1.555352 -0.058064 -3.048171 6.926548 -8.811850 
0.219386 -0.645525 -0.615007 -0.420258 10.312548 -17.619581 -10.343492 
0.439077 0.303656 0.046096 -0.380738 -18.834708 4.848234 -13.809253 
1.444015 0.451372 -0.425831 0.205426 -1.483238 -3.805322 -2.174532 
0.102731 0.341367 -0.942154 0.563312 8.734302 3.420523 -0.310207 
0.202560 -0.465656 -0.273953 0.572523 11.243420 1.197203 2.538625 
0.091773 -0.280264 0.491421 0.099838 -0.620112 -1.713697 -11.168046 
0.159646 -0.703411 0.726915 -0.700453 -5.945249 -7.021449 -2.096279 
0.210510 0.329528 0.471315 -0.320678 -15.679606 -6.938721 -6.234237 
0.129464 -0.223013 0.535726 -0.301758 9.044205 -1.050597 1.341449 
0.235395 -0.287997 -0.481082 0.420949 -14.306238 14.049681 -4.340303 
0.392760 0.510264 0.484129 -0.430149 -7.107111 -9.266316 -5.704703 
0.340464 -0.074659 0.245659 -1.031376 3.584537 14.480880 0.880314 
0.558675 0.182945 -0.359668 0.215722 22.261010 5.496525 -11.265624 
0.269181 0.804578 -1.072841 0.746855 16.876920 -17.659842 25.088254 
0.080832 0.222818 0.597259 0.286999 4.792230 9.911419 22.772324 
0.161454 0.226654 -0.121413 0.081396 -13.767857 -13.204196 -18.172114 
3.272843 0.013311 0.018376 0.083710 -10.511061 8.241969 -4.359736 
0.126733 0.683536 -0.129731 -0.278426 -8.329213 -18.069972 -6.018239 
0.147442 -0.485352 -1.427698 -0.513945 -2.484247 -27.722668 -0.370981 
0.234874 -0.097378 0.428704 -0.521671 -11.691854 7.715597 7.953127 
0.088322 0.151212 1.581316 -1.503181 -7.546361 33.203829 -29.160142 
0.124823 0.305580 -0.206906 -0.759453 -11.419680 3.453474 5.657703 
0.134972 0.708532 0.602866 0.473783 10.999288 7.290681 -1.142658 
0.114632 -0.101171 -0.263781 0.386209 -5.428144 15.269292 1.527609 
0.145861 -0.486063 -0.420882 0.524765 11.177805 5.588303 -6.317053 
0.263366 -0.093437 -0.035940 -0.533772 -2.002364 4.766404 16.483329 
0.973808 0.185416 -0.219806 0.040606 -14.607991 14.750674 -1.910577 
1.966409 0.163750 0.094884 -0.033118 -6.270786 13.347321 -16.892580 
0.137245 -0.285727 -0.009958 -0.667461 11.477975 -3.102050 0.086991 
0.175886 -0.228137 0.154089 -0.197073 -10.125253 -12.846247 8.340241 
0.427154 -0.540336 -0.018223 0.539700 -1.619319 -17.831283 5.742992 
0.305641 -0.465785 0.291125 -0.337326 -1.603439 -17.483095 -6.152205 
0.126873 0.032315 -0.205768 0.132379 0.863829 -0.561115 10.926762 
0.202129 1.145168 -0.431558 0.635735 8.137103 -0.127935 19.830391 
0.103947 0.792145 0.596117 -0.147694 -7.592853 14.029026 4.968918 
0.160192 0.259311 -0.791933 0.362700 16.071521 1.239905 7.365318 
0.087931 -0.479790 -0.026811 -0.349290 -9.498649 -2.774801 14.065421 
0.201166 -0.387983 0.113157 0.168137 -18.487716 -10.526029 13.485134 
0.129271 -0.032156 -0.429937 0.623362 -15.279324 0.694668 -6.795324 
0.244547 -0.435684 0.173351 -0.014777 -6.518335 -2.655930 24.567940 
