0.202999 0.034122 -0.798014 0.457998 -8.187002 10.023154 5.872955 
0.583882 -0.802778 -0.310297 -0.427224 -3.411774 22.770168 -0.639208 
0.585149 -0.461320 0.141987 0.892569 2.750413 0.598077 8.101698 
0.085689 0.561593 -0.243030 -0.563759 -7.556539 -14.547161 12.718705 
0.090936 -0.072045 -0.238381 0.493088 -6.104090 -4.834657 0.860930 
0.457888 0.196291 0.852537 0.385207 -15.596368 7.015034 14.330077 
0.179449 -0.229486 -0.521421 -0.114511 -9.306405 -20.075693 -12.646428 
0.103175 0.447783 0.188899 -0.563059 13.801179 -19.247230 -9.082303 
0.199182 1.109683 0.081668 0.183078 25.694972 -10.095414 5.508006 
0.109107 0.489327 -0.946583 0.018529 6.596531 -19.863891 9.201660 
0.232498 0.315451 0.088590 0.605785 9.782870 -12.070280 8.236582 
0.683878 0.520791 0.693921 -0.061453 -5.609306 10.089748 -22.629752 
1.809017 -0.118884 -0.197381 0.358733 -3.650291 10.307449 -2.951176 
0.133767 -0.328625 0.369669 -0.486503 24.909547 15.510082 -10.166505 
0.207935 -0.450256 -0.362609 -0.679964 -15.555262 14.088498 -17.574745 
5.586845 -0.620724 -0.212878 0.605343 -4.039424 -3.905829 -3.124220 
0.099031 -0.346852 -0.452631 -0.576496 -2.187925 -12.384106 12.620898 
0.095457 0.420813 0.413759 -0.244011 -3.229031 -4.719779 0.018444 
0.166412 0.000251 0.528719 0.498157 9.120714 17.182989 -16.663929 
0.401973 -0.564781 0.548280 -0.492106 -3.380867 -23.348345 -5.717137 
0.149690 0.076493 -0.187573 -0.455021 14.801805 9.158366 6.222490 
0.135040 -0.658186 -0.685987 0.163087 -6.662087 8.697193 -5.913297 
0.230700 0.585223 -0.401567 -0.476369 12.428975 7.553394 -15.329261 
0.296048 0.396540 -0.686482 -0.532102 -0.060925 -10.879250 3.096661 
0.089040 -0.229324 0.206308 -0.091842 -4.540617 -9.376554 13.929698 
0.218861 -0.163035 -0.314293 -0.139357 18.927912 -17.135860 -12.585827 
0.780326 0.186688 0.495940 0.124896 13.219059 -12.595235 -20.750026 
0.110177 0.472945 0.419208 -0.717472 14.466034 18.778137 2.265865 
0.308745 -0.201339 0.735085 0.197740 23.853580 -19.344567 -18.389555 
0.930095 -0.284190 0.005061 0.622902 1.185072 1.181363 -9.296527 
0.154448 -0.618491 -0.559591 0.289380 4.002747 11.325439 -11.103542 
0.449860 0.253347 0.819240 -0.433135 -2.866788 20.146220 8.405395 
0.194281 -0.768403 -0.023774 0.382418 -9.868875 -7.561200 5.819096 
0.121470 0.584206 0.040697 -0.512202 -3.478810 14.929646 18.966188 
0.388680 -0.061911 -0.469590 -0.401782 3.819774 0.849092 -13.972387 
0.552874 0.563571 -0.272586 -0.502415 3.977813 -27.060576 5.862638 
0.107074 -0.382877 0.785075 -0.348707 -0.371362 -2.572729 10.233018 
0.218546 0.766513 0.651778 0.279473 12.181848 19.139904 2.547555 
0.118025 0.514542 0.793557 -0.045438 -8.560997 0.895230 -12.071004 
0.176826 0.318672 0.057780 -0.040382 -3.314877 -13.411968 10.616404 
0.123628 0.342816 -0.610220 -0.676779 -0.277170 -4.111971 -13.195109 
0.103987 -0.470738 -0.690344 0.264205 15.187258 -4.962276 32.335616 
1.612405 0.204769 0.098393 0.159708 -4.770086 2.003940 9.680636 
3.952128 -0.315019 0.968623 -0.406623 -3.367592 21.347660 5.518811 
0.090817 -0.414992 0.231083 0.269465 -4.650504 -1.539834 -1.569248 
0.094271 -0.219728 0.964655 0.058091 -3.004125 4.044440 -1.717429 
0.105198 0.689134 -0.109477 -0.422645 -7.262191 -8.295538 -22.065081 
0.122132 0.414700 0.054239 0.216418 -12.833133 3.835098 2.934489 
0.167817 0.621817 -0.056748 -0.697819 -3.576713 -17.231412 -2.935938 
0.138488 -0.479111 -0.556789 -0.736257 -4.105061 -26.077754 -1.159537 
0.701272 -0.870855 -0.025696 -0.352223 16.901187 8.046847 -25.849479 
0.367183 -0.117180 0.600991 0.093994 1.108550 4.913393 28.186118 
0.116639 0.127612 0.050677 0.317982 11.704358 -14.112226 -12.212944 
0.156405 0.340908 -0.306698 0.659691 -16.025664 12.315620 -23.318351 
0.118162 0.290986 -0.600266 -0.346992 6.426587 1.159591 4.232019 
0.151293 0.015543 0.249828 0.885996 5.737410 -5.715034 -6.567498 
1.456612 0.216034 -0.043062 -0.747131 -12.721132 2.557618 8.492635 
0.095248 -0.107714 0.283359 0.612748 -6.307272 12.922510 1.022892 
0.298886 0.293398 -0.069257 -0.853046 1.576849 -2.576718 7.045644 
0.512636 -0.177389 0.509174 -0.793261 0.158385 8.179800 2.300867 
0.121466 -0.043540 -0.526262 -0.975266 14.766048 -17.991188 -20.968194 
0.863813 -0.315154 0.001535 0.485616 -16.284283 -8.664632 -12.480760 
0.283593 -0.171944 -0.178075 -0.812255 -12.049344 -4.640291 -6.351890 
0.114183 0.367943 -0.480727 0.146634 -3.762105 21.043010 -14.634867 
0.387857 0.192982 0.444003 0.526398 1.631566 -7.176827 12.538532 
0.102340 0.367881 0.610127 -0.337434 -17.063382 -7.766578 27.556774 
1.423034 -0.302225 0.941781 0.206815 15.665231 16.175096 -0.568152 
0.118440 -0.295607 0.327944 0.546676 5.020652 -3.014115 22.366583 
0.087317 0.374128 0.000999 -0.829283 -8.488049 0.000721 10.374115 
0.115648 -0.053132 0.028029 -0.404067 4.711820 -14.576817 8.862708 
0.335498 -0.430564 0.291547 0.667573 2.669175 -21.345791 11.935084 
0.109210 0.363361 0.509035 -0.173721 -3.844011 6.852593 -18.799064 
5.398343 0.426006 0.013264 -0.033276 8.051698 10.976331 10.617477 
0.438696 0.223388 0.463469 0.603614 -18.934213 -3.925709 2.862855 
0.102783 -0.127244 0.703274 -0.511567 10.872122 -6.480690 1.208745 
0.317653 0.764516 -0.233430 -0.462792 7.700270 22.427846 -20.643210 
0.117399 0.535739 -0.697573 0.214221 -8.350927 12.021873 -8.761995 
0.135796 0.475537 0.677151 -0.012107 30.985516 -5.308609 5.514749 
0.139152 -0.080330 -0.255839 0.093265 0.862254 19.223937 5.946775 
0.081844 0.361589 -0.315002 0.469905 7.547555 -5.350278 11.830253 
0.210768 0.546716 0.333560 -0.774682 -3.078913 -3.827205 -11.081276 
0.087151 -0.594775 0.244082 -0.206689 -2.487550 -1.324676 35.925471 
0.247564 0.343785 0.739390 0.428643 0.633938 -20.330668 7.796720 
0.118055 0.651701 -0.740035 -0.369452 3.454145 -7.676569 -15.435624 
0.133708 -0.238951 -0.051064 -0.089414 -9.227250 -32.308243 -3.824406 
0.137951 0.173848 -0.588809 0.594551 -14.867363 1.905416 -0.559623 
0.295736 0.299700 0.441004 -0.123229 0.375796 5.954986 14.424314 
0.093592 -0.223567 -0.167652 0.514788 -10.870095 4.586891 4.756792 
0.180968 0.251603 0.683590 -0.718044 1.778998 7.172864 -2.823241 
1.058781 -0.067569 -0.678398 -0.372164 8.373878 -0.021965 -7.902796 
0.086350 -0.209639 -0.035224 -0.380407 1.352813 5.560678 16.655668 
0.263354 0.653461 -0.746551 -0.102596 0.168168 -5.577867 -2.147667 
0.556778 -0.111512 0.594587 -0.773016 5.366958 -5.544928 -7.670778 
0.139284 0.559597 -0.228901 -0.651935 2.180665 3.204076 -5.184397 
0.478468 0.446483 0.166698 0.031406 9.178730 8.689028 -15.328477 
0.165293 0.093689 -0.718751 0.263032 -8.257934 10.145301 8.410424 
0.493788 -0.328722 0.101078 0.788966 -5.210986 4.679445 -17.521472 
0.252788 0.253192 -0.158911 -0.930054 12.348552 1.704297 -0.085513 
1.145613 0.483404 0.597308 -0.145430 4.531748 -15.901977 15.638159 
0.388183 -0.028835 -0.395855 -0.383296 -13.613478 8.484448 28.136822 
0.094407 0.475179 -0.778484 -0.200536 -4.276267 -5.162895 -0.985200 
0.126740 -0.033766 0.188937 -0.058302 -1.725555 24.874620 -2.842750 
0.323270 0.195286 0.450712 0.564230 -2.921714 -2.401794 1.490095 
0.198042 0.501600 0.377770 -0.112790 -6.577743 32.444357 -6.496579 
1.167561 -0.846822 -0.375874 0.431883 -0.904132 -6.098763 5.397257 
2.697368 -0.751149 0.007463 -0.555322 2.787393 3.146289 1.066260 
0.376011 0.761903 0.039048 0.457545 -9.238964 -9.976328 -9.786191 
0.588263 0.273027 -0.060802 0.943224 2.638381 -5.361028 3.912399 
0.138650 -0.239594 -0.432811 -0.730442 9.066158 2.211228 -3.600897 
0.373816 -0.099058 -0.771038 0.721685 1.043525 -1.953403 13.620606 
0.401930 -0.018322 0.370879 -0.179254 -2.221657 12.606621 -21.513709 
0.263064 -0.519056 -0.157868 0.123995 5.750538 12.337750 -9.338022 
0.459762 0.066693 -0.597441 -0.609902 -21.527695 -7.306350 7.249647 
0.328088 0.358752 -0.030578 0.103079 3.028125 18.689718 16.056858 
0.860282 0.364706 0.325621 -0.134077 -8.169021 22.239918 10.872005 
0.273055 0.046719 0.583226 -0.167541 9.370385 -6.763233 -1.417522 
0.396253 0.024489 -0.656020 0.190109 -22.229994 -12.352917 -3.750227 
0.246288 -0.024143 -0.458700 0.670789 4.491816 2.847982 -16.622107 
0.730294 0.492924 0.052987 -0.392976 -2.677658 2.725775 5.725795 
0.278430 0.354853 -0.066771 -0.168882 2.532706 17.447520 -4.727743 
0.151503 0.257708 -0.114801 0.603060 2.770761 -21.439895 -21.123570 
0.100432 -0.301379 -0.655574 -0.136916 14.955186 -1.927384 -10.266108 
0.082624 0.516953 -0.738057 0.312511 -9.727563 -11.413283 9.413040 
0.114711 0.491762 0.672603 -0.650509 13.722924 -9.065536 -17.120931 
0.192666 0.776673 -0.142289 0.508065 6.178066 -4.583212 -19.867334 
0.287114 -0.219430 0.200904 0.806596 12.788840 -19.656825 13.560894 
0.585359 0.313295 0.508239 -0.450380 12.065561 10.053550 10.196965 
1.376095 0.158727 0.354623 0.265668 -13.243885 3.009089 -3.011383 
0.431641 0.310163 -0.925187 0.222865 11.899582 -9.574268 -9.708896 
0.136683 0.371652 0.378384 0.071135 -18.081584 7.275039 2.435520 
0.323241 0.176816 0.203537 0.638039 17.258170 -3.953066 5.992414 
0.391024 0.739654 -0.195472 0.264620 -19.181407 -4.708933 16.002095 
0.112116 -0.244314 -0.573324 0.500973 -2.486588 17.482472 7.846187 
0.116547 -0.434651 0.137407 -0.152495 0.301815 16.032953 -13.542780 
0.952396 0.533072 0.611292 0.247245 11.634617 -8.629555 -1.590550 
0.374161 -0.362808 0.903696 0.159071 -12.075199 -6.724378 -4.153932 
0.178419 0.343798 -0.008404 -0.256753 10.682474 -2.267490 -0.379687 
0.192961 0.427799 0.710141 0.269053 4.717842 12.060272 -20.759712 
0.763069 0.003501 -0.217977 -0.739980 -7.671864 14.472645 10.182889 
0.181019 0.765797 0.097593 -0.367504 5.092636 9.065876 6.870196 
0.393969 -0.157938 -0.513715 -0.534813 24.191547 27.485086 -3.713285 
0.408300 -0.373704 -0.101753 0.110886 13.228737 2.870913 5.189363 
0.506972 0.298420 0.617594 0.666789 11.042442 0.682231 -12.346676 
0.168852 0.212484 -0.472729 -0.795188 9.290170 -12.112573 4.126128 
0.196085 -0.539700 0.496659 0.212157 -6.879665 3.560133 -1.450212 
0.836938 0.602624 -0.503610 0.483278 15.978975 -9.676665 -4.539125 
0.701221 0.075598 0.736454 -0.086089 9.253261 2.984178 -2.690134 
0.263429 -0.155579 -0.341283 0.253278 -2.643376 17.556007 -7.255029 
0.151360 0.945571 0.172685 0.371998 4.802992 -10.264205 22.589258 
0.449375 -0.313247 0.274101 0.260920 -6.236097 16.366048 5.277235 
0.108928 -0.045099 0.927882 -0.014013 19.636442 3.039836 16.952027 
0.090465 -0.897856 -0.197775 0.337750 -7.504588 -2.412764 9.814188 
0.531060 0.677801 -0.138178 0.671748 -1.243141 15.010806 25.033391 
0.272013 0.723784 0.204322 -0.104381 -3.907860 15.278172 20.375458 
0.127889 0.109722 0.216034 0.252391 19.177359 0.500428 8.690146 
1.070260 0.021884 0.294110 0.412807 -5.552617 -12.713732 -12.371986 
0.111702 0.514667 -0.402614 -0.673133 -10.836155 0.953661 -8.971284 
0.275275 -0.432068 0.114016 -0.039605 10.715862 -16.727151 1.411764 
0.433814 0.776283 0.531946 0.202567 4.548032 -5.530673 -9.321802 
0.121123 0.342139 -0.189098 0.810795 0.309229 -16.314637 -13.951476 
0.604561 -0.129284 0.101125 -0.727727 -15.233075 15.969474 -1.376811 
0.672200 0.103649 -0.348261 -0.593930 19.539868 1.632616 13.419330 
0.485099 0.136672 0.600524 -0.301292 8.515025 27.246104 7.959499 
0.088968 -0.846202 -0.447666 -0.011572 -22.547226 6.914389 -1.787014 
0.372330 0.535289 0.412470 0.538280 -2.973531 10.037392 -0.383399 
0.427499 -0.801435 0.344075 0.357870 4.542631 -6.482513 27.248086 
0.148166 0.365928 0.436911 -0.011727 17.862142 -20.090914 -9.526343 
0.205405 -0.147930 0.164664 -0.278255 -3.608153 -18.806098 -17.197641 
0.273438 -0.768255 -0.483974 0.295604 9.853798 -10.601416 -1.434081 
0.257004 0.039889 -0.843851 0.158581 13.097168 2.227674 -27.405676 
0.083821 0.135116 0.234937 -0.562033 -5.740646 4.551461 11.096979 
0.673429 -0.322331 -0.000864 0.468407 -8.619272 -7.640989 25.081186 
0.093338 -0.250317 -0.864980 0.503023 2.970124 -14.420179 13.075889 
0.097693 0.031419 -0.040919 -0.815175 0.013705 -2.329685 5.468451 
0.081727 -0.238363 -0.063304 -0.393790 -4.407850 -8.643725 -1.337218 
0.417045 -0.391445 0.122361 0.598635 6.465225 -3.323038 -12.455014 
0.387177 -0.287093 0.316426 0.401517 -18.797348 0.586423 4.067618 
0.350927 -0.031818 -0.723424 0.222789 -13.212887 -4.742494 9.056034 
0.081891 0.676431 0.168315 -0.133188 2.344238 -3.697218 -21.071521 
0.111530 0.311388 -0.096205 -0.770569 -14.230229 12.307026 20.871557 
0.729211 -0.111636 -0.102022 0.561545 -11.931383 -6.574334 -7.761748 
0.081209 0.585532 0.378913 -0.021148 15.657687 0.711470 4.122784 
1.066327 -0.323686 -0.421341 -0.506498 2.625791 7.448208 -11.010048 
0.844840 0.464548 -0.134570 -0.039353 -7.498902 8.688921 3.656625 
0.286414 0.172049 -0.223457 0.630002 8.217693 -7.688394 13.523744 
0.108220 -0.599783 0.591677 -0.060865 7.194991 6.951005 14.706639 
0.106446 -0.798254 0.142702 0.338155 12.022763 -14.173623 -0.760473 
1.618982 0.585655 0.282607 0.455879 -3.459170 32.476676 -0.425107 
0.126190 0.507498 0.126713 0.510969 -16.983608 6.169054 -2.552235 
0.666898 -0.065201 0.052096 -0.134216 8.678209 -1.106853 8.423317 
0.355266 0.421886 0.064607 -0.657043 4.418444 0.045966 -5.985549 
0.365762 0.003642 -0.810116 0.362574 -21.625800 -42.925246 -2.870032 
0.430606 0.326555 -0.056905 0.246008 8.161775 12.844708 -0.750621 
0.100431 -0.944427 -0.278454 0.203119 2.384950 -15.732906 14.305063 
0.189647 0.597507 0.020885 -0.023313 4.190893 -6.457327 6.652838 
0.132254 0.491534 0.564358 -0.375155 -14.823043 1.741311 3.859855 
0.500139 0.515602 -0.115555 0.176536 -9.213704 -13.625401 -27.718225 
0.175237 0.249852 -0.545159 0.484328 14.602958 22.117474 -7.770823 
0.123696 0.054322 0.249391 -0.323873 3.842069 13.761019 -2.924221 
0.195281 0.073936 -0.094781 0.843237 -8.613794 -18.115824 -12.315414 
0.599939 0.883531 0.025440 0.144483 -15.240346 -14.451064 18.603573 
0.192741 0.019163 0.465113 -0.050021 5.124278 -6.026296 -7.688903 
0.200778 0.208759 0.910634 0.119954 17.390348 6.031355 2.420244 
0.177472 0.162339 -0.328709 0.818554 1.510787 -21.845988 -8.270190 
0.127855 -0.197801 0.371462 0.227938 9.749110 -19.644068 19.078983 
0.220526 -0.037714 0.567231 -0.495349 1.878692 -6.375940 3.621669 
0.627642 -0.214445 0.340583 -0.095947 -4.537494 -3.402699 2.118551 
0.637465 0.674531 -0.446457 -0.047821 1.227210 -5.623116 -4.334613 
0.169117 -0.410315 -0.538086 -0.818155 2.031678 -10.970463 -10.688297 
0.114784 0.135387 0.739843 0.211107 -14.552388 -5.151182 10.484211 
0.135557 -0.136652 -0.613850 0.010890 -7.497075 2.854049 3.040494 
0.579415 -0.246382 -0.080119 -0.873500 -17.269050 -3.759044 0.748005 
0.624848 -0.476239 -0.415931 -0.018943 17.725713 24.670050 -7.080189 
0.385484 0.215498 0.514209 -0.498673 -19.496650 12.583221 4.830782 
3.082417 0.517805 -0.070770 0.104034 -13.437635 -5.129726 9.594559 
0.310489 -0.153009 0.400052 -0.815663 -4.575350 -15.447966 5.272513 
0.457154 -0.445977 -0.224733 0.181982 -2.894018 1.314004 11.062627 
0.279294 0.004642 0.258073 0.640668 -8.033549 11.038724 14.791667 
0.089763 -0.287851 0.411741 0.721727 8.464745 -4.841141 3.000993 
1.249225 0.607467 -0.573937 0.021493 -9.457977 14.149362 -8.809903 
0.163561 -0.461169 0.356326 0.208311 13.302783 -12.826436 6.926985 
1.702665 0.124697 -0.265609 -0.307793 -15.328637 15.258608 5.417782 
0.087567 -0.636730 -0.225391 -0.064524 0.242903 23.074729 -4.386970 
0.192231 -0.320665 -0.364599 0.068702 -5.638167 8.466891 0.067963 
0.122081 0.405535 0.492127 0.611760 14.746930 -2.772538 -3.919856 
0.088452 0.013206 -0.402345 -0.242037 2.887929 -16.795452 2.582696 
0.470758 -0.388257 -0.787531 -0.316951 -9.971461 -23.190240 4.982016 
0.196106 -0.220605 -0.094227 0.179467 3.689890 -5.777923 -8.781325 
0.163499 -0.245814 -0.174087 -0.977098 16.580362 -25.636596 -10.507454 
0.080867 -0.699417 -0.371766 -0.538588 19.419104 16.704963 -29.199769 
0.223604 0.693859 0.103806 -0.606023 0.626564 2.725952 6.499223 
0.155926 0.529366 0.511647 -0.092619 -15.647148 3.937521 5.788841 
0.238387 0.139155 -0.195463 0.745337 10.245757 18.449798 1.412807 
0.106154 -0.369238 0.091644 0.462252 5.149810 6.452218 1.532193 
0.169911 -0.671745 0.669657 0.222576 -6.380347 6.190975 -10.310366 
0.113329 -0.277701 -0.190729 -0.744166 18.230301 14.163319 -3.911579 
0.192419 0.142647 0.661065 0.341120 27.442201 -20.634283 -3.092588 
0.594225 -0.561309 -0.296664 -0.572677 -5.544914 -2.360865 -10.912900 
0.085164 0.528356 0.230149 0.529904 8.462707 0.074003 -11.536684 
0.117057 0.223149 -0.836182 0.088231 0.716968 -2.431834 -10.149659 
0.205043 -0.270286 -0.348886 0.603713 -1.870804 -16.439743 -2.295785 
0.234649 -0.727327 0.397671 0.059373 -8.170259 -16.910240 2.324003 
0.487672 -0.311610 -0.694920 -0.407609 1.360889 10.175455 1.881800 
0.223182 0.175659 0.604133 0.388281 12.294240 1.644353 -0.277602 
2.476904 -0.207498 -0.432239 0.866859 -11.936670 -15.625369 -5.911393 
0.441734 -0.362388 -0.037160 0.207529 5.193067 -6.128193 -1.994199 
0.230397 0.320584 0.269459 -0.210792 8.086461 0.002520 15.459914 
0.689100 -0.011171 0.630344 -0.650987 26.502177 14.330906 -19.737879 
0.815528 0.363397 0.461495 -0.379295 -30.729868 9.599304 -0.332682 
0.161492 -0.297647 -0.412724 0.382266 -11.676337 12.019858 4.310944 
0.542296 0.920508 0.143626 -0.366228 23.870493 -9.261009 -6.120189 
0.146522 0.645684 0.397397 -0.282657 6.189145 9.801277 9.580324 
0.256037 -0.279153 0.845067 0.231723 -20.388675 -4.597415 -10.567709 
0.887681 -0.493737 -0.856550 0.422524 -10.634564 -3.148820 17.260273 
0.101372 -0.109986 -0.451164 -0.041747 -7.548076 2.575519 13.427637 
0.141931 0.059896 -0.438854 0.184569 19.609627 3.523054 -1.333795 
0.178446 0.008471 -0.151967 -0.085032 -26.508060 11.114953 5.565800 
0.083374 0.031734 -0.043686 -1.007809 5.672679 -5.051008 -9.415980 
0.376685 -0.345667 -0.300529 0.613797 -3.691466 -4.762592 21.828757 
0.585808 0.591190 -0.004194 -0.247091 0.896352 -24.018666 0.469272 
0.102075 -0.267350 -0.818702 -0.276158 -4.626882 7.710753 9.704471 
0.086694 -0.705881 -0.183104 -0.233351 17.757956 20.935466 -9.270569 
0.654455 -0.037767 0.054294 -0.038479 -9.754943 2.556301 14.364903 
0.442796 0.697325 -0.026278 0.529198 6.806515 -1.282969 -12.915767 
0.103990 0.103688 0.026964 0.298363 -15.335416 17.596244 -13.232381 
0.137893 0.600134 0.644449 0.207587 7.876201 4.262002 1.577587 
1.044939 -0.462509 0.059934 0.561905 9.280999 -6.626840 -15.038761 
1.025335 -0.088795 0.182710 0.752339 -16.252380 1.702858 2.836024 
0.472835 0.269199 -0.259387 -0.316997 3.359008 6.947282 24.163272 
0.672168 0.446150 0.279537 -0.578604 -28.573136 15.116951 -3.190520 
0.208490 -0.353349 0.395361 0.073468 -28.457828 -15.394739 -4.493959 
0.292610 -0.138512 -0.167189 -0.536218 -18.497820 26.771066 0.177188 
0.111344 -0.137562 0.189434 -0.438056 -0.731299 -6.989974 8.896485 
0.466067 -0.472985 -0.529416 0.083229 4.760729 -8.173128 10.066782 
0.112109 0.396992 0.492787 0.284912 -0.390040 10.533398 -0.039099 
1.021373 0.687804 0.149398 -0.375470 -2.521125 2.595004 -1.105883 
0.247245 0.670407 0.253570 -0.411830 -13.728109 -18.208349 14.265363 
2.937998 -0.509116 0.257199 -0.621490 -30.008969 -9.120050 1.679295 
0.112201 -0.184104 0.693918 0.088990 10.886007 -5.448385 8.659996 
0.941373 0.151376 -0.656957 0.233922 -2.811868 4.914757 -6.115371 
0.186332 -0.196647 -0.233712 -0.244008 16.273191 -8.105068 -19.563813 
0.206312 0.398043 -0.333345 0.480103 -5.257137 -4.948168 -14.431962 
0.087521 0.438058 0.757472 0.574893 3.635802 9.051432 8.403685 
0.337060 -0.052098 0.684189 0.441007 9.901224 -1.230139 -0.157792 
0.506829 -0.502504 -0.093669 -0.680130 -0.699015 -3.176551 18.793562 
2.506229 0.914996 0.221116 -0.359370 3.064483 18.959889 -6.092235 
0.109658 -0.404787 0.090294 0.628132 15.146017 5.717412 7.616523 
0.093631 0.830277 -0.386511 -0.212235 -4.004988 -3.177835 0.460967 
0.994606 -0.402944 -0.099046 -0.039581 9.809357 -4.295176 13.715532 
0.184780 0.687902 0.778715 0.245756 15.579482 21.405300 -0.274969 
0.113864 -0.116377 -0.591561 0.669187 -2.238482 -3.084373 -10.219389 
0.500571 -0.514910 -0.671037 -0.009067 24.589680 -12.270008 -18.917078 
0.375402 -0.246426 0.269918 -0.050027 -6.465038 0.134626 17.729142 
0.121279 -0.353684 0.051290 0.845783 13.598268 0.232293 10.747855 
0.437171 -0.494457 0.061087 0.668756 9.929530 -2.193857 -7.965665 
0.420529 -0.436191 -0.295848 0.447176 1.116137 -7.591720 4.964068 
0.140832 -0.183972 0.028823 -0.375615 7.206111 -9.245355 -3.874723 
0.317286 -0.151390 -0.595608 0.124649 -0.193498 7.678091 3.166142 
0.092539 0.634124 0.395624 -0.756640 15.806252 -5.710253 -7.063002 
4.198783 0.009409 -0.018829 0.637440 -5.809365 -6.251522 -2.366381 
0.435794 0.615675 -0.467349 -0.381479 6.278948 2.870603 -0.345169 
0.299195 0.321097 0.679283 -0.219838 -0.777645 -4.657798 -15.790498 
0.366428 0.580762 0.244903 -0.661835 -15.634549 7.673558 -7.620049 
0.300202 -0.168945 -0.427366 0.240651 1.963108 1.544689 3.827423 
0.585186 -0.329429 -0.091007 -0.729020 3.816214 -4.847157 -5.166789 
0.524509 0.173520 0.515281 0.679126 -0.733737 -0.482509 -11.812895 
0.292083 -0.228569 0.703377 -0.746383 5.807088 21.595215 1.556313 
0.107699 0.230915 0.230716 -0.235845 3.525119 26.163592 10.084693 
0.744916 0.195274 -0.784084 -0.023010 -20.813106 25.124916 6.205485 
0.131940 0.274402 -0.062739 0.181088 -5.261397 28.829742 -3.247015 
0.104491 0.433622 0.154460 -0.537304 -9.767337 -16.298066 16.410848 
0.504475 0.400150 -0.076433 0.091892 -8.223421 6.455969 3.122476 
0.159200 0.412328 0.015988 0.364958 -0.338477 -6.832161 13.099263 
0.144224 0.619765 0.387981 -0.781475 6.044003 26.782573 -5.785513 
0.221063 0.634502 0.005144 0.589173 9.494323 10.666554 -12.773255 
0.339783 0.348071 0.653537 -0.301006 -5.243348 -4.274941 -15.056946 
2.985742 -0.504939 -0.725852 0.453293 19.991064 -12.180305 3.437647 
0.098040 -0.183388 -0.181261 0.886656 -8.230044 -5.572362 -0.400064 
0.364111 0.595504 0.078534 0.541336 -0.669017 -6.403692 7.718010 
0.144886 -0.712439 -0.423370 -0.089726 2.343133 8.714472 12.171818 
0.360597 0.326373 -0.358382 0.452866 -3.528519 -4.939309 3.799269 
0.254317 -0.241219 0.796444 -0.487580 -14.604641 1.360357 -18.852362 
0.555913 -0.638093 -0.410235 0.364592 -0.865149 -11.237043 -4.651875 
0.416651 0.041080 0.402370 0.338556 -34.553165 2.881767 2.030159 
0.151008 -0.284936 0.630365 0.693984 -1.397395 16.938013 17.315589 
0.577563 0.010410 -0.488170 0.743069 -5.849578 7.883027 -1.006969 
0.141965 0.463731 0.364820 -0.110503 24.464445 5.338228 32.719880 
0.120024 0.460682 -0.084914 -0.557261 4.234368 -6.371021 4.301894 
0.182852 -0.773459 0.358122 0.199011 10.309904 -21.485935 3.506529 
0.189724 -0.168249 -0.060425 0.860355 8.509185 -3.793290 -3.588077 
0.150160 -0.094743 0.573133 -0.598287 14.270226 -15.708485 17.290471 
1.373741 -0.712215 -0.642905 0.363706 -32.004440 -3.488324 13.867473 
0.283453 -0.247005 0.036546 -0.085719 13.077018 -11.699224 12.115209 
0.170281 -0.112757 -0.677879 -0.519697 -15.033724 -4.695706 1.663886 
1.505698 -0.467529 0.487152 -0.170140 -15.888482 7.013545 -0.249961 
0.360047 0.612268 0.021890 0.410510 -18.697117 14.507681 -0.053137 
0.588861 0.772472 -0.358338 -0.274609 -4.304934 -11.542448 -6.375740 
0.381565 0.701228 -0.002721 -0.197230 -5.149747 -14.754642 -3.724007 
0.166121 0.073977 0.767782 0.451909 -6.503185 1.345321 -2.698154 
1.652096 -0.138244 -0.324358 0.215600 5.277679 -10.793438 -8.610524 
0.215498 0.208599 -0.861043 0.464927 24.760469 -18.033599 6.581738 
0.524663 0.208197 -0.091484 -0.283124 -7.375673 14.449516 2.320937 
0.489037 0.397318 -0.515196 0.554634 3.996400 4.133235 -15.434403 
0.247044 -0.005439 -0.063473 -0.275960 10.534377 2.157614 12.443545 
0.408569 -0.707663 -0.575593 0.173805 -10.569105 -0.067793 4.837971 
0.429966 0.358380 -0.151586 0.006852 -6.982176 7.774900 -2.253321 
0.205030 -0.113683 0.358144 0.211903 28.770720 -10.629628 5.200389 
0.104504 0.363698 -0.209424 0.193194 18.373029 2.396676 -16.041618 
1.704172 0.440514 -0.690912 -0.181935 6.279615 -9.358733 -20.610779 
0.208973 0.085371 0.742192 -0.290599 9.616594 11.739249 -14.160820 
4.631110 -0.252198 0.551586 -0.504227 -19.106648 18.052991 10.256102 
0.135103 0.262374 0.498859 0.505959 -2.985753 1.452659 -7.816055 
0.169606 -0.253030 -0.663314 0.536255 8.683389 10.584793 11.681961 
0.567692 0.544176 0.660817 0.229163 -15.074343 5.542859 -16.760277 
0.214292 0.129055 -0.117940 -0.740445 8.540196 -7.241893 18.292537 
0.450345 0.036545 -0.723634 -0.543535 -3.338202 -1.830306 -8.642440 
0.407103 0.350895 -0.126068 -0.233862 -4.091776 8.205362 -11.825003 
0.846636 -0.062272 -0.418549 0.561901 2.991867 8.752456 -9.978818 
0.123163 0.487007 0.220717 -0.727166 8.998403 -10.611342 -19.878244 
0.120648 0.178594 -0.025668 0.639051 3.251324 18.619301 -7.990324 
0.387333 0.426934 -0.262549 -0.482792 3.489174 19.733487 -2.995753 
1.095352 -0.009479 -0.234621 -0.318324 12.209013 6.282056 8.980219 
0.212730 -0.351119 0.398621 0.712374 -0.669602 3.345187 -12.320818 
1.575080 -0.022178 -0.023353 -0.874379 -7.480565 18.446565 5.618976 
0.102042 -0.531218 -0.255257 -0.408751 9.011086 14.346896 -3.802693 
0.606266 0.211265 -0.577313 0.152657 -16.462651 6.797893 4.684718 
0.250734 0.320467 -0.062998 0.173317 17.453400 1.317115 -1.214760 
0.184902 0.420008 -0.924071 -0.001388 -6.793710 -7.063182 -1.541374 
0.348863 -0.492270 -0.692347 0.498812 -19.236498 15.670606 3.185739 
0.127948 0.071549 0.624350 -0.121662 14.653385 -12.904630 3.956607 
0.127545 0.435675 -0.632503 -0.159393 18.730605 0.732218 26.941323 
0.089378 -0.321507 0.536456 0.112847 12.938229 18.405695 13.775934 
0.220514 -0.891101 -0.031662 -0.016038 -5.302017 9.323393 12.379143 
0.195396 0.328200 0.569933 0.537982 16.632010 -6.912153 5.555238 
4.245083 0.289737 0.316233 0.155093 -12.537501 -19.905121 14.865608 
0.095817 0.299069 -0.139172 0.532291 -3.116671 10.337728 10.087545 
0.569763 0.610277 -0.411754 -0.080694 3.831310 6.938093 -4.382504 
1.098164 0.233708 -0.204153 0.168383 5.032884 -15.546617 5.331060 
0.538990 -0.449853 -0.162910 -0.251414 -8.379734 5.060688 -8.412723 
1.288776 0.901383 -0.102554 -0.097943 -13.050893 6.657928 6.455095 
0.193816 -0.459068 -0.545614 0.205857 1.687085 3.156969 15.561526 
0.378483 0.931156 0.108540 -0.332463 6.042292 13.894436 1.158406 
0.130333 -0.459459 -0.810658 -0.022439 -16.296098 10.286064 3.348536 
0.235233 -0.233206 0.431721 0.866113 -3.258604 11.688186 -7.556303 
0.474050 -0.313228 -0.232285 0.447880 13.456652 -0.345749 2.499801 
0.170650 -0.348096 0.782008 -0.194346 -9.092925 1.104875 8.508132 
0.551803 -0.482392 0.233506 -0.375884 -20.811326 -5.975409 1.631652 
0.131497 -0.397773 -0.414048 0.243687 -7.740356 11.041668 3.551632 
0.367063 0.557033 0.567635 0.304991 -9.363043 12.094063 -7.521256 
0.237052 -0.048280 0.544993 0.497157 -0.151502 -6.981037 -6.564517 
0.979329 -0.617623 0.121096 -0.033747 -9.337129 -0.780945 16.443385 
0.113309 -0.756918 -0.560597 0.215199 10.988920 -4.199938 -1.940566 
0.202812 -0.677837 -0.032338 -0.686075 15.486269 8.035754 -17.561461 
0.145792 -0.299194 -0.740777 0.447092 -1.536647 6.725484 -8.023454 
0.206856 0.569549 0.140449 0.073927 2.962235 -34.621683 -20.570121 
0.534870 0.228862 -0.776749 0.600981 -13.630101 0.369522 8.573553 
0.091732 0.560346 0.530881 -0.310197 -17.418276 12.414360 6.592392 
0.094435 0.188733 -0.515412 -0.014641 4.206418 -9.007025 20.347909 
0.106821 -0.076070 -0.022274 0.147965 4.977317 -4.356118 14.282452 
0.443043 -0.512974 -0.208660 0.232928 1.997901 -1.542979 -19.711864 
0.087582 0.518953 -0.137156 0.326503 6.120665 -11.818813 -15.401756 
0.159466 -0.159851 0.724773 -0.367809 -16.349303 -3.602024 1.634226 
0.829727 0.101644 -0.130278 0.806803 6.134073 -8.061450 -1.299840 
0.093662 -0.209546 0.505449 -0.522701 -9.169267 7.960592 17.113305 
1.055006 0.180282 0.193103 -0.351461 -11.995218 10.524716 -17.109149 
0.290595 0.090968 -0.533189 -0.800185 11.906445 -6.785711 9.681741 
0.226020 -0.579463 -0.379905 0.695431 8.222786 -19.234749 33.589057 
0.258652 0.248505 -0.290582 0.251621 -11.325450 0.633214 -0.557618 
0.504080 -0.276816 0.288259 -0.535467 11.804891 -5.085584 -8.115574 
0.133644 0.455524 0.795407 0.193354 -3.412700 -1.138706 -32.245920 
0.102367 0.507751 0.112784 -0.143320 4.438764 5.849802 3.510162 
0.102733 -0.807786 -0.385611 -0.225859 5.580952 11.984952 -3.454914 
0.406103 -0.081060 0.385446 0.772526 1.474817 4.118262 9.650807 
0.170184 -0.365486 -0.795560 0.307491 -9.830324 -12.670187 -16.397940 
0.080956 -0.205083 -0.621451 0.392518 22.304744 20.020733 -2.799639 
0.171393 0.072963 -0.204944 0.342173 -6.272188 27.149522 14.347366 
0.103884 0.391674 -0.181433 0.127398 -13.926604 -5.809560 9.968081 
0.287723 -0.180178 -0.100743 -0.058420 -3.171219 -8.619455 9.269366 
0.707610 0.063382 -0.122137 -0.449296 -3.180438 -3.902143 18.825886 
0.161798 0.236647 0.597951 -0.457966 3.541321 4.083855 -4.113845 
0.495528 -0.406621 0.934664 0.353481 -15.403426 21.989567 6.585493 
0.081729 0.135368 -0.333778 -0.704370 20.388613 4.733478 4.934144 
0.498673 -0.676606 -0.062669 0.302725 -1.248020 -3.100307 15.526284 
0.189760 -0.028059 0.250066 -0.497391 -15.564064 -1.510216 -3.491438 
0.174582 0.386145 0.209762 -0.470460 22.437965 7.201621 6.546462 
1.913197 0.035582 -0.955569 0.009773 5.262210 7.644245 1.463419 
0.156957 0.358527 -0.571062 0.363096 -5.519345 0.019533 7.771309 
0.318637 -0.184718 0.346839 0.403477 11.208942 19.105016 6.202280 
0.384886 0.126295 -0.679641 0.424570 -15.162949 -11.392702 7.002812 
0.094543 -0.882094 -0.452803 -0.087847 -12.620802 7.915473 -22.388470 
0.093801 0.001067 0.309291 0.829581 16.551773 -6.633660 9.148668 
0.259589 -0.254960 -0.457399 -0.622964 0.152281 5.515194 7.682943 
0.331382 0.079647 -0.115597 0.107921 -5.795988 10.389446 -4.292945 
0.597086 0.280357 -0.744190 0.354962 -21.357813 4.752012 -7.210454 
0.244466 0.251685 0.168212 -0.066224 -3.465543 -9.777135 2.927070 
0.409757 0.496971 -0.314368 -0.618010 4.564580 -11.770934 18.613294 
0.703460 -0.781584 0.204434 -0.470852 -12.155202 11.233124 10.524841 
0.129081 -0.387008 -0.171572 -0.055945 4.247469 0.310684 -7.762824 
0.592856 -0.436213 -0.773049 -0.209606 12.048657 -8.136638 9.734009 
0.598064 -0.080609 -0.243361 -0.861507 8.744363 10.429758 6.750781 
0.315326 0.386622 -0.615410 -0.552900 0.942698 11.512165 8.067615 
0.830552 0.371103 -0.441310 0.655687 9.167444 -5.392853 -3.333155 
0.107798 0.206953 -0.442322 -0.204714 -13.951843 11.822182 16.754001 
1.282747 -0.335442 0.637656 0.581857 -8.625223 -16.084569 0.779171 
0.179704 0.340985 0.229010 -0.782921 2.675156 -12.257656 -1.754196 
0.226650 -0.276336 0.589848 -0.124898 17.311322 -6.102055 1.939607 
0.213577 -0.293023 -0.920079 -0.022401 -5.297437 6.715981 3.888489 
0.360054 0.426141 0.663467 0.105920 1.460215 0.901222 11.548420 
0.590465 -0.740190 -0.141577 -0.157973 0.264024 -8.641208 1.025643 
0.323997 0.054218 -0.506103 -0.481791 -0.941929 23.217568 -24.418935 
0.080856 -0.642632 -0.650689 0.363621 6.238109 -13.857903 14.849122 
0.143920 -0.032072 0.785132 -0.194157 5.438907 22.412986 -0.676931 
0.128165 -0.017572 -0.470751 -0.208501 23.180439 -0.442769 -1.136519 
0.371144 -0.289649 0.109232 0.544913 -8.879365 24.088367 -1.400994 
0.145470 -0.781024 0.295035 0.418510 -14.631366 10.145013 -18.288153 
0.092657 0.039323 -0.861695 0.457075 -2.251458 -4.069494 -6.046419 
0.587126 -0.551461 0.575660 -0.534934 18.653058 -9.326636 -24.296237 
0.235289 0.037071 -0.257623 -0.075267 10.524514 -4.343487 3.696689 
0.569180 0.667164 -0.026266 0.496371 8.247985 -15.971057 1.361676 
0.093590 0.412691 -0.269715 -0.113130 -12.292035 2.862484 13.252574 
0.249342 -0.292901 -0.074513 -0.658667 -2.039581 -12.242697 -10.387711 
0.543855 -0.623096 0.400967 0.012034 26.117194 -1.442132 -13.481404 
0.236315 -0.189223 -0.646391 -0.504673 22.185947 24.430613 -23.271697 
0.136931 -0.446767 0.784580 0.196283 -5.805037 10.476784 -2.981866 
0.109437 0.526447 0.376197 0.461009 1.048527 -14.407630 14.472707 
0.915698 -0.844611 0.112238 0.543576 3.520788 9.580263 7.229961 
0.125769 0.337783 0.544018 0.485478 -7.219608 1.521391 0.643661 
0.182221 0.301097 0.338421 0.116007 20.098867 1.681304 0.803646 
0.624303 0.100193 -0.573044 -0.069732 -16.198937 -12.807639 -11.633084 
0.123119 0.781603 -0.017899 0.032885 -6.257123 2.263515 -3.776409 
0.093277 -0.780735 0.176783 -0.399743 2.420932 7.662422 2.295695 
0.126609 -0.619973 -0.354938 -0.485478 -14.464970 -11.906732 11.139553 
0.342755 0.035425 -0.904652 0.009780 11.141874 11.027454 -2.089659 
0.887808 0.278434 -0.642697 -0.048952 15.525245 -19.581518 2.856825 
0.718573 -0.556219 0.180028 0.235697 -14.424792 -8.138402 -14.206966 
0.789225 0.114072 -0.809475 0.207218 -7.134508 10.369882 5.615709 
0.126531 -0.213115 -0.276307 -0.251268 18.919319 -4.261930 1.943300 
0.685572 -0.264924 -0.048549 0.056751 -7.487872 -12.798775 6.801545 
0.342997 0.952910 -0.285738 0.179468 12.345096 -3.182301 -4.083957 
1.141486 0.411006 -0.362638 0.494594 14.076601 7.959756 14.831710 
0.181571 0.275822 -0.029002 -0.486932 -10.014432 4.603663 -5.201540 
0.271737 0.280245 0.181037 -0.453622 -6.929460 4.353459 -3.598091 
2.465276 0.381831 0.022774 0.112281 10.260444 13.882808 2.901502 
0.132761 -0.844254 -0.337331 0.120478 -7.974299 -1.362765 -12.584792 
0.088416 0.743045 0.034878 -0.495550 10.701205 -4.224939 0.047136 
0.089291 -0.088135 -0.359520 0.519796 -7.084048 6.164963 -12.803914 
0.263350 0.003054 0.329352 0.580649 9.942666 7.275762 9.181917 
0.423754 -0.488571 -0.442571 -0.609482 9.952909 -12.675056 10.380314 
0.178200 -0.855493 -0.544512 0.004072 -22.881113 -5.759547 -0.932951 
0.269147 0.698985 -0.565415 0.358430 -5.672683 -17.961102 -1.763192 
1.218772 -0.377980 0.873343 -0.370165 -19.105558 -2.603907 -3.579788 
0.195759 0.125304 0.342368 0.129546 13.244725 -11.035649 25.972479 
0.310560 -0.267388 -0.268210 -0.518960 -8.478246 6.936655 9.406573 
0.132928 -0.016759 -0.442349 0.748231 -0.678706 10.553258 -1.651613 
0.130606 -0.422367 0.607435 0.632641 -5.061951 10.445591 8.396850 
0.180981 0.044920 -0.583429 -0.355178 12.912906 32.629986 18.883935 
8.040799 -0.270100 0.340036 0.188041 6.648634 1.510140 -0.699258 
0.080873 0.586706 -0.287981 0.061823 14.258870 7.243033 3.666773 
0.337684 -0.343385 0.595057 0.171167 2.801837 9.995398 27.543248 
0.727006 0.313377 0.402387 -0.385608 -22.593962 11.029277 4.967087 
0.130102 0.025019 0.611022 -0.479533 -0.964249 8.904829 0.555315 
0.107057 -0.092954 -0.244269 -0.858780 -7.352414 -16.382251 7.424883 
1.352041 0.269387 0.009090 0.869437 -7.891837 5.742814 3.596818 
0.108970 0.686670 -0.111471 0.308421 -11.383440 -3.936202 20.055915 
0.148499 0.604878 0.642983 -0.294687 18.730373 6.606356 -14.879524 
0.263983 -0.197022 0.592662 0.127593 -2.285938 -9.032434 3.746930 
0.240265 0.234581 -0.900060 0.197581 -11.813474 5.797660 -5.588261 
0.217954 -0.181552 0.179222 0.231922 1.214647 8.925138 10.371199 
0.444167 -0.117752 -0.022874 0.537306 -9.450659 20.826186 9.387262 
2.752555 0.128961 -0.324629 0.289011 3.580395 6.926952 -30.194850 
0.266546 -0.236476 -0.003918 0.294221 7.732132 10.351090 -22.804906 
0.104305 -0.860697 -0.044949 -0.238783 -19.483134 7.190142 2.956166 
0.144490 0.067707 -0.278910 0.594773 26.511701 14.919544 -1.672586 
0.094619 -0.171640 0.161531 0.233304 7.061431 -1.534675 13.073633 
0.144851 -0.709732 0.123497 -0.304175 -5.392831 10.616617 20.577436 
0.132290 0.463795 -0.394417 -0.245353 -1.101495 -12.159248 21.838164 
0.524424 -0.203095 0.007947 -0.472122 -2.753253 -8.751503 -10.929977 
2.804970 -0.554876 -0.110994 -0.092027 27.657637 11.965190 -4.268708 
0.151725 0.199209 -0.221145 0.231067 12.732703 -0.574703 -0.338575 
0.691052 0.350985 0.437898 0.381941 -7.994658 14.644056 2.605789 
0.123125 -0.166971 -0.629190 -0.180762 -25.219051 -16.607095 -12.911817 
0.095501 -0.448368 -0.376352 -0.284360 -3.390776 -1.128365 1.845229 
0.082472 -0.151415 -0.026688 -0.490939 -1.494929 3.895201 13.887394 
0.088000 -0.418259 -0.053874 -0.704084 -7.016392 -1.540020 9.753653 
0.106567 0.473305 -0.121473 0.032644 5.792555 -2.296921 -1.097100 
0.083960 0.327881 0.690815 -0.470361 -4.223564 -17.026527 8.115033 
0.444394 0.031452 -0.495900 -0.696987 -2.631249 0.277417 1.491726 
2.968598 -0.028931 0.155200 0.761337 -2.061573 10.610770 -5.742615 
0.118415 -0.288824 0.211396 0.921626 -17.572954 1.401701 0.374119 
0.123056 0.033499 0.091211 -0.540468 -6.468591 -13.574557 4.875687 
0.111967 0.479998 -0.388580 0.506702 -12.980403 -5.893091 -5.778547 
0.095336 0.062133 0.200773 0.027512 -3.090351 4.619383 6.599479 
0.085245 0.431368 0.100930 0.455929 -6.325500 6.096422 15.268974 
0.219520 0.535390 -0.002042 0.037264 -15.141767 -7.285275 27.332452 
0.269315 -0.205354 -0.803416 0.317652 -8.279953 -4.067054 16.422467 
0.084729 -0.154766 0.653295 -0.557158 -7.038740 -2.259365 -1.289350 
0.193296 -0.220818 -0.799064 -0.522863 4.562184 -11.954953 10.217930 
3.042533 -0.153166 0.828724 -0.133569 -5.415767 -10.818774 -17.672333 
1.417540 0.342940 0.671460 -0.490621 18.452577 17.945481 -4.108271 
0.348250 -0.193005 0.241798 -0.324758 -11.844599 4.363963 -4.798055 
0.189420 -0.690087 -0.267378 -0.652396 -4.456923 -0.192358 9.371128 
0.222484 -0.076856 0.115891 -0.019465 -7.235815 -8.948331 17.036618 
0.319069 -0.582625 -0.279550 -0.221268 -7.097171 3.951389 -16.274790 
0.092091 -0.243773 0.166147 -0.086319 -16.517426 -4.407015 16.415340 
0.486369 -0.452115 0.430836 0.292788 15.205797 2.620233 -14.148182 
0.293964 -0.521046 -0.673920 0.466170 0.070835 4.579563 -0.576989 
0.150389 0.497722 -0.661410 0.337387 -0.897397 -4.765618 -7.241124 
0.098254 0.663374 0.062120 -0.229203 1.845125 -0.014942 -9.356749 
0.129777 -0.180901 0.086792 -0.192929 3.370948 -3.289895 3.085060 
0.089968 0.139267 -0.243625 0.851323 15.231127 13.261893 6.664478 
0.178187 -0.411175 0.103799 0.746432 -8.125253 -1.651814 -10.168146 
0.446547 0.493241 -0.201558 0.269120 -13.276245 -12.551593 0.026735 
2.596189 0.004009 -0.079494 -0.497092 -21.847988 -23.605282 -11.393813 
0.941679 -0.061514 -0.310364 0.317107 -5.670459 4.130728 -17.187809 
0.357477 0.165083 0.765462 -0.468189 -4.192032 7.454232 -2.046116 
0.233141 0.433063 -0.411571 0.282061 1.036770 -3.907641 9.543741 
0.109886 -0.457941 0.375126 0.140023 -16.118030 2.443493 -9.212006 
0.103385 -0.577759 -0.088922 -0.351698 -5.750577 6.767681 -7.331489 
0.307529 -0.551231 0.164851 -0.881538 -10.962162 -12.516926 -18.426168 
0.224214 -0.528270 0.697927 0.259173 -14.900241 4.792876 -27.675315 
0.688471 0.065204 -0.272752 0.447841 12.871728 -16.411941 -0.253216 
0.121886 -0.353435 0.703930 -0.356561 4.679807 -16.316635 -8.531684 
2.036878 0.881666 -0.372248 0.323767 19.290896 -14.410109 -5.358281 
0.108772 0.028684 -0.703009 -0.113482 -14.423395 12.167395 11.274041 
0.087214 -0.671251 -0.187524 -0.694647 -10.652662 -19.103831 -12.176472 
1.095005 -0.262703 0.058459 0.468460 5.112629 12.892242 7.079983 
0.462444 -0.355275 0.232507 0.930435 0.113984 2.150807 2.737723 
1.195467 -0.041241 -0.660442 0.042177 -2.711237 -12.531288 -1.919790 
0.124532 -0.789748 -0.197772 0.311646 -9.139674 -6.622858 0.583274 
0.239527 0.548880 0.534123 -0.576383 3.183375 -3.208251 -2.737030 
0.513647 -0.268121 0.477703 -0.319218 2.919111 7.671057 21.240278 
2.322161 -0.707512 -0.485157 -0.178706 1.537935 -5.247700 -18.281645 
1.749945 -0.456153 0.773801 0.004596 -2.744352 15.016719 -0.886181 
6.427225 0.151838 -0.575276 0.213161 -12.372944 -8.067874 13.362211 
0.187473 0.383858 0.219986 -0.531069 -2.021507 -2.624971 -9.254855 
0.080411 -0.512067 0.053531 -0.095072 -21.019342 16.306573 13.396765 
0.084886 0.676833 0.120529 0.087335 -5.574216 4.093415 -0.958677 
0.210734 -0.209963 0.431823 0.651520 -7.522775 12.644788 -1.228394 
1.039799 -0.405154 -0.312712 -0.653936 13.506182 2.263205 4.656717 
0.589256 -0.438046 0.230572 -0.180119 -5.614968 -8.395958 5.761711 
0.193774 0.581669 0.559847 -0.598792 -6.755920 15.000453 -0.087411 
0.204408 -0.666861 0.193345 0.367920 -8.079339 1.519060 -11.957517 
0.203976 0.740069 -0.074418 0.439015 -15.600749 10.617307 14.455099 
0.100379 0.226892 0.594571 0.273519 -1.980971 -8.750574 -5.825624 
0.224716 0.206154 -0.392445 -0.311933 10.480559 -12.055421 20.220616 
0.736908 -0.136221 -0.831126 0.200745 13.183612 15.674957 2.320799 
0.183623 0.101971 0.189338 -0.595057 13.750569 6.185890 -15.136671 
5.763363 -0.246412 -0.078570 -0.078018 -13.513392 -22.062833 -6.883929 
0.155563 -0.696695 -0.538441 -0.406596 3.018021 -3.813620 -2.077545 
0.205052 0.725205 0.095210 -0.553310 -7.833035 17.700071 3.854849 
0.256881 0.150929 0.442041 -0.842637 -7.377370 -14.633623 -5.111206 
0.383592 -0.127531 0.688271 0.703647 5.380917 -13.819534 12.518060 
0.115189 0.258909 -0.124210 -0.906187 -15.148622 19.609182 -6.829609 
0.144188 0.675727 -0.192094 -0.000370 4.643402 -4.371416 4.225980 
0.208231 0.390925 -0.011521 -0.753722 -11.061158 11.352739 10.155123 
0.523071 -0.582754 0.470998 -0.641380 -11.837368 -3.455315 -3.964640 
0.460238 -0.853263 -0.077111 0.579282 2.808888 -0.124804 22.756330 
0.500482 0.360242 -0.409518 -0.354346 6.732544 11.727784 -14.318109 
0.190881 -0.822577 0.237739 -0.070981 5.541343 10.831757 25.104926 
0.095002 0.007291 0.667127 0.080181 4.618196 1.343287 5.732284 
0.282526 0.501372 0.178151 -0.655486 11.592536 -3.737692 1.499394 
7.200905 0.492946 -0.285057 -0.103473 -1.377839 3.624568 24.762303 
0.639887 0.498855 0.267768 0.747374 -17.440805 10.863405 5.766260 
0.088337 -0.196460 0.545579 0.108037 9.168955 -7.641313 -1.755210 
3.427020 -0.334084 0.020899 -0.083936 17.721605 -9.869725 13.817417 
0.286232 0.390485 0.721417 -0.178557 -4.239119 -9.950564 -6.961155 
0.111446 0.292853 -0.479166 -0.155554 -3.985004 11.574706 15.516497 
0.194955 0.294910 -0.395983 -0.088128 7.786729 2.774757 -6.745456 
0.190041 0.593552 -0.240875 0.408671 -16.801327 4.472542 11.510889 
0.170109 0.153174 0.366624 -0.231976 -10.585420 8.210910 5.919897 
0.162386 0.694566 -0.372142 -0.004393 -0.736896 -5.358734 14.113774 
1.166044 0.018717 -0.732463 -0.253040 19.638567 -1.321401 24.933000 
0.584740 0.876442 0.295148 0.192417 17.363335 0.579006 5.657680 
0.396613 0.487411 -0.814597 0.131766 -4.257635 -17.875170 -12.676611 
2.418064 0.360363 -0.295136 0.199268 -1.208839 5.028062 4.290103 
1.010429 -0.587391 0.539618 0.129334 -9.730750 2.575294 3.841815 
2.532142 -0.926881 0.529907 0.035737 -16.392431 -3.063734 -0.758659 
0.107929 -0.005157 0.880222 0.342847 8.940130 9.965259 9.254821 
0.167175 -0.414167 0.035240 -0.428025 -9.213536 -0.757701 -15.717287 
0.254952 0.349270 -0.745100 0.275532 21.085417 -9.903126 -9.684784 
0.429694 -0.715322 -0.484966 -0.262477 4.036776 5.222673 17.851474 
0.496826 -0.627591 -0.004049 -0.763499 -0.611806 -5.544417 -2.317191 
0.121547 0.039585 0.771282 0.353771 16.396235 -25.759853 7.623028 
0.215928 -0.058603 -0.839095 0.296976 -2.243997 3.813222 2.036347 
0.270339 0.258018 0.934830 0.379949 -3.935738 7.255307 9.735551 
0.080083 -0.626695 0.100585 -0.303014 -9.465566 5.470332 15.166010 
0.272801 0.004117 -0.265098 -0.061722 17.181401 -11.357019 -3.371812 
0.248941 -0.883342 0.016979 0.290133 -5.761845 -8.798026 12.574589 
0.198171 0.020501 0.457488 0.291559 1.571329 -10.467957 6.753240 
0.125940 0.166360 -0.892987 -0.093177 0.531981 6.962440 6.134368 
0.397489 -0.260199 -0.048020 -0.079922 4.419336 -6.177585 14.831520 
0.109822 -0.751963 0.051641 0.295555 25.126590 7.997767 4.874002 
1.950578 -0.070264 0.958933 -0.292445 -7.578482 0.796240 -5.866152 
0.085723 0.131527 -0.374618 -0.652756 -2.886353 1.135479 4.344367 
0.261677 -0.510699 -0.445223 -0.070721 6.035457 8.614188 -11.197303 
0.410668 -0.653427 0.653373 -0.292663 -5.384200 14.994512 15.059750 
0.278253 -0.509165 0.053923 -0.445385 7.514744 -13.162917 6.113685 
0.362834 0.444310 -0.622861 -0.132617 -8.222494 -1.811225 8.038465 
0.191416 0.087914 -0.625661 0.181696 43.111426 0.977920 -6.442795 
0.204516 -0.144767 -0.254421 -0.511241 15.591770 -9.754875 -15.639225 
0.119244 0.211888 0.984551 -0.266367 2.221378 10.425815 9.902318 
0.394798 -0.351209 0.469772 -0.345446 -5.401413 -4.184102 -11.062762 
0.108074 -0.174749 -0.368922 0.816416 3.795839 1.921783 -9.378138 
1.687457 0.059793 0.712288 -0.399711 19.526008 28.133446 2.052495 
0.142585 -0.330303 -0.641832 0.265962 -4.036702 -9.341306 -9.220916 
0.999592 0.216581 -0.500384 0.762911 5.544903 6.487610 -11.681316 
0.835224 0.240016 -0.975834 -0.033699 21.958626 1.080068 -3.778046 
0.133760 0.189344 -0.239193 -0.317611 -14.682501 -15.510690 -5.517368 
2.914902 -0.799768 0.371941 0.104029 14.337385 -4.355809 -1.074087 
0.289537 0.392117 0.359847 0.052644 -4.526097 -8.733016 12.372971 
0.111589 -0.190214 -0.255926 -0.144569 -4.347155 7.792977 9.753531 
0.666435 -0.222224 -0.860621 0.039593 -2.332544 13.149464 -5.007876 
0.118124 -0.272616 0.055570 -0.188613 -10.710966 -9.673013 -0.649176 
0.082017 0.477582 -0.345105 0.063375 -3.592859 -9.645421 10.715248 
0.384643 -0.517454 0.044323 0.472653 -12.352161 -6.873020 -4.425562 
0.170390 0.408749 -0.335189 -0.493598 -1.877713 14.129113 14.633255 
0.164634 0.091013 0.624925 -0.491111 -6.207189 1.327928 -2.191345 
0.710018 -0.140916 -0.123447 -0.127790 -15.696366 24.441264 6.287000 
0.490174 0.346055 0.187366 0.765409 0.918073 -9.832194 3.830153 
0.209872 0.041882 -0.649629 0.057392 -5.056752 -3.277270 14.481329 
0.191407 -0.878500 -0.623416 0.118137 -16.147689 -8.351304 -17.264935 
0.086220 -0.703836 0.123657 -0.296633 21.630885 -1.284437 -2.592615 
0.253249 0.242645 -0.916095 -0.108880 5.261275 0.206347 -0.843890 
0.443660 -0.237068 -0.421838 0.274236 8.417913 5.582808 -11.356534 
1.478874 0.262399 -0.016046 0.124134 13.382520 8.971566 1.017544 
0.997008 0.741619 0.602006 0.181071 5.135005 3.633247 3.422896 
0.119733 -0.615787 0.697104 -0.119478 -8.750661 6.029810 -20.507305 
0.155712 -0.548589 -0.532624 0.346858 -14.462592 -5.453161 8.586991 
0.248140 -0.726261 -0.138018 0.095781 20.987558 -4.909130 -7.313001 
0.211986 0.023919 0.098293 0.887816 -9.191385 -13.025916 25.262732 
3.164370 -0.200687 -0.519048 -0.671197 9.557661 6.896489 -7.701074 
7.811175 -0.417159 0.698879 -0.088616 1.813986 10.253423 -4.996709 
0.119711 -0.336344 0.092037 -0.708337 -10.321862 1.388022 10.766333 
0.081905 -0.211952 0.725252 0.195212 -3.052036 23.067120 8.496955 
0.128974 0.305209 0.732262 -0.262208 -1.856392 7.077215 7.455136 
0.098410 0.382557 -0.034944 0.319042 3.747992 2.106168 1.254787 
0.208666 -0.168778 -0.390119 -0.786694 -18.169768 -1.040969 8.939844 
0.338702 -0.440765 0.653275 -0.498103 -6.198832 -20.099157 2.823134 
0.270406 -0.599179 -0.111377 0.417178 -12.455885 -5.873877 -17.566956 
0.261780 -0.569515 0.420167 -0.544131 -1.420675 3.174860 -8.200825 
0.198271 -0.444088 -0.713061 0.503958 4.268865 1.953522 2.608560 
0.547947 -0.550151 -0.270657 -0.309924 -6.296484 -3.930313 -0.150940 
0.084496 0.080961 0.875488 -0.481271 -4.429939 15.827737 6.413746 
0.547853 0.044339 0.623197 0.079926 -1.293453 -1.764883 -1.168655 
0.124445 0.282937 -0.687073 -0.309790 6.855506 -2.742070 5.381106 
0.573077 0.061779 -0.149937 0.572316 -12.854363 5.247952 -10.368905 
0.415176 -0.249386 0.710483 0.348240 -0.693012 -6.912541 -13.569759 
0.878922 0.367159 0.877416 0.205525 1.632943 4.238184 -16.131670 
0.094683 -0.194057 0.880882 -0.479000 -3.461410 7.560237 -19.437638 
3.025229 -0.777184 0.224625 0.442660 -11.513945 20.609471 -2.788463 
0.102725 0.493217 0.817665 -0.044980 -7.504218 -2.575146 -11.918098 
1.385436 -0.193408 -0.633485 -0.167651 -30.336183 2.707515 5.773078 
0.188343 -0.613956 0.333479 -0.275002 16.657174 -9.164223 -4.375207 
0.308804 -0.815992 -0.077358 0.368596 0.894862 13.126368 10.468203 
0.266901 -0.716492 0.206107 -0.041525 16.489439 21.909690 3.909397 
0.352073 0.741293 0.092744 -0.684228 0.733515 -4.645425 -13.085457 
0.588656 -0.455076 -0.056738 -0.116096 9.088312 -14.388158 -25.321622 
0.105091 0.104378 -0.217449 0.187020 -14.625480 -6.106050 5.131375 
0.147682 -0.414440 0.442166 -0.617201 17.132722 -2.762222 -12.836367 
0.179358 0.654998 -0.544860 0.257407 4.560241 0.757436 -7.103859 
0.522896 -0.417249 0.339950 0.266627 10.445300 5.590600 -7.327445 
0.141510 -0.407104 0.349040 0.329037 11.129636 -12.127952 -15.509010 
0.105633 0.026390 0.148675 0.011324 -7.208948 6.212209 -15.296250 
1.115389 -0.210324 0.322262 -0.361899 6.258669 -5.914252 -9.363069 
0.100224 0.689220 -0.138998 0.570515 23.712012 -15.777667 -1.805724 
3.043771 0.234660 -0.036069 -0.820683 16.688979 -4.014286 -20.669863 
1.677124 -0.229434 -0.316411 0.598862 6.345014 -15.419515 11.180845 
0.154714 -0.981592 -0.032161 0.142751 -18.786211 -8.989466 -5.715658 
0.509531 -0.367380 -0.160814 -0.040485 9.166021 -7.455301 9.790932 
0.118595 0.335908 -0.479127 0.359688 16.311143 -7.484491 11.379626 
0.192470 -0.696581 0.075043 0.010762 21.272297 -0.577458 -0.274676 
0.156661 -0.124109 -0.667591 -0.042901 -2.325968 -15.922799 20.057385 
0.269171 -0.006906 -0.178199 0.523040 13.444959 6.276798 3.970295 
0.275015 0.781800 -0.398814 0.039413 1.681483 5.365697 8.318025 
0.133107 0.609130 -0.218157 -0.599633 -5.220921 3.675116 -0.400789 
0.116244 -0.114246 0.418930 0.089310 17.489729 -14.749336 3.334917 
0.262815 0.264632 0.613046 -0.127139 -7.470026 -7.282368 25.751026 
0.152197 0.752792 -0.184436 0.495519 2.690251 2.430821 -21.867373 
0.591538 0.099985 0.224268 0.661000 18.960645 -23.542287 -11.067306 
0.273814 -0.533783 -0.471147 -0.152169 -10.098561 -7.980819 -0.551757 
1.296377 0.269268 -0.816170 -0.358001 -0.460456 11.376654 7.801990 
0.625099 -0.198491 0.055998 -0.941666 0.133090 -8.214128 5.625853 
0.953431 0.101663 0.078000 -0.382604 -24.750563 -14.828673 13.772277 
1.362864 -0.587165 -0.170720 0.402572 -11.562684 8.055609 -1.140342 
0.388981 0.679896 -0.123510 -0.498224 -3.601725 6.675605 3.856556 
0.178332 -0.671789 -0.404566 -0.328137 28.125994 -9.041613 -5.918287 
0.372184 -0.121150 0.275840 0.295093 -16.270079 -4.530431 17.478660 
1.884918 0.644213 0.129870 -0.059672 -23.138601 4.396249 -10.991940 
0.093160 -0.592814 -0.000537 -0.321723 -15.701586 -10.146604 -10.006602 
0.093696 -0.217580 0.098609 0.029516 11.077560 -20.836212 -2.624423 
0.080850 0.756553 0.279950 0.046020 21.691182 -17.353363 16.270009 
0.277717 -0.170606 -0.993536 -0.241191 -0.340650 -21.537441 15.328453 
0.330199 0.246297 -0.524132 -0.011151 -15.418138 10.547747 11.537041 
1.020862 -0.728864 0.258938 0.127857 8.535822 11.955283 5.503924 
0.554068 0.500671 -0.266572 -0.173909 -6.983074 7.675382 1.686382 
0.410517 0.631156 0.041267 -0.423812 14.028185 -4.343154 8.845020 
2.241100 0.735362 -0.199604 0.016840 -12.753132 -8.922806 16.072452 
0.769947 0.012535 -0.066790 1.007964 -12.022645 -7.491728 1.157730 
0.085466 0.343144 0.786961 0.480234 8.503875 -3.343795 1.418457 
0.645582 0.243786 -0.237079 0.734332 -2.537587 10.518653 6.388431 
0.291207 -0.657619 0.036020 0.462163 22.850853 4.546365 -15.763296 
0.780826 0.774044 -0.279873 -0.164473 15.370480 21.263864 3.275207 
0.178041 0.120306 -0.213905 -0.265889 -2.462605 1.867834 1.679415 
0.111657 0.164570 -0.419755 -0.255130 17.695969 0.699876 3.390540 
0.141933 -0.133109 0.691909 0.585770 -10.185744 0.034767 7.432970 
0.503658 0.481432 0.527673 -0.642460 -0.432980 -2.338839 2.266674 
0.266518 0.844479 0.152820 0.096790 7.820447 -12.615477 -15.080225 
0.136578 -0.737136 -0.230302 -0.037162 14.153698 0.011492 7.247363 
0.126498 0.426474 -0.081140 0.425557 -8.160973 16.407805 -5.425576 
0.081261 -0.104427 0.878516 0.346641 25.407693 8.085811 1.423866 
0.167252 -0.005361 0.086238 0.362585 -0.946052 2.300896 -4.962920 
0.607244 -0.440422 0.833586 0.366676 -4.828360 22.497746 6.598267 
0.266741 0.662259 -0.210170 -0.340329 -13.170697 8.624859 -3.521225 
0.157175 0.859148 0.158683 -0.225081 0.026021 -9.807969 24.809664 
0.366807 -0.342134 0.332017 0.652151 -3.960311 -14.077657 -3.735449 
1.030213 -0.167498 -0.042191 0.344283 -0.439852 2.401804 17.772724 
0.140945 0.503641 0.681461 -0.534498 22.876652 10.086121 6.005774 
0.288794 0.401206 -0.005982 0.833604 -1.982164 -8.031124 -7.145832 
0.182724 0.110997 0.775464 0.563043 -13.737042 12.241353 -2.326555 
0.115248 -0.041500 0.373743 -0.202672 -23.399998 13.871629 2.209066 
1.012019 -0.264237 -0.626322 0.536887 -7.509714 -1.257833 4.215256 
0.292049 -0.130979 0.924200 -0.270940 -19.522956 -8.097228 -0.323590 
3.273691 -0.096245 -0.029518 -0.370221 -6.533125 2.352063 12.302944 
0.507219 0.432866 0.351113 -0.664772 -9.870438 19.068209 10.576360 
0.325723 -0.333575 -0.234109 0.885007 -17.202388 7.009307 4.615241 
0.153073 -0.201282 0.751412 0.426218 14.411168 15.581738 -33.002510 
0.229855 -0.532265 -0.305731 -0.159795 1.405057 11.083429 13.362458 
0.196589 -0.233092 -0.148904 0.383205 -5.615212 -8.751952 -16.056609 
0.095001 0.085515 -0.218371 0.808363 9.955877 5.554961 -15.688026 
0.458870 -0.769616 -0.687133 -0.048507 -11.484285 -6.601293 -2.677573 
0.085890 -0.514547 0.446245 -0.712168 -6.833703 24.914077 8.594961 
0.170408 0.708838 -0.464827 0.253500 2.358606 2.413396 -8.924600 
0.130084 0.227129 -0.029497 0.314316 0.852598 -14.427709 2.355985 
1.384359 -0.264871 -0.381083 -0.276950 -7.515651 -4.226655 0.060917 
0.642711 0.238451 -0.375174 0.369933 -5.411610 -3.208288 -15.098633 
0.176254 -0.706366 -0.354136 -0.542777 -9.858269 -2.261065 3.226480 
0.156623 0.680703 -0.023519 0.011144 -11.416561 -18.211573 -0.739699 
0.874755 0.585007 0.366100 0.108634 -1.634821 -3.980666 -8.505845 
0.628183 0.027500 0.739186 -0.381550 -6.969876 0.141728 11.757268 
0.127719 -0.135138 0.275075 -0.883941 20.357670 -5.788915 7.236048 
0.209256 0.248527 -0.077913 0.075732 5.530872 -5.828627 5.144382 
0.393003 -0.382214 -0.169073 0.285101 21.191029 8.301696 -3.034438 
0.395444 -0.715885 -0.500569 -0.613179 -12.989746 -16.340520 -1.381531 
0.150757 -0.725303 0.368860 -0.390325 1.506040 -16.828741 16.562728 
0.613619 -0.476518 0.513547 0.423900 23.581112 -13.724322 -17.721592 
0.371705 -0.196753 -0.726851 -0.082075 16.540798 -3.160043 1.990619 
0.128172 0.136988 -0.794694 -0.360229 0.153540 11.817570 -3.976340 
1.227367 0.129000 -0.508638 -0.164728 -26.174550 19.930234 6.292661 
1.287495 0.288332 0.195700 0.505268 -1.889129 -1.441209 -9.859091 
0.285623 0.365601 0.583778 0.559065 -21.005562 -2.665255 -2.600261 
0.186793 0.178025 -0.306060 0.390661 -3.217297 6.765137 8.720963 
0.151928 0.701962 0.407697 0.311857 12.592105 -2.415003 -2.710562 
0.107729 -0.039151 -0.737803 0.436065 4.745750 -17.681979 -6.194840 
0.789450 0.034890 0.903962 0.459032 0.298946 8.803572 6.233500 
0.417882 0.072123 0.257553 -0.992019 17.140940 2.143923 -3.403754 
0.415458 0.298743 -0.711783 -0.658060 -3.676284 -28.412173 -3.162843 
0.510419 0.422157 -0.821428 -0.277300 6.841481 3.680292 6.961193 
0.130425 0.448593 0.075185 -0.003555 -1.492947 -3.598040 -0.807334 
0.312402 -0.780746 0.549080 -0.196322 -4.605274 6.684138 -4.069813 
0.489643 0.336515 -0.171366 -0.648495 -1.011784 4.438551 -27.302556 
0.449688 -0.502324 -0.755283 0.252902 13.248185 4.668345 19.018843 
4.640213 -0.609423 -0.721472 -0.423063 -11.061196 -29.068211 -38.320361 
0.102329 -0.840914 -0.221011 0.451869 -0.556430 -8.471480 3.385347 
0.088752 0.865205 -0.295190 0.074165 -14.041884 -7.918139 8.066500 
0.124181 -0.345082 0.357419 0.201571 9.271734 -25.478817 17.080218 
0.142677 0.800073 0.063706 0.450904 6.861418 -7.367300 -9.619806 
0.646196 -0.416017 0.419277 0.807680 -12.515499 14.359429 -11.885838 
0.112694 0.448763 0.774401 0.151316 -11.514106 -1.515147 14.656778 
0.176104 0.579883 0.230324 0.560774 2.127978 -6.518303 16.405677 
0.106965 0.395664 -0.022127 -0.522554 -8.561617 -8.999093 -0.502572 
0.330430 -0.064535 0.443035 0.036846 -15.293074 15.977772 3.346182 
1.059937 -0.473564 0.002091 0.517969 19.924066 -0.447268 -9.163158 
0.446854 -0.101285 0.266587 0.448328 2.736811 17.824150 -12.457254 
0.249843 0.272673 -0.707315 -0.383290 0.064708 14.101288 10.555392 
0.126972 0.110854 -0.156413 -0.175609 -5.792889 -9.743712 -11.906529 
0.148713 -0.317465 0.262325 -0.217944 -8.361533 1.348484 7.700629 
0.153845 0.064937 -0.072254 0.290331 17.624687 17.666847 -10.436750 
1.523067 -0.032933 0.739235 -0.046257 -2.118167 1.046206 1.885790 
1.665441 -0.032280 -0.632169 0.691033 8.627634 -13.396344 -10.473704 
0.167356 -0.287906 -0.665611 -0.264436 16.100041 8.473298 0.425672 
1.433413 0.878521 0.133774 -0.176945 25.455947 -18.316638 -0.577430 
0.264805 0.331068 -0.224189 -0.096542 -12.783344 -25.890440 -2.827142 
0.110793 0.120651 -0.534475 0.725018 -3.962160 6.280290 2.102848 
0.180061 -0.035140 0.365616 -0.256359 -7.869387 6.560512 -4.418006 
0.195410 -0.078087 0.041697 -0.969802 -1.747834 2.658570 -18.779388 
0.091610 0.495494 0.211450 -0.738370 21.925840 7.177199 7.363544 
0.100160 0.498532 -0.397527 -0.265631 -7.194200 -9.189602 -6.057069 
0.329612 0.074137 -0.153661 0.067289 -17.127154 -2.498621 18.240953 
0.174903 0.441623 -0.425634 0.435766 -4.182669 -26.554155 -3.500852 
0.088879 0.456134 -0.194611 0.383330 -14.658917 1.991098 -8.603383 
1.382242 -0.755411 0.450231 -0.453501 0.108650 -9.090893 -18.411168 
0.137418 0.723822 0.528040 0.069639 -4.478326 4.773605 16.193231 
0.550522 -0.604406 0.473735 -0.505322 -12.800125 -16.513099 4.518153 
0.977405 0.384713 0.436990 0.181672 -12.855778 5.832725 -13.276750 
1.078071 -0.233751 -0.224242 0.462803 -8.023926 16.792964 8.589938 
0.158053 -0.532916 0.659947 0.130273 4.631021 -29.338470 -5.833336 
0.173348 -0.243839 0.118355 0.565575 -7.493017 -5.642095 -11.398654 
0.082934 -0.400411 -0.569057 0.711377 10.722208 3.640583 13.537031 
0.136636 0.420559 0.408315 -0.399877 -13.811939 -9.498819 12.134608 
0.143734 0.669658 0.205643 0.391349 11.036228 7.125920 -6.147604 
0.441192 -0.145541 -0.352490 0.474642 -16.856052 4.044354 -8.337201 
0.419927 -0.515486 0.534688 0.406562 -5.026394 -8.190287 7.068854 
0.233936 0.849782 0.397752 -0.018323 -4.534547 5.024137 19.219177 
0.472655 -0.126520 0.257418 0.324582 -19.194416 -11.458932 -11.762878 
0.114863 -0.207132 -0.036361 0.769948 -14.571746 6.744926 -15.438667 
0.090134 -0.144829 -0.471658 0.217166 6.256334 7.242804 1.194016 
0.541043 -0.530565 0.103305 -0.593256 28.692151 -3.174478 -3.621675 
0.282572 0.774615 0.049367 -0.100442 -17.834788 -7.849273 -1.548262 
0.115642 0.224045 0.024103 0.114588 18.540731 -17.337065 -5.989321 
0.081355 0.554322 -0.363236 -0.292106 -20.918620 5.338839 -20.611168 
0.367829 -0.005915 -0.630075 0.024246 -9.292919 -11.641509 7.120636 
0.139629 -0.334819 0.489103 0.074878 -9.775118 -17.124975 -8.095057 
1.352784 -0.229643 0.146604 0.570249 -13.083522 0.063846 -1.661167 
0.125255 -0.576718 0.637403 0.438819 1.103874 -0.885729 -13.373791 
0.401327 -0.042378 -0.194087 0.247661 -1.802494 -10.097930 32.873958 
0.285734 -0.876682 0.134509 -0.419804 -12.991083 -20.609470 -2.472992 
0.395651 -0.429164 0.015707 0.126184 17.941106 -12.349476 -11.863559 
0.293098 0.629915 -0.113129 -0.003017 8.669624 -8.561757 12.464456 
0.087827 -0.774880 0.091422 -0.142831 -5.828578 13.175937 6.902963 
0.145431 -0.128614 -0.448141 0.833478 -17.320876 -2.010567 -2.677994 
0.180115 0.299761 0.188544 -0.397971 -20.768656 13.367822 -4.543990 
0.096200 -0.110314 0.229418 0.299926 -2.495139 -14.715385 -7.647090 
0.666776 0.655862 0.228451 -0.210758 -22.761433 -15.679879 14.423088 
0.204329 0.071113 0.245015 -0.177470 1.021388 7.129385 0.751502 
0.115895 -0.246643 -0.783439 0.540792 2.476589 5.866795 8.203082 
0.093908 -0.340706 -0.028638 -0.687011 -2.109966 -10.111316 -1.882705 
1.218377 -0.306403 -0.844227 0.104205 -16.348444 3.295263 9.803901 
1.577937 0.743365 0.548710 0.058865 -2.017975 3.737446 9.674761 
0.624013 0.179818 0.300770 0.372244 5.121379 -10.605525 15.999796 
0.094581 -0.321514 0.889106 0.122103 13.747632 7.196232 8.364728 
0.082735 -0.232095 -0.435545 -0.500142 0.710218 2.888831 -13.479978 
0.117562 0.513406 -0.529385 0.640340 5.206877 -14.344941 -10.674126 
0.104059 -0.121347 -0.100420 0.694576 5.448282 -19.214021 -2.075958 
1.175398 0.371309 0.470486 -0.287972 3.147985 -2.032135 21.286461 
0.164169 0.077995 1.005061 0.368252 18.940551 21.911666 -11.099601 
0.291452 0.127508 0.500656 0.558105 -15.792739 3.178477 -5.674219 
0.206673 0.533024 0.528090 0.240579 -14.723594 -13.009947 2.324593 
1.289324 -0.526554 -0.387694 0.602993 15.800882 25.129176 17.062963 
0.086315 0.214299 -0.317853 -0.148415 0.503049 6.967159 -10.769794 
0.235153 -0.156127 0.748691 0.102581 1.672208 -3.962185 13.094262 
0.115719 -0.283983 0.211256 -0.275846 16.837151 -15.098687 -29.899869 
0.363410 -0.474278 -0.295342 -0.613457 2.819246 -6.164321 0.559312 
1.751386 0.313841 0.381306 -0.574354 20.875307 -2.322134 -1.960709 
0.207984 -0.359469 -0.026691 0.650707 -7.813490 -4.881471 2.635838 
0.102911 -0.229735 -0.375522 -0.681739 8.866663 -19.506904 3.123426 
0.178659 -0.631248 0.633071 -0.154716 -2.297804 13.790477 10.284842 
1.266026 -0.381471 0.782330 0.008770 -4.865232 0.166991 -5.674571 
0.304509 0.407817 0.771669 0.290789 8.497963 -5.554712 7.734325 
0.111776 0.348816 -0.056027 0.281802 -1.821219 -7.652857 -3.979859 
0.518423 0.024940 0.659936 -0.428763 -24.916112 -7.289822 24.776569 
0.412206 0.806650 -0.299063 -0.340748 -0.663466 -6.841697 12.105515 
0.151101 -0.316854 -0.444266 -0.496824 0.563711 0.340470 -4.402007 
0.220913 -0.467856 0.772866 -0.329709 -0.983572 1.287902 3.933907 
1.412488 -0.160830 0.225610 0.757325 2.626110 -0.651376 -12.500010 
13.278585 0.389992 0.391383 -0.101926 -10.109975 15.456413 10.518276 
1.463321 0.129811 -0.852879 -0.179373 -15.480444 6.601003 -2.809367 
0.120159 -0.154162 -0.918448 0.054269 11.476437 -1.762884 12.453530 
0.365350 -0.341987 0.796716 -0.178320 -8.745082 3.211574 -1.000107 
0.105973 -0.151122 -0.265560 -0.890357 -8.201716 -5.211232 0.554440 
0.295892 -0.643564 -0.531234 -0.416526 -9.398490 -2.753977 5.350878 
0.206326 -0.093160 -0.170845 -0.103634 -14.564002 2.176314 -6.545640 
0.093712 -0.965930 0.078285 -0.009866 -14.805804 7.233820 -3.458833 
0.095148 -0.001084 -0.450442 0.039193 9.112829 -3.617706 6.589786 
0.206538 0.649555 0.127279 -0.013968 -2.967563 -26.707762 2.793888 
0.086877 0.380330 0.552133 0.640053 3.718051 2.810440 7.051094 
0.089099 0.225469 0.496278 0.236452 -4.645141 -11.538566 23.826988 
0.510706 0.158585 -0.339755 -0.647273 -19.218125 10.634988 3.214901 
0.209703 0.370195 -0.608704 -0.266219 26.028524 -9.742411 -10.470428 
0.558090 -0.334300 0.809978 -0.463246 6.201076 7.267362 0.677757 
0.094925 -0.052157 0.206608 0.632813 -5.328152 -13.092468 -3.140497 
0.169485 -0.096119 0.598324 -0.272147 1.852308 -6.172530 -18.335326 
1.190304 -0.402893 0.090057 0.070762 -24.728094 -20.915228 5.711612 
0.229716 0.241064 0.595179 0.345410 -8.342919 -17.703015 -7.376067 
0.590880 0.677737 -0.036010 0.212211 -12.370277 -6.570961 15.770729 
0.480535 0.097818 -0.253520 0.235777 8.406909 5.657077 -8.755632 
0.234429 0.736075 0.277595 0.287253 -3.653272 0.086044 -15.484950 
0.582021 0.101258 -0.140838 0.713215 -26.864317 10.041706 -8.300756 
0.189197 0.317800 -0.429710 -0.447476 7.526511 -8.592780 -10.157411 
0.259575 -0.931672 0.139202 -0.024744 -1.347849 3.810774 -17.647085 
0.447006 0.618762 -0.567301 0.306794 -11.208505 7.136130 6.515419 
0.147887 -0.664220 0.459738 0.069516 -2.445469 4.928659 1.685711 
0.231699 -0.188036 0.785004 0.072247 -3.066731 -0.115299 -0.793817 
0.453708 -0.285606 0.200880 -0.088984 6.382575 -6.456632 -6.135199 
0.920339 -0.743407 0.204401 -0.151751 -7.375650 16.216329 -17.746810 
0.955703 0.015851 -0.428424 -0.494120 -1.970497 10.125228 -0.500186 
0.084577 0.069894 0.649591 0.293019 5.785094 -2.701403 -8.606556 
0.160624 0.009244 -0.568685 -0.162558 -9.762299 10.837572 0.759756 
1.172148 -0.093524 0.167651 0.751401 9.135810 5.315476 -3.544988 
0.760534 -0.557741 0.489380 -0.664036 5.122764 31.093438 5.658781 
0.114553 -0.811369 0.248669 -0.195644 -4.766979 -17.783791 5.314696 
0.117572 -0.231576 0.620893 0.291040 26.851473 -21.634136 -2.746317 
0.762149 0.000311 0.309987 -1.066999 24.947865 36.015762 -15.871736 
0.232792 0.337669 -0.964996 0.110438 4.498592 -3.980889 -6.684016 
0.215009 -0.018948 0.026327 0.275697 1.028185 9.990985 -10.412754 
2.204810 0.102719 -0.566077 0.149729 -11.286316 3.585476 -4.491160 
0.129032 -0.795977 0.277405 0.221562 -5.879453 -19.059147 44.435238 
0.374042 0.805273 0.446124 -0.299026 7.997020 3.240990 -2.111817 
0.205433 0.536164 -0.702643 0.416665 -8.030663 10.291794 24.097553 
0.160079 0.708961 -0.454881 -0.102432 0.496550 -11.504696 5.301254 
0.136090 -0.209439 0.715231 -0.629408 -17.876724 2.238873 -0.080387 
0.119841 -0.079305 -0.446885 -0.511503 10.283875 19.648959 5.487446 
0.201503 -0.604963 0.326621 0.698119 -10.530051 -9.063308 21.734818 
0.611073 0.613917 0.554196 0.497684 2.517618 -8.879094 5.768579 
0.115016 0.327840 0.459911 -0.689841 11.623930 -11.220831 -21.983177 
0.399244 -0.406643 0.221867 -0.011517 20.108366 -18.257065 -3.073030 
0.131342 -0.334980 -0.665877 -0.428685 -8.359111 0.741192 -18.900131 
0.174201 0.040921 -0.689949 -0.410201 1.584137 -13.509660 19.369027 
0.089275 -0.693428 0.028087 0.366443 4.471509 2.032907 -9.837200 
0.438872 -0.704235 -0.326215 0.224147 4.803360 -6.810857 8.903552 
0.085636 -0.433972 0.073569 0.310873 13.182973 1.643424 3.681701 
0.582912 0.083464 -0.348949 0.199881 -0.210514 9.782024 -0.995551 
0.240412 -0.382433 0.004423 -0.753551 -25.183897 -3.690916 14.315741 
0.226021 0.481018 -0.085959 -0.484199 13.137468 3.668889 14.538911 
0.107205 0.475514 0.462835 -0.045078 2.360529 6.208829 -10.150120 
1.102835 -0.561808 -0.089020 -0.614288 2.868219 2.390354 13.488833 
0.266126 0.489962 0.143384 0.532377 -8.396718 18.029878 -7.750938 
0.409423 0.437127 0.652232 -0.205890 -4.781037 20.836727 -12.590097 
0.089384 -0.549141 0.708156 0.306515 8.003504 -1.983798 -12.784253 
0.113871 -0.528749 -0.039147 0.205169 -2.440874 -11.093850 -10.125442 
0.746267 0.165531 0.991675 0.312653 -0.871653 19.435962 -7.144398 
0.219386 -0.790146 0.254281 0.194172 -5.816590 -23.116747 -13.927495 
0.439077 0.745818 -0.154434 0.440244 0.256907 3.542355 -19.277328 
1.444015 0.129922 -0.109831 0.352266 13.807335 -10.199749 -1.375074 
0.102731 -0.148847 -0.662723 0.311043 11.419041 -17.068498 11.042356 
0.202560 -0.627452 -0.198699 0.100114 -4.848592 -5.357041 13.169445 
0.091773 -0.034404 0.211062 0.371456 -7.708461 12.408138 0.647705 
0.159646 -0.312668 0.843510 -0.372107 -10.772822 2.573175 -14.271160 
0.210510 0.748580 0.540698 0.089702 -0.941369 1.730602 -4.919392 
0.129464 -0.468352 0.545292 -0.115092 0.369906 2.344265 -6.447515 
0.235395 0.066111 -0.704399 0.338575 -4.240297 -6.003843 9.549278 
0.392760 0.566183 0.665271 -0.017855 5.135419 -1.306509 -11.339030 
0.340464 -0.205402 -0.372130 -0.723031 2.193949 12.582180 -15.969209 
0.558675 -0.711920 -0.242598 0.489721 14.163007 -8.693344 -2.957796 
0.269181 -0.108575 -0.018708 -0.377732 10.455712 -16.659364 15.887803 
0.080832 -0.190248 -0.173409 -0.572403 10.177138 20.393620 11.404478 
0.161454 0.436426 0.419024 0.635584 2.163251 -8.629516 -4.922956 
3.272843 0.327313 -0.037699 0.508203 -2.058352 0.958632 -6.887895 
0.126733 0.673060 0.649014 0.116635 8.523516 -13.754360 -10.890892 
0.147442 -0.279826 0.017892 -0.338026 -9.195490 -36.495114 -9.513714 
0.234874 0.335204 -0.037614 -0.542098 -6.542011 11.704158 -6.484250 
0.088322 0.424301 -0.021878 -0.049322 2.000563 5.440846 -29.337435 
0.124823 0.641015 -0.249721 -0.750251 -3.056559 -1.395360 -6.123711 
0.134972 -0.027526 0.023573 0.233720 18.699320 20.059994 12.889467 
0.114632 -0.022688 -0.456741 0.072052 -1.602087 -2.494129 9.938304 
0.145861 -0.763803 -0.470232 0.495986 0.752460 -4.107130 6.163239 
0.263366 -0.014552 -0.168857 -0.847404 -0.832903 1.595325 -3.225419 
0.973808 0.391015 -0.429074 0.255649 3.025327 -5.131685 -5.161292 
1.966409 0.087185 -0.260591 0.510704 5.127270 2.107761 -2.135982 
0.137245 -0.684235 0.151983 -0.360280 6.140675 -2.382049 -12.175373 
0.175886 0.266071 0.501040 -0.245292 -10.702482 -3.408157 -5.937288 
0.427154 -0.150384 0.517811 0.023511 -14.783976 -2.142837 14.482411 
0.305641 -0.202359 0.933762 0.065415 -6.552027 -9.014929 -7.946071 
0.126873 -0.017880 0.044664 -0.077071 6.560371 -9.169949 -6.198195 
0.202129 0.501463 -0.318132 -0.291424 22.907969 -6.471361 18.474589 
0.103947 0.828634 -0.126895 -0.271982 6.942356 16.550602 -0.435785 
0.160192 -0.445378 -0.482139 -0.017788 12.948329 -16.517787 8.214092 
0.087931 0.101752 0.159937 -0.645751 -14.090859 -3.333798 -0.973437 
0.201166 0.569728 0.444798 -0.304334 -16.981292 -3.721971 4.155622 
0.129271 0.506501 -0.204034 0.510623 -7.302503 -9.471560 11.748715 
0.244547 0.064201 0.233426 -0.891015 -12.811991 1.295596 13.163021 
