0.202999 -0.490445 0.646698 -1.018051 -4.037952 -3.465659 -4.782257 
0.583882 0.649092 1.748079 0.702118 10.498807 2.990873 9.238955 
0.585149 -0.118820 -0.041396 -0.901346 -6.672171 2.271597 -10.417557 
0.085689 -1.308944 0.309103 1.569613 -9.450100 13.358638 5.543717 
0.090936 -0.296380 0.785503 -0.024564 -6.970614 -7.477526 10.318798 
0.457888 -1.179424 -0.051537 0.487283 2.134634 -11.231070 -10.005427 
0.179449 -0.834748 -1.372189 -0.844161 -0.945668 3.033104 0.157431 
0.103175 0.867369 -1.779997 -0.340365 -2.398196 -7.081922 5.467449 
0.199182 3.456333 -1.281934 0.724171 11.974849 -8.393900 2.839272 
0.109107 0.603182 -2.093006 1.074447 -1.783545 -1.646106 5.184184 
0.232498 -0.444459 0.730687 -0.451558 -6.232085 16.912207 0.286755 
0.683878 -1.071379 0.312317 -1.556234 -9.157673 -6.835934 -0.362243 
1.809017 0.201227 -0.128104 0.226123 4.126539 -5.059732 2.788996 
0.133767 2.466410 1.439167 -0.131794 13.431953 3.655030 5.881887 
0.207935 -1.411451 1.717861 -1.289091 -2.033768 11.281309 2.019388 
5.586845 0.286327 0.335371 -0.261371 -7.378439 -0.063237 1.965199 
0.099031 0.014360 0.987013 0.855899 -0.385358 13.264755 -5.190031 
0.095457 -0.904419 -0.111641 0.288297 -1.595504 5.623161 -13.628976 
0.166412 0.253687 0.097773 -1.528063 -3.974952 -8.924475 -3.883271 
0.401973 -0.046099 -2.008418 0.517090 4.821872 -7.493310 10.622443 
0.149690 -0.882785 0.497008 0.823437 -12.735157 -2.863753 -4.774256 
0.135040 0.706531 0.368750 0.169646 3.501269 -6.067122 3.281201 
0.230700 0.590592 0.969222 -0.956045 -7.100896 5.869092 5.097706 
0.296048 -0.375982 0.819632 0.547388 -6.033909 19.867638 -2.010727 
0.089040 0.099148 0.220870 -0.240469 -7.770589 14.225207 -7.901269 
0.218861 1.591059 -0.783178 -0.517380 5.021714 3.232363 1.879610 
0.780326 0.792105 -1.145143 -1.168526 -2.993097 -7.199525 -1.231288 
0.110177 1.197895 1.807181 0.615790 -0.570984 3.497278 9.363212 
0.308745 1.934200 -2.339167 -1.208111 9.186098 -17.687447 -5.392731 
0.930095 -0.026747 -0.043167 0.301149 -8.006408 -2.988844 2.822328 
0.154448 0.445629 0.668859 0.256197 -4.684080 -6.057990 5.926637 
0.449860 -0.701334 0.591992 0.808048 -5.425317 -15.495253 1.634924 
0.194281 0.728955 0.312536 -0.324430 10.380038 11.627067 -7.723491 
0.121470 -1.313565 0.046081 1.600825 -12.844336 -5.850753 0.948149 
0.388680 -0.258707 0.823506 0.379430 -10.820297 -3.084846 15.721737 
0.552874 -0.046380 -2.364914 1.143471 -6.368003 -6.785903 10.683353 
0.107074 0.133276 -0.928936 0.154686 -2.441412 -7.645444 -11.773746 
0.218546 1.102635 2.070205 0.159942 -2.487204 4.163986 -1.634735 
0.118025 -0.779604 -0.670866 0.645519 -0.400968 0.800702 10.680674 
0.176826 -0.886668 0.330152 0.286422 -4.566465 9.382863 -15.227218 
0.123628 -0.269577 0.208709 -0.215839 -3.079060 11.992338 20.544875 
0.103987 1.879580 -0.228564 3.303653 14.412232 5.363413 15.661150 
1.612405 -0.431815 0.345716 -0.407932 1.759976 9.189865 -5.123745 
3.952128 -0.331865 1.721618 0.733861 0.619391 -5.202150 6.389415 
0.090817 -0.036070 -0.116470 0.279259 -13.296581 7.390728 -2.707156 
0.094271 0.015559 -0.611926 0.463711 -2.649053 -12.302603 11.850844 
0.105198 -1.222990 -0.445906 -1.493570 -11.706617 0.750332 2.487336 
0.122132 -0.185182 0.127071 0.098601 6.514172 3.627694 -1.606079 
0.167817 -0.909685 -0.504751 0.630868 -8.320722 14.528752 8.031932 
0.138488 -0.506518 -3.011600 -0.026540 1.200732 -11.449480 6.259263 
0.701272 2.854139 0.491850 -1.453392 22.124113 2.102571 -1.403790 
0.367183 -0.015005 -0.540716 1.486950 -1.111655 -8.368215 -4.228593 
0.116639 -0.379057 0.159991 0.135323 -10.822207 13.601144 11.569612 
0.156405 -0.939420 0.754469 -0.892047 -0.456681 1.693604 3.494811 
0.118162 -1.164320 0.890362 0.314898 -14.025072 3.670647 -4.861575 
0.151293 -0.445672 0.311822 -0.798282 -4.625059 5.752465 7.215634 
1.456612 -0.297297 0.344935 1.422163 2.519789 2.397144 3.521800 
0.095248 0.626641 -0.346928 -0.475555 11.638038 -3.923684 3.666674 
0.298886 -0.927748 0.542964 1.308722 -7.712854 3.110773 4.443548 
0.512636 -0.313194 -0.609380 0.694403 0.026529 -14.285783 -3.165275 
0.121466 1.867676 -2.461934 -2.949814 11.892917 -11.175149 -10.780639 
0.863813 0.369093 0.105908 -0.155841 11.133973 11.013166 11.343960 
0.283593 -0.259804 0.237260 0.886239 8.193750 10.161676 13.369559 
0.114183 -1.357095 1.784780 0.083357 -10.074681 4.668689 5.088339 
0.387857 -0.463434 0.054563 -0.631991 -0.504494 9.827204 -6.664935 
0.102340 -0.841597 -1.279954 2.070618 -4.936137 -9.807703 6.260675 
1.423034 1.432611 1.051377 -0.224061 6.006629 -6.669624 -2.304893 
0.118440 0.266919 -0.309239 -0.172621 -5.571633 6.829208 -19.120964 
0.087317 -0.800389 0.555644 1.209780 -2.010922 2.409983 1.647965 
0.115648 -0.241781 0.255134 1.349606 -3.794793 10.832990 -1.432346 
0.335498 0.760939 -1.477746 -0.293389 6.099428 -0.813092 -11.237941 
0.109210 -0.573101 -0.247726 -0.072708 -1.249697 -6.321346 19.990746 
5.398343 -1.137721 -0.145993 0.061624 -6.883690 -4.735711 1.769512 
0.438696 -0.030889 -0.036935 -0.158381 14.919429 4.530945 3.416932 
0.102783 -0.591739 -0.654532 0.749557 -10.505241 2.629517 -1.063991 
0.317653 0.606251 2.727900 -2.127946 -3.517772 17.359705 -7.430159 
0.117399 -0.522315 0.049822 0.217255 3.594155 -8.921776 -7.720488 
0.135796 2.872593 -1.046982 0.701609 10.054864 -11.637752 3.849430 
0.139152 -0.463976 -0.272146 0.116894 -6.041873 -17.387953 3.939567 
0.081844 -0.792822 0.505414 -0.670341 -15.129607 4.176308 -7.136490 
0.210768 -0.654662 -0.091898 0.629093 -7.132907 2.702811 18.579677 
0.087151 0.588729 -0.336248 3.226201 9.184664 -4.153727 15.588436 
0.247564 -0.945985 -1.807489 -0.554625 -9.733757 -6.210990 -9.305850 
0.118055 -0.071087 -0.364681 -1.760702 -6.023468 7.219830 -3.329960 
0.133708 -1.901512 -1.726750 -0.062538 -5.026222 -4.702089 1.065855 
0.137951 0.426659 0.423652 -0.193494 1.102972 -1.453190 -1.823199 
0.295736 5.755644 2.756069 0.422039 35.979891 15.052808 3.299630 
0.093592 0.177708 -0.318570 -0.022308 4.318549 -4.804601 8.168045 
0.180968 -0.714355 -0.454402 0.677747 -11.078216 -15.328145 7.028918 
1.058781 -0.395039 0.740027 0.802299 -12.800275 1.673465 12.106789 
0.086350 0.022066 0.475209 0.176034 -3.527423 -3.494090 -15.336768 
0.263354 -0.888081 1.107271 0.209684 -10.287062 15.071929 -1.301029 
0.556778 -0.531795 -0.105017 0.892471 -11.519339 8.846298 8.908434 
0.139284 -1.143869 0.372328 0.767275 -16.114688 -0.901250 6.418900 
0.478468 -0.646717 -0.299052 0.635441 -7.129834 -4.971856 18.783081 
0.165293 -0.800269 0.772175 -0.304358 -5.352200 -1.555774 4.201635 
0.493788 0.650295 -0.149476 -0.833384 2.470185 -0.202263 4.870000 
0.252788 -0.280415 0.419276 0.978788 -12.092293 0.211328 20.285356 
1.145613 -0.641830 -1.404328 0.771560 -12.058389 -2.655319 -1.832759 
0.388183 -0.082310 1.220537 1.577635 1.497377 5.232231 0.200858 
0.094407 -0.783715 0.883707 0.201489 -4.060011 4.480617 -4.321323 
0.126740 -0.512301 0.696148 0.261425 -2.928077 -16.450072 2.255805 
0.323270 -0.622505 0.077478 -0.658476 -0.583135 6.523302 3.708303 
0.198042 -1.787940 2.943665 0.193212 -14.292918 10.767747 4.126905 
1.167561 0.441742 0.533151 -0.576387 -1.282953 12.990778 -6.201424 
2.697368 0.455837 -0.154510 0.898848 -0.137753 -0.434558 4.148947 
0.376011 -1.528331 0.211265 -0.154476 -2.571106 8.038252 4.748241 
0.588263 -0.665256 0.662385 -0.919836 -5.795126 10.719401 -3.179540 
0.138650 -0.078571 0.804432 0.864405 -13.041629 -4.689683 16.217772 
0.373816 -0.099207 0.648271 -0.355136 -4.876286 8.575726 -21.517984 
0.401930 -0.378355 0.602316 -1.030030 -1.585704 -5.503042 6.018461 
0.263064 0.134896 -0.193173 0.442382 -12.965786 -5.126769 2.484707 
0.459762 -0.700712 0.748582 1.044142 7.927429 14.810465 1.516377 
0.328088 -0.990617 -0.404355 -0.121672 -9.882515 -12.275558 0.572717 
0.860282 -1.160752 3.938438 -0.595446 -10.131623 19.378702 -2.541399 
0.273055 -0.401579 -0.598232 0.588009 -7.790020 6.018377 -3.201734 
0.396253 -0.836688 0.283384 -0.051113 9.647571 12.057634 6.164210 
0.246288 -0.701842 0.216503 0.429462 -3.618762 -11.866580 9.325184 
0.730294 -1.053724 -0.460392 0.393840 1.647386 -10.555422 -5.958338 
0.278430 -0.797461 -0.156990 0.055881 -6.346706 -17.499502 -7.316448 
0.151503 -0.117776 -0.679129 -2.017204 -3.800177 3.245514 -9.702755 
0.100432 0.390226 0.752721 0.453679 -11.783353 4.878088 9.051848 
0.082624 -0.984688 0.900967 -0.013289 4.314186 16.720817 -6.773078 
0.114711 1.311396 -1.121835 -1.653912 1.107476 -10.911104 -1.866236 
0.192666 -1.073066 0.087084 -1.225069 -14.005656 3.988946 1.556779 
0.287114 1.102156 -1.552000 -0.090526 4.061170 -4.041518 -11.315309 
0.585359 -0.196411 -0.247845 1.067898 -12.185468 -9.512841 -1.765571 
1.376095 -0.049608 0.392230 0.126794 -11.508341 11.575457 0.041390 
0.431641 0.616106 0.046493 -0.798268 -8.161366 14.176349 0.072958 
0.136683 -0.424716 -0.695044 -0.023626 2.591941 -11.116280 -8.799049 
0.323241 -0.506153 0.007851 -0.632113 -15.961437 11.968078 -3.245753 
0.391024 -0.449885 0.517737 -0.311619 12.028810 3.003508 1.103091 
0.112116 -0.392369 0.004979 -0.071577 -4.131980 -12.395961 5.130415 
0.116547 -0.044423 0.000755 0.536088 -4.675340 -17.489718 8.785594 
0.952396 -0.965045 -0.103594 0.163369 -15.324566 7.016736 7.666424 
0.374161 -0.030360 -1.083649 -0.247767 5.778933 -2.020264 3.662564 
0.178419 -1.403212 0.205846 0.025236 -16.656312 2.073736 -2.544029 
0.192961 -0.584120 0.467493 -1.916370 -12.323957 -4.180917 -7.732519 
0.763069 -0.098005 -0.104013 1.113471 -1.540679 -6.960702 -2.237156 
0.181019 -1.647246 -0.370578 0.351761 -15.858945 -11.057186 -6.863328 
0.393969 2.010536 3.147341 0.563439 11.147198 22.187759 9.084960 
0.408300 -0.733916 0.046508 -0.203210 -17.547900 3.553913 0.013953 
0.506972 -0.643895 -0.683399 -0.499618 -13.506669 -2.555980 8.097680 
0.168852 0.117245 0.038868 0.980994 -10.077696 16.903588 5.501897 
0.196085 0.659609 -0.406048 0.053204 4.071159 -3.413777 -0.058810 
0.836938 0.737279 -0.335969 -0.615959 -10.155448 8.652586 -4.109753 
0.701221 -0.714346 -1.097765 -0.108672 -10.883666 -4.264704 -3.986444 
0.263429 -0.435940 -0.192916 0.229674 -7.911924 -11.258722 -1.647700 
0.151360 0.032216 -1.107863 2.178641 -9.900573 -5.821553 5.447039 
0.449375 -0.492542 -0.746791 -0.049827 -11.172751 -10.941114 3.293467 
0.108928 1.347803 -0.630547 1.243158 1.122588 -12.620000 2.066389 
0.090465 0.549821 0.380934 -0.477311 3.357162 8.121234 -15.137232 
0.531060 -0.475805 1.688348 2.473802 -9.270278 9.711921 5.850287 
0.272013 -1.243836 0.138359 0.799889 -2.603675 -7.856639 -5.978123 
0.127889 -0.862849 -0.089138 -0.017173 -18.459022 2.866177 6.084852 
1.070260 0.054632 0.235267 0.218945 6.200797 11.285871 4.746883 
0.111702 -0.715365 0.633747 1.037174 3.223670 3.622144 17.392563 
0.275275 1.438424 -0.298834 0.532631 3.636979 5.560164 -0.058926 
0.433814 -1.312736 -0.120172 0.558152 -9.017432 6.431445 9.878200 
0.121123 -0.832646 0.332449 -1.378386 -7.594186 11.518739 -3.460891 
0.604561 -0.608006 0.734206 1.072106 6.461337 -8.279768 11.249027 
0.672200 0.166610 0.595231 1.635564 -10.339659 5.091011 5.477811 
0.485099 0.475830 2.253958 1.036103 -0.953690 3.448385 7.324794 
0.088968 -1.848586 0.827029 -0.028866 3.933604 6.866052 2.016271 
0.372330 -0.493981 -0.696460 0.125290 0.713823 -3.771768 2.523353 
0.427499 0.684143 -1.081042 1.829326 9.821614 -6.666515 0.736314 
0.148166 0.099311 -1.388195 -0.521490 -8.485794 -3.052083 2.783140 
0.205405 -0.098410 -1.457028 -0.657131 0.665203 -1.309689 4.856004 
0.273438 0.476961 0.905474 -0.109778 -7.960938 12.027288 -2.423943 
0.257004 0.929739 1.086661 -2.179658 2.300535 13.982152 -8.534174 
0.083821 -0.622473 -0.079109 0.896976 -1.161213 -3.936827 -7.420121 
0.673429 -0.055375 -0.226307 1.024067 2.890305 4.971413 -11.547317 
0.093338 0.249614 -0.741006 0.936873 0.764298 10.026171 -5.302613 
0.097693 -0.415473 0.652976 1.282098 -8.228657 3.966977 5.155066 
0.081727 0.318255 0.840396 0.078984 -0.274366 9.437878 -10.650993 
0.417045 -0.003377 0.339315 -0.142815 -15.856807 6.769122 5.495983 
0.387177 0.582169 0.118302 0.010854 11.439272 5.279497 -1.498284 
0.350927 -0.389225 0.894426 0.033635 10.282174 13.558497 -2.916415 
0.081891 -0.873086 -0.161968 -0.526319 -9.136699 -0.181558 14.577307 
0.111530 -0.844228 0.128555 2.006226 -1.685591 -2.990431 6.622813 
0.729211 0.141126 0.130376 0.260892 -6.998404 -2.394970 6.528635 
0.081209 -1.102858 -0.277462 -0.047686 -19.475835 -3.600786 -9.562519 
1.066327 -0.134839 0.721742 1.116554 -11.629304 -1.063537 13.163121 
0.844840 -0.472900 0.513367 0.062588 8.384971 7.817863 -4.904613 
0.286414 -0.523409 0.306898 -0.621958 -12.384003 9.141003 -9.526682 
0.108220 -0.504890 -0.961000 -0.328252 -13.369614 -4.949531 -4.642849 
0.106446 1.641491 0.133493 -0.001773 8.660076 9.358385 0.588364 
1.618982 -1.046733 3.007319 -0.503349 -11.942586 11.218990 -6.689754 
0.126190 -0.606834 -0.375510 -0.380502 5.610077 -2.099236 7.709071 
0.666898 -0.591624 0.017974 -0.455627 -10.542918 3.246886 -8.955659 
0.355266 -1.001512 0.070936 0.762136 -13.930919 -1.395625 5.741417 
0.365762 -2.886199 -5.732564 -0.318361 -18.987768 -31.347062 -4.761492 
0.430606 -0.668789 0.187917 0.116778 -18.158257 -12.597365 -0.604673 
0.100431 1.076182 -0.528660 0.766761 11.649017 8.046404 -5.135193 
0.189647 -1.227432 0.585595 -0.057553 -1.579231 7.409963 -4.729155 
0.132254 -0.517913 -0.628262 0.632420 4.129972 -1.331717 -5.223873 
0.500139 -1.565384 -0.371746 -1.585437 -11.508174 3.082774 -2.291043 
0.175237 -0.788972 1.377012 -0.882051 -11.753216 2.613013 -1.296583 
0.123696 -0.718664 -0.473422 0.502201 -8.358715 -16.230242 -1.968167 
0.195281 -0.643293 -0.327873 -1.388576 -1.272296 7.999358 -5.112294 
0.599939 -2.487780 -0.159592 -0.122657 -14.849367 5.498004 -8.567883 
0.192741 -0.597949 -0.045990 0.531901 -6.057095 8.919202 -4.008305 
0.200778 0.896725 -0.376229 0.078100 -7.996111 -12.584486 -1.412005 
0.177472 -0.338335 -0.899727 -1.363091 -4.485624 7.584912 -9.908028 
0.127855 0.338441 -1.451767 0.028040 -0.632483 -0.785569 -6.799979 
0.220526 -0.146212 -0.522836 0.841552 -3.449515 2.871427 -3.384857 
0.627642 0.462151 -0.197708 0.321007 -4.803966 6.876259 -6.906609 
0.637465 -1.080759 1.029004 0.456273 -7.177152 9.698559 1.904779 
0.169117 0.221994 -0.615795 -0.476880 3.218253 9.949321 11.834825 
0.114784 0.052205 -0.706980 -0.179465 3.555078 7.203458 -6.042625 
0.135557 0.159966 0.761689 0.439801 -3.942742 -4.106601 -1.822546 
0.579415 -0.156298 0.385668 0.677385 16.980471 9.105896 -0.819369 
0.624848 1.847089 1.951384 -0.471794 10.314970 10.672871 1.452510 
0.385484 -1.526932 0.526067 1.229449 -1.986575 -6.855846 7.876237 
3.082417 -0.094434 0.344519 -0.270821 11.790514 5.638745 -7.490893 
0.310489 0.166922 -0.176732 1.650753 2.414216 8.196342 10.374033 
0.457154 -0.019666 0.359394 -0.493816 -8.424810 -5.451982 -5.271817 
0.279294 -0.380779 -0.374958 -0.638836 5.093758 -8.628803 -11.743129 
0.089763 0.329391 -0.382697 -0.997781 -5.182713 4.295580 -6.245015 
1.249225 -1.197639 0.812212 0.629028 -2.308471 -4.759048 7.116197 
0.163561 0.736453 -0.787050 -0.224954 -4.174330 3.462453 -3.882273 
1.702665 -0.243569 0.539581 0.974838 4.714017 -4.387267 -5.328184 
0.087567 0.589999 1.638539 -0.272390 4.897320 1.522924 0.052186 
0.192231 -0.017967 -0.042069 0.037889 -6.450319 -12.089834 -6.669685 
0.122081 -0.685553 -0.522044 -0.673100 -18.010922 -2.061744 1.400460 
0.088452 -0.114099 0.467280 0.597707 -5.086776 17.962879 -5.031039 
0.470758 -1.108113 -2.350634 0.696338 -2.677879 -4.046655 6.449333 
0.196106 -0.418661 0.322102 0.332488 -7.990502 4.027397 0.459364 
0.163499 1.970303 -2.998400 -1.038826 13.416095 -15.681860 2.327431 
0.080867 2.516772 2.117875 -2.795506 20.686108 15.661754 -10.933718 
0.223604 -1.508408 -0.115365 0.546858 -8.732349 -0.678521 -7.478306 
0.155926 -1.160136 0.015349 0.869206 2.305886 -5.306456 -5.097259 
0.238387 -0.619507 0.072618 -0.749598 -10.403350 -10.770835 1.285006 
0.106154 -0.357958 -0.503387 -0.777490 -8.719072 -0.617705 0.786779 
0.169911 0.421805 -0.459679 0.157577 4.351065 -8.196395 13.119171 
0.113329 1.044074 0.856796 1.058519 -1.380271 0.577498 14.132945 
0.192419 1.539619 -2.570141 -0.811366 3.092488 -17.869384 -7.253889 
0.594225 0.370312 0.363519 0.660966 4.387066 5.278874 18.368585 
0.085164 -1.061942 -0.188127 -0.190832 -6.944345 -3.373637 14.758606 
0.117057 -0.517310 1.006835 0.522621 -5.427948 2.632169 7.711365 
0.205043 -0.340952 0.883329 -0.342711 -10.259080 1.252345 1.591311 
0.234649 1.078338 -0.337825 0.412011 11.352708 7.480047 -4.556950 
0.487672 0.109151 0.958014 1.409066 -1.657378 2.635596 6.766953 
0.223182 -1.215121 -0.387523 0.237071 -14.060958 9.752977 6.204870 
2.476904 -0.329379 -0.551263 -1.088855 6.038346 8.095287 -6.639989 
0.441734 0.467022 0.586244 0.245091 -10.973242 3.280653 -0.597560 
0.230397 -0.674035 -0.276820 -0.044662 -18.723408 0.062313 -7.623873 
0.689100 3.277518 1.871910 -2.313710 20.122492 6.671997 -8.845666 
0.815528 -2.538036 0.488438 0.949989 -9.353374 -3.102313 9.482490 
0.161492 0.254029 0.081209 -0.319234 0.132419 -12.076380 2.772989 
0.542296 2.713702 -1.035649 -0.532271 6.806469 -7.015062 0.359474 
0.146522 -1.167428 -0.426842 0.306623 -14.393868 -11.377999 -13.541078 
0.256037 -1.224607 -0.560551 -0.781592 4.209709 -9.015791 1.551924 
0.887681 -0.620019 0.329973 1.211312 5.352296 12.408582 -6.662598 
0.101372 -0.315693 0.307867 -0.431867 -6.752667 -6.201387 -5.825418 
0.141931 -0.702291 0.388398 0.078283 -18.911291 -5.123808 0.383460 
0.178446 -0.852350 0.753629 0.619244 8.471072 -2.616809 -1.155045 
0.083374 -0.015393 -0.081314 0.257680 -12.303212 9.417863 17.760756 
0.376685 -0.206425 0.122533 1.009200 2.367526 7.591315 -11.231104 
0.585808 -0.935546 -1.217753 0.818874 -10.981008 4.724183 5.072421 
0.102075 0.517874 1.208761 0.424307 2.942277 2.802261 -4.415169 
0.086694 2.123499 1.718869 -0.019466 13.885106 7.966222 4.405884 
0.654455 -0.048899 0.316676 -0.566833 -0.720090 7.961527 -8.886998 
0.442796 -1.135291 0.126430 0.049346 -7.178268 0.722135 16.113227 
0.103990 -0.374048 0.565541 -0.187267 7.748346 -10.206077 10.623003 
0.137893 -1.452024 -0.236423 -0.058099 -11.807597 6.455364 0.450269 
1.044939 0.536747 0.213286 -0.220180 -12.573067 4.469183 5.592216 
1.025335 0.153244 -0.240318 0.024567 -0.221597 2.438561 11.924344 
0.472835 -1.864583 0.416072 1.053746 -11.449274 4.868708 -5.552837 
0.672168 -2.732875 1.116125 0.964097 -14.052707 0.468543 13.022948 
0.208490 -2.019151 -1.651446 -0.205083 -3.650286 -10.037540 -0.656948 
0.292610 -1.285040 2.161701 1.032586 -4.040973 6.548285 11.508405 
0.111344 -0.264740 -0.163436 1.578030 -0.601672 6.155519 2.325496 
0.466067 0.149405 0.755954 0.217048 -8.018181 9.175530 -11.516784 
0.112109 -0.520286 -0.616257 0.108889 3.051811 -4.494579 3.419101 
1.021373 -1.342615 -0.443372 0.612906 -5.750780 -8.274351 -1.575932 
0.247245 -2.536482 -0.608735 1.673147 -18.442663 0.936880 8.986204 
2.937998 -2.949142 -1.055884 0.632805 -9.898136 -7.259929 9.472261 
0.112201 -0.295386 -0.638032 -0.305047 -11.749889 5.425442 -1.103101 
0.941373 0.034848 0.206004 -0.057646 -2.293441 -10.575949 -3.188091 
0.186332 1.147298 -0.093747 -1.119503 2.372906 3.838349 2.388176 
0.206312 -0.203582 0.800789 0.407121 8.739292 4.211078 12.280125 
0.087521 -0.207775 -0.115070 -0.031685 -6.965599 -19.406445 -10.229217 
0.337060 -0.705913 -0.789407 -0.234497 -12.575897 2.884825 1.000089 
0.506829 0.844427 0.435169 1.328001 5.888126 5.069051 -0.716459 
2.506229 -0.335039 1.588185 -0.153618 -13.437958 -0.142645 5.765737 
0.109658 -0.114667 -0.094724 -0.780209 -14.186110 -3.310374 -1.957140 
0.093631 -1.190740 0.735676 0.516668 -4.127211 3.705543 1.719206 
0.994606 0.208897 0.083058 0.287393 -16.713042 4.334572 -7.496988 
0.184780 1.789553 2.620513 -0.032775 3.615400 8.647894 -1.724865 
0.113864 -0.364921 0.804713 0.215045 -7.141678 2.996139 9.069667 
0.500571 2.867668 -0.541790 -1.699149 19.084987 4.467050 -8.033543 
0.375402 0.135107 0.053588 -0.174488 -8.134836 5.607617 -12.650882 
0.121279 -0.059216 0.049201 -0.771144 -15.038810 3.658967 -8.631572 
0.437171 0.406287 0.051839 -0.778699 -6.628230 -0.004002 1.550014 
0.420529 -0.739037 0.879085 0.046466 -14.179274 5.699167 -1.133783 
0.140832 -0.459859 0.556677 0.445809 -11.783846 9.234660 -7.392499 
0.317286 -0.725751 0.344407 0.072399 -11.583594 -7.454836 5.736219 
0.092539 1.178069 -0.602187 -0.354422 -5.502098 -4.893116 8.091229 
4.198783 0.049514 0.399434 -0.026250 0.888082 2.859882 9.498195 
0.435794 -1.338749 0.174526 0.091945 -13.416749 -5.147115 -3.609243 
0.299195 -0.665786 -0.611416 0.363329 -8.079017 4.839476 11.366442 
0.366428 -1.250292 0.101516 0.884024 1.672897 -5.890956 14.760843 
0.300202 -0.571303 -0.031702 -0.049908 -8.177262 -9.107022 8.419993 
0.585186 -0.181347 0.273216 1.438391 -4.173381 7.972432 10.779462 
0.524509 -0.491642 -0.409938 0.222592 -2.427286 7.694042 2.608153 
0.292083 0.368982 1.956124 0.782920 1.414644 -0.273323 11.486789 
0.107699 -0.375046 1.814991 1.974528 -6.392976 2.801537 10.364769 
0.744916 -0.673611 2.607878 0.697221 0.225110 14.269074 0.757613 
0.131940 -1.221765 2.407752 0.242424 -8.729650 7.701331 1.463633 
0.104491 -1.958992 -0.382131 2.077300 -14.196371 2.836842 10.801489 
0.504475 0.169252 0.004884 0.108755 10.753176 4.434657 1.908170 
0.159200 -0.156195 0.550467 -0.450066 4.993769 8.999240 3.658575 
0.144224 0.647704 3.227293 -0.511799 -1.893522 14.787793 4.295932 
0.221063 -1.026962 -0.007446 -0.149429 -11.525245 -9.804408 13.293188 
0.339783 -0.504110 -0.483001 0.622816 -2.416832 2.276686 13.051807 
2.985742 1.514197 0.441622 -0.168042 2.184573 14.496938 -5.199357 
0.098040 0.491676 0.575923 -0.908472 6.527636 7.178604 -2.146106 
0.364111 -1.043771 0.127890 -0.678288 -2.827751 8.258630 -3.361469 
0.144886 0.634402 0.422227 -0.154052 -4.446805 -4.289599 -9.272818 
0.360597 -0.123684 0.235438 -0.050698 2.607778 -7.358580 7.281673 
0.254317 -1.374939 -0.038589 -1.093146 -1.359786 -7.195775 4.626377 
0.555913 0.340077 0.820255 0.034176 -3.397323 12.044836 0.660349 
0.416651 -2.755674 -0.325939 -0.460879 -9.703888 -5.668196 -5.462415 
0.151008 -0.183477 1.701142 1.643217 0.849436 1.624705 0.200178 
0.577563 -0.144621 0.424022 -0.238764 -2.076888 -6.837884 11.646575 
0.141965 1.793913 0.477740 3.516768 5.413933 -0.397262 20.816830 
0.120024 -1.148432 0.579847 0.557034 -13.012689 8.893438 -3.149430 
0.182852 1.694073 -0.672110 0.076417 9.855847 4.216034 -2.285766 
0.189724 -0.040629 0.396357 -1.322622 -4.460522 3.643578 -3.542728 
0.150160 0.076217 -1.456880 2.070730 -4.255097 -7.922725 11.738328 
1.373741 -4.114802 -0.484157 1.856709 -19.710140 2.196478 8.574850 
0.283453 0.091492 0.031164 0.357055 -14.860285 3.877629 -13.346135 
0.170281 -0.255073 0.958356 0.910838 8.253404 14.030935 1.447134 
1.505698 0.431650 -0.114018 0.118571 14.796382 -12.026245 -1.959086 
0.360047 -1.299550 0.046875 -0.436507 1.904571 -5.716090 1.841244 
0.588861 -1.171169 0.666103 0.454863 -9.501519 18.422521 8.041651 
0.381565 -0.893457 0.621446 0.340407 3.410692 16.785488 -5.946955 
0.166121 -0.218241 -0.820731 -0.204574 -3.459428 -1.631486 2.996973 
1.652096 -0.928799 0.903568 -0.113283 -10.963373 9.383468 -1.380126 
0.215498 2.975492 -2.142687 0.778924 15.871863 -5.583199 0.713382 
0.524663 -0.492812 -0.190718 0.318952 0.321433 -8.098231 -11.480781 
0.489037 -1.227895 1.013831 0.001248 -4.781645 1.544190 7.699446 
0.247044 -0.818560 0.367882 -0.235026 -3.400694 4.366463 -14.537219 
0.408569 0.485127 0.529025 -0.274819 7.572847 -1.226755 -7.776654 
0.429966 -0.469508 0.259808 0.091774 4.252237 3.074275 -6.558326 
0.205030 1.415477 -1.265051 -0.037998 -0.354122 -5.792193 -3.425968 
0.104504 -0.277132 0.235611 -0.184412 -15.146450 1.848161 14.991193 
1.704172 0.297504 -0.482431 -1.612653 -3.993089 6.435389 -1.432663 
0.208973 0.686044 0.743524 -0.954711 -1.088791 -6.583772 2.612453 
4.631110 -1.363977 1.170263 1.390646 -0.807155 -3.976436 8.297981 
0.135103 -0.034213 -0.554278 0.030678 1.940959 7.587137 4.360248 
0.169606 0.444750 1.315073 -0.033572 -3.739849 4.022399 -10.891527 
0.567692 -1.571112 -0.732222 -0.673690 -6.086973 -9.631789 3.942881 
0.214292 -0.512911 0.236307 2.044974 -8.848135 6.059043 7.782588 
0.450345 0.078239 0.732195 0.988237 3.568501 5.996113 18.559917 
0.407103 -0.540528 -0.073062 0.632620 -3.082058 -4.821920 2.898677 
0.846636 -0.925991 -0.259377 0.249531 -13.562027 -11.160052 5.194840 
0.123163 1.105121 -1.195841 -2.407144 2.576287 -7.456396 -6.800544 
0.120648 -0.525946 0.074260 -0.627342 -7.061666 -12.189035 7.308123 
0.387333 -0.948186 0.572966 0.738418 -12.500771 -11.234764 5.893282 
1.095352 -1.181012 0.409009 0.655883 -16.107151 -4.694717 -4.445703 
0.212730 0.276242 -0.410729 -0.192428 -3.987075 2.718039 9.691547 
1.575080 -0.287423 0.953546 1.435351 1.380636 -5.583222 10.093211 
0.102042 0.272676 0.223457 0.956316 -8.085786 -5.675928 3.414984 
0.606266 -0.168733 0.375877 -0.097101 5.118612 -8.889280 -5.384364 
0.250734 -1.213814 0.172566 0.122434 -17.293432 1.397020 2.198154 
0.184902 -0.409422 1.245604 0.310759 3.386134 15.625512 1.126495 
0.348863 -0.417022 1.522294 -0.106717 12.086051 6.078492 -3.437548 
0.127948 0.016737 -1.020679 0.906214 -11.666565 -1.869474 -0.575621 
0.127545 1.110998 0.736895 2.776024 -0.394557 10.194792 13.675549 
0.089378 0.944243 0.427270 0.631579 -1.094638 -9.462720 -3.098381 
0.220514 0.582749 0.102314 -0.247015 0.520515 -8.867871 -14.316876 
0.195396 -0.170839 -0.833487 -0.550610 -16.563149 0.105764 -7.439931 
4.245083 -1.107746 -0.151987 0.126942 3.557657 15.515937 -9.006417 
0.095817 -0.206642 0.261323 -0.365144 6.372388 -2.793402 5.895023 
0.569763 -1.311174 0.013811 0.339266 -4.578083 -10.742469 -0.413873 
1.098164 -0.640131 0.924497 -0.110226 -5.208705 9.837640 -1.229448 
0.538990 0.298109 0.284112 0.620660 -1.546057 -4.520563 3.270620 
1.288776 -1.240998 -0.019624 0.246964 5.473834 -2.116561 -1.648360 
0.193816 -0.497276 0.541985 -0.547897 -6.845604 -3.050074 -4.799995 
0.378483 -0.618720 0.824771 0.314963 -17.577718 -10.706940 3.913071 
0.130333 0.087670 0.570944 0.288491 10.547777 -8.161918 -3.887066 
0.235233 -0.117852 -0.478513 -0.185436 -2.184050 -8.226075 11.975095 
0.474050 -0.672320 0.163803 -0.288018 -9.272685 -2.999149 10.541410 
0.170650 -0.481530 -0.612360 -0.284440 -10.648714 4.307601 -2.968113 
0.551803 -0.562210 -0.272640 0.371788 16.915065 6.310514 -3.575050 
0.131497 0.341881 0.003423 -0.214962 -3.328373 -11.981891 -7.296048 
0.367063 -1.283779 -0.278031 -0.031635 1.828797 -10.212185 10.335176 
0.237052 0.003117 -0.083063 -0.143800 -5.124806 8.568361 6.898580 
0.979329 0.382842 0.135373 -0.313194 -2.834192 5.415787 -14.723779 
0.113309 0.646733 1.056775 0.040785 -4.371777 9.541358 0.095571 
0.202812 1.722064 0.644042 -0.798145 11.609838 1.921387 7.434366 
0.145792 0.136470 1.026346 0.074711 -3.823845 -1.978655 2.940380 
0.206856 -0.408318 -3.513772 -1.896344 -7.961731 -20.281409 -10.692154 
0.534870 -0.020863 0.774010 0.045203 6.391351 0.875797 7.065164 
0.091732 -0.681339 -0.684375 0.551343 5.101393 -9.955788 -10.510294 
0.094435 -0.545520 0.705346 0.668542 -6.351628 11.373169 -11.796017 
0.106821 -0.498662 0.742285 0.079783 -10.613501 9.986316 6.012553 
0.443043 0.814311 0.578614 -0.158991 -0.257907 2.404135 10.723753 
0.087582 -0.883454 0.094376 -0.183660 -6.471551 10.007702 13.540135 
0.159466 -0.197109 -0.163541 0.648111 10.231265 -0.140184 -1.677422 
0.829727 -0.490771 0.521619 -0.657484 -10.320648 6.473564 6.763931 
0.093662 -0.427123 0.121842 1.239176 4.633462 -10.793248 -1.871971 
1.055006 -0.972922 0.438281 0.126551 4.043146 -5.143449 16.933790 
0.290595 0.268727 0.641434 1.389804 -4.711070 14.622072 5.662237 
0.226020 1.036640 -2.433231 4.229730 10.917259 -12.268653 21.192663 
0.258652 0.412535 0.278210 -0.175443 14.592781 2.099099 2.508293 
0.504080 -0.302594 -0.089822 0.751015 -15.965689 7.669541 6.006023 
0.133644 -0.938951 -0.763405 -2.876833 -9.832786 -11.465056 -13.657291 
0.102367 -1.515347 0.213561 0.044178 -8.690234 -3.409320 -3.743728 
0.102733 0.684705 0.167361 0.928371 -3.356674 -5.518374 7.720383 
0.406103 -0.186710 -0.323269 -0.766142 -1.114724 1.566217 -7.986251 
0.170184 -0.517008 -0.178695 -1.206676 4.426287 11.118650 -0.307581 
0.080956 0.863079 2.511028 -1.011267 0.181815 15.896488 -8.144423 
0.171393 -0.703059 1.186689 -0.109550 0.102141 -4.919929 -8.935604 
0.103884 -0.497414 0.354277 0.252267 9.145103 7.052006 4.446934 
0.287723 0.050471 0.335069 -0.126588 -12.803498 3.148431 -9.999898 
0.707610 -0.531491 0.308766 1.535249 -3.015583 4.899077 -2.314329 
0.161798 -1.000097 -0.529972 0.768519 -11.979955 -1.686648 1.774421 
0.495528 -1.783810 2.544677 0.688650 -5.973597 5.420996 0.730079 
0.081729 0.460228 0.768700 1.328610 -10.745857 3.432438 9.650163 
0.498673 0.195592 0.405994 -0.646730 -6.138749 13.716569 -9.413695 
0.189760 -0.018920 -0.011763 0.968614 9.940186 -5.898673 3.653793 
0.174582 1.182362 0.391819 1.011720 -5.360752 -2.010507 6.754073 
1.913197 -0.926479 1.491212 0.091802 -10.291667 3.650488 -0.351391 
0.156957 -0.572990 0.908925 -0.541489 1.074201 -2.111038 -1.311285 
0.318637 0.091693 -0.237898 -0.346199 -11.123090 -16.002802 -0.543011 
0.384886 0.048403 1.065904 0.207530 13.250230 16.456917 3.494971 
0.094543 -0.992879 1.071116 -2.204917 3.631369 9.582580 -8.282157 
0.093801 0.288843 -0.626400 -0.621393 -10.701130 3.087626 -12.911676 
0.259589 0.141763 0.935763 1.449620 -1.150269 0.183897 6.408498 
0.331382 0.182209 -0.004680 0.101387 0.020034 -2.611308 -2.921833 
0.597086 -1.205526 1.698278 -0.410158 1.852876 12.312286 -0.709153 
0.244466 -0.506838 0.824016 -0.397683 3.780644 10.810669 -10.432195 
0.409757 -0.799537 0.350442 1.528794 -11.374346 12.444160 1.680217 
0.703460 0.083142 0.496732 0.983502 11.007438 -8.956140 1.289285 
0.129081 -0.202290 0.338884 0.664685 -12.010592 1.171039 -1.846414 
0.592856 0.682079 1.101033 0.688368 -4.381895 15.181548 -1.129975 
0.598064 -0.749649 0.061240 1.688496 -11.831255 -3.435447 7.411591 
0.315326 -1.534252 0.903161 1.068678 -12.117486 1.392548 2.852300 
0.830552 -0.851745 0.650766 0.036679 -10.232315 6.664137 11.802491 
0.107798 -0.589855 0.700719 0.531476 1.567193 -4.914412 -9.452226 
1.282747 0.488023 -0.706386 -1.109560 8.598331 4.038971 -7.839063 
0.179704 -0.622182 0.391411 1.079591 -7.959466 14.506230 6.766743 
0.226650 -0.328632 -0.767771 0.274169 -12.965414 5.174807 -3.695410 
0.213577 0.319700 1.484904 0.067753 2.568597 6.631963 -4.139387 
0.360054 -1.005112 -0.359933 -0.247657 -1.643242 0.228007 1.625154 
0.590465 0.595840 0.281751 -0.095358 -6.727543 4.598175 -3.103172 
0.323997 -0.451781 2.795519 -1.653215 -3.366575 18.702860 -1.931981 
0.080856 0.936582 -0.516293 1.025727 7.521748 9.319171 -3.603275 
0.143920 -0.283149 1.007480 0.340392 -5.372546 -13.812285 4.418282 
0.128165 0.730290 0.680060 0.603064 -10.618628 5.893502 4.688718 
0.371144 0.006949 0.037576 -0.337280 3.092355 -16.949790 5.227579 
0.145470 -0.335672 0.608875 -1.233495 11.283811 -3.914908 -1.043894 
0.092657 -0.536197 1.549316 0.233255 -3.706162 10.706890 6.071590 
0.587126 2.192981 -1.152197 -1.922762 16.210629 -10.122562 -3.839579 
0.235289 -1.074728 0.383204 -0.307645 -9.471847 -0.330248 -11.825806 
0.569180 -0.699364 -0.152486 -0.256928 -13.780120 15.536973 1.107274 
0.093590 -1.021349 0.668262 0.725252 -8.137502 5.288578 -9.458688 
0.249342 -0.124613 0.273713 0.309033 -2.629240 25.125649 7.340286 
0.543855 2.047904 -0.658087 0.112664 7.980017 -6.416781 6.073899 
0.236315 2.303022 3.182193 -2.139811 14.637110 24.394487 -7.338802 
0.136931 0.173294 -0.943806 0.427203 -2.394191 -15.664165 16.963323 
0.109437 -1.007387 -0.450314 -0.452221 -6.116959 10.278170 -10.243152 
0.915698 0.775017 -0.257542 -0.467263 4.346178 -9.743947 -3.035719 
0.125769 -0.003630 -0.514987 -0.235032 4.463409 3.687919 5.502649 
0.182221 -0.845872 -0.111731 -0.091118 -17.826757 8.340439 0.785011 
0.624303 -0.875379 -0.121855 0.389222 3.759638 2.628704 11.524999 
0.123119 -1.274534 0.613670 0.569694 -2.869934 -1.990430 2.966842 
0.093277 0.305107 -0.406583 0.573865 -4.978427 -7.345557 2.676424 
0.126609 -0.233425 -0.260228 1.087033 9.959796 12.054919 0.864366 
0.342755 -1.106778 1.807313 0.459644 -14.099399 9.573299 1.511890 
0.887808 1.187499 -1.459735 0.339562 0.925901 2.017636 1.755345 
0.718573 -0.192016 -0.487054 -0.599217 12.113299 1.552383 7.484449 
0.789225 -0.113589 0.504455 -0.259234 -1.859724 -13.098226 -0.200992 
0.126531 -0.208796 0.456437 0.701699 -18.127341 1.919797 -2.956670 
0.685572 -0.168465 0.658980 -0.206062 -10.187314 2.765087 -5.593122 
0.342997 0.123012 -0.101873 -0.245931 -21.652661 6.123999 3.137823 
1.141486 -0.279685 0.601232 0.078795 -14.358614 -10.237732 -14.942654 
0.181571 -0.114914 0.053740 1.107372 4.201410 -2.676557 3.893715 
0.271737 -0.390514 0.036106 0.660845 1.779333 -0.938465 -3.705832 
2.465276 -1.209982 -0.163984 0.016744 -2.309272 -9.738529 -3.054294 
0.132761 0.580535 0.305551 0.212217 11.107197 3.563098 15.494090 
0.088416 -0.862673 -0.062369 0.475745 -22.115331 2.352097 1.210851 
0.089291 -0.146296 -0.158512 0.187990 -1.634764 -11.798798 6.638892 
0.263350 -0.685621 -0.278376 -0.558170 -10.480743 -1.690915 -1.625925 
0.423754 0.689104 0.750226 1.256235 -1.524659 16.544551 3.424077 
0.178200 -2.480350 -0.489022 -0.014396 -4.436835 3.766126 0.948356 
0.269147 -0.695780 0.222811 -0.423325 1.458616 23.509775 -0.604601 
1.218772 -0.117274 -0.484304 0.658687 14.337989 -2.749774 5.793756 
0.195759 0.277082 -1.622801 1.069199 -4.460733 -7.040625 -2.104913 
0.310560 0.414016 -0.313568 0.522579 -3.953728 -7.517210 -5.534620 
0.132928 0.112735 -0.051337 0.042389 11.703685 -9.304001 6.238275 
0.130606 -0.213765 -0.254101 -0.463386 0.989854 -13.674360 -12.491402 
0.180981 0.827975 3.252488 2.528156 2.371370 21.355786 16.340266 
8.040799 -0.214468 -0.088659 0.084439 -5.783855 9.618725 0.635381 
0.080873 -1.211443 0.255667 -0.090343 -14.965227 -8.418623 -9.400548 
0.337684 0.461091 0.228023 2.031554 3.787769 -6.171970 2.707039 
0.727006 -1.797547 0.835322 1.000343 -4.102000 -3.215713 7.969622 
0.130102 -0.768662 -0.670668 0.185965 -7.789453 -6.418246 -5.164950 
0.107057 -0.421992 0.202249 1.527645 0.197385 15.958759 7.900252 
1.352041 0.097800 0.147427 -0.728848 7.341591 -1.487613 2.119184 
0.108970 -0.746984 0.595419 -0.428852 7.020064 5.029721 -6.087742 
0.148499 1.745844 0.566851 -1.403319 2.232561 -3.103746 -3.471418 
0.263983 0.065013 -0.001767 -0.040752 -10.202548 18.139741 0.132056 
0.240265 -0.074801 1.291089 0.377007 4.232969 2.196707 3.831678 
0.217954 -0.288301 -0.284241 -0.101987 -4.559916 -0.557183 2.332363 
0.444167 0.089645 -0.433045 -0.502899 5.236053 -16.509884 -1.298297 
2.752555 -0.147384 1.072782 -1.585021 -3.753307 6.214756 -1.151889 
0.266546 0.540061 -0.180809 -0.544003 -4.771940 -4.716577 7.147067 
0.104305 -0.684928 0.534988 0.657030 15.449261 -2.185490 3.961207 
0.144490 0.962931 1.398096 -1.309035 -3.105572 6.467438 -10.944680 
0.094619 -0.219460 -0.041383 -0.315131 -1.311827 4.316150 -14.675157 
0.144851 0.581289 0.207794 1.115204 4.975636 -7.793389 -3.368343 
0.132290 -1.052162 0.739469 1.333788 -9.746873 12.144962 -3.868513 
0.524424 -0.095072 -0.027700 0.791684 -4.889868 7.168275 16.002062 
2.804970 2.245430 0.542173 0.484445 9.223676 1.381527 4.811699 
0.151725 -0.784092 0.346919 -0.342282 -9.215907 2.063177 -11.155521 
0.691052 -0.705995 -0.669065 0.230906 5.090194 2.299330 1.117207 
0.123125 -2.584749 -1.334105 -1.195191 -11.123906 -1.082044 -4.254873 
0.095501 0.103763 0.512390 0.181115 -7.370359 1.025008 -5.418861 
0.082472 0.124432 0.362670 -0.107998 -1.339897 2.977182 -18.382823 
0.088000 0.777437 0.134499 0.764248 7.710966 2.404557 -5.988515 
0.106567 -0.939506 0.419432 0.270575 1.111532 -0.018999 0.171497 
0.083960 -1.028492 -0.598034 1.569179 -8.578869 1.605440 5.868660 
0.444394 -0.050586 0.900021 1.120679 -0.222508 1.632393 7.068336 
2.968598 0.324895 -0.189606 -0.139697 0.957941 3.301437 10.204195 
0.118415 -0.100650 0.026362 -0.389808 17.379381 0.123261 0.282646 
0.123056 -0.389149 0.549656 1.130135 1.269444 13.673102 0.687225 
0.111967 -0.353973 0.924925 0.228513 7.536591 -1.049368 6.807094 
0.095336 0.030788 -0.171418 0.100017 3.572648 4.993774 10.310802 
0.085245 -0.709689 0.046883 -0.495553 2.978880 1.631378 -5.309486 
0.219520 -1.242487 -0.173713 -0.142226 5.987596 7.883097 -4.608568 
0.269315 -0.880757 -0.861362 1.423162 -1.646245 6.582118 0.489075 
0.084729 0.433756 -0.280795 0.842084 3.967885 4.101467 1.364291 
0.193296 0.369799 0.479748 1.066250 -1.110468 19.081244 0.718648 
3.042533 -0.221214 -1.032434 -0.007188 2.178016 -1.672394 13.936874 
1.417540 1.776994 1.804083 -0.148386 4.720009 2.874120 4.093457 
0.348250 0.345317 0.002420 0.652307 3.492278 -0.899204 6.113620 
0.189420 0.719182 0.551574 0.766442 4.303486 6.234739 -2.428754 
0.222484 -0.042816 0.438457 -0.445695 -7.419876 11.364809 -7.855965 
0.319069 0.352241 0.325545 0.112850 3.479098 -3.947532 17.354787 
0.092091 0.152903 0.068218 0.033501 -1.698208 13.047571 -14.151585 
0.486369 0.669767 -0.992233 0.006963 -4.797878 -4.294320 3.719047 
0.293964 0.136060 0.916695 -0.300691 -4.901472 -0.495468 -2.344486 
0.150389 -0.769195 0.671321 0.759646 -1.725467 -0.266356 10.621828 
0.098254 -1.261375 -0.149157 0.787017 -12.326099 -5.252914 7.742899 
0.129777 0.294918 0.264790 0.145353 -1.022586 1.153598 -11.839834 
0.089968 0.189579 0.946196 -0.607508 -11.733164 -2.063730 -10.812748 
0.178187 0.359883 0.165554 -0.006397 -8.279002 -0.602701 5.855074 
0.446547 -0.022213 0.602978 0.132091 7.418067 3.628603 -7.678878 
2.596189 -2.437405 -2.036374 -0.445223 -12.594599 -8.482436 3.713909 
0.941679 -0.046143 0.228194 0.843405 -1.857589 -6.362746 12.588325 
0.357477 -0.225579 -0.502145 0.327633 5.615905 -14.728571 0.791185 
0.233141 -1.021443 0.697765 -0.150140 0.401560 0.561197 -9.888437 
0.109886 0.423871 -0.007711 0.247117 20.374871 3.037692 2.181183 
0.103385 0.445660 0.331428 0.927700 0.162985 -9.247248 6.241407 
0.307529 -1.325394 -1.457623 -1.994768 -2.589088 -8.913377 -2.460632 
0.224214 -0.656076 -0.004676 -2.678324 3.028960 -7.130221 -13.105162 
0.688471 -0.387946 0.648183 -0.235329 -16.144100 12.603711 4.126023 
0.121886 0.367421 -0.583470 0.653950 -3.195832 6.909269 11.067643 
2.036878 2.090320 -1.566407 -0.635620 3.367443 -4.648419 -5.921117 
0.108772 -0.256122 1.495414 0.182696 -0.766724 4.911274 -7.459211 
0.087214 -1.083861 -2.071910 -1.029553 0.188602 -8.078448 2.151318 
1.095005 -0.078637 -0.528356 -0.671725 1.284157 -12.584918 -4.874952 
0.462444 0.341719 0.411290 -1.780368 1.158618 5.434044 -18.023126 
1.195467 -0.270867 1.149251 -0.036118 -6.057227 12.262791 -6.220872 
0.124532 0.825064 0.488630 -0.265962 7.217859 9.345033 -8.653037 
0.239527 -1.035800 -0.230054 0.928919 -12.141011 2.996954 5.745058 
0.513647 -0.356111 -0.321476 -0.363158 -14.644978 1.535208 -17.958115 
2.322161 0.602633 0.125408 -0.881813 6.402299 7.324890 9.333541 
1.749945 0.151154 0.421606 -1.784534 3.491220 7.974895 -33.185004 
6.427225 -0.303043 0.743711 -0.222098 4.393380 -0.394888 -1.496438 
0.187473 -0.617896 0.265613 0.907038 -4.083609 8.736678 11.601479 
0.080411 -1.246208 1.501265 1.100472 -1.321870 2.748211 0.859924 
0.084886 -0.908975 0.129773 0.498685 -2.162616 2.164203 7.727277 
0.210734 0.271640 -0.438812 -0.032829 2.718540 -4.828037 5.403183 
1.039799 0.351940 0.480555 1.451937 -7.405331 4.502910 7.339557 
0.589256 0.414283 0.199133 0.235529 -5.734480 7.846070 -6.271145 
0.193774 -1.173540 0.079745 0.794569 -6.439843 -15.248415 8.721560 
0.204408 0.328694 -0.326671 0.511840 -0.713417 0.252783 11.950364 
0.203976 -1.027424 0.182661 -0.484486 5.643120 -4.475926 -8.635653 
0.100379 0.039162 0.240311 0.011851 2.183285 5.910182 -6.671932 
0.224716 -0.225941 0.386646 1.594584 -8.820283 10.463585 -0.447271 
0.736908 -0.750740 1.858249 -0.290926 -11.071426 7.251670 -4.898880 
0.183623 0.938033 0.278872 -0.572357 -3.274753 -3.133905 8.799775 
5.763363 -0.404738 -0.304254 0.117503 4.675758 16.504683 7.110084 
0.155563 -0.210835 0.648997 0.202269 -2.452288 2.531316 -9.036215 
0.205052 -1.412844 0.194809 0.904717 -5.070497 -10.819114 5.595930 
0.256881 -0.616767 -0.810270 0.914748 -1.403303 5.099913 12.713629 
0.383592 0.000353 -0.644341 -0.816826 -3.618610 6.871604 -14.603802 
0.115189 -1.363649 1.654249 0.668351 -5.040032 3.410174 15.840570 
0.144188 -1.177851 0.624871 -0.230031 -3.516828 6.591011 -8.608653 
0.208231 -1.381776 0.522907 1.488148 -5.958966 -2.119047 4.010911 
0.523071 0.148874 -0.156066 0.724798 13.998829 3.229855 8.866786 
0.460238 0.688617 0.016552 1.416499 8.660063 1.955279 -6.691760 
0.500482 -0.512585 0.647768 0.302893 -9.739612 -9.216638 14.440766 
0.190881 1.571921 0.436327 1.708643 13.547467 -2.856363 3.229780 
0.095002 -0.366194 0.174410 -0.081855 -8.709092 -16.928414 -0.883957 
0.282526 -0.815964 -0.028526 0.694228 -18.415308 3.059720 -0.408662 
7.200905 -1.272699 0.519601 0.643516 -6.313346 2.409238 -11.347628 
0.639887 -0.333984 -0.262142 -0.416089 11.506428 -9.642738 0.048301 
0.088337 0.052944 -0.335343 -0.040073 -3.612914 7.131596 1.630272 
3.427020 0.056795 0.122714 0.376378 -13.072013 5.298210 -13.234697 
0.286232 -0.782852 -0.223267 0.803258 -2.911432 8.761611 2.772743 
0.111446 -1.157784 0.457914 0.992860 -8.908925 -4.946148 -5.350163 
0.194955 -1.370218 0.050068 0.313886 -10.261381 -4.916797 -1.415893 
0.190041 -0.402289 0.423878 -0.138935 13.842481 2.962643 3.377325 
0.170109 -1.685688 -0.116134 0.642930 -5.208610 -8.767896 -3.770536 
0.162386 -0.970467 0.662911 -0.223802 0.004142 2.071247 -1.423703 
1.166044 1.243459 0.857859 2.452866 2.728288 12.707712 12.168102 
0.584740 0.968869 -0.031838 0.339707 -10.899985 -3.043692 -3.135282 
0.396613 -0.778012 -1.054402 -1.090628 -7.893881 7.714667 -2.566667 
2.418064 -0.144921 0.687281 0.184333 3.861540 3.553378 0.993343 
1.010429 0.742950 -0.450094 -0.106410 4.139184 -3.902265 -4.908147 
2.532142 -0.525849 -0.211286 0.195460 18.437389 -0.949181 4.513768 
0.107929 0.093613 -0.109884 0.171389 -11.657886 -15.605579 -13.858112 
0.167175 -0.026102 0.031124 0.090979 12.632198 4.078720 19.115588 
0.254952 1.632359 -0.428451 -1.037496 1.520552 6.536230 -5.942552 
0.429694 0.766931 1.000977 0.434702 0.827550 7.051500 -7.029880 
0.496826 0.562439 0.591571 1.131048 4.042158 8.881564 11.772780 
0.121547 0.617150 -2.874056 -0.007016 -0.708375 -18.411711 -4.208699 
0.215928 -0.417969 2.084370 -0.087780 -4.023220 14.326225 -3.581506 
0.270339 -0.709023 -0.778917 -0.368964 -2.940902 -15.751855 -6.815551 
0.080083 0.482105 0.052817 0.299830 3.893092 -4.892354 -13.924578 
0.272801 -0.088067 0.434538 0.244473 -19.283638 5.881828 -3.047193 
0.248941 0.655656 0.008472 -0.127228 5.580436 12.790660 -14.354703 
0.198171 -0.298353 0.280166 -0.218100 -0.755065 16.593256 4.737280 
0.125940 -0.560387 1.457822 0.143663 -7.088242 6.190814 -3.007417 
0.397489 -0.164507 0.234047 -0.031275 -13.888818 7.290664 -8.241619 
0.109822 2.266634 0.153280 -0.613670 10.951990 -1.584554 -7.890459 
1.950578 -0.044990 -0.610813 0.682580 3.745131 -10.957735 2.732096 
0.085723 -0.120959 0.719513 0.930460 1.479451 1.985214 -1.028319 
0.261677 -0.244751 0.281776 0.715961 -8.417497 -0.547953 -0.860683 
0.410668 0.098869 0.312955 0.879115 3.025546 -13.394368 -4.483151 
0.278253 0.599599 0.252187 0.793779 -1.812265 7.093767 -3.193585 
0.362834 -0.982650 1.103782 0.314450 -0.423412 4.063294 -1.992550 
0.191416 4.500806 0.996437 -0.461951 25.629834 11.647086 -4.146473 
0.204516 1.009075 -0.320104 -0.493606 -1.126589 4.696573 8.513213 
0.119244 -0.475730 -0.439941 0.447726 -8.095649 -18.692836 -7.723990 
0.394798 0.031574 -0.178071 0.727692 -3.299368 5.006605 10.862085 
0.108074 -0.307471 0.866001 -0.775884 -3.287856 1.139332 3.569477 
1.687457 2.111430 3.161069 0.523311 11.119712 12.037236 6.698110 
0.142585 0.056675 0.993716 0.216136 -1.062801 13.008020 9.673661 
0.999592 -0.841872 0.704212 0.143442 0.017210 -2.102693 7.932724 
0.835224 1.261956 0.843289 0.068778 -5.030282 12.738674 2.929428 
0.133760 -1.214273 -0.549098 0.655943 1.858240 9.435367 6.747357 
2.914902 1.248689 -0.729307 0.124594 2.369271 -2.138425 0.144423 
0.289537 -1.087166 -0.237786 -0.018814 -0.179507 13.449749 2.438839 
0.111589 -0.245744 0.121902 -0.400665 -4.555900 -4.528380 -5.140091 
0.666435 0.078708 0.722377 0.599453 -2.684157 -7.795098 0.519399 
0.118124 0.440483 0.655894 0.217733 4.588547 12.465161 -9.232942 
0.082017 -0.622808 0.599185 -0.253373 3.923843 -3.927268 -5.413180 
0.384643 0.708834 0.349796 -0.122267 6.462378 10.883076 3.429957 
0.170390 -1.360727 0.144648 0.559778 -5.076438 -7.080485 -5.231337 
0.164634 -0.091654 -0.562320 0.979490 3.157000 -3.934730 1.583888 
0.710018 -0.729040 1.340059 0.810982 3.443335 -1.441625 0.230526 
0.490174 -0.124507 0.904411 -0.615680 1.465661 11.067493 1.982911 
0.209872 -0.655197 1.029326 0.662853 -2.767428 10.356397 -11.825242 
0.191407 -1.700273 -0.886882 -1.864719 -0.804946 1.123555 -9.532890 
0.086220 1.189268 -0.203581 0.940419 -0.628777 -1.950888 7.407119 
0.253249 -1.229733 0.776869 0.108415 -14.468069 0.907841 -4.045386 
0.443660 -0.603210 0.243406 0.349635 -14.609511 -7.882598 3.801386 
1.478874 -0.279812 0.632660 0.437877 -15.701511 -9.127748 -3.979392 
0.997008 -1.407217 -0.369856 0.098108 -9.443254 1.009320 3.025285 
0.119733 -0.222213 0.229873 -1.068106 6.741479 -6.990528 6.301466 
0.155712 -0.307942 0.702114 -0.218573 11.381405 18.923414 -16.550288 
0.248140 1.626001 0.429024 0.219348 3.622727 4.398570 2.226358 
0.211986 -1.138790 -1.494181 2.394201 -6.616090 -8.125182 4.213601 
3.164370 -0.233464 0.380283 0.916760 -10.507710 -4.059180 9.456838 
7.811175 -0.149341 -1.019645 0.804079 -2.538195 -17.352168 14.080694 
0.119711 0.503518 0.060373 0.694540 7.477562 -0.275733 -7.218295 
0.081905 -0.543195 1.890028 0.498530 -5.398352 -0.411000 3.368688 
0.128974 -0.940436 -0.803497 0.178677 -2.842688 -0.925799 -8.319312 
0.098410 -0.691537 0.651299 -0.158171 3.804654 2.091247 10.649010 
0.208666 -0.147390 0.685053 1.115875 4.805864 10.032559 -4.162625 
0.338702 0.406958 -1.049382 1.307905 7.361330 0.717293 9.960379 
0.270406 0.611513 -0.331659 -0.586433 13.387008 5.881585 7.301689 
0.261780 -0.050064 -0.148532 0.919838 -2.881058 -6.984007 9.467739 
0.198271 -0.385427 0.560122 -0.388226 -9.789349 0.017604 1.459884 
0.547947 0.742713 0.663844 0.637227 3.353408 6.557758 0.777644 
0.084496 -0.585442 0.201420 0.940741 -1.328292 -17.037801 3.418322 
0.547853 -0.009977 -0.456900 0.045984 -11.931228 8.125790 -1.523750 
0.124445 -0.935363 0.844192 0.082926 -12.378182 4.706584 -10.310833 
0.573077 0.002722 0.001746 0.370689 -1.138536 -10.383835 8.533548 
0.415176 0.272282 -0.564201 0.231406 -4.352411 6.548595 9.677678 
0.878922 -0.540829 -0.742091 -0.390980 -6.140659 -11.227247 12.129001 
0.094683 -0.399897 0.457173 -1.359789 0.623752 -8.152215 4.143957 
3.025229 -0.328968 1.840844 -0.363678 8.496170 1.340560 -2.840956 
0.102725 -0.731229 -0.736902 0.667028 0.762859 0.367113 10.041438 
1.385436 -2.154676 0.979640 0.753788 -2.905059 11.162664 4.835728 
0.188343 0.854272 -0.173829 0.760295 -4.155626 4.176834 4.773132 
0.308804 0.513067 -0.488493 -0.248581 -1.879721 -13.770423 2.472933 
0.266901 1.911763 0.983851 0.479480 11.814933 -2.729804 1.935389 
0.352073 -0.511436 -0.266632 -0.301409 -10.698870 2.840194 18.451478 
0.588656 1.272079 -0.892225 -1.484362 8.414548 -1.197943 -1.916701 
0.105091 -0.197454 0.547212 0.045892 -1.699307 2.198911 -2.050042 
0.147682 1.031599 -0.499775 0.250885 -1.392897 -4.808526 14.119404 
0.179358 -0.996756 0.716281 0.602316 -5.719988 2.290802 12.289344 
0.522896 -0.117043 -0.610503 -0.185549 -11.524233 6.981699 -0.189326 
0.141510 0.727223 -0.406180 -0.055469 -7.602943 2.293383 5.609897 
0.105633 0.444523 0.070637 0.600183 8.151776 3.859827 -1.022844 
1.115389 -0.391724 0.024436 0.720700 -11.855650 6.913903 4.278857 
0.100224 2.355019 -1.756883 -0.611385 5.434506 -7.826840 -9.689009 
3.043771 1.785705 -0.474648 -2.011188 7.702526 -2.668051 -2.460334 
1.677124 0.130053 0.077030 -0.298030 -8.033715 18.336469 -10.269173 
0.154714 -1.610544 -0.761764 -0.517136 4.575180 -0.704485 -1.567764 
0.509531 -0.142373 0.322717 -0.116980 -13.109738 -6.000045 -10.496423 
0.118595 -0.252500 0.324932 0.123334 -18.112623 6.988985 -12.957020 
0.192470 0.813530 -0.386162 0.549537 -6.208114 -0.568091 -0.353085 
0.156661 0.074610 0.129414 1.652008 -0.493594 13.282865 0.462430 
0.269171 -0.847718 -0.107322 -0.284553 -8.529122 -4.056581 8.359773 
0.275015 -1.288431 0.424390 -0.257265 -3.693751 -2.844107 -5.894593 
0.133107 -0.445250 0.283349 1.100820 -1.002863 -1.197452 4.309684 
0.116244 -0.153739 -0.567475 0.182131 -12.064496 11.391522 -2.998805 
0.262815 -0.859327 -0.969337 -0.153881 -3.803081 3.204242 -10.370855 
0.152197 -1.509004 0.451678 -0.909709 -14.092495 1.842780 4.484874 
0.591538 0.334650 -1.298429 -2.089494 -3.902025 -2.873302 -14.554977 
0.273814 0.444605 0.751318 0.197086 7.196044 11.689868 -0.738382 
1.296377 -0.753369 1.366656 0.595500 -8.021484 1.832293 0.391569 
0.625099 -0.012633 0.464955 1.233358 -2.916271 13.608826 4.471262 
0.953431 -1.587225 -0.762708 1.825704 -2.698747 -1.704486 9.176364 
1.362864 0.529174 -0.377328 -0.326839 5.538298 -11.057661 2.364904 
0.388981 -1.426332 -0.176191 0.557139 -7.861433 -5.944835 -5.968095 
0.178332 2.703555 -0.052857 0.308732 15.255003 6.132183 6.912947 
0.372184 -0.159639 -0.296771 -0.249519 8.104377 9.769125 -10.676544 
1.884918 -1.397645 0.052882 0.554231 4.955941 -1.793413 7.757017 
0.093160 -0.483747 -0.513071 -0.169610 11.359090 5.458455 12.647113 
0.093696 0.069536 0.264134 0.299359 -9.139276 15.707190 -5.816524 
0.080850 1.869316 -2.068252 1.759246 2.913773 -13.589744 9.046342 
0.277717 -0.053030 -2.277166 1.900833 0.783683 -3.056505 12.292996 
0.330199 -0.644290 0.685102 -0.196497 3.038636 -8.164664 -8.355969 
1.020862 0.313787 -0.446606 -0.000183 -11.330514 -8.918167 -3.693798 
0.554068 -0.735469 -0.222951 -0.142657 1.091862 -9.950104 -9.137787 
0.410517 -0.594678 -0.006974 0.680427 -17.401722 4.119234 -7.143176 
2.241100 -1.374575 0.665434 -0.054313 2.495975 4.104380 -6.151024 
0.769947 0.286104 0.194598 -0.713316 10.455052 10.408140 -0.800320 
0.085466 -1.239288 -0.757704 -0.056575 -12.811357 0.335253 4.939120 
0.645582 0.036825 -0.059088 -0.554083 7.846518 -6.232496 2.880479 
0.291207 2.162202 -0.024972 -0.749531 10.294455 -1.686848 -3.071149 
0.780826 0.458963 2.227643 0.573549 -8.935719 10.745837 4.102109 
0.178041 -0.039468 0.305926 0.451024 2.387986 -2.453331 -9.505367 
0.111657 -0.368508 0.491006 0.486568 -12.912587 -1.735378 -7.872449 
0.141933 0.415732 -0.560193 -0.670171 8.228184 0.662833 -6.936088 
0.503658 -1.029956 -0.679779 1.278299 -11.024032 -2.656691 6.699753 
0.266518 -0.343219 -0.882961 -1.038341 -13.103249 1.127524 1.353168 
0.136578 1.349428 0.575947 0.370970 2.093800 3.759716 -2.091319 
0.126498 -0.769026 -0.756144 -0.353587 4.083715 -1.571090 4.602405 
0.081261 2.157628 0.005073 0.089727 6.698015 -10.674904 -0.933174 
0.167252 -0.077854 0.055642 -0.188609 0.925630 -0.510336 -1.687511 
0.607244 -0.525351 2.328228 0.462178 1.046211 1.514941 -1.575055 
0.266741 -0.821281 -0.208391 1.036789 0.475835 -7.297345 2.732838 
0.157175 -1.556808 -0.747442 1.740028 -18.817411 -0.802554 3.593575 
0.366807 0.319316 0.194949 -0.482458 -3.888112 12.595172 6.239582 
1.030213 -0.588053 0.354368 -0.397430 -5.940920 -1.250498 -11.231286 
0.140945 2.162930 0.923855 0.807866 4.710737 -2.004954 8.467147 
0.288794 -0.716180 0.599398 -0.519944 0.030659 6.007655 7.040172 
0.182724 -0.658452 -0.202305 -0.363248 7.250628 -16.344455 3.098163 
0.115248 -1.400723 0.993972 0.666801 1.857599 -4.450027 5.990816 
1.012019 0.195816 0.569534 -0.598435 2.149726 2.519410 -5.040198 
0.292049 -0.368941 -0.484916 0.483106 11.496591 4.233431 -1.423862 
3.273691 0.025401 0.025348 -0.073078 -5.903232 4.195270 -11.049501 
0.507219 -1.418857 0.268494 1.546396 -7.990363 -10.192947 7.473960 
0.325723 -0.146005 0.413501 -0.357796 18.873754 -3.207927 -4.048738 
0.153073 1.581334 1.190201 -3.820412 10.709457 0.021361 -25.285546 
0.229855 0.217711 0.112328 -0.350708 -11.957089 -6.270453 -9.230104 
0.196589 0.037216 0.299863 0.287655 -7.059201 -2.808441 11.640012 
0.095001 -0.639449 0.411782 -0.877819 -5.985541 1.655484 6.163691 
0.458870 -0.153183 0.162563 0.091568 16.648240 13.376868 5.323582 
0.085890 -0.311928 2.329274 1.649651 3.534416 5.165640 13.974833 
0.170408 -1.221789 0.541487 0.810765 -9.471725 -5.958706 9.394586 
0.130084 -0.447231 0.803390 -0.192232 -4.650211 14.397716 -1.945222 
1.384359 0.226635 0.707188 0.404974 1.524404 4.582529 -6.958420 
0.642711 -0.608020 0.580957 0.659121 -3.888495 -3.563513 7.678996 
0.176254 0.441840 0.893944 0.567995 10.140000 12.853531 -3.262443 
0.156623 -1.368018 -0.060114 0.559661 0.603817 11.286598 0.468666 
0.874755 -0.823889 0.110274 0.485021 -3.148106 6.388489 2.018963 
0.628183 0.031708 -0.708496 0.271805 -2.076720 -1.459434 -10.573454 
0.127719 0.470973 -0.456012 1.686321 -8.372159 -1.025259 13.052806 
0.209256 -0.993377 0.364286 -0.294213 -1.165663 5.401162 -10.335752 
0.393003 0.012226 0.148203 -0.408725 -13.139496 -3.346730 -3.625278 
0.395444 -1.301314 -1.584362 0.010959 1.001164 -0.252986 6.210551 
0.150757 1.164192 -0.862665 1.342046 11.034754 -0.172817 3.698996 
0.613619 1.854713 -0.557114 -2.166002 6.900356 -4.856401 -13.559159 
0.371705 0.015693 1.147761 0.559340 -14.548057 8.040317 -1.619801 
0.128172 -0.479074 1.185594 1.362800 -7.390892 2.114085 11.815642 
1.227367 -1.418315 2.209108 1.075212 -1.482454 12.375240 7.251001 
1.287495 -0.498193 0.575382 0.272734 -1.108310 9.141576 -3.332833 
0.285623 -0.576441 -0.811192 -0.613378 7.029840 -1.947025 0.216430 
0.186793 -0.746239 0.712988 0.129807 -1.531245 -6.558643 11.268338 
0.151928 -1.170172 -0.186524 0.167357 -18.328202 -5.163208 3.313377 
0.107729 0.066904 0.421045 -0.349220 -5.908245 20.916290 3.186365 
0.789450 -0.443810 -0.755841 -0.399812 -5.508745 -16.661541 -9.593095 
0.417882 1.109159 -0.028494 0.483339 -4.739090 -4.185778 14.332507 
0.415458 -0.490558 -3.476579 -0.327196 -5.618235 -14.266767 3.615627 
0.510419 -1.098666 1.039624 0.292178 -16.239148 3.216654 -3.807891 
0.130425 -0.672839 -0.387883 0.216245 -10.728633 9.608450 -13.831140 
0.312402 0.628530 -1.081345 0.092668 4.417400 -17.807720 4.931100 
0.489643 -0.148051 0.705391 -2.883982 -3.760823 5.457058 -9.077306 
0.449688 1.156880 1.145784 0.678524 3.211016 11.119588 -7.331986 
4.640213 -1.795820 -4.282723 -5.422738 -7.543918 -23.171049 -32.891871 
0.102329 0.428829 0.691103 0.472010 2.229390 11.604204 -11.069033 
0.088752 -1.500181 1.122045 -0.068224 -0.431994 10.907625 -7.915052 
0.124181 0.749851 -1.164079 0.194359 1.294436 1.855297 -6.159319 
0.142677 -1.111167 0.409439 0.028855 -9.549753 10.517518 12.571905 
0.646196 -0.357847 0.420445 -1.295803 7.202634 -8.090959 -5.437258 
0.112694 -0.440253 -0.814397 -0.329826 7.117943 -0.524367 -4.454832 
0.176104 -0.884833 -0.192907 -0.183703 -12.116790 8.275325 -13.474968 
0.106965 -0.568139 0.753394 1.438763 0.268133 9.784102 6.060521 
0.330430 -0.291719 0.044268 0.142272 14.860021 -13.188259 0.405775 
1.059937 0.510404 -0.121056 -0.656078 -7.500280 3.556183 1.846686 
0.446854 -0.240854 -0.200297 -0.216817 -4.642227 -12.640935 14.044675 
0.249843 -0.834762 1.513142 0.717201 -7.559338 3.929301 1.467837 
0.126972 0.131762 0.399344 0.648227 7.654539 5.270015 15.544983 
0.148713 0.430865 0.306582 0.329898 -5.936202 -0.545675 -9.155574 
0.153845 0.769552 0.812159 -0.334357 -6.439310 -3.011366 -0.145385 
1.523067 -0.290266 -0.646477 0.197072 -0.906803 4.442586 -3.109922 
1.665441 0.017565 0.455581 -0.767914 -7.062570 15.342885 4.174043 
0.167356 -0.272483 1.183484 0.881799 -11.499191 2.439533 2.662096 
1.433413 2.781691 -2.207902 0.005829 8.239058 -13.788896 1.538558 
0.264805 -1.375745 -1.125624 0.421859 -7.030444 6.196300 3.481966 
0.110793 -0.023869 0.854655 -0.870390 1.374448 0.540582 -0.949460 
0.180061 -0.291486 -0.594139 0.272112 0.383872 -10.505360 -1.366400 
0.195410 -0.152503 0.285062 -1.464423 0.349477 1.103836 7.061545 
0.091610 1.351293 0.589026 1.244324 -3.706691 -0.982402 11.348047 
0.100160 -0.677533 0.983153 0.577617 -1.024411 14.459789 0.355485 
0.329612 -0.205038 0.395525 -0.526261 7.808534 2.787715 -9.438805 
0.174903 -1.029462 -1.298836 -0.548306 -8.563251 6.115739 -4.765187 
0.088879 -0.363063 0.346103 -0.088584 1.334353 -1.261590 -6.795376 
1.382242 0.570354 -0.903793 -0.665812 8.110268 -3.199426 10.379134 
0.137418 -1.037070 -0.395607 -0.210683 -4.514876 -4.180044 5.186542 
0.550522 -0.114832 -1.228994 0.779141 9.847936 0.791091 6.824253 
0.977405 -1.036761 0.289528 0.174700 -0.226938 -10.701676 11.449729 
1.078071 3.356195 4.016637 0.827263 35.669672 32.623407 3.530141 
0.158053 1.288178 -2.339017 0.073864 11.449740 -11.474508 1.753021 
0.173348 -0.123578 0.217485 0.255216 -8.900119 0.641553 8.846788 
0.082934 0.439524 0.362388 -0.465849 -13.729524 3.941113 -15.010286 
0.136636 -1.347556 -0.317494 1.315431 -4.034995 0.141602 1.916903 
0.143734 -1.197400 -0.269155 0.238435 -18.763737 -1.568063 14.296195 
0.441192 0.393873 0.157287 0.369045 2.503331 -9.913242 9.322476 
0.419927 0.628570 -0.301445 -0.777262 3.996691 8.814703 -7.691318 
0.233936 -1.220632 -0.733378 -0.357425 0.495539 -12.440411 -13.584858 
0.472655 0.120197 -0.233995 -0.035755 9.042872 11.456641 12.659041 
0.114863 0.446156 0.052104 -0.902697 8.327608 -4.343409 5.448116 
0.090134 -0.731111 0.312062 0.139176 -12.237692 -8.747163 2.505871 
0.541043 2.131269 -0.330462 0.795917 7.839068 -1.352214 10.638000 
0.282572 -1.196038 0.379068 1.081945 1.407757 10.008823 2.397459 
0.115642 1.020784 -1.093767 0.053381 -3.462544 0.773611 0.110099 
0.081355 -2.362670 0.816560 -0.998878 -14.264516 7.247950 2.707332 
0.367829 -0.430248 0.824892 0.061435 4.030104 16.714542 -12.458473 
0.139629 0.193520 -0.586022 0.254598 2.521163 12.830296 2.931563 
1.352784 0.426097 0.170072 -0.062313 -6.064952 5.799779 2.583207 
0.125255 0.447800 -0.744753 -0.033803 -0.805886 -2.244417 9.231785 
0.401327 -0.232367 -0.714997 2.551548 -1.408597 -0.357882 7.375663 
0.285734 -0.743223 -1.934759 -0.006994 6.141097 -6.612133 5.004979 
0.395651 1.403298 -0.329964 0.165794 0.720586 3.972671 5.783196 
0.293098 -0.992462 0.495104 0.047687 -11.054447 10.156173 -14.380071 
0.087827 0.663366 -0.001062 0.420566 4.744771 -12.535634 -5.307455 
0.145431 -0.184595 0.695662 -0.938171 12.166565 8.421638 -2.086275 
0.180115 -1.710025 0.857053 0.493990 -2.485872 -2.606916 9.757099 
0.096200 0.135845 0.261776 -0.017490 -7.637734 3.691807 -4.950597 
0.666776 -1.945958 -0.774067 1.558373 -10.226863 -0.228540 5.416701 
0.204329 -0.784008 -0.238334 0.214641 -8.113541 -1.643590 -11.973435 
0.115895 -0.441207 0.905910 -0.655694 -6.373205 0.722473 -3.170277 
0.093908 0.271818 0.730607 0.823338 -0.460606 17.511827 4.072564 
1.218377 -0.002785 0.658842 -0.531386 8.324557 -2.950810 -14.065257 
1.577937 -0.989121 -0.265638 -0.206447 -4.310644 -0.039706 3.256333 
0.624013 -0.297080 0.641583 -0.797334 2.243027 9.741660 -2.244389 
0.094581 0.331501 -0.675633 0.131859 -12.238949 -11.710637 -5.722254 
0.082735 -0.211763 0.397428 0.967853 -1.167048 -9.584108 7.485653 
0.117562 -0.489153 0.097514 -0.889715 -9.931886 15.728598 1.899539 
0.104059 -0.184021 0.653806 -0.428180 -6.910244 14.715986 8.991188 
1.175398 -1.415351 -0.694712 1.274369 -12.892666 -5.342057 -3.055134 
0.164169 1.609586 2.194363 -1.321355 6.151079 2.809044 -9.297293 
0.291452 0.310109 -0.403680 -0.065584 8.085572 4.889133 9.455474 
0.206673 -0.943841 -1.190515 -0.075467 -1.258443 0.495815 -1.946739 
1.289324 1.746812 2.671237 0.465255 12.385423 16.002780 -6.068432 
0.086315 0.045950 0.787312 0.777643 10.400821 4.560121 11.773649 
0.235153 -0.418627 -0.433391 -0.198158 -6.274234 10.503371 -2.846754 
0.115719 1.925366 -1.751581 -2.447135 12.818225 -10.870960 -9.568731 
0.363410 0.126575 0.838133 0.732395 -7.079376 8.452060 -0.453687 
1.751386 1.170750 -0.550436 0.414600 -5.040262 -7.249517 5.537901 
0.207984 -0.638550 -0.840111 -0.499976 1.333340 1.692896 -1.180044 
0.102911 1.037137 -1.061246 0.722715 3.927106 5.078563 10.104071 
0.178659 0.243849 -0.349103 0.208799 -0.999209 -15.838494 -8.407326 
1.266026 0.067578 -0.606342 0.395120 -5.595223 -4.436193 14.539351 
0.304509 -0.921346 -0.190626 -0.582527 -10.544311 7.699931 -3.149954 
0.111776 -0.946956 0.553542 0.063664 5.943575 -0.952166 -1.396907 
0.518423 -1.819955 -1.180565 2.551625 -6.472433 -12.155993 14.408723 
0.412206 -1.572862 0.768390 0.207808 -11.520673 10.668209 -9.200103 
0.151101 0.340147 0.646744 1.150601 -6.013582 -0.693152 18.102221 
0.220913 -0.057229 -0.536034 0.193461 -5.363852 -14.833840 -2.459873 
1.412488 -0.160427 0.126607 -0.003872 -2.111355 8.387492 13.949132 
13.278585 -0.773632 -0.504362 0.084694 4.609347 -5.047697 -8.609841 
1.463321 -0.501760 1.431949 0.776677 5.508648 8.398703 4.813756 
0.120159 0.948879 0.635215 0.129338 -2.841685 8.919014 -8.816441 
0.365350 0.145257 -0.618932 0.128146 -6.094209 -0.852925 -8.768689 
0.105973 0.174323 0.761656 1.179688 5.571699 11.512738 6.323466 
0.295892 0.544130 0.915109 0.612732 7.011286 9.933999 -3.272797 
0.206326 0.390926 0.338022 0.431783 1.090827 -3.441184 0.790237 
0.093712 -0.391122 0.519170 0.129095 18.496413 -6.405205 3.006330 
0.095148 -0.674939 0.749373 -0.184317 -11.292474 -3.774774 -12.751395 
0.206538 -1.778742 -1.295992 0.603817 -14.443276 1.525315 2.100464 
0.086877 -0.996377 -0.476288 -0.750006 -9.875722 -4.940655 -5.860366 
0.089099 -0.633479 -0.692375 0.267263 -3.523006 5.918726 -15.061658 
0.510706 -0.604963 0.719085 1.164323 7.314417 -1.544495 6.123592 
0.209703 2.639665 -1.013691 -0.843238 10.449297 -0.042697 -1.441573 
0.558090 -0.318135 -1.029616 0.061056 2.270857 -11.925407 -7.368850 
0.094925 -0.118007 0.503777 -0.148487 -7.149296 4.026635 13.115824 
0.169485 -0.016122 -0.427154 0.304324 -4.564730 5.282843 18.281971 
1.190304 -1.470156 -1.816126 0.589295 -0.525021 -6.212341 1.765646 
0.229716 -0.554903 0.084446 -0.197233 5.440571 20.880311 4.657300 
0.590880 -0.888926 0.732442 -0.054148 8.086648 4.007882 0.997935 
0.480535 -1.243641 -0.067464 0.311957 -12.102014 -7.435484 -2.255607 
0.234429 -0.856056 -0.274101 0.627594 6.202874 -0.012058 8.930654 
0.582021 -1.501714 1.040141 -1.547502 -2.706602 4.595206 -9.839027 
0.189197 -0.308785 0.213133 0.360011 -12.052203 14.773211 15.452283 
0.259575 0.801536 0.116006 -0.600420 8.869922 -4.518184 10.528077 
0.447006 -0.785606 0.700922 -0.600910 2.815729 -4.091804 -1.276094 
0.147887 0.419257 -0.398373 0.343183 -3.120689 -2.396456 -4.701168 
0.231699 0.197638 0.175927 0.485614 -7.998848 11.353311 2.935362 
0.453708 -0.108550 0.236551 0.374967 -8.478008 12.253295 -6.508915 
0.920339 -0.122432 1.454476 -1.325700 7.306109 2.259184 -0.713391 
0.955703 -0.353058 0.508153 1.312945 -2.983184 -2.918462 5.288944 
0.084577 -0.425684 -0.445784 0.076612 -13.484267 -5.989879 16.449043 
0.160624 0.279412 0.683874 0.627412 0.657225 -6.241063 -3.842293 
1.172148 0.935026 -0.267381 -1.691954 -1.057291 -7.110676 -10.584759 
0.760534 0.611829 3.049005 1.376117 7.156091 10.601252 13.850872 
0.114553 0.921137 -0.340930 0.599938 10.297900 10.764974 -0.645826 
0.117572 1.573142 -2.640148 -0.407087 6.055625 -17.069662 -3.998366 
0.762149 3.353802 5.005720 -2.474844 21.939979 30.592413 -8.229151 
0.232792 -0.769359 0.954821 0.327174 -17.144446 10.980952 8.415350 
0.215009 -0.291820 -0.449925 0.323941 -0.421588 1.197517 -0.448620 
2.204810 -0.312117 0.631669 -0.072345 -5.023922 -10.734976 -2.452139 
0.129032 -0.479242 -2.317330 5.593346 3.253702 -16.903700 33.913585 
0.374042 -0.816423 -0.269209 0.167721 -22.479766 -7.586832 7.981421 
0.205433 -1.268054 1.349129 0.715418 -9.419913 7.802048 -10.860553 
0.160079 -0.921093 1.245701 -0.440660 -4.489953 13.944510 -12.597321 
0.136090 -0.560441 -0.460694 0.922578 12.686277 -10.556368 3.514568 
0.119841 -0.148459 0.777053 1.473029 -8.134669 -2.978449 8.423219 
0.201503 -0.909509 -1.081637 2.007770 1.247467 -7.163374 1.591445 
0.611073 -1.155195 -0.174035 -0.530365 -7.528244 6.482957 -1.988894 
0.115016 1.408483 -1.433734 -2.147205 5.312397 -10.996797 -4.904558 
0.399244 1.328949 -1.056866 0.681524 3.523700 0.372244 4.652267 
0.131342 -0.336331 0.613338 -0.542157 6.211603 6.865949 15.346420 
0.174201 -0.092664 0.378199 2.003139 -2.503436 14.303428 6.062229 
0.089275 0.693711 -0.065675 0.182109 -6.865440 -0.936347 3.309708 
0.438872 0.200788 0.418355 -0.570991 -9.696790 -1.399745 -9.571828 
0.085636 0.050285 -0.666546 -0.568631 -10.091023 1.395867 -0.897198 
0.582912 -0.486901 0.643629 0.091910 0.552036 3.101771 10.174058 
0.240412 -1.810649 -0.095178 1.911553 -0.872935 0.566032 13.987185 
0.226021 -0.722349 0.254375 1.134419 -15.556750 -0.217374 -2.460696 
0.107205 -0.515387 -0.241292 0.715913 0.048890 0.609217 3.519023 
1.102835 0.441029 0.467534 1.194867 0.920848 3.183652 -0.354585 
0.266126 -1.503270 0.616465 -0.971911 -6.961189 -4.826644 -3.872645 
0.409423 -0.930734 1.378019 -0.637999 -7.882303 -4.198207 3.778587 
0.089384 0.679221 -0.926910 -0.070243 -0.830991 -6.615613 8.383322 
0.113871 0.022957 0.314714 0.341902 -10.308652 5.589892 3.074922 
0.746267 -0.334010 1.509853 -0.663239 -4.354039 -6.394402 -2.224517 
0.219386 0.582320 -1.766456 -0.613300 11.037502 -4.509162 0.359755 
0.439077 -1.283015 0.309647 -0.742277 -10.092035 0.957934 5.851148 
1.444015 -0.892021 0.602057 0.270976 -13.933533 10.174052 8.761988 
0.102731 0.334909 0.351143 0.106129 -12.864446 15.828704 -8.894924 
0.202560 -0.104762 -2.645311 -2.943676 5.373862 -17.229236 -25.243807 
0.091773 -0.033410 -0.292884 0.213193 -2.686544 1.182843 10.849976 
0.159646 -0.482460 -0.228827 -0.051599 9.346242 -9.767636 16.978533 
0.210510 -0.900288 -0.273980 0.338411 1.950499 4.850507 -6.164389 
0.129464 -0.071763 -0.869648 0.409899 3.381062 -15.177420 8.122699 
0.235395 -0.388027 1.079473 -0.098407 -0.429999 5.919584 -0.410348 
0.392760 -1.095104 -0.279441 0.210407 -18.213035 11.437910 -3.929994 
0.340464 0.212537 0.992163 0.009731 -1.717142 -1.268721 16.444680 
0.558675 0.826868 0.822836 -0.544076 -3.654793 7.390893 -5.260544 
0.269181 -0.003920 0.341860 -0.429618 -0.578460 3.289852 -15.463673 
0.080832 0.245646 0.491231 1.657160 -3.395070 -4.663182 3.232572 
0.161454 -1.081517 0.102383 0.007561 -1.907147 5.965226 11.418226 
3.272843 -0.212008 0.220625 0.434533 6.861319 -7.652673 5.236154 
0.126733 -0.860221 -0.724718 -0.002042 -15.496022 8.958431 6.535014 
0.147442 -0.758734 -3.671561 -0.462481 -2.158248 -19.733713 1.189543 
0.234874 -0.435850 0.004489 0.759802 3.694468 -13.429248 3.039688 
0.088322 -0.691395 0.781943 -1.436735 -9.836357 3.873309 1.059984 
0.124823 -0.656438 0.439437 0.915896 -4.852471 4.503743 13.246670 
0.134972 0.787594 0.754632 0.062639 -6.486988 -4.402552 -5.460586 
0.114632 -0.154695 0.424302 -0.525291 -0.721913 -4.053466 -3.273449 
0.145861 0.585745 0.483978 -0.264471 2.704468 3.041314 3.954945 
0.263366 -0.413778 0.573619 1.519853 -2.659846 2.642638 11.269834 
0.973808 -0.877312 0.563137 0.013518 -1.284393 -7.217348 5.284710 
1.966409 -0.564769 0.429050 0.169404 0.835645 -1.840955 -3.302108 
0.137245 0.089291 0.111829 0.623355 -7.695216 7.464548 9.612689 
0.175886 -0.079112 -0.008248 0.647189 3.562895 5.114585 -3.550777 
0.427154 0.094780 -0.550402 -0.024633 4.615073 8.106268 -10.677633 
0.305641 -0.036769 -0.882579 0.139470 3.662216 0.260284 10.446283 
0.126873 -0.663914 0.739493 -0.106469 -10.182192 9.491349 -8.482516 
0.202129 1.517138 -0.301646 2.336029 0.777688 2.206719 13.876851 
0.103947 -0.723730 0.940237 0.423874 -16.556916 -7.857019 3.050521 
0.160192 1.401212 0.003770 0.633506 4.562885 11.658878 -1.198429 
0.087931 -0.502735 0.433095 1.259688 3.467415 8.454413 6.540169 
0.201166 -0.766048 -0.760461 0.817563 2.143253 -0.345926 -2.099505 
0.129271 -0.949823 0.901399 -0.393824 1.943403 14.081591 -2.370728 
0.244547 0.318422 0.015406 0.723916 6.683472 1.560007 -6.635538 
