0.202999 -0.357146 0.705987 -0.820543 -5.322067 -0.555132 -9.387672 
0.583882 0.334132 1.631403 0.432559 12.000275 5.501572 9.995770 
0.585149 0.067836 -0.073802 -0.516148 -5.988096 -0.475336 -17.091999 
0.085689 -1.021556 -0.060473 1.368062 -11.316979 12.898793 9.008152 
0.090936 -0.145325 0.827454 -0.297800 -3.999991 3.851139 7.098249 
0.457888 -1.185847 0.271950 0.711257 -2.157269 -12.005361 -6.276385 
0.179449 -0.794738 -1.421889 -0.825285 -1.946203 0.487273 -1.496801 
0.103175 0.919007 -1.552198 -0.485611 -1.247171 -9.214492 4.867010 
0.199182 3.108971 -1.042639 0.641982 12.876169 -8.707730 3.041087 
0.109107 0.643795 -2.024093 0.919245 -1.107486 -3.305165 5.907706 
0.232498 -0.235384 0.205316 -0.354855 -8.484371 20.110765 -7.192324 
0.683878 -0.796213 0.498543 -1.507234 -10.486076 -6.399080 -3.217357 
1.809017 0.028048 0.034105 0.072047 6.430718 -4.040658 5.944352 
0.133767 2.070178 1.327585 -0.293961 14.934759 4.349429 5.669141 
0.207935 -1.339523 1.383989 -1.326709 -3.139033 12.577611 0.612720 
5.586845 0.408183 0.284185 -0.262867 -0.816465 3.862475 -1.773370 
0.099031 -0.002955 0.535595 0.942952 2.259893 18.558115 0.206378 
0.095457 -0.747081 -0.252598 0.558694 -7.207093 4.489242 -5.246127 
0.166412 0.344970 0.357306 -1.366758 -2.286661 -9.484270 -8.176390 
0.401973 -0.184522 -1.761654 0.214909 5.038620 -10.260897 10.935865 
0.149690 -0.500689 0.558865 0.894074 -14.490307 -1.285037 -0.185259 
0.135040 0.517942 0.502276 0.062582 9.992397 -2.967948 4.205393 
0.230700 0.761480 0.772644 -1.057650 -4.998327 7.973857 2.017947 
0.296048 -0.187822 0.204561 0.545846 -7.568744 23.169054 2.686479 
0.089040 0.262799 -0.174113 0.041973 -2.962416 12.999492 -11.678049 
0.218861 1.420260 -0.857095 -0.558043 7.211640 1.966679 0.989192 
0.780326 0.856820 -0.918132 -1.110462 -1.548967 -9.032164 -2.956763 
0.110177 1.193394 1.687086 0.346919 0.925560 5.101734 9.817037 
0.308745 1.667428 -1.831526 -1.050182 9.917204 -18.625478 -5.926350 
0.930095 0.175688 0.061785 0.107190 -6.143572 -2.104916 11.875488 
0.154448 0.498118 0.769908 0.072784 0.636085 -1.119113 6.708291 
0.449860 -0.529252 0.979687 0.711522 -6.578032 -11.835381 5.118588 
0.194281 0.345487 -0.043626 -0.051266 15.562068 11.780762 -12.237232 
0.121470 -0.930063 0.216081 1.527966 -14.583694 -6.176331 4.487390 
0.388680 0.001017 0.788072 -0.109240 -6.276952 5.489552 18.125618 
0.552874 0.129125 -2.151300 0.835071 -6.143663 -8.535817 11.347358 
0.107074 0.153620 -0.624873 0.473674 1.592579 -14.398585 -10.357246 
0.218546 1.156166 1.930441 0.205631 -1.309666 5.836866 -1.625171 
0.118025 -0.734456 -0.617078 0.293584 -2.763634 -5.376182 14.293984 
0.176826 -0.708030 0.050687 0.662900 -8.344545 10.367634 -10.852260 
0.123628 -0.150323 -0.098355 -0.689492 -5.262395 10.147787 12.852543 
0.103987 1.468719 -0.376882 2.853683 14.957318 5.213149 16.530755 
1.612405 -0.437629 0.088965 -0.176803 -1.870890 8.989100 -11.563289 
3.952128 -0.353049 1.820011 0.538645 0.853295 -1.837970 7.517575 
0.090817 0.288066 -0.223956 0.279495 -8.781261 0.772226 2.290250 
0.094271 0.051401 -0.203121 0.066575 2.542421 -16.868724 16.239811 
0.105198 -0.878218 -0.455588 -1.529313 -12.900020 -0.067619 -0.031714 
0.122132 -0.323887 0.015477 0.071996 3.790437 3.870310 1.984855 
0.167817 -0.625137 -0.832328 0.344219 -11.767024 8.059245 12.010793 
0.138488 -0.538558 -2.672464 -0.200748 1.072677 -12.824494 6.169357 
0.701272 2.219592 0.430353 -1.405976 23.262086 2.308517 -2.039132 
0.367183 0.007086 -0.281663 1.552981 -0.485275 -10.125943 -0.355933 
0.116639 -0.021200 -0.221850 -0.124401 -13.337632 13.311865 6.091019 
0.156405 -0.892632 0.680541 -0.939952 -2.864530 3.587083 -0.088723 
0.118162 -0.728449 0.746848 0.447571 -16.401632 6.863231 -3.961272 
0.151293 -0.295757 0.148465 -0.909696 -6.111038 5.809799 0.607002 
1.456612 -0.365008 0.275055 1.249809 2.299959 2.643643 8.905562 
0.095248 0.244272 -0.187378 -0.515673 15.776555 -7.603360 -1.938363 
0.298886 -0.682679 0.442808 1.118257 -9.538509 3.928425 9.620016 
0.512636 -0.292584 -0.159196 0.689676 -1.594335 -17.719470 4.383643 
0.121466 1.530289 -2.142921 -2.640819 12.218061 -11.632854 -11.317821 
0.863813 0.002290 -0.183380 -0.412541 14.221824 9.358258 6.001646 
0.283593 -0.481201 -0.036491 0.432918 8.475381 8.938126 18.667370 
0.114183 -1.047609 1.616489 -0.053960 -12.077535 7.460899 4.654257 
0.387857 -0.423382 -0.215922 -0.349858 -2.701764 8.769827 -13.566235 
0.102340 -0.699030 -0.987261 1.871001 -5.253416 -11.129993 8.087619 
1.423034 1.232686 1.215147 -0.152066 8.264583 -4.981692 -2.815508 
0.118440 0.361420 -0.413204 0.365298 -0.622928 0.806956 -18.221263 
0.087317 -0.720711 0.465415 1.108130 -3.932665 4.691460 5.267825 
0.115648 -0.130901 -0.016361 1.321251 -3.805302 8.980050 3.960207 
0.335498 0.571232 -1.416994 0.027791 7.473578 -3.668295 -11.616494 
0.109210 -0.500353 -0.031719 -0.548997 -4.288180 -9.156838 13.461210 
5.398343 -0.912509 0.003284 0.122231 -15.568227 -5.313929 -5.621997 
0.438696 -0.426338 -0.103586 -0.159703 12.702925 0.203307 -2.396703 
0.102783 -0.272418 -0.667172 0.709495 -12.113045 -2.065832 4.185983 
0.317653 0.700836 2.230603 -1.909492 -3.215534 18.191249 -8.213942 
0.117399 -0.575864 0.298361 0.384354 -0.172937 -8.840885 -3.093594 
0.135796 2.574783 -0.715442 0.589606 11.285510 -12.050126 4.166662 
0.139152 -0.234060 0.182806 0.008447 -8.938171 -16.542682 4.192577 
0.081844 -0.320587 0.364440 -0.386005 -18.436295 6.485843 -13.631269 
0.210768 -0.434077 -0.165057 0.035967 -5.691356 0.883233 25.077542 
0.087151 0.327016 -0.217090 2.771751 9.513369 -4.363402 16.954585 
0.247564 -0.663107 -1.598097 -0.281856 -10.466654 -8.933890 -10.164091 
0.118055 0.099296 -0.556844 -1.627011 -6.140336 6.471906 -6.271776 
0.133708 -1.743679 -1.572984 -0.090802 -6.303767 -6.322582 0.941954 
0.137951 0.282708 0.350419 -0.171691 7.736931 6.990686 0.390422 
0.295736 4.743454 2.332563 0.329361 36.341723 15.208269 3.321308 
0.093592 0.161151 -0.091030 -0.188992 -0.473683 -8.576120 4.858945 
0.180968 -0.375571 0.020105 0.399968 -12.572034 -18.182569 12.259442 
1.058781 -0.028306 0.623546 0.406347 -13.247248 7.242380 16.180036 
0.086350 0.065237 0.508223 0.558781 0.518943 1.393229 -13.391445 
0.263354 -0.561627 0.602833 0.235597 -13.548302 21.417937 -0.089081 
0.556778 -0.185558 -0.318532 0.551053 -14.111956 5.294192 16.449976 
0.139284 -0.696177 0.427833 0.521886 -16.758483 -1.783783 10.521471 
0.478468 -0.422306 -0.122989 0.047333 -9.905557 -6.858423 21.147487 
0.165293 -0.596213 0.752384 -0.348679 -9.219962 3.326867 -1.345836 
0.493788 0.532462 -0.116051 -0.905719 6.006765 -2.025858 0.398612 
0.252788 0.235560 0.378125 0.530184 -16.925875 1.166267 15.301513 
1.145613 -0.295638 -1.278963 0.799397 -12.497834 -6.358388 0.006888 
0.388183 -0.132336 1.042898 1.529084 2.039734 7.404651 3.364883 
0.094407 -0.624769 0.678603 0.287470 -7.804948 10.443805 -1.312642 
0.126740 -0.397966 1.052077 0.166426 -4.908629 -9.063210 4.169492 
0.323270 -0.561687 -0.095933 -0.674491 -3.667097 5.816100 -2.738382 
0.198042 -1.377450 2.624135 0.078255 -15.054771 12.127097 4.071846 
1.167561 0.394033 0.131516 -0.309348 5.142624 14.347597 -14.174243 
2.697368 0.401878 -0.116365 0.718375 4.386073 -2.921354 9.565011 
0.376011 -1.375842 -0.020328 -0.252639 -8.440847 8.307524 2.157469 
0.588263 -0.467191 0.336354 -0.761200 -8.591586 12.419266 -8.446632 
0.138650 0.245436 0.839272 0.362556 -8.920192 3.034891 18.870147 
0.373816 -0.031338 0.322159 0.271749 -0.819724 14.087703 -21.574436 
0.401930 -0.328844 0.727923 -1.135150 -1.898938 -3.358824 1.662352 
0.263064 0.420971 0.015719 0.311506 -6.921364 -8.999120 6.065267 
0.459762 -0.889562 0.310587 0.939792 6.361317 15.805741 6.407496 
0.328088 -0.665830 -0.012603 -0.065039 -12.897590 -14.545796 -4.861909 
0.860282 -0.873979 3.382433 -0.521378 -10.360100 20.391480 -2.765696 
0.273055 -0.149984 -0.696077 0.613296 -10.201534 0.416018 2.240348 
0.396253 -1.047951 -0.075966 -0.172571 4.583498 13.541910 1.836370 
0.246288 -0.504794 0.526115 0.110759 -12.714690 -8.276883 12.076755 
0.730294 -1.021365 -0.111643 0.474851 -4.380569 -13.135865 0.437343 
0.278430 -0.583886 0.300279 0.260416 -9.607907 -16.057724 -5.950956 
0.151503 -0.010117 -0.757039 -1.713289 -3.899373 2.253200 -12.100572 
0.100432 0.648737 0.557900 0.176394 -6.568585 9.117382 10.508371 
0.082624 -1.016318 0.366337 0.165667 -2.164735 21.026873 -5.743198 
0.114711 1.265111 -0.801262 -1.582335 2.258942 -11.958632 -3.289590 
0.192666 -0.655228 -0.020976 -1.220219 -15.868263 3.655450 -2.079605 
0.287114 0.969017 -1.408163 0.229408 5.393665 -6.281908 -11.492144 
0.585359 0.136960 0.047814 1.046231 -10.780097 -11.606637 3.472197 
1.376095 0.219229 -0.001109 0.099168 -5.650935 15.597903 -0.117892 
0.431641 0.774944 -0.335223 -0.755580 -3.322040 12.860536 -3.409672 
0.136683 -0.506570 -0.266300 0.188897 2.793799 -17.978554 -5.716216 
0.323241 -0.036886 -0.280942 -0.450429 -17.836433 7.758612 -9.097900 
0.391024 -0.717056 0.395337 -0.259425 6.703329 5.483183 -5.376614 
0.112116 -0.223472 0.382798 -0.123028 -6.590507 -14.399163 -2.969898 
0.116547 0.068293 0.475666 0.197681 -2.517583 -15.019135 14.271965 
0.952396 -0.521012 -0.317255 0.004559 -16.451535 6.742819 3.193014 
0.374161 -0.229687 -0.943997 -0.311813 9.679274 -9.077582 1.344906 
0.178419 -0.832089 0.103797 0.132409 -23.451683 6.804812 -4.737511 
0.192961 -0.231958 0.578780 -1.661123 -12.783248 -3.736044 -10.638273 
0.763069 -0.077636 0.104510 1.095289 1.577855 -7.374659 3.608638 
0.181019 -1.114208 -0.032435 0.521120 -22.564038 -12.594548 -4.648997 
0.393969 1.714790 2.531678 0.300705 10.633211 22.000444 9.445506 
0.408300 -0.197485 -0.053126 -0.158359 -19.061404 3.361870 -2.830796 
0.506972 -0.236226 -0.542788 -0.642316 -14.934092 -7.866772 2.417315 
0.168852 0.363913 -0.406428 0.747758 -7.405176 14.030303 11.315219 
0.196085 0.468005 -0.260210 0.037354 9.653115 -7.439058 0.883930 
0.836938 0.963960 -0.543227 -0.466278 -6.175920 6.228540 -6.347247 
0.701221 -0.386871 -0.891879 0.016069 -12.337965 -11.098913 -4.679946 
0.263429 -0.194826 0.123393 0.212440 -9.512478 -11.518443 2.623770 
0.151360 0.304509 -0.930250 2.000693 -9.512045 -6.893790 7.335217 
0.449375 -0.189412 -0.334808 -0.095381 -10.513952 -18.381415 -0.424047 
0.108928 1.288109 -0.265571 1.162504 3.238835 -13.420913 3.777004 
0.090465 0.318918 0.148713 0.004057 13.142459 8.167730 -17.727585 
0.531060 -0.215683 1.403959 2.288842 -9.287416 10.618094 7.419320 
0.272013 -1.116433 0.374978 0.902324 -8.381884 -10.982287 -1.285098 
0.127889 -0.322080 -0.193463 -0.134295 -20.602709 2.939099 1.875402 
1.070260 -0.116685 -0.110750 0.047519 4.881100 13.207410 7.226895 
0.111702 -0.777968 0.506222 0.498803 1.160500 5.984998 20.949730 
0.275275 1.288937 -0.445024 0.512471 7.093238 4.678192 1.674431 
0.433814 -0.974416 -0.277668 0.224303 -17.411204 5.299417 13.231504 
0.121123 -0.601564 0.008057 -1.231569 -8.840632 11.621565 -7.268363 
0.604561 -0.769212 0.913161 0.708342 4.682650 -4.409615 14.793271 
0.672200 0.439198 0.436857 1.428478 -8.964688 6.198932 9.474466 
0.485099 0.491997 2.131237 0.818119 -0.183745 5.366378 8.241160 
0.088968 -1.909481 0.615948 -0.074277 0.424213 8.137252 1.216254 
0.372330 -0.492140 -0.455822 0.009818 -1.550658 -11.639437 6.671338 
0.427499 0.396527 -0.877730 1.783495 10.714744 -7.892092 2.623119 
0.148166 0.324307 -1.255802 -0.579602 -7.494515 -6.465479 1.348873 
0.205405 -0.119850 -1.376901 -0.770340 0.856965 -4.475787 3.180186 
0.273438 0.633797 0.505032 -0.028884 -2.816820 16.575005 -3.284795 
0.257004 0.854783 0.686483 -1.919514 3.090558 14.606336 -10.132796 
0.083821 -0.558336 0.048174 1.024632 -3.213936 -5.166204 -1.751507 
0.673429 -0.158269 -0.320209 1.273420 4.002642 2.010080 -6.364736 
0.093338 0.197018 -0.982164 1.038990 2.698522 7.371960 -2.053059 
0.097693 -0.205693 0.474902 1.091621 -4.822878 7.620072 8.339262 
0.081727 0.264291 0.492144 0.359151 4.776992 15.261163 -9.528154 
0.417045 0.384003 0.158752 -0.228240 -11.792359 4.965454 3.159503 
0.387177 0.141912 -0.009774 0.025181 19.435307 3.294589 -1.410953 
0.350927 -0.635519 0.414205 0.100665 6.103259 20.086669 -2.349727 
0.081891 -0.578203 -0.145160 -0.853217 -11.972424 -1.170018 8.663291 
0.111530 -0.783839 0.213954 1.775661 -2.668049 -3.060508 9.975546 
0.729211 0.217297 0.147422 0.049216 2.688932 1.691902 7.424073 
0.081209 -0.511684 -0.166888 0.218916 -22.407114 -2.383257 -6.668913 
1.066327 0.160186 0.691928 0.684607 -9.194409 3.369539 18.002721 
0.844840 -0.663571 0.286294 0.228042 3.639606 8.045703 -5.396679 
0.286414 -0.146114 0.049571 -0.246592 -14.439431 9.124113 -17.194449 
0.108220 -0.121096 -0.752445 -0.154634 -13.413451 -9.807289 -7.580456 
0.106446 1.352130 -0.114657 -0.019438 12.064536 7.868670 0.596147 
1.618982 -0.707105 2.672778 -0.310822 -12.313149 12.762944 -7.071989 
0.126190 -0.734010 -0.282294 -0.512141 3.409401 -3.719755 1.384215 
0.666898 -0.255618 -0.053538 -0.119020 -14.171309 1.558127 -15.245460 
0.355266 -0.571044 0.114159 0.529408 -16.960659 -1.423730 11.096510 
0.365762 -2.352467 -4.850129 -0.184768 -19.144126 -31.705206 -4.780816 
0.430606 -0.131357 0.535716 0.137761 -17.763448 -11.434894 0.045581 
0.100431 0.711698 -0.727873 0.880547 14.376599 5.985294 -2.907181 
0.189647 -1.105353 0.351461 0.096047 -7.677626 9.428759 -6.013383 
0.132254 -0.605587 -0.526092 0.710531 2.222157 -6.106701 -0.017898 
0.500139 -1.223606 -0.450315 -1.493891 -12.926603 2.491930 -4.335882 
0.175237 -0.445661 1.268322 -0.809339 -12.672760 5.239850 -3.955559 
0.123696 -0.443887 0.031193 0.474209 -11.961988 -19.403692 3.911882 
0.195281 -0.590759 -0.536333 -1.193624 -2.497556 6.721882 -8.996423 
0.599939 -2.035906 -0.308670 0.122201 -17.595923 5.064453 -8.889244 
0.192741 -0.404102 -0.275075 0.573061 -7.722182 6.959613 1.672515 
0.200778 1.055482 -0.007800 0.114676 -3.371026 -13.543071 -1.198195 
0.177472 -0.209440 -1.079597 -1.045026 -4.694301 5.095555 -12.826194 
0.127855 0.338773 -1.380796 0.218327 0.613028 -4.352699 -6.678996 
0.220526 -0.063852 -0.558940 0.849792 -2.290148 -0.677943 2.776578 
0.627642 0.507156 -0.345452 0.475092 1.604272 3.329699 -3.997568 
0.637465 -0.832037 0.696851 0.377421 -10.938574 14.100248 3.712376 
0.169117 0.104893 -0.834862 -0.763329 4.758232 5.763529 8.679977 
0.114784 -0.085534 -0.816747 0.014211 6.211304 0.294082 -7.386652 
0.135557 0.222743 0.774361 0.461816 0.667948 2.692287 -0.145926 
0.579415 -0.615929 0.105623 0.635763 15.568408 10.460192 4.633989 
0.624848 1.541402 1.636275 -0.500822 11.540773 11.849419 0.527524 
0.385484 -1.427586 0.705708 0.969319 -5.328966 -5.774926 10.647759 
3.082417 -0.402481 0.181987 -0.000656 10.140629 5.637142 -10.864717 
0.310489 0.081633 -0.388503 1.307526 3.752617 6.697179 14.256297 
0.457154 0.178295 0.455426 -0.243909 -5.426109 -0.302962 -11.601163 
0.279294 -0.495141 -0.090996 -0.223297 2.630028 -11.745412 -17.879448 
0.089763 0.450820 -0.474006 -0.765457 -3.196908 2.044279 -10.392052 
1.249225 -1.078757 0.885140 0.406805 -6.417724 -0.563231 8.575483 
0.163561 0.806118 -0.840149 -0.098113 -0.123815 0.246110 -5.460654 
1.702665 -0.362416 0.616905 1.056526 3.550835 -1.180363 -0.781354 
0.087567 0.429760 1.557152 -0.262269 6.601080 4.372957 -0.809998 
0.192231 0.152441 0.249719 0.163431 -5.230493 -6.398965 -2.798550 
0.122081 -0.154681 -0.435993 -0.647202 -19.117817 -4.179134 -3.327725 
0.088452 0.002408 -0.050465 0.684961 -3.564458 18.377782 -0.015226 
0.470758 -1.026051 -2.212938 0.510518 -3.198567 -5.830619 6.819633 
0.196106 -0.153122 0.249656 0.314378 -9.451593 0.811364 1.916744 
0.163499 1.588019 -2.548258 -1.099902 13.908538 -16.510996 2.008162 
0.080867 1.931621 1.674610 -2.481992 21.132718 16.019042 -11.500908 
0.223604 -1.158941 -0.071923 0.703003 -15.927383 -2.464813 -3.103883 
0.155926 -1.181359 0.188210 0.948159 -0.999224 -6.835018 -1.003773 
0.238387 -0.288498 0.379640 -0.688521 -13.020697 -11.348527 -5.943940 
0.106154 -0.110877 -0.444793 -0.721836 -8.500276 -3.735285 -5.011515 
0.169911 0.230309 -0.128246 -0.241918 10.279554 -14.502146 13.953564 
0.113329 1.044771 0.822152 0.639402 1.478546 1.957954 15.633898 
0.192419 1.444530 -2.054613 -0.603483 3.751924 -19.019363 -7.610162 
0.594225 0.160078 0.166904 0.094129 10.409675 9.266764 22.423961 
0.085164 -0.789073 -0.102105 -0.506068 -12.079508 -3.323693 7.975226 
0.117057 -0.354752 0.854659 0.267227 -6.186772 8.788816 10.686867 
0.205043 -0.068159 0.721758 -0.286327 -8.541369 9.754184 -5.738190 
0.234649 0.712413 -0.525666 0.517305 15.022363 5.404706 -2.802916 
0.487672 0.140284 0.877133 1.195192 0.818378 3.176494 10.663626 
0.223182 -0.705538 -0.534512 0.069421 -21.566614 0.467519 4.399885 
2.476904 -0.488168 -0.744847 -0.845525 5.153346 5.473461 -10.810141 
0.441734 0.689057 0.452556 0.241819 -4.851776 6.272979 0.798806 
0.230397 -0.119411 -0.261043 0.204997 -21.686023 -1.896948 -7.788125 
0.689100 2.706713 1.681220 -2.060647 20.674366 6.966568 -9.253933 
0.815528 -2.243342 0.572397 0.674728 -11.877375 -2.890096 10.197099 
0.161492 0.212812 0.450417 -0.272269 3.420060 -10.912379 -5.550798 
0.542296 2.504835 -0.833611 -0.539593 8.165177 -7.417566 0.141293 
0.146522 -0.688992 -0.092654 0.609022 -19.036296 -12.017674 -6.903095 
0.256037 -1.304105 -0.286682 -0.781509 1.388974 -10.336970 -1.578708 
0.887681 -0.741344 -0.011755 1.331823 3.332682 11.813647 -2.024851 
0.101372 -0.109856 0.459191 -0.168592 -7.336592 -3.289162 -12.572758 
0.141931 -0.142072 0.510673 0.126314 -20.631429 -3.535139 -4.028080 
0.178446 -1.056461 0.768051 0.613280 5.678316 1.517866 1.537014 
0.083374 0.277476 -0.255387 -0.257811 -8.045473 3.748427 18.255020 
0.376685 -0.262612 -0.073281 1.244602 1.662926 6.201203 -5.643357 
0.585808 -0.606125 -1.303809 0.653662 -12.458312 1.253194 6.709665 
0.102075 0.398066 1.076958 0.533541 5.748325 6.817893 -3.256832 
0.086694 1.710982 1.484850 -0.143855 15.657987 8.742101 4.486016 
0.654455 -0.031745 0.102621 -0.199544 -0.266101 6.508991 -16.828290 
0.442796 -0.853560 0.060033 -0.335849 -12.975998 3.207151 10.640001 
0.103990 -0.495900 0.834575 -0.382295 2.280585 -6.986599 2.853969 
0.137893 -1.002969 -0.371713 -0.007290 -19.793446 2.378655 -5.633414 
1.044939 0.771540 0.087602 -0.329793 -4.401230 4.614260 2.447656 
1.025335 0.101543 -0.212286 -0.286372 2.477451 -4.592727 8.264653 
0.472835 -1.499025 0.277983 1.179232 -14.730266 4.971348 -3.211920 
0.672168 -2.313711 1.091834 0.593140 -15.984186 1.346116 13.447065 
0.208490 -1.897498 -1.352695 -0.182130 -5.121932 -11.334852 -0.980499 
0.292610 -1.171338 1.950998 0.705861 -4.348179 8.694375 11.853750 
0.111344 -0.247570 -0.315398 1.453886 -0.673505 4.596481 6.643630 
0.466067 0.304545 0.428924 0.527140 -2.350805 13.907343 -10.092203 
0.112109 -0.546529 -0.387703 0.014711 -1.984518 -10.410609 3.247985 
1.021373 -1.114533 -0.170392 0.603040 -10.891208 -11.057823 2.803778 
0.247245 -1.999428 -0.627824 1.407151 -20.025086 0.369878 10.081941 
2.937998 -2.651891 -0.843938 0.364620 -11.406294 -7.897264 9.672280 
0.112201 0.014763 -0.714052 -0.221191 -10.113353 -0.267204 -4.758741 
0.941373 0.040895 0.503537 0.010176 1.905382 -8.692572 -1.197993 
0.186332 1.046671 -0.196985 -1.157232 4.848770 3.490121 0.299567 
0.206312 -0.431369 0.590404 0.000434 6.115671 10.745545 16.715634 
0.087521 0.010379 0.379682 0.317408 -7.888545 -15.852828 -10.971470 
0.337060 -0.324165 -0.782006 -0.223117 -14.458033 -3.378665 -1.971654 
0.506829 0.636967 0.288810 1.305769 9.099260 5.312948 2.653405 
2.506229 0.028605 1.543141 -0.303094 -12.433005 3.401811 4.774693 
0.109658 0.255989 0.034600 -0.640839 -11.553901 -5.606776 -8.215521 
0.093631 -1.019143 0.581302 0.466890 -8.537155 7.213671 2.007605 
0.994606 0.554967 -0.021302 0.441358 -7.885604 3.129590 -3.419186 
0.184780 1.677010 2.364472 0.018692 4.454389 9.658646 -1.952122 
0.113864 -0.166520 0.616339 -0.071192 -5.138624 9.570542 10.843759 
0.500571 2.318882 -0.663850 -1.466444 20.174047 4.220843 -8.624294 
0.375402 0.247553 -0.077399 0.217944 1.056432 2.551675 -14.355781 
0.121279 0.341932 -0.018154 -0.444675 -12.629706 1.643774 -15.096213 
0.437171 0.555080 0.053210 -0.763664 -3.544708 0.210845 -2.716096 
0.420529 -0.297924 0.616456 0.057522 -17.270243 14.259762 0.598547 
0.140832 -0.110565 0.263987 0.581809 -12.627500 10.894896 -2.015057 
0.317286 -0.336369 0.543438 -0.047078 -15.003228 -6.935334 3.154895 
0.092539 1.287748 -0.444666 -0.563340 -2.294865 -6.277664 6.768626 
4.198783 -0.026564 0.238962 -0.258498 4.488705 7.967587 6.225008 
0.435794 -0.870447 0.275117 0.197016 -20.050455 -1.609495 -3.728080 
0.299195 -0.433934 -0.622525 -0.027701 -7.099483 -3.997504 17.269116 
0.366428 -1.226619 0.286682 0.417116 -3.761438 -6.486454 17.948528 
0.300202 -0.301716 0.223503 -0.244207 -10.565524 -9.151555 4.599871 
0.585186 -0.078416 0.058615 1.058709 -5.920100 6.732886 16.450704 
0.524509 -0.424202 -0.536533 0.045251 -1.987458 2.069046 8.864103 
0.292083 0.317585 1.930489 0.449777 2.264881 2.234726 12.228667 
0.107699 -0.196315 1.715610 1.661036 -6.348087 4.407284 12.112135 
0.744916 -0.673771 2.176697 0.666960 -0.314394 16.645142 1.508121 
0.131940 -0.964054 2.162800 0.201926 -9.718685 9.892249 1.417363 
0.104491 -1.543529 -0.456112 1.751292 -15.537369 2.424775 12.607704 
0.504475 -0.069237 -0.038282 0.007861 7.262781 -0.067925 2.064377 
0.159200 -0.286026 0.255208 -0.436094 4.117988 11.793566 -4.747907 
0.144224 0.695640 2.796455 -0.627626 -1.508831 16.027134 3.948392 
0.221063 -0.642481 0.246689 -0.442203 -15.973604 -8.330793 7.331421 
0.339783 -0.417924 -0.505199 0.190750 -3.725522 -1.489463 17.238523 
2.985742 1.408073 0.030170 -0.015376 5.574708 14.833617 -5.706721 
0.098040 0.269754 0.341401 -0.784808 9.397419 9.730965 -6.938411 
0.364111 -0.912091 -0.102814 -0.514925 -6.851905 8.063375 -8.571807 
0.144886 0.665837 0.489924 0.106674 2.234784 -0.692105 -9.267704 
0.360597 -0.190063 0.411787 -0.236101 2.181667 -4.529529 4.822423 
0.254317 -1.304650 0.165433 -1.184470 -3.659830 -7.302790 1.882995 
0.555913 0.363383 0.406947 0.019561 2.295181 17.736031 0.632924 
0.416651 -2.457109 -0.163548 -0.299467 -11.705527 -5.912677 -6.074162 
0.151008 -0.210422 1.630370 1.611943 1.063805 3.406044 2.034037 
0.577563 -0.093540 0.543030 -0.464713 -1.119071 -1.563744 4.020907 
0.141965 1.635559 0.487830 2.922771 5.929975 -0.314507 21.653868 
0.120024 -0.770966 0.297684 0.649944 -14.781527 10.654425 -2.300152 
0.182852 1.375624 -0.771481 0.140428 13.097726 2.629858 -2.228369 
0.189724 0.092147 0.275419 -1.165700 -5.106526 5.227106 -8.191496 
0.150160 0.190809 -1.216785 1.720072 -3.899753 -9.305631 13.382068 
1.373741 -3.552434 -0.543909 1.611799 -20.493679 2.059979 8.935766 
0.283453 0.298105 -0.077421 0.637785 -6.130571 10.127498 -5.071855 
0.170281 -0.479324 0.504491 0.819553 7.514830 17.929051 5.225369 
1.505698 -0.098476 0.224101 0.143839 20.981291 -10.688367 0.686224 
0.360047 -1.285512 0.202542 -0.434958 -2.963968 -5.313275 -1.925715 
0.588861 -0.840881 0.109514 0.221383 -14.312629 21.686970 9.252013 
0.381565 -0.933827 0.116294 0.450750 -0.743147 19.072942 -1.837405 
0.166121 -0.138879 -0.700670 -0.244147 -2.054422 -7.081578 -0.316761 
1.652096 -0.559610 0.556917 -0.031317 -16.174997 15.167538 -4.125403 
0.215498 2.520946 -1.978707 0.755282 16.622041 -6.163299 0.989323 
0.524663 -0.484355 0.044940 0.565151 -1.882502 -9.335096 -5.666759 
0.489037 -1.036753 0.914185 -0.193265 -8.943552 5.661628 6.008089 
0.247044 -0.655157 0.231030 0.215036 -8.955828 4.848801 -17.008215 
0.408569 0.187130 0.463930 -0.037709 13.550596 6.048049 -9.049948 
0.429966 -0.549629 0.191297 0.258928 1.360021 1.248056 -4.633576 
0.205030 1.397142 -1.077455 0.060182 1.749629 -7.667079 -3.551637 
0.104504 0.163076 0.194998 -0.512440 -14.826486 2.307801 7.828427 
1.704172 0.400198 -0.648351 -1.534195 -3.314094 5.374598 -4.199115 
0.208973 0.685309 0.905060 -0.996709 0.954307 -4.810613 0.602148 
4.631110 -1.317628 1.256520 1.128934 -2.580303 -2.105531 10.378661 
0.135103 -0.110298 -0.668201 -0.067701 3.694447 0.412550 2.660351 
0.169606 0.512802 1.149977 0.274371 -1.012290 7.834676 -10.952310 
0.567692 -1.362557 -0.439805 -0.753923 -8.931311 -11.247288 1.676193 
0.214292 -0.262281 0.068287 1.777794 -8.994796 5.900175 11.479491 
0.450345 -0.060519 0.506124 0.419929 5.738776 10.545320 21.850491 
0.407103 -0.427151 0.064639 0.486089 -4.552118 -3.829774 7.575005 
0.846636 -0.515275 0.024377 0.050234 -15.502322 -9.334739 7.781698 
0.123163 1.026280 -0.978242 -2.199632 3.071270 -8.102540 -8.082168 
0.120648 -0.304819 0.402289 -0.738970 -8.524451 -10.387204 -0.259938 
0.387333 -0.568730 0.840151 0.524606 -14.634197 -7.353924 9.312745 
1.095352 -0.751657 0.549766 0.745775 -15.607913 -3.962500 -1.721289 
0.212730 0.335180 -0.390144 -0.406110 0.169739 -4.122043 5.469660 
1.575080 -0.325562 1.071515 1.101483 1.344497 -2.681309 13.814460 
0.102042 0.447374 0.384898 0.789608 -3.539139 -6.420990 10.446693 
0.606266 -0.290000 0.573264 0.054487 4.983954 -5.777825 -6.474516 
0.250734 -0.666626 0.081359 0.066995 -21.225157 5.059017 1.145997 
0.184902 -0.491801 0.722009 0.256742 2.008825 22.343328 3.183097 
0.348863 -0.736536 1.301037 0.002255 10.572335 9.946264 -5.112560 
0.127948 0.303505 -0.914186 0.869782 -9.258726 -5.632916 2.741185 
0.127545 1.113528 0.449234 2.371505 0.263402 10.347307 15.307927 
0.089378 0.916857 0.676013 0.692742 3.106013 -8.135254 -1.231948 
0.220514 0.447825 0.350439 0.150306 8.949107 -7.473443 -13.423944 
0.195396 0.273292 -0.767537 -0.299502 -14.671243 -5.069153 -10.342740 
4.245083 -1.110964 -0.495301 0.290250 -4.400167 9.341738 -4.817658 
0.095817 -0.358870 0.347279 -0.410740 4.213088 -2.502661 -2.586522 
0.569763 -1.097536 0.247001 0.292011 -11.119086 -6.414750 2.765351 
1.098164 -0.437853 0.550939 -0.050033 -10.568836 15.597796 -2.112531 
0.538990 0.281227 0.387677 0.452316 3.389090 -2.619447 8.254218 
1.288776 -1.281072 0.026904 0.279514 -2.408254 -1.640702 -0.807652 
0.193816 -0.265238 0.577750 -0.312657 -9.152751 0.830144 -12.614881 
0.378483 -0.112493 1.028351 0.171363 -17.876008 -3.488848 6.056385 
0.130333 -0.254284 0.726723 0.338946 12.975409 -2.244238 0.415710 
0.235233 -0.073310 -0.173192 -0.451806 -1.087815 -13.556651 6.856755 
0.474050 -0.348739 0.244492 -0.496486 -13.624538 -2.542094 3.598510 
0.170650 -0.183270 -0.648741 -0.160163 -10.321700 -2.028845 -6.297156 
0.551803 -0.994307 -0.397785 0.331411 11.337270 0.382405 7.923457 
0.131497 0.341540 0.360252 -0.019753 3.136783 -11.275532 -6.361472 
0.367063 -1.205855 0.033616 -0.256183 -6.487565 -11.345344 5.842332 
0.237052 0.134699 -0.279140 -0.271040 -2.551233 6.953395 6.903025 
0.979329 0.360193 0.008122 0.147016 4.964784 3.902075 -16.644542 
0.113309 0.717745 0.738239 0.041008 -0.463940 13.269953 -0.138643 
0.202812 1.368055 0.580585 -0.989102 13.711297 2.654788 6.119315 
0.145792 0.199205 0.998850 -0.005198 -0.541147 3.938700 2.596190 
0.206856 -0.185013 -2.935581 -1.591278 -7.983550 -21.065697 -11.124242 
0.534870 -0.266347 0.631316 -0.136503 9.126422 11.927478 2.827987 
0.091732 -0.798486 -0.345468 0.769781 3.093536 -13.918543 -4.287316 
0.094435 -0.346489 0.346261 0.939082 -7.708299 13.719709 -7.328216 
0.106821 -0.175560 0.399751 -0.089849 -11.341263 13.566156 5.218632 
0.443043 0.749381 0.473144 -0.439575 4.842762 5.080187 8.916061 
0.087582 -0.636541 -0.190545 -0.489365 -11.152087 9.650734 7.793228 
0.159466 -0.473456 -0.112580 0.627714 8.988800 -3.180588 3.887363 
0.829727 -0.180899 0.327087 -0.756024 -11.163169 7.534951 -0.045139 
0.093662 -0.538864 0.433426 1.223417 3.129408 -10.962893 3.144554 
1.055006 -0.996373 0.560114 -0.307028 -2.278895 -3.027056 13.106380 
0.290595 0.391680 0.213002 1.172188 -4.140642 14.998406 10.319333 
0.226020 0.728940 -2.085511 3.629601 11.065456 -12.586091 21.701641 
0.258652 -0.058874 0.285245 -0.235574 7.743532 -9.244975 0.120080 
0.504080 0.128584 -0.261477 0.490470 -13.933510 4.417317 12.909869 
0.133644 -0.659293 -0.437621 -2.476460 -10.151359 -11.805239 -15.026751 
0.102367 -1.175523 0.288452 0.164389 -15.688101 -1.764600 -4.804304 
0.102733 0.712071 0.315130 0.667781 1.658191 -4.879102 10.838186 
0.406103 -0.142487 -0.328035 -0.449547 -2.231930 -2.389949 -14.855821 
0.170184 -0.623668 -0.478917 -1.140864 3.086839 10.280303 -4.350469 
0.080956 0.848806 2.046929 -0.773443 0.889281 17.327536 -8.882450 
0.171393 -0.679286 1.263248 0.156555 -2.123289 -1.421543 -9.630080 
0.103884 -0.697233 0.174529 0.095239 4.586120 6.046864 5.620065 
0.287723 0.257097 0.229375 0.177145 -2.904321 6.338106 -10.393385 
0.707610 -0.437232 0.166895 1.527035 -3.541515 5.489464 3.366999 
0.161798 -0.620974 -0.427385 0.654733 -14.502098 -6.530033 6.753708 
0.495528 -1.603009 2.372815 0.664639 -6.963105 6.900801 0.999046 
0.081729 0.724779 0.639794 1.016087 -7.947770 5.733525 12.663183 
0.498673 0.320615 0.012989 -0.278572 -2.597991 14.081887 -16.490502 
0.189760 -0.313224 0.163364 0.787803 10.574434 -6.348745 9.471119 
0.174582 1.291701 0.440766 0.798535 -2.390519 -1.439266 8.472990 
1.913197 -0.611202 1.331723 0.105668 -12.133057 7.998810 -0.574077 
0.156957 -0.572568 0.901820 -0.440400 -1.099125 2.774621 -5.985081 
0.318637 0.362332 0.257176 -0.213154 -6.808428 -20.549024 -8.485273 
0.384886 -0.355375 0.495287 0.133690 14.830359 23.237886 -1.705114 
0.094543 -1.085413 0.794164 -1.949403 2.926725 10.201661 -10.027293 
0.093801 0.550215 -0.654009 -0.222032 -7.528024 -1.302563 -15.429609 
0.259589 0.138126 0.842142 1.176069 -0.947541 6.739261 9.479253 
0.331382 0.028206 -0.028218 0.125281 6.754556 5.285360 4.378975 
0.597086 -1.229830 1.318747 -0.372718 -0.241983 14.841946 -2.022057 
0.244466 -0.535915 0.460045 -0.017284 -2.374174 13.884616 -16.180605 
0.409757 -0.450727 0.004367 1.424958 -13.510275 11.703610 5.751757 
0.703460 -0.260235 0.710202 0.881330 12.834426 -5.670270 5.756331 
0.129081 0.118808 0.305105 0.648799 -10.362146 0.962053 4.246565 
0.592856 0.760840 0.637351 0.691735 -0.930121 17.822257 1.079942 
0.598064 -0.403899 0.173075 1.419031 -12.704118 -4.572401 11.833808 
0.315326 -1.156185 0.838827 0.958738 -14.949358 3.430108 5.161459 
0.830552 -0.529389 0.423196 -0.241157 -14.174087 9.029148 6.692801 
0.107798 -0.610513 0.776348 0.751670 0.069861 -0.750711 -6.089774 
1.282747 0.234653 -0.789983 -0.844634 8.739532 1.794959 -11.093505 
0.179704 -0.372736 -0.015922 0.823715 -9.690598 14.256061 12.139813 
0.226650 0.020229 -0.799498 0.357442 -11.476694 -3.257910 -2.433154 
0.213577 0.219612 1.244192 0.184419 4.671308 10.757151 -4.145620 
0.360054 -0.873245 -0.245933 -0.191348 -10.119970 -7.915133 -4.614594 
0.590465 0.665104 0.129927 -0.028542 1.912355 5.978378 -1.918352 
0.323997 -0.356304 2.256530 -1.587315 -3.456957 19.841273 -2.834851 
0.080856 0.692508 -0.753716 1.094024 9.843844 7.511757 -1.214504 
0.143920 -0.141492 1.308962 0.199675 -4.609044 -7.784746 5.165098 
0.128165 0.956379 0.477982 0.475317 -5.692186 8.130649 5.223948 
0.371144 -0.084362 0.515784 -0.380197 3.738312 -15.643156 -2.392285 
0.145470 -0.635365 0.687795 -1.145381 9.720919 -1.558088 -5.272016 
0.092657 -0.425946 1.178969 0.062025 -4.098159 15.888754 5.881029 
0.587126 1.725706 -0.859752 -1.804298 17.219026 -10.821787 -4.680700 
0.235289 -0.734745 0.362395 0.082914 -15.136769 1.799558 -15.524136 
0.569180 -0.280169 -0.544348 -0.203495 -15.913590 11.711223 -4.913289 
0.093590 -0.775440 0.472705 0.924748 -9.070483 8.413535 -4.594053 
0.249342 -0.076198 -0.384790 -0.021879 2.205272 11.988206 18.311140 
0.543855 1.792920 -0.468510 -0.057246 10.372888 -7.159824 6.012350 
0.236315 1.887742 2.492402 -1.928933 15.050806 24.904294 -7.756214 
0.136931 0.188774 -0.398768 -0.052293 4.637040 -25.328714 14.189911 
0.109437 -0.781305 -0.675243 -0.100144 -10.283797 5.296696 -14.576936 
0.915698 0.571043 0.034027 -0.348330 10.724532 -11.115214 -6.022173 
0.125769 -0.154809 -0.538155 -0.327811 5.967530 -2.360159 0.847485 
0.182221 -0.318721 -0.367664 0.016696 -19.657293 7.869605 -6.146490 
0.624303 -0.931718 -0.280048 0.007463 1.675376 13.232445 11.546458 
0.123119 -1.116319 0.596495 0.510223 -8.439789 2.363866 2.448919 
0.093277 0.384611 -0.141072 0.444033 -0.274689 -11.705276 6.473563 
0.126609 -0.494393 -0.555231 0.985605 8.914969 9.006649 6.244471 
0.342755 -0.688382 1.492668 0.410346 -15.833763 13.150305 2.043344 
0.887808 1.139780 -1.487978 0.284127 2.521782 -0.050897 2.216139 
0.718573 -0.518037 -0.482512 -0.735130 10.753807 -1.682761 1.813256 
0.789225 -0.116686 0.784249 -0.182358 2.973266 -6.292438 -5.267267 
0.126531 0.235099 0.353416 0.733979 -13.148018 4.565837 1.811426 
0.685572 0.049334 0.484443 -0.026194 -5.554323 9.793160 -8.459924 
0.342997 0.640560 -0.252620 -0.255772 -14.597957 4.114867 -0.953365 
1.141486 0.185884 0.663696 0.409952 -15.196246 2.472170 -10.369719 
0.181571 -0.245050 0.132908 0.921331 4.664036 -2.954956 9.389209 
0.271737 -0.402833 0.047021 0.711949 -0.307637 -0.430531 1.574653 
2.465276 -0.887718 -0.040458 0.093129 -6.324993 -0.599901 1.105690 
0.132761 0.172292 0.168952 -0.249114 17.013936 5.717173 16.717910 
0.088416 -0.204551 -0.120483 0.375618 -24.404963 1.658119 5.626454 
0.089291 -0.149204 0.137569 -0.114566 -0.327049 -9.477401 10.800840 
0.263350 -0.353405 -0.192689 -0.420592 -13.114933 -4.771865 -8.683961 
0.423754 0.686380 0.265233 1.122022 2.027386 17.838695 6.204715 
0.178200 -2.325191 -0.583992 -0.036956 -6.669077 3.016004 0.624882 
0.269147 -0.686143 -0.424052 -0.315947 -2.042784 21.791673 -7.074719 
1.218772 -0.508737 -0.367952 0.439448 13.272341 -6.194041 10.272441 
0.195759 0.389967 -1.393344 1.108545 -3.581784 -9.360962 -0.648109 
0.310560 0.444962 -0.058912 0.629240 3.246285 -10.983808 -2.741723 
0.132928 -0.091466 0.204232 -0.236469 4.834804 -9.938706 9.484659 
0.130606 -0.230678 0.169327 -0.021765 0.272472 -15.786501 -18.262102 
0.180981 0.758024 2.644980 2.062621 2.647643 22.082163 16.951704 
8.040799 -0.043457 -0.301564 0.063412 -6.390873 5.448662 0.476233 
0.080873 -0.707931 0.478081 0.200362 -21.236183 -6.812899 -10.266590 
0.337684 0.340727 0.399619 1.916885 4.785041 -6.003460 5.565619 
0.727006 -1.640495 0.905946 0.757656 -7.184141 -1.729310 9.292154 
0.130102 -0.544184 -0.358920 0.285173 -7.717745 -14.890212 -1.522867 
0.107057 -0.420005 -0.220503 1.239579 -0.428123 14.147482 12.701649 
1.352041 -0.109487 0.192013 -0.692718 7.300356 -1.238955 -4.878846 
0.108970 -0.877804 0.422596 -0.186260 2.128031 7.065901 -11.378254 
0.148499 1.662884 0.647045 -1.289760 3.721989 -2.590807 -4.661304 
0.263983 0.251715 -0.378916 -0.041477 -5.525680 10.174333 -0.984393 
0.240265 -0.212947 1.157530 0.252867 5.583703 7.587432 5.089857 
0.217954 -0.142075 -0.206973 -0.083624 -6.467061 -4.642718 -3.942163 
0.444167 -0.079153 0.076961 -0.386960 6.528388 -19.185418 -7.672694 
2.752555 -0.044472 0.879420 -1.515974 -3.555441 7.612159 -3.849173 
0.266546 0.618612 -0.056471 -0.735344 -0.853399 -3.641458 5.411723 
0.104305 -1.081537 0.566836 0.509145 12.422576 -0.003102 6.289996 
0.144490 1.031597 1.197641 -0.982211 -1.719605 7.904609 -12.431659 
0.094619 -0.132552 -0.132574 0.162204 -5.500102 2.809257 -17.474070 
0.144851 0.375398 0.429115 1.169992 11.365240 -5.868164 -1.062813 
0.132290 -0.753440 0.380954 1.385496 -11.549401 13.352058 0.461917 
0.524424 0.015371 -0.204866 0.269436 -3.068684 5.217587 21.228308 
2.804970 1.959239 0.498409 0.344368 11.324137 1.789105 5.201745 
0.151725 -0.447014 0.279721 0.032849 -18.826700 1.300749 -16.462742 
0.691052 -0.820157 -0.563039 0.162391 2.484396 -9.271317 2.682971 
0.123125 -2.258095 -1.294827 -1.065881 -12.247652 -1.749070 -5.012090 
0.095501 0.234453 0.409795 0.296964 -2.043492 6.195892 -2.857868 
0.082472 0.034608 0.209151 0.364740 4.973212 8.097716 -14.351649 
0.088000 0.492959 0.077115 0.879944 12.422058 1.630004 -1.291487 
0.106567 -0.902505 0.390538 0.237919 -4.091280 2.800152 1.974053 
0.083960 -0.774189 -0.622365 1.361663 -9.535986 -0.031932 9.070560 
0.444394 -0.062832 0.788827 0.866192 1.044275 6.412256 11.301500 
2.968598 0.224652 -0.210544 -0.370758 5.985600 -1.909115 5.550947 
0.118415 -0.564472 0.048990 -0.293610 15.247515 -1.342113 -7.189807 
0.123056 -0.403064 0.155679 1.044171 -0.119661 14.072176 5.435133 
0.111967 -0.545711 0.840938 0.018555 5.501925 7.529040 7.930516 
0.095336 -0.131721 -0.219963 -0.134453 7.099844 -0.653630 4.183347 
0.085245 -0.732108 -0.000509 -0.245056 -1.491518 1.741190 -12.311205 
0.219520 -1.303225 -0.351499 0.079217 -2.118343 5.040450 -9.655903 
0.269315 -0.822426 -1.016335 1.373109 -2.518302 4.434934 3.037798 
0.084729 0.281365 -0.326940 0.754124 6.803860 -0.686068 5.202571 
0.193296 0.361089 -0.055439 0.994624 1.878040 18.834755 5.117205 
3.042533 -0.287626 -0.901181 -0.373679 2.202617 -7.697530 11.803110 
1.417540 1.626414 1.707703 -0.261729 6.086862 4.069742 3.994096 
0.348250 0.119920 0.072464 0.458879 11.777308 -3.492143 6.762701 
0.189420 0.537947 0.357640 0.793673 8.981859 7.711084 0.742704 
0.222484 0.132085 0.092015 -0.129181 -4.253055 11.928551 -14.220295 
0.319069 0.172193 0.370393 -0.385350 8.296236 0.873469 16.693065 
0.092091 -0.003891 -0.210062 0.453792 10.393775 6.569356 -12.883677 
0.486369 0.764981 -0.821894 -0.092367 -2.172647 -7.969886 3.495005 
0.293964 0.226575 0.852794 -0.198898 -1.427077 5.043725 -4.853108 
0.150389 -0.691651 0.633020 0.421163 -4.177429 3.148555 13.658589 
0.098254 -0.864860 0.016707 0.500649 -16.188526 -6.033381 13.122373 
0.129777 0.230445 0.194811 0.433973 5.576086 3.424493 -8.096906 
0.089968 0.479139 0.942250 -0.262909 -8.725178 2.339061 -13.555333 
0.178187 0.524572 0.113085 -0.212637 -1.564160 4.126474 7.407518 
0.446547 -0.298660 0.461968 0.302954 11.698770 6.881883 -3.249445 
2.596189 -2.071127 -1.784767 -0.544347 -13.608170 -9.534739 3.336185 
0.941679 -0.041613 0.414832 0.436305 0.953808 -6.832504 15.831422 
0.357477 -0.402743 -0.041477 0.247365 6.005325 -17.572372 4.813093 
0.233141 -0.921238 0.622799 0.144814 -7.224313 5.138959 -10.206315 
0.109886 -0.189512 -0.021431 0.019069 16.780875 -4.234199 12.001357 
0.103385 0.384557 0.569688 0.704237 4.546884 -7.341085 10.022818 
0.307529 -1.244436 -1.196387 -1.909036 -3.220455 -9.754379 -3.711758 
0.224214 -0.736091 0.195608 -2.288546 2.650852 -7.150736 -14.808218 
0.688471 0.086716 0.271212 -0.257847 -15.196761 17.393079 -3.034761 
0.121886 0.402004 -0.719538 0.306896 0.846495 2.391100 13.549255 
2.036878 1.980283 -1.423784 -0.464908 4.533533 -5.568650 -6.275285 
0.108772 -0.244289 1.294138 0.383657 -0.061095 9.658263 -6.752764 
0.087214 -1.080956 -1.824350 -1.077220 -0.429396 -9.634040 1.214034 
1.095005 -0.136387 -0.127728 -0.460348 2.372464 -15.646586 -11.178356 
0.462444 0.287623 0.248566 -1.229271 2.502926 6.342853 -21.517157 
1.195467 -0.123489 0.693433 0.134445 -3.693067 20.787358 -5.161456 
0.124532 0.527026 0.191560 -0.008968 14.662259 12.106309 -9.113853 
0.239527 -0.654076 -0.284708 0.697807 -15.017101 0.753085 11.284755 
0.513647 0.012529 -0.243168 0.213742 -7.247550 -10.057676 -19.473745 
2.322161 0.383943 -0.083576 -1.073966 8.980207 7.337694 4.336186 
1.749945 0.045540 0.190668 -0.802746 4.222312 8.740374 -37.765789 
6.427225 -0.406728 0.650179 -0.104434 2.671421 7.099583 -7.238906 
0.187473 -0.465607 0.015580 0.507915 -6.140528 9.960320 17.065944 
0.080411 -1.192083 1.383073 1.060106 -2.298541 6.023206 1.904060 
0.084886 -0.780744 0.042603 0.231300 -6.199031 4.136685 11.626423 
0.210734 0.153795 -0.195836 -0.170236 6.435238 -12.244190 4.062798 
1.039799 0.520760 0.347286 1.180669 -4.175016 5.122325 12.210655 
0.589256 0.451855 -0.037789 0.390585 2.589355 8.883627 -5.216471 
0.193774 -0.954941 0.519439 0.508756 -9.613127 -15.417426 11.251561 
0.204408 0.281814 -0.271554 0.132468 4.672513 -4.421497 15.025865 
0.203976 -1.117757 0.293157 -0.177405 0.337946 -3.301557 -13.195769 
0.100379 -0.025626 0.038024 0.166266 0.343592 8.832956 -4.369669 
0.224716 0.008834 0.091100 1.534268 -7.927148 10.536727 4.579118 
0.736908 -0.415541 1.615266 -0.149612 -12.519114 9.832383 -4.825480 
0.183623 0.972094 0.352977 -0.784385 0.673025 -2.113583 6.262443 
5.763363 -0.535262 -0.687407 -0.050215 3.778684 10.281553 4.436404 
0.155563 -0.121796 0.549294 0.316173 -2.257882 5.896942 -1.052126 
0.205052 -1.183443 0.506821 0.699371 -11.982897 -10.896157 8.252577 
0.256881 -0.554280 -0.893164 0.508967 -3.036849 0.337888 16.158158 
0.383592 0.085011 -0.779285 -0.353654 -2.264368 2.380600 -18.367007 
0.115189 -1.193582 1.521806 0.218547 -7.190870 6.148448 16.153501 
0.144188 -0.989907 0.404884 0.055885 -10.515462 8.968909 -11.134434 
0.208231 -1.185263 0.564851 1.329368 -8.509320 -0.092909 8.132521 
0.523071 -0.278775 -0.224631 0.403671 15.227092 1.402400 13.536283 
0.460238 0.416124 -0.029069 1.558172 10.701100 1.276353 -3.278762 
0.500482 -0.208652 0.802589 -0.146774 -12.092700 -1.234045 15.699759 
0.190881 1.170309 0.512476 1.597731 15.203959 -2.531427 4.788750 
0.095002 -0.086715 0.624983 -0.041312 -8.952665 -14.332428 -2.231524 
0.282526 -0.260101 -0.101616 0.620757 -20.841240 2.266563 6.036284 
7.200905 -1.028301 0.427243 0.916280 -10.724679 4.146365 -7.859622 
0.639887 -0.630360 0.034313 -0.329828 8.905300 -11.237751 -6.134302 
0.088337 0.118938 -0.422539 -0.057082 -1.271270 -0.891526 -1.306842 
3.427020 0.382618 -0.031909 0.655690 -9.673132 5.388462 -7.294176 
0.286232 -0.665837 -0.433183 0.646845 -5.597922 6.077768 8.638383 
0.111446 -0.878790 0.576209 1.066503 -10.816982 -3.061743 0.378980 
0.194955 -0.964695 0.230870 0.379031 -17.059264 -6.705659 -1.163052 
0.190041 -0.720465 0.325242 -0.192965 8.334293 3.874105 -0.187118 
0.170109 -1.466936 0.140794 0.716194 -10.457375 -9.424376 -1.359118 
0.162386 -0.900819 0.559067 -0.109938 -4.204042 5.917975 -6.324440 
1.166044 1.154366 0.497057 2.093373 3.693570 13.055091 13.584916 
0.584740 1.221775 0.055962 0.408198 -7.091086 -3.133850 -1.617122 
0.396613 -0.543224 -1.237085 -0.986071 -8.837936 5.220920 -4.899359 
2.418064 -0.317824 0.574787 0.144463 7.054136 6.473884 3.863211 
1.010429 0.554620 -0.287786 0.041279 10.173185 -7.854805 -5.535657 
2.532142 -1.018456 -0.175030 0.056651 14.986715 -4.426254 3.895848 
0.107929 0.358351 0.322744 0.498553 -6.222333 -14.752968 -9.451094 
0.167175 -0.349857 -0.043730 -0.422684 9.496509 0.958797 15.465188 
0.254952 1.562412 -0.602971 -0.855562 3.532653 5.872358 -7.074907 
0.429694 0.694732 0.762095 0.619918 4.430017 10.205908 -6.087618 
0.496826 0.395862 0.316501 0.761819 7.894318 10.872437 14.771899 
0.121547 0.631562 -2.338952 0.111103 -0.287216 -19.899156 -4.214434 
0.215928 -0.306301 1.630481 0.008812 -3.799540 18.168284 -3.301859 
0.270339 -0.582747 -0.268753 -0.116365 -6.205578 -20.620882 -11.727368 
0.080083 0.257871 0.178097 0.627494 11.318225 -3.168939 -9.306653 
0.272801 0.396573 0.193845 0.265548 -13.927848 11.066452 1.095541 
0.248941 0.389861 -0.319336 0.262945 13.229087 10.076844 -12.680084 
0.198171 -0.235102 -0.169027 -0.271754 -2.769860 15.070209 -1.412341 
0.125940 -0.358117 1.225377 0.223363 -7.219277 10.770742 -2.598630 
0.397489 0.228505 0.007316 0.218114 -10.038527 8.972562 -9.017564 
0.109822 1.931886 0.195621 -0.385447 13.084001 -1.418161 -8.451273 
1.950578 -0.185943 -0.253347 0.539487 6.023881 -14.168133 7.963257 
0.085723 -0.137984 0.622409 0.883331 -0.634356 3.183364 6.141982 
0.261677 0.001959 0.324638 0.667506 -8.926899 -2.618759 5.203524 
0.410668 -0.038301 0.670219 0.928905 6.074521 -11.716537 1.078527 
0.278253 0.585393 0.044481 0.837451 3.207827 7.700603 0.315443 
0.362834 -0.927124 0.899855 0.360943 -3.796522 10.174029 -1.409987 
0.191416 3.774049 0.668787 -0.344897 26.325012 11.759661 -4.217985 
0.204516 0.979808 -0.432622 -0.703990 3.063176 3.335964 6.321839 
0.119244 -0.242076 0.119236 0.593102 -8.508644 -20.395532 -2.463786 
0.394798 0.081335 -0.234379 0.362560 0.534232 -0.560502 15.530228 
0.108074 -0.211609 0.780352 -0.809913 -3.461064 4.949610 -1.116982 
1.687457 1.785244 2.808003 0.336029 12.054214 13.178661 6.721954 
0.142585 0.022843 0.541325 -0.059983 3.764693 20.222930 9.427226 
0.999592 -0.760231 0.698511 -0.126121 -7.910380 -0.421900 10.941175 
0.835224 1.360686 0.464828 -0.014037 -1.902123 14.296904 2.881598 
0.133760 -1.212244 -0.754862 0.427697 -2.218035 5.072480 9.372925 
2.914902 1.140584 -0.639414 0.121849 5.404743 -4.389058 0.115804 
0.289537 -0.998931 -0.514992 0.003287 -6.258875 6.470571 -3.388448 
0.111589 -0.096993 0.266509 -0.154340 -6.893772 -5.024622 -11.165952 
0.666435 0.117132 0.866302 0.538033 0.056050 -1.191875 4.550274 
0.118124 0.249928 0.257349 0.455537 8.754388 15.538475 -7.411728 
0.082017 -0.667351 0.664656 -0.011626 -1.701423 0.510489 -12.696140 
0.384643 0.399776 0.011058 -0.189624 15.119311 12.558290 0.049905 
0.170390 -1.148483 0.317031 0.670011 -10.322716 -5.167233 -2.990092 
0.164634 -0.191332 -0.411679 0.849750 3.788745 -7.039245 7.891503 
0.710018 -0.796671 1.334577 0.763562 1.329835 2.055409 3.052165 
0.490174 -0.176254 0.526659 -0.594350 2.088452 15.853563 -3.933632 
0.209872 -0.563050 0.680017 0.946628 -3.776177 14.440832 -8.035872 
0.191407 -1.663634 -0.908866 -1.579214 -1.860263 0.422314 -10.881911 
0.086220 1.164402 -0.140766 0.704267 2.543644 -2.519776 9.535294 
0.253249 -0.753068 0.691812 0.217004 -19.656497 5.583941 -3.430642 
0.443660 -0.168614 0.435866 0.222732 -14.241063 -4.957838 4.478797 
1.478874 0.142768 0.813417 0.498075 -14.155770 -3.465939 -0.989021 
0.997008 -1.020859 -0.333284 0.040417 -18.366440 -3.738386 0.304710 
0.119733 -0.403366 0.421894 -1.173854 6.108466 -6.581587 1.282963 
0.155712 -0.570041 0.260730 0.235353 8.412926 15.697036 -16.225753 
0.248140 1.481389 0.297070 0.146062 6.866093 5.158087 3.005059 
0.211986 -0.948096 -1.254140 2.258449 -7.011129 -9.041858 5.535594 
3.164370 0.035778 0.474960 0.564034 -9.115489 -2.294059 16.009919 
7.811175 -0.091761 -0.463230 0.364850 -1.385787 -22.936552 17.628256 
0.119711 0.227587 0.061719 0.830394 11.648953 0.317363 -1.650955 
0.081905 -0.379360 1.847498 0.410989 -6.428272 3.659638 2.149979 
0.128974 -0.801471 -0.666146 0.388385 -6.915473 -9.051565 -6.232816 
0.098410 -0.729019 0.553274 -0.380276 -1.075671 5.216043 4.687889 
0.208666 -0.295217 0.396669 1.147168 6.248657 10.223676 1.660989 
0.338702 0.182096 -1.036000 0.995275 8.659369 -1.952503 12.436744 
0.270406 0.204234 -0.449620 -0.737053 15.622588 2.571985 3.103231 
0.261780 0.003751 0.069122 0.569348 -1.066111 -8.075879 15.854596 
0.198271 -0.088669 0.508195 -0.319294 -10.638900 4.698641 -5.713579 
0.547947 0.589036 0.453837 0.580337 8.017582 8.613553 3.232104 
0.084496 -0.521817 0.667550 0.776320 -3.067888 -15.552488 8.059107 
0.547853 0.270185 -0.596102 0.102825 -7.348698 1.209577 -2.143643 
0.124445 -0.529277 0.630993 0.343043 -16.480012 10.356826 -7.593740 
0.573077 0.037529 0.265765 0.048055 -0.835066 -6.557729 13.130109 
0.415176 0.322575 -0.665886 -0.045381 0.702177 0.291362 9.643535 
0.878922 -0.346930 -0.374174 -0.678413 -7.700379 -14.641726 8.155407 
0.094683 -0.405974 0.670501 -1.411028 0.112882 -7.057123 0.336251 
3.025229 -0.564494 1.751221 -0.262718 8.126853 5.113153 -4.404632 
0.102725 -0.729357 -0.664438 0.327975 -0.843947 -6.107684 14.245247 
1.385436 -2.036596 0.652682 0.610927 -5.582234 12.161551 5.365121 
0.188343 0.914611 -0.276097 0.591304 -0.055893 3.072548 7.363389 
0.308804 0.472120 -0.027226 -0.293313 5.643454 -18.506897 0.013027 
0.266901 1.554042 1.045104 0.418476 13.820324 -1.570115 2.439563 
0.352073 -0.191799 -0.297121 -0.736382 -11.900653 -0.351191 12.215027 
0.588656 1.018972 -0.844718 -1.410797 9.704554 -2.247373 -3.438262 
0.105091 -0.174727 0.453990 0.095749 1.119175 4.309441 -1.850126 
0.147682 1.024126 -0.345922 -0.142241 2.219209 -6.223927 13.712806 
0.179358 -0.796442 0.600636 0.231565 -9.344706 5.989799 14.184437 
0.522896 0.174796 -0.719678 -0.140677 -9.021564 0.561377 -2.812631 
0.141510 0.812301 -0.468708 -0.221698 -0.112722 0.872523 5.302018 
0.105633 0.159987 0.031665 0.488603 9.418557 -2.636784 10.392177 
1.115389 -0.061676 -0.153476 0.521211 -11.474691 6.125382 10.100456 
0.100224 2.181817 -1.522407 -0.338322 7.021672 -8.951064 -9.748944 
3.043771 1.569072 -0.405222 -1.927542 7.797766 -2.387278 -3.960088 
1.677124 0.298960 -0.396864 0.044958 -2.657455 14.792012 -12.751949 
0.154714 -1.698245 -0.716284 -0.454612 1.700241 -2.476197 -2.925766 
0.509531 0.236105 0.411253 0.127600 -11.698511 0.662511 -6.773969 
0.118595 0.260528 0.082192 0.425450 -16.943122 10.163086 -7.507644 
0.192470 0.936206 -0.346397 0.532323 -2.353695 -2.326373 1.666483 
0.156661 0.073793 -0.233138 1.582234 0.589287 12.575263 4.582939 
0.269171 -0.546989 0.013719 -0.433411 -12.915053 -4.563997 1.474647 
0.275015 -1.103763 0.481815 -0.043904 -10.057897 -1.141894 -9.148847 
0.133107 -0.399111 0.318223 0.912029 -2.292018 -1.112044 9.201763 
0.116244 0.149787 -0.790761 0.257626 -9.244324 4.218431 -2.224469 
0.262815 -0.713130 -0.980965 0.152264 -6.581081 -2.640172 -11.109377 
0.152197 -1.076405 0.390673 -0.996180 -16.826809 2.582690 1.486095 
0.591538 0.439438 -1.202538 -1.660329 -3.542091 -4.069816 -16.178984 
0.273814 0.171124 0.354327 0.204885 12.588026 16.831598 0.741847 
1.296377 -0.509825 1.257340 0.583076 -8.821396 6.463766 0.425311 
0.625099 0.039658 0.076427 1.034124 -0.715682 14.196371 9.792625 
0.953431 -1.492460 -0.701087 1.540868 -4.067796 -2.729111 11.191586 
1.362864 0.290314 -0.023997 -0.330241 11.894013 -13.691968 -2.687693 
0.388981 -1.139162 0.017820 0.664126 -12.597822 -7.117189 -1.702463 
0.178332 2.252355 -0.221941 0.113602 17.087689 5.922312 7.014311 
0.372184 -0.400027 -0.489250 0.103435 9.001092 4.452047 -13.498555 
1.884918 -1.443990 0.100342 0.307513 -1.920384 -1.507652 9.556135 
0.093160 -0.772080 -0.596586 -0.454164 8.784779 0.672953 7.719334 
0.093696 0.264492 -0.205026 0.403079 -4.784396 15.386143 -1.286215 
0.080850 1.777920 -1.677640 1.497713 3.656297 -14.338427 9.663464 
0.277717 -0.076505 -2.174727 1.544204 0.890400 -4.311471 13.193102 
0.330199 -0.678893 0.833735 0.077525 -0.503415 -1.131752 -10.033280 
1.020862 0.537930 -0.132222 0.095583 -4.338791 -12.822078 -3.060098 
0.554068 -0.734684 0.055394 0.160238 -0.756701 -9.106955 -11.951901 
0.410517 -0.077272 -0.109337 0.784710 -18.701999 3.043235 0.067432 
2.241100 -1.368799 0.516907 0.136020 -3.037637 6.508607 -7.262223 
0.769947 -0.048587 -0.088862 -0.600013 12.758082 9.878597 -8.031378 
0.085466 -0.819952 -0.694569 -0.167131 -17.242933 -5.138730 2.583394 
0.645582 -0.185806 0.141846 -0.540031 7.407594 -7.558418 -4.360175 
0.291207 1.847162 0.023429 -0.653029 12.316367 -1.750096 -3.877894 
0.780826 0.694698 1.895829 0.454114 -7.808673 12.977483 4.450665 
0.178041 -0.122092 0.343109 0.653645 2.262231 -1.244090 -4.733438 
0.111657 0.014693 0.485663 0.646947 -16.753465 3.778175 -1.940751 
0.141933 0.152869 -0.526229 -0.424806 10.646347 -3.569720 -10.843231 
0.503658 -0.701202 -0.575048 1.045836 -12.475470 -5.034559 10.166388 
0.266518 0.022509 -0.871387 -1.032444 -12.962615 -1.889940 -1.891760 
0.136578 1.246217 0.456485 0.415616 5.401491 4.843726 -1.062998 
0.126498 -0.831181 -0.646903 -0.429910 0.383477 -6.166706 0.840451 
0.081261 1.938089 0.306152 0.117074 9.092295 -10.809323 -1.089027 
0.167252 -0.130598 0.064180 -0.051954 2.583830 0.004225 -6.789436 
0.607244 -0.552181 2.249877 0.503881 0.871488 4.179520 -1.435796 
0.266741 -0.802289 0.016771 0.889215 -1.922068 -8.714359 7.972198 
0.157175 -1.026350 -0.711009 1.619482 -19.367588 -1.955253 5.484369 
0.366807 0.365397 -0.144348 -0.566801 0.612005 11.405996 -0.287375 
1.030213 -0.352189 0.363137 -0.018852 -9.950026 0.825496 -15.838248 
0.140945 2.007621 0.968614 0.560791 6.449447 -1.147864 9.155015 
0.288794 -0.665630 0.399618 -0.642557 -3.646912 8.198719 1.560140 
0.182724 -0.804580 0.260953 -0.364211 2.582367 -16.232452 -2.969623 
0.115248 -1.402694 1.074871 0.484576 -1.681027 -1.403425 6.874552 
1.012019 0.093281 0.427062 -0.369407 5.219198 7.926854 -11.823312 
0.292049 -0.677986 -0.504227 0.456339 10.201169 -2.930874 3.753453 
3.273691 0.121524 -0.017026 0.290939 -0.580507 -2.921193 -12.258758 
0.507219 -1.164557 0.554249 1.293084 -10.126396 -10.301578 10.651764 
0.325723 -0.631653 0.462838 -0.140192 15.457645 -0.659564 -10.480110 
0.153073 1.277458 1.186764 -3.102958 11.012893 0.245929 -26.003754 
0.229855 0.475612 0.285248 -0.046260 -5.448236 -5.693163 -10.375976 
0.196589 0.150606 0.286785 -0.099797 -1.183748 3.271598 14.372377 
0.095001 -0.440943 0.357773 -0.973055 -8.066302 2.262071 0.397485 
0.458870 -0.573746 -0.235527 -0.057616 13.479132 13.840174 4.345658 
0.085890 -0.410904 2.161638 1.241993 3.518054 6.901864 15.184466 
0.170408 -0.968364 0.592939 0.474343 -10.266421 1.077324 12.835961 
0.130084 -0.187000 0.410861 -0.123749 -10.003002 13.830067 -4.288512 
1.384359 0.122889 0.522255 0.559816 6.388417 8.932315 -4.054116 
0.642711 -0.470964 0.633189 0.389287 -5.930556 0.517244 12.037502 
0.176254 0.094996 0.477469 0.613923 15.546793 16.663142 2.086606 
0.156623 -1.304631 -0.348010 0.517131 -5.618404 9.033252 2.894612 
0.874755 -0.695241 -0.079036 0.364330 -5.774714 7.225699 6.936736 
0.628183 0.035180 -0.578273 0.542310 3.188822 -7.920010 -7.690089 
0.127719 0.682978 -0.410114 1.281854 -6.606801 -2.332555 15.915146 
0.209256 -0.894668 0.194126 0.056525 -6.451456 7.525611 -14.553124 
0.393003 0.356930 0.254211 -0.208711 -14.744397 -3.280724 -8.107961 
0.395444 -1.309335 -1.543278 -0.157973 -0.448582 -2.678668 5.821410 
0.150757 0.831831 -0.839219 1.214699 12.754834 -1.615103 5.505942 
0.613619 1.585305 -0.375711 -1.765198 12.386704 -7.600356 -13.177766 
0.371705 0.387671 0.851961 0.576374 -11.452550 13.244555 0.507565 
0.128172 -0.264650 1.075126 0.997208 -7.585194 6.160151 13.795255 
1.227367 -1.358515 1.836992 0.859568 -2.832454 14.281790 8.147139 
1.287495 -0.437407 0.277331 0.287298 -3.752644 10.636402 2.874842 
0.285623 -0.744186 -0.697032 -0.559062 4.650053 -6.104890 -3.950657 
0.186793 -0.673980 0.789207 -0.188652 -4.394482 2.037173 10.105646 
0.151928 -0.559685 -0.212802 -0.090716 -23.145753 0.907396 6.607813 
0.107729 0.202522 -0.188194 -0.336879 -4.474218 22.953485 -3.186332 
0.789450 -0.292863 -0.221227 -0.065567 -5.983934 -21.374409 -14.452794 
0.417882 1.174198 0.086769 0.069564 -0.144951 -3.972240 14.989641 
0.415458 -0.332881 -3.062546 -0.426501 -5.640267 -15.354129 3.464573 
0.510419 -0.603111 0.892655 0.393877 -18.897706 7.877642 -3.009458 
0.130425 -0.367474 -0.586945 0.516331 -11.763036 3.869398 -8.071718 
0.312402 0.468811 -0.524601 -0.049313 7.778994 -22.327384 4.914541 
0.489643 -0.042953 0.548946 -2.609808 -3.738840 5.720317 -10.555468 
0.449688 1.030715 0.809189 0.866352 5.926763 12.975094 -5.898414 
4.640213 -1.583685 -3.631491 -4.498691 -7.613323 -23.356540 -33.124680 
0.102329 0.293824 0.327261 0.734944 7.353497 14.128661 -7.179695 
0.088752 -1.435033 0.776352 0.165132 -4.432079 13.872179 -8.658711 
0.124181 0.685651 -1.172095 0.358328 3.266050 -1.311735 -5.490678 
0.142677 -0.765805 0.100545 -0.271422 -14.876885 11.592299 8.378958 
0.646196 -0.546878 0.637227 -1.085040 6.157846 -7.173106 -9.642993 
0.112694 -0.618302 -0.715757 -0.151737 4.471824 -6.756220 -9.106412 
0.176104 -0.528281 -0.388482 0.272888 -12.502848 4.787189 -17.642346 
0.106965 -0.555944 0.451893 1.203731 -1.247707 11.767996 10.955677 
0.330430 -0.658245 0.414530 0.120260 10.355962 -13.700385 0.635572 
1.059937 0.669213 -0.191514 -0.644890 -3.491207 1.388905 -2.381628 
0.446854 -0.104165 0.185896 -0.515779 -4.916279 -13.970600 7.312047 
0.249843 -0.592830 1.334079 0.651446 -9.595292 9.264324 3.477287 
0.126972 -0.119379 0.207922 0.146285 7.756083 7.979495 21.253036 
0.148713 0.492544 0.283892 0.544546 1.834044 2.171401 -6.198546 
0.153845 0.900829 0.853146 -0.313350 -2.977257 0.055060 -1.388373 
1.523067 -0.277940 -0.670138 0.267423 -0.120906 -3.160871 -1.683461 
1.665441 0.192588 -0.001657 -0.786628 -5.095606 16.735593 -2.750162 
0.167356 0.037364 1.057306 0.769875 -10.474220 6.817778 5.425106 
1.433413 2.539572 -1.812728 -0.037575 9.104495 -14.464960 1.564230 
0.264805 -1.146859 -1.256780 0.316064 -9.260006 3.083946 4.040932 
0.110793 -0.077037 0.791071 -0.781752 2.410254 4.082271 -5.410526 
0.180061 -0.308551 -0.230157 0.268015 0.101872 -14.956141 1.525552 
0.195410 -0.157880 0.253187 -1.610252 0.083789 1.209199 3.364774 
0.091610 1.422869 0.607130 0.905134 -1.317266 -0.257965 12.885913 
0.100160 -0.623067 0.515675 0.529300 -3.034262 18.765328 3.605287 
0.329612 -0.398771 0.292863 -0.144747 5.861066 4.750913 -17.772175 
0.174903 -0.769845 -1.428273 -0.394984 -9.942707 3.043352 -6.137662 
0.088879 -0.361133 0.367461 0.116344 -0.461155 -0.397495 -7.766458 
1.382242 0.311826 -0.769455 -0.928144 11.026190 -6.481966 8.013880 
0.137418 -0.792955 -0.222829 -0.242889 -9.941951 -8.087218 -7.545747 
0.550522 -0.395664 -1.172874 0.563198 10.063409 -4.323555 8.527010 
0.977405 -0.951574 0.572047 -0.145040 -6.034263 -9.230947 10.651433 
1.078071 2.351612 3.096938 0.727023 36.133502 33.122793 3.648945 
0.158053 0.956805 -1.996913 0.024498 12.250873 -13.067186 1.764727 
0.173348 0.150133 0.138126 -0.011867 -9.788234 5.423491 8.302078 
0.082934 0.709353 0.205984 -0.001205 -5.155837 7.277341 -17.339201 
0.136636 -1.202968 -0.308458 1.221214 -6.405520 -0.830482 4.887969 
0.143734 -0.670906 -0.051173 -0.157821 -20.277430 -9.713991 11.050280 
0.441192 0.217487 0.387717 0.064524 10.273873 -6.057835 11.490929 
0.419927 0.469978 -0.504841 -0.506793 7.507714 5.469359 -11.463326 
0.233936 -1.164702 -0.326831 0.066186 -5.767567 -16.870656 -17.024020 
0.472655 -0.144798 -0.457267 -0.319685 9.923742 4.685015 7.538044 
0.114863 0.202085 0.171966 -0.975740 9.631475 -3.861548 -0.339333 
0.090134 -0.306889 0.550726 0.121331 -17.542628 -8.267547 -2.310212 
0.541043 1.883928 -0.286688 0.488173 9.966415 -1.800652 11.362055 
0.282572 -1.190879 0.106058 0.945606 -2.212190 8.978208 7.547507 
0.115642 1.087696 -1.078361 0.051727 -1.283026 -1.903709 0.013626 
0.081355 -1.938991 0.606171 -1.059347 -16.063758 7.785896 1.529504 
0.367829 -0.503150 0.264280 0.364807 0.391633 22.978537 -6.988543 
0.139629 0.068841 -0.844180 0.158021 6.115428 5.333596 3.643881 
1.352784 0.464218 0.017472 -0.141952 3.599610 4.574662 3.196577 
0.125255 0.421521 -0.612615 -0.275553 2.854226 -7.304078 7.709469 
0.401327 -0.193783 -0.695820 2.319659 -1.346902 -1.041312 9.243351 
0.285734 -0.906373 -1.712794 -0.143481 5.430069 -9.305934 4.724147 
0.395651 1.330843 -0.434043 0.007510 4.583563 3.310579 5.330134 
0.293098 -0.649492 0.157365 0.433609 -14.385792 12.913302 -11.914039 
0.087827 0.441235 0.349057 0.526085 10.591105 -12.220389 -1.930142 
0.145431 -0.522589 0.419880 -0.800205 11.389230 11.598059 -8.009321 
0.180115 -1.586921 0.900768 0.217488 -6.318585 -0.441785 9.888103 
0.096200 0.220007 0.096759 0.111155 2.539501 11.430295 -2.347517 
0.666776 -1.635187 -0.753652 1.388400 -12.061757 -1.313142 6.738344 
0.204329 -0.538058 -0.192808 0.460943 -9.227840 -2.166879 -5.747241 
0.115895 -0.249755 0.819964 -0.497581 -7.087209 5.644556 -8.309860 
0.093908 0.227506 0.206988 0.651313 3.706285 19.482370 8.800733 
1.218377 -0.276837 0.668224 -0.043164 13.187939 0.827644 -19.681892 
1.577937 -0.812488 -0.243537 -0.209411 -8.157657 -1.777032 -2.714167 
0.624013 -0.348881 0.314418 -0.650301 0.709404 13.752571 -7.912319 
0.094581 0.599214 -0.275482 0.276197 -6.483653 -16.576855 -4.252133 
0.082735 -0.138722 0.554478 0.559169 -4.638621 -2.829043 18.330335 
0.117562 -0.193598 -0.330053 -0.858036 -10.997675 14.545107 -4.343377 
0.104059 -0.000137 0.185896 -0.566612 -5.863477 18.223815 0.962582 
1.175398 -1.027989 -0.522681 1.326437 -14.749505 -6.985301 -0.467083 
0.164169 1.426651 2.102731 -1.051642 6.937454 3.781422 -9.984497 
0.291452 0.030731 -0.438136 -0.274501 11.492578 -2.579573 5.316846 
0.206673 -0.877449 -1.141914 -0.011063 -3.505777 -4.031921 -2.633434 
1.289324 1.389587 2.209861 0.631793 13.188237 17.024579 -5.777692 
0.086315 -0.261660 0.604276 0.431846 10.431306 8.494462 12.130279 
0.235153 -0.252767 -0.640130 -0.045160 -5.144703 3.728384 -7.553680 
0.115719 1.558941 -1.439212 -2.168921 13.382251 -11.475487 -10.352813 
0.363410 0.274126 0.544079 0.686879 -3.091113 12.178851 4.273000 
1.751386 1.265495 -0.331509 0.240890 -1.578750 -8.296223 6.784837 
0.207984 -0.644071 -0.814681 -0.419415 -1.039108 -3.444135 -4.573281 
0.102911 0.901336 -1.172362 0.422849 5.795133 2.737913 11.270755 
0.178659 0.191609 0.165176 0.392756 4.626073 -19.187275 -4.355170 
1.266026 0.174228 -0.411889 -0.041394 -2.236570 -10.154842 16.098263 
0.304509 -0.573777 -0.368983 -0.413428 -14.281275 4.408925 -9.013217 
0.111776 -1.023767 0.523918 0.092858 -0.381978 2.835424 -0.632981 
0.518423 -1.628902 -0.831660 2.131603 -7.230765 -12.790407 15.674240 
0.412206 -1.178247 0.436426 0.460062 -16.863445 13.107238 -8.536554 
0.151101 0.462506 0.626141 0.597168 -2.082248 2.405397 21.526748 
0.220913 0.057994 -0.035613 0.217039 -3.256168 -21.131247 1.400331 
1.412488 -0.082267 -0.099208 -0.328792 -2.889443 7.200011 8.870708 
13.278585 -0.851655 -0.281453 0.325119 1.222687 -10.437560 -7.726742 
1.463321 -0.654886 1.152643 0.601910 4.883400 11.449189 7.864709 
0.120159 0.966965 0.361327 0.366458 1.693528 10.573179 -8.001192 
0.365350 0.245962 -0.507497 0.360171 -0.777814 -7.116243 -7.045752 
0.105973 -0.018901 0.406646 0.934006 8.064913 13.544169 11.740006 
0.295892 0.290124 0.585905 0.669506 11.768405 13.981147 -0.455700 
0.206326 0.264126 0.383836 0.367334 8.402981 0.261524 3.509201 
0.093712 -0.869598 0.632567 0.027929 14.328255 -1.873009 4.217073 
0.095148 -0.323886 0.763458 0.176455 -13.611028 4.418432 -11.717066 
0.206538 -1.347738 -1.311915 0.535663 -16.356975 -0.490120 2.816616 
0.086877 -0.678041 -0.304178 -0.519023 -13.025013 -7.548855 -11.203422 
0.089099 -0.520470 -0.749694 0.634457 -4.835554 -1.185891 -11.143120 
0.510706 -0.789880 0.726502 0.920314 5.777245 1.265934 11.074490 
0.209703 2.330244 -1.006189 -0.795404 11.696413 -0.528278 -1.993318 
0.558090 -0.361880 -0.593996 0.253736 0.252806 -19.708445 -6.599228 
0.094925 0.043356 0.321738 -0.448762 -4.447218 8.526472 6.537014 
0.169485 0.068923 -0.492408 -0.213222 -1.703222 -1.447813 17.316986 
1.190304 -1.438848 -1.614769 0.533029 -1.763734 -8.224650 2.274455 
0.229716 -0.665283 -0.476385 -0.255701 2.295873 18.226611 -0.675069 
0.590880 -1.028109 0.555358 -0.041608 1.379817 8.820960 -1.248108 
0.480535 -0.845155 0.131976 0.295602 -16.711555 -6.081886 3.313335 
0.234429 -0.971480 -0.250906 0.281898 -1.049211 -0.202993 16.220795 
0.582021 -1.406655 0.898845 -1.247498 -4.168530 5.538335 -11.652857 
0.189197 0.075481 -0.192180 -0.090042 -13.689441 13.746521 14.959509 
0.259575 0.486599 0.228632 -0.847701 13.371330 -3.214842 6.700330 
0.447006 -0.817044 0.771003 -0.500746 -0.576375 -0.782453 -5.904399 
0.147887 0.440984 -0.263886 0.439643 1.311455 -7.079314 -2.200753 
0.231699 0.286335 -0.140333 0.345033 0.771233 9.975597 6.682185 
0.453708 0.113969 -0.115913 0.477911 -7.189874 12.307388 -0.473516 
0.920339 -0.327673 1.361835 -1.277216 7.277691 4.356070 -2.811883 
0.955703 -0.263657 0.566205 1.085231 -2.908290 -1.200943 11.509443 
0.084577 -0.071567 -0.167817 -0.284097 -12.814584 -12.770426 9.898433 
0.160624 0.199517 0.799689 0.684251 5.122086 -1.346367 -0.001168 
1.172148 0.944838 -0.064530 -1.364772 0.474980 -7.327511 -12.894048 
0.760534 0.406678 2.735224 0.981020 7.505915 11.888797 14.380955 
0.114553 0.581240 -0.608808 0.579732 13.984981 7.937458 2.078057 
0.117572 1.394642 -2.146315 -0.293281 6.739682 -18.275840 -4.134309 
0.762149 2.736799 4.145392 -2.242325 22.142703 30.875743 -8.390891 
0.232792 -0.251054 0.555541 0.053389 -18.627636 18.511811 11.251412 
0.215009 -0.278755 -0.408446 0.272506 -0.819106 -4.047804 3.565881 
2.204810 -0.193596 0.842882 -0.031818 -2.651263 -2.525973 -1.282667 
0.129032 -0.570083 -1.841629 4.638343 3.230991 -17.085577 34.327343 
0.374042 -0.164026 -0.051784 -0.009393 -24.437249 -8.349887 5.363655 
0.205433 -0.974074 1.089201 0.999083 -11.434561 10.740789 -9.171525 
0.160079 -0.754571 0.791888 -0.050934 -7.960274 19.717961 -15.219512 
0.136090 -0.889547 -0.130377 0.743055 10.466934 -12.717021 9.674786 
0.119841 0.067708 0.833497 1.175995 -7.524277 -0.984256 12.781794 
0.201503 -0.936904 -0.865596 1.936821 0.680430 -8.282681 3.543122 
0.611073 -0.881925 -0.332547 -0.402706 -12.181019 4.452034 -7.392527 
0.115016 1.251119 -1.114946 -1.995386 5.954212 -11.800719 -6.000947 
0.399244 1.201565 -1.042798 0.535959 5.619943 -1.458715 5.764247 
0.131342 -0.482525 0.368274 -0.889035 4.243522 10.135533 9.081863 
0.174201 -0.028884 -0.022430 1.784478 -2.014481 14.200760 9.665157 
0.089275 0.793053 -0.026178 0.073792 -0.129183 -1.790219 4.281350 
0.438872 0.419498 0.373834 -0.213954 -5.398105 8.083126 -15.588844 
0.085636 0.308251 -0.645780 -0.499265 -8.031906 -2.988667 -4.134960 
0.582912 -0.450164 0.514488 -0.175483 -3.370602 4.797070 7.098013 
0.240412 -1.763984 -0.107712 1.494450 -2.584115 0.309194 15.849628 
0.226021 -0.260064 0.268520 1.150745 -16.857347 -0.681789 1.491404 
0.107205 -0.489225 -0.215935 0.530192 -2.302330 -2.331055 10.057825 
1.102835 0.381582 0.365373 1.159856 2.678968 4.141533 2.883831 
0.266126 -1.273211 0.735182 -0.830164 -9.536966 -3.568507 -6.308935 
0.409423 -0.688024 1.457607 -0.712897 -9.373898 -1.474338 1.547296 
0.089384 0.664359 -0.695729 -0.285688 2.102649 -10.102915 6.928333 
0.113871 0.246112 0.092350 0.171425 -4.332424 9.944467 9.429542 
0.746267 -0.213678 1.648270 -0.566119 -4.209773 -3.432790 -4.682799 
0.219386 0.262712 -1.607433 -0.611064 11.784385 -6.978618 -0.562553 
0.439077 -0.955516 0.273409 -0.855306 -13.278845 1.614584 2.057556 
1.444015 -0.427386 0.276992 0.018621 -19.296100 12.938589 8.310164 
0.102731 0.584975 -0.133190 0.317025 -4.494595 17.144748 -6.970556 
0.202560 -0.255194 -2.154490 -2.227753 5.361675 -17.885145 -25.946002 
0.091773 -0.047760 -0.213086 -0.081724 4.426873 -5.908494 6.663813 
0.159646 -0.708656 0.055798 -0.460238 5.794181 -10.338456 11.846725 
0.210510 -0.877021 -0.372119 0.365852 -5.440583 -0.520361 8.271058 
0.129464 -0.188855 -0.360087 0.164185 4.362692 -21.431717 9.440065 
0.235395 -0.355155 0.789064 -0.062195 -2.228621 16.480268 -2.121283 
0.392760 -0.626782 -0.423894 0.011995 -12.774802 -2.356916 14.539515 
0.340464 0.213603 0.947808 -0.429581 1.509848 4.348789 14.438586 
0.558675 0.878949 0.580682 -0.367377 0.183897 9.980477 -7.343821 
0.269181 0.019554 0.294482 0.071618 -1.591166 0.892019 -18.158076 
0.080832 0.313602 0.614769 1.470329 -1.872947 -3.462635 9.547928 
0.161454 -0.964994 -0.079531 -0.224072 -7.140496 6.254439 4.572346 
3.272843 -0.399079 0.414999 0.215050 6.962466 -6.166053 10.494681 
0.126733 -0.382701 -0.864354 -0.149453 -18.216713 1.064954 4.075958 
0.147442 -0.695467 -3.105284 -0.493214 -2.373034 -20.760362 0.995807 
0.234874 -0.485635 0.364253 0.582624 0.301769 -11.689384 9.429593 
0.088322 -0.400289 0.655813 -1.421120 -11.123892 5.061046 -2.790936 
0.124823 -0.487460 0.294046 0.479881 -7.292594 6.172905 18.340472 
0.134972 0.912158 0.838113 0.212866 -2.472227 -1.558929 -5.235585 
0.114632 -0.133089 0.502698 -0.310662 -1.590126 -1.637080 -11.694250 
0.145861 0.386493 0.314897 -0.319897 12.299121 11.938940 -4.006213 
0.263366 -0.324768 0.474188 1.120945 -3.890919 4.157828 17.647476 
0.973808 -0.757270 0.725362 -0.072572 -5.936063 0.065099 0.325703 
1.966409 -0.531866 0.439871 0.217629 -3.580479 2.051386 0.311100 
0.137245 0.328772 0.003064 0.245870 -7.214889 1.860361 15.695865 
0.175886 -0.190993 -0.145360 0.660144 4.499183 4.598878 3.750704 
0.427154 -0.072424 -0.671036 0.289655 7.345684 0.027378 -11.494425 
0.305641 -0.169910 -0.800995 -0.149440 5.688015 -6.495912 10.018716 
0.126873 -0.323630 0.418860 0.139921 -13.212687 12.988487 -9.098918 
0.202129 1.481313 -0.359213 1.930369 1.838874 1.880316 15.140128 
0.103947 -0.239764 1.080578 0.306035 -17.602133 -1.916973 5.277923 
0.160192 1.228178 -0.319287 0.644925 7.860997 11.254342 0.545104 
0.087931 -0.574365 0.183947 1.010874 1.572483 9.050562 11.348343 
0.201166 -0.795254 -0.698294 0.824315 -0.041111 -4.222542 1.691183 
0.129271 -0.945707 0.459186 -0.262704 -2.122887 16.949488 -7.653056 
0.244547 0.087967 -0.018253 0.826013 9.337774 0.702629 -0.313719 
