0.202999 -0.192943 -0.122713 0.361739 0.969061 20.860673 -11.621630 
0.583882 -0.650067 0.657211 -0.318409 9.590338 22.532777 6.424756 
0.585149 -0.200384 0.126504 0.891185 9.200884 -1.509741 -8.558890 
0.085689 0.078432 -0.670946 0.185849 -14.952531 -2.922498 21.979087 
0.090936 -0.146930 -0.112182 0.169330 1.873565 10.629512 -22.710942 
0.457888 -0.456822 0.928850 0.795767 -14.803839 -2.886779 5.767830 
0.179449 -0.520829 -1.125722 -0.510645 -5.255433 -9.380712 -7.238027 
0.103175 0.821897 -0.565514 -0.722164 5.115256 -16.723290 -0.054673 
0.199182 1.965543 -0.331007 0.374032 17.674880 -9.820684 4.080486 
0.109107 0.635457 -1.534807 0.378071 1.713109 -10.384607 8.203880 
0.232498 0.451697 -0.384273 0.572299 -3.837261 -8.467523 -8.814063 
0.683878 0.114150 0.841380 -0.851456 -11.975744 -0.791058 -15.119384 
1.809017 -0.144380 0.173187 0.112015 4.605053 3.101398 -9.222605 
0.133767 0.674634 0.865951 -0.637208 22.342355 8.614202 1.180398 
0.207935 -0.923770 0.279279 -1.140572 -8.529876 15.818293 -6.688383 
5.586845 -0.497661 -0.257730 0.282542 11.354032 2.949949 -10.409418 
0.099031 -0.287133 -0.649551 0.092170 3.959631 3.284063 18.920388 
0.095457 0.048524 0.098684 0.085436 -13.759195 -13.898987 15.146971 
0.166412 0.305997 0.855085 -0.310010 4.478896 -0.558975 -19.462526 
0.401973 -0.562967 -0.479616 -0.523512 3.594334 -23.889258 4.313856 
0.149690 0.444534 0.267670 0.089423 0.249656 11.787044 17.751312 
0.135040 -0.663020 -0.144681 -0.066713 7.502811 15.733685 -3.635155 
0.230700 0.881071 0.008700 -0.906416 3.116112 11.067852 -6.798783 
0.296048 0.302704 -0.900830 -0.229805 -4.035312 0.438467 10.464192 
0.089040 -0.153465 -0.276186 0.458488 12.350173 -10.332230 8.706651 
0.218861 0.579113 -0.767843 -0.475105 15.520232 -5.775549 -4.311764 
0.780326 0.698809 -0.035347 -0.606138 7.697092 -13.639764 -11.985161 
0.110177 0.904051 1.056043 -0.421637 7.373210 12.359162 9.821940 
0.308745 0.716503 -0.224843 -0.462819 17.455433 -23.866458 -10.965097 
0.930095 -0.048103 0.070600 -0.061305 10.112727 2.171553 -15.065020 
0.154448 -0.189702 0.104935 -0.145557 16.662261 19.987657 -6.629684 
0.449860 0.053605 1.270548 -0.023702 -6.899043 4.861684 11.265959 
0.194281 -0.876536 -0.288113 0.498080 4.929727 -5.607390 -1.049999 
0.121470 0.226336 0.492483 0.493179 -12.373405 3.481175 25.064540 
0.388680 0.059665 -0.163860 -0.798349 2.503083 13.538383 -3.622385 
0.552874 0.538254 -1.200630 -0.097132 -3.633897 -17.915684 12.242193 
0.107074 -0.243648 0.670938 0.220250 9.387017 -5.327987 14.643436 
0.218546 1.073086 1.263980 0.303531 4.289430 12.011317 -0.446690 
0.118025 -0.042697 0.439004 -0.405726 -16.044269 -14.855674 -3.601830 
0.176826 0.111755 -0.358545 0.620495 -10.441812 -2.736238 13.270301 
0.123628 0.239557 -0.627617 -1.007590 -3.948991 2.579312 -3.605694 
0.103987 0.231292 -0.724849 1.404411 17.473676 2.951643 22.610998 
1.612405 -0.002210 0.045741 0.573202 -6.455326 -5.096057 3.388235 
3.952128 -0.390962 1.564938 -0.097603 -0.626803 9.249551 8.368841 
0.090817 -0.226375 0.083052 0.071914 16.041866 -6.827297 -6.682919 
0.094271 -0.333891 0.760032 -0.137128 -1.659089 -10.619603 -10.654101 
0.105198 0.203994 -0.336840 -1.125185 -14.256709 -3.603517 -12.139125 
0.122132 -0.216946 0.038237 0.175052 -14.986207 -5.885228 -1.898350 
0.167817 0.299732 -0.672583 -0.579751 -10.835558 -12.001716 7.653607 
0.138488 -0.569263 -1.477407 -0.638050 -0.996878 -19.204274 4.474459 
0.701272 0.230060 0.198665 -1.058436 29.060731 4.201245 -9.879323 
0.367183 -0.049958 0.505992 1.027571 2.133928 -7.818553 16.249842 
0.116639 0.491408 -0.436112 -0.098968 2.144803 -7.633860 -5.901393 
0.156405 -0.375211 0.229517 -0.379411 -11.284674 8.433925 -18.970018 
0.118162 0.367071 -0.334128 0.028756 -3.767151 12.675502 13.659994 
0.151293 0.137875 -0.095756 0.154710 -0.705231 -7.814180 -29.649306 
1.456612 -0.325017 0.066112 -0.126930 -10.128465 3.290067 22.322314 
0.095248 -0.267477 0.485472 0.393520 -0.352223 -1.895545 -12.216507 
0.298886 0.137955 -0.022341 -0.342880 -8.145347 4.544264 19.515933 
0.512636 -0.136737 0.683140 -0.418196 0.362219 -0.369553 15.854459 
0.121466 0.540487 -1.168936 -1.671499 13.660862 -14.097720 -14.516919 
0.863813 -0.710338 -0.293036 -0.050872 -0.694483 -5.331358 -12.429550 
0.283593 -0.564218 -0.300263 -0.739435 -7.560093 -1.367786 8.017351 
0.114183 0.033757 0.568989 -0.232115 -11.371729 24.281005 -2.262843 
0.387857 0.086399 0.037276 0.716649 -5.570639 -15.106880 -4.108453 
0.102340 -0.179617 0.083196 0.867591 -10.442171 -16.929207 22.562462 
1.423034 0.347445 1.318673 0.101631 14.977424 3.840004 -3.489306 
0.118440 0.020925 0.028209 1.079151 8.690910 -9.036406 3.275477 
0.087317 -0.128135 -0.007830 -0.128164 -14.472286 0.989961 24.619795 
0.115648 0.029612 -0.433856 0.361972 0.331520 -2.873346 22.864871 
0.335498 -0.132132 -0.616448 0.804944 9.542725 -19.423388 -4.830903 
0.109210 0.099729 0.545395 -0.725834 -8.689268 -3.263606 -8.455429 
5.398343 0.352863 0.321414 0.297371 -14.117048 0.891241 8.924505 
0.438696 -0.536702 0.207882 0.527886 -14.335285 -5.960361 -7.091417 
0.102783 0.273702 0.229802 -0.189464 7.660294 -17.648575 13.865236 
0.317653 0.875554 0.702256 -1.131720 -0.457375 21.977144 -13.003970 
0.117399 -0.021328 0.081074 -0.033332 -16.341347 23.001214 3.210756 
0.135796 1.473531 0.246960 0.218527 18.890501 -12.533241 5.570685 
0.139152 -0.023864 0.499087 0.130854 3.965388 12.615026 -6.555933 
0.081844 0.462109 -0.377625 0.652359 -3.592367 2.971581 -2.784608 
0.210768 0.288477 0.120102 -0.985922 -8.760998 -5.962337 0.309121 
0.087151 -0.427277 0.133393 1.167203 9.115277 -4.107311 27.614724 
0.247564 0.173032 -0.328993 0.473496 -9.538014 -28.348310 -6.131121 
0.118055 0.620049 -0.888096 -0.860363 -5.303065 -0.158873 -8.823623 
0.133708 -1.031431 -0.850147 -0.143018 -13.815855 -13.871344 0.074985 
0.137951 -0.406284 -0.292995 0.287974 -9.827954 13.396879 -11.945578 
0.295736 1.867529 1.125267 0.069618 39.139364 16.568183 3.452212 
0.093592 -0.367754 0.214528 0.276167 3.533408 9.515139 -12.303206 
0.180968 0.237859 0.822547 -0.613719 -2.692976 0.392741 7.320550 
1.058781 0.247147 -0.422753 -0.492542 5.987065 11.637171 2.269071 
0.086350 0.017273 0.015884 0.342022 5.539864 0.041313 14.048330 
0.263354 0.442085 -0.746552 -0.124334 -9.680761 5.436454 1.581578 
0.556778 0.082817 0.235631 -0.799811 4.043881 -11.458238 6.354849 
0.139284 0.466496 -0.032699 -0.628416 -6.911326 6.538080 6.076879 
0.478468 0.492491 0.319107 -0.466469 -6.046596 -0.097883 -7.510386 
0.165293 0.058226 -0.368127 0.175291 -2.164637 15.550817 -5.056923 
0.493788 -0.248997 0.094627 -0.190136 10.290694 -3.982774 -23.110487 
0.252788 0.632358 0.054098 -0.695981 5.440655 6.162569 10.945709 
1.145613 0.523906 -0.280280 0.462274 -2.606022 -21.264391 10.732431 
0.388183 -0.306751 0.190336 0.753583 0.322780 15.900549 20.994734 
0.094407 0.175550 -0.650772 -0.190702 -9.536385 10.183490 3.474665 
0.126740 -0.093251 0.992028 -0.060022 -2.616706 11.938808 2.026375 
0.323270 0.032507 0.042006 0.313219 -5.807043 -15.560986 -15.892720 
0.198042 -0.111977 1.422899 -0.173520 -17.218169 20.634184 0.856830 
1.167561 -0.578474 -0.467461 0.522611 13.792779 2.061847 -2.248948 
2.697368 -0.454894 0.161338 -0.360978 12.618951 2.052264 9.647315 
0.376011 -0.023531 -0.370267 -0.020212 -25.781307 -5.293022 -9.639881 
0.588263 0.245710 -0.218198 0.726251 -4.522483 -1.353116 -14.767393 
0.138650 0.297872 -0.017802 -0.760104 8.741464 15.744406 4.992287 
0.373816 -0.051668 -0.641708 1.029193 1.024785 7.175609 1.584518 
0.401930 -0.128072 0.719774 -0.844491 -3.445768 4.441907 -10.296477 
0.263064 0.040145 0.311344 -0.155744 17.382212 6.857375 -0.107856 
0.459762 -0.742768 -0.611356 -0.101626 -13.059249 6.573749 16.601317 
0.328088 0.308232 0.567330 0.408828 -5.624647 7.268172 -0.026958 
0.860282 -0.048157 1.612561 -0.252569 -10.772461 27.416947 -4.961358 
0.273055 0.362021 0.076733 -0.017014 1.811176 -17.998627 8.386382 
0.396253 -0.692019 -0.814756 0.022984 -13.446682 3.482288 -4.022494 
0.246288 0.090021 -0.055003 -0.169011 -1.778583 14.672107 -15.864634 
0.730294 0.140435 0.151998 0.104127 -16.983033 0.742294 17.737488 
0.278430 0.263493 0.606223 -0.075614 -6.742670 11.683183 7.032590 
0.151503 0.268808 -0.687565 -0.419541 -2.005669 -6.270172 -22.614711 
0.100432 0.358459 -0.416613 -0.378928 14.417169 11.471510 -1.202484 
0.082624 -0.051343 -0.887280 0.533009 -16.103935 4.835586 0.288743 
0.114711 0.920624 0.190700 -1.157421 7.736972 -12.961770 -8.723752 
0.192666 0.616226 -0.241577 -0.397148 -12.362627 -0.133136 -20.156117 
0.287114 0.336179 -0.579032 0.948470 12.114842 -16.624355 -4.267136 
0.585359 0.585829 0.699709 0.173401 1.236556 -1.238178 17.129956 
1.376095 -0.215105 -0.106390 0.051935 1.190960 -20.502333 -0.838600 
0.431641 0.671757 -1.017808 -0.214274 5.986842 3.293586 -9.953132 
0.136683 -0.212030 0.654539 0.067473 -12.720502 1.386833 2.622364 
0.323241 0.642533 -0.076404 0.543466 4.207680 -8.129326 -9.107707 
0.391024 -0.284380 -0.208459 0.515464 -22.277246 4.722573 -8.167600 
0.112116 -0.187171 0.278363 0.542428 5.081326 20.344326 -8.032649 
0.116547 -0.228532 0.681101 -0.513686 8.044906 9.557818 -2.399320 
0.952396 0.690409 0.104279 0.075591 -5.712287 -13.788777 -5.297019 
0.374161 -0.670049 0.352629 -0.144120 -2.073284 -17.084145 -7.850310 
0.178419 0.529131 -0.058357 -0.023097 -4.164704 -0.085503 9.316177 
0.192961 0.414029 0.905544 -0.589279 -4.443129 -0.518548 -18.711948 
0.763069 -0.246210 0.348105 -0.040487 -1.744621 9.913472 23.076571 
0.181019 0.645607 0.410378 0.044421 -11.536353 4.400029 12.328813 
0.393969 0.724351 0.678553 -0.418085 17.287295 27.362838 8.393715 
0.408300 0.325794 -0.030731 0.195659 13.609943 -0.619448 0.424875 
0.506972 0.579694 0.380017 -0.029143 -0.629439 -12.000808 -16.726934 
0.168852 0.484870 -0.806170 -0.401194 4.217752 -3.813038 13.695798 
0.196085 -0.591096 0.440649 0.037556 5.416223 -5.608611 -4.587131 
0.836938 1.023591 -0.726583 0.173888 5.516920 -2.062623 -8.974152 
0.701221 0.342818 0.510671 -0.088314 1.847241 -13.073750 3.113322 
0.263429 -0.038706 0.365313 -0.059311 6.094479 12.434682 -1.320244 
0.151360 0.910042 -0.264451 1.154311 -4.915372 -10.341608 15.706188 
0.449375 -0.261801 0.704908 0.198541 7.818284 1.920732 -4.342472 
0.108928 0.673578 0.739200 0.595083 14.191725 -10.275768 12.052726 
0.090465 -0.877098 -0.238280 0.636170 7.782122 0.231879 3.613686 
0.531060 0.462520 0.467924 1.470021 -7.608549 13.923191 15.085405 
0.272013 0.219350 0.657502 0.635672 -17.470013 5.425959 12.759814 
0.127889 0.639154 0.066863 0.246110 3.441539 -4.845612 -6.495413 
1.070260 -0.159437 -0.314364 -0.107316 -2.191848 -11.765406 -6.964645 
0.111702 -0.065449 -0.220045 -0.766261 -15.947327 8.576355 5.746369 
0.275275 0.307131 -0.498455 0.130505 19.792097 -6.561632 7.840054 
0.433814 0.579695 0.198417 -0.179298 -13.580140 -10.844286 -5.214907 
0.121123 0.135731 -0.603838 -0.079109 -9.185411 -0.753002 -24.243279 
0.604561 -0.637545 0.657671 -0.502684 -8.741401 10.862934 11.594741 
0.672200 0.699048 -0.142770 0.188656 6.836841 7.536486 22.230623 
0.485099 0.395201 1.434160 0.095746 3.547436 14.496097 10.458604 
0.088968 -1.522202 -0.089715 -0.069012 -11.558787 9.634101 -1.111550 
0.372330 0.230291 0.609812 0.243197 -11.730573 -2.609284 -12.047088 
0.427499 -0.486786 -0.101880 1.210379 11.009817 -11.958703 15.197914 
0.148166 0.669292 -0.345297 -0.453123 0.572015 -17.332836 -6.256051 
0.205405 -0.194196 -0.627463 -0.732959 0.761712 -16.006701 -5.810507 
0.273438 -0.135696 -0.664569 0.210719 19.052732 3.632401 -1.835999 
0.257004 0.474492 -0.470803 -0.838115 8.062884 13.886365 -19.890017 
0.083821 -0.147816 0.417074 0.268670 -5.890755 -0.785812 24.480171 
0.673429 -0.420852 -0.217806 1.171914 0.767582 -4.277106 10.193274 
0.093338 -0.093668 -1.191241 0.882409 4.223973 -2.977327 6.108993 
0.097693 0.010579 -0.106442 -0.301390 -0.991863 0.722703 20.046014 
0.081727 -0.264582 -0.328270 -0.163532 2.957590 -2.276042 12.784511 
0.417045 0.153611 -0.084474 -0.076466 15.826631 -0.859595 -11.915317 
0.387177 -0.766706 0.180956 0.366252 -3.588809 -6.262957 -5.349682 
0.350927 -0.306517 -0.651540 0.527181 -9.307037 -3.638801 5.898210 
0.081891 0.450975 0.014851 -0.808104 -11.065772 -3.262557 -10.770746 
0.111530 -0.322365 0.335430 0.338676 -12.284208 2.003592 31.585459 
0.729211 -0.376606 -0.196045 0.034053 1.839994 2.029149 -13.463069 
0.081209 0.808190 0.284114 0.185805 -4.118106 -4.562574 5.375103 
1.066327 -0.026550 -0.022513 -0.647477 9.688102 10.217752 5.008214 
0.844840 -0.120520 0.116564 0.291165 -19.184338 -2.751327 4.125754 
0.286414 0.354721 -0.375589 0.830016 0.625675 0.095167 -3.080728 
0.108220 -0.054357 0.625925 0.377901 14.349778 -9.227786 -3.588414 
0.106446 0.019042 -0.396748 0.209082 24.792186 -6.626537 -4.572927 
1.618982 0.239308 1.399366 0.272792 -11.331223 21.963246 -7.176995 
0.126190 -0.351451 0.181719 0.071899 -17.538647 -5.711218 -16.532528 
0.666898 0.247983 -0.070975 0.330523 4.730619 -2.979757 8.462206 
0.355266 0.434922 0.059642 -0.631808 -3.356189 0.318825 7.800868 
0.365762 -0.849270 -2.335263 0.183996 -20.105327 -34.279430 -4.746634 
0.430606 0.575385 0.491325 0.105431 0.579115 11.154051 -0.037257 
0.100431 -0.547048 -0.769723 0.718546 15.451529 -7.180299 8.841908 
0.189647 0.289595 -0.177182 0.280049 -18.805375 -2.100598 6.777572 
0.132254 -0.262615 0.417023 -0.008131 -18.272717 -9.153334 14.391246 
0.500139 -0.057426 -0.477627 -0.780262 -16.300183 -4.526936 -17.466931 
0.175237 0.434897 0.391512 -0.115554 -6.057887 20.001147 -15.422553 
0.123696 0.153349 0.664288 -0.207833 -0.278738 5.197532 7.962481 
0.195281 -0.246890 -0.675229 0.013729 -6.274796 -7.188741 -22.109749 
0.599939 -0.159722 -0.448219 0.644163 -31.813517 -4.799568 2.873331 
0.192741 0.193983 0.038180 -0.157228 -2.131144 -16.325052 8.062185 
0.200778 0.800841 0.856109 0.161507 10.399472 -6.737365 0.184349 
0.177472 0.114213 -1.005920 0.196112 -3.456733 -9.934133 -18.158250 
0.127855 0.126237 -0.542592 0.601187 6.035912 -20.238426 -1.483539 
0.220526 0.011958 0.133566 -0.063744 0.458367 -16.158055 18.021917 
0.627642 -0.204984 0.027046 0.211760 9.448045 -12.321962 12.105819 
0.637465 0.398156 -0.443852 -0.129908 -13.606480 5.380689 1.635283 
0.169117 -0.258601 -0.850380 -1.048431 4.504987 -4.722378 -1.633194 
0.114784 -0.395510 0.171800 0.440069 -7.370405 -21.795261 -1.605007 
0.135557 -0.222455 -0.192293 0.207269 5.905013 18.240664 7.102571 
0.579415 -0.804096 -0.195753 -0.536777 -9.058466 -1.444186 13.961419 
0.624848 0.418414 0.531405 -0.382626 19.857351 18.752900 -5.413359 
0.385484 -0.588749 0.856386 -0.056463 -16.231438 5.268729 14.469008 
3.082417 -0.162975 -0.229974 0.378659 -16.945627 1.201137 3.484142 
0.310489 -0.243496 -0.283324 -0.287527 1.482174 -15.085706 20.550647 
0.457154 -0.287178 -0.038370 0.480976 11.021387 6.500566 0.421576 
0.279294 -0.317226 0.426988 0.909524 -5.990342 -0.003833 -1.418716 
0.089763 0.151416 -0.043684 0.425041 12.173271 -16.027698 -14.657332 
1.249225 -0.029848 0.234404 -0.183357 -19.720303 20.846481 2.243555 
0.163561 0.328674 -0.274406 0.294263 16.266857 -15.911226 -3.167277 
1.702665 -0.457282 0.290793 0.345018 -6.283417 9.960883 21.768234 
0.087567 -0.295237 0.711686 -0.149649 13.965043 20.745971 0.311875 
0.192231 -0.217223 0.195864 0.076989 12.251815 14.931639 3.445212 
0.122081 0.765775 0.224504 0.201215 0.484065 -8.985484 -14.423195 
0.088452 0.101905 -0.813717 0.073866 0.938436 -2.376246 11.565050 
0.470758 -0.697318 -1.510158 -0.045446 -5.807595 -13.479279 7.369848 
0.196106 -0.007546 -0.175707 -0.146363 6.191604 2.455468 -1.433924 
0.163499 0.439867 -1.132529 -1.171312 16.177089 -21.102414 -1.173634 
0.080867 0.227415 0.376106 -1.456467 23.358439 18.099083 -16.822109 
0.223604 0.429505 0.203042 -0.098124 -14.749983 1.245756 17.902988 
0.155926 -0.448512 0.595865 0.498370 -19.710961 0.015643 15.000500 
0.238387 0.382610 0.494413 0.442716 1.039006 12.267678 -16.522489 
0.106154 0.030304 0.146956 0.364614 11.473646 -3.482790 -10.896587 
0.169911 -0.663941 0.703039 -0.271308 5.229081 -4.791395 -12.163644 
0.113329 0.452935 0.365568 -0.568674 15.217953 11.394715 11.798599 
0.192419 0.971889 -0.374316 0.044198 11.304970 -25.505126 -9.243554 
0.594225 -0.586519 -0.287679 -0.792530 3.614420 2.120946 0.285169 
0.085164 0.457425 0.173535 -0.155362 -12.892515 -1.419481 -17.817037 
0.117057 0.108355 -0.568873 -0.246974 -4.761925 14.396553 -4.370954 
0.205043 -0.077332 -0.598639 0.367945 8.222446 11.308923 -5.057399 
0.234649 -0.672634 -0.247355 0.330619 11.477718 -15.692074 5.914490 
0.487672 -0.161555 -0.016989 -0.131191 6.528888 22.413630 13.590782 
0.223182 0.518986 0.346422 0.194173 1.157959 -13.805803 -7.183980 
2.476904 -0.566010 -0.856561 0.357585 -4.668124 -4.122818 -16.327478 
0.441734 0.181971 -0.210971 0.074473 18.325596 2.565509 1.367898 
0.230397 0.668127 0.146662 0.309782 4.050116 -5.510721 3.630075 
0.689100 1.019996 1.084283 -1.265369 23.671247 9.075444 -12.136593 
0.815528 -0.873391 0.647642 -0.150588 -26.435262 1.911378 9.957817 
0.161492 -0.502305 0.213428 0.374617 4.533148 15.089354 -5.561500 
0.542296 1.666065 -0.217189 -0.496453 14.517976 -8.592142 -1.678955 
0.146522 0.591861 0.610388 0.225754 -7.950381 -0.765026 13.544318 
0.256037 -0.959695 0.509561 -0.306257 -12.766128 -9.584650 -11.566382 
0.887681 -0.763608 -0.752260 0.996629 -3.423143 6.171285 10.550274 
0.101372 -0.116138 -0.067926 0.476225 9.313565 14.734677 6.873025 
0.141931 0.627166 -0.037198 0.244580 3.851189 13.314677 2.679677 
0.178446 -0.884835 0.298962 0.246504 -12.590876 9.755047 8.323798 
0.083374 0.243356 -0.219632 -1.115020 4.413044 -3.293115 2.954632 
0.376685 -0.369382 -0.378653 1.201683 1.567218 0.360192 7.948373 
0.585808 0.367445 -0.857488 -0.004953 -10.244973 -15.508781 9.401007 
0.102075 -0.295171 -0.190114 0.247427 6.538343 22.754813 15.338055 
0.086694 0.235279 0.621980 -0.428880 23.711023 16.108175 0.939608 
0.654455 -0.303206 0.012084 0.488344 -0.064995 -4.684237 6.085951 
0.442796 0.536059 -0.101981 -0.172393 -13.924335 -0.446866 -16.554463 
0.103990 -0.429717 0.657750 -0.139636 -8.272402 12.004731 -7.539026 
0.137893 0.618472 0.422855 0.266578 -10.853475 -12.859623 3.447187 
1.044939 0.286695 -0.206303 -0.125093 20.094884 -1.503280 -11.746850 
1.025335 -0.417278 0.091472 0.335448 -2.077336 -3.982156 -19.513251 
0.472835 0.077384 -0.043151 0.859814 -28.071698 -0.807423 20.782756 
0.672168 -0.745080 0.794158 -0.407926 -26.719247 8.243697 10.398506 
0.208490 -1.224867 -0.292937 -0.058268 -14.374487 -16.653106 -2.559235 
0.292610 -0.691291 0.871546 -0.251131 -8.681542 22.052333 11.479842 
0.111344 -0.108331 -0.206281 0.322767 0.155228 -9.028991 26.078808 
0.466067 -0.079634 -0.602999 0.510082 10.389867 5.831748 11.338688 
0.112109 0.158065 0.617951 0.113159 -11.471959 -5.079627 -5.745065 
1.021373 0.296096 0.200002 -0.215094 -16.552607 -0.650970 9.518308 
0.247245 -0.163117 -0.428990 0.405579 -25.554883 -9.194196 23.039504 
2.937998 -1.511991 -0.155240 -0.369345 -19.620228 -10.010199 8.604515 
0.112201 0.275113 0.167301 0.269178 8.605529 -19.017360 -1.851103 
0.941373 -0.222925 0.049612 0.102775 -6.906235 21.592070 -1.103121 
0.186332 0.408787 -0.372807 -0.853611 11.736525 0.258997 -9.727518 
0.206312 0.005956 -0.326751 -0.207257 -11.944556 7.705329 -13.053014 
0.087521 0.469083 0.929036 0.743609 -1.884842 0.091486 0.398303 
0.337060 0.310389 0.327003 0.188089 6.783094 -17.117398 -9.925824 
0.506829 -0.331839 -0.062416 0.330364 11.589173 1.869634 27.377018 
2.506229 0.809398 0.890813 -0.483807 -6.707284 13.728502 -0.640613 
0.109658 0.286239 0.255892 0.527329 14.834939 0.852694 -11.395138 
0.093631 0.338100 -0.319601 -0.054844 -19.459397 6.226629 8.325175 
0.994606 0.282918 -0.175522 0.399194 15.920909 0.470740 7.219640 
0.184780 1.174531 1.475392 0.188732 9.263890 14.129113 -1.938360 
0.113864 -0.086725 -0.538114 0.074001 2.823113 7.555864 -14.739534 
0.500571 0.576611 -0.891066 -0.671944 26.018788 0.060800 -13.070025 
0.375402 -0.232232 0.179548 0.641500 6.144802 -5.077886 10.863564 
0.121279 0.254237 0.051678 0.882104 13.108017 -0.894414 -9.255946 
0.437171 0.207522 -0.026875 0.023036 17.830611 0.024765 -20.312351 
0.420529 -0.191803 -0.419645 0.432833 11.896996 -1.812462 -7.883533 
0.140832 0.168443 -0.314962 -0.165339 6.935649 -3.235323 12.129151 
0.317286 0.085646 0.024435 0.181281 8.396588 23.440605 -0.959689 
0.092539 1.102128 0.108997 -0.870245 7.665448 -7.561912 0.467485 
4.198783 -0.173655 -0.234471 0.179546 -0.021797 -2.443823 -16.757271 
0.435794 0.619745 -0.211586 -0.202833 -6.429063 9.232393 8.510893 
0.299195 0.149804 0.256143 -0.654121 -7.629564 -14.101120 -4.497415 
0.366428 -0.192871 0.464968 -0.697194 -20.443490 2.480255 5.712503 
0.300202 0.087981 -0.023762 0.213233 8.829436 19.203431 -4.605480 
0.585186 -0.063063 -0.257065 -0.561866 8.278775 -1.174869 13.191497 
0.524509 0.015521 0.206459 -0.060265 -9.497751 -15.756056 -16.215009 
0.292083 0.015994 1.397427 -0.472849 5.667151 12.556099 10.122312 
0.107699 0.235681 1.093555 0.494746 -4.081742 13.810401 18.934628 
0.744916 -0.495389 0.477398 0.364450 -8.025516 30.562705 8.130344 
0.131940 -0.064109 1.051530 0.109058 -12.800696 21.381028 1.609573 
0.104491 -0.156691 -0.438193 0.382149 -17.107855 -7.334961 26.927750 
0.504475 -0.033511 0.170424 0.204865 -11.583630 0.914872 1.902389 
0.159200 0.096443 -0.249730 0.459253 -10.969160 -3.044963 -9.651925 
0.144224 0.739429 1.375598 -0.848103 0.900931 21.627700 0.989414 
0.221063 0.640181 0.382641 -0.095922 -10.238726 7.181764 -15.723819 
0.339783 0.050967 0.283892 -0.654884 -8.597038 -12.577322 -1.919943 
2.985742 0.390734 -0.854023 0.447412 20.859451 4.787535 -3.574437 
0.098040 -0.399709 -0.312222 0.508683 0.616651 -1.498890 -17.394295 
0.364111 0.236513 -0.201946 0.528398 -19.302078 -6.365663 -8.492925 
0.144886 -0.285654 0.058732 0.395554 18.624087 12.938350 9.881175 
0.360597 0.045470 -0.231668 0.287746 -10.137095 14.329271 -10.440615 
0.254317 -0.768957 0.675216 -0.999842 -10.709635 -5.652529 -7.694836 
0.555913 -0.429550 -0.666120 0.123473 10.322152 0.027499 -5.950346 
0.416651 -1.191875 0.292343 0.214756 -23.660307 -5.396157 -5.703873 
0.151008 -0.289090 1.152501 1.210911 0.714887 9.696552 9.112479 
0.577563 -0.181632 0.014645 0.279991 1.087273 14.107902 -22.813546 
0.141965 1.067937 0.482121 1.106494 9.911792 0.928233 26.445899 
0.120024 0.394938 -0.261571 -0.110378 -8.133277 -0.937488 17.002975 
0.182852 -0.034824 -0.496095 0.226851 23.617748 -14.352569 0.704468 
0.189724 0.190575 -0.161981 0.235939 6.662757 -0.612034 -26.396115 
0.150160 0.360507 -0.197278 0.338187 1.996731 -20.081389 24.143448 
1.373741 -1.842688 -0.668253 0.862055 -24.656996 0.823698 10.888233 
0.283453 0.334751 -0.341262 0.480285 -1.380897 -10.304032 14.440532 
0.170281 -0.620879 -0.577829 -0.220443 -8.774222 6.805232 14.770459 
1.505698 -0.830581 0.674246 -0.111840 -1.909762 1.349836 1.471415 
0.360047 -0.379596 0.420703 0.123467 -23.170954 3.114862 -11.928918 
0.588861 0.335987 -0.647737 -0.373347 -15.367862 -2.634738 1.703536 
0.381565 0.166950 -0.501785 -0.137816 -18.448694 -6.844542 6.968754 
0.166121 -0.085303 0.520023 0.171826 2.456098 -11.216292 -6.538083 
1.652096 0.104830 -0.527663 0.030138 5.105446 3.545273 0.062755 
0.215498 1.123118 -1.392855 0.630256 20.266949 -9.870235 2.597083 
0.524663 -0.153128 0.368045 0.073645 -7.248641 4.953585 14.999170 
0.489037 0.240311 -0.006937 -0.154411 -13.207086 18.768752 -12.603449 
0.247044 0.188740 -0.019705 0.391583 -6.702034 -1.692360 14.928146 
0.408569 -0.860269 -0.397775 0.354115 3.709593 8.950545 2.879989 
0.429966 -0.006461 0.163722 0.167060 -11.455549 4.081935 10.213801 
0.205030 0.863324 -0.230099 0.290093 15.180050 -14.415267 -1.488945 
0.104504 0.753616 -0.128573 -0.376307 1.269565 3.093350 -10.253690 
1.704172 0.543176 -0.868649 -0.875712 0.105379 -0.701144 -13.589824 
0.208973 0.413700 1.024457 -0.755853 6.177617 2.670693 -7.646748 
4.631110 -0.853950 1.107186 0.100809 -10.048001 8.563351 16.356884 
0.135103 -0.010398 0.290298 -0.006000 -11.727905 -16.405174 -11.744849 
0.169606 0.127920 0.011955 0.747095 13.995600 20.850963 2.938207 
0.567692 -0.252970 0.491763 -0.438752 -20.829057 -10.280423 -12.649253 
0.214292 0.316457 -0.280701 0.279962 -2.544593 0.622399 29.480712 
0.450345 -0.123439 -0.544065 -0.674418 -4.018697 9.645927 1.802384 
0.407103 0.048255 0.208133 -0.415829 -9.468606 6.057953 3.041851 
0.846636 0.127740 0.126646 -0.011832 4.847091 11.901797 -9.982522 
0.123163 0.723570 -0.253031 -1.355805 4.465253 -11.702998 -14.698487 
0.120648 0.250104 0.585190 0.037293 -1.527045 8.121201 -17.124789 
0.387333 0.379567 0.545663 -0.344200 -6.538598 15.612507 8.406073 
1.095352 0.355371 0.262391 0.178636 1.409709 11.383298 16.212078 
0.212730 -0.226765 0.294666 -0.012192 8.822026 -8.835607 -19.178215 
1.575080 -0.309576 0.659221 -0.320822 -6.418582 14.193305 20.130656 
0.102042 0.004221 0.347029 -0.301929 15.397229 11.724753 10.334222 
0.606266 -0.491737 -0.136828 0.296621 -11.212899 14.376194 1.513736 
0.250734 0.671832 -0.027864 0.023040 -1.492250 1.352201 -3.399296 
0.184902 0.049117 -0.898008 -0.049862 -10.244963 7.985939 0.434832 
0.348863 -1.023791 0.063040 0.441367 -6.085707 19.729419 -3.980185 
0.127948 0.619372 -0.037314 0.294199 6.105246 -16.964502 13.150057 
0.127545 0.922084 -0.355366 0.918388 6.500175 10.030366 23.442168 
0.089378 0.269096 0.954003 0.530028 13.484261 2.911426 6.235751 
0.220514 -0.763827 0.341788 0.459898 11.140222 7.352823 9.253605 
0.195396 0.798352 0.121507 0.497864 4.888605 -13.566808 -6.499856 
4.245083 -0.257475 -0.503205 0.444121 -13.279751 -13.977459 -0.587186 
0.095817 0.024271 0.266465 0.505188 -9.744897 5.497095 -10.192194 
0.569763 0.416222 0.037732 -0.104177 -13.552430 13.263802 3.717443 
1.098164 0.294679 -0.460312 0.335453 -3.981064 3.872932 1.854552 
0.538990 -0.486213 0.111786 -0.406980 5.875140 10.578701 2.288013 
1.288776 -0.058538 0.169504 0.236897 -32.334762 2.372343 5.225509 
0.193816 -0.172632 -0.178643 0.639039 11.867346 13.461518 0.277249 
0.378483 0.898152 0.659183 -0.232311 -6.648668 11.381685 3.662648 
0.130333 -0.881617 -0.149645 0.103023 -3.273113 19.639203 2.837103 
0.235233 -0.268039 0.678534 0.273772 4.829256 -1.572889 -19.831674 
0.474050 0.281271 -0.026534 0.205350 7.025997 7.666986 -17.331716 
0.170650 -0.071930 0.477840 -0.123904 10.467215 -11.665825 2.372653 
0.551803 -1.086443 -0.052718 -0.226979 -8.312765 -7.454654 5.246870 
0.131497 -0.416531 0.190244 0.344462 7.660314 13.823752 2.018834 
0.367063 -0.069904 0.715367 -0.134570 -19.894461 -4.472525 -9.941408 
0.237052 -0.064886 0.034882 -0.061903 2.837411 -16.350403 -17.994623 
0.979329 -0.592617 0.026375 0.577383 9.123567 -3.601801 10.559216 
0.113309 -0.099670 -0.490356 0.102058 19.753169 9.800899 -1.755941 
0.202812 0.068926 0.255011 -1.145022 19.463476 6.121634 -4.817695 
0.145792 -0.207175 -0.190362 0.061033 7.371331 22.340491 -7.536196 
0.206856 0.413291 -1.149825 -0.643202 -7.002423 -26.808362 -14.383598 
0.534870 -0.378931 -0.487142 0.660733 -13.282859 13.050384 -6.991088 
0.091732 -0.332229 0.720100 0.185436 -21.458201 -4.858868 15.883661 
0.094435 0.168605 -0.553755 0.759369 -4.203175 6.286078 13.653774 
0.106821 0.152413 -0.239108 0.255120 4.114901 -4.412826 -10.993490 
0.443043 -0.107983 -0.109060 -0.503854 14.746756 5.473289 -12.266114 
0.087582 0.366808 -0.495514 -0.323049 -10.555949 -4.336404 -11.807890 
0.159466 -0.730420 0.480938 -0.109148 -9.283135 -7.445616 9.629151 
0.829727 0.271854 -0.305877 0.301038 3.633069 1.338460 -22.756647 
0.093662 -0.550963 0.838607 0.311933 -4.944969 3.557300 19.672266 
1.055006 -0.350111 0.510479 -0.766667 -13.138368 4.766347 -2.641033 
0.290595 0.477969 -0.623171 -0.176187 6.275216 2.594309 19.193067 
0.226020 -0.140928 -1.054047 1.858348 11.463189 -14.704500 25.144653 
0.258652 -0.207105 0.019452 0.105264 -12.566892 12.470176 -2.946111 
0.504080 0.231763 -0.008363 -0.558698 11.683693 -9.085976 6.041373 
0.133644 0.145521 0.489918 -1.027601 -10.203619 -11.159952 -25.041487 
0.102367 0.286883 0.368535 0.313048 -6.832890 -1.885577 15.076453 
0.102733 -0.249908 0.172940 -0.249064 20.112012 14.504852 4.248332 
0.406103 0.012810 0.338012 0.816612 2.643519 -5.646775 -6.688106 
0.170184 -0.619432 -1.003769 -0.372546 -3.372664 0.966852 -15.437061 
0.080956 0.574517 0.429135 0.035222 9.264961 27.652725 -12.204619 
0.171393 -0.246802 0.754000 0.669722 -8.292496 16.968247 0.675696 
0.103884 -0.131075 -0.187515 0.354449 -17.197111 2.950777 -7.042567 
0.287723 -0.149020 -0.194565 0.353388 12.916674 -0.080509 10.344293 
0.707610 -0.141303 -0.164260 0.601309 -4.516173 -0.338098 23.869692 
0.161798 0.269799 0.505957 -0.344070 -2.336129 -7.906458 8.605335 
0.495528 -0.932951 1.624147 0.532443 -10.870050 13.389089 2.924409 
0.081729 0.786022 -0.012165 -0.216663 9.695471 9.834939 16.798685 
0.498673 -0.394098 -0.289835 0.668484 13.047411 -5.806569 0.781096 
0.189760 -0.591325 0.173698 -0.360376 -9.262730 6.669166 9.623115 
0.174582 1.065983 0.411852 -0.034995 10.372341 2.977892 12.625806 
1.913197 0.200329 -0.191072 0.109730 0.333598 28.714023 3.735541 
0.156957 -0.031905 -0.173939 0.394288 -13.883231 20.053184 -7.932785 
0.318637 0.289120 0.802112 0.375133 9.267437 3.397809 -6.535654 
0.384886 -0.452767 -0.806982 0.467350 -11.682332 5.660606 -3.171063 
0.094543 -1.154596 -0.042874 -0.921861 -2.433454 11.152085 -17.499111 
0.093801 0.553908 -0.095483 0.833756 9.518883 -11.126248 -7.467690 
0.259589 -0.157534 0.005258 -0.142234 4.533168 14.877107 18.939672 
0.331382 -0.175563 0.223849 0.055010 -4.494272 3.395643 5.902376 
0.597086 -0.702731 -0.123717 -0.000740 -18.683925 20.969382 -7.724219 
0.244466 0.058633 -0.193764 0.264381 -7.901850 -2.040684 11.786308 
0.409757 0.468536 -0.589942 0.315768 -7.994909 -0.572723 22.844302 
0.703460 -0.981330 0.594379 0.049453 1.573647 7.729512 13.614856 
0.129081 0.148775 -0.070016 -0.141105 13.728510 6.080473 7.661051 
0.592856 0.179854 -0.728893 0.238771 15.692080 10.494022 10.628862 
0.598064 0.208098 0.233294 -0.226041 4.194138 10.574559 24.166532 
0.315326 0.241224 0.043035 0.037551 -10.970318 18.470207 21.689672 
0.830552 0.501734 -0.435659 0.253319 -4.332548 5.763970 -14.379103 
0.107798 -0.330213 0.220251 0.593256 -9.518188 15.660914 15.348625 
1.282747 -0.465574 -0.215450 0.345840 4.236824 -23.163395 -13.603817 
0.179704 0.322824 -0.288168 -0.571961 -4.217530 -10.802395 11.422804 
0.226650 0.385269 0.142730 0.092310 10.844744 -16.783501 9.681656 
0.213577 -0.334461 -0.302760 0.188346 4.772318 23.631206 6.723395 
0.360054 0.324386 0.389568 0.424203 -6.424436 -13.899899 2.224378 
0.590465 -0.374141 -0.386972 -0.063849 15.959327 0.928887 2.321219 
0.323997 -0.077660 0.548912 -1.166157 -3.825031 25.121323 -10.245734 
0.080856 -0.214985 -0.994007 0.857267 12.544830 -3.072645 8.370782 
0.143920 0.081431 1.358371 -0.154464 -1.116873 6.305022 3.297254 
0.128165 0.785400 -0.265209 -0.053170 12.927020 8.949178 7.345904 
0.371144 -0.399034 0.817803 0.290570 2.473712 10.307471 -10.387512 
0.145470 -1.074397 0.580173 -0.295221 -0.710474 4.865926 -16.580132 
0.092657 -0.084225 -0.614127 0.100630 -3.186081 15.476023 -9.088193 
0.587126 0.283118 0.086684 -1.260952 20.315304 -13.174283 -11.682529 
0.235289 0.324799 -0.196992 0.237518 -0.895984 8.408590 9.855146 
0.569180 0.712363 -0.567178 0.342553 -6.160503 -9.995669 -6.973831 
0.093590 -0.059818 -0.084963 0.648686 -11.824725 3.235250 14.908872 
0.249342 -0.265031 -0.470183 -0.821422 2.428308 -6.902249 2.787650 
0.543855 0.541415 0.183410 -0.346126 24.811028 -8.997271 -1.464876 
0.236315 0.640120 0.483445 -1.219615 18.158760 27.678661 -12.233630 
0.136931 -0.487683 0.923742 -0.112071 3.330025 -3.579295 -10.198682 
0.109437 0.307591 -0.297054 0.730281 -12.733436 -15.907448 -1.985538 
0.915698 -0.425632 0.426902 0.623393 16.316073 3.049752 -4.088875 
0.125769 -0.085441 0.339706 0.208469 -12.422745 -11.810427 -14.360312 
0.182221 0.736489 0.155074 0.123785 1.196089 -11.009043 2.768223 
0.624303 -0.454192 -0.822461 -0.366421 -11.692132 0.913870 -3.215851 
0.123119 0.166384 0.029864 0.051828 -26.350853 -0.143561 6.891818 
0.093277 -0.435052 0.423712 -0.219103 14.218752 3.460260 7.147171 
0.126609 -0.918712 -0.723457 0.084549 -1.148678 -5.214560 15.049089 
0.342755 0.299511 -0.238944 0.055690 -1.891369 24.852964 5.652257 
0.887808 0.748949 -1.195573 0.080257 8.273446 -8.692590 2.937693 
0.718573 -0.927430 -0.125022 -0.329281 -2.797146 -7.080016 -11.964640 
0.789225 -0.157399 0.063152 0.459522 -2.456104 24.996823 -1.101787 
0.126531 0.498068 -0.205991 0.059464 10.829218 7.082790 12.646552 
0.685572 -0.262513 -0.354223 0.181878 7.952759 0.453844 3.340682 
0.342997 1.184281 -0.356652 -0.000288 0.408262 -0.574600 -4.365084 
1.141486 0.711919 0.058055 0.810430 1.293153 11.005592 1.827058 
0.181571 -0.222762 0.161059 -0.417949 -11.530216 4.379807 10.103979 
0.271737 -0.110270 0.264230 -0.299401 -10.848792 -1.865275 11.895019 
2.465276 0.361489 0.340777 0.279130 -3.143884 8.338930 -7.048399 
0.132761 -0.873037 -0.295825 -0.360282 5.942185 3.147020 -9.426135 
0.088416 0.916495 -0.107966 -0.316802 -1.831256 -2.611324 7.422165 
0.089291 -0.167744 0.135549 -0.118225 4.751912 15.244877 -11.601489 
0.263350 0.322223 0.390043 0.632896 4.358819 -3.705038 -6.714802 
0.423754 0.042759 -0.703478 0.021991 13.689482 0.947480 19.753706 
0.178200 -1.580003 -0.677833 -0.025515 -13.706240 -1.349209 -0.536862 
0.269147 0.255059 -1.041985 0.198654 -14.455914 -5.011322 -5.064283 
1.218772 -0.886636 0.555436 -0.323306 -6.334949 -10.999270 5.415054 
0.195759 0.494977 -0.369075 0.873675 2.634222 -17.933317 9.546181 
0.310560 -0.383402 0.109054 0.111015 6.423380 10.218803 19.724539 
0.132928 -0.078406 0.039661 0.225232 -2.520929 11.725865 -24.054339 
0.130606 -0.494090 0.829840 0.765995 1.060784 1.246718 -1.245774 
0.180981 0.469968 0.775104 0.614156 6.612984 28.691581 22.250163 
8.040799 0.071839 0.218328 0.120179 7.729629 -9.901164 -2.563102 
0.080873 0.729759 0.161175 0.335882 -6.859368 11.857154 5.225774 
0.337684 -0.119401 0.740273 1.094654 6.765347 -1.239279 17.300045 
0.727006 -0.628041 0.778055 -0.024845 -20.520062 6.345381 10.342080 
0.130102 -0.051837 0.733787 -0.211270 -2.906831 -2.668542 10.939547 
0.107057 -0.276113 -0.721248 -0.228443 -3.440749 -6.009731 20.857532 
1.352041 -0.129246 0.181284 0.628188 -9.535145 1.634132 -15.675416 
0.108970 -0.042917 -0.182867 0.757793 -20.268824 2.451745 -0.511504 
0.148499 1.168051 0.751925 -0.777481 10.034436 0.308084 -9.171718 
0.263983 -0.002303 -0.150385 0.156861 9.882966 -18.974392 -2.161346 
0.240265 -0.287283 -0.265597 -0.056961 -10.700633 24.536616 -3.468443 
0.217954 -0.085467 0.411252 0.411618 3.525327 0.403237 -3.025722 
0.444167 -0.332003 0.650242 0.593812 -0.705289 10.253851 -6.439778 
2.752555 0.185679 0.114166 -0.772825 -1.453624 12.178134 -18.616436 
0.266546 0.208846 0.203995 -0.531140 11.720090 -0.984704 -12.971901 
0.104305 -1.379345 0.268493 -0.071541 -6.898479 8.187000 5.525494 
0.144490 0.855784 0.371910 0.146307 9.794071 14.904821 -15.939764 
0.094619 0.126532 0.031227 0.606128 4.393885 -6.614571 8.221643 
0.144851 -0.604223 0.488693 0.572282 9.844110 5.592179 19.225632 
0.132290 0.206270 -0.508174 0.705599 -11.056304 6.538333 19.287315 
0.524424 -0.178414 -0.355382 -0.654744 4.220984 -6.340951 1.862319 
2.804970 0.693223 0.252966 -0.086883 25.163082 5.510851 5.139415 
0.151725 0.569824 -0.056348 0.450392 -0.892761 7.185901 4.951829 
0.691052 -0.148236 0.657976 0.220585 -20.561377 -10.833904 -6.848408 
0.123125 -1.115242 -1.047464 -0.554913 -19.155569 -5.710808 -8.851115 
0.095501 -0.296228 -0.322999 0.008487 8.870799 3.854625 10.880723 
0.082472 -0.223399 -0.097502 0.375659 0.495233 -3.704470 17.333600 
0.088000 -0.529518 -0.064861 -0.022518 3.750611 1.087107 21.711607 
0.106567 0.288895 -0.151214 0.158874 -15.781311 2.444472 5.404441 
0.083960 0.057507 -0.154265 0.144663 -10.300678 -17.221497 24.043474 
0.444394 -0.156120 -0.224912 -0.400380 -4.788348 12.142256 11.870000 
2.968598 -0.312236 0.299642 0.243777 -3.710628 -3.119855 -20.012048 
0.118415 -0.846079 0.212830 0.679728 -8.787829 -1.514239 -11.841631 
0.123056 -0.240934 -0.426289 -0.055345 -5.577998 -7.128943 18.300692 
0.111967 -0.233660 -0.288406 0.074808 -18.156170 12.646283 -10.978326 
0.095336 -0.143114 0.292968 0.182988 -4.466784 -2.115024 -4.911080 
0.085245 -0.038259 0.206807 0.759978 -14.502899 -2.136494 -0.322774 
0.219520 -0.356739 -0.357889 0.663250 -22.052459 -5.190178 1.750850 
0.269315 -0.518462 -1.069713 0.876502 -5.841482 -4.178667 10.405884 
0.084729 -0.316127 0.345003 -0.282902 1.048089 -12.452865 13.008567 
0.193296 0.003877 -0.999213 0.033844 5.800940 2.215809 15.866306 
3.042533 -0.341202 0.198751 -0.673841 -2.356346 -17.729988 -6.842180 
1.417540 0.954450 1.210137 -0.506239 12.112420 9.708708 1.721552 
0.348250 -0.515523 0.330573 -0.342816 -2.711362 -0.498139 3.936008 
0.189420 -0.600884 -0.182030 -0.080730 9.480957 3.707563 17.910143 
0.222484 -0.136104 -0.296324 0.477402 7.793871 -7.155063 3.266298 
0.319069 -0.575340 -0.042427 -0.724290 5.457103 6.921580 -7.296620 
0.092091 -0.645284 -0.105244 0.513257 -0.591495 -6.775993 11.554417 
0.486369 0.377195 0.149085 -0.152868 17.999245 -14.441984 -4.991398 
0.293964 -0.263334 -0.302416 0.337029 12.561064 16.124688 -5.587939 
0.150389 0.220734 -0.534644 -0.010040 -12.225642 11.605308 -7.133665 
0.098254 0.428478 0.081372 -0.416389 -12.417904 0.898244 0.852809 
0.129777 -0.216707 -0.114997 0.123645 3.737766 -1.766744 13.700807 
0.089968 0.609572 0.328150 0.769136 7.038498 12.546153 -8.918651 
0.178187 -0.356086 0.013372 0.062943 12.151938 -2.234325 -18.319179 
0.446547 -0.259486 -0.364558 0.117840 -18.231186 7.323940 -1.872804 
2.596189 -0.856038 -0.874915 -0.703123 -18.796851 -15.071620 -0.465632 
0.941679 -0.203325 0.056563 -0.319722 -0.296517 12.615897 -8.765395 
0.357477 -0.078295 0.822081 -0.301139 -7.639230 -5.648152 8.511450 
0.233141 0.179630 -0.248500 0.441587 -15.470060 11.589237 7.226047 
0.109886 -0.844270 0.317771 -0.188430 -2.525279 -3.321070 -6.173018 
0.103385 -0.463699 0.374437 -0.379979 12.663407 12.979881 9.820394 
0.307529 -0.892920 -0.351798 -1.427173 -6.421157 -12.184211 -9.700806 
0.224214 -0.837508 0.693879 -0.869800 -1.167069 -4.279849 -23.299664 
0.688471 0.471496 -0.600480 0.235366 5.436161 0.607804 -8.460962 
0.121886 -0.090946 -0.031648 -0.547780 8.400487 -19.055785 2.239524 
2.036878 1.451079 -0.856086 0.053677 10.126132 -9.775939 -6.980510 
0.108772 -0.341182 0.067567 0.440044 -1.065530 22.380927 11.851810 
0.087214 -0.941213 -0.885758 -1.005199 -3.823408 -15.077444 -4.243845 
1.095005 -0.074508 0.455296 0.585489 3.250463 5.694881 -4.553495 
0.462444 -0.230784 0.190638 0.692535 6.284860 -3.958608 -14.623643 
1.195467 -0.073676 -0.779948 0.077757 0.021997 5.341874 3.138722 
0.124532 -0.817040 -0.383218 0.293103 7.853053 -1.798933 -0.905472 
0.239527 0.460520 0.253208 -0.467444 -6.926003 -9.656497 8.976457 
0.513647 -0.020674 0.589055 0.507697 8.523936 -2.882083 11.463791 
2.322161 -0.429836 -0.516151 -0.811267 10.215728 2.307530 -11.389326 
1.749945 -0.313914 0.827409 -0.185734 -0.701932 -5.979997 7.108795 
6.427225 -0.347347 -0.601825 0.495465 -9.713322 8.795349 2.023376 
0.187473 0.156496 0.051843 -0.633526 -9.351435 -8.074508 3.021111 
0.080411 -1.049850 0.651343 0.490411 -6.720604 12.592190 12.627783 
0.084886 -0.022097 0.138722 0.212060 -23.887217 -4.427520 -0.609480 
0.210734 -0.404789 0.687609 0.354070 -0.070955 -0.289847 -12.684059 
1.039799 0.231725 -0.185612 -0.209271 14.056333 6.354362 17.759575 
0.589256 -0.336442 -0.160582 0.202490 12.682447 -7.655830 11.623582 
0.193774 0.127137 0.986420 -0.402950 -14.198656 5.598262 8.572794 
0.204408 -0.674617 0.195919 -0.192236 7.926330 -1.248228 -12.723363 
0.203976 -0.148549 0.274484 0.767192 -25.300572 4.055161 -1.799033 
0.100379 0.031186 0.024904 -0.050941 -8.169458 -18.473108 -1.246147 
0.224716 0.420455 -0.570096 0.623400 -0.878882 3.620046 20.896351 
0.736908 0.326824 0.180113 0.288942 2.295595 29.764566 -1.122272 
0.183623 0.585558 0.362332 -0.946878 9.478985 2.339769 -3.374398 
5.763363 -0.576902 -0.728461 -0.221818 -3.549892 -9.896698 -1.034718 
0.155563 -0.426157 -0.389325 -0.273513 10.117582 8.834259 8.517658 
0.205052 0.179607 0.704753 -0.202860 -17.766034 9.998528 12.607989 
0.256881 -0.180415 -0.229747 -0.753246 -7.604286 -16.343393 9.888329 
0.383592 0.043033 -0.072428 0.904062 3.243871 -20.525022 -5.405320 
0.115189 -0.354102 0.663747 -0.844286 -14.438875 17.050307 8.209707 
0.144188 0.443736 -0.270641 0.323897 -16.054074 1.382326 7.247961 
0.208231 -0.184556 0.351177 -0.053087 -15.092505 4.282912 24.387821 
0.523071 -0.868880 0.205086 -0.571698 -2.109295 -8.275676 6.243174 
0.460238 -0.520090 -0.073239 1.292369 11.525013 0.358766 11.926638 
0.500482 0.452407 0.183739 -0.685073 -2.738571 14.665757 -2.485534 
0.190881 -0.212455 0.557977 0.875562 20.020665 3.550166 17.219250 
0.095002 0.200654 0.843962 0.129355 0.087707 8.708135 -0.152454 
0.282526 0.754397 0.024830 -0.359909 0.049292 -3.344061 11.624052 
7.200905 0.085278 -0.010969 0.808091 -15.773416 6.908735 14.548805 
0.639887 -0.332550 0.544611 0.666402 -20.444012 1.923370 -9.792116 
0.088337 0.052950 -0.003102 0.172511 3.160830 -15.857922 4.175498 
3.427020 0.342519 -0.324013 0.494309 11.214118 -0.300497 11.970537 
0.286232 0.039685 0.035296 -0.279931 -12.654240 -20.702047 3.476413 
0.111446 0.015137 0.181713 0.606315 -10.057542 13.976726 16.201240 
0.194955 0.415524 -0.052304 -0.124457 -4.147322 12.615424 5.358817 
0.190041 -0.285065 0.005988 0.462280 -21.452749 5.177612 -10.728320 
0.170109 -0.223369 0.538989 0.224101 -9.089464 -0.838365 16.084573 
0.162386 0.265190 -0.303204 0.481616 -16.490728 10.956980 0.026409 
1.166044 0.668741 -0.501433 0.783512 10.901734 11.496662 22.256433 
0.584740 1.312516 0.256828 0.357695 5.430565 -1.881497 2.774451 
0.396613 0.175349 -1.266025 -0.370663 -9.064178 -5.528440 -10.914172 
2.418064 0.010020 0.096524 0.202134 -17.003473 10.207538 -7.913278 
1.010429 -0.696012 0.436324 0.201421 4.147225 -6.723860 -0.066286 
2.532142 -1.343678 0.312596 0.004473 -4.827436 -6.608429 -0.802596 
0.107929 0.305252 1.028418 0.634880 5.400646 -1.748412 4.304913 
0.167175 -0.654742 -0.013625 -0.824475 -2.230031 -1.097094 -4.020065 
0.254952 1.006680 -0.901228 -0.170284 11.766962 0.536327 -10.817306 
0.429694 -0.232966 -0.257390 0.494654 19.184673 10.844867 15.685934 
0.496826 -0.477177 -0.198365 -0.579770 7.117202 -3.828470 10.211583 
0.121547 0.540007 -0.487764 0.421211 4.470930 -30.531294 -4.298736 
0.215928 -0.082371 -0.205214 0.399600 -2.915084 27.070240 1.346003 
0.270339 -0.006602 0.977771 0.600574 -8.264728 -4.396198 -1.377749 
0.080083 -0.712372 0.266220 0.382517 5.695729 0.898915 15.897431 
0.272801 0.590499 -0.465835 -0.031832 8.411415 0.532523 4.253267 
0.248941 -0.772571 -0.332082 0.679731 9.734342 -7.637626 4.841212 
0.198171 0.059268 -0.219286 0.297617 -0.479073 -17.811159 -7.543597 
0.125940 0.090191 -0.311480 0.180965 -2.667038 20.858168 4.803702 
0.397489 0.092165 -0.244169 0.428671 10.306358 -3.469383 7.356539 
0.109822 0.500483 0.235607 0.318810 28.566371 1.455766 -7.294912 
1.950578 -0.398916 0.725444 -0.358554 -6.295483 -6.510604 4.942069 
0.085723 -0.105585 -0.109201 -0.233545 -6.198923 11.553520 15.201784 
0.261677 -0.015306 0.073959 -0.243800 14.061302 14.967703 4.204008 
0.410668 -0.587664 1.042838 0.330782 6.038274 3.994363 13.131054 
0.278253 -0.048482 -0.419581 0.006174 13.227569 -5.405127 16.671054 
0.362834 -0.073416 -0.408608 0.207325 -15.469879 14.801462 7.078813 
0.191416 1.596661 -0.248108 -0.008877 31.683930 11.901050 -4.513398 
0.204516 0.411654 -0.499089 -0.875758 11.012306 -2.592154 -3.161322 
0.119244 0.217793 1.112600 0.152712 -1.846373 -2.631423 10.057789 
0.394798 -0.405918 0.226852 -0.579688 3.895668 -7.250614 -0.179434 
0.108074 -0.017646 -0.058141 0.113720 2.805998 16.355893 -21.577342 
1.687457 0.754344 1.629531 -0.180499 15.109990 18.477334 6.857055 
0.142585 -0.333286 -0.742091 -0.114178 2.603799 5.052092 -8.097704 
0.999592 0.195802 0.004613 -0.029195 -11.724856 18.657307 -20.804498 
0.835224 0.967532 -0.657233 -0.116714 13.276112 12.056022 -0.606790 
0.133760 -0.499366 -0.642035 -0.302648 -16.857298 -4.664123 6.081703 
2.914902 0.120605 0.020144 0.096133 28.644112 -15.070069 1.666601 
0.289537 -0.016485 -0.202767 0.340416 -14.588337 -18.099980 -1.801396 
0.111589 -0.214853 0.172296 0.304192 7.206243 7.066278 7.929325 
0.666435 -0.166190 -0.007039 -0.061008 5.793530 26.926073 3.446954 
0.118124 -0.404484 -0.379500 0.071753 3.888524 -7.306523 9.662601 
0.082017 0.072484 -0.283231 0.458103 -13.682122 14.034247 6.055233 
0.384643 -0.713420 -0.271992 0.166908 4.143202 -7.156288 -8.523671 
0.170390 0.076156 0.282001 0.303451 -16.478666 10.172683 18.514135 
0.164634 -0.221820 0.472346 -0.286522 -8.193463 -7.839261 10.469508 
0.710018 -0.664165 0.707566 0.288845 -7.123166 15.409229 10.076803 
0.490174 0.201132 -0.199074 0.501649 -5.266035 -3.822297 -16.984504 
0.209872 -0.176018 -0.449878 0.809721 -6.834156 9.954903 13.920060 
0.191407 -1.341840 -0.836142 -0.568292 -7.668729 -2.847819 -15.665491 
0.086220 0.331062 0.049781 -0.204639 24.010112 -1.546918 9.736372 
0.253249 0.345472 -0.583443 -0.032840 -0.436795 15.744780 4.418800 
0.443660 0.242663 0.033256 -0.123770 8.859680 14.355895 -2.327078 
1.478874 0.711611 0.468768 0.315823 1.691704 11.246284 6.177497 
0.997008 0.603597 0.490568 0.204441 -10.843958 -8.759464 -1.173169 
0.119733 -0.714529 0.771674 -0.796393 1.466711 -1.815610 -11.737264 
0.155712 -0.915160 -0.539803 0.598731 -3.198017 4.153333 3.221353 
0.248140 0.403739 -0.190994 -0.109095 26.475974 4.534385 1.509499 
0.211986 -0.352009 -0.436620 1.611658 -8.689970 -12.394721 12.647591 
3.164370 0.167452 -0.070440 -0.656981 7.426938 13.785859 7.958650 
7.811175 -0.292440 0.866054 -0.225630 6.040870 -3.687397 -4.693452 
0.119711 -0.592469 0.083711 -0.024729 0.369986 -1.390392 20.114800 
0.081905 -0.263458 1.399931 0.400851 -0.272956 11.054916 2.719463 
0.128974 0.051344 0.618209 0.171160 -11.812379 -12.624150 12.820576 
0.098410 0.065811 -0.034743 0.107728 -23.785441 1.678376 -15.352768 
0.208666 -0.688920 -0.289723 -0.100168 -6.152977 5.362863 22.487010 
0.338702 -0.472828 -0.263200 -0.186377 4.407537 -22.536431 12.981066 
0.270406 -0.735684 -0.383791 -0.263246 4.379591 -5.223153 -14.990630 
0.261780 -0.473208 0.443622 -0.635431 6.576911 -1.765564 3.897256 
0.198271 -0.089649 -0.491982 0.386298 10.610807 10.087741 -5.833101 
0.547947 -0.524494 -0.303105 -0.142048 8.824861 2.503568 9.237532 
0.084496 -0.139459 1.230019 -0.072843 -5.891489 2.486154 11.757590 
0.547853 0.033054 0.248515 0.090152 1.308165 -22.224755 8.286139 
0.124445 0.385506 -0.546545 0.037201 -1.587795 10.585680 10.976753 
0.573077 -0.303698 0.182282 -0.041396 1.453503 8.557204 -15.490546 
0.415176 -0.136593 0.128704 -0.267972 6.983158 -20.352983 -11.611630 
0.878922 0.283673 0.736955 -0.448120 -5.623337 -9.529490 -13.610170 
0.094683 -0.318368 0.992729 -1.058179 -2.335093 -0.628180 -10.003863 
3.025229 -0.989911 0.960009 0.208965 -0.039777 14.946080 -7.787068 
0.102725 0.006640 0.443882 -0.429936 -16.343065 -14.251805 -4.240097 
1.385436 -1.199248 -0.300407 0.117692 -18.194022 11.436904 7.503754 
0.188343 0.240854 -0.118482 -0.246621 21.291079 -10.876548 7.926486 
0.308804 -0.423074 0.412033 0.630679 16.088923 14.254100 0.597252 
0.266901 0.171195 0.899230 0.152786 23.089925 8.837167 4.641553 
0.352073 0.592661 -0.093690 -1.019494 -6.935631 -4.192158 -4.010922 
0.588656 0.085640 -0.521890 -0.871835 14.266815 -7.104967 -12.346101 
0.105091 -0.327011 -0.302700 0.286643 -4.644018 5.685580 0.183687 
0.147682 0.310043 0.230923 -0.847247 16.145407 -7.152733 1.235216 
0.179358 0.519015 -0.297138 -0.072319 -11.699901 9.696337 -7.086180 
0.522896 0.294763 0.081526 0.126252 11.392218 -16.177780 1.621085 
0.141510 0.273599 -0.146899 -0.290778 15.600222 -11.174355 -8.070918 
0.105633 -0.233053 0.232825 -0.406107 -4.376915 -2.305068 -2.649113 
1.115389 0.079802 -0.033503 -0.486833 7.130775 -10.055431 3.954486 
0.100224 1.420767 -0.709159 0.342666 13.615829 -12.405763 -7.431625 
3.043771 0.820180 -0.193772 -1.409244 12.236549 -3.279143 -10.309347 
1.677124 0.060530 -0.758192 0.740587 6.428013 -5.473855 -3.423382 
0.154714 -1.497455 -0.363809 -0.098329 -7.662864 -7.021739 -5.852578 
0.509531 0.199146 -0.060128 0.307579 14.078441 9.730814 6.175450 
0.118595 0.746791 -0.523110 0.634537 3.821591 3.374040 2.704027 
0.192470 0.390180 -0.005708 0.131713 22.119115 -5.780918 9.246569 
0.156661 -0.079468 -0.911735 0.768580 2.447481 2.604116 17.386672 
0.269171 0.390983 0.092944 0.335396 2.510085 4.315977 -13.071670 
0.275015 0.412302 -0.015514 0.354855 -19.786266 11.427510 5.889858 
0.133107 0.169686 -0.008164 -0.391733 -16.354397 6.764171 10.769467 
0.116244 0.447256 -0.304441 0.249201 4.640595 -16.512373 3.551043 
0.262815 -0.016198 -0.048158 0.621045 -9.440519 -22.131339 5.708174 
0.152197 0.426313 0.049450 -0.454717 -17.348571 7.552845 -19.425961 
0.591538 0.577884 -0.608442 -0.171881 2.242319 -13.418686 -23.434148 
0.273814 -0.688431 -0.564771 -0.104755 3.114655 2.484456 2.266620 
1.296377 0.126462 -0.054295 0.155547 -8.322762 26.960036 16.167756 
0.625099 -0.121702 -0.327285 -0.411766 3.386675 -8.703461 18.776916 
0.953431 -0.859849 -0.367274 0.370006 -16.499606 -7.298210 19.673482 
1.362864 -0.715475 0.202057 0.281740 6.142269 8.600799 -4.847601 
0.388981 0.265715 0.203497 -0.093062 -16.360812 8.891180 15.643780 
0.178332 0.567222 -0.567070 -0.370501 28.577865 0.931438 3.583048 
0.372184 -0.615790 -0.111650 0.718315 -5.845557 -10.933647 2.182858 
1.884918 -0.443104 0.167024 -0.258545 -25.916367 -1.315557 2.174012 
0.093160 -0.968523 -0.345347 -0.606956 -3.873052 -6.654111 -3.585572 
0.093696 0.059985 -0.593171 0.112332 7.349007 -8.583454 5.948824 
0.080850 1.340459 -0.460902 0.646638 9.190947 -17.569137 13.016944 
0.277717 -0.149854 -1.630857 0.420893 0.898276 -11.103825 16.016957 
0.330199 -0.353616 0.103624 0.462615 -8.065253 16.434163 7.836263 
1.020862 -0.155730 0.593509 0.169078 19.877038 2.159365 0.083933 
0.554068 -0.036263 0.113724 0.248631 -15.959018 8.217270 12.356389 
0.410517 0.899617 -0.102448 0.100461 -1.135073 -2.706540 14.555576 
2.241100 -0.245724 -0.181108 0.522488 -28.195790 9.659821 3.715290 
0.769947 -0.437712 -0.315995 0.690962 -8.104165 -4.080078 -16.965377 
0.085466 0.516527 0.363365 0.280742 -4.480530 -16.482486 -12.109531 
0.645582 -0.005349 0.226638 0.601092 -8.394653 9.089987 -12.823666 
0.291207 0.503270 0.113814 -0.166060 26.321340 0.064658 -10.544634 
0.780826 1.064046 0.622085 0.052483 0.517582 20.692914 5.951665 
0.178041 -0.215368 0.061747 0.044928 -6.669541 8.262012 17.304578 
0.111657 0.690558 -0.179505 0.079809 4.673230 10.680096 11.367109 
0.141933 -0.457336 0.435927 0.644021 -3.638912 -13.015729 -6.124604 
0.503658 0.312385 0.261550 -0.294184 -7.919284 -10.755859 14.931674 
0.266518 0.847183 -0.361102 -0.500264 -5.979995 -11.020157 -12.270215 
0.136578 0.209908 -0.083496 0.276443 27.093682 7.958603 7.264196 
0.126498 -0.264610 0.177205 -0.029493 -17.867822 -14.338330 -13.932658 
0.081261 0.858257 0.930790 0.326215 19.827933 -4.083842 -1.872947 
0.167252 -0.076924 0.083712 0.084514 -2.712071 -4.540137 2.996718 
0.607244 -0.549606 1.567121 0.519175 -1.284873 14.017166 1.793078 
0.266741 -0.104375 0.201189 -0.209348 -21.273252 8.939203 11.195895 
0.157175 0.500236 -0.290961 0.760569 -17.131698 -9.942616 20.064926 
0.366807 -0.201742 -0.355982 0.125817 11.333243 -12.833452 -17.036510 
1.030213 -0.103720 0.034141 0.766687 4.208459 1.590672 0.031108 
0.140945 1.249267 0.922882 -0.182047 14.302762 2.977072 9.662579 
0.288794 0.093649 -0.240903 0.147182 -13.438769 0.172961 -24.136373 
0.182724 -0.405833 1.037966 0.290251 -10.939708 0.104233 -9.793277 
0.115248 -0.843938 0.841047 -0.017876 -14.769003 8.164423 5.113977 
1.012019 -0.396060 -0.481509 0.495307 3.106715 7.769990 -7.038073 
0.292049 -0.814216 0.403301 -0.088084 -11.218720 -14.374996 7.572185 
3.273691 -0.132947 0.040244 0.320455 5.335334 2.968605 16.730290 
0.507219 -0.105567 0.894473 0.047877 -15.766382 6.078853 20.682167 
0.325723 -0.873239 0.089530 0.780820 -8.521305 8.027397 -8.079798 
0.153073 0.371445 1.094922 -0.952960 12.960640 3.352116 -31.098851 
0.229855 -0.081464 0.193483 0.385237 18.457213 9.070446 8.134545 
0.196589 -0.206615 -0.270767 -0.293372 5.312156 2.943559 -12.186609 
0.095001 0.264236 0.050820 -0.167067 -6.244708 4.817988 -24.358320 
0.458870 -1.037745 -0.781927 -0.133438 -1.905773 1.331165 -1.362006 
0.085890 -0.625364 1.322772 -0.092166 0.686995 16.498105 18.725441 
0.170408 0.448070 -0.160733 -0.127726 -14.917959 11.573336 -7.101630 
0.130084 0.252511 -0.497138 0.232006 -1.625024 -2.271811 -3.606090 
1.384359 -0.469118 -0.338971 -0.036475 -0.982385 4.501403 10.409154 
0.642711 -0.088061 -0.206892 -0.237747 -8.958165 11.463647 -8.500518 
0.176254 -0.847495 -0.340631 -0.257268 2.496916 2.952000 10.336788 
0.156623 -0.131799 -0.616945 0.124522 -22.320486 -7.111809 4.437946 
0.874755 0.154194 0.051337 -0.181884 -16.358774 -9.828557 -3.381741 
0.628183 -0.192720 0.473291 0.240930 -0.778976 -11.602424 17.514727 
0.127719 0.619497 -0.026031 -0.275642 13.593886 -7.470877 21.095237 
0.209256 0.238998 -0.228383 0.491560 -11.420645 -2.431073 9.031407 
0.393003 0.482199 0.161062 0.096206 12.929256 6.722369 -5.630234 
0.395444 -1.082218 -1.053279 -0.545533 -6.177311 -10.819472 4.114340 
0.150757 -0.352677 -0.341205 0.375345 16.962186 -14.636504 19.487068 
0.613619 0.418836 0.200190 -0.581768 20.305795 -7.057338 -20.976453 
0.371705 0.474163 -0.492300 0.193008 12.576986 14.718938 9.808916 
0.128172 0.082124 -0.043243 -0.286606 -1.871265 25.093670 9.360813 
1.227367 -0.810589 0.437602 0.212683 -15.065683 22.264024 10.202139 
1.287495 0.064097 -0.065466 -0.019226 -9.551234 -8.561004 -3.503257 
0.285623 -0.494958 0.164569 0.194481 -17.122849 -14.294250 -13.393741 
0.186793 0.129970 -0.053478 0.181074 -4.658884 8.339375 -18.514269 
0.151928 0.861835 0.213556 0.088508 -5.087631 -6.276425 -6.667562 
0.107729 0.150421 -1.069695 0.095443 3.913414 0.238182 -8.424604 
0.789450 0.046554 0.986149 0.556950 -0.079091 -4.250159 -0.502568 
0.417882 0.704317 0.280160 -0.883385 12.790016 -0.813705 7.600632 
0.415458 0.098340 -1.701580 -0.653501 -5.436381 -20.902800 1.945679 
0.510419 0.504927 -0.363370 0.104076 -3.052954 18.404115 11.643770 
0.130425 0.489803 -0.241370 0.510022 -7.797578 -4.920132 9.313445 
0.312402 -0.679540 0.682600 -0.265621 8.681374 -0.072176 1.238865 
0.489643 0.231487 0.078760 -1.563178 -3.183958 6.440288 -17.908833 
0.449688 0.170666 -0.342651 0.904823 16.765464 14.546843 9.021425 
4.640213 -0.981406 -1.794756 -1.902310 -8.205701 -24.694784 -34.680450 
0.102329 -0.540165 -0.495153 0.488103 12.381866 -3.456398 -0.766774 
0.088752 -0.114905 -0.371211 0.363547 -30.840618 7.637655 5.910613 
0.124181 0.179035 -0.596737 0.597946 11.025313 -16.405353 1.480787 
0.142677 0.678637 -0.244659 -0.050580 -12.350306 -5.869109 -12.522000 
0.646196 -0.752057 0.818262 0.108426 -3.843546 5.302345 -20.302579 
0.112694 -0.150135 0.371631 0.518742 -16.840468 -16.283480 0.940679 
0.176104 0.428914 -0.100755 0.941646 -8.640776 -8.577928 2.100109 
0.106965 -0.117079 -0.256708 -0.235562 -14.792754 1.625236 16.082135 
0.330430 -0.595174 0.825025 0.128806 -8.699460 3.439460 0.086174 
1.059937 0.380338 -0.083116 -0.005243 14.022794 -5.371950 -14.602838 
0.446854 0.043511 0.684697 -0.205067 2.819055 2.800275 -14.024216 
0.249843 0.149951 0.101839 0.261541 -4.579076 27.656673 15.559239 
0.126972 -0.194478 -0.288195 -0.552897 -5.661315 2.644373 -3.619145 
0.148713 -0.359950 0.174380 0.292806 10.346887 -3.980172 16.772954 
0.153845 0.705297 0.542567 -0.060216 10.051586 9.328536 -5.081193 
1.523067 -0.120904 0.453403 0.053244 -1.721553 -14.861992 5.444576 
1.665441 0.234418 -0.869509 0.068516 3.699081 2.090835 -16.557695 
0.167356 0.363739 -0.054342 -0.029177 10.818963 20.928246 12.578509 
1.433413 1.660031 -0.600391 -0.156800 15.023007 -17.121644 1.233313 
0.264805 -0.236488 -1.015751 -0.038938 -13.874407 -11.898563 4.548651 
0.110793 -0.096264 -0.089349 0.407903 -6.615237 12.537269 -20.260596 
0.180061 -0.288214 0.525636 -0.244248 -4.322393 0.870459 4.373607 
0.195410 -0.133775 0.133026 -1.474674 -1.002791 2.012129 -7.545241 
0.091610 1.149235 0.459193 -0.225410 10.385940 4.784433 15.231455 
0.100160 0.039379 -0.543588 -0.297397 -13.521993 2.490700 4.125437 
0.329612 -0.491870 -0.116217 0.639731 -7.956791 3.311924 5.690852 
0.174903 0.077985 -1.189682 0.165765 -11.273897 -11.064560 -7.748077 
0.088879 -0.196581 -0.026947 0.005959 -15.341122 6.599262 -1.353977 
1.382242 -0.537882 -0.010057 -0.997646 8.651108 -11.977904 -7.824487 
0.137418 0.352616 0.420877 0.425591 -15.744423 -5.681211 7.523928 
0.550522 -0.903005 -0.279293 -0.222428 -1.470961 -17.927584 9.500062 
0.977405 -0.070112 0.803952 -0.365450 -13.001071 6.760705 -7.748009 
1.078071 -0.333534 0.502180 0.477942 3.559561 14.368417 -7.898575 
0.158053 -0.104676 -0.619658 -0.071252 15.090826 -26.877034 -1.187763 
0.173348 -0.176309 -0.055647 0.053298 11.761208 -3.572802 -14.572900 
0.082934 0.227416 -0.408114 0.950951 15.313987 6.434370 -2.056866 
0.136636 -0.297812 -0.029326 0.337968 -19.506088 -4.443106 20.041726 
0.143734 0.755687 0.397869 0.011853 -7.184179 1.483536 -10.204297 
0.441192 -0.587413 0.014247 0.017627 -2.111339 10.890598 -11.298825 
0.419927 -0.428946 -0.007471 0.478421 10.186660 -16.596995 -5.165420 
0.233936 0.296040 0.496995 0.619838 -20.425113 -1.785408 8.653124 
0.472655 -0.589845 -0.193022 -0.222386 -1.502384 -10.559494 -10.856858 
0.114863 -0.489952 0.229488 -0.135051 2.576202 4.448747 -22.256063 
0.090134 0.227385 0.154218 0.161802 7.234009 19.133009 -1.566260 
0.541043 0.647690 -0.072961 -0.444284 24.768643 -4.223608 10.317285 
0.282572 -0.259827 -0.233062 0.040822 -27.409477 -2.673332 11.088324 
0.115642 0.869802 -0.581574 0.056616 8.434881 -11.662703 -0.069465 
0.081355 -0.427885 -0.041434 -0.905298 -23.939757 8.828498 -7.926613 
0.367829 -0.298423 -0.891971 0.262307 -4.882594 1.998313 5.531473 
0.139629 -0.449088 -0.341606 -0.119667 3.313956 -20.572958 -0.569999 
1.352784 -0.464242 0.021479 0.256241 3.651427 -4.492257 -11.343115 
0.125255 -0.308690 0.356262 -0.212717 12.031814 -11.955019 -14.744039 
0.401327 -0.097801 -0.494565 1.309739 -1.114060 -4.984821 18.810312 
0.285734 -1.134515 -0.668366 -0.427656 -1.405418 -17.735114 1.873508 
0.395651 0.461864 -0.414999 -0.220357 19.779968 -5.941186 -1.220873 
0.293098 0.538048 -0.404184 0.468731 -11.679617 -3.652223 8.559552 
0.087827 -0.678735 0.583775 0.184038 9.660704 9.024739 8.536080 
0.145431 -0.779376 -0.456602 0.421527 -8.109567 6.922665 -19.491843 
0.180115 -0.617326 0.629223 -0.403929 -20.563611 7.982661 3.693555 
0.096200 -0.096207 -0.348696 0.017474 3.686092 -8.473188 -1.904335 
0.666776 -0.461269 -0.349050 0.622007 -21.842084 -10.315101 17.903787 
0.204329 0.090625 0.382196 0.049349 -2.533269 -4.714783 11.083554 
0.115895 -0.070777 -0.326906 0.573124 5.592035 15.518297 -8.574734 
0.093908 -0.243811 -0.424995 -0.506495 6.068574 -6.585980 10.354074 
1.218377 -0.768755 -0.426593 0.467070 -5.224284 15.596533 7.214738 
1.577937 0.382988 0.438597 0.402396 -16.082907 -10.244214 4.244748 
0.624013 0.205103 -0.223537 0.544318 -8.716426 -9.156004 -12.471302 
0.094581 0.264060 0.889780 0.361694 13.019405 -7.405986 3.316896 
0.082735 -0.186726 -0.060480 -0.716447 3.976269 12.919381 3.734379 
0.117562 0.515585 -0.878835 0.042221 -4.605361 -2.641259 -16.096567 
0.104059 0.083734 -0.603294 0.262060 2.894652 -3.467067 -16.068108 
1.175398 0.170070 0.240489 0.756426 -10.843290 -9.564949 20.387352 
0.164169 0.775441 1.639607 -0.185775 12.605213 9.418865 -15.722110 
0.291452 -0.430955 0.336780 0.081249 -7.809639 -10.625965 -14.355024 
0.206673 -0.228624 -0.215650 0.164204 -17.175580 -20.868400 -3.219373 
1.289324 0.216334 0.689365 0.940912 18.116469 24.052932 0.187013 
0.086315 -0.097698 -0.033283 -0.420216 -13.943411 6.187230 -2.430629 
0.235153 -0.042912 0.239844 0.441443 3.351832 -19.358374 1.107055 
0.115719 0.432011 -0.442481 -1.203366 16.314619 -15.015571 -16.345383 
0.363410 -0.151589 -0.411650 -0.380579 10.726297 1.874551 10.866916 
1.751386 0.987346 0.198186 -0.438338 11.287044 -5.682721 7.188520 
0.207984 -0.386271 -0.151605 0.389444 6.018457 -1.671672 -15.071022 
0.102911 0.238019 -0.983117 -0.442370 11.394445 -9.512925 9.177738 
0.178659 -0.444312 0.981836 0.211702 8.597138 2.579447 6.593501 
1.266026 -0.254487 0.694406 -0.479928 8.381175 -10.993761 -7.909030 
0.304509 0.538220 0.274055 0.424041 -4.400574 -16.555566 -2.862194 
0.111776 -0.024361 -0.037028 0.225629 -23.995981 5.906418 -1.855204 
0.518423 -0.864789 0.225642 0.663289 -15.650198 -13.688650 24.550868 
0.412206 0.430953 -0.438370 0.268903 -17.171195 1.757702 15.653760 
0.151101 -0.111484 -0.094683 -0.622700 9.536163 12.334350 1.570010 
0.220913 -0.178965 0.836397 -0.066507 9.866155 3.607482 4.550787 
1.412488 0.066946 -0.002679 0.006279 4.635694 -9.934490 -20.870932 
13.278585 -0.182971 0.636465 0.361427 -15.300273 -2.565659 8.731430 
1.463321 -0.515969 -0.248598 -0.126719 -14.318906 20.674443 6.701834 
0.120159 0.320862 -0.632648 0.538908 9.477978 13.068470 9.772272 
0.365350 -0.236523 0.586560 0.125337 9.664487 -10.933334 8.931844 
0.105973 -0.396194 -0.342169 -0.519376 -3.352382 1.508225 15.655658 
0.295892 -0.720328 -0.434668 -0.074008 5.534761 6.549663 10.690449 
0.206326 -0.490063 0.031165 -0.144330 -0.662982 6.383613 3.945458 
0.093712 -1.295717 0.377051 -0.121700 -2.917813 6.946648 -0.758190 
0.095148 0.248029 -0.300321 0.408748 3.062591 15.375896 8.615012 
0.206538 0.080929 -0.826598 0.186266 -19.643095 -16.108415 6.499089 
0.086877 0.376439 0.477436 0.645721 -4.199601 -6.380050 -6.582502 
0.089099 -0.050842 -0.116186 0.933287 -7.332563 -15.094134 7.464396 
0.510706 -0.629576 0.143410 -0.226953 -14.882872 12.643006 15.081972 
0.209703 1.236055 -0.869951 -0.550444 17.532322 -3.764179 -4.903359 
0.558090 -0.214753 0.869710 -0.096427 -4.222573 -5.998433 13.198819 
0.094925 -0.057336 -0.306963 0.152393 6.962941 -1.877713 -18.944439 
0.169485 -0.019384 0.213568 -0.771868 1.460672 -11.926172 -5.532277 
1.190304 -1.075047 -0.705556 0.280320 -9.613841 -16.291455 4.574272 
0.229716 -0.178749 -0.325105 -0.024214 -10.784703 -20.625153 -5.880189 
0.590880 -0.122008 -0.262567 0.411817 -25.216013 -0.806991 -8.937824 
0.480535 0.347168 0.001679 -0.028863 -2.557548 8.328942 -1.224803 
0.234429 0.171701 0.140894 -0.299090 -21.662793 -6.991326 -7.753574 
0.582021 -0.770324 0.315100 -0.044569 -14.735163 9.723449 -21.169139 
0.189197 0.487948 -0.618322 -0.625148 0.714710 -1.210737 0.237018 
0.259575 -0.675070 0.263036 -0.676232 12.253516 1.978917 -12.446360 
0.447006 -0.160340 -0.028399 0.259143 -24.618015 16.588540 -10.767262 
0.147887 -0.497830 0.488269 0.192718 10.123340 -2.987758 3.913252 
0.231699 -0.250664 0.478252 -0.045850 2.076053 -13.883158 -1.919572 
0.453708 0.087589 -0.299178 -0.051125 9.272967 -10.922086 9.198873 
0.920339 -0.793709 0.772190 -0.764647 3.228485 11.695404 -11.579692 
0.955703 -0.119737 0.129110 -0.270601 -3.899674 15.208785 13.495023 
0.084577 0.308508 0.577206 -0.220490 3.411969 -2.040834 -10.918355 
0.160624 -0.278853 0.147109 0.090391 -0.525422 20.307473 12.612988 
1.172148 0.553975 0.416087 -0.027601 12.965286 -1.769795 -22.425300 
0.760534 -0.222091 1.549426 -0.186827 9.117318 21.177335 15.418440 
0.114553 -0.648724 -0.454467 0.091043 12.166712 -14.542506 8.240575 
0.117572 0.700907 -0.488797 0.058958 14.197074 -26.830558 -5.407601 
0.762149 0.993231 1.712001 -1.556983 23.420855 32.772964 -9.879062 
0.232792 0.425397 -0.821594 -0.170421 -0.260734 10.022576 -5.535640 
0.215009 0.000250 0.333012 -0.069753 -1.649225 1.607958 -1.546754 
2.204810 -0.195786 -0.073442 0.092731 -3.224204 21.733722 1.176292 
0.129032 -0.803885 -0.490019 1.902995 2.448942 -18.276903 37.685245 
0.374042 0.905792 0.445538 -0.326746 -2.645440 -2.182296 1.105987 
0.205433 0.050224 -0.070305 1.136171 -14.113367 18.122278 9.753476 
0.160079 0.381999 -0.606366 0.170388 -14.061306 4.092532 7.036377 
0.136090 -0.845376 0.648355 -0.350895 -11.761593 -5.323752 12.268214 
0.119841 0.305541 0.370099 -0.051373 5.869314 16.832642 17.984013 
0.201503 -0.869074 -0.107739 1.371742 -3.466408 -11.042991 12.191359 
0.611073 0.430399 0.050524 0.477494 -11.945042 -14.369295 -7.229320 
0.115016 0.709011 -0.087090 -1.337262 7.470478 -14.558278 -11.754606 
0.399244 0.438234 -0.556383 0.002710 16.680253 -14.509658 6.374932 
0.131342 -0.555736 -0.431409 -0.967032 -3.104217 8.920765 -7.037189 
0.174201 0.050170 -0.885591 0.536319 -0.393659 3.839564 23.242488 
0.089275 -0.152686 0.104917 -0.066204 22.042969 1.246942 -7.116956 
0.438872 -0.228970 -0.419018 0.508186 18.278489 2.026393 0.731937 
0.085636 0.264814 -0.016845 0.267744 15.229799 -6.908361 -10.513315 
0.582912 0.151360 0.043926 0.198387 -4.690954 0.587047 -0.389736 
0.240412 -1.207433 -0.080284 0.048633 -14.041603 -0.767974 21.553820 
0.226021 0.718976 0.098964 0.297919 -3.325134 4.989994 20.219320 
0.107205 0.145493 0.468598 -0.275002 -13.014210 -5.457150 -0.612234 
1.102835 -0.212987 -0.027166 0.168884 17.060631 1.299059 24.147559 
0.266126 -0.126788 0.678189 -0.006217 -21.241478 6.762220 -13.626709 
0.409423 0.099771 1.220471 -0.570644 -10.112769 8.795400 -5.837712 
0.089384 -0.035474 0.399631 -0.297311 15.065169 -12.471902 -11.942479 
0.113871 -0.303920 -0.390953 -0.217323 10.124201 -5.474779 -6.545552 
0.746267 0.082550 1.528380 -0.024906 -2.920415 7.486417 -8.777813 
0.219386 -0.669404 -0.637050 -0.350073 10.201235 -19.624713 -10.305166 
0.439077 0.365589 0.042875 -0.355989 -17.857121 5.714218 -15.639800 
1.444015 0.543334 -0.340969 0.110728 2.263042 -0.883907 -7.223298 
0.102731 0.315356 -0.956175 0.571278 8.805060 2.027580 1.325086 
0.202560 -0.613421 -0.589938 -0.030369 1.316549 -22.563774 -33.918738 
0.091773 -0.238293 0.486600 0.138151 0.283768 0.795815 -8.954258 
0.159646 -0.665751 0.743709 -0.734129 -6.311032 -6.266094 -3.782316 
0.210510 0.215904 0.658218 0.098044 -18.629908 -4.292752 1.581571 
0.129464 -0.276724 0.577838 -0.294233 8.163960 -0.556236 -1.532943 
0.235395 -0.274326 -0.498126 0.417987 -12.137936 16.406844 1.336011 
0.392760 0.483100 0.360535 -0.385560 -8.098082 -12.217405 -5.494644 
0.340464 -0.075227 0.186039 -1.040601 3.949845 14.068437 -0.672913 
0.558675 0.096931 -0.336357 0.312273 21.656005 7.044380 -6.114083 
0.269181 -0.088492 -0.052009 0.464940 1.162844 0.082653 16.266938 
0.080832 0.205387 0.543050 0.220472 5.914020 9.982413 24.325499 
0.161454 0.255525 -0.070815 0.132295 -15.315752 -13.178118 -17.199613 
3.272843 0.022383 -0.016258 0.026998 -9.979191 5.940606 -9.126435 
0.126733 0.756792 -0.084679 -0.187338 -5.951902 -18.659865 -4.861673 
0.147442 -0.488721 -1.308339 -0.518927 -2.999826 -27.406499 -0.992778 
0.234874 -0.064836 0.419700 -0.525718 -11.627690 8.752312 7.482924 
0.088322 0.369327 0.281561 -0.863259 -4.746624 6.059319 -13.008821 
0.124823 0.346561 -0.216687 -0.774271 -10.818732 2.986055 4.815910 
0.134972 0.640440 0.619677 0.498856 11.120689 8.671669 -0.029408 
0.114632 -0.028008 -0.304789 0.400948 -2.254119 14.369873 3.705825 
0.145861 -0.517561 -0.434265 0.534995 10.336814 5.188600 -5.437931 
0.263366 -0.097771 -0.069833 -0.586040 -3.832711 5.900087 13.874474 
0.973808 0.225192 -0.260238 0.043992 -12.119781 12.875789 -2.594353 
1.966409 0.149421 0.021975 0.080801 -8.142149 12.264797 -16.130077 
0.137245 -0.290340 0.010940 -0.669571 12.257460 -3.471409 -1.031934 
0.175886 -0.194122 0.195779 -0.237854 -10.582221 -11.942418 7.738804 
0.427154 -0.522853 0.122084 0.545081 -1.544929 -14.609197 7.978595 
0.305641 -0.470325 0.340990 -0.344363 -3.689913 -17.547096 -8.677666 
0.126873 0.129690 -0.266365 -0.117504 1.099148 -2.963269 6.935615 
0.202129 1.127175 -0.433110 0.577965 9.190042 -0.534739 20.543053 
0.103947 0.807745 0.549012 -0.156296 -6.894545 14.908486 5.074155 
0.160192 0.231076 -0.860143 0.325689 17.283354 -1.382112 7.678287 
0.087931 -0.439042 -0.043321 -0.379541 -10.185717 -4.779215 14.019354 
0.201166 -0.312219 0.103292 0.150851 -18.849335 -14.678645 16.433916 
0.129271 0.010230 -0.451918 0.633075 -15.722331 -0.093607 -6.297167 
0.244547 -0.409541 0.170815 -0.100247 -6.236170 -4.421281 24.250509 
