0.202999 -0.178823 0.650409 -0.440896 -6.360130 4.999022 -15.942772 
0.583882 -0.057561 1.400981 0.117658 13.646844 10.045459 10.637113 
0.585149 0.169042 -0.044782 0.124436 0.854911 -2.145575 -22.719852 
0.085689 -0.632803 -0.427680 1.027634 -14.083341 10.647719 13.326379 
0.090936 -0.045451 0.587466 -0.393392 -2.572042 12.082577 -0.611033 
0.457888 -1.015412 0.614676 0.854920 -8.626507 -9.903243 -2.806305 
0.179449 -0.716389 -1.390224 -0.751407 -3.202539 -2.648534 -3.391221 
0.103175 0.933285 -1.231819 -0.619561 0.402102 -11.877610 3.816025 
0.199182 2.697100 -0.771026 0.544887 14.209144 -9.113883 3.342814 
0.109107 0.664885 -1.891887 0.726162 -0.243024 -5.451438 6.771153 
0.232498 0.065884 -0.338753 -0.030300 -10.072280 13.569186 -15.016924 
0.683878 -0.455975 0.679365 -1.353703 -11.796955 -5.323540 -6.981684 
1.809017 -0.098997 0.085609 -0.084007 -3.817723 -3.482883 1.473273 
0.133767 1.583067 1.179961 -0.459407 17.124943 5.394256 5.093854 
0.207935 -1.221519 0.978095 -1.315803 -4.677970 14.033705 -1.444833 
5.586845 0.251001 0.087500 -0.140471 12.419529 8.315250 -5.930529 
0.099031 -0.101617 -0.055393 0.825811 3.985432 19.312683 8.389781 
0.095457 -0.501832 -0.301408 0.571507 -9.159799 -1.918654 3.761244 
0.166412 0.388692 0.624631 -1.053009 -0.429951 -7.861684 -12.383362 
0.401973 -0.338970 -1.387504 -0.119880 5.055108 -14.622652 10.889443 
0.149690 -0.022292 0.561551 0.786513 -15.868200 1.528827 8.756854 
0.135040 0.094035 0.476535 -0.044803 17.628454 5.819399 1.414887 
0.230700 0.878196 0.503345 -1.074770 -2.668708 9.709326 -0.911874 
0.296048 0.040853 -0.467253 0.333156 -7.238992 18.422299 11.047864 
0.089040 0.216979 -0.458056 0.362606 4.960812 4.351738 -8.256058 
0.218861 1.160185 -0.887435 -0.569095 9.905105 -0.126236 -0.361532 
0.780326 0.871648 -0.611648 -0.987035 0.753902 -11.048616 -5.298254 
0.110177 1.135424 1.501026 0.043109 3.015059 7.243290 10.052332 
0.308745 1.346955 -1.242192 -0.856175 11.232215 -20.130313 -6.887575 
0.930095 0.245875 0.114619 -0.237069 -0.730626 -1.005657 5.430674 
0.154448 0.391070 0.709928 -0.113540 6.675293 5.646429 5.025762 
0.449860 -0.304493 1.257748 0.477448 -8.186080 -5.436479 9.721704 
0.194281 -0.227182 -0.335417 0.307982 19.640407 6.127078 -8.670638 
0.121470 -0.460098 0.397089 1.305206 -15.890342 -5.360443 10.725454 
0.388680 0.114970 0.504144 -0.582848 -1.389297 12.611431 12.108274 
0.552874 0.310314 -1.854605 0.477930 -5.689690 -11.071621 12.063496 
0.107074 0.048232 -0.074534 0.688374 4.846485 -21.086000 -2.330493 
0.218546 1.172576 1.721598 0.254128 0.322615 7.917040 -1.499988 
0.118025 -0.596588 -0.328545 -0.142415 -6.929139 -13.686971 13.316759 
0.176826 -0.414259 -0.229013 0.857033 -10.674228 7.301824 -2.013515 
0.123628 0.021296 -0.380849 -0.952116 -5.899137 8.108553 5.123872 
0.103987 1.001192 -0.531240 2.329391 15.740420 4.861326 17.961466 
1.612405 -0.315354 -0.106335 0.264589 -5.665135 1.436422 -14.340402 
3.952128 -0.377992 1.817355 0.294913 0.742123 2.075589 8.297286 
0.090817 0.393014 -0.163231 0.160638 2.761968 -4.232515 5.648852 
0.094271 -0.150760 0.291676 -0.344190 9.110213 -13.052193 7.881686 
0.105198 -0.467219 -0.438746 -1.476778 -14.019992 -1.073227 -3.581584 
0.122132 -0.469578 -0.097993 0.039445 4.389324 3.181582 -1.576468 
0.167817 -0.247031 -0.957008 -0.050591 -12.468600 0.022174 13.417204 
0.138488 -0.567521 -2.253232 -0.385609 0.796840 -14.759472 5.913893 
0.701272 1.484735 0.354376 -1.326451 25.040580 2.719404 -3.327346 
0.367183 0.011543 0.044230 1.490313 0.304089 -10.899532 4.696384 
0.116639 0.329145 -0.502707 -0.218177 -8.614824 4.871441 0.614326 
0.156405 -0.761866 0.540934 -0.871676 -5.758744 5.496389 -4.655002 
0.118162 -0.185180 0.434081 0.479377 -18.426964 14.262231 2.742023 
0.151293 -0.092231 -0.029471 -0.786911 -6.928933 5.239192 -9.950485 
1.456612 -0.416111 0.196980 0.889728 1.590290 2.605703 15.140645 
0.095248 -0.170213 0.103426 -0.246503 0.637870 -12.841167 -12.872098 
0.298886 -0.379358 0.298663 0.728977 -10.402140 6.013862 16.376551 
0.512636 -0.235633 0.384570 0.404453 -1.902300 -15.903746 14.626777 
0.121466 1.151039 -1.778279 -2.283768 12.671153 -12.318963 -12.150798 
0.863813 -0.412043 -0.354169 -0.447680 11.875976 2.386696 -3.668589 
0.283593 -0.696181 -0.244408 -0.155413 3.197490 3.955600 17.383777 
0.114183 -0.639434 1.339249 -0.181731 -14.479163 10.552044 3.468450 
0.387857 -0.278963 -0.391028 0.147974 -6.868068 1.323394 -17.224540 
0.102340 -0.531430 -0.621413 1.582211 -5.811758 -12.976166 11.135116 
1.423034 0.942889 1.332978 -0.058976 10.769368 -2.604532 -3.278332 
0.118440 0.305038 -0.335419 0.836606 3.588779 -5.625453 -12.067648 
0.087317 -0.581196 0.283194 0.849611 -4.709675 7.321980 11.035654 
0.115648 -0.034794 -0.267589 1.110141 -2.320290 7.433060 9.795631 
0.335498 0.318551 -1.243185 0.379040 9.140441 -8.063215 -11.274445 
0.109210 -0.310826 0.251582 -0.823612 -7.819637 -8.797585 4.446565 
5.398343 -0.395914 0.140612 0.296756 -20.356366 -6.730001 -8.467165 
0.438696 -0.723859 -0.064470 0.023269 5.191375 -2.043161 -9.811303 
0.102783 0.093925 -0.501549 0.491616 -11.531552 -9.264012 10.059319 
0.317653 0.791311 1.658928 -1.641568 -2.664118 19.350126 -9.440368 
0.117399 -0.494568 0.494608 0.328128 -4.384990 -2.852190 6.304645 
0.135796 2.202648 -0.340892 0.455678 13.258819 -12.498005 4.639548 
0.139152 -0.024406 0.599018 -0.051619 -4.182236 -8.538939 -1.123962 
0.081844 0.218773 0.084613 0.103355 -12.961983 11.549342 -16.077654 
0.210768 -0.187019 -0.109721 -0.621880 -10.429005 -3.938553 16.014429 
0.087151 0.031276 -0.080219 2.222508 9.872774 -4.608699 19.259275 
0.247564 -0.332858 -1.259179 0.036630 -11.140048 -13.648743 -10.539192 
0.118055 0.287859 -0.736931 -1.380033 -6.223551 5.199938 -10.030409 
0.133708 -1.523951 -1.348998 -0.117128 -8.226894 -8.446395 0.784736 
0.137951 -0.046081 0.022888 -0.123054 15.094555 12.840564 -5.968651 
0.295736 3.626500 1.864903 0.227582 36.952598 15.483629 3.355062 
0.093592 0.083359 0.181735 -0.240364 6.410753 -7.714736 -3.915530 
0.180968 -0.022522 0.553668 -0.060917 -9.638631 -14.160881 16.534953 
1.058781 0.294953 0.277372 -0.085636 -7.189261 14.640776 14.439291 
0.086350 0.043829 0.292002 0.690947 2.203456 10.056588 1.134251 
0.263354 -0.153298 -0.133222 0.078703 -12.979088 22.462137 7.300978 
0.556778 0.161990 -0.303714 -0.118248 -2.913119 -7.686014 23.141930 
0.139284 -0.145999 0.387481 0.064101 -17.229420 6.506067 19.104288 
0.478468 -0.033971 0.136707 -0.475111 -15.621513 -8.217842 9.058291 
0.165293 -0.274483 0.537375 -0.187875 -11.666565 11.900061 -9.664385 
0.493788 0.288493 -0.045245 -0.832455 9.919042 -2.473893 -5.714197 
0.252788 0.613280 0.306243 0.009321 -7.150338 4.247395 17.619488 
1.145613 0.081362 -1.018770 0.760677 -12.102748 -10.923050 2.701173 
0.388183 -0.201215 0.781189 1.364598 2.471220 9.848231 7.646286 
0.094407 -0.309272 0.219513 0.185885 -9.335762 21.309491 9.822754 
0.126740 -0.262878 1.213860 0.051209 -3.861013 -0.983187 2.866047 
0.323270 -0.385638 -0.241852 -0.468446 -8.411917 3.454278 -11.275926 
0.198042 -0.902776 2.223459 -0.043375 -16.118903 14.320674 3.858884 
1.167561 0.124915 -0.263566 0.176105 13.645684 12.160409 -14.802206 
2.697368 0.232119 0.077686 0.340213 9.958120 -6.435769 14.992085 
0.376011 -1.014982 -0.256577 -0.258309 -15.210174 6.841938 -1.972210 
0.588263 -0.136871 -0.053267 -0.328628 -11.691075 10.968838 -24.914533 
0.138650 0.431020 0.635851 -0.200721 -2.997228 10.181769 17.264976 
0.373816 -0.024184 -0.132737 0.803784 -0.015673 14.467215 -12.065743 
0.401930 -0.263599 0.793886 -1.122328 -2.424320 -0.891855 -2.482792 
0.263064 0.505353 0.254928 0.084969 1.020363 -5.792829 7.254082 
0.459762 -1.027476 -0.126786 0.656114 1.439552 13.744330 13.305361 
0.328088 -0.196699 0.433615 0.189429 -14.917602 -12.530286 -9.424327 
0.860282 -0.553474 2.737597 -0.431364 -10.666270 22.011257 -3.177088 
0.273055 0.142899 -0.593353 0.466592 -8.862521 -7.356174 7.276406 
0.396253 -1.069921 -0.453463 -0.146112 -2.831251 10.694935 -2.719022 
0.246288 -0.164636 0.554381 -0.277434 -9.802958 5.990306 9.277784 
0.730294 -0.719774 0.179534 0.389218 -15.151156 -2.341775 2.996757 
0.278430 -0.222876 0.697064 0.261342 -12.310494 -7.892086 4.176407 
0.151503 0.111218 -0.800469 -1.294083 -4.013988 0.367139 -15.565555 
0.100432 0.730580 0.210843 -0.138963 1.228173 12.792593 9.762441 
0.082624 -0.786669 -0.296021 0.365509 -13.193354 19.334931 -7.367920 
0.114711 1.175116 -0.420972 -1.457166 3.673064 -12.945484 -4.886019 
0.192666 -0.134782 -0.133277 -1.062060 -17.740684 3.520448 -8.527798 
0.287114 0.779130 -1.172394 0.568081 7.253749 -9.373351 -10.492685 
0.585359 0.419433 0.393965 0.838617 -7.502559 -10.321199 9.989077 
1.376095 0.237675 -0.389176 0.091379 5.975265 7.606805 0.599438 
0.431641 0.817744 -0.689156 -0.601445 0.425890 10.163987 -6.516815 
0.136683 -0.575274 0.312026 0.254707 -1.577115 -15.511588 4.258336 
0.323241 0.448212 -0.353830 -0.068745 -12.052692 -2.055591 -14.960114 
0.391024 -0.803419 0.175778 -0.002218 -2.066844 8.210811 -10.843604 
0.112116 -0.063628 0.710724 0.040977 -3.660094 -5.371803 -6.694909 
0.116547 0.034028 0.787854 -0.222665 3.892651 -5.079798 11.771546 
0.952396 0.011325 -0.407333 -0.067094 -18.800347 -1.431607 2.135499 
0.374161 -0.527711 -0.534881 -0.352930 8.445650 -16.886738 -0.227437 
0.178419 -0.158919 -0.083127 0.257441 -21.205779 1.816397 -0.803813 
0.192961 0.128151 0.731405 -1.291057 -7.510708 -6.594839 -11.864191 
0.763069 -0.140757 0.319138 0.868930 2.707590 -6.405493 11.436667 
0.181019 -0.338421 0.297319 0.539132 -27.177587 -8.889684 4.248230 
0.393969 1.374802 1.845059 0.011298 11.787016 23.187994 9.503423 
0.408300 0.319711 -0.087170 0.024389 -11.355421 -1.601935 -7.417970 
0.506972 0.216591 -0.223865 -0.604120 -13.866017 -12.748565 -5.767085 
0.168852 0.524269 -0.731412 0.323244 -2.718470 7.054513 15.884666 
0.196085 0.051862 0.012313 0.004651 17.560698 -9.494980 2.572066 
0.836938 1.091356 -0.692407 -0.243091 -2.154720 3.399960 -8.247586 
0.701221 0.003729 -0.407101 0.132426 -13.909874 -21.583136 -2.259830 
0.263429 0.034303 0.457416 0.080128 -4.689041 -7.659196 5.064743 
0.151360 0.581255 -0.699273 1.738109 -8.522518 -8.263370 9.932936 
0.449375 0.043121 0.270598 0.031178 1.340806 -17.439734 -4.734612 
0.108928 1.142651 0.151647 1.010534 6.517766 -13.767672 6.321011 
0.090465 -0.205139 -0.122457 0.480704 18.692162 7.295309 -11.767807 
0.531060 0.065353 1.063292 2.030528 -9.090505 11.754673 9.627855 
0.272013 -0.655247 0.639634 0.936043 -17.997097 -5.852496 0.766820 
0.127889 0.314214 -0.177374 -0.076187 -17.595359 -4.357297 -5.270222 
1.070260 -0.199023 -0.431024 -0.124910 0.221434 6.603122 3.702489 
0.111702 -0.688801 0.254511 -0.166303 -7.857868 10.192698 19.865801 
0.275275 1.009868 -0.555558 0.427885 11.389486 2.306557 4.008414 
0.433814 -0.358894 -0.290693 -0.100051 -21.783247 -4.669542 8.029192 
0.121123 -0.325650 -0.322968 -0.941618 -9.975117 10.045788 -12.523254 
0.604561 -0.840010 0.968670 0.215013 -0.291967 1.635895 17.024390 
0.672200 0.669069 0.224561 1.059548 -5.701230 7.587341 14.742629 
0.485099 0.482984 1.930636 0.552466 0.807034 7.889998 9.161677 
0.088968 -1.862502 0.352473 -0.096785 -3.581820 9.068065 0.243620 
0.372330 -0.373309 0.006757 -0.130421 -6.807649 -18.018110 1.035490 
0.427499 0.057037 -0.613020 1.662014 11.509985 -9.546494 5.595458 
0.148166 0.526325 -0.996344 -0.592974 -5.604214 -10.620349 -0.592834 
0.205405 -0.149059 -1.180216 -0.832823 1.057607 -8.478460 0.715322 
0.273438 0.576222 -0.053373 0.077886 7.671704 18.993564 -3.747863 
0.257004 0.743301 0.230768 -1.574397 4.297196 15.248399 -12.686451 
0.083821 -0.422363 0.232033 0.972551 -6.318109 -6.711842 6.653186 
0.673429 -0.287433 -0.344222 1.387954 4.341356 -0.519212 -0.934713 
0.093338 0.095591 -1.157390 1.049203 3.784208 3.962858 1.228861 
0.097693 -0.088269 0.218843 0.732591 -3.110480 9.326405 15.675907 
0.081727 0.057758 -0.033824 0.497743 6.936393 14.058736 9.241439 
0.417045 0.547629 0.047220 -0.299470 0.763443 3.262894 -0.147984 
0.387177 -0.452331 -0.067196 0.093418 16.620440 -1.178859 -3.375559 
0.350927 -0.681854 -0.219325 0.312784 -3.910580 16.896762 -10.532865 
0.081891 -0.177190 -0.093988 -1.011231 -14.113143 -2.069064 1.625493 
0.111530 -0.682064 0.303145 1.397695 -4.136116 -2.672982 15.327425 
0.729211 0.022166 0.005639 -0.154206 10.475417 5.521361 4.578098 
0.081209 0.195571 -0.024230 0.338934 -22.386680 -7.303838 0.048010 
1.066327 0.360555 0.474958 0.054684 -1.243224 11.827743 22.551803 
0.844840 -0.626073 -0.033330 0.271719 -11.203632 -4.699423 8.479437 
0.286414 0.224766 -0.203568 0.329599 -7.813384 7.397002 -17.155543 
0.108220 0.215149 -0.274035 0.108041 -5.749820 -23.969944 -9.157315 
0.106446 0.947431 -0.318569 -0.001915 15.079007 6.170325 -1.726087 
1.618982 -0.326630 2.248352 -0.087845 -12.592797 15.255624 -7.568111 
0.126190 -0.760514 -0.132254 -0.446330 -2.116327 -5.920634 -5.571277 
0.666898 0.145853 -0.111395 0.284139 -10.016362 1.412233 -8.395319 
0.355266 -0.067954 0.108862 0.034651 -16.362640 0.412222 20.500841 
0.365762 -1.765089 -3.874809 -0.038672 -19.389402 -32.297370 -4.797655 
0.430606 0.304948 0.725292 0.129969 -11.312651 -0.713806 0.421244 
0.100431 0.233984 -0.858191 0.920437 16.734379 2.309579 0.514865 
0.189647 -0.713003 0.018868 0.316802 -19.615336 11.580292 -9.362719 
0.132254 -0.640871 -0.246416 0.603152 -0.391878 -12.504833 7.248508 
0.500139 -0.803491 -0.512300 -1.317872 -14.661755 1.482288 -7.403055 
0.175237 -0.054676 1.052428 -0.637763 -12.772581 9.213324 -7.472432 
0.123696 -0.096634 0.529320 0.279929 -10.609258 -11.856633 10.600981 
0.195281 -0.496343 -0.704965 -0.842485 -3.970064 4.050619 -14.194208 
0.599939 -1.434634 -0.443587 0.391689 -22.161425 3.479480 -8.546036 
0.192741 -0.150540 -0.386291 0.401136 -8.706480 -0.441382 9.352428 
0.200778 1.081564 0.392267 0.143266 1.857712 -12.290247 -0.774057 
0.177472 -0.067379 -1.177349 -0.606951 -4.484894 1.054152 -15.732328 
0.127855 0.300693 -1.181713 0.408297 1.813266 -8.734228 -5.505109 
0.220526 -0.010059 -0.454797 0.667136 -1.228376 -6.590516 9.463280 
0.627642 0.356385 -0.357035 0.533356 8.180507 -2.884969 0.563773 
0.637465 -0.391394 0.168645 0.174782 -16.603025 19.733352 10.648071 
0.169117 -0.037014 -0.935008 -0.969929 4.810598 1.072415 4.770670 
0.114784 -0.295631 -0.672628 0.223139 6.763743 -9.887926 -5.926445 
0.135557 0.135502 0.593319 0.443045 4.879828 9.615480 2.815279 
0.579415 -0.960770 -0.163323 0.262021 3.501705 3.697093 18.929559 
0.624848 1.164580 1.253087 -0.497789 13.336442 13.394546 -0.756409 
0.385484 -1.199876 0.850186 0.606728 -9.692247 -3.497258 13.097537 
3.082417 -0.632899 -0.027209 0.275822 3.304621 11.491806 -6.608433 
0.310489 -0.052430 -0.540981 0.792686 4.881504 2.708763 19.932085 
0.457154 0.219432 0.341849 0.150661 4.547176 6.820696 -12.614092 
0.279294 -0.486801 0.264894 0.428518 -1.950349 -8.094503 -19.660076 
0.089763 0.484055 -0.475463 -0.379522 1.597681 -2.368815 -14.915394 
1.249225 -0.798281 0.821813 0.139227 -12.128012 5.150582 8.541031 
0.163561 0.739066 -0.759005 0.066260 4.131383 -5.316810 -5.446608 
1.702665 -0.454771 0.593677 0.980118 2.834209 2.860762 5.979956 
0.087567 0.188785 1.365910 -0.234027 8.870886 8.400176 -0.775702 
0.192231 0.190526 0.395388 0.207826 3.015012 -3.248199 1.138245 
0.122081 0.390998 -0.230702 -0.437953 -15.281249 -9.131762 -10.453614 
0.088452 0.082071 -0.544340 0.560444 -1.518228 12.903288 7.894731 
0.470758 -0.918061 -2.000949 0.296770 -3.920865 -8.157938 7.187628 
0.196106 0.084013 0.182507 0.143213 -4.815837 5.383017 9.802054 
0.163499 1.153649 -2.026740 -1.152789 14.611210 -17.764146 1.395983 
0.080867 1.277253 1.178030 -2.117037 21.822947 16.582726 -12.532300 
0.223604 -0.583610 0.034723 0.653044 -21.097362 -4.764395 8.538195 
0.155926 -1.050623 0.403772 0.907679 -7.540183 -6.663456 3.698687 
0.238387 0.104368 0.633682 -0.369736 -11.593572 -4.649511 -14.616177 
0.106154 0.120624 -0.265510 -0.457018 -5.879372 -8.927173 -12.792744 
0.169911 -0.163871 0.303791 -0.530754 14.330780 -12.138017 2.977831 
0.113329 0.936090 0.722845 0.144817 5.901714 4.674945 16.587125 
0.192419 1.313018 -1.448307 -0.363722 5.004410 -20.873021 -8.146667 
0.594225 -0.212121 -0.107539 -0.506655 12.382517 5.608837 13.531215 
0.085164 -0.345719 0.016040 -0.626607 -17.065338 -4.191038 -0.936879 
0.117057 -0.181250 0.398551 -0.087469 -5.188323 21.650426 11.137524 
0.205043 0.116893 0.291746 -0.016967 -2.416057 19.266063 -11.365073 
0.234649 0.180512 -0.621009 0.554210 19.445034 0.274601 1.100629 
0.487672 0.092551 0.679544 0.779017 2.054517 9.812636 15.890814 
0.223182 0.019050 -0.402902 -0.071509 -22.297131 -17.375009 0.579022 
2.476904 -0.609895 -0.845523 -0.443423 2.515194 0.716061 -15.545926 
0.441734 0.717755 0.217461 0.196523 3.519321 8.992881 2.165989 
0.230397 0.439441 -0.152740 0.339725 -13.355450 -6.026043 -1.917653 
0.689100 2.064331 1.461888 -1.768999 21.498815 7.454403 -9.922682 
0.815528 -1.816799 0.643803 0.352382 -16.048741 -1.595487 10.827808 
0.161492 0.008449 0.634024 -0.003903 10.164002 -0.630583 -10.804423 
0.542296 2.228012 -0.600392 -0.537831 10.077173 -7.880060 -0.299578 
0.146522 -0.079623 0.289756 0.667412 -19.999707 -12.152534 3.621029 
0.256037 -1.285920 0.032644 -0.681209 -2.785768 -10.582357 -5.006655 
0.887681 -0.811603 -0.354194 1.314068 0.991316 10.528684 3.163133 
0.101372 0.050663 0.439689 0.266036 -3.262724 5.309630 -13.205964 
0.141931 0.384586 0.490643 0.248488 -13.206436 7.146475 -2.315472 
0.178446 -1.149852 0.661910 0.529689 0.179025 5.326974 3.891811 
0.083374 0.378045 -0.296742 -0.744857 0.581099 0.118950 12.822967 
0.376685 -0.298195 -0.235275 1.346776 0.592608 4.640894 -0.841847 
0.585808 -0.213488 -1.269652 0.422348 -13.096765 -3.638732 8.400094 
0.102075 0.170493 0.767368 0.588841 8.898863 13.786582 0.071452 
0.086694 1.198345 1.200814 -0.278280 18.103792 10.058836 4.197365 
0.654455 -0.093663 -0.085885 0.310161 4.134771 4.450932 -12.489175 
0.442796 -0.358416 -0.032597 -0.539486 -19.657213 2.678319 2.221680 
0.103990 -0.543443 0.943957 -0.384062 0.644874 -0.155522 -2.414984 
0.137893 -0.329516 -0.242104 0.208226 -24.140029 -10.821202 -6.256197 
1.044939 0.792037 -0.053985 -0.355999 2.894767 4.613253 -0.759261 
1.025335 -0.027497 -0.134836 -0.401783 11.495121 -1.469221 -5.396111 
0.472835 -0.988321 0.127171 1.216973 -18.873552 4.842568 1.137594 
0.672168 -1.784700 1.028896 0.179815 -18.889372 2.904961 13.562501 
0.208490 -1.707872 -0.981392 -0.146066 -7.476165 -13.089002 -1.412346 
0.292610 -1.015990 1.638790 0.337814 -6.016620 11.944994 12.240695 
0.111344 -0.202981 -0.383522 1.170915 -1.934842 -0.314814 11.550543 
0.466067 0.274831 -0.035041 0.730443 4.264729 15.720230 -2.515808 
0.112109 -0.399905 0.012867 -0.046976 -7.169578 -15.089983 -1.120481 
1.021373 -0.666175 0.092201 0.366444 -14.727979 -2.214783 11.160031 
0.247245 -1.346938 -0.622547 1.076143 -23.259413 -0.939428 11.307846 
2.937998 -2.271253 -0.590874 0.067886 -13.698220 -8.714993 9.749357 
0.112201 0.278366 -0.578651 -0.036045 -6.736337 -9.259838 -7.229986 
0.941373 -0.091667 0.598502 0.065982 6.560282 2.958402 -1.977464 
0.186332 0.856808 -0.290883 -1.125323 7.564899 2.690653 -2.596622 
0.206312 -0.444147 0.243219 -0.371200 -4.179477 13.024452 6.331107 
0.087521 0.257440 0.747132 0.602893 -7.237001 -8.349396 -6.527328 
0.337060 0.124092 -0.535425 -0.138034 -14.125595 -13.382713 -4.526113 
0.506829 0.307984 0.130090 1.138685 12.315826 5.113210 8.761852 
2.506229 0.385741 1.379056 -0.423214 -10.897913 7.359452 3.010818 
0.109658 0.510184 0.187197 -0.263097 -4.036188 -3.825070 -16.536016 
0.093631 -0.645459 0.292259 0.350303 -16.975904 12.973886 6.121291 
0.994606 0.652630 -0.104478 0.501086 1.210950 2.149258 -0.455465 
0.184780 1.521244 2.050800 0.085505 5.915372 11.011851 -2.377491 
0.113864 -0.063576 0.198552 -0.291422 -2.432752 18.354066 1.227901 
0.500571 1.679598 -0.784446 -1.189327 21.843294 3.593937 -9.640062 
0.375402 0.149511 -0.053384 0.613123 5.467670 -3.254255 -12.059898 
0.121279 0.560949 -0.015060 0.126906 -0.732649 -1.550733 -20.323956 
0.437171 0.589759 0.029509 -0.602382 1.564826 1.120164 -7.978729 
0.420529 0.090920 0.041064 0.065807 -7.679898 21.691844 0.594224 
0.140832 0.222959 -0.084440 0.475134 -6.338876 11.023583 9.620353 
0.317286 0.023661 0.630390 -0.053664 -9.484415 3.183234 -2.976360 
0.092539 1.303262 -0.238315 -0.740550 1.290299 -7.162413 4.765470 
4.198783 -0.178636 -0.038244 -0.312208 4.554212 9.057032 -2.656103 
0.435794 -0.152740 0.213366 0.241087 -23.554317 5.942798 2.999356 
0.299195 -0.214174 -0.401905 -0.484889 -7.736462 -10.928992 11.950798 
0.366428 -0.993384 0.440587 -0.133693 -11.884884 -3.193016 16.893052 
0.300202 0.050658 0.396403 -0.229083 -9.934809 0.922891 -6.314668 
0.585186 0.103442 -0.113930 0.438037 -6.292061 3.379240 24.474792 
0.524509 -0.330214 -0.469144 -0.196519 -4.865581 -7.189382 6.701016 
0.292083 0.230372 1.811200 0.071945 3.479292 5.693930 12.442460 
0.107699 -0.009229 1.544963 1.259482 -5.904832 6.834202 14.280256 
0.744916 -0.646293 1.620113 0.599685 -1.532522 20.009204 3.022301 
0.131940 -0.646630 1.812842 0.160574 -11.207339 13.296598 1.254726 
0.104491 -1.042716 -0.517576 1.323091 -17.398057 1.353959 15.695063 
0.504475 -0.227810 0.000386 0.001111 1.178931 -4.923194 -2.269259 
0.159200 -0.316791 -0.099433 -0.168282 -3.330312 9.968867 -12.768145 
0.144224 0.733018 2.282824 -0.739079 -0.900622 17.730950 3.296979 
0.221063 -0.085903 0.446385 -0.529721 -19.702291 -3.891832 -2.384310 
0.339783 -0.287306 -0.337059 -0.340481 -5.438974 -10.114866 15.647028 
2.985742 1.151425 -0.402815 0.184993 11.483616 12.808678 -7.055870 
0.098040 -0.075502 0.003054 -0.439134 12.760915 12.740114 -18.114334 
0.364111 -0.607906 -0.313700 -0.147025 -13.513846 4.864810 -15.554545 
0.144886 0.485988 0.444596 0.373840 9.996269 4.060293 -7.572153 
0.360597 -0.249206 0.435694 -0.240710 0.865499 4.085195 -5.555150 
0.254317 -1.154792 0.383855 -1.194100 -6.170178 -6.938952 -1.312171 
0.555913 0.141541 -0.194145 -0.036823 12.960839 19.631516 2.307404 
0.416651 -2.057605 0.019266 -0.103458 -14.684068 -6.048683 -6.784543 
0.151008 -0.243170 1.497128 1.515376 1.089298 5.437470 4.366824 
0.577563 -0.080353 0.487375 -0.463738 0.054401 5.380469 -4.203067 
0.141965 1.442442 0.494830 2.243944 6.807112 -0.115504 22.941008 
0.120024 -0.273324 -0.036148 0.592741 -17.326357 9.808006 7.499135 
0.182852 0.914591 -0.799537 0.199374 17.073825 -1.096822 -1.565912 
0.189724 0.232293 0.095002 -0.815033 -3.519647 6.588499 -15.258114 
0.150160 0.299176 -0.900987 1.275443 -3.086608 -11.581772 16.015925 
1.373741 -2.910734 -0.603142 1.331499 -21.651184 1.796870 9.476331 
0.283453 0.504586 -0.217980 0.808551 4.587543 6.449301 -4.379408 
0.170281 -0.684713 -0.062421 0.547514 6.235882 17.244154 14.184797 
1.505698 -0.654154 0.551596 0.037591 10.238037 -7.660964 5.545590 
0.360047 -1.103562 0.348323 -0.313840 -9.217364 -4.101017 -6.080773 
0.588861 -0.436510 -0.446451 -0.085371 -15.321404 12.680967 9.798939 
0.381565 -0.674132 -0.391127 0.308669 -14.988478 10.571299 9.265959 
0.166121 -0.102660 -0.351244 -0.152224 -0.581561 -16.700740 -6.316490 
1.652096 -0.020127 0.082891 0.078224 -14.736509 17.372172 -0.754153 
0.215498 1.998712 -1.777531 0.719144 17.675775 -7.095171 1.405749 
0.524663 -0.401758 0.312933 0.591843 -3.653353 -7.257481 4.503690 
0.489037 -0.659515 0.668390 -0.335338 -16.775154 8.882926 2.404162 
0.247044 -0.326093 0.067351 0.594337 -11.192537 5.872907 -6.326428 
0.408569 -0.287386 0.140955 0.345877 17.277912 14.427462 -11.304101 
0.429966 -0.525345 0.118700 0.250876 -7.457192 4.938623 7.495299 
0.205030 1.298282 -0.806405 0.166428 4.957495 -10.209952 -3.327255 
0.104504 0.536247 0.089452 -0.621349 -9.566765 4.418348 -0.136357 
1.704172 0.486620 -0.789954 -1.357082 -2.319604 3.804390 -7.464119 
0.208973 0.625505 1.016405 -0.974024 2.971964 -2.460281 -2.130171 
4.631110 -1.201899 1.283548 0.779830 -5.073500 0.423695 12.573312 
0.135103 -0.228659 -0.525240 -0.138342 3.353479 -10.531179 1.370056 
0.169606 0.480921 0.830337 0.589137 3.535379 13.840774 -8.588915 
0.567692 -1.033981 -0.073343 -0.752712 -12.769293 -12.569173 -2.050800 
0.214292 0.009813 -0.106001 1.350208 -8.760138 5.365155 16.695680 
0.450345 -0.225348 0.110016 -0.248027 2.382820 15.477831 18.757257 
0.407103 -0.279424 0.219981 0.126898 -3.413770 -4.743268 13.077536 
0.846636 -0.008861 0.302487 -0.121118 -12.821310 -1.904671 3.041237 
0.123163 0.922848 -0.718684 -1.925357 3.733054 -8.952032 -10.026586 
0.120648 -0.029099 0.645201 -0.598317 -8.962037 -5.195549 -8.728502 
0.387333 -0.111883 0.947228 0.180915 -14.600488 0.693524 12.744292 
1.095352 -0.244444 0.607686 0.721564 -17.523923 0.922663 3.998400 
0.212730 0.230219 -0.175665 -0.482924 7.021364 -9.191836 -0.981606 
1.575080 -0.365373 1.082128 0.613276 1.055657 2.528152 18.364280 
0.102042 0.458047 0.530449 0.391251 3.026258 -2.777583 15.119237 
0.606266 -0.514396 0.518651 0.215225 6.934029 10.174442 -3.304764 
0.250734 0.048713 -0.006857 0.033604 -24.376010 -0.637762 2.101449 
0.184902 -0.400799 -0.086411 0.078045 -7.087972 26.973376 4.571541 
0.348863 -1.000368 0.917131 0.177355 6.267257 15.479650 -6.251693 
0.127948 0.549859 -0.679970 0.737164 -6.597860 -9.892332 6.137123 
0.127545 1.088144 0.131371 1.868342 1.549243 10.498261 17.831805 
0.089378 0.755335 0.879990 0.696460 7.398439 -5.064287 1.130556 
0.220514 0.032238 0.504235 0.499552 17.428008 -2.069216 -8.017753 
0.195396 0.643242 -0.511639 0.050751 -9.162220 -11.471756 -12.153468 
4.245083 -0.878589 -0.674920 0.409119 -10.168435 2.825354 -2.828654 
0.095817 -0.411389 0.356213 -0.169247 -2.020797 2.097243 -13.866031 
0.569763 -0.615500 0.365028 0.179503 -21.785938 -0.242998 4.169797 
1.098164 -0.107060 0.086179 0.208860 -12.566277 16.798305 -10.492169 
0.538990 0.051940 0.445690 0.134753 10.480027 -0.277641 13.900997 
1.288776 -1.075676 0.081364 0.286770 -11.724488 -2.126075 0.155701 
0.193816 -0.019803 0.425781 0.184250 -6.349993 9.487041 -17.037315 
0.378483 0.387610 1.020389 -0.011579 -14.610557 3.719557 5.651908 
0.130333 -0.634549 0.636687 0.246995 10.797339 8.357902 4.904753 
0.235233 -0.053657 0.257299 -0.455683 0.202212 -13.020873 -7.150987 
0.474050 0.074495 0.248343 -0.459730 -12.220563 2.908448 -7.006137 
0.170650 0.096105 -0.434499 0.059653 -8.100105 -14.737193 -8.081781 
0.551803 -1.204604 -0.338521 0.085258 2.981220 -3.991581 7.737492 
0.131497 0.137936 0.561604 0.204783 10.075437 0.068042 -7.267587 
0.367063 -0.905587 0.369981 -0.361569 -13.169704 -10.433937 0.828248 
0.237052 0.138518 -0.366269 -0.393808 2.265367 -1.204675 0.615648 
0.979329 0.049760 -0.101655 0.593686 14.061725 0.677344 -9.642577 
0.113309 0.629871 0.264909 0.052987 7.478643 17.576559 -0.672637 
0.202812 0.911342 0.482987 -1.143114 16.343056 3.800637 3.676820 
0.145792 0.151769 0.765966 -0.060303 3.870937 11.984971 0.642881 
0.206856 0.058047 -2.274674 -1.241861 -7.932198 -22.380128 -11.848838 
0.534870 -0.564859 0.202168 0.010360 6.067955 14.767691 -12.158231 
0.091732 -0.835758 0.131417 0.773128 -1.356545 -16.893770 4.673443 
0.094435 -0.113664 -0.067168 1.062235 -7.346787 12.873064 -0.222238 
0.106821 0.087563 -0.054965 -0.161704 -5.626439 14.817015 -3.227288 
0.443043 0.519901 0.272274 -0.645496 10.189702 8.033408 4.213431 
0.087582 -0.240013 -0.436979 -0.610171 -14.398993 6.266274 -0.215343 
0.159466 -0.746367 0.039445 0.364159 9.986536 -9.038527 11.839597 
0.829727 0.140930 0.050875 -0.590913 -9.197933 10.147596 -11.276010 
0.093662 -0.610882 0.724279 1.015335 1.320089 -7.392272 10.303665 
1.055006 -0.840141 0.608686 -0.623534 -7.614889 -0.233782 7.729171 
0.290595 0.474008 -0.228980 0.750207 -3.444166 14.258809 19.117072 
0.226020 0.388632 -1.694415 2.956151 11.253929 -13.098159 22.520722 
0.258652 -0.244447 0.378883 -0.144812 4.062452 2.297705 -7.941272 
0.504080 0.425775 -0.289148 0.012404 -3.844879 -2.554102 17.017516 
0.133644 -0.343675 -0.072487 -1.985783 -10.554149 -12.112636 -17.343562 
0.102367 -0.529852 0.322107 0.314547 -26.917881 1.333232 -3.026902 
0.102733 0.550576 0.431203 0.291157 9.530508 -2.061136 13.817932 
0.406103 -0.047620 -0.131709 0.102545 -4.156345 -10.807920 -20.006824 
0.170184 -0.680038 -0.765749 -0.939626 0.615996 8.153811 -8.903936 
0.080956 0.803342 1.486002 -0.485604 2.262955 19.641605 -10.092031 
0.171393 -0.562174 1.225491 0.433024 -5.061060 4.257056 -8.603542 
0.103884 -0.712712 -0.059235 0.066623 -4.862040 7.378599 -3.593594 
0.287723 0.232850 -0.009078 0.450595 2.055936 7.033985 -6.494491 
0.707610 -0.319702 0.002869 1.327799 -3.957373 5.206291 9.797616 
0.161798 -0.172701 -0.120256 0.318828 -14.902441 -14.223378 15.629990 
0.495528 -1.372025 2.133170 0.627973 -8.222056 8.894822 1.440291 
0.081729 0.901030 0.430127 0.578998 -3.172162 8.052409 15.846807 
0.498673 0.216137 -0.306952 0.269129 10.415684 7.440635 -16.192214 
0.189760 -0.611299 0.311510 0.367161 7.957477 -1.649967 18.666260 
0.174582 1.308735 0.468886 0.511902 1.365685 -0.285841 10.315748 
1.913197 -0.220000 0.991072 0.131440 -13.876123 14.971706 -0.647845 
0.156957 -0.497170 0.706159 -0.175563 -4.012740 10.942123 -11.288374 
0.318637 0.506738 0.654692 0.009187 -0.774970 -9.026928 -8.125522 
0.384886 -0.677460 -0.192120 0.253038 2.207082 19.797017 -5.166970 
0.094543 -1.157181 0.473094 -1.608876 1.669798 10.833205 -12.396893 
0.093801 0.702309 -0.536203 0.259684 -2.367112 -6.427128 -15.517797 
0.259589 0.110386 0.667881 0.810135 3.390600 5.630309 16.286179 
0.331382 -0.108309 -0.027425 0.086523 1.082985 -7.951278 -1.527593 
0.597086 -1.171654 0.817783 -0.282400 -3.947810 18.098972 -4.044526 
0.244466 -0.356424 0.046194 0.431389 -6.519483 13.258521 -7.894096 
0.409757 -0.044718 -0.328154 1.148030 -12.734686 9.807762 12.339790 
0.703460 -0.640933 0.802497 0.636368 11.532952 -0.034747 10.378544 
0.129081 0.363454 0.244214 0.418061 -4.359643 4.654960 10.305436 
0.592856 0.699154 0.062192 0.609558 5.477874 19.638326 4.539676 
0.598064 -0.027235 0.307522 0.947401 -11.565044 -3.839133 19.771050 
0.315326 -0.645662 0.673390 0.744977 -18.590437 7.807034 9.254491 
0.830552 -0.023544 0.094049 -0.291756 -17.598746 13.447808 -3.948339 
0.107798 -0.578496 0.721183 0.862777 -2.304261 4.558854 -0.922106 
1.282747 -0.054522 -0.769832 -0.456725 10.275850 -3.746070 -14.702266 
0.179704 -0.068175 -0.389462 0.312357 -9.986815 8.730107 20.882435 
0.226650 0.332917 -0.576627 0.372296 -8.816277 -10.630415 2.229746 
0.213577 0.032251 0.815700 0.300072 7.672308 18.153949 -3.079270 
0.360054 -0.380867 -0.043041 0.009329 -19.229948 -6.424565 -10.230393 
0.590465 0.445805 -0.051087 0.035329 12.906057 5.285926 -2.329837 
0.323997 -0.249077 1.627808 -1.479147 -3.576723 21.470875 -4.395323 
0.080856 0.362724 -0.940351 1.085787 11.689706 4.540448 1.880402 
0.143920 -0.022178 1.459667 0.041699 -3.265571 -2.004651 4.845592 
0.128165 1.047726 0.202156 0.292598 -0.154334 9.805015 6.681101 
0.371144 -0.214965 0.872740 -0.205619 4.455066 -7.256222 -8.752370 
0.145470 -0.892984 0.702468 -0.913937 7.123101 0.599604 -9.867601 
0.092657 -0.277806 0.563166 -0.084640 -5.987318 25.960226 2.868328 
0.587126 1.179858 -0.510854 -1.641980 18.533118 -12.190830 -6.036246 
0.235289 -0.156663 0.255099 0.458838 -20.237168 5.637079 -6.860760 
0.569180 0.191941 -0.770156 -0.005813 -14.468565 2.387129 -7.310558 
0.093590 -0.502518 0.199178 0.979345 -8.822640 8.936858 1.380302 
0.249342 -0.145371 -0.591627 -0.478109 2.696563 2.472546 12.098291 
0.543855 1.419470 -0.234536 -0.230390 14.418962 -8.176674 5.085046 
0.236315 1.419015 1.721345 -1.681578 15.742531 25.713416 -8.548156 
0.136931 -0.071570 0.324491 -0.360388 11.745611 -22.171024 4.215643 
0.109437 -0.378822 -0.729869 0.327408 -14.753689 -2.052871 -12.779224 
0.915698 0.287074 0.368624 0.076315 8.739628 -7.911578 -18.353644 
0.125769 -0.326944 -0.331902 -0.275575 3.303500 -10.788341 -5.568215 
0.182221 0.318800 -0.368492 0.170042 -18.242375 -9.188649 -1.303574 
0.624303 -0.883774 -0.596680 -0.251711 -5.024508 7.797266 6.417406 
0.123119 -0.759272 0.451415 0.390988 -15.775015 7.429651 5.741804 
0.093277 0.267178 0.220344 0.195233 9.026247 -10.726824 9.750142 
0.126609 -0.749071 -0.755814 0.722811 7.386732 4.006501 10.849874 
0.342755 -0.186999 1.000510 0.331921 -16.591635 19.788872 3.354078 
0.887808 1.034326 -1.446931 0.210642 4.401537 -2.715190 2.590744 
0.718573 -0.796178 -0.393275 -0.702074 7.169078 -4.112183 -3.949047 
0.789225 -0.216114 0.809267 0.096589 0.550817 6.231461 -11.443266 
0.126531 0.549072 0.169464 0.564174 -6.578064 7.377342 8.658594 
0.685572 0.089733 0.132488 0.182171 4.021503 13.617989 -4.569855 
0.342997 0.988207 -0.336288 -0.192818 -8.506805 1.682329 -3.179475 
1.141486 0.539720 0.508152 0.681670 -8.550310 7.488774 -6.767587 
0.181571 -0.383966 0.218374 0.506550 4.441325 -2.332781 19.044051 
0.271737 -0.380835 0.083475 0.515702 -1.457484 -2.876461 12.128237 
2.465276 -0.382664 0.159998 0.246842 -16.505919 -11.462279 -1.105535 
0.132761 -0.363022 -0.046400 -0.564650 16.287344 6.888050 2.375766 
0.088416 0.482941 -0.163614 0.115881 -17.603591 0.303534 10.567389 
0.089291 -0.110912 0.360596 -0.364810 -1.464422 -3.354089 3.116341 
0.263350 0.104758 0.039265 -0.018853 -15.259842 -10.982827 -17.330004 
0.423754 0.546623 -0.268389 0.854471 7.509102 16.568932 12.839290 
0.178200 -2.085710 -0.663063 -0.045995 -8.892024 2.063384 -0.157564 
0.269147 -0.448171 -0.962864 -0.052934 -15.330589 7.913618 -5.582492 
1.218772 -0.868785 -0.053726 0.071834 7.468438 -13.659436 11.904654 
0.195759 0.480821 -1.065899 1.096835 -2.268378 -12.221077 1.584448 
0.310560 0.183341 0.147384 0.712168 10.621774 -5.252177 2.880996 
0.132928 -0.131135 0.357194 -0.394535 1.134311 -0.304892 -1.232428 
0.130606 -0.341906 0.627683 0.460343 5.074863 -10.880910 -11.509630 
0.180981 0.669981 1.954306 1.530863 3.185100 23.314985 18.015735 
8.040799 0.102917 -0.303836 0.072258 -4.166763 -5.572944 -0.405235 
0.080873 0.011614 0.544686 0.387267 -22.751899 2.595095 -2.774622 
0.337684 0.179796 0.571881 1.693036 5.770679 -5.168858 9.222947 
0.727006 -1.361308 0.925858 0.457819 -11.324129 0.563129 10.294473 
0.130102 -0.290689 0.197360 0.251750 -6.464463 -22.144564 6.404612 
0.107057 -0.393724 -0.600903 0.765497 -1.401356 10.138317 18.513027 
1.352041 -0.304228 0.203838 -0.367984 4.300412 1.335661 -17.367616 
0.108970 -0.806111 0.169527 0.224635 -8.085972 9.672536 -15.419408 
0.148499 1.521619 0.713893 -1.126127 5.615874 -1.729133 -6.097492 
0.263983 0.295456 -0.564458 0.025789 2.097290 1.404990 -2.854833 
0.240265 -0.388234 0.813197 0.089228 4.929779 15.479644 5.480739 
0.217954 0.003228 0.062125 0.133288 -1.209194 -14.460881 -6.889109 
0.444167 -0.234728 0.590558 -0.011203 5.153305 -11.697629 -15.193582 
2.752555 0.059321 0.618937 -1.344845 -3.419598 9.535019 -7.696879 
0.266546 0.566929 0.060729 -0.814959 4.011132 -3.780679 -0.367261 
0.104305 -1.360210 0.518916 0.290716 5.733532 3.441743 7.842799 
0.144490 1.051631 0.928033 -0.575409 0.611699 9.832467 -14.285942 
0.094619 0.051334 -0.197069 0.573470 -5.876935 -0.963287 -9.197462 
0.144851 0.005589 0.548558 1.111675 13.050135 -2.420881 5.097909 
0.132290 -0.376952 -0.030161 1.277993 -13.186149 13.210827 6.644881 
0.524424 -0.006279 -0.433456 -0.294164 3.001884 4.626203 13.712102 
2.804970 1.567592 0.432268 0.178361 14.573191 2.615706 5.664758 
0.151725 0.140001 0.229124 0.395085 -16.740918 3.309537 -7.398987 
0.691052 -0.805131 -0.144943 0.100654 -4.743458 -18.155509 1.023181 
0.123125 -1.861393 -1.227849 -0.897005 -13.864929 -2.686023 -6.132303 
0.095501 0.171642 0.178835 0.353914 5.948657 9.665190 0.389814 
0.082472 -0.110925 -0.039223 0.673663 4.072254 7.120635 -5.313319 
0.088000 0.054333 0.024124 0.792690 15.941845 1.525231 7.828262 
0.106567 -0.633693 0.220797 0.169546 -15.513765 8.053464 1.156825 
0.083960 -0.468571 -0.573711 1.022861 -10.609488 -3.485727 13.356423 
0.444394 -0.117433 0.505082 0.440821 2.582265 12.762720 17.314822 
2.968598 -0.046820 -0.038554 -0.403568 9.547188 -8.667855 -3.276083 
0.118415 -0.933440 0.109598 0.024238 7.296481 -2.463501 -13.746695 
0.123056 -0.384963 -0.242661 0.770552 -1.043949 11.339485 12.985759 
0.111967 -0.652855 0.465697 -0.145739 0.138817 15.746186 1.173050 
0.095336 -0.289482 -0.111562 -0.127015 2.520444 -7.155317 -3.654052 
0.085245 -0.567796 -0.024075 0.254579 -8.582751 -2.450230 -21.736903 
0.219520 -1.105484 -0.447478 0.382699 -10.461114 1.160986 -9.544436 
0.269315 -0.730497 -1.111605 1.241064 -3.536421 1.743960 5.620935 
0.084729 0.030735 -0.212101 0.480592 9.482589 -7.555199 12.884049 
0.193296 0.257268 -0.574066 0.728581 4.832075 14.465120 12.073078 
3.042533 -0.346515 -0.573750 -0.658579 1.454811 -13.577886 6.489316 
1.417540 1.412929 1.558376 -0.378036 7.977015 5.772717 3.539486 
0.348250 -0.255380 0.157793 0.125096 13.069611 -3.346800 15.139548 
0.189420 0.172486 0.083050 0.668802 15.384287 10.611619 7.962327 
0.222484 0.149645 -0.236810 0.299305 2.990716 8.187970 -10.350097 
0.319069 -0.147988 0.266272 -0.747044 11.464478 5.495953 6.807973 
0.092091 -0.340061 -0.305567 0.703688 10.786362 0.180936 -3.725288 
0.486369 0.777166 -0.519747 -0.179677 1.820282 -12.043635 2.009745 
0.293964 0.190800 0.582475 -0.004442 4.142203 13.804426 -8.204237 
0.150389 -0.455306 0.336942 -0.022263 -9.952526 22.907795 7.067634 
0.098254 -0.358058 0.103280 -0.027722 -16.712469 0.735343 16.356847 
0.129777 0.013264 0.028534 0.557138 4.239935 7.695986 2.928812 
0.089968 0.677527 0.795908 0.172812 -3.940595 7.306505 -14.620065 
0.178187 0.363864 0.032227 -0.355417 10.984733 1.600836 0.137950 
0.446547 -0.622685 0.170765 0.215247 4.526536 12.566782 6.797412 
2.596189 -1.634919 -1.471759 -0.636445 -15.079992 -11.077858 2.632622 
0.941679 -0.107662 0.523898 -0.120347 3.306503 1.924684 18.242109 
0.357477 -0.487962 0.504467 0.044650 -4.441027 -14.395538 8.128323 
0.233141 -0.575692 0.379922 0.428504 -15.455450 10.746156 -7.966834 
0.109886 -0.638517 0.118822 -0.252625 11.051290 -4.954616 4.329576 
0.103385 0.161992 0.702636 0.294728 9.861230 -0.750721 15.996495 
0.307529 -1.132907 -0.884345 -1.770078 -4.144144 -10.712293 -5.486339 
0.224214 -0.806373 0.411080 -1.801117 1.866709 -6.914765 -17.287428 
0.688471 0.453675 -0.241580 -0.121674 -7.571074 13.597985 -5.384500 
0.121886 0.302400 -0.667181 -0.124148 5.637753 -6.660877 13.946092 
2.036878 1.818305 -1.235564 -0.267379 6.165576 -6.828390 -6.679559 
0.108772 -0.273700 0.916633 0.566027 2.729249 13.039423 -4.659972 
0.087214 -1.054205 -1.501793 -1.094212 -1.380268 -11.560475 -0.188317 
1.095005 -0.103372 0.342720 0.008214 -4.925001 -10.945185 -17.704091 
0.462444 0.170761 0.035484 -0.473459 6.744942 7.760394 -29.385431 
1.195467 -0.068381 -0.055088 0.222603 0.561789 25.259079 0.839705 
0.124532 -0.063869 -0.195482 0.225631 22.250931 11.564909 -5.347162 
0.239527 -0.167906 -0.221972 0.234706 -16.786679 -6.336662 18.491763 
0.513647 0.158919 0.153359 0.635164 -1.557254 -14.139851 -5.576115 
2.322161 0.083751 -0.294851 -1.115473 10.535404 6.443051 -1.780775 
1.749945 -0.046621 0.220268 -0.056533 2.354024 -20.388381 8.496472 
6.427225 -0.494894 0.202260 0.213676 1.843760 21.543572 -11.170977 
0.187473 -0.253452 -0.199338 -0.089967 -8.151190 2.224044 19.881169 
0.080411 -1.176338 1.137339 0.944794 0.266974 8.777774 6.750822 
0.084886 -0.709117 0.014268 0.049505 -6.345689 -0.893410 0.473312 
0.210734 -0.133873 0.220899 -0.192820 11.152804 -14.393360 -7.802868 
1.039799 0.574870 0.170605 0.736192 0.987651 6.484387 17.284775 
0.589256 0.257977 -0.247851 0.501680 9.933843 3.842958 -0.905347 
0.193774 -0.585726 0.908204 0.120962 -14.269380 -8.986656 12.994129 
0.204408 0.008751 -0.035431 -0.284439 12.650509 -11.385982 10.378731 
0.203976 -1.001230 0.364568 0.272261 -8.381318 -0.872204 -15.483441 
0.100379 -0.054716 -0.225390 0.159529 0.919331 5.837023 4.889274 
0.224716 0.229520 -0.221744 1.317417 -6.347433 9.691291 9.699056 
0.736908 -0.039536 1.242281 0.016568 -11.964815 15.111298 -6.153844 
0.183623 0.897207 0.396807 -0.930009 4.160999 -0.675152 3.284162 
5.763363 -0.613088 -0.886650 -0.163028 1.502331 3.867602 2.794376 
0.155563 -0.060705 0.238959 0.228100 0.375437 14.248506 6.990861 
0.205052 -0.728527 0.779189 0.405347 -17.865886 -6.220415 11.943266 
0.256881 -0.439634 -0.795326 -0.027719 -4.270332 -6.889573 18.767825 
0.383592 0.114209 -0.719034 0.235233 0.199280 -6.899810 -19.187481 
0.115189 -0.930578 1.280350 -0.265207 -10.168967 9.727841 15.227052 
0.144188 -0.517240 0.052773 0.391765 -20.950005 13.386137 -8.003718 
0.208231 -0.852580 0.547987 0.972787 -13.272720 1.949394 14.613581 
0.523071 -0.693296 -0.164706 -0.061743 10.280690 -6.357921 15.456995 
0.460238 0.063280 -0.058406 1.588523 12.375218 0.669059 1.536701 
0.500482 0.142174 0.706229 -0.513833 -10.114473 7.087604 9.032412 
0.190881 0.674164 0.576601 1.413441 17.375542 -1.513594 7.583582 
0.095002 0.102029 0.919497 0.058687 -3.852218 -4.821640 -3.935760 
0.282526 0.357665 -0.119524 0.296382 -17.876951 -2.308458 14.017219 
7.200905 -0.649195 0.279537 1.068552 -14.189306 5.433231 -1.641638 
0.639887 -0.800393 0.358093 -0.016277 1.382357 -9.235217 -14.234781 
0.088337 0.047966 -0.305988 0.133709 -0.878406 4.107289 -9.680091 
3.427020 0.532884 -0.222715 0.751123 -1.718474 4.409694 0.288260 
0.286232 -0.462414 -0.506525 0.286804 -7.695488 -1.685069 14.284489 
0.111446 -0.524806 0.599981 0.958962 -13.172939 1.660594 6.470938 
0.194955 -0.335526 0.349595 0.300702 -22.983510 0.710405 8.279591 
0.190041 -0.824761 0.209575 -0.083899 -2.492994 3.813731 -7.963003 
0.170109 -1.049740 0.419597 0.709260 -17.129437 -8.354718 2.176991 
0.162386 -0.643220 0.311266 0.140790 -14.565143 10.870055 -10.851431 
1.166044 1.019233 0.094962 1.647472 5.293193 13.258397 15.804636 
0.584740 1.369798 0.145402 0.429404 -2.579357 -2.716760 0.207434 
0.396613 -0.262460 -1.344471 -0.797827 -9.496461 1.673929 -7.414434 
2.418064 -0.504377 0.418412 0.021885 0.241651 2.725402 -0.512475 
1.010429 0.076684 0.010381 0.186027 21.274362 -10.470744 -2.914282 
2.532142 -1.327953 -0.009962 -0.007454 6.019469 -6.531249 0.689611 
0.107929 0.437262 0.728788 0.686646 -0.058370 -10.750327 -2.416158 
0.167175 -0.575334 -0.049029 -0.761624 5.155070 -0.411946 6.821153 
0.254952 1.415454 -0.764955 -0.618680 6.202851 4.637808 -8.486970 
0.429694 0.479551 0.394103 0.750762 9.915889 13.640297 -1.670993 
0.496826 0.062842 -0.045568 0.221734 13.925430 12.552813 20.665352 
0.121547 0.629139 -1.696995 0.237888 0.548447 -22.410084 -4.055174 
0.215928 -0.211180 0.986783 0.117499 1.543168 26.030932 -7.575597 
0.270339 -0.360287 0.418957 0.297349 -6.034405 -20.694013 -11.595965 
0.080083 -0.138470 0.252281 0.780917 14.386957 -1.355998 -0.036697 
0.272801 0.660724 -0.163449 0.189964 -3.576920 11.090268 3.576823 
0.248941 -0.090954 -0.505763 0.590185 16.739056 1.884529 -8.012260 
0.198171 -0.109929 -0.511057 -0.127545 -4.734979 5.480067 -7.897423 
0.125940 -0.150007 0.783284 0.278640 -5.887511 18.398359 -0.578267 
0.397489 0.388462 -0.198658 0.437508 -0.015988 4.396652 -5.287666 
0.109822 1.482592 0.232299 -0.113907 16.702786 -0.860014 -9.433945 
1.950578 -0.363888 0.224900 0.158359 7.573086 -16.300719 15.945376 
0.085723 -0.142587 0.468687 0.606662 1.453299 7.380784 12.531930 
0.261677 0.221738 0.386383 0.375441 -4.385431 0.327408 13.398310 
0.410668 -0.248277 0.959076 0.807710 7.501375 -6.898892 6.777504 
0.278253 0.404912 -0.230988 0.682158 5.771423 10.552652 9.847924 
0.362834 -0.738377 0.505929 0.374158 -9.557022 16.145686 1.015341 
0.191416 2.954633 0.308009 -0.214704 27.508595 11.899207 -4.325159 
0.204516 0.825971 -0.507426 -0.851375 6.875584 1.607515 3.284309 
0.119244 0.015843 0.692250 0.544974 -7.389442 -15.788830 5.390804 
0.394798 -0.074865 -0.148942 -0.188865 7.001628 -6.121882 17.770870 
0.108074 -0.107569 0.563345 -0.681541 -3.450219 9.476507 -7.934801 
1.687457 1.404777 2.385926 0.130799 12.950500 14.588421 6.715683 
0.142585 -0.131928 -0.158107 -0.251565 5.775924 21.516490 3.280573 
0.999592 -0.440627 0.619832 -0.354460 -11.993176 6.138306 4.397605 
0.835224 1.353252 0.006173 -0.089750 2.711518 15.675314 1.899515 
0.133760 -1.066081 -0.819872 0.125638 -7.370250 -0.596976 9.963976 
2.914902 0.915665 -0.459637 0.112584 9.534342 -7.560406 0.496731 
0.289537 -0.714564 -0.599054 0.143048 -12.070265 -0.724484 -4.978349 
0.111589 0.051834 0.333912 0.199019 -1.485842 1.487768 -10.794591 
0.666435 0.110350 0.759084 0.341298 1.601256 7.742419 8.134050 
0.118124 -0.060268 -0.209314 0.497966 9.602622 12.698032 4.320157 
0.082017 -0.488993 0.488626 0.351882 -9.452598 12.437563 -9.606197 
0.384643 -0.111643 -0.308585 -0.165446 18.305031 6.522971 -3.974582 
0.170390 -0.748487 0.437629 0.720747 -16.084728 -2.103736 0.709369 
0.164634 -0.302272 -0.119034 0.485645 3.123708 -12.784683 16.517942 
0.710018 -0.806389 1.203479 0.635016 -0.672950 6.583709 5.325872 
0.490174 -0.207536 -0.051708 -0.326604 -5.667407 21.114602 -17.596803 
0.209872 -0.423135 0.196277 1.093818 -4.607371 16.795211 -0.598599 
0.191407 -1.584637 -0.907632 -1.222650 -3.402084 -0.546046 -12.542365 
0.086220 1.015530 -0.055329 0.374129 7.608703 -2.978057 12.065093 
0.253249 -0.092960 0.366139 0.221435 -21.304148 16.561944 3.787019 
0.443660 0.173236 0.488530 0.066415 -9.198742 3.551229 5.043376 
1.478874 0.499328 0.808409 0.488430 -9.287592 3.342647 1.668983 
0.997008 -0.338994 -0.116747 0.092809 -25.318439 -11.737151 -3.458341 
0.119733 -0.571566 0.603880 -1.137637 4.768704 -5.224852 -3.516166 
0.155712 -0.804152 -0.191832 0.567503 7.847625 11.127153 -4.956935 
0.248140 1.204968 0.121752 0.043386 11.368034 6.465400 3.652587 
0.211986 -0.726825 -0.961049 2.062094 -7.520089 -10.212226 7.446042 
3.164370 0.264737 0.456918 0.027750 -4.172387 4.833995 18.763104 
7.811175 -0.094104 0.265774 -0.134420 3.130200 -20.561922 8.120511 
0.119711 -0.162110 0.048250 0.752052 13.510662 0.419800 7.650617 
0.081905 -0.271775 1.729407 0.444873 -0.565135 3.884782 -0.904908 
0.128974 -0.544819 -0.257774 0.506442 -10.173286 -17.566291 -0.941666 
0.098410 -0.618808 0.343428 -0.409250 -6.534547 8.371311 -2.995759 
0.208666 -0.565845 0.040220 0.889249 9.594433 10.479392 15.785671 
0.338702 -0.099063 -0.913705 0.571907 9.555550 -6.450365 15.352698 
0.270406 -0.291340 -0.467400 -0.729123 16.325908 -1.195133 -4.150119 
0.261780 -0.020012 0.273505 -0.032665 4.985237 -3.094903 23.396881 
0.198271 0.154440 0.225208 -0.039045 -3.501175 14.029575 -12.130835 
0.547947 0.222833 0.142151 0.427357 16.026120 12.785834 6.691697 
0.084496 -0.405070 1.062317 0.469495 -5.072556 -9.985855 11.479338 
0.547853 0.388264 -0.477090 0.176279 0.158278 -8.449098 -2.275800 
0.124445 -0.000063 0.221397 0.427356 -15.586164 16.928809 2.246152 
0.573077 -0.023523 0.362477 -0.296322 5.339838 1.502581 6.843085 
0.415176 0.220104 -0.554690 -0.299321 5.748621 -8.148720 6.183353 
0.878922 -0.083680 0.105900 -0.802549 -9.226348 -16.058546 -0.482961 
0.094683 -0.391859 0.855257 -1.365008 -0.873190 -5.041842 -3.411422 
3.025229 -0.792515 1.535547 -0.108017 6.682433 9.073412 -5.705861 
0.102725 -0.636907 -0.332820 -0.134653 -6.735183 -15.462826 15.032982 
1.385436 -1.817631 0.273846 0.436916 -9.143764 12.567972 6.118721 
0.188343 0.851718 -0.343973 0.325100 4.544061 1.046021 9.938761 
0.308804 0.244995 0.478513 -0.028339 10.141562 -10.650791 -16.576313 
0.266901 1.090479 1.065333 0.333899 16.744895 0.413406 3.147759 
0.352073 0.167485 -0.248669 -0.990973 -11.252967 -2.520305 5.215578 
0.588656 0.696647 -0.753130 -1.269900 11.568920 -3.842744 -5.928293 
0.105091 -0.294928 0.221486 0.133928 5.764849 12.760386 -2.815907 
0.147682 0.874856 -0.132577 -0.528931 7.877487 -7.650165 11.166564 
0.179358 -0.338338 0.320699 -0.138321 -21.357424 11.109165 6.131533 
0.522896 0.389379 -0.603113 -0.032601 -4.226798 -8.230943 -4.288166 
0.141510 0.738573 -0.445167 -0.352367 5.026823 -2.480501 2.936276 
0.105633 -0.151775 0.070406 0.029737 9.089125 -2.200168 18.927552 
1.115389 0.232392 -0.268930 0.067680 -4.863090 1.034504 18.961898 
0.100224 1.936015 -1.230234 -0.047365 9.111427 -10.181543 -9.215354 
3.043771 1.311875 -0.328275 -1.776889 9.142500 -2.623108 -5.944795 
1.677124 0.284374 -0.730008 0.398967 2.790991 6.705860 -10.191781 
0.154714 -1.701050 -0.615665 -0.343485 -1.572450 -4.091136 -4.337755 
0.509531 0.460812 0.310648 0.307080 -2.720623 5.465468 -4.305655 
0.118595 0.649700 -0.231369 0.596946 -8.402891 9.160117 -4.042663 
0.192470 0.914307 -0.238505 0.443203 3.881703 -4.431154 4.420877 
0.156661 0.030075 -0.584167 1.372491 1.976037 10.257146 9.089320 
0.269171 -0.068159 0.153116 -0.338117 -18.450109 -2.657642 -9.265067 
0.275015 -0.659621 0.452028 0.231373 -19.605118 4.819744 -8.788361 
0.133107 -0.316072 0.320754 0.522373 -2.949406 2.074076 17.372427 
0.116244 0.380183 -0.793804 0.297000 -5.622571 -4.320693 -0.571547 
0.262815 -0.473655 -0.792143 0.463644 -8.845259 -9.661554 -8.849126 
0.152197 -0.517333 0.295351 -0.967886 -19.748830 3.766131 -3.823438 
0.591538 0.535839 -1.046470 -1.133102 -2.644410 -6.411458 -18.443606 
0.273814 -0.268994 -0.189073 0.098933 14.535521 15.286055 6.288605 
1.296377 -0.260895 0.966591 0.532407 -8.122336 13.607738 3.720424 
0.625099 0.025143 -0.309855 0.608154 1.519612 10.087804 18.643587 
0.953431 -1.339792 -0.605020 1.153187 -6.419500 -3.404956 14.408404 
1.362864 -0.155839 0.343823 -0.103198 16.389609 -5.667046 -13.276491 
0.388981 -0.649871 0.208653 0.601003 -19.028712 -4.465390 7.776719 
0.178332 1.686831 -0.395406 -0.099740 20.276396 5.330453 6.894489 
0.372184 -0.601955 -0.500811 0.484830 4.691162 -3.900189 -10.661498 
1.884918 -1.254515 0.137095 0.020113 -10.426464 -0.573541 8.874917 
0.093160 -0.964255 -0.565481 -0.614780 3.789803 -2.625619 3.025836 
0.093696 0.294868 -0.568641 0.360533 1.971639 8.413454 3.746731 
0.080850 1.649238 -1.225078 1.189624 4.884476 -15.386779 10.597651 
0.277717 -0.105037 -2.016837 1.125663 0.970476 -6.149225 14.270585 
0.330199 -0.593778 0.734497 0.370952 -4.499080 7.613708 -8.741909 
1.020862 0.510832 0.269463 0.167833 6.586214 -12.819540 -1.213541 
0.554068 -0.607836 0.248208 0.404292 -9.020571 -2.357303 -3.116067 
0.410517 0.465705 -0.152768 0.657082 -16.630781 0.343058 7.528049 
2.241100 -1.166512 0.275367 0.358231 -10.752889 9.322552 -6.920542 
0.769947 -0.387005 -0.346968 -0.198831 8.227596 6.233589 -17.038374 
0.085466 -0.215380 -0.447552 -0.178414 -21.325768 -12.428911 -2.608010 
0.645582 -0.345808 0.342288 -0.268684 2.134614 -4.089204 -14.452469 
0.291207 1.426060 0.075280 -0.514902 15.543007 -1.595398 -5.322497 
0.780826 0.907941 1.460685 0.310562 -6.055379 15.630724 4.997555 
0.178041 -0.190882 0.340088 0.666734 2.742367 1.970252 4.412941 
0.111657 0.473534 0.307189 0.536127 -12.115930 8.111914 7.115289 
0.141933 -0.205448 -0.274394 -0.001647 11.814799 -12.685340 -16.433494 
0.503658 -0.297610 -0.357199 0.650699 -14.013198 -9.918050 16.247713 
0.266518 0.406738 -0.751773 -0.912262 -11.780407 -5.876222 -5.826892 
0.136578 1.010486 0.284529 0.426098 10.381017 6.487509 0.554888 
0.126498 -0.764138 -0.402904 -0.395075 -4.692678 -9.181625 -3.443249 
0.081261 1.608292 0.621882 0.188181 12.860983 -8.677323 -3.618913 
0.167252 -0.157007 0.039111 0.134396 -1.258044 -0.568951 -3.430522 
0.607244 -0.571016 2.067706 0.539547 0.255361 7.808363 -0.713244 
0.266741 -0.696902 0.277801 0.529452 -5.341718 -6.084400 16.509020 
0.157175 -0.419848 -0.619429 1.400509 -20.321381 -4.277372 9.091037 
0.366807 0.252274 -0.429353 -0.449676 6.649920 6.487698 -6.933621 
1.030213 -0.106521 0.253862 0.428635 -6.253955 6.801642 -10.477640 
0.140945 1.775833 0.985720 0.272965 8.850781 0.076544 9.671623 
0.288794 -0.488192 0.117532 -0.581727 -8.292623 10.075281 -6.116103 
0.182724 -0.782144 0.718584 -0.177465 -4.321644 -13.043827 -8.326010 
0.115248 -1.292665 1.068426 0.270887 -5.610155 1.890173 6.982841 
1.012019 -0.129809 0.038866 0.066911 7.891423 16.909014 -12.871987 
0.292049 -0.935628 -0.272586 0.272582 5.261607 -11.753497 7.319680 
3.273691 0.085188 0.060987 0.565877 2.520446 -1.819062 -5.555811 
0.507219 -0.811819 0.822143 0.904522 -13.265426 -6.877910 15.086078 
0.325723 -0.962786 0.419830 0.238299 6.038185 4.111298 -13.321211 
0.153073 0.934671 1.172855 -2.293171 11.500623 0.726542 -27.192741 
0.229855 0.492721 0.384985 0.250256 4.426208 -0.361870 -9.119521 
0.196589 0.090582 0.087948 -0.435455 5.578220 9.597642 5.431253 
0.095001 -0.174844 0.263328 -0.876485 -9.350020 4.095908 -7.062038 
0.458870 -0.901502 -0.566945 -0.136666 7.799594 8.080648 1.334816 
0.085890 -0.515757 1.911975 0.754071 3.301374 9.664300 16.904112 
0.170408 -0.533465 0.458959 0.049918 -19.951762 9.136404 15.806086 
0.130084 0.045914 -0.103872 0.025492 -2.677685 17.581768 -3.347329 
1.384359 -0.146767 0.170738 0.515055 9.716521 13.511092 6.573404 
0.642711 -0.324017 0.429929 -0.096757 -0.136651 13.585273 16.845715 
0.176254 -0.387286 -0.017818 0.364923 16.290459 14.686279 14.341590 
0.156623 -1.014777 -0.572302 0.375521 -13.510093 5.686270 6.040006 
0.874755 -0.516044 -0.227406 0.092988 -7.951143 -0.137465 10.205687 
0.628183 -0.088871 -0.228390 0.667647 4.243106 -14.795667 -0.121385 
0.127719 0.832935 -0.308029 0.738750 -2.575271 -4.534822 19.842314 
0.209256 -0.521294 -0.126986 0.456221 -15.511617 8.100149 -9.104817 
0.393003 0.650678 0.329920 -0.121995 -4.171992 0.192318 -3.434424 
0.395444 -1.269007 -1.420832 -0.326407 -2.254067 -5.381798 5.192575 
0.150757 0.408594 -0.753180 1.003074 15.049518 -4.295590 8.663535 
0.613619 1.184305 -0.146942 -1.359512 14.026359 -7.469226 -13.991712 
0.371705 0.635361 0.370387 0.512969 -4.346875 17.835236 3.653549 
0.128172 -0.061480 0.811904 0.527050 -5.697314 11.742615 17.553531 
1.227367 -1.241110 1.355711 0.600456 -5.151221 17.676194 8.478876 
1.287495 -0.326628 -0.018596 0.110686 -3.661808 7.460758 6.410131 
0.285623 -0.820597 -0.443468 -0.365047 -0.237592 -10.521398 -8.822326 
0.186793 -0.478993 0.589759 -0.345908 -11.145609 9.527863 -2.049859 
0.151928 0.192832 -0.140054 -0.182359 -24.403948 -7.282720 -1.736943 
0.107729 0.261771 -0.741586 -0.244582 0.333685 13.478340 -5.815948 
0.789450 -0.078335 0.446297 0.334977 -5.869114 -19.422233 -9.586410 
0.417882 1.109922 0.191563 -0.371141 4.610506 -2.885637 13.523600 
0.415458 -0.160817 -2.571350 -0.528194 -5.636810 -16.941658 3.173386 
0.510419 -0.012910 0.538619 0.430301 -18.726746 16.038469 1.413075 
0.130425 0.002105 -0.594064 0.670619 -12.096992 -3.465134 -2.106616 
0.312402 0.095407 0.253526 -0.153722 16.546161 -26.396808 1.276197 
0.489643 0.069995 0.369818 -2.257907 -3.653457 6.030095 -12.625852 
0.449688 0.793065 0.383017 1.004554 9.863624 14.940849 -2.827793 
4.640213 -1.349778 -2.914799 -3.483072 -7.736235 -23.664485 -33.501640 
0.102329 0.023844 -0.112888 0.822782 10.235390 13.990528 2.222109 
0.088752 -1.196787 0.282599 0.414117 -12.852215 19.256005 -5.547020 
0.124181 0.553098 -1.073225 0.506324 5.509442 -5.361073 -4.072883 
0.142677 -0.208392 -0.220828 -0.401711 -21.440382 8.404616 -0.535980 
0.646196 -0.708489 0.817301 -0.722360 4.268853 -4.316278 -14.247215 
0.112694 -0.614620 -0.442649 0.180771 -2.922416 -12.493673 -10.870615 
0.176104 -0.127722 -0.412016 0.726771 -13.621387 -2.977810 -11.313306 
0.106965 -0.490113 0.086818 0.773320 -3.116957 11.524598 17.647715 
0.330430 -0.814833 0.730785 0.105214 0.881906 -6.995300 -0.227057 
1.059937 0.693644 -0.207147 -0.508599 2.018279 -0.409625 -6.696053 
0.446854 0.016607 0.535338 -0.600485 -2.894930 -8.678970 -1.994022 
0.249843 -0.213522 0.978186 0.556724 -11.432871 9.979138 -0.980487 
0.126972 -0.323434 -0.017889 -0.380377 2.273909 7.943153 12.295782 
0.148713 0.318775 0.188658 0.657623 9.416886 4.454056 -0.395467 
0.153845 0.933613 0.806315 -0.247366 0.932006 2.994738 -2.946323 
1.523067 -0.259018 -0.423860 0.264989 -1.491032 -13.049135 2.092585 
1.665441 0.297391 -0.480576 -0.586444 -1.402791 13.779716 -10.268736 
0.167356 0.322218 0.758705 0.540262 -7.797019 12.850207 9.882099 
1.433413 2.241765 -1.357542 -0.085956 10.547121 -15.429027 1.609673 
0.264805 -0.831724 -1.289901 0.185583 -11.393900 -1.114167 4.516163 
0.110793 -0.163611 0.590188 -0.526348 2.906575 9.623616 -12.038516 
0.180061 -0.302067 0.270366 0.156105 2.079012 -16.103500 7.697335 
0.195410 -0.158217 0.213425 -1.653659 -0.087781 1.405779 -0.548700 
0.091610 1.414582 0.596056 0.487076 1.992047 1.122200 14.506406 
0.100160 -0.478551 -0.094295 0.262643 -6.058524 17.527835 15.118472 
0.329612 -0.536878 0.106070 0.447600 3.772026 7.514319 -14.008758 
0.174903 -0.448201 -1.458635 -0.189133 -11.064165 -1.291150 -7.286512 
0.088879 -0.432024 0.357485 0.194170 4.362069 6.164466 4.476999 
1.382242 -0.047946 -0.528271 -1.097957 12.083752 -9.448439 3.020992 
0.137418 -0.499616 -0.066216 0.065569 -13.411750 -5.476689 -10.018629 
0.550522 -0.687623 -0.957282 0.274276 8.733382 -10.136791 10.447962 
0.977405 -0.677726 0.800368 -0.392155 -10.955627 -5.725485 4.347436 
1.078071 1.236015 2.071500 0.609850 37.120200 34.286363 4.119783 
0.158053 0.566774 -1.560044 -0.027922 13.379434 -15.825776 1.628027 
0.173348 0.301925 -0.022893 -0.175987 1.948122 2.945200 3.144327 
0.082934 0.728654 -0.036224 0.505854 3.912222 8.259761 -15.656170 
0.136636 -0.956416 -0.255797 1.011953 -9.958533 -2.841701 9.086076 
0.143734 0.037571 0.246104 -0.344988 -23.969911 -7.805523 -1.071696 
0.441192 -0.209967 0.446789 -0.232019 16.045658 3.777411 5.920686 
0.419927 0.162673 -0.580260 -0.095419 12.682904 -1.344241 -15.198371 
0.233936 -0.758063 0.190685 0.582198 -22.551325 -11.081809 -12.445495 
0.472655 -0.420169 -0.506234 -0.443396 7.417113 -1.538765 0.630037 
0.114863 -0.108621 0.264445 -0.856275 10.492243 -1.999438 -7.970557 
0.090134 0.084559 0.659959 0.160547 -10.746602 2.418435 0.274111 
0.541043 1.526430 -0.221518 0.128278 13.887997 -2.500233 12.202713 
0.282572 -1.026807 -0.137589 0.637497 -9.820577 5.655905 12.051759 
0.115642 1.085332 -0.971460 0.052779 1.576025 -5.209004 -0.087451 
0.081355 -1.412224 0.359749 -1.076852 -18.602190 8.358432 -0.582783 
0.367829 -0.476398 -0.396042 0.448193 -2.066049 18.232658 1.126832 
0.139629 -0.146076 -0.874185 0.034602 7.536411 -3.438808 4.339419 
1.352784 0.149779 -0.070768 -0.169112 16.668749 0.868933 -3.844196 
0.125255 0.248758 -0.309402 -0.461831 8.824061 -12.479455 3.930252 
0.401327 -0.153741 -0.649500 2.000291 -1.280435 -2.060114 11.837016 
0.285734 -1.052058 -1.378808 -0.279108 3.990422 -12.664841 4.097382 
0.395651 1.118882 -0.502622 -0.133756 9.454577 0.977095 3.773464 
0.293098 -0.168969 -0.215155 0.660558 -16.467441 10.235792 -2.445093 
0.087827 0.012669 0.644648 0.513693 16.505534 -6.640418 3.626601 
0.145431 -0.802236 0.041624 -0.441437 6.328587 12.666862 -15.359612 
0.180115 -1.326978 0.872140 -0.074735 -10.843528 2.393872 9.103207 
0.096200 0.018212 -0.262051 0.089088 6.768641 11.941572 3.392084 
0.666776 -1.231935 -0.673842 1.166676 -13.953500 -4.445946 8.005851 
0.204329 -0.233838 -0.068186 0.502588 -10.362595 -6.764964 3.615756 
0.115895 -0.038316 0.535180 -0.125473 -5.691639 14.242514 -16.506412 
0.093908 0.062601 -0.339184 0.252422 6.864996 13.836285 17.681778 
1.218377 -0.649326 0.393320 0.475232 9.201673 15.451603 -12.991531 
1.577937 -0.476709 -0.092069 -0.001296 -15.123527 -8.341146 -11.382744 
0.624013 -0.282329 -0.104925 -0.267092 -6.876185 12.037483 -17.445974 
0.094581 0.659166 0.259797 0.376815 2.618394 -17.360510 -2.008051 
0.082735 -0.008220 0.499791 -0.102209 -1.451133 7.207035 23.206647 
0.117562 0.139930 -0.707138 -0.614297 -10.327849 9.705217 -11.128972 
0.104059 0.113798 -0.331319 -0.419871 -0.716712 14.310248 -11.031096 
1.175398 -0.551424 -0.273348 1.277870 -16.323492 -9.499457 3.991770 
0.164169 1.199641 1.966272 -0.734042 7.993727 5.264951 -10.869803 
0.291452 -0.326618 -0.232673 -0.332053 10.814509 -10.367148 -2.386884 
0.206673 -0.723626 -0.929249 0.071484 -6.900402 -10.226889 -2.362241 
1.289324 0.967962 1.665981 0.797343 14.550913 18.769019 -4.942476 
0.086315 -0.494826 0.300597 -0.086708 -0.040568 6.966392 16.125053 
0.235153 -0.147811 -0.571500 0.213196 -2.060005 -9.667242 -8.792181 
0.115719 1.138518 -1.075392 -1.834606 14.239377 -12.454080 -11.681473 
0.363410 0.267900 0.126996 0.430880 4.485484 15.767845 14.500816 
1.751386 1.265200 -0.089722 -0.018782 1.825026 -6.659154 9.833341 
0.207984 -0.553985 -0.625476 -0.205727 -4.971282 -8.634261 -9.284078 
0.102911 0.691910 -1.206064 0.068323 7.977131 -0.790691 11.768123 
0.178659 -0.011347 0.704074 0.430285 8.377530 -14.353396 2.000228 
1.266026 0.125750 0.021504 -0.459554 6.378569 -16.553287 9.761707 
0.304509 -0.090412 -0.400507 -0.035388 -16.763518 -4.749963 -15.117723 
0.111776 -0.879888 0.366215 0.109315 -9.754590 7.624261 -1.301321 
0.518423 -1.388669 -0.428974 1.623311 -8.688392 -13.634150 17.833446 
0.412206 -0.571880 -0.013100 0.643156 -21.532683 15.388684 -1.239395 
0.151101 0.402822 0.469716 -0.079135 6.995747 8.537238 21.521382 
0.220913 0.093101 0.561583 0.129725 1.183322 -15.818107 4.536250 
1.412488 0.026499 -0.237149 -0.468485 -3.845474 0.017881 -1.090176 
13.278585 -0.793996 0.107599 0.487664 -6.453237 -14.945130 -2.298382 
1.463321 -0.764144 0.716791 0.326771 1.726897 17.565284 10.290983 
0.120159 0.822640 0.022650 0.579948 8.245762 11.418882 -5.667327 
0.365350 0.181212 -0.159267 0.463349 4.867336 -15.490983 1.075553 
0.105973 -0.279629 -0.020524 0.449734 8.886148 13.292473 21.117845 
0.295892 -0.137143 0.088345 0.536341 15.934787 16.618543 10.419830 
0.206326 -0.070355 0.337971 0.218547 13.700267 4.113171 7.761573 
0.093712 -1.196898 0.608888 -0.077808 7.246047 2.957501 2.391063 
0.095148 0.064809 0.468581 0.455763 -11.083404 13.981790 -6.383901 
0.206538 -0.819015 -1.248432 0.432582 -18.307479 -4.030470 4.042896 
0.086877 -0.206999 -0.016469 -0.062060 -18.470797 -12.162695 -18.754172 
0.089099 -0.356202 -0.625464 0.902814 -5.895327 -6.853450 -6.313615 
0.510706 -0.913487 0.617857 0.520201 1.503392 5.943410 15.108427 
0.209703 1.947907 -0.978905 -0.723342 13.461298 -1.314793 -2.781814 
0.558090 -0.338310 0.134983 0.368069 -0.151269 -28.012084 1.622260 
0.094925 0.105561 -0.001231 -0.480925 0.176337 11.923041 -5.945917 
0.169485 0.073551 -0.321953 -0.647724 0.943550 -9.395124 10.323689 
1.190304 -1.358203 -1.325600 0.453194 -3.644434 -10.813875 2.991251 
0.229716 -0.562822 -0.863991 -0.127634 -9.165118 -7.098623 -2.479907 
0.590880 -0.946885 0.226930 0.053243 -7.340701 12.236913 -5.047904 
0.480535 -0.248389 0.247579 0.134726 -20.153551 0.095706 5.376775 
0.234429 -0.732994 -0.180910 -0.139329 -13.142087 -4.635017 11.093747 
0.582021 -1.244974 0.709729 -0.854766 -6.667730 6.953143 -14.246243 
0.189197 0.381084 -0.504373 -0.427233 -6.380194 6.322901 8.059005 
0.259575 0.030247 0.291045 -0.960467 16.108606 -0.879798 0.288682 
0.447006 -0.747080 0.661773 -0.260564 -4.430057 10.800522 -7.253257 
0.147887 0.208436 0.041492 0.413686 14.587379 -14.225914 4.251609 
0.231699 0.115142 -0.333758 0.061148 17.891025 -5.302376 12.974813 
0.453708 0.260161 -0.406931 0.376826 -2.370803 5.662880 6.263259 
0.920339 -0.542544 1.192948 -1.150862 6.697750 6.774438 -5.564417 
0.955703 -0.214757 0.552410 0.644551 -0.469521 2.774639 17.491915 
0.084577 0.244169 0.234286 -0.481829 -6.953543 -11.768534 1.076016 
0.160624 0.001741 0.739251 0.590879 7.784190 5.334835 5.907434 
1.172148 0.892185 0.156055 -0.924276 3.227150 -7.048730 -16.121676 
0.760534 0.171115 2.342854 0.532937 7.957617 14.000198 15.004024 
0.114553 0.101163 -0.758547 0.460841 16.909259 1.172167 5.995813 
0.117572 1.172407 -1.560724 -0.164225 7.952906 -20.290119 -4.357488 
0.762149 2.056877 3.197197 -1.982370 22.465616 31.335932 -8.683908 
0.232792 0.210415 -0.073533 -0.233375 -10.916670 21.743362 5.104260 
0.215009 -0.186192 -0.149839 0.106664 -4.257458 -13.893590 7.313694 
2.204810 -0.155489 0.760526 0.009032 0.522674 7.516315 -1.906052 
0.129032 -0.667698 -1.316325 3.581451 3.155592 -17.383718 35.040334 
0.374042 0.499236 0.212911 -0.156247 -15.503866 -7.875116 6.562368 
0.205433 -0.598643 0.709626 1.216796 -13.182114 14.293894 -4.561157 
0.160079 -0.382247 0.057044 0.345950 -13.661969 26.088753 -4.712260 
0.136090 -1.091316 0.246842 0.327318 1.572853 -11.339689 16.217100 
0.119841 0.277323 0.800203 0.777234 -5.094673 3.696341 14.752891 
0.201503 -0.944493 -0.593213 1.789598 -0.267898 -9.586324 6.227685 
0.611073 -0.424421 -0.392239 -0.077935 -17.876386 -1.128854 -13.726414 
0.115016 1.056297 -0.738881 -1.787528 6.861560 -12.915651 -7.753585 
0.399244 0.989199 -0.957909 0.340406 8.456051 -4.345757 7.054226 
0.131342 -0.575791 0.044548 -1.064882 1.882176 10.802531 2.585082 
0.174201 0.022145 -0.438687 1.415701 -1.246979 12.787048 14.595983 
0.089275 0.661376 0.039565 -0.053767 9.207940 -2.412174 3.664424 
0.438872 0.411957 0.004387 0.193661 5.806576 13.248286 -12.119389 
0.085636 0.486589 -0.461203 -0.306089 -2.966455 -9.083173 -8.387051 
0.582912 -0.282084 0.305674 -0.194340 -8.106106 9.692911 -5.280982 
0.240412 -1.642824 -0.110598 0.976919 -5.616257 -0.159844 18.114226 
0.226021 0.227720 0.269902 0.996891 -15.334492 1.039580 8.977939 
0.107205 -0.402162 -0.034969 0.115256 -5.096488 -10.942438 16.428047 
1.102835 0.266893 0.216660 0.980701 5.204540 5.565608 9.364106 
0.266126 -0.931173 0.810078 -0.587813 -13.118061 -0.955144 -9.785269 
0.409423 -0.385955 1.453927 -0.721163 -10.307598 1.817646 -1.008291 
0.089384 0.525797 -0.320743 -0.455511 7.417536 -14.396302 3.722926 
0.113871 0.209625 -0.263971 -0.146685 7.313093 11.354874 8.476553 
0.746267 -0.087379 1.696653 -0.391038 -4.049317 0.323801 -6.662334 
0.219386 -0.107113 -1.339783 -0.573604 12.403533 -10.833676 -1.997183 
0.439077 -0.497784 0.212889 -0.833593 -16.703766 2.444411 -3.940403 
1.444015 0.170597 -0.116781 -0.103684 -18.355529 9.619789 -1.022885 
0.102731 0.602332 -0.592909 0.492030 2.724795 12.630650 -4.292309 
0.202560 -0.416944 -1.591007 -1.418446 5.196895 -19.233096 -27.261389 
0.091773 -0.165558 0.057980 -0.132332 0.924598 -13.760992 -3.201996 
0.159646 -0.804806 0.360927 -0.710782 0.639730 -9.471035 4.986182 
0.210510 -0.627118 -0.014351 0.156780 -11.578083 -18.976941 2.786645 
0.129464 -0.169171 0.333982 -0.112692 -9.432183 -21.517244 7.365260 
0.235395 -0.457272 0.083255 0.165280 6.043210 22.524219 -15.348244 
0.392760 -0.158751 -0.246777 -0.356152 -16.908169 -9.635571 9.153126 
0.340464 0.128665 0.740777 -0.804788 3.889703 9.067315 9.844507 
0.558675 0.782843 0.232038 -0.110564 6.806242 12.780917 -9.537407 
0.269181 0.001129 0.201512 0.545095 3.153050 5.387683 -11.572771 
0.080832 0.342550 0.686223 1.108848 0.170310 -1.015413 14.276720 
0.161454 -0.626172 -0.251830 -0.255867 -15.305996 4.588082 -2.594680 
3.272843 -0.371185 0.451961 -0.071581 -8.287012 6.885632 3.888149 
0.126733 0.162924 -0.752212 -0.246764 -17.130672 -8.316119 1.922237 
0.147442 -0.618501 -2.449702 -0.519024 -2.693099 -22.343942 0.660111 
0.234874 -0.462781 0.622159 0.157785 -1.821417 -2.701586 17.814435 
0.088322 -0.052928 0.493574 -1.273132 -11.840564 5.598277 -6.907146 
0.124823 -0.232348 0.059368 -0.173635 -11.510793 7.626658 20.033993 
0.134972 0.922976 0.836969 0.364284 1.812403 1.678926 -4.536968 
0.114632 -0.123997 0.425099 0.149271 0.539606 7.460492 -16.529812 
0.145861 0.057109 -0.108627 0.014919 13.618946 13.208833 -13.510849 
0.263366 -0.205343 0.327066 0.479410 -3.773961 6.946439 25.517385 
0.973808 -0.466149 0.578836 -0.054266 -13.145510 10.787075 -2.780395 
1.966409 -0.337287 0.334664 0.037784 -4.369490 6.003341 9.195077 
0.137245 0.286187 -0.054830 -0.311911 9.037969 0.430271 16.567219 
0.175886 -0.326163 -0.212597 0.390117 3.891923 -1.384017 13.445788 
0.427154 -0.314735 -0.524858 0.570050 7.736850 -9.061151 -6.468331 
0.305641 -0.367757 -0.484454 -0.382758 6.147801 -14.491733 5.500739 
0.126873 -0.007101 0.014394 0.270980 -7.374690 13.134602 2.586338 
0.202129 1.401135 -0.408451 1.443318 3.551635 1.298574 16.874091 
0.103947 0.268403 1.029636 0.123831 -15.282292 5.390855 6.302725 
0.160192 0.928645 -0.634988 0.587407 11.864149 9.057014 3.319576 
0.087931 -0.596007 -0.070610 0.545546 0.076445 6.227959 20.281794 
0.201166 -0.753359 -0.494450 0.702367 -2.912065 -9.233610 6.519216 
0.129271 -0.747821 -0.073753 0.055861 -11.993648 17.315113 -13.388718 
0.244547 -0.193741 -0.014431 0.726124 8.703701 -1.289410 7.904768 
