0.202999 -0.241293 1.015435 -1.016024 -2.607771 -3.492084 0.710937 
0.583882 1.004797 1.769746 1.127918 8.114693 -0.125822 8.489488 
0.585149 -0.412030 0.230410 -1.139076 -6.725062 4.706548 -3.279956 
0.085689 -1.616765 0.849511 1.682794 -6.255048 13.285649 1.107765 
0.090936 -0.586481 -0.293056 0.216229 -3.010937 -13.023858 0.871619 
0.457888 -0.844875 -0.343788 -0.099036 14.725106 -5.039090 -17.902991 
0.179449 -0.840886 -1.164851 -0.777838 0.674068 7.157904 2.974600 
0.103175 0.738043 -2.005654 -0.109912 -3.711598 -4.190055 5.846331 
0.199182 3.918756 -1.613974 0.835152 10.969355 -8.011293 2.629790 
0.109107 0.515812 -2.113547 1.262001 -2.558108 0.495453 4.113625 
0.232498 -0.968010 0.989966 -0.292689 -7.840271 8.195820 7.729192 
0.683878 -1.395487 0.018225 -1.454453 -6.972949 -6.974132 3.758941 
1.809017 0.224704 0.048378 0.123211 -5.187941 3.410351 5.120836 
0.133767 2.973611 1.567904 0.116443 11.734821 2.863148 6.042602 
0.207935 -1.458293 2.135597 -1.168796 -0.647400 9.413988 3.654867 
5.586845 -0.048330 0.603723 0.000590 -8.550629 0.803282 1.917683 
0.099031 -0.004606 1.459025 0.622320 -2.385109 8.948442 -7.351703 
0.095457 -0.736319 0.184133 -0.291779 3.497579 5.641106 -10.284969 
0.166412 0.019015 -0.460600 -1.461838 -4.847272 -9.383524 1.569156 
0.401973 0.143725 -2.241129 0.913645 4.474364 -4.556092 9.739958 
0.149690 -1.670073 0.283639 0.659364 -10.461106 -3.681203 -8.936733 
0.135040 0.709661 0.328130 0.381356 -4.119714 -6.107042 2.302848 
0.230700 0.238586 1.152724 -0.708126 -10.041959 2.090376 8.712506 
0.296048 -0.654514 1.540030 0.434989 -5.688492 14.083642 -4.151815 
0.089040 -0.227671 0.911329 -0.337762 -8.039259 18.471181 4.920708 
0.218861 1.731362 -0.626141 -0.417691 2.014841 4.500606 2.902936 
0.780326 0.638229 -1.397102 -1.178706 -4.487530 -4.892147 0.886307 
0.110177 1.112310 1.888320 0.980600 -2.869593 1.049801 8.495437 
0.308745 2.295832 -3.025787 -1.437090 8.516310 -16.714265 -5.009281 
0.930095 -0.717034 0.009993 0.600096 -8.274004 1.939327 5.635326 
0.154448 -0.169089 0.356131 0.708481 -11.147621 -3.248791 9.207990 
0.449860 -0.866230 -0.153517 0.691873 -1.479645 -15.111977 -5.710716 
0.194281 0.747831 0.604406 -0.771499 -0.602122 7.672538 -6.551910 
0.121470 -1.815573 -0.142059 1.306682 -9.369988 -5.752356 -4.856454 
0.388680 -0.369156 0.381944 1.100441 -5.741853 -9.297734 13.195736 
0.552874 -0.305144 -2.598187 1.556944 -6.435279 -4.902245 9.769070 
0.107074 -0.008675 -0.616011 0.049025 -0.701026 0.846235 -14.394296 
0.218546 0.950029 2.170003 0.090567 -4.280257 1.417260 -1.641429 
0.118025 -0.529363 -0.630496 0.936261 5.127738 6.381732 2.846352 
0.176826 -0.887682 0.611267 -0.286024 2.858984 4.041396 -13.813906 
0.123628 -0.297164 0.542124 0.712769 0.898508 7.574703 18.896208 
0.103987 2.450638 -0.006787 3.914778 13.811751 5.484218 14.756264 
1.612405 -0.260825 0.587660 -0.523568 3.868991 4.123149 1.570559 
3.952128 -0.290307 1.321344 0.969421 1.832749 -11.214308 4.679043 
0.090817 -0.707814 -0.149939 0.177315 -18.268305 0.921794 -4.844617 
0.094271 -0.175510 -1.014951 1.189086 -3.644786 -5.709729 8.776012 
0.105198 -1.651414 -0.385376 -1.321254 -9.475432 1.934539 5.596453 
0.122132 0.284866 0.328288 0.077711 -2.489502 3.541357 -4.197116 
0.167817 -1.099444 0.146355 0.849985 -2.344726 17.280261 2.702486 
0.138488 -0.453523 -3.441724 0.226919 1.305980 -9.882538 6.245265 
0.701272 3.733407 0.492320 -1.226347 20.625500 1.577349 0.659635 
0.367183 -0.036056 -0.808232 1.227663 -1.670529 -5.012802 -8.846578 
0.116639 -1.019312 0.676701 0.603103 -11.267288 9.638175 8.572157 
0.156405 -1.108332 0.391931 -1.324905 0.326992 -0.428150 2.314006 
0.118162 -1.496316 0.865611 0.127054 -5.691019 -3.773061 -4.189449 
0.151293 -0.479103 0.391466 -1.081107 -2.349268 3.553095 6.682517 
1.456612 -0.170462 0.424106 1.250876 0.245133 2.564304 -5.648843 
0.095248 -0.702628 -0.242037 0.350249 -9.363168 9.065678 8.308799 
0.298886 -1.050123 0.737069 1.286767 -3.298241 1.475178 -1.854681 
0.512636 -0.580967 -0.890079 0.703433 -2.114480 -5.809172 -5.588719 
0.121466 2.341397 -2.903915 -3.374199 11.524284 -10.687915 -10.219252 
0.863813 0.487498 0.554983 0.295498 -1.801260 11.823476 8.650405 
0.283593 0.054874 0.590772 1.121303 6.769351 5.910714 6.163475 
0.114183 -1.695047 1.517314 0.395569 -5.742074 -2.182520 6.106851 
0.387857 -0.597053 0.098324 -1.009506 1.352047 7.900133 -1.871243 
0.102340 -1.225269 -1.654226 2.307375 -5.380189 -8.697386 4.633970 
1.423034 1.610250 0.671647 -0.374719 5.413349 -7.280628 -7.564413 
0.118440 -0.125576 -0.032306 -0.747072 -11.220876 9.816808 -12.406249 
0.087317 -0.672336 0.804266 1.037380 2.128184 2.520914 -5.590876 
0.115648 -0.312334 0.698606 1.157961 -1.344812 11.474964 -8.006677 
0.335498 0.922966 -1.433437 -0.748873 4.022457 2.461950 -10.148273 
0.109210 -0.481510 -0.555211 0.753825 3.510881 -4.456834 14.468366 
5.398343 -0.736484 -0.348055 0.008411 7.015236 -2.780145 -4.797300 
0.438696 0.315321 -0.659936 -0.895959 6.564423 5.240641 0.508229 
0.102783 -0.943463 -0.043620 0.411311 -5.089033 10.515603 -9.926535 
0.317653 0.453546 3.409245 -2.408154 -3.813783 16.387509 -6.573763 
0.117399 -0.335298 -0.179069 0.042812 4.377343 -9.217777 -9.789710 
0.135796 3.257460 -1.512700 0.858159 8.826922 -11.125882 3.559255 
0.139152 -0.702999 -0.827415 -0.077723 0.340275 -8.146879 -5.967206 
0.081844 -1.328621 0.579637 -0.540376 -10.268942 0.795945 2.415880 
0.210768 -0.842807 0.089921 1.325640 -3.125759 5.187827 12.184198 
0.087151 0.951698 -0.506392 3.840613 8.802158 -3.923540 14.329592 
0.247564 -1.301218 -2.022986 -0.890421 -8.608021 -3.722971 -8.220579 
0.118055 -0.317565 -0.057324 -1.804686 -5.896783 7.850443 1.083515 
0.133708 -0.260272 0.313079 0.048402 -12.234113 -3.831012 7.190775 
0.137951 0.599741 0.432750 0.033340 0.604542 -1.805138 12.255096 
0.295736 -0.693723 1.059726 0.498203 -8.040185 -11.845334 0.648586 
0.093592 0.241943 -0.138668 -0.354557 -3.268243 1.307040 8.831313 
0.180968 -1.180235 -0.972135 0.533775 -7.843146 -9.531887 -1.680787 
1.058781 -0.983367 0.768049 1.035603 -11.727702 -2.354372 5.256274 
0.086350 -0.384132 0.290822 -0.382135 -10.622037 -3.393677 -7.242910 
0.263354 -0.801986 1.534395 0.044876 -1.000402 5.239426 -5.043857 
0.556778 -1.295906 0.362060 1.064327 -11.191953 9.870184 1.659570 
0.139284 -1.655042 0.327154 0.825360 -10.030657 -3.844900 0.958880 
0.478468 -1.115293 -0.355620 1.111004 -6.294185 -1.632004 10.535553 
0.165293 -0.627296 1.296123 -0.192125 -3.379966 -4.076671 2.284257 
0.493788 0.604313 -0.086435 -0.567754 -3.530626 1.602449 8.948835 
0.252788 -0.497794 0.586948 1.578410 -9.215727 1.015550 9.587818 
1.145613 -1.013738 -1.416855 0.620753 -10.560240 1.697966 -3.668337 
0.388183 -0.026018 1.364121 1.512468 0.578532 1.982656 -3.637376 
0.094407 -1.017008 1.143099 0.505955 -2.782596 0.823828 -0.525466 
0.126740 -0.572069 -0.218800 0.125532 -1.844396 -18.826767 -6.440780 
0.323270 0.274405 0.675867 -0.373059 2.491891 4.263098 12.610465 
0.198042 -2.172061 2.989230 0.371389 -11.990997 6.424445 4.433384 
1.167561 0.002501 0.918216 -0.916755 -7.803042 9.586358 -2.834632 
2.697368 0.251225 -0.169200 0.822921 -8.652512 -1.550283 -3.095481 
0.376011 -1.624255 0.475793 0.003828 3.538265 7.233339 5.992755 
0.588263 -0.279760 1.072336 -0.977243 0.148642 7.688460 2.805146 
0.138650 -0.574993 0.581301 1.434126 -12.931087 -8.211105 11.462194 
0.373816 -0.161626 1.062460 -0.899540 -2.114606 4.979359 -11.144360 
0.401930 -0.364254 0.306932 -0.549381 1.451735 -7.742082 15.727312 
0.263064 -0.581334 -0.449209 0.245797 -9.993734 -2.223564 -8.294933 
0.459762 -0.258019 1.203682 1.197562 10.262734 9.292584 -1.916570 
0.328088 -0.929212 -0.643948 -0.012630 3.490205 -1.395555 4.847917 
0.860282 -0.018223 0.139484 -0.282122 6.151363 14.809765 -9.671142 
0.273055 -0.814189 -0.170212 0.353148 -7.596369 12.919396 -9.129731 
0.396253 -0.254197 0.720470 0.263097 15.251697 6.068113 7.397981 
0.246288 -0.226261 -0.801585 0.026318 2.704523 -7.585549 -6.908550 
0.730294 -0.126889 -0.760909 -0.350742 2.856998 -2.130695 -11.741113 
0.278430 -0.904846 -0.394519 -0.319938 7.841209 0.888408 -9.243980 
0.151503 -0.273556 -0.523345 -2.345811 -3.793308 4.190026 -6.810291 
0.100432 -0.240661 0.846433 0.705495 -16.465420 -1.671898 3.864044 
0.082624 -0.579527 1.396996 -0.347472 10.108452 8.297538 -2.498815 
0.114711 1.325453 -1.547055 -1.705199 -0.069743 -9.694170 -0.454057 
0.192666 -1.583030 0.261356 -1.066931 -10.842955 4.022466 5.654959 
0.287114 1.225851 -1.647750 -0.546519 2.151576 -1.368084 -10.790317 
0.585359 -0.789766 -0.518929 0.762035 -11.337573 -4.663377 -10.371647 
1.376095 -0.395989 0.661849 -0.058458 -13.277020 3.441654 -1.620468 
0.431641 0.258397 0.666419 -0.694409 -10.595793 14.452693 6.589388 
0.136683 0.203409 -0.443780 0.332261 3.461232 1.223158 6.281745 
0.323241 -1.155477 0.231696 -0.480241 -12.631862 7.752439 6.786628 
0.391024 0.227538 0.343058 -0.010773 4.335186 -22.578855 -0.316214 
0.112116 -0.241079 -0.387750 0.155567 -1.802924 -9.443795 8.030626 
0.116547 0.300637 -0.287853 0.209308 -3.376701 -9.907920 -0.895006 
0.952396 -1.012766 0.589983 0.392044 -1.221252 12.349659 3.287748 
0.374161 0.243625 -0.929257 0.101378 3.218729 3.902243 8.352434 
0.178419 -1.738206 0.273172 -0.048797 -5.537199 1.438856 -1.112735 
0.192961 -0.913615 0.179457 -2.199405 -9.880870 -5.441622 -5.081762 
0.763069 -0.092200 -0.119375 0.807056 -2.039317 -1.989726 -10.525596 
0.181019 -2.066420 -0.550764 -0.154132 -8.936032 -6.288929 -9.236270 
0.393969 2.484335 4.001782 0.900396 11.712292 20.122275 8.056514 
0.408300 -1.182200 0.129630 0.325870 -11.664007 0.774831 6.002372 
0.506972 -0.932196 -0.954619 -0.297255 -9.783874 1.883994 8.834706 
0.168852 -0.417209 0.632880 1.034871 -13.820136 15.205702 -2.878094 
0.196085 0.294189 -0.311237 -0.066688 -8.529185 2.695225 -3.393717 
0.836938 0.229255 0.078847 -0.677021 -14.697355 12.458705 1.285085 
0.701221 -0.555810 -0.374787 -0.250591 -0.327357 19.710998 4.494822 
0.263429 -0.499159 -0.632696 -0.048978 -4.487197 -3.744229 -9.835055 
0.151360 -0.372609 -1.308845 2.350852 -10.040188 -4.360295 3.285462 
0.449375 -0.890450 -0.551141 0.128462 -12.480635 5.810160 2.353539 
0.108928 1.287650 -1.116375 1.240950 -1.673239 -11.038378 -0.245352 
0.090465 0.517870 0.745496 -0.974634 -2.495468 5.800287 -9.251837 
0.531060 -0.847453 2.057273 2.661672 -9.059803 8.510268 3.919831 
0.272013 -1.453037 -0.039322 0.363508 2.129011 -3.338235 -9.933066 
0.127889 -1.410306 -0.123792 0.340486 -8.837833 -0.851655 6.049270 
1.070260 0.273853 0.724501 0.393466 -2.163496 7.295225 1.264343 
0.111702 -0.398364 0.584746 1.624851 8.248175 -2.038996 10.362449 
0.275275 1.500465 -0.069599 0.507731 -0.787707 6.109775 -1.459764 
0.433814 -1.385039 0.456207 0.601669 -1.380365 9.536485 0.182642 
0.121123 -1.096619 0.782473 -1.414728 -5.617107 10.398023 0.965969 
0.604561 -0.274976 0.308733 1.447565 7.888837 -10.660216 5.222161 
0.672200 -0.298963 0.771803 1.687312 -11.706538 2.891471 -1.534084 
0.485099 0.443258 2.353150 1.317028 -1.840788 1.060677 6.093971 
0.088968 -1.575359 1.055649 0.071680 9.717714 4.074515 3.731883 
0.372330 -0.369090 -0.476763 0.304133 5.420224 7.534497 2.197159 
0.427499 1.105024 -1.277868 1.852559 8.965563 -4.941453 -0.954160 
0.148166 -0.278019 -1.392153 -0.371014 -9.265261 2.309551 4.447383 
0.205405 -0.077412 -1.396867 -0.400749 0.023856 3.855473 7.243867 
0.273438 0.067657 1.267904 -0.205781 -12.668404 5.326722 -0.798088 
0.257004 1.003394 1.642129 -2.482440 1.481106 13.247598 -6.807816 
0.083821 0.017748 -0.095034 -0.246269 -3.859283 8.028609 -11.696828 
0.673429 0.012227 0.387465 0.152633 -0.299633 7.415568 -21.525327 
0.093338 0.232572 -0.238476 0.576936 -3.555126 14.211576 -12.679023 
0.097693 -0.478672 0.678753 1.256842 -4.478860 -0.571489 -4.061800 
0.081727 -0.043859 1.197377 -0.071886 -6.449628 1.695478 -7.920826 
0.417045 -0.760517 0.460047 0.290061 -12.647398 0.902710 8.656634 
0.387177 1.013852 0.086273 -0.137331 5.893302 3.199728 -0.754247 
0.350927 -0.891116 1.809478 -0.189133 1.587202 14.361390 -1.009326 
0.081891 -1.043956 -0.162109 0.249378 2.163788 0.346543 20.082365 
0.111530 -0.817448 0.294852 2.260305 -0.655774 -1.383812 3.347628 
0.729211 -0.193646 0.557130 0.026071 -11.791206 -2.553977 13.355997 
0.081209 -0.996993 0.474106 -0.278052 0.792602 6.933339 -2.390479 
1.066327 -0.704117 0.226125 1.295386 -7.786731 -5.702753 3.380978 
0.844840 -0.016872 0.732818 -0.295592 11.988113 -3.655758 -5.145903 
0.286414 -1.065827 0.553430 -0.766563 -8.674033 6.002145 -0.944792 
0.108220 -0.519587 -0.552139 -0.196313 -19.197545 4.592273 -1.512680 
0.106446 1.807101 0.483301 -0.023792 3.720694 9.444458 0.385787 
1.618982 -1.525614 3.358363 -0.759276 -11.372436 8.970716 -6.082160 
0.126190 -0.375268 -0.410575 0.142829 1.259971 -1.005621 12.843912 
0.666898 -0.836830 -0.032582 -0.532288 -5.326330 -0.363813 1.152622 
0.355266 -1.506914 0.184164 0.765069 -8.156063 1.605474 -1.808547 
0.365762 -3.651506 -6.994720 -0.510899 -18.826390 -30.999571 -4.738741 
0.430606 -1.024010 -0.320838 -0.024972 -5.847346 -17.497511 -2.351059 
0.100431 1.441715 -0.128199 0.476089 7.198562 9.739252 -7.710748 
0.189647 -0.844015 0.843740 -0.357068 7.515578 4.364489 -0.991924 
0.132254 -0.237133 -0.355116 0.072769 7.279742 7.340465 -12.410845 
0.500139 -1.989603 -0.224099 -1.620811 -9.475597 3.721957 0.101382 
0.175237 -1.277546 1.359966 -0.852061 -9.706750 -0.934514 2.241624 
0.123696 -1.000715 -0.904070 0.087893 -3.081620 -7.404586 -9.857966 
0.195281 -0.655867 0.029366 -1.465384 0.505475 8.873004 0.501074 
0.599939 -3.061095 0.043146 -0.455790 -12.537285 5.477307 -8.046040 
0.192741 -0.652614 0.403264 0.032706 -2.279687 7.936379 -12.511214 
0.200778 0.349250 -0.787264 0.039178 -14.604128 -7.195878 -1.051271 
0.177472 -0.503691 -0.537849 -1.673764 -3.894350 9.897385 -5.721250 
0.127855 0.261314 -1.274467 -0.273040 -2.817920 5.443120 -6.250701 
0.220526 -0.209843 -0.122175 0.412200 -3.825589 11.027279 -13.356718 
0.627642 0.213808 0.126667 0.061495 -13.551662 5.370900 -10.076792 
0.637465 -1.406040 1.163704 0.981442 -4.691809 4.081630 3.717939 
0.169117 0.205730 -0.136246 0.118482 -3.430720 15.039815 16.193905 
0.114784 0.062352 -0.517753 -0.481226 -0.683974 10.679240 -3.169165 
0.135557 -0.356794 1.372795 0.206231 -5.619562 -3.309013 -3.433808 
0.579415 0.179211 0.536420 0.996813 10.863780 5.525638 -3.099270 
0.624848 1.886227 1.960957 -0.116641 6.851398 5.955202 4.833917 
0.385484 -1.441537 0.239910 1.431691 2.584658 -6.971715 3.304829 
3.082417 0.107654 0.729810 -0.140688 7.901546 -3.173394 3.772786 
0.310489 0.230496 0.217697 1.958055 1.080876 9.609142 5.543014 
0.457154 0.171602 0.004294 -0.380788 -5.022324 -4.443068 5.398107 
0.279294 -0.466198 -0.336249 -0.845407 3.162324 -3.554050 -1.388650 
0.089763 -0.241347 -0.105000 -1.246140 -4.893403 1.387401 2.602132 
1.249225 -1.080680 0.472134 0.893577 2.795007 -8.909265 2.624957 
0.163561 0.648471 -0.675784 -0.338808 -6.456227 6.347632 -2.075275 
1.702665 -0.261470 0.476068 0.829233 0.907624 -6.090060 -9.478101 
0.087567 0.746644 1.562999 -0.174497 2.218717 -2.976967 1.682031 
0.192231 -0.698424 -0.395399 -0.001990 -19.793500 -4.800395 -3.694527 
0.122081 -1.294575 -0.410185 -0.305453 -11.479065 4.494245 10.388394 
0.088452 -0.319732 1.038916 0.154691 -4.970406 9.791763 -11.627850 
0.470758 -1.200809 -2.471318 0.943368 -2.044575 -1.919168 5.817343 
0.196106 -0.614434 0.385925 0.103675 -3.416669 -4.484076 -5.457304 
0.163499 2.501537 -3.614227 -0.938181 12.860924 -14.810358 2.589131 
0.080867 3.344380 2.746319 -3.229694 20.212050 15.312643 -10.431418 
0.223604 -1.462253 0.270148 0.365349 3.633443 5.207048 -7.278773 
0.155926 -0.721534 0.213653 0.212797 11.918727 -3.569618 -16.215047 
0.238387 -0.885650 -0.514954 -0.399771 -3.525532 -9.444482 12.726495 
0.106154 -0.706509 -0.171719 -0.355460 -5.285375 3.571909 13.569481 
0.169911 0.480773 -0.644695 0.755716 -2.586987 -3.211249 13.095350 
0.113329 0.840755 0.860126 1.562776 -5.208872 -1.193427 11.155869 
0.192419 1.656341 -3.271163 -1.098085 2.535934 -16.726122 -6.867915 
0.594225 0.321981 0.332064 1.445025 -1.258057 2.731167 13.101231 
0.085164 -0.979507 -0.150920 0.502717 6.929676 0.885130 15.142611 
0.117057 -0.965764 0.607178 0.772106 -3.691225 -6.021489 4.026603 
0.205043 -0.417036 0.619546 -0.090020 -1.848833 -11.017725 6.859398 
0.234649 1.493447 -0.009256 0.165880 7.284942 8.132881 -5.167821 
0.487672 0.013112 0.802972 1.575685 -5.386716 -5.808204 0.248129 
0.223182 -1.476510 -0.260256 0.241702 -6.234711 10.232416 3.888993 
2.476904 -0.179906 -0.114882 -1.239520 5.822419 10.996918 -0.597326 
0.441734 -0.254072 0.634801 0.225338 -17.028391 -3.012500 -5.186231 
0.230397 -1.073637 -0.412230 -0.353096 -6.617947 -1.027189 -3.213890 
0.689100 4.078622 2.135613 -2.662989 19.517957 6.384139 -8.436044 
0.815528 -2.843506 0.378163 1.308653 -6.625217 -3.092552 8.418498 
0.161492 0.160716 -0.160230 -0.253988 -9.786378 -9.261854 4.302385 
0.542296 2.956869 -1.307664 -0.512054 5.275349 -6.421821 0.580101 
0.146522 -1.518280 -0.543179 -0.366293 -5.083333 -2.451127 -14.128342 
0.256037 -0.956968 -0.819655 -0.621052 8.475964 -4.747476 6.098040 
0.887681 -0.339378 0.822740 0.860716 7.739583 9.886934 -11.407157 
0.101372 -0.489954 0.011738 -0.501044 -4.414124 -5.473457 4.656078 
0.141931 -1.299953 0.193873 -0.261802 -10.341441 -8.198363 -1.925664 
0.178446 -0.513713 0.565245 0.464666 9.943677 -8.489978 -6.776108 
0.083374 -0.471059 0.212917 0.919807 -13.976804 8.164058 10.259276 
0.376685 -0.060013 0.435903 -0.226604 -3.202849 12.418916 -17.749042 
0.585808 -1.339916 -0.954693 0.966621 -8.830591 8.269349 2.590530 
0.102075 0.586300 1.512491 0.153842 -0.002101 1.052493 -5.158839 
0.086694 2.509945 1.825351 0.185347 10.608515 5.300599 4.621383 
0.654455 -0.023952 0.457856 -0.695466 -2.905736 5.908222 0.219110 
0.442796 -1.155863 0.228732 0.681228 1.982904 0.631778 13.107337 
0.103990 -0.006759 0.069614 0.303411 9.550088 -9.786447 12.558338 
0.137893 -1.521514 0.048133 0.023005 0.350780 8.215841 3.471016 
1.044939 0.126514 0.450790 0.019450 -8.613485 11.546932 12.458515 
1.025335 0.267407 0.176135 -0.327472 -4.350467 11.311487 7.499799 
0.472835 -2.228759 0.621264 0.808190 -7.151976 4.705711 -7.071709 
0.672168 -3.242134 1.122163 1.481590 -11.961791 -0.185961 12.322708 
0.208490 -2.143778 -2.022661 -0.236758 -2.325024 -8.318658 -0.450949 
0.292610 -1.413335 2.389612 1.468331 -3.312602 5.095675 9.973736 
0.111344 -0.348629 0.062743 1.486055 -1.532669 7.515582 -4.532460 
0.466067 -0.272033 0.924149 -0.232318 -10.915559 -2.690117 -12.208662 
0.112109 -0.439177 -0.173032 0.123097 4.366033 8.502812 -5.358241 
1.021373 -0.427685 0.091821 -0.251612 9.668080 -1.062449 -8.982671 
0.247245 -3.289823 -0.736886 2.119272 -17.484298 -0.197690 9.080245 
2.937998 -3.319417 -1.334772 1.004722 -8.371160 -6.508899 9.070509 
0.112201 -0.814497 -0.169326 -0.044552 -11.303281 14.372643 16.027287 
0.941373 -0.036315 0.053674 0.144128 -6.803821 -4.254321 4.923612 
0.186332 1.170839 0.051115 -0.950191 -1.131926 4.011639 5.534616 
0.206312 -0.193097 1.006439 0.738717 3.895477 1.433812 6.695455 
0.087521 -0.729210 -0.689696 -0.020376 -7.746285 -5.132591 11.575642 
0.337060 -0.987929 -0.167388 0.072738 1.431672 17.868230 1.571987 
0.506829 0.977854 0.644243 1.182451 1.876745 4.288419 -4.510428 
2.506229 -0.872467 1.406490 0.091481 -12.363505 -6.935871 6.327697 
0.109658 -0.700496 -0.039244 -0.691194 -12.336152 0.684565 7.659012 
0.093631 -1.101366 0.973279 1.183339 0.321040 1.470195 2.424223 
0.994606 -0.546924 0.494268 0.020073 -16.392471 7.095052 -14.877750 
0.184780 1.905090 2.939782 -0.097409 2.589054 7.353236 -1.420680 
0.113864 -0.624558 0.718864 0.572157 -6.074874 -4.370235 2.076513 
0.500571 3.618733 -0.358681 -2.009643 18.030887 4.611175 -7.413081 
0.375402 -0.051907 0.156918 -0.779526 -8.407969 7.379758 -10.119723 
0.121279 -0.567502 0.313435 -0.950945 -12.446583 4.927415 -0.481503 
0.437171 0.247692 0.056563 -0.761929 -7.776077 -0.781290 8.628340 
0.420529 -0.633343 1.059823 0.511568 -6.033037 0.373523 7.799349 
0.140832 -0.673907 0.840416 -0.120042 -1.727476 -0.850403 -13.105140 
0.317286 -0.731544 0.286330 0.581864 1.733717 -0.240544 5.452923 
0.092539 0.873289 -0.750120 0.009067 -9.865597 -2.042185 9.444856 
4.198783 -0.030069 0.410961 0.497513 -7.097599 -3.227269 -0.166646 
0.435794 -2.158143 0.040198 0.261986 -11.682714 -3.843245 -1.926986 
0.299195 -0.685016 -0.197569 0.701027 -0.303686 12.759344 3.883136 
0.366428 -1.020547 -0.106258 1.335621 6.620547 -4.300432 8.691232 
0.300202 -0.785473 -0.088440 0.484298 -0.834165 -3.976363 8.740068 
0.585186 -0.980719 0.758506 1.979375 -8.507690 8.234037 7.747942 
0.524509 -0.292187 0.206384 0.091703 3.121218 15.888871 -9.054377 
0.292083 0.387309 1.793529 1.214978 -0.256982 -4.319305 9.778824 
0.107699 -0.801947 1.762931 2.483066 -6.582763 0.466150 9.056574 
0.744916 -0.687817 3.134640 0.668461 0.504991 11.702302 0.046449 
0.131940 -1.497735 2.802524 0.439711 -7.215504 6.126875 1.909516 
0.104491 -2.512533 -0.284807 2.518949 -12.906247 3.041332 9.545567 
0.504475 -0.065123 0.444657 0.019840 4.321104 5.462498 -5.434302 
0.159200 -0.151763 0.638037 -0.343438 5.099239 1.098232 10.362904 
0.144224 0.559657 3.786532 -0.328480 -2.303339 13.214556 4.614375 
0.221063 -1.368134 -0.320935 0.140381 -2.634589 -9.016543 14.618634 
0.339783 -0.370782 -0.055975 0.838079 2.666368 10.948764 1.198997 
2.985742 1.490551 0.990286 -0.307346 -3.353895 12.689155 -1.370661 
0.098040 0.276554 1.021640 -0.277655 -1.048087 0.697372 9.355995 
0.364111 -0.924825 0.467839 -0.582972 4.170292 7.129233 4.935250 
0.144886 0.277807 0.243867 -0.460150 -13.929962 -4.746389 -4.915770 
0.360597 -0.139973 0.201500 0.250268 4.273677 -7.677065 5.025997 
0.254317 -1.335943 -0.312047 -0.813714 2.729150 -6.107355 8.900669 
0.555913 -0.192949 1.082190 0.097941 -10.882396 0.833704 0.376387 
0.416651 -3.118293 -0.540976 -0.679383 -7.690670 -5.135589 -4.842553 
0.151008 -0.185478 1.721366 1.550300 0.099115 -1.129788 -3.059118 
0.577563 -0.076201 0.048762 0.491350 -7.599720 -0.824613 7.783779 
0.141965 1.996177 0.463118 4.343115 4.879423 -0.436915 19.930775 
0.120024 -1.398054 0.831486 0.184358 -0.153120 0.373661 -3.547152 
0.182852 1.995467 -0.411741 -0.003429 6.224745 5.667714 -2.019543 
0.189724 -0.464486 0.607897 -1.303996 -6.560290 3.061660 2.987146 
0.150160 -0.063178 -1.673811 2.617693 -4.229654 -6.146393 10.773274 
1.373741 -4.899026 -0.399198 2.197961 -18.908852 2.278901 8.212173 
0.283453 -0.382564 0.525884 -0.226942 -5.867651 6.185222 -7.125603 
0.170281 0.173086 1.390252 0.839398 7.312617 9.166764 -2.644757 
1.505698 0.701264 -0.635831 -0.068093 6.395157 -9.233885 -3.417315 
0.360047 -0.784349 -0.184309 -0.082016 12.731080 -8.071771 11.858344 
0.588861 -1.113288 1.217967 0.791860 -1.276764 11.241950 5.554554 
0.381565 -1.262010 1.027903 0.519890 -1.269187 10.135003 -1.675148 
0.166121 -0.028550 -0.724014 -0.034578 4.480239 11.977604 4.010630 
1.652096 -1.193217 0.793586 0.077724 -3.806898 -1.089725 -0.511533 
0.215498 3.598938 -2.354747 0.801905 15.000391 -4.985772 0.445029 
0.524663 -0.385542 -0.628403 -0.128223 5.497976 -8.631588 11.123432 
0.489037 -1.283231 0.640607 0.460645 2.803633 -6.603647 7.917542 
0.247044 -1.060589 0.164071 -0.704929 -0.111452 -2.219793 -7.660641 
0.408569 0.493162 0.408278 -0.806953 -2.376731 -4.915503 -6.310301 
0.429966 -0.719692 -0.279353 0.007891 4.963407 5.295749 12.613080 
0.205030 1.347494 -1.453578 -0.171239 -2.792798 -3.465388 -3.068439 
0.104504 -0.718637 0.346886 0.578992 -10.030326 -1.088000 14.590859 
1.704172 0.105493 -0.198266 -1.582957 -5.317937 7.580508 2.978981 
0.208973 0.524330 0.406975 -0.698404 -6.870476 -9.479407 8.966737 
4.631110 -1.315857 0.963556 1.647989 1.832664 -6.070009 4.837410 
0.135103 0.117845 0.316224 0.078645 -1.793806 12.606697 9.444183 
0.169606 0.220521 1.325619 -0.439841 -7.273210 -2.189977 -9.158199 
0.567692 -1.768266 -1.141760 -0.199150 -2.131210 -6.753166 6.498544 
0.214292 -0.831494 0.474436 2.293653 -8.127571 5.995147 3.837871 
0.450345 0.128851 1.036759 1.468484 0.106707 3.345577 11.917060 
0.407103 -0.267502 -0.234789 0.288163 4.149637 6.807207 -7.631210 
0.846636 -1.255354 -0.559106 0.399079 -2.009630 -3.310043 -0.004041 
0.123163 1.192888 -1.481552 -2.647974 1.962945 -6.677910 -5.385444 
0.120648 -0.656196 -0.414456 -0.179198 -1.681388 -10.536801 18.081269 
0.387333 -1.401558 0.280527 0.933684 -8.380647 -10.826965 0.716520 
1.095352 -1.650816 0.184650 0.387665 -7.371254 -3.657414 -8.898307 
0.212730 -0.186992 0.030386 0.491357 -11.970856 7.028649 7.258529 
1.575080 -0.246750 0.492937 1.731796 1.455587 -8.864594 3.378324 
0.102042 -0.241085 -0.117684 0.993083 -12.486529 -4.587785 -3.640993 
0.606266 0.140671 0.564047 -0.226979 3.026686 -5.955466 8.135715 
0.250734 -1.443987 0.229488 0.130308 -5.122728 0.876366 5.037057 
0.184902 -0.307421 1.846295 0.313351 2.569841 10.670299 0.914640 
0.348863 0.024838 1.897131 -0.048124 10.206933 6.503192 2.397987 
0.127948 -0.404991 -0.977780 0.811916 -10.866049 3.525775 -4.086961 
0.127545 1.077324 1.146714 3.287893 -1.048667 9.954739 11.918411 
0.089378 0.621231 -0.035578 0.337855 -10.533048 -9.932840 -6.885627 
0.220514 0.563894 -0.064113 -0.416027 -6.239343 -6.128751 -9.798651 
0.195396 -0.866140 -0.678710 -0.716606 -16.081465 5.912403 -0.734450 
4.245083 -0.675980 0.305710 -0.135812 14.915291 10.776788 -3.216267 
0.095817 -0.186115 0.014346 -0.374395 2.892300 -2.354139 11.342502 
0.569763 -1.129326 -0.227997 0.586853 5.842191 -3.985035 0.459346 
1.098164 -0.680637 1.078991 -0.192922 0.169339 1.367694 1.559672 
0.538990 0.261788 0.488996 1.723309 -6.418153 -0.572880 11.003624 
1.288776 -0.919385 -0.003873 0.063220 15.809232 -1.568740 -1.471559 
0.193816 -0.340100 0.155674 -0.694486 -7.080157 -4.148543 2.864828 
0.378483 -1.230193 0.210057 0.397720 -11.810044 -15.721983 -0.033886 
0.130333 0.584066 0.336513 0.032700 4.520349 -10.267682 -9.134758 
0.235233 -0.476521 -0.485074 0.623529 -1.145471 3.764236 12.687537 
0.474050 -1.059811 -0.041287 0.238717 -4.490106 -2.303811 13.364338 
0.170650 -0.924681 0.143633 0.123416 1.441427 15.829509 2.984768 
0.551803 -0.007949 -0.164784 0.292783 16.678427 4.932330 -5.535851 
0.131497 -0.037896 -0.177222 -0.475926 -8.619425 -3.335763 1.126068 
0.367063 -1.053234 -0.649298 0.362649 8.440201 -2.642848 7.760597 
0.237052 -0.381493 0.375371 1.014746 -4.467996 8.573807 10.457687 
0.979329 0.333300 0.249046 -0.740980 -9.889669 4.899084 -8.697115 
0.113309 0.353816 1.339470 0.017321 -9.032338 3.917355 0.168872 
0.202812 2.106466 0.724731 -0.474921 8.446844 1.438897 8.746576 
0.145792 -0.034548 0.985295 0.145307 -7.452106 -9.413133 1.634978 
0.206856 -0.728443 -4.317658 -2.318925 -7.892812 -19.504776 -10.255116 
0.534870 0.151703 0.421245 -0.030742 -1.307854 -14.279892 -5.840034 
0.091732 -0.570900 -0.571292 0.759142 6.160353 -2.258611 -8.675490 
0.094435 -0.752201 1.054787 0.137880 -3.721617 4.983452 -14.491637 
0.106821 -0.893224 1.104127 0.403175 -8.191360 4.919128 2.528528 
0.443043 0.563879 0.633727 0.310676 -9.363420 -1.313224 10.441938 
0.087582 -0.980885 0.341115 0.518437 1.279142 5.624941 15.550650 
0.159466 0.439254 -0.202865 0.018432 4.231065 3.431030 -8.890542 
0.829727 -0.739721 0.611163 0.104654 -1.319332 0.171154 14.720200 
0.093662 -0.000174 -0.200415 0.945807 6.383708 -6.628577 -10.480875 
1.055006 -0.476619 0.064980 0.666254 10.948666 -7.778994 4.708006 
0.290595 -0.111678 1.181160 1.508841 -7.969008 11.003936 1.668710 
0.226020 1.476665 -2.923387 5.076901 10.758900 -11.946764 20.681504 
0.258652 -0.144768 -0.289561 0.104016 -2.664119 -6.960387 4.691345 
0.504080 -0.907843 0.235076 0.731037 -12.385983 10.136562 -3.955723 
0.133644 -1.318116 -1.224557 -3.383104 -9.383366 -11.018946 -12.182539 
0.102367 -0.850366 0.012391 -0.295016 7.361746 6.782914 2.004281 
0.102733 0.201315 -0.137919 1.014640 -10.889180 -6.518044 -1.822936 
0.406103 -0.263806 0.027691 -0.768443 -1.334038 5.849349 2.555960 
0.170184 -0.310130 0.267078 -1.038489 5.575608 8.795615 9.401800 
0.080956 0.869090 2.987736 -1.146045 -0.624159 13.143064 -6.116705 
0.171393 -0.754388 0.736435 -0.309183 4.838373 -12.221695 -4.193881 
0.103884 -0.151769 0.019018 0.507937 8.384412 -1.103271 -2.646065 
0.287723 -0.513047 0.573133 -0.313769 -8.663422 2.757920 -0.298207 
0.707610 -0.616451 0.502917 1.235912 -6.015400 4.302092 -8.675344 
0.161798 -1.133876 -0.199657 0.578420 -5.629464 5.671612 -6.588939 
0.495528 -1.987875 2.715155 0.711233 -4.575339 3.497229 0.386044 
0.081729 -0.082199 0.866531 1.600842 -13.219336 2.466033 3.070360 
0.498673 0.109590 0.939992 -0.894905 -6.766012 7.065891 -1.145664 
0.189760 -1.031575 -0.059691 1.436274 -0.605743 -1.865651 3.405560 
0.174582 0.858791 0.309593 1.233103 -9.731982 -2.429880 3.756565 
1.913197 -1.254367 1.408480 0.173403 -6.317233 -2.584808 1.051250 
0.156957 -0.343548 0.839508 -0.537062 3.780237 -7.844158 5.900627 
0.318637 -0.700714 -0.629901 -0.149028 -11.181741 -3.632603 13.715241 
0.384886 0.159942 1.648499 -0.444371 8.977171 10.111920 -6.510985 
0.094543 -0.827622 1.442708 -2.492939 4.257844 8.722457 -6.165440 
0.093801 -0.230561 -0.393620 -1.036975 -13.187291 7.677342 -7.058207 
0.259589 0.000602 0.806398 1.561006 -2.714509 0.844454 3.621426 
0.331382 -0.451143 -0.401309 -0.156554 -11.096031 -3.048781 -2.209591 
0.597086 -0.447085 1.899476 -0.006349 7.403170 3.393002 3.002684 
0.244466 -0.378983 0.838987 -0.611090 6.977473 -0.553082 -3.044674 
0.409757 -1.204689 0.825506 1.453737 -8.434505 11.665044 -3.808905 
0.703460 0.507572 0.021331 0.819202 6.556267 -11.789233 -5.693637 
0.129081 -0.592401 0.493342 0.387301 -8.822527 -2.534812 -8.766360 
0.592856 0.517187 1.612073 0.422496 -7.175178 10.838877 -4.458656 
0.598064 -1.134641 0.000398 1.681442 -9.165192 -2.135192 0.192051 
0.315326 -2.078713 0.953674 0.823903 -8.646441 -0.632782 -0.940321 
0.830552 -1.189490 0.813545 0.795027 -6.301033 0.921681 10.046984 
0.107798 -0.562443 0.443985 0.349312 3.770367 -8.469707 -12.775262 
1.282747 0.777220 -0.616696 -1.274704 5.858563 6.234527 -4.278761 
0.179704 -0.875699 0.923438 1.047086 -4.956312 11.055283 -1.846965 
0.226650 -0.688089 -0.493025 -0.118211 -9.783634 14.823344 -7.882017 
0.213577 0.409976 1.844230 0.091006 0.623699 3.912778 -2.257027 
0.360054 -0.672821 -0.275457 0.052116 3.691004 -2.895262 7.638971 
0.590465 -0.378490 0.410635 0.337485 -5.061608 -5.302322 10.982317 
0.323997 -0.583534 3.523329 -1.703262 -3.241171 17.369540 -0.995860 
0.080856 1.109602 0.095600 0.640427 1.543568 11.884323 -8.157138 
0.143920 -0.067756 1.000286 0.339122 -5.778462 -14.632087 2.594135 
0.128165 0.159858 0.839877 0.676134 -15.931752 1.455233 -0.453665 
0.371144 0.110015 -0.538056 0.140369 -2.143995 -11.185239 12.257754 
0.145470 0.138181 0.404716 -1.161829 10.800773 -5.932046 5.092538 
0.092657 -0.063456 0.764428 0.169517 0.681584 -12.256512 0.974929 
0.587126 2.829367 -1.557412 -2.065203 15.197368 -9.605594 -3.092878 
0.235289 -1.237435 0.136770 -0.474850 -2.565035 -4.710544 -6.586484 
0.569180 -1.114885 0.335829 0.118409 -4.099283 8.997680 10.654717 
0.093590 -0.850291 0.721644 0.000658 1.667797 0.929001 -12.575192 
0.249342 -0.432878 0.689349 1.074339 -5.217444 13.276918 10.359158 
0.543855 2.406909 -0.906238 0.328961 6.343558 -5.683447 5.741122 
0.236315 2.883939 4.159094 -2.426963 14.202341 23.874720 -6.954910 
0.136931 0.304621 -1.168777 0.975714 -3.346404 -6.545504 12.352549 
0.109437 -1.093084 0.018936 -0.768052 0.443511 12.656814 -3.963943 
0.915698 -0.263911 -0.361597 -0.847785 -11.357206 -4.688774 0.108147 
0.125769 0.352617 -0.172896 0.370434 1.025147 8.758779 12.745797 
0.182221 -1.593886 -0.090963 0.120182 -11.764486 4.735457 3.472509 
0.624303 -0.685432 0.306498 0.196589 9.588949 5.120399 -0.959809 
0.123119 -1.583552 0.767164 0.633445 2.667573 -0.581023 0.555171 
0.093277 -0.186154 -0.551471 0.261482 -6.246917 3.020741 -7.750362 
0.126609 0.164048 0.224548 1.039289 10.242913 12.693269 -5.259107 
0.342755 -1.587858 2.207420 0.416422 -10.841415 6.899908 0.682129 
0.887808 1.176704 -1.317508 0.400037 -1.418896 4.878014 1.146339 
0.718573 0.183674 -0.327459 -0.172819 7.406711 6.954346 13.665814 
0.789225 -0.002840 0.355035 -0.168063 -1.509438 -15.613398 7.975013 
0.126531 -1.088822 0.398617 0.457214 -17.052481 -3.338566 -8.170326 
0.685572 -0.275293 0.686671 -0.289860 -1.825368 -2.227304 -2.529474 
0.342997 -0.786656 0.315026 -0.007240 -21.801979 8.632284 5.923450 
1.141486 -0.819928 0.325848 -0.456454 -10.612871 -9.067496 -9.079973 
0.181571 0.062048 0.075299 1.014484 2.480933 -2.395154 -5.088401 
0.271737 -0.371750 0.017431 0.179457 2.196444 1.789483 -13.676566 
2.465276 -0.768071 -0.282982 -0.008378 9.888517 4.683240 -10.363271 
0.132761 0.900301 0.739858 0.722143 4.326769 5.631277 13.723558 
0.088416 -1.629474 0.125733 0.240559 -14.282555 4.109838 -4.848851 
0.089291 -0.688761 -0.455362 0.701252 -3.045146 -6.836525 -0.104578 
0.263350 -1.191306 -0.229624 0.188670 0.393910 -0.079241 12.101432 
0.423754 0.588069 1.340378 1.372754 -4.157556 13.939185 0.660516 
0.178200 -2.605239 -0.317656 0.023725 -1.507490 4.608869 1.144486 
0.269147 -0.237894 0.380960 -0.900941 4.537711 17.180983 1.304965 
1.218772 0.401864 -0.380908 0.577943 9.207877 3.732767 -4.434374 
0.195759 0.086655 -1.850291 0.947872 -5.075445 -4.080169 -3.669288 
0.310560 0.959629 -0.537420 0.591146 1.359939 -7.043251 -2.838220 
0.132928 -0.364379 -0.010847 0.211603 7.684760 -5.227914 12.531058 
0.130606 -0.079814 -0.893598 -0.685286 0.380268 -9.876638 -3.265356 
0.180981 0.679390 3.715075 3.009319 0.556925 17.845449 14.354790 
8.040799 -0.957058 -0.291656 -0.125635 -8.616591 3.550958 1.467953 
0.080873 -1.484353 -0.192505 -0.418816 -3.792478 -10.002842 -4.996058 
0.337684 0.594159 -0.000596 2.056086 2.239955 -5.737417 -0.888092 
0.727006 -1.798554 0.687577 1.261183 0.632733 -4.360656 5.197095 
0.130102 -0.672831 -1.066105 0.194869 -0.044726 -1.395178 -6.233503 
0.107057 -0.374006 0.790428 1.781294 1.422653 15.174668 1.561203 
1.352041 0.339194 0.181956 -0.591097 3.299582 1.555606 7.848557 
0.108970 -0.007118 0.564075 -0.471294 10.486601 4.913235 7.259273 
0.148499 1.793654 0.434984 -1.505531 0.278737 -3.498687 -1.784135 
0.263983 -0.429107 0.690395 0.107578 -6.603644 12.232729 2.803937 
0.240265 0.153099 1.351506 0.655571 2.392971 -2.393015 3.881840 
0.217954 -0.444891 0.166557 0.128849 -0.057950 5.218175 8.709566 
0.444167 0.104047 -1.031543 -0.184004 -0.588732 -10.929069 5.857536 
2.752555 -0.318410 1.294635 -1.525439 -3.872812 4.337839 2.819688 
0.266546 0.745719 -0.078390 -0.824619 -4.866683 -1.997927 7.801220 
0.104305 -0.024437 0.269361 0.581128 16.162225 -6.302097 -4.966226 
0.144490 0.792024 1.630028 -1.668569 -4.742974 4.825726 -8.527647 
0.094619 -0.717008 -0.065304 0.202546 -9.846539 3.023933 5.076633 
0.144851 0.776240 0.064520 0.747923 0.806580 -6.023568 -10.251780 
0.132290 -1.359928 1.233241 1.176104 -6.998678 10.162450 -6.406348 
0.524424 -0.506239 0.501394 0.899593 -5.755624 7.618536 3.920479 
2.804970 2.603559 0.599627 0.652282 7.153711 1.123449 4.329424 
0.151725 -1.584170 0.404362 -0.461940 -11.071761 0.102785 -2.598175 
0.691052 -1.691709 -1.088346 0.103026 0.584176 -6.754228 -4.425438 
0.123125 -3.006660 -1.360764 -1.352234 -9.794811 -0.316598 -3.445447 
0.095501 -0.230926 0.467576 0.000044 -9.725674 -9.687984 -9.750320 
0.082472 -0.252620 0.257653 -0.625578 -7.069825 4.141836 -10.714496 
0.088000 0.816244 0.289829 0.448031 -0.531485 2.135871 -9.622148 
0.106567 -0.404049 0.251202 0.265472 10.430031 -5.661055 -3.767632 
0.083960 -1.359143 -0.551902 1.747263 -7.369301 3.064238 2.515083 
0.444394 -0.171954 0.992154 1.233223 -3.012508 -2.144781 2.016404 
2.968598 -0.283178 -0.119067 0.767884 -3.481510 6.945325 6.206943 
0.118415 0.403969 0.006530 -0.247032 11.645492 2.294523 6.133960 
0.123056 -0.264777 1.090434 0.900780 1.469004 10.279287 -7.849780 
0.111967 0.122785 0.389492 0.215673 8.012039 -14.664455 -2.818416 
0.095336 -0.304288 -0.112399 0.746812 -12.712819 2.154256 12.428800 
0.085245 -0.435432 0.141498 -0.290021 10.391877 -0.592038 3.085670 
0.219520 -0.943527 0.120987 -0.377119 13.512860 7.947239 -2.222840 
0.269315 -0.646675 0.038250 0.931756 2.337554 14.226411 -10.066743 
0.084729 0.505559 -0.018244 0.641988 -4.609371 6.814887 -3.542177 
0.193296 0.264653 1.212228 1.029373 -4.382295 15.965026 -2.574518 
3.042533 -0.137127 -0.923731 0.522039 1.825327 6.458233 11.648746 
1.417540 1.911523 1.881183 0.033822 2.386714 1.247514 4.012041 
0.348250 0.711777 -0.555909 0.273325 1.317620 -4.273683 -3.533358 
0.189420 0.713087 0.699235 0.490219 -2.053110 3.326455 -7.512410 
0.222484 -0.478978 0.673498 -0.669120 -6.981199 7.723855 1.063451 
0.319069 0.739667 0.302474 0.676997 0.356226 -1.804840 11.883128 
0.092091 0.322735 0.499699 -0.437043 -2.117946 10.659252 -10.006244 
0.486369 0.319191 -1.018758 0.173318 -9.281957 1.674412 4.134721 
0.293964 -0.247500 0.500339 -0.101425 -8.240382 -14.872069 10.199510 
0.150389 -0.451306 0.935350 0.484316 2.656465 -4.195142 0.433361 
0.098254 -1.389892 0.165525 1.102784 -4.947867 -0.328406 3.582735 
0.129777 -0.231571 0.783415 -0.378026 -6.704285 3.617275 -8.839543 
0.089968 -0.375912 0.775009 -0.877573 -13.093262 -7.367621 -3.227553 
0.178187 -0.213554 0.230902 0.230162 -14.294554 5.358244 6.268276 
0.446547 0.223193 0.536178 -0.227961 -3.701568 4.014473 -0.749378 
2.596189 -2.923531 -2.354967 -0.292877 -11.474780 -7.344561 3.956137 
0.941679 -0.040616 -0.066964 1.185472 -2.883161 -4.408245 3.278099 
0.357477 -0.563256 -1.041937 0.146681 1.509992 -6.703543 -6.608765 
0.233141 -1.658065 0.339660 -0.602010 -1.999324 -2.746206 -6.879040 
0.109886 0.713305 0.132204 0.559544 5.446817 3.964434 4.384075 
0.103385 0.213862 0.050956 0.924044 -7.044418 -7.333835 -2.467461 
0.307529 -1.413380 -1.791928 -2.062464 -1.852374 -7.726226 -1.008416 
0.224214 -0.521061 -0.290088 -3.161622 3.321725 -6.950801 -11.149524 
0.688471 -1.070553 0.942663 0.078052 -12.969487 4.241402 4.911227 
0.121886 0.287842 -0.471784 0.981631 -6.147249 9.264216 5.839743 
2.036878 2.196843 -1.731179 -0.863756 1.994277 -3.534920 -5.406213 
0.108772 -0.084839 1.119675 -0.271715 0.069257 -8.274344 -7.734656 
0.087214 -1.061196 -2.353466 -0.920645 0.849206 -5.970713 3.162900 
1.095005 -0.792179 -0.487505 -0.029127 -7.973436 -4.767829 15.691247 
0.462444 -0.123771 -0.015051 -1.269154 -4.533243 1.622288 0.071859 
1.195467 -0.668548 1.298507 -0.316791 -6.278099 1.816675 -2.598541 
0.124532 0.890884 0.995580 -0.445889 0.239744 8.490912 -5.241500 
0.239527 -1.426836 -0.143035 1.041135 -7.141313 4.985787 0.768652 
0.513647 -0.289206 -0.625866 -0.259748 -15.158102 -1.206200 -12.149616 
2.322161 0.692100 0.431123 -0.382610 -1.347881 6.958689 14.224560 
1.749945 -0.347297 -0.233349 0.355205 -4.632691 2.990664 -1.870171 
6.427225 0.190019 0.303618 -0.024840 -4.729197 -10.822053 5.346021 
0.187473 -0.635571 0.477652 1.071202 0.356642 7.122659 2.779175 
0.080411 -1.255048 1.530193 1.062174 0.872584 -1.040393 -1.587202 
0.084886 0.364830 -0.374696 -0.290118 10.632599 -2.401426 -4.552399 
0.210734 0.539844 -1.511643 0.430250 1.285616 -10.159537 6.815863 
1.039799 -0.094500 0.709152 1.600723 -10.748606 4.169484 1.120139 
0.589256 -0.013839 0.553951 -0.134405 -14.177164 9.345696 -8.599391 
0.193774 -1.258250 -0.517176 1.082006 -1.133995 -12.267310 4.146493 
0.204408 0.508288 0.111948 0.797225 -5.318077 4.571656 9.925329 
0.203976 -1.395614 0.003941 -0.649242 5.376158 -3.692693 -4.621906 
0.100379 -0.170020 0.494608 0.036470 -3.920124 5.081609 3.868753 
0.224716 -0.603331 0.791000 1.287071 -7.731170 7.628409 -9.220553 
0.736908 -1.312278 2.150507 0.252871 -10.630999 3.176543 -0.496580 
0.183623 0.618228 0.170194 -0.162246 -11.572102 -3.031038 11.226356 
5.763363 -0.268510 0.315423 0.040669 3.346776 15.874954 -1.447192 
0.155563 -0.144451 0.355628 0.437098 -3.839669 1.130721 -10.101207 
0.205052 -1.411826 -0.307257 1.192310 0.713797 -9.559855 1.963407 
0.256881 -0.616483 -0.502826 1.325666 0.107357 9.289841 7.441756 
0.383592 -0.179591 -0.295593 -1.317906 -5.361948 10.544215 -8.879724 
0.115189 -1.473605 1.701974 1.297528 -2.270739 0.007267 14.371102 
0.144188 -0.965254 0.716547 -0.417264 4.000026 1.168655 -1.379235 
0.208231 -0.599931 0.304813 1.361995 3.386555 -2.225618 -5.721862 
0.523071 0.593709 -0.004627 0.798392 6.867691 5.862323 2.088170 
0.460238 0.973685 0.121660 1.054862 4.858608 2.542444 -10.693353 
0.500482 -0.943263 0.098909 0.938790 -6.245458 -11.531106 9.349943 
0.190881 2.089331 0.363029 1.842056 11.806143 -2.745026 1.932748 
0.095002 -0.643979 -0.248390 -0.060518 -8.868021 9.193602 -0.986007 
0.282526 -1.495997 0.054223 0.527500 -12.561385 4.826675 -5.783995 
7.200905 -1.344048 0.608845 0.151488 1.478920 0.865714 -12.821763 
0.639887 -0.390943 -0.399633 -0.524807 11.170917 -6.954993 7.393187 
0.088337 -0.503530 0.156413 0.285835 -6.160856 9.736144 -2.968310 
3.427020 -0.401167 0.554064 -0.178095 -12.490978 6.014692 -12.791009 
0.286232 -0.728946 0.320082 0.694783 2.557247 12.041133 -7.245586 
0.111446 -1.321136 0.530247 0.230981 -7.762884 -3.331779 -16.577462 
0.194955 -1.549656 -0.264888 0.326377 -1.766141 -4.015383 -2.373308 
0.190041 -0.109244 0.347777 -0.007365 14.253544 -2.199959 10.335150 
0.170109 -0.380434 -0.410720 -0.313206 1.663580 16.943683 -10.997449 
0.162386 -0.652331 0.631831 -0.131314 9.002085 -4.119014 2.975177 
1.166044 1.326895 1.365323 2.906317 1.714005 12.213044 10.586105 
0.584740 0.336261 -0.122479 0.195645 -20.052672 -0.791385 -4.468441 
0.396613 -1.054497 -0.671752 -1.109193 -5.821481 10.737466 1.444585 
2.418064 0.089597 0.141551 0.290805 2.227862 -2.300359 0.816320 
1.010429 0.650843 -0.493591 -0.257228 -3.173150 0.520753 -1.185990 
2.532142 0.686190 0.183527 0.203350 23.694272 12.853095 2.921617 
0.107929 -0.604391 -0.547724 -0.400113 -15.756358 0.654402 -16.293790 
0.167175 0.216924 0.352137 0.872570 2.920941 7.908141 14.513373 
0.254952 1.643592 -0.153107 -1.240776 -0.912897 7.036663 -4.271521 
0.429694 0.766388 1.174616 0.172562 -3.019795 2.878414 -7.395696 
0.496826 -0.290328 1.070880 1.204124 -5.325262 7.003541 1.337795 
0.121547 0.546831 -3.564498 -0.142847 -1.347305 -16.705132 -3.902121 
0.215928 -0.529575 2.716326 -0.568159 -0.625966 14.447838 -3.551458 
0.270339 -1.152805 -1.197680 -0.849767 -2.506481 -9.435493 -6.185386 
0.080083 0.440180 -0.103623 -0.191399 -6.249829 -2.560606 -12.509426 
0.272801 -0.821672 0.692913 0.140701 -15.460703 2.781722 -4.646910 
0.248941 0.609278 0.584285 -0.677820 -4.323862 11.989168 -11.680516 
0.198171 -0.109955 0.845456 0.160044 4.808572 6.094848 6.452214 
0.125940 -1.000739 1.689909 0.161075 -6.558647 1.242413 -1.316594 
0.397489 -0.643197 0.383666 -0.281357 -7.577665 0.884744 -1.327232 
0.109822 2.478225 -0.105474 -0.997043 8.090477 -3.493865 -7.103389 
1.950578 0.101631 -0.607304 0.732088 -0.718555 1.526456 -5.316744 
0.085723 -0.241256 0.236557 0.076433 -14.829511 3.611449 -10.268533 
0.261677 -0.430964 -0.213135 0.426697 -7.009390 -3.146557 -9.746403 
0.410668 0.056994 -0.454920 0.284175 -4.715301 -17.320618 -9.115223 
0.278253 0.290462 0.642695 0.455487 -9.862468 5.214430 -10.288241 
0.362834 -0.455993 1.240821 0.520676 4.082061 -0.600953 -2.650901 
0.191416 5.552075 1.440031 -0.622822 25.121828 11.377557 -4.046231 
0.204516 0.821191 -0.102179 -0.105045 -7.874709 6.391666 10.311572 
0.119244 -0.672728 -0.938717 -0.287608 -3.698961 -5.985567 -15.238556 
0.394798 -0.052126 0.364975 0.825435 -5.422909 6.236253 -0.026866 
0.108074 -0.391271 0.749699 -0.437406 -0.306122 -4.426688 13.223619 
1.687457 2.537214 3.630882 0.787465 10.022724 11.301338 6.570772 
0.142585 0.047726 0.589371 0.563135 -1.892931 -3.913054 -1.059916 
0.999592 -0.566638 0.180994 0.548010 5.376558 -4.722387 4.878949 
0.835224 0.967266 1.316571 0.185429 -9.140704 10.080563 2.711016 
0.133760 -1.051183 -0.121841 0.808172 7.093835 12.886046 1.736038 
2.914902 1.214113 -0.717392 0.167777 -2.335069 0.653691 0.394460 
0.289537 -0.822011 0.256897 0.049591 14.091541 14.256262 3.860394 
0.111589 -0.355879 0.113352 -0.238711 -8.100651 1.326096 11.653290 
0.666435 -0.272905 1.032914 0.537532 -6.048804 -6.535187 -1.642133 
0.118124 0.169375 0.863486 -0.037955 -8.951521 1.488937 -8.567721 
0.082017 -0.392281 0.382256 -0.399852 7.535691 -9.165672 2.281758 
0.384643 0.559662 0.977883 -0.020083 -4.065978 9.401983 3.330583 
0.170390 -1.110566 0.041670 -0.018740 8.046103 -8.323744 -6.689733 
0.164634 0.039461 -0.374237 0.281985 -7.966141 14.593732 -7.020719 
0.710018 -0.484623 1.181570 0.726919 5.768844 -6.527287 -2.937854 
0.490174 -0.331333 0.801358 -0.257245 3.233296 -0.323599 9.152496 
0.209872 -0.658636 1.389322 0.129869 -0.281211 4.909618 -13.260940 
0.191407 -1.706173 -0.822864 -2.215935 0.377283 1.946241 -7.768362 
0.086220 1.018190 -0.237141 1.175985 -5.247734 -0.645508 4.274895 
0.253249 -1.479384 1.169365 0.219070 -9.435058 -1.100584 -0.630339 
0.443660 -0.908919 -0.104713 0.085577 -6.029477 -10.416631 -5.443531 
1.478874 -0.780683 0.166762 0.058367 -11.198608 -13.225251 -9.655515 
0.997008 -1.455336 -0.257697 0.071225 1.027840 5.328003 1.793872 
0.119733 0.049511 -0.076132 -0.607434 5.410335 -6.971755 15.245803 
0.155712 -0.046051 0.982376 -0.804899 4.608739 5.082439 -10.248376 
0.248140 1.673772 0.596981 0.307427 -0.388898 3.906306 1.623584 
0.211986 -1.391436 -1.802341 2.540755 -6.074765 -7.002495 2.840009 
3.164370 -0.556543 0.162816 1.160805 -9.830610 -3.273858 2.845131 
7.811175 0.041016 -0.396827 0.408554 -4.375299 5.978689 1.466867 
0.119711 0.534639 0.421813 -0.154388 -4.652843 5.945076 -12.948941 
0.081905 -0.760978 1.618023 0.543354 -5.125744 -7.696762 1.141727 
0.128974 -0.588311 -0.627645 -0.362579 5.897468 10.244913 -7.252570 
0.098410 -0.083745 0.412961 0.525786 11.138336 -8.174308 6.120439 
0.208666 0.656291 0.652363 1.030843 8.033043 0.947120 -6.438180 
0.338702 0.727427 -0.906019 1.644350 6.165589 3.478249 7.037725 
0.270406 1.022779 0.068199 -0.044171 6.884505 9.210330 9.365680 
0.261780 0.010708 -0.288426 0.527848 -8.548527 -4.529315 -3.169127 
0.198271 -0.493572 0.313563 -0.260076 -4.230532 -5.977488 8.409337 
0.547947 0.657378 0.792861 0.373653 -5.667164 2.851548 -3.449842 
0.084496 -0.566320 -0.570984 0.883059 1.285333 -14.652849 -4.584410 
0.547853 -0.848062 0.026440 0.064349 -11.901068 3.755462 -2.480452 
0.124445 -1.345683 0.958822 -0.117707 -7.764254 -2.024442 -6.408773 
0.573077 -0.262106 -0.286493 0.291987 -7.795632 -0.743544 1.434683 
0.415176 0.126937 -0.232872 0.347884 1.804053 13.110578 -3.985975 
0.878922 -0.692202 -0.763771 0.376238 -2.097055 3.206733 14.778322 
0.094683 -0.330852 0.123820 -0.978157 1.365812 -5.862225 14.110839 
3.025229 0.009901 1.772663 -0.452557 7.797749 -3.813663 -1.266458 
0.102725 -0.543262 -0.620094 0.942642 3.456693 4.824433 6.206012 
1.385436 -2.220907 1.405766 0.931804 0.048021 9.634005 3.888100 
0.188343 0.534460 0.115159 0.800005 -12.103563 5.487842 -0.677607 
0.308804 -0.119030 -0.462856 -0.728232 -8.357080 -4.092614 1.196060 
0.266901 2.319980 0.760970 0.643860 9.461133 -4.438180 1.714410 
0.352073 -0.882565 -0.308154 0.556338 -6.180634 0.064438 17.679534 
0.588656 1.576213 -0.918198 -1.525184 6.803903 -0.138711 -0.290357 
0.105091 -0.023230 0.747713 -0.200155 4.384211 2.948114 -0.008098 
0.147682 0.958640 -0.749295 0.815063 -4.664454 -6.794431 11.883744 
0.179358 -1.053016 0.789499 0.900862 -2.067198 -3.348358 6.406983 
0.522896 -0.655097 -0.300659 -0.224012 -16.656711 6.328542 -0.008043 
0.141510 0.285877 -0.175883 0.192754 -15.006187 7.521395 6.316574 
0.105633 0.358891 0.085283 0.615043 -1.331158 -0.974598 -3.338667 
1.115389 -0.796044 0.344408 0.665143 -8.128180 5.175328 -4.818186 
0.100224 2.540161 -2.046568 -0.993973 3.895173 -6.572345 -9.231788 
3.043771 1.997122 -0.549654 -2.128392 5.096435 -1.871574 -1.943372 
1.677124 -0.310164 0.889023 -0.443297 -12.147045 16.751293 0.503548 
0.154714 -1.310480 -0.734142 -0.502331 9.429604 2.294080 1.867514 
0.509531 -0.751073 -0.114549 -0.220978 -12.004886 -8.631622 1.021733 
0.118595 -0.841713 0.652534 -0.374791 -13.772574 3.357003 -10.403553 
0.192470 0.394185 -0.388719 0.553381 -14.260362 3.345251 -0.306272 
0.156661 0.024110 0.699759 1.539129 -3.262958 14.660586 -5.286864 
0.269171 -1.027185 -0.251490 0.275377 2.618443 -4.814103 12.035746 
0.275015 -1.404405 0.248585 -0.124448 2.570129 -4.872070 -0.946080 
0.133107 -0.769836 0.316608 0.480562 -0.361304 -4.068638 -8.234129 
0.116244 -0.708264 0.308946 -0.093829 -11.477295 22.649809 -10.813331 
0.262815 -0.816218 -0.594811 -0.395587 2.226718 13.222327 -7.934766 
0.152197 -1.979473 0.512292 -0.650208 -9.821260 0.998404 7.440059 
0.591538 0.175208 -1.395023 -2.637386 -4.178291 -1.827577 -12.766472 
0.273814 0.434104 1.146237 -0.010450 -1.133191 4.506580 -3.078140 
1.296377 -1.031546 1.713749 0.407766 -5.440582 0.078981 -2.549309 
0.625099 -0.109209 0.922905 1.301073 -4.443674 10.603807 -1.142058 
0.953431 -1.701574 -0.943904 2.005317 -1.708882 -1.272904 5.837340 
1.362864 0.942956 -0.499093 -0.402571 2.530585 -5.487713 2.349026 
0.388981 -1.079653 0.057455 0.032580 7.624639 -3.508164 -9.968357 
0.178332 3.278987 0.199377 0.585980 13.351594 6.298250 6.724847 
0.372184 -0.030203 0.343334 -0.285097 1.583713 16.235875 3.062801 
1.884918 -1.230137 0.152059 0.740697 10.191655 0.783436 4.725264 
0.093160 -0.141892 0.081684 0.420025 7.673662 16.722050 13.282450 
0.093696 -0.403841 0.908501 -0.495552 -2.036539 2.425623 -8.946027 
0.080850 1.969377 -2.599117 2.111004 2.166924 -12.708820 8.375514 
0.277717 -0.021378 -2.372779 2.375175 0.665097 -1.728136 11.174338 
0.330199 -0.294513 0.006015 -0.240449 6.481273 -10.515145 4.692008 
1.020862 -0.639465 -0.662077 -0.055335 -17.629707 4.716723 -0.790881 
0.554068 -0.638987 -0.541423 -0.229154 7.251845 -0.308947 -5.753134 
0.410517 -1.179653 0.204836 0.279279 -11.167568 5.440410 -12.549965 
2.241100 -1.135242 0.773365 -0.244886 9.126738 0.632064 -2.694198 
0.769947 0.541243 0.613191 -0.596477 4.642161 8.280213 5.528569 
0.085466 -1.626191 -0.601873 0.001365 -6.649081 4.991225 4.744699 
0.645582 0.065047 -0.187843 -0.633378 3.967389 -3.294101 7.768497 
0.291207 2.524719 -0.084085 -0.830493 7.760657 -1.253853 -2.174801 
0.780826 0.054565 2.578348 0.725767 -10.025074 7.504040 3.470438 
0.178041 0.046455 0.187007 -0.110577 -8.875587 0.738829 -10.039450 
0.111657 -0.896505 0.396402 0.061716 -8.767825 -5.922268 -11.395429 
0.141933 0.690263 0.027158 -0.718174 1.180598 8.614728 1.360228 
0.503658 -1.327919 -0.593377 1.526960 -8.058230 0.712075 3.436221 
0.266518 -0.856269 -0.764002 -0.878707 -11.831853 4.985918 6.390778 
0.136578 1.259476 0.661978 0.273033 -3.390638 2.400834 -3.224954 
0.126498 -0.439921 -0.680089 -0.000762 6.597420 12.214951 5.455547 
0.081261 2.396135 -0.457500 0.084526 4.494234 -10.600795 -0.500350 
0.167252 -0.127969 0.439554 0.034125 -0.342093 3.684429 7.033078 
0.607244 -0.477326 2.276174 0.382842 1.173701 -2.656965 -2.075844 
0.266741 0.373961 -1.119496 0.203139 6.882541 -4.933383 -9.202119 
0.157175 -2.257551 -0.750195 1.796339 -17.261380 0.327624 1.456060 
0.366807 -0.030030 0.709906 -0.096540 -11.098740 10.801042 15.289899 
1.030213 -0.299822 0.329337 -0.898946 -2.874964 -2.640315 -1.652367 
0.140945 2.294345 0.821081 1.125579 2.548151 -2.838215 7.309394 
0.288794 -0.562072 0.724467 -0.074837 6.656693 -0.089470 12.769894 
0.182724 -0.718396 -0.686324 0.072140 -5.171940 -2.097364 5.831996 
0.115248 -1.161696 0.720442 0.848182 7.774901 -8.507118 2.204038 
1.012019 0.271953 0.657560 -0.296196 -0.737305 -3.024497 5.955875 
0.292049 0.316987 -0.179875 0.286780 6.334477 7.991631 -8.044097 
3.273691 -0.502229 0.170910 -0.377048 -8.124372 2.732763 -0.997058 
0.507219 -1.476216 -0.420886 1.667190 -3.304921 -11.038251 2.024230 
0.325723 0.527199 0.133417 -0.223738 13.715733 -3.661132 4.342401 
0.153073 1.990524 1.176872 -4.841451 10.300636 -0.206744 -24.648691 
0.229855 -0.487622 0.118268 -0.520651 -16.124268 -2.020057 3.153098 
0.196589 -0.075121 0.447353 0.140916 -7.636850 -1.904681 -4.021868 
0.095001 -0.852006 0.393309 -0.350215 -0.745555 -2.105490 14.808689 
0.458870 0.343581 0.532619 0.525969 8.004380 4.871308 7.773737 
0.085890 -0.159821 2.464408 2.178611 3.516532 3.028275 12.377772 
0.170408 -1.111313 1.225217 1.054400 -1.928240 0.329381 6.899281 
0.130084 -0.528012 0.971115 -0.061022 -2.846722 -0.379006 3.495121 
1.384359 0.101352 0.471155 -0.083219 -11.523275 -10.915605 -13.078606 
0.642711 -0.111778 -0.027243 0.283542 2.060964 -8.069836 -6.305335 
0.176254 0.732631 1.117131 0.193108 4.382421 5.984085 -8.604279 
0.156623 -1.321182 0.455614 0.510943 5.244038 13.954768 -0.647673 
0.874755 -0.445491 0.332293 0.056127 6.900161 8.651004 -8.629986 
0.628183 -0.497307 0.075286 -0.246676 -11.245664 13.974445 -2.005962 
0.127719 0.092235 -0.456005 2.138428 -9.632956 0.565292 9.489329 
0.209256 -1.022370 0.887581 -0.481089 0.730378 4.377445 -2.567720 
0.393003 -0.774311 0.041101 0.011645 -12.108668 -1.532250 6.639273 
0.395444 -1.211956 -1.524830 0.255524 3.006556 3.307737 6.180932 
0.150757 1.581628 -0.863237 1.440714 9.049697 1.074921 1.767242 
0.613619 2.050829 -0.736443 -2.527988 10.310506 -6.137370 -8.149875 
0.371705 -0.649009 1.329437 0.428651 -16.724516 0.779008 -3.253022 
0.128172 -0.862060 0.890523 1.420027 -6.447663 -4.482256 3.248346 
1.227367 -1.426442 2.675607 1.324296 -0.039883 10.134617 6.090857 
1.287495 -0.122711 0.487676 0.083273 7.269557 4.146213 -6.903314 
0.285623 -0.164450 -0.886534 -0.520328 7.140135 5.058412 4.838951 
0.186793 -0.218254 0.720403 -0.272064 1.438356 -8.775659 8.302008 
0.151928 -1.214251 0.464763 0.586855 -1.137732 12.796024 9.020572 
0.107729 -0.398080 1.198488 0.113656 -9.973594 12.974277 8.209894 
0.789450 -0.612183 -1.210893 -0.686001 -3.665435 -8.645665 -3.799288 
0.417882 0.852418 -0.180856 1.014460 -9.393085 -3.369274 11.590524 
0.415458 -0.715867 -4.028329 -0.178238 -5.529631 -13.074187 3.720674 
0.510419 -1.614785 1.040376 0.120371 -9.809539 -2.368021 -4.246323 
0.130425 -0.721628 0.349716 -0.316985 1.896285 16.311607 -1.200283 
0.312402 0.662893 -1.566200 0.307735 0.500501 -12.777548 2.500178 
0.489643 -0.302412 0.920221 -3.212247 -3.777966 5.122988 -7.343091 
0.449688 1.186536 1.536415 0.322170 -0.377125 8.405402 -8.753100 
4.640213 -2.099829 -5.216998 -6.749870 -7.478784 -22.987576 -32.660407 
0.102329 0.260366 1.061826 -0.182917 -5.283323 3.349630 -14.753256 
0.088752 -1.476823 1.456437 -0.201504 3.523317 7.218271 -5.272332 
0.124181 0.735452 -0.966926 -0.064303 -2.134737 6.620309 -6.228826 
0.142677 -1.241073 0.625191 0.730915 -2.046906 6.536259 10.592390 
0.646196 -0.039173 0.118886 -1.396062 7.333206 -8.606212 0.882413 
0.112694 -0.549877 -0.649909 -0.342316 6.209668 12.565948 -2.178676 
0.176104 -0.182551 0.406284 -0.408965 11.355355 9.722678 -0.744826 
0.106965 -0.505446 0.960254 1.160965 3.548400 5.823045 -4.262198 
0.330430 0.247921 -0.464821 0.083583 8.872829 -8.432256 -1.405133 
1.059937 -0.084533 0.049368 -0.300341 -13.865732 6.104275 11.170943 
0.446854 -0.512682 -0.645861 0.441491 -6.486524 -5.890174 15.164762 
0.249843 -1.047628 1.521114 0.257548 -2.949364 -1.099807 -4.782007 
0.126972 0.257464 0.363670 1.071408 2.153386 0.090268 7.962287 
0.148713 0.223128 -0.267311 0.255072 -13.439398 1.404998 -6.615620 
0.153845 0.410400 0.681696 -0.287685 -13.151103 -7.234621 2.763520 
1.523067 -0.294132 -0.762120 -0.226144 -4.373428 10.863868 -0.326029 
1.665441 -0.375396 0.908645 -0.346512 -8.369499 6.754590 12.633860 
0.167356 -0.848298 1.211957 0.858669 -10.987790 -1.618671 -2.087727 
1.433413 3.095591 -2.750202 0.068532 7.356529 -13.022608 1.523393 
0.264805 -1.595443 -0.807919 0.525564 -3.522858 9.666878 2.084165 
0.110793 0.099557 0.772698 -1.185076 0.540158 -1.251564 1.675181 
0.180061 -0.145128 -0.592176 0.395777 3.048582 4.111157 -5.028605 
0.195410 -0.184352 0.321730 -1.037239 -1.201070 0.407072 13.675629 
0.091610 1.126434 0.539650 1.652115 -6.745273 -1.602340 8.854230 
0.100160 -0.633802 1.602180 0.624180 -0.451632 9.305853 -1.316575 
0.329612 0.020499 0.668681 -0.715557 4.368129 2.281138 -1.381099 
0.174903 -1.314778 -0.956113 -0.702240 -5.606993 10.174356 -2.569941 
0.088879 -0.154518 0.228503 -0.428439 2.165200 -1.655566 -3.809932 
1.382242 0.863916 -1.003777 -0.207686 5.339323 -0.193826 12.234364 
0.137418 -0.771356 -0.225025 0.092824 1.663245 -6.235917 10.992346 
0.550522 0.283910 -1.148685 0.981445 9.060462 4.283889 3.604015 
0.977405 -0.705867 -0.401488 0.546694 7.992351 -11.261550 6.535942 
1.078071 -0.121494 0.266964 -0.006277 -3.332653 -17.387832 -6.613566 
0.158053 1.732951 -2.760214 0.142390 10.555318 -9.856408 1.683854 
0.173348 -0.717880 0.226010 0.517341 -9.996447 0.391073 8.729157 
0.082934 -0.180349 0.630011 -0.887174 -17.092491 4.131087 -6.070875 
0.136636 -1.150323 -0.266637 1.124286 1.483952 3.358727 -4.311455 
0.143734 -1.467233 -0.300512 0.831679 -4.756720 0.094867 10.408547 
0.441192 0.232272 -0.304209 0.490340 -8.428146 -7.217184 3.882795 
0.419927 0.686236 -0.129339 -0.799973 0.065291 10.969862 -2.057688 
0.233936 -0.574386 -0.390958 -0.612193 13.112007 -4.889115 -1.800215 
0.472655 0.221909 0.179546 0.483227 -1.226450 12.273540 9.813296 
0.114863 0.744179 0.000941 -0.551537 3.970560 -2.020032 10.829253 
0.090134 -1.073794 -0.209297 -0.154746 -2.693970 -13.260994 2.291230 
0.541043 2.401436 -0.374287 1.210770 5.677249 -0.841410 9.749776 
0.282572 -0.981688 0.763708 0.942770 5.498273 8.941057 -4.642262 
0.115642 0.812478 -0.991163 0.060765 -6.876405 4.631744 0.154434 
0.081355 -2.891849 1.098631 -0.876057 -12.155768 6.574387 3.731935 
0.367829 -0.231113 1.519174 -0.154198 5.803242 12.028397 -5.833017 
0.139629 -0.162396 0.213217 0.408686 -10.511981 18.872319 2.400728 
1.352784 0.097295 0.370944 0.200424 -13.032190 6.806893 7.178890 
0.125255 -0.003856 -0.385667 0.554580 -15.571773 8.823523 3.533884 
0.401327 -0.280213 -0.708874 2.801270 -1.393023 0.496331 5.128861 
0.285734 -0.466717 -2.125809 0.189886 6.740963 -3.191752 4.983208 
0.395651 1.359056 -0.168829 0.384958 -3.873825 4.846747 5.248226 
0.293098 -1.282346 0.845647 -0.692435 -3.274430 7.511734 -11.229215 
0.087827 0.654077 -0.647841 0.241402 -2.773083 -10.334864 -8.630126 
0.145431 0.269270 0.871547 -0.944621 9.666876 2.861188 4.533251 
0.180115 -1.667084 0.704958 0.874083 3.407588 -4.924991 8.008887 
0.096200 -0.253557 0.544409 0.060797 -6.307317 -0.990921 -5.847677 
0.666776 -2.276698 -0.707948 1.853269 -7.709122 1.520654 4.975158 
0.204329 -1.197187 -0.058729 -0.196849 -3.117833 3.157900 -4.275966 
0.115895 -0.593613 0.850646 -0.904226 -3.765199 -2.716175 0.762562 
0.093908 0.042562 1.317348 0.886426 -5.535818 12.543199 -0.044595 
1.218377 0.324336 0.174419 -0.685384 2.807969 -13.608618 -3.473276 
1.577937 -0.755786 -0.194861 0.111980 6.358507 -3.886984 7.681828 
0.624013 -0.359771 0.905381 -0.389173 7.229746 6.154377 12.605199 
0.094581 -0.562876 -0.913319 -0.150713 -17.848432 0.409630 -4.948353 
0.082735 -0.373200 0.162735 1.166764 -5.077977 -3.010269 -2.008289 
0.117562 -0.816451 0.709546 -0.631440 -6.258510 13.752319 10.046851 
0.104059 -0.397262 0.957545 0.045023 -3.160832 2.155255 13.165022 
1.175398 -1.747550 -0.989745 1.240605 -9.952899 -3.946831 -4.043138 
0.164169 1.809514 2.271582 -1.664027 4.934321 1.613598 -8.290881 
0.291452 0.143215 -0.139799 0.449582 -3.893729 7.928852 12.357281 
0.206673 -0.609808 -0.365079 -0.076097 6.198133 17.878249 -2.271396 
1.289324 2.239204 3.279315 0.211259 11.518927 14.792381 -6.125775 
0.086315 -0.529063 -0.234956 -0.094718 1.237978 -9.252196 -1.624004 
0.235153 -0.451432 0.012641 -0.367696 -3.643231 11.809371 8.389514 
0.115719 2.429021 -2.178039 -2.815705 12.198641 -10.266965 -8.789577 
0.363410 -0.275693 0.925652 0.402375 -9.508298 1.099588 -7.017207 
1.751386 0.856365 -0.768038 0.615536 -9.498065 -3.967045 3.666272 
0.207984 0.911188 0.803265 -0.672152 -0.919932 5.211202 2.682255 
0.102911 1.136507 -0.800583 1.090338 1.134592 7.529831 7.958234 
0.178659 0.108713 -1.205998 0.394787 -1.241903 -13.186780 2.368922 
1.266026 -0.007371 -0.578987 0.823438 -0.116213 1.652842 17.013558 
0.304509 -1.095053 0.190977 -0.322935 -1.930514 8.905304 7.762628 
0.111776 0.067926 0.197566 0.073813 6.842142 -10.186062 -3.428314 
0.518423 -2.096425 -1.661086 3.130221 -6.013909 -11.511067 13.447139 
0.412206 -1.587797 1.276050 -0.078257 -2.262181 7.884973 -7.312885 
0.151101 -0.126530 0.477698 1.839295 -9.472727 -2.326004 12.262844 
0.220913 -0.625525 -1.019597 -0.040076 -9.431342 -4.141498 -4.251467 
1.412488 -0.431798 0.191901 0.799032 -3.828992 1.740180 8.375206 
13.278585 -0.352240 -0.463337 -0.289957 5.337056 1.548136 -0.830674 
1.463321 -0.208072 1.639316 0.905478 1.768679 2.706888 -0.207792 
0.120159 0.805800 0.929276 -0.169275 -8.002701 6.172179 -8.113206 
0.365350 -0.362562 -0.293065 -0.195679 -14.342364 8.768927 -7.551298 
0.105973 0.482419 1.138774 1.097650 3.044522 6.872159 0.191641 
0.295892 1.035912 0.960616 0.518117 4.308454 5.735614 -4.887613 
0.206326 -0.094942 0.163238 0.017718 -9.041670 -1.081494 -3.512429 
0.093712 0.395099 -0.020115 0.249557 14.432400 -13.053997 -0.851760 
0.095148 -0.920712 0.376585 -0.565319 -3.823888 -9.335553 -5.534167 
0.206538 -2.316188 -1.196581 0.668813 -12.120042 3.379502 1.347822 
0.086877 -1.294792 -0.603255 -0.921512 -5.575808 -1.935320 -1.450812 
0.089099 -0.664851 -0.428451 -0.355219 3.170040 16.160062 -10.729845 
0.510706 -0.190576 0.552237 1.234333 7.481332 -7.049550 -0.006258 
0.209703 3.031424 -1.005957 -0.887483 8.967590 0.397672 -0.857189 
0.558090 -0.275929 -1.147954 -0.030545 2.058510 -1.356631 -7.713563 
0.094925 -0.196689 0.709246 0.394581 -3.568249 -0.887742 7.740466 
0.169485 -0.369871 0.013073 0.880971 -8.605073 10.334418 6.068720 
1.190304 -1.433904 -1.990798 0.644799 1.027295 -3.547043 1.093290 
0.229716 -0.096127 0.544372 0.118129 10.550181 12.281218 10.342416 
0.590880 -0.801916 0.818266 -0.163555 10.233376 0.778920 3.563856 
0.480535 -1.772613 -0.388793 0.263850 -4.845139 -5.787028 -2.666217 
0.234429 -0.590238 0.183322 0.647042 10.269488 5.746757 -3.804280 
0.582021 -1.479643 1.189107 -1.933958 -0.555060 3.393616 -7.738717 
0.189197 -0.818615 0.752725 0.543672 -9.906802 9.659794 3.851684 
0.259575 1.000079 -0.000523 -0.042116 0.885641 -2.323710 14.693260 
0.447006 -0.479267 0.812679 -0.194221 7.575465 -7.480306 6.983379 
0.147887 0.175003 -0.651623 -0.071937 -9.527992 1.477783 -3.602732 
0.231699 -0.327254 -0.133935 0.269900 -12.207230 5.877539 -5.103908 
0.453708 -0.613558 0.826118 -0.287039 -4.964826 6.765756 -9.139462 
0.920339 0.171762 1.472111 -1.280315 6.556461 -0.841175 2.357462 
0.955703 -0.582155 0.448912 1.279015 3.906463 -3.937049 -2.575337 
0.084577 -0.646854 0.071644 0.694106 -2.095768 2.246671 -8.945358 
0.160624 0.179663 0.215964 0.342078 2.608087 -11.529337 -6.610841 
1.172148 0.018870 0.288690 0.273558 0.767215 4.900351 -4.968758 
0.760534 0.863999 3.410745 1.949488 6.520918 8.963779 13.336434 
0.114553 1.217236 0.148281 0.504944 4.765858 11.695607 -3.048456 
0.117572 1.800629 -3.320007 -0.558650 5.400062 -15.955389 -3.791696 
0.762149 4.237229 6.238136 -2.805210 21.729023 30.306316 -8.087282 
0.232792 -1.274334 1.407082 0.543073 -12.459636 6.313303 5.876464 
0.215009 -0.761127 -0.159475 -0.072806 -4.894402 -1.971090 -7.629859 
2.204810 -0.329915 0.049548 -0.227493 -6.714212 -12.717665 -1.563219 
0.129032 -0.347188 -3.001384 6.960430 3.263884 -16.741170 33.537416 
0.374042 -1.548287 -0.425008 0.067435 -14.159548 0.942244 -2.671822 
0.205433 -1.536378 1.577518 0.221772 -5.319441 3.583396 -12.170442 
0.160079 -1.148279 1.562117 -0.502900 -2.525318 7.547519 -6.455498 
0.136090 -0.040362 -0.459507 1.005085 13.117130 -1.571221 -2.588123 
0.119841 -0.565427 0.469416 1.453432 -8.696805 -6.718827 -1.565181 
0.201503 -0.849120 -1.346751 2.040721 1.753176 -5.636824 -0.464171 
0.611073 -1.210275 0.182745 -0.324006 2.246507 8.361054 5.877225 
0.115016 1.604567 -1.860524 -2.320853 4.562189 -10.087499 -3.777119 
0.399244 1.460292 -1.131789 1.030931 1.716907 1.335175 4.282479 
0.131342 -0.043931 0.734034 0.249211 7.358693 -3.803650 18.717533 
0.174201 -0.185549 0.959426 2.151729 -2.812745 13.626187 1.548954 
0.089275 0.388609 0.100059 0.324518 -14.465849 -0.182851 1.050577 
0.438872 -0.416824 0.564271 -0.446827 -12.605645 2.207419 11.576750 
0.085636 -0.423404 -0.576353 -0.710328 -11.584131 5.311552 3.954621 
0.582912 -0.456048 0.449771 0.359253 0.912884 -3.666775 6.026885 
0.240412 -1.839188 -0.066576 2.437537 0.436668 0.892744 11.863376 
0.226021 -1.244567 0.236785 0.798013 -11.376653 -0.945426 -10.175680 
0.107205 -0.137926 -0.047049 0.277304 1.570799 4.676148 -8.408834 
1.102835 0.422931 0.565741 1.039867 -2.557269 0.471585 -5.079930 
0.266126 -1.616495 0.645214 -1.047453 -3.579471 -5.155062 -0.588459 
0.409423 -1.168794 1.083790 -0.405160 -4.298772 -8.838304 7.494483 
0.089384 0.637160 -1.091076 0.152244 -3.777476 -1.980098 7.734088 
0.113871 -0.241202 0.664823 0.169965 -6.584843 -1.270698 -7.293688 
0.746267 -0.470762 1.083630 -0.612345 -3.326069 -12.540449 2.764779 
0.219386 1.022875 -1.897924 -0.582008 9.988468 -1.809236 1.281173 
0.439077 -1.323373 0.315859 -0.265443 -1.583239 -0.904771 12.943190 
1.444015 -1.528909 0.861506 0.383312 -9.603002 3.245463 4.668586 
0.102731 -0.327688 0.826807 -0.381631 -16.004227 3.938398 -13.960658 
0.202560 0.700650 0.625642 -0.354106 -5.771865 0.094936 -11.801027 
0.091773 -0.205672 0.258970 0.445961 -1.989614 6.324018 3.919887 
0.159646 -0.025745 -0.676707 0.677607 12.282034 -6.322631 13.793058 
0.210510 -0.214866 -0.369701 0.124375 7.061641 9.904521 -6.314778 
0.129464 -0.335198 -0.247547 0.387929 -5.611159 -3.653984 -0.321076 
0.235395 -0.007260 0.238402 0.086507 -6.984103 -18.144531 7.657460 
0.392760 -0.981623 -0.044563 0.760219 -0.459341 10.289332 4.894465 
0.340464 -0.019562 0.634948 0.669789 -7.091101 -12.208126 12.567881 
0.558675 0.592583 1.098108 -0.701182 -7.887719 4.235492 -2.179909 
0.269181 0.055788 0.115116 1.164497 -6.170579 6.549380 -8.793479 
0.080832 -0.182488 0.250787 1.654383 -5.725393 -4.173889 -2.434323 
0.161454 -0.857902 0.358296 0.441217 9.848253 2.261874 8.899250 
3.272843 -0.574519 0.635109 0.247185 0.216688 -7.181249 -0.218463 
0.126733 -1.252342 -0.185250 0.206890 -5.495892 16.956527 4.065064 
0.147442 -0.843037 -4.445776 -0.409686 -1.982923 -18.627461 1.370400 
0.234874 -0.369587 -0.379756 1.130538 3.607264 -7.719388 -0.568756 
0.088322 -1.042974 0.892718 -1.282558 -7.826205 2.059286 5.347170 
0.124823 -0.549405 0.740598 1.387276 -0.743849 2.762316 8.774023 
0.134972 0.494801 0.593756 -0.124806 -13.335334 -7.949556 -4.761416 
0.114632 -0.479724 0.399879 -0.468135 3.620877 -9.337645 4.024782 
0.145861 0.091906 1.025843 -0.281295 -8.624036 3.453349 6.263383 
0.263366 -0.712855 0.366783 1.732500 -3.979735 -5.227475 4.059458 
0.973808 -1.101963 0.570519 0.251698 -3.079860 -8.416030 5.812976 
1.966409 -0.631069 0.042238 0.730082 4.745669 -8.434875 10.882135 
0.137245 -0.394740 0.337003 1.204812 -12.624182 2.329930 7.342532 
0.175886 0.016966 -0.023826 -0.094852 -4.362523 8.064695 -11.349163 
0.427154 0.197406 -0.218221 -0.429896 -0.948353 13.855204 -6.526624 
0.305641 0.120038 -0.732379 0.479799 0.767496 8.445176 7.875256 
0.126873 -0.664866 0.806190 -0.332024 -0.333938 1.503314 -3.258120 
0.202129 1.520920 -0.202730 2.864274 -0.343387 2.542445 12.336400 
0.103947 -1.372618 0.473895 0.588368 -14.985256 -13.309424 1.836057 
0.160192 1.503457 0.478285 0.553070 0.399092 11.462087 -2.672202 
0.087931 -0.080559 0.866992 1.274424 4.893248 7.758572 -0.149901 
0.201166 -0.677727 -0.645313 0.698067 5.033062 5.068182 -5.926500 
0.129271 -0.703135 1.242235 -0.349412 7.567375 7.506255 3.207938 
0.244547 0.425762 0.113841 0.348647 -1.566826 2.450414 -12.251946 
