0.202999 -0.193231 -0.238200 0.419736 -1.320527 21.061511 -9.638609 
0.583882 -0.699747 0.531651 -0.351265 8.412083 22.996750 5.292904 
0.585149 -0.248815 0.133126 0.931768 8.502474 -1.145844 -5.961555 
0.085689 0.159316 -0.648656 0.065060 -14.386801 -5.235332 21.883305 
0.090936 -0.155602 -0.174305 0.298166 2.041700 12.570389 -19.653304 
0.457888 -0.373728 0.941522 0.760838 -15.230893 -1.708823 6.823746 
0.179449 -0.491115 -1.071057 -0.469238 -5.572322 -10.493590 -7.803560 
0.103175 0.791318 -0.472029 -0.719737 6.002976 -17.255031 -0.837214 
0.199182 1.866623 -0.276794 0.351260 18.304748 -9.905847 4.203627 
0.109107 0.625072 -1.475418 0.332497 2.064743 -11.212520 8.367044 
0.232498 0.467307 -0.334327 0.615694 -1.924108 -9.635341 -6.972634 
0.683878 0.179847 0.843303 -0.764902 -11.668894 0.063109 -16.244559 
1.809017 -0.163605 0.152045 0.164000 2.695102 5.226099 -9.324612 
0.133767 0.550202 0.816268 -0.640926 22.927473 9.375883 0.293408 
0.207935 -0.875126 0.191912 -1.101271 -9.166410 15.945065 -7.594030 
5.586845 -0.555705 -0.278858 0.322157 8.261663 0.459705 -11.779604 
0.099031 -0.306860 -0.662029 -0.010365 3.258737 1.090112 18.391174 
0.095457 0.122641 0.170868 0.009853 -12.644152 -11.326200 12.356888 
0.166412 0.279059 0.840644 -0.201712 5.213581 0.079918 -19.808305 
0.401973 -0.580816 -0.345737 -0.544751 2.554595 -24.642953 3.048412 
0.149690 0.436085 0.199499 -0.004933 2.787453 12.624141 17.093135 
0.135040 -0.698014 -0.231399 -0.043785 5.004135 15.673057 -4.986177 
0.230700 0.861375 -0.051914 -0.866626 4.041078 10.978475 -7.669426 
0.296048 0.323704 -0.898974 -0.285321 -3.600805 -1.094177 9.735701 
0.089040 -0.216674 -0.213206 0.404068 9.837178 -12.178952 11.367278 
0.218861 0.491219 -0.733326 -0.449149 16.496221 -6.779044 -5.119946 
0.780326 0.653578 0.040875 -0.537034 9.195524 -13.730781 -13.279959 
0.110177 0.861102 0.985655 -0.475000 8.161710 13.223654 9.592534 
0.308745 0.616166 -0.090294 -0.402302 19.089641 -24.368776 -12.256528 
0.930095 -0.104763 0.057105 0.034585 8.632928 2.652435 -19.535993 
0.154448 -0.279206 -0.006250 -0.105453 15.588267 19.778000 -8.447046 
0.449860 0.102035 1.241142 -0.092660 -5.353106 5.923437 10.603448 
0.194281 -0.898943 -0.256878 0.500740 2.869283 -5.913091 -0.104108 
0.121470 0.289803 0.470268 0.348088 -12.550491 5.798497 26.451656 
0.388680 0.045836 -0.235778 -0.772395 2.547746 12.632271 -5.848300 
0.552874 0.556877 -1.098771 -0.163763 -3.149145 -19.151261 11.976183 
0.107074 -0.292000 0.696107 0.141783 8.295699 -3.215266 13.048383 
0.218546 1.047351 1.196394 0.305707 4.897485 12.637063 -0.236050 
0.118025 0.046660 0.514753 -0.379489 -15.704278 -13.774326 -5.013976 
0.176826 0.166447 -0.337859 0.541405 -9.893355 -4.407202 15.868225 
0.123628 0.260609 -0.639872 -0.984713 -3.697177 1.879091 -4.705382 
0.103987 0.134554 -0.739589 1.277326 17.686840 2.397275 23.596687 
1.612405 0.029829 0.074343 0.551513 -6.062191 -3.964784 5.605947 
3.952128 -0.386647 1.510876 -0.143485 -0.990224 10.397996 8.317772 
0.090817 -0.306373 0.117098 0.110622 12.868637 -5.567952 -7.538164 
0.094271 -0.320591 0.818732 -0.083310 -2.706508 -10.747623 -8.634510 
0.105198 0.281692 -0.315674 -1.054910 -13.990318 -4.061891 -13.422937 
0.122132 -0.132471 0.066898 0.188828 -16.255570 -3.914880 -3.208692 
0.167817 0.357988 -0.603415 -0.618671 -10.331762 -13.118684 6.499461 
0.138488 -0.563181 -1.369671 -0.661635 -1.222121 -19.973048 4.099827 
0.701272 0.085970 0.159796 -0.967767 29.866075 3.918055 -10.201831 
0.367183 -0.060457 0.545405 0.933158 2.209256 -7.020233 17.990745 
0.116639 0.473804 -0.390933 -0.064275 4.105350 -8.816298 -6.714891 
0.156405 -0.312555 0.178968 -0.264001 -16.639886 13.505428 -24.135324 
0.118162 0.382556 -0.398674 -0.044002 -1.855017 10.882301 12.765974 
0.151293 0.129473 -0.035531 0.305888 0.204298 -9.898545 -26.520369 
1.456612 -0.263678 0.049549 -0.245210 -12.024278 2.954553 20.514965 
0.095248 -0.250911 0.501662 0.451768 -0.776511 -0.278983 -10.630765 
0.298886 0.180337 -0.045745 -0.444692 -7.351664 4.042774 17.569712 
0.512636 -0.140582 0.682057 -0.500364 1.034093 0.708710 14.077582 
0.121466 0.464959 -1.090537 -1.590419 13.808645 -14.413921 -14.976065 
0.863813 -0.726013 -0.271672 0.047573 -3.986675 -6.375606 -12.039276 
0.283593 -0.521932 -0.291265 -0.781348 -7.780561 -1.827490 7.056745 
0.114183 0.093069 0.418790 -0.223112 -10.947534 25.068766 -4.173953 
0.387857 0.113506 0.116077 0.741219 -5.215841 -12.293737 -2.534834 
0.102340 -0.140076 0.178223 0.736380 -12.980856 -15.314989 25.626460 
1.423034 0.263880 1.293946 0.121707 15.448123 4.762224 -3.414376 
0.118440 -0.028034 0.077967 1.059905 8.710577 -8.810236 5.942572 
0.087317 -0.049793 -0.011367 -0.256453 -14.023294 0.298414 22.253316 
0.115648 0.028795 -0.412590 0.231268 1.371550 -6.165500 23.242451 
0.335498 -0.190962 -0.507052 0.822015 9.062055 -20.767244 -2.882800 
0.109210 0.146395 0.560335 -0.673953 -8.263827 -2.336303 -9.876206 
5.398343 0.404419 0.342703 0.256600 -8.152476 3.344766 4.996272 
0.438696 -0.372005 0.073645 0.465404 -12.939997 -16.630110 -11.227073 
0.102783 0.225490 0.321386 -0.262103 7.515042 -15.357091 12.200219 
0.317653 0.876514 0.580473 -1.058286 0.089694 22.313701 -13.703174 
0.117399 0.063245 -0.045408 -0.039698 -17.066400 23.337311 -1.306695 
0.135796 1.367393 0.314780 0.188519 20.022306 -12.402657 5.679046 
0.139152 -0.051633 0.448428 0.171255 4.042863 16.013694 -5.542763 
0.081844 0.477352 -0.390863 0.662276 -1.989405 1.840926 -0.859395 
0.210768 0.334721 0.152716 -0.983177 -8.101611 -5.853412 -1.250845 
0.087151 -0.476439 0.154699 1.011096 8.383355 -3.866645 29.281571 
0.247564 0.227618 -0.169379 0.503645 -8.860948 -29.768133 -3.694249 
0.118055 0.644635 -0.884589 -0.810107 -3.723359 -1.086905 -9.501404 
0.133708 -0.542059 -0.640665 -0.229732 0.658931 -12.382446 -2.247840 
0.137951 -0.349577 -0.359664 0.352533 -11.319589 11.176317 -11.751052 
0.295736 0.424169 1.029239 0.081987 -2.150359 13.486712 4.945089 
0.093592 -0.381312 0.159286 0.340390 1.643778 9.775754 -11.100029 
0.180968 0.251329 0.817330 -0.650815 -2.158423 1.413152 6.236640 
1.058781 0.212512 -0.483319 -0.501041 6.592407 10.389158 0.835753 
0.086350 -0.046017 0.022968 0.238294 3.157560 -0.174618 16.893027 
0.263354 0.492269 -0.772371 -0.131341 -8.531190 3.962509 0.938837 
0.556778 0.060414 0.296521 -0.829254 4.178870 -10.757695 4.468201 
0.139284 0.501010 -0.067161 -0.657694 -5.672130 6.008023 4.564035 
0.478468 0.520726 0.317668 -0.420962 -4.436237 0.815661 -8.989678 
0.165293 0.071103 -0.456809 0.201200 -1.304774 12.226058 -5.186864 
0.493788 -0.302846 0.113236 -0.059747 8.804728 -2.838984 -24.797253 
0.252788 0.599118 0.020275 -0.752193 6.647978 6.130410 9.501755 
1.145613 0.541562 -0.161130 0.392062 0.614183 -21.629619 11.191529 
0.388183 -0.303270 0.101265 0.631477 -1.152040 16.259235 23.587222 
0.094407 0.226682 -0.701543 -0.206852 -9.057855 8.302416 2.428664 
0.126740 -0.075855 0.918729 -0.070973 -1.674882 14.132092 2.169366 
0.323270 0.025611 0.145046 0.395706 -7.035009 -13.958734 -12.203349 
0.198042 -0.001303 1.291498 -0.182998 -16.133446 20.352875 0.349443 
1.167561 -0.648360 -0.475386 0.530905 11.761657 0.830247 -0.734313 
2.697368 -0.525116 0.152889 -0.416562 11.174150 3.327065 7.775142 
0.376011 0.116801 -0.334200 0.036365 -25.616751 -7.923720 -10.993808 
0.588263 0.266650 -0.207882 0.800787 -3.146244 -2.416654 -12.334850 
0.138650 0.243938 -0.100109 -0.783305 9.990520 15.309914 2.756438 
0.373816 -0.057397 -0.678525 1.016235 1.058756 6.215150 3.109099 
0.401930 -0.109038 0.692605 -0.783705 -3.418647 5.330553 -11.699240 
0.263064 -0.056235 0.267191 -0.149562 17.727802 9.057289 -2.423715 
0.459762 -0.664662 -0.643603 -0.190722 -14.938816 5.505927 16.731464 
0.328088 0.345417 0.522186 0.407082 -4.016056 10.013811 1.410225 
0.860282 -0.172521 0.547453 0.131238 -22.043934 -8.953721 -0.350242 
0.273055 0.345583 0.176450 -0.059589 4.525013 -17.013440 7.382222 
0.396253 -0.614472 -0.827974 0.044205 -14.521754 1.883195 -4.026349 
0.246288 0.100855 -0.128885 -0.069361 -0.936223 13.846113 -18.169842 
0.730294 0.222822 0.142867 0.011172 -13.482842 2.412327 16.309973 
0.278430 0.298069 0.537693 -0.111722 -6.713974 13.736017 6.347438 
0.151503 0.279144 -0.648446 -0.292136 -1.699998 -7.858086 -23.704500 
0.100432 0.276375 -0.476399 -0.368597 15.397304 10.215918 -2.525644 
0.082624 0.036830 -0.908648 0.527934 -16.064591 2.878697 0.914561 
0.114711 0.876201 0.261560 -1.107296 8.398066 -12.807021 -9.496612 
0.192666 0.679935 -0.238676 -0.283261 -10.703977 -0.888809 -21.346271 
0.287114 0.268059 -0.484787 0.967344 12.800452 -17.536964 -2.708621 
0.585359 0.573620 0.701692 0.081246 2.439029 0.632972 17.252544 
1.376095 -0.210192 0.003080 0.076554 -1.241786 -21.478291 -4.637208 
0.431641 0.636676 -1.033040 -0.158483 6.795484 2.265215 -10.333424 
0.136683 -0.161815 0.621521 0.024665 -13.452085 2.317149 -1.655392 
0.323241 0.614087 -0.032108 0.590447 6.251922 -8.241656 -7.687816 
0.391024 -0.148026 -0.228321 0.550279 -26.439413 3.112708 -3.842920 
0.112116 -0.212675 0.162491 0.580876 4.571684 21.456964 -5.979987 
0.116547 -0.274092 0.627951 -0.491365 8.361692 9.948172 -5.453228 
0.952396 0.714422 0.180934 0.104720 -3.325483 -14.010662 -5.320112 
0.374161 -0.653746 0.445044 -0.099736 -3.670144 -16.492823 -8.721817 
0.178419 0.544375 -0.056470 -0.073142 -1.468210 -0.522038 8.811840 
0.192961 0.435787 0.902160 -0.481671 -3.836778 0.373990 -19.364087 
0.763069 -0.231817 0.289565 -0.163710 -3.047533 11.633291 21.459603 
0.181019 0.701481 0.382783 -0.023368 -8.879802 5.759858 12.119712 
0.393969 0.626373 0.526098 -0.462089 18.370061 28.195989 7.537687 
0.408300 0.242334 -0.029373 0.190997 18.075447 -1.642551 0.533374 
0.506972 0.574202 0.447120 0.063893 2.965949 -10.807065 -18.102486 
0.168852 0.459901 -0.781648 -0.474461 4.831206 -5.130517 12.924649 
0.196085 -0.616255 0.468892 0.063342 3.798306 -4.583903 -4.952297 
0.836938 0.990234 -0.713213 0.222764 6.610965 -2.801235 -8.796757 
0.701221 0.320397 0.568672 -0.096653 3.078107 -11.612531 2.849696 
0.263429 -0.072742 0.292151 -0.045095 5.511602 14.937029 -3.324913 
0.151360 0.934924 -0.207107 1.065620 -4.124212 -10.520559 16.557260 
0.449375 -0.299140 0.686692 0.223230 5.574876 5.112176 -4.780014 
0.108928 0.591635 0.791257 0.524686 15.183437 -9.216394 12.764340 
0.090465 -0.915104 -0.238979 0.613083 6.064057 -0.007099 4.737329 
0.531060 0.503261 0.390588 1.384496 -7.228548 14.200138 16.030938 
0.272013 0.313125 0.625189 0.560811 -16.642023 7.231453 14.268654 
0.127889 0.613504 0.091276 0.278798 5.847435 -5.221473 -5.788820 
1.070260 -0.143725 -0.242776 -0.064520 -2.595631 -13.862835 -9.303727 
0.111702 0.022870 -0.264662 -0.792355 -16.275316 7.517365 3.665341 
0.275275 0.193945 -0.457894 0.088533 20.926958 -9.164976 7.576208 
0.433814 0.648228 0.257014 -0.143179 -10.968136 -10.346906 -8.052017 
0.121123 0.183879 -0.592631 0.057385 -8.214271 -3.314163 -25.271770 
0.604561 -0.586418 0.595928 -0.562223 -9.783088 11.564619 10.145098 
0.672200 0.654759 -0.182914 0.065774 9.298884 7.030956 22.400738 
0.485099 0.377155 1.353393 0.039466 4.637630 16.005611 10.394398 
0.088968 -1.455527 -0.142418 -0.062985 -12.731254 9.519305 -1.093298 
0.372330 0.291653 0.620727 0.307534 -10.745209 0.073070 -11.517490 
0.427499 -0.546111 -0.036413 1.123352 10.388255 -11.901919 16.438488 
0.148166 0.661878 -0.247110 -0.416073 1.954315 -18.162702 -7.416718 
0.205405 -0.197869 -0.536493 -0.696464 0.452903 -17.226633 -7.105490 
0.273438 -0.239655 -0.677535 0.221232 18.726236 1.102119 -1.981866 
0.257004 0.428152 -0.545249 -0.725756 8.822753 13.164325 -20.976708 
0.083821 -0.117418 0.387774 0.062366 -6.363537 -0.591874 22.804682 
0.673429 -0.389484 -0.172772 1.070295 1.431550 -4.011207 10.304445 
0.093338 -0.116774 -1.171869 0.846849 4.214380 -4.042631 6.798069 
0.097693 0.015619 -0.107497 -0.404966 -0.817998 -0.241699 17.830447 
0.081727 -0.278587 -0.310467 -0.228861 2.064338 -3.937149 10.878722 
0.417045 0.064094 -0.068934 0.001272 17.260641 -3.739500 -16.136298 
0.387177 -0.740830 0.214334 0.390963 -6.067139 -5.812601 -3.838401 
0.350927 -0.288331 -0.619358 0.474906 8.819664 0.758796 12.767557 
0.081891 0.508741 0.033370 -0.744220 -9.995170 -3.424781 -12.486697 
0.111530 -0.251164 0.300433 0.161644 -12.533355 6.828589 31.786205 
0.729211 -0.379815 -0.204454 0.111609 -0.675537 0.692143 -14.624838 
0.081209 0.824112 0.307842 0.155544 -1.790744 -4.150257 5.543544 
1.066327 -0.078677 -0.079170 -0.668755 9.415068 10.510901 2.574911 
0.844840 -0.010880 0.123218 0.257601 -19.939208 -0.688601 6.575292 
0.286414 0.348281 -0.373394 0.841739 1.668985 -0.856018 -1.195886 
0.108220 -0.152709 0.670133 0.377161 17.548327 -4.037238 8.018488 
0.106446 -0.121309 -0.357265 0.238235 25.132880 -9.833046 -4.641783 
1.618982 0.299988 1.274766 0.309767 -11.043664 23.065805 -6.726596 
0.126190 -0.249493 0.208345 0.167472 -20.228287 -3.770510 -16.491174 
0.666898 0.218369 -0.054456 0.277054 7.416592 -3.026317 10.974493 
0.355266 0.449977 0.058627 -0.670487 -2.219565 -0.053132 6.274377 
0.365762 -0.738314 -2.145523 0.210024 -20.245409 -34.726005 -4.717116 
0.430606 0.563122 0.427453 0.095603 3.073906 13.260372 -0.632947 
0.100431 -0.631746 -0.724672 0.665001 14.225871 -8.377976 9.982378 
0.189647 0.385819 -0.163414 0.240937 -15.917736 -3.170717 7.611697 
0.132254 -0.157206 0.464063 -0.080924 -19.294312 -7.141024 13.312096 
0.500139 0.031119 -0.449182 -0.680655 -16.201376 -5.496562 -18.872506 
0.175237 0.464493 0.275393 -0.028034 -4.478055 21.322225 -16.557288 
0.123696 0.152798 0.632575 -0.247270 0.403813 6.823848 7.080290 
0.195281 -0.211773 -0.629127 0.136650 -6.853610 -9.455294 -22.751312 
0.599939 0.014058 -0.417260 0.620982 -31.375611 -6.425747 5.450669 
0.192741 0.187923 0.121211 -0.185501 2.758316 -13.131269 2.114558 
0.200778 0.739019 0.888537 0.159647 11.363334 -5.696458 0.308381 
0.177472 0.133265 -0.945597 0.294673 -3.324800 -12.010083 -17.917513 
0.127855 0.092792 -0.424470 0.605094 6.969319 -21.871073 0.214515 
0.220526 0.010138 0.217950 -0.155603 0.577463 -14.705111 15.520113 
0.627642 -0.247778 0.091617 0.142287 6.349698 -11.229607 12.863928 
0.637465 0.469187 -0.469034 -0.135895 -12.179222 3.799861 0.499274 
0.169117 -0.283059 -0.822453 -1.036984 4.388142 -5.427545 -2.534371 
0.114784 -0.351463 0.295725 0.443391 -10.185460 -19.130444 1.480731 
0.135557 -0.238870 -0.288989 0.169693 1.439933 16.771190 6.238611 
0.579415 -0.750763 -0.186835 -0.610342 -10.321679 -1.773152 12.826739 
0.624848 0.235749 0.426936 -0.354519 19.541230 18.065837 -5.751313 
0.385484 -0.496192 0.821827 -0.135146 -17.590157 6.900002 14.269181 
3.082417 -0.071286 -0.229149 0.357930 -17.296124 -0.368804 5.278160 
0.310489 -0.248311 -0.196915 -0.395092 0.349770 -16.227626 18.590703 
0.457154 -0.343261 -0.073413 0.472467 9.156048 5.883831 3.141153 
0.279294 -0.272206 0.422774 0.909220 -6.113599 0.736036 0.500185 
0.089763 0.090237 0.068500 0.507390 9.304418 -14.869327 -16.473172 
1.249225 0.077464 0.115941 -0.188811 -19.295666 21.954906 -0.288411 
0.163561 0.232971 -0.181974 0.310099 19.381327 -17.103355 -2.832056 
1.702665 -0.417998 0.232320 0.228236 -9.194216 11.584428 22.441109 
0.087567 -0.369767 0.596833 -0.151257 13.173885 21.309676 -0.012321 
0.192231 -0.276998 0.109371 0.061073 9.722677 16.448673 2.191384 
0.122081 0.757555 0.273230 0.278895 3.016697 -8.674144 -13.741799 
0.088452 0.096059 -0.794820 0.011969 1.176535 -4.425702 10.984446 
0.470758 -0.664441 -1.433599 -0.085774 -6.148714 -14.367209 7.289392 
0.196106 -0.041560 -0.189147 -0.132670 6.269230 0.671971 -3.869164 
0.163499 0.350369 -1.014924 -1.163155 16.367125 -21.662688 -1.805147 
0.080867 0.098873 0.275996 -1.361414 23.485637 18.355126 -17.894495 
0.223604 0.504782 0.193699 -0.193374 -12.861748 2.072318 16.467421 
0.155926 -0.298732 0.691477 0.438769 -20.107382 4.081927 15.448895 
0.238387 0.371555 0.419875 0.526278 2.167072 14.178116 -13.661759 
0.106154 -0.027042 0.164018 0.412511 12.740602 -1.334912 -8.047549 
0.169911 -0.691171 0.723838 -0.203534 4.565796 -2.912736 -12.475300 
0.113329 0.366284 0.300344 -0.628829 16.220977 12.338091 10.100591 
0.192419 0.905637 -0.232419 0.094796 13.085070 -26.035320 -9.277922 
0.594225 -0.603175 -0.298343 -0.789600 2.455113 1.760781 -1.273166 
0.085164 0.525383 0.180655 -0.056415 -10.537588 -1.397929 -18.565313 
0.117057 0.133676 -0.642837 -0.219334 -4.454399 12.516573 -5.634106 
0.205043 -0.125301 -0.650573 0.393736 8.889590 8.680109 -5.044043 
0.234649 -0.728389 -0.160804 0.295350 8.429723 -15.836959 6.504940 
0.487672 -0.193984 -0.134835 -0.199611 5.393234 20.662596 11.233963 
0.223182 0.507222 0.423466 0.232736 4.552493 -11.461910 -6.904412 
2.476904 -0.537095 -0.828971 0.446365 -5.790225 -5.959092 -15.937808 
0.441734 0.083849 -0.220161 0.074991 17.693174 -0.443788 -0.637747 
0.230397 0.655280 0.199371 0.287185 7.887608 -3.814515 4.825882 
0.689100 0.888860 1.033422 -1.197321 24.038746 9.423899 -12.626405 
0.815528 -0.722827 0.636957 -0.199803 -27.851136 2.074117 8.484851 
0.161492 -0.519806 0.128070 0.401190 1.636701 15.689756 -4.089923 
0.542296 1.584236 -0.169692 -0.486502 15.262094 -8.665714 -1.947379 
0.146522 0.629608 0.608864 0.149603 -6.429104 1.372115 13.742454 
0.256037 -0.883895 0.562484 -0.241211 -14.864531 -9.521738 -11.972300 
0.887681 -0.742893 -0.784234 0.936160 -4.119575 5.448590 11.463712 
0.101372 -0.163707 -0.148296 0.433789 8.391067 15.663592 10.133662 
0.141931 0.598755 -0.109340 0.228557 6.430722 12.936106 3.209057 
0.178446 -0.809401 0.244652 0.200058 -15.031097 10.004730 8.603155 
0.083374 0.218344 -0.200622 -1.127546 4.673461 -3.604539 1.609051 
0.376685 -0.376661 -0.379609 1.153854 1.218780 -0.244116 9.413314 
0.585808 0.421236 -0.767486 -0.055604 -9.316408 -17.234544 9.025814 
0.102075 -0.323545 -0.311260 0.162415 3.736706 21.242658 15.382838 
0.086694 0.103948 0.529787 -0.429552 24.430051 17.349892 -0.509777 
0.654455 -0.297995 0.036320 0.446718 -1.577307 -3.886332 9.424991 
0.442796 0.605929 -0.097734 -0.078379 -11.414663 -1.065989 -17.611670 
0.103990 -0.381322 0.588831 -0.098004 -9.606516 12.859370 -7.933326 
0.137893 0.671866 0.492546 0.246241 -9.175525 -11.710073 4.226653 
1.044939 0.172912 -0.195632 -0.053510 21.779956 -3.729891 -13.828291 
1.025335 -0.403302 0.097869 0.441217 -3.792030 -4.179892 -17.503147 
0.472835 0.201516 -0.027093 0.701296 -11.439819 -1.120796 33.211308 
0.672168 -0.594719 0.745387 -0.461632 -27.870556 9.414776 9.263307 
0.208490 -1.141987 -0.200515 -0.043407 -15.871679 -16.937551 -2.866486 
0.292610 -0.639899 0.745152 -0.312791 -9.860117 23.468434 10.684453 
0.111344 -0.117330 -0.151720 0.181022 1.664086 -9.451039 25.950927 
0.466067 -0.139501 -0.627713 0.444497 11.483881 3.143803 12.665025 
0.112109 0.212527 0.645834 0.137935 -11.195869 -2.276688 -6.285301 
1.021373 0.382159 0.201619 -0.261893 -14.787479 0.254573 7.609487 
0.247245 -0.025223 -0.371584 0.276254 -24.819393 -11.981151 23.546332 
2.937998 -1.401138 -0.099893 -0.415662 -20.632135 -10.131868 8.225542 
0.112201 0.218217 0.261274 0.282710 9.113484 -18.681403 0.374756 
0.941373 -0.178386 -0.075257 0.111196 -8.976398 22.495689 -1.614561 
0.186332 0.342492 -0.372723 -0.796505 12.394046 -0.354788 -11.065479 
0.206312 0.070880 -0.363205 -0.129972 -11.620040 5.418389 -14.998958 
0.087521 0.477281 0.925780 0.738691 -1.222432 1.109925 1.232138 
0.337060 0.273115 0.416112 0.250198 6.576883 -13.751049 -10.498749 
0.506829 -0.388471 -0.072483 0.177268 8.983512 1.831318 28.115129 
2.506229 0.843753 0.813237 -0.478909 -5.882155 14.434271 -1.176091 
0.109658 0.207865 0.244539 0.576967 16.392782 1.793547 -10.029791 
0.093631 0.440327 -0.349423 -0.097348 -17.585373 4.696293 7.071194 
0.994606 0.191650 -0.179619 0.357230 17.981976 -0.566886 9.235030 
0.184780 1.121860 1.396261 0.199244 9.775188 14.699534 -1.834076 
0.113864 -0.102089 -0.572251 0.156382 2.567096 5.062929 -15.297110 
0.500571 0.432084 -0.888812 -0.598509 26.523708 -0.893009 -13.656236 
0.375402 -0.262616 0.195759 0.573817 4.937372 -5.644587 13.071361 
0.121279 0.178454 0.054748 0.924829 14.541712 -0.257727 -6.329913 
0.437171 0.101294 -0.021640 0.140907 21.377816 -1.721083 -21.796199 
0.420529 -0.256138 -0.416868 0.470333 9.796474 0.957948 -5.152539 
0.140832 0.127676 -0.290123 -0.225286 7.655853 -5.437030 10.146813 
0.317286 0.038664 -0.099983 0.180054 8.672061 21.322731 1.012896 
0.092539 1.057485 0.150437 -0.870932 8.546610 -7.503734 -0.218395 
4.198783 -0.172363 -0.215094 0.272904 -0.941285 -4.859008 -16.627666 
0.435794 0.649715 -0.260083 -0.246972 -4.538844 8.395350 7.583284 
0.299195 0.189955 0.330662 -0.624043 -6.963267 -13.129649 -6.113674 
0.366428 -0.080622 0.449138 -0.723541 -20.352353 3.286104 4.011501 
0.300202 0.038316 -0.123397 0.230501 9.067073 16.792012 -2.270086 
0.585186 -0.108430 -0.247532 -0.629391 8.234056 -2.195596 11.320023 
0.524509 0.060772 0.286540 0.040383 -9.076821 -13.516375 -19.585201 
0.292083 -0.015708 1.325310 -0.527014 5.781510 13.608548 9.444319 
0.107699 0.232011 1.010373 0.416483 -5.035145 14.725209 20.601197 
0.744916 -0.445292 0.304331 0.316531 -10.558910 32.060435 9.080536 
0.131940 0.010127 0.939978 0.106877 -12.539874 24.344527 3.343561 
0.104491 -0.063036 -0.389593 0.237965 -16.800544 -10.643903 26.227595 
0.504475 0.034142 0.156557 0.205086 -15.451793 3.730453 2.438496 
0.159200 0.153930 -0.229972 0.505178 -10.574820 -4.568017 -6.885883 
0.144224 0.733458 1.254924 -0.852192 1.258962 22.232742 0.499558 
0.221063 0.689950 0.339063 -0.007289 -7.826407 8.363354 -16.511120 
0.339783 0.097935 0.350233 -0.638979 -8.450128 -11.627163 -3.595713 
2.985742 0.271234 -0.880260 0.466523 21.546645 2.956028 -2.788565 
0.098040 -0.394858 -0.305012 0.600044 -2.506214 -0.979715 -15.509877 
0.364111 0.333643 -0.168183 0.568285 -16.240321 -6.288056 -6.090135 
0.144886 -0.379584 -0.017873 0.336069 16.915476 13.100642 11.048595 
0.360597 0.098415 -0.303253 0.342832 -9.049268 11.682602 -9.499759 
0.254317 -0.708453 0.705038 -0.954522 -11.266913 -5.186588 -8.770048 
0.555913 -0.483362 -0.660770 0.156924 9.241073 -1.956949 -6.162729 
0.416651 -1.057811 0.321435 0.244821 -25.206099 -5.125874 -5.348884 
0.151008 -0.292476 1.097418 1.158649 0.592775 10.364884 9.867060 
0.577563 -0.178409 -0.058903 0.398676 -2.708184 12.698931 -20.330925 
0.141965 1.010686 0.476557 0.960361 10.629689 1.242552 27.138169 
0.120024 0.433882 -0.252263 -0.199738 -6.107873 -2.290287 15.447381 
0.182852 -0.165933 -0.403178 0.221152 23.478107 -17.411707 0.551563 
0.189724 0.147320 -0.154042 0.374049 7.503254 -2.179759 -24.781638 
0.150160 0.340866 -0.083670 0.204726 5.442943 -20.502060 25.442166 
1.373741 -1.705649 -0.673493 0.801689 -25.218223 0.569628 11.153299 
0.283453 0.277697 -0.279057 0.490990 14.398175 -5.784290 8.535359 
0.170281 -0.569063 -0.616398 -0.297640 -10.415386 7.282039 12.767478 
1.505698 -0.816501 0.663239 -0.121398 -3.496832 2.583122 1.899879 
0.360047 -0.248980 0.395023 0.195626 -24.719150 4.421350 -11.448855 
0.588861 0.418387 -0.629476 -0.379779 -14.591913 -4.025712 0.619255 
0.381565 0.266405 -0.458765 -0.172284 -17.678187 -8.780722 5.514614 
0.166121 -0.124283 0.579918 0.203705 -1.128678 -11.017766 -11.278832 
1.652096 0.075690 -0.540685 0.032554 5.639337 1.148013 -0.730354 
0.215498 1.010436 -1.337047 0.615315 20.714609 -10.428960 2.840540 
0.524663 -0.110724 0.337387 -0.006869 -8.360841 7.280303 13.948368 
0.489037 0.305845 -0.106463 -0.077145 -10.756258 17.559856 -15.284165 
0.247044 0.219293 -0.015032 0.301929 -4.684274 -1.139516 18.355389 
0.408569 -0.873316 -0.440905 0.337543 1.233494 7.245745 3.254375 
0.429966 0.064250 0.145490 0.119383 -11.810562 4.842858 9.838696 
0.205030 0.774334 -0.150104 0.295943 17.274531 -14.845221 -1.010975 
0.104504 0.742063 -0.144782 -0.317354 3.136801 2.620573 -11.107023 
1.704172 0.541511 -0.862845 -0.798742 0.514017 -1.414228 -14.399255 
0.208973 0.378644 1.007013 -0.711831 6.649795 3.511298 -8.461045 
4.631110 -0.796731 1.056780 0.010513 -10.919268 9.853657 16.303580 
0.135103 0.056747 0.366804 0.067672 -10.864441 -11.337313 -14.355432 
0.169606 0.058325 -0.099497 0.753607 9.929420 19.016819 -2.079733 
0.567692 -0.155382 0.531747 -0.340287 -21.800544 -10.269214 -12.987731 
0.214292 0.323765 -0.278667 0.118343 0.037217 -1.334150 29.497109 
0.450345 -0.101308 -0.593649 -0.681095 -4.018544 8.365604 0.604262 
0.407103 0.099206 0.172819 -0.426676 -9.241487 6.817863 0.814457 
0.846636 0.101213 0.054031 0.051910 7.975744 13.863804 -13.583685 
0.123163 0.700244 -0.186536 -1.274487 3.896926 -12.354906 -14.534009 
0.120648 0.241078 0.523002 0.106947 -1.741184 9.942389 -19.008684 
0.387333 0.411474 0.452253 -0.390394 -4.858659 18.170819 7.861587 
1.095352 0.349068 0.206055 0.086617 4.030460 12.444789 15.034385 
0.212730 -0.269022 0.339822 0.092859 7.218694 -7.077638 -20.246291 
1.575080 -0.273203 0.580242 -0.427722 -6.764945 14.576688 18.787935 
0.102042 -0.081051 0.278087 -0.352494 15.460736 13.806125 8.380074 
0.606266 -0.423922 -0.221510 0.288608 -12.869376 15.114750 1.288145 
0.250734 0.685321 -0.031123 0.047362 1.553235 1.145062 -3.441264 
0.184902 0.105035 -0.936579 -0.050342 -10.061544 6.051192 -0.238721 
0.348863 -0.986653 -0.044441 0.461771 -7.849338 19.750994 -3.278757 
0.127948 0.583320 0.062221 0.215604 8.859933 -17.057502 13.694113 
0.127545 0.883509 -0.409595 0.787084 7.580503 9.652378 24.301531 
0.089378 0.193415 0.933831 0.491559 14.228860 4.315626 6.802537 
0.220514 -0.819893 0.299187 0.405862 9.108766 8.132480 10.300467 
0.195396 0.766868 0.195898 0.531207 6.818064 -13.310637 -5.411056 
4.245083 -0.182288 -0.420853 0.444594 -12.567264 -16.159038 0.543894 
0.095817 0.072893 0.232536 0.555460 -9.215155 7.293110 -8.255481 
0.569763 0.483173 -0.034894 -0.120726 -10.874909 13.025415 2.344087 
1.098164 0.311114 -0.474367 0.323512 -2.812306 1.465954 2.526797 
0.538990 -0.511873 0.059037 -0.411314 3.988755 8.038372 -0.355438 
1.288776 0.119342 0.147356 0.194417 -31.232460 5.045449 9.441215 
0.193816 -0.235554 -0.250470 0.626404 10.989015 12.765946 4.102563 
0.378483 0.931002 0.594394 -0.251603 -5.373293 12.152035 3.312332 
0.130333 -0.857303 -0.256916 0.087970 -5.377530 19.359106 2.792976 
0.235233 -0.281945 0.680427 0.382739 1.506368 1.865307 -18.980520 
0.474050 0.230284 -0.064111 0.300600 11.648471 7.106800 -15.228704 
0.170650 -0.100439 0.512742 -0.141469 11.525948 -10.876449 0.974547 
0.551803 -1.036484 -0.011597 -0.254575 -9.892837 -7.445378 4.748528 
0.131497 -0.453024 0.110343 0.333135 4.964496 14.598922 3.371899 
0.367063 0.021836 0.724362 -0.077287 -20.436681 -3.513089 -9.924582 
0.237052 -0.064757 0.123771 0.032519 -1.480765 -15.380096 -15.841501 
0.979329 -0.636026 0.045493 0.515360 6.911977 -3.489823 12.315750 
0.113309 -0.207175 -0.537276 0.113794 19.264546 7.158070 -2.426476 
0.202812 -0.037906 0.220599 -1.115041 19.399091 6.430254 -6.440496 
0.145792 -0.242976 -0.304415 0.107280 5.853847 19.853547 -9.349054 
0.206856 0.451022 -0.999527 -0.562544 -6.651578 -27.872528 -14.937454 
0.534870 -0.303237 -0.555197 0.691333 -14.217663 11.697534 -4.186313 
0.091732 -0.204981 0.733535 0.111952 -22.065844 -2.403955 16.327394 
0.094435 0.189823 -0.584329 0.679323 -3.466173 4.822873 15.406481 
0.106821 0.121118 -0.211849 0.312171 4.798477 -7.315143 -9.560505 
0.443043 -0.186992 -0.137866 -0.431133 14.198142 4.847185 -14.209958 
0.087582 0.421560 -0.467740 -0.254410 -9.439141 -5.705577 -13.193291 
0.159466 -0.671088 0.519053 -0.155827 -10.182098 -7.099876 9.730681 
0.829727 0.248609 -0.306685 0.427070 1.632450 -0.431776 -22.325978 
0.093662 -0.520439 0.816074 0.200632 -5.884737 5.242524 20.291176 
1.055006 -0.276794 0.484066 -0.741235 -13.588413 5.604433 -4.115456 
0.290595 0.440533 -0.633293 -0.279199 7.371351 1.104024 18.300762 
0.226020 -0.203862 -0.972347 1.718525 11.435135 -15.037361 25.709523 
0.258652 -0.140525 -0.044422 0.116145 -8.810574 12.465645 -2.825256 
0.504080 0.164005 0.041678 -0.588625 12.683638 -9.102100 5.116884 
0.133644 0.201730 0.548020 -0.885361 -9.842176 -10.571693 -26.341890 
0.102367 0.328856 0.371282 0.235421 -8.710090 2.208031 16.131412 
0.102733 -0.357948 0.092174 -0.266476 19.011153 14.278949 2.125677 
0.406103 0.000398 0.364986 0.844111 3.048203 -4.551216 -4.535039 
0.170184 -0.598820 -1.005128 -0.286773 -3.955414 -0.441940 -15.966257 
0.080956 0.516486 0.273516 0.102601 11.756505 27.893625 -11.675532 
0.171393 -0.240577 0.641361 0.663545 -10.785869 17.542774 2.342672 
0.103884 -0.049771 -0.213254 0.387012 -12.400115 7.259418 -4.090522 
0.287723 -0.212895 -0.200464 0.298724 9.540392 1.118313 11.825130 
0.707610 -0.114372 -0.168686 0.462932 -3.755942 0.369186 27.569983 
0.161798 0.280875 0.545096 -0.387034 -1.772268 -6.425138 7.257699 
0.495528 -0.871872 1.548277 0.515777 -11.277500 14.092454 3.221542 
0.081729 0.727155 -0.065629 -0.306865 11.678033 9.601974 15.989699 
0.498673 -0.462424 -0.258559 0.657905 11.614827 -5.902064 2.790766 
0.189760 -0.525118 0.135841 -0.410759 -16.309315 -0.361996 5.745888 
0.174582 1.004263 0.394492 -0.103760 11.921633 3.360726 12.429729 
1.913197 0.193643 -0.342211 0.088255 1.824370 26.204882 3.890952 
0.156957 0.039856 -0.280952 0.431093 -11.928455 18.543774 -5.372969 
0.318637 0.234702 0.779014 0.409022 10.117992 5.383041 -5.914638 
0.384886 -0.387051 -0.830910 0.482568 -12.298394 3.326152 -2.252838 
0.094543 -1.138976 -0.103983 -0.823582 -3.253295 11.074347 -18.264999 
0.093801 0.496730 -0.033878 0.870106 10.816107 -11.191786 -5.853511 
0.259589 -0.180805 -0.078088 -0.237026 3.954437 15.012628 15.868978 
0.331382 -0.145340 0.199703 0.028887 -6.109207 5.645343 4.089401 
0.597086 -0.539139 -0.221846 0.083261 -18.381805 21.746206 -6.206979 
0.244466 0.100644 -0.177168 0.198360 -6.938094 -4.383872 12.348051 
0.409757 0.505130 -0.582676 0.186766 -5.310755 -2.136924 23.627464 
0.703460 -0.985291 0.550335 -0.025764 -0.134580 8.266688 13.646892 
0.129081 0.067228 -0.101552 -0.176379 14.496721 4.895218 4.188777 
0.592856 0.092319 -0.781248 0.179093 16.014689 8.544707 11.075419 
0.598064 0.183486 0.171135 -0.353049 4.940924 11.799376 21.867022 
0.315326 0.290571 -0.060523 -0.076967 -7.569182 18.938461 19.768746 
0.830552 0.518654 -0.463361 0.330145 -1.957689 4.310099 -13.527381 
0.107798 -0.271177 0.131925 0.504261 -10.753353 16.510281 17.803491 
1.282747 -0.485513 -0.090677 0.412124 2.119519 -22.707275 -11.199973 
0.179704 0.343056 -0.226154 -0.630605 -3.134450 -11.706667 9.932126 
0.226650 0.317825 0.235966 0.041058 13.383658 -15.546957 8.083103 
0.213577 -0.353744 -0.426231 0.152979 2.381435 21.040895 6.182915 
0.360054 0.358265 0.465507 0.402044 -6.357037 -11.996251 5.138129 
0.590465 -0.461829 -0.383598 -0.074499 16.002025 -3.493486 2.360527 
0.323997 -0.056376 0.409576 -1.106253 -3.841916 25.621062 -11.544707 
0.080856 -0.281273 -0.950061 0.802157 12.430188 -3.685298 8.995333 
0.143920 0.108817 1.341480 -0.182228 3.194449 9.836505 1.564547 
0.128165 0.708291 -0.312130 -0.092015 15.017886 8.167354 6.807498 
0.371144 -0.408886 0.756700 0.344416 1.094663 12.647283 -9.683457 
0.145470 -1.065939 0.552177 -0.202506 -2.338781 5.354325 -17.096315 
0.092657 -0.067075 -0.692006 0.151443 -3.159796 12.943985 -9.344721 
0.587126 0.170807 0.159046 -1.193100 20.597470 -13.116446 -12.997648 
0.235289 0.321994 -0.238988 0.183255 1.954574 7.053923 10.255823 
0.569180 0.741255 -0.508989 0.379134 -4.422773 -11.058477 -6.427082 
0.093590 0.002668 -0.103660 0.556872 -11.662071 1.607312 17.561736 
0.249342 -0.278137 -0.430239 -0.832519 2.296875 -7.598277 1.231320 
0.543855 0.401943 0.234232 -0.334644 27.052100 -8.327699 -3.286000 
0.236315 0.538986 0.330339 -1.149664 18.634125 27.995320 -13.209003 
0.136931 -0.502192 0.937816 -0.056233 2.128655 -1.589361 -10.026032 
0.109437 0.373219 -0.206970 0.735492 -11.004901 -16.854289 0.150788 
0.915698 -0.511874 0.402749 0.641889 14.593025 5.366143 -2.256710 
0.125769 -0.024541 0.392041 0.287960 -13.984094 -11.096893 -13.206782 
0.182221 0.721399 0.213093 0.106625 4.425687 -9.227856 3.579493 
0.624303 -0.389544 -0.822971 -0.345615 -11.822716 -0.776075 -4.300453 
0.123119 0.297838 0.025761 0.021552 -22.100455 1.260945 4.637404 
0.093277 -0.509024 0.401892 -0.256282 12.709229 4.479246 6.385416 
0.126609 -0.910365 -0.691792 0.002113 -2.616101 -6.245479 15.085195 
0.342755 0.298934 -0.369189 0.027537 1.816919 22.022173 4.111499 
0.887808 0.701625 -1.144978 0.064042 8.948700 -9.725791 2.964311 
0.718573 -0.908992 -0.085943 -0.262769 -4.412109 -7.130622 -12.840815 
0.789225 -0.193123 -0.080217 0.428401 -5.611360 27.170697 0.493057 
0.126531 0.431732 -0.242712 -0.008251 13.375241 6.094633 12.050760 
0.685572 -0.301286 -0.349556 0.164068 5.941273 -2.698592 2.946828 
0.342997 1.178525 -0.352565 0.023950 1.659204 -0.881214 -4.422194 
1.141486 0.700967 -0.002774 0.796898 2.673159 11.081696 3.114880 
0.181571 -0.158114 0.136307 -0.466699 -11.958935 4.821167 7.757779 
0.271737 -0.050230 0.271395 -0.357165 -10.829430 -0.683608 9.623032 
2.465276 0.409891 0.221551 0.299812 -10.178448 5.836124 5.829054 
0.132761 -0.901590 -0.311460 -0.305470 4.343203 2.576549 -10.494178 
0.088416 0.921964 -0.092727 -0.355925 -0.189266 -2.914468 6.788870 
0.089291 -0.192817 0.047432 -0.048344 3.363638 16.033151 -14.077663 
0.263350 0.286874 0.410505 0.667939 5.140751 -2.394063 -4.519007 
0.423754 -0.032984 -0.702824 -0.084150 13.820679 -1.197480 18.781518 
0.178200 -1.502271 -0.669240 -0.022494 -14.580308 -1.769838 -0.579999 
0.269147 0.332938 -1.009235 0.226045 -13.819039 -6.900063 -4.911218 
1.218772 -0.847807 0.614606 -0.350597 -7.882484 -10.452040 4.367784 
0.195759 0.477179 -0.269768 0.816347 3.909714 -18.594942 11.256623 
0.310560 -0.409860 0.051277 0.004521 3.373372 10.762808 18.861639 
0.132928 -0.065680 -0.021692 0.353634 -1.301366 11.561481 -21.866164 
0.130606 -0.497657 0.820676 0.769622 0.304191 2.294190 -0.068811 
0.180981 0.414859 0.591946 0.476830 6.695649 28.708389 23.056918 
8.040799 0.024646 0.263302 0.136993 8.588111 -6.705572 -2.151614 
0.080873 0.760926 0.095490 0.304521 -4.358780 11.982802 6.212850 
0.337684 -0.155678 0.744964 0.995771 6.705198 -0.308429 18.626625 
0.727006 -0.510781 0.740076 -0.081281 -21.782267 7.355377 10.395839 
0.130102 -0.038132 0.743099 -0.269117 -2.573121 -1.707958 10.329179 
0.107057 -0.260895 -0.681391 -0.340083 -3.600723 -7.594366 19.820240 
1.352041 -0.076058 0.170139 0.706342 -9.967812 2.704583 -13.275440 
0.108970 0.069088 -0.192436 0.753351 -20.529628 0.973024 2.198315 
0.148499 1.110651 0.749182 -0.725744 10.792393 0.672975 -9.698881 
0.263983 -0.055398 -0.036915 0.168381 9.435040 -21.033239 -2.191396 
0.240265 -0.225073 -0.394852 -0.032968 -11.800770 22.392626 -5.005791 
0.217954 -0.090032 0.373342 0.433930 4.913448 -4.125070 -1.459774 
0.444167 -0.345943 0.598709 0.623112 -2.848329 12.823790 -4.253377 
2.752555 0.191736 0.045719 -0.664577 -0.821178 12.511218 -20.865813 
0.266546 0.152330 0.223463 -0.480882 13.449684 1.621615 -16.976008 
0.104305 -1.337105 0.224689 -0.099464 -8.399594 7.807478 4.753399 
0.144490 0.795927 0.287304 0.233041 12.200982 15.483008 -15.564436 
0.094619 0.090452 0.058040 0.548071 5.929039 -9.716101 8.084808 
0.144851 -0.652907 0.455009 0.463789 8.058801 6.703432 20.519585 
0.132290 0.264259 -0.540481 0.595122 -10.121223 4.867453 21.065265 
0.524424 -0.200763 -0.316888 -0.659638 3.740017 -7.318641 0.124975 
2.804970 0.547441 0.225627 -0.116884 27.493654 6.201760 4.334497 
0.151725 0.567965 -0.095724 0.420737 1.854477 7.257286 6.115088 
0.691052 -0.069156 0.695486 0.251389 -34.679456 -14.328199 0.293757 
0.123125 -1.002455 -1.013078 -0.510294 -20.991456 -6.848119 -7.560437 
0.095501 -0.344027 -0.336919 -0.044610 7.663043 2.026086 9.901795 
0.082472 -0.232397 -0.061382 0.274953 -1.983161 -2.908873 19.017709 
0.088000 -0.543753 -0.070518 -0.139414 1.583935 0.996876 20.772868 
0.106567 0.366580 -0.161368 0.128999 -12.446195 1.082227 5.561063 
0.083960 0.113909 -0.047819 0.013641 -8.969622 -22.407215 22.355337 
0.444394 -0.128403 -0.289797 -0.461805 -5.182998 11.423535 10.873306 
2.968598 -0.133107 0.352356 0.327541 -0.956722 0.762226 -19.349707 
0.118415 -0.795015 0.220892 0.740301 -10.171566 -1.327126 -10.164600 
0.123056 -0.208628 -0.379954 -0.152402 -6.205121 -9.547636 16.664821 
0.111967 -0.131894 -0.350189 0.140127 -18.599450 9.967120 -12.691072 
0.095336 -0.115293 0.297768 0.213119 -5.567306 0.777808 -3.031342 
0.085245 0.040479 0.214937 0.753199 -14.143697 -0.796846 2.398501 
0.219520 -0.229236 -0.322006 0.655754 -22.447087 -5.946369 5.410385 
0.269315 -0.454499 -0.994445 0.803301 -4.964943 -3.096046 10.427955 
0.084729 -0.317978 0.409791 -0.350031 0.407185 -11.484402 11.480341 
0.193296 -0.027975 -1.006032 -0.052450 5.789061 0.276021 15.490867 
3.042533 -0.326800 0.296266 -0.630467 -2.849094 -17.357130 -8.793909 
1.417540 0.886018 1.154586 -0.514652 12.741010 10.442456 1.369709 
0.348250 -0.494850 0.330883 -0.360922 -4.486592 0.418107 2.688631 
0.189420 -0.646719 -0.201927 -0.176890 7.184855 3.415283 16.949597 
0.222484 -0.175537 -0.249047 0.451641 7.510689 -9.789874 5.983173 
0.319069 -0.602428 -0.080011 -0.680344 4.427099 6.756242 -8.718638 
0.092091 -0.632378 -0.064015 0.451619 -3.049072 -6.774200 13.125282 
0.486369 0.270337 0.225275 -0.123024 20.293672 -12.589366 -6.405049 
0.293964 -0.327803 -0.385740 0.365540 10.806080 14.092359 -5.042631 
0.150389 0.284837 -0.592391 0.031200 -11.139913 9.406742 -7.815630 
0.098254 0.492315 0.075754 -0.416430 -10.864730 1.114134 -0.849689 
0.129777 -0.218190 -0.071139 0.029111 -2.682629 -3.105185 12.804134 
0.089968 0.566985 0.257592 0.814294 8.295780 13.122776 -7.465015 
0.178187 -0.414017 0.024447 0.165177 8.915935 -2.082538 -18.942455 
0.446547 -0.156717 -0.394539 0.132609 -19.081416 3.850245 -3.288097 
2.596189 -0.751071 -0.789876 -0.698769 -19.444341 -15.821828 -1.208837 
0.941679 -0.199033 -0.013437 -0.265215 -1.123591 11.866270 -11.497133 
0.357477 -0.037688 0.845274 -0.347084 -7.190789 -3.122453 7.798310 
0.233141 0.265142 -0.312138 0.399781 -17.496029 15.070553 7.041706 
0.109886 -0.824583 0.335129 -0.152731 -4.356557 -3.140183 -6.838727 
0.103385 -0.526873 0.296787 -0.432533 11.707713 14.004361 7.722757 
0.307529 -0.856533 -0.284336 -1.371826 -6.814863 -12.344770 -10.431206 
0.224214 -0.828280 0.716539 -0.737805 -2.360597 -3.896483 -25.034831 
0.688471 0.439109 -0.596943 0.281812 6.389177 -1.771090 -8.207908 
0.121886 -0.135261 0.072659 -0.554933 7.864825 -18.865348 0.350455 
2.036878 1.393323 -0.801068 0.091995 10.876492 -10.234265 -6.953391 
0.108772 -0.328668 -0.056261 0.371015 -3.165098 22.184953 13.456676 
0.087214 -0.918774 -0.801498 -0.979811 -4.358161 -15.562530 -4.982772 
1.095005 0.018827 0.427503 0.517484 10.407508 7.507537 -8.755982 
0.462444 -0.262572 0.209147 0.767393 5.322900 -3.108757 -11.687005 
1.195467 -0.073302 -0.802989 0.061541 -0.145151 3.079337 2.790276 
0.124532 -0.853796 -0.369236 0.300920 5.378475 -3.197959 -1.632688 
0.239527 0.495036 0.305395 -0.511719 -5.683740 -9.210614 7.139774 
0.513647 -0.078484 0.603659 0.444104 8.962802 -1.547648 17.227974 
2.322161 -0.484616 -0.526361 -0.745244 9.702445 1.485738 -12.635442 
1.749945 -0.324561 0.912194 -0.199525 9.254575 -13.500675 -10.697242 
6.427225 -0.289807 -0.641893 0.480893 -11.726483 5.650540 2.898937 
0.187473 0.206328 0.093876 -0.649021 -8.481706 -6.244307 3.354774 
0.080411 -1.009494 0.580576 0.418916 -8.027601 13.168182 13.312109 
0.084886 0.096161 0.169789 0.203056 -23.012374 -4.128543 5.745162 
0.210734 -0.398237 0.685376 0.420366 -1.926467 1.780759 -11.437121 
1.039799 0.151411 -0.216296 -0.300600 15.066785 4.813489 15.391189 
0.589256 -0.398041 -0.116268 0.138795 9.887866 -8.307433 11.211118 
0.193774 0.203626 0.951317 -0.447567 -13.662633 6.961107 7.750014 
0.204408 -0.712335 0.201922 -0.120257 5.803742 -0.933681 -13.401268 
0.203976 -0.009784 0.247725 0.770212 -25.547863 5.305156 1.027367 
0.100379 0.077234 0.116708 -0.027878 -7.692381 -17.453193 -5.847835 
0.224716 0.421811 -0.585695 0.504763 0.387747 2.067512 22.212197 
0.736908 0.306701 0.017033 0.288813 5.043501 30.029351 0.434892 
0.183623 0.531609 0.348205 -0.924950 10.107514 2.825647 -4.551534 
5.763363 -0.564714 -0.672980 -0.212233 -4.753179 -11.547294 -1.707803 
0.155563 -0.479336 -0.434183 -0.315203 9.152800 7.579752 6.834345 
0.205052 0.273972 0.645091 -0.269360 -16.817227 11.771530 11.741104 
0.256881 -0.137453 -0.138120 -0.801979 -8.066006 -16.841523 7.849350 
0.383592 0.027627 0.041033 0.920283 2.953162 -20.720260 -1.848117 
0.115189 -0.273651 0.567606 -0.885038 -14.774375 17.925008 6.601514 
0.144188 0.524636 -0.275873 0.282509 -13.450138 0.512281 7.897635 
0.208231 -0.100141 0.323079 -0.180378 -15.342249 6.264197 22.587591 
0.523071 -0.853484 0.250077 -0.603092 -3.435333 -8.118657 5.187569 
0.460238 -0.581966 -0.075270 1.222553 10.828043 0.361383 13.482317 
0.500482 0.463957 0.101740 -0.666577 -1.467193 15.243493 -4.154586 
0.190881 -0.321054 0.536725 0.776612 19.444571 4.860501 19.332366 
0.095002 0.230327 0.617351 0.101310 4.415544 0.736013 -2.473536 
0.282526 0.749180 0.043453 -0.421266 1.801009 -3.399261 10.699628 
7.200905 0.172099 -0.049288 0.722383 -15.838278 6.791898 16.722812 
0.639887 -0.219072 0.530130 0.713412 -21.023187 3.232450 -7.601764 
0.088337 0.037438 0.087009 0.144397 3.222390 -16.821059 6.385129 
3.427020 0.277991 -0.318389 0.414324 13.048761 -2.828059 14.086439 
0.286232 0.111651 0.148082 -0.287510 -11.593675 -20.682945 1.188761 
0.111446 0.067292 0.101817 0.511682 -8.567239 15.914926 17.862305 
0.194955 0.431347 -0.119141 -0.148984 -1.724700 11.633292 3.591883 
0.190041 -0.166637 -0.024453 0.515029 -22.229409 5.687172 -7.764732 
0.170109 -0.166301 0.545224 0.137573 -8.467930 7.145852 13.940274 
0.162386 0.368184 -0.351132 0.453554 -17.753240 6.002034 9.933368 
1.166044 0.605448 -0.562326 0.657954 12.122605 10.607178 23.404806 
0.584740 1.279521 0.266593 0.341691 6.579350 -1.711414 3.074386 
0.396613 0.224724 -1.232499 -0.309505 -8.887425 -6.673047 -11.323355 
2.418064 0.098097 0.040507 0.236937 -15.508535 9.910690 -5.099888 
1.010429 -0.714905 0.470257 0.200501 2.571182 -5.516446 0.324657 
2.532142 -1.313581 0.348289 0.008829 -6.137141 -6.363822 -0.799522 
0.107929 0.273865 1.034061 0.608050 5.982809 -0.556028 5.074214 
0.167175 -0.639656 -0.006161 -0.799446 -3.282732 -1.102930 -5.348056 
0.254952 0.939546 -0.901848 -0.110111 12.657501 -0.322905 -11.065567 
0.429694 -0.333111 -0.312820 0.403966 17.244717 9.349504 17.505893 
0.496826 -0.513689 -0.175956 -0.631803 6.187653 -4.294933 8.757035 
0.121547 0.513110 -0.316884 0.440740 6.597473 -32.081446 -3.238151 
0.215928 -0.075055 -0.346445 0.386964 -0.728499 24.009264 3.220861 
0.270339 0.040352 0.997629 0.601795 -8.688544 -3.109700 0.744340 
0.080083 -0.738085 0.258121 0.291012 3.656530 2.137607 16.795647 
0.272801 0.538614 -0.464975 -0.053395 10.428574 -0.724278 3.603504 
0.248941 -0.821579 -0.288951 0.649130 8.109804 -8.091079 6.223047 
0.198171 0.052749 -0.115214 0.338308 0.792591 -19.206157 -5.836192 
0.125940 0.102265 -0.417504 0.155076 -1.857028 18.119066 4.705761 
0.397489 0.032652 -0.228315 0.381438 11.460090 -6.120649 9.245233 
0.109822 0.334568 0.234219 0.354851 31.172479 0.600778 -4.011114 
1.950578 -0.358363 0.746445 -0.369066 -4.760931 -9.114122 5.891262 
0.085723 -0.070435 -0.169906 -0.310643 -6.454396 10.506359 12.738053 
0.261677 -0.095787 -0.005594 -0.255725 14.130846 14.575697 2.012544 
0.410668 -0.618924 1.016989 0.256692 5.396133 5.428069 13.826700 
0.278253 -0.120995 -0.382027 -0.082118 13.076745 -8.130007 15.239987 
0.362834 0.010715 -0.482002 0.169394 -15.144610 11.874650 6.840366 
0.191416 1.423117 -0.317521 0.017425 32.756477 11.663899 -4.480276 
0.204516 0.349887 -0.482783 -0.854868 11.484637 -3.328830 -4.455337 
0.119244 0.228173 1.124106 0.100245 -1.201232 -1.453013 10.444669 
0.394798 -0.422647 0.265305 -0.575531 2.151324 -6.836779 -1.316550 
0.108074 -0.031289 -0.142734 0.228452 2.867277 14.344608 -20.739948 
1.687457 0.671685 1.526790 -0.217444 15.334507 19.047412 6.571585 
0.142585 -0.346928 -0.764746 -0.068055 2.325808 3.082804 -8.592341 
0.999592 0.250798 -0.094534 0.091644 -8.620773 17.549355 -22.941154 
0.835224 0.891366 -0.721480 -0.112524 14.410450 11.291906 -0.910264 
0.133760 -0.405858 -0.614612 -0.331487 -16.753549 -5.599699 4.374355 
2.914902 -0.034402 0.097508 0.084592 27.674989 -12.550448 1.564980 
0.289537 0.060538 -0.101061 0.344846 -13.925736 -18.348091 0.777539 
0.111589 -0.248593 0.128091 0.260427 5.213849 8.642926 10.057687 
0.666435 -0.194095 -0.152614 -0.073130 4.475358 25.905545 0.925549 
0.118124 -0.422020 -0.334722 0.017900 2.310140 -9.313775 9.319967 
0.082017 0.169129 -0.355614 0.415409 -11.336014 11.394167 7.802090 
0.384643 -0.727626 -0.232851 0.212978 1.670675 -7.779905 -8.795465 
0.170390 0.162898 0.224038 0.193801 -14.191853 13.481463 21.329723 
0.164634 -0.175977 0.512822 -0.339844 -8.087653 -7.020711 9.689313 
0.710018 -0.621274 0.619726 0.231037 -8.583115 16.693614 10.701633 
0.490174 0.231282 -0.179066 0.594153 -6.416924 -4.360171 -17.041854 
0.209872 -0.133767 -0.493423 0.724240 -6.716930 9.221893 16.171240 
0.191407 -1.297569 -0.819199 -0.481198 -8.449880 -3.336788 -16.019133 
0.086220 0.191905 0.059633 -0.253110 25.770467 -1.730733 6.883414 
0.253249 0.345339 -0.664348 -0.055004 0.485289 13.709862 3.650071 
0.443660 0.189845 -0.045479 -0.103190 10.706451 14.264904 -4.812294 
1.478874 0.705488 0.399096 0.265963 4.855246 11.952879 6.481772 
0.997008 0.657158 0.534294 0.210344 -8.898053 -6.887636 -0.968083 
0.119733 -0.721856 0.779164 -0.728184 1.135926 -0.869719 -13.013694 
0.155712 -0.891765 -0.561475 0.579358 -4.577977 3.209307 4.217668 
0.248140 0.250931 -0.213082 -0.113298 28.880781 2.835705 -0.430981 
0.211986 -0.303592 -0.367762 1.539412 -8.836341 -12.640714 13.635227 
3.164370 0.125108 -0.143962 -0.695472 7.986301 12.945956 6.078046 
7.811175 -0.320665 0.867937 -0.202895 3.214913 0.235010 -1.412688 
0.119711 -0.587307 0.090687 -0.133132 -1.928965 -1.097896 19.450999 
0.081905 -0.260199 1.338924 0.385856 -0.343213 12.327473 3.225762 
0.128974 0.123443 0.680833 0.099168 -10.140990 -9.661192 13.223026 
0.098410 0.196735 -0.033912 0.179410 -20.464527 -1.767627 -7.935487 
0.208666 -0.649477 -0.317031 -0.220173 -8.237770 4.558546 21.204552 
0.338702 -0.493670 -0.138341 -0.250558 3.224851 -22.885049 10.781203 
0.270406 -0.753946 -0.355865 -0.178412 2.658391 -6.191459 -16.001292 
0.261780 -0.506479 0.451367 -0.652439 5.553176 -1.080829 2.327703 
0.198271 -0.148843 -0.543672 0.415763 12.104500 6.716495 -5.470260 
0.547947 -0.563649 -0.311230 -0.186761 5.888532 0.821408 7.253121 
0.084496 -0.109118 1.211884 -0.137910 -6.049906 3.839403 11.577671 
0.547853 0.031629 0.354104 0.049178 -0.395526 -14.382591 2.979352 
0.124445 0.391379 -0.598677 -0.022844 -0.442147 8.419811 10.740780 
0.573077 -0.304020 0.132701 0.047139 -1.200782 9.921415 -16.936200 
0.415176 -0.168900 0.236372 -0.201069 5.562092 -18.803502 -13.265569 
0.878922 0.314820 0.782392 -0.366691 -4.719760 -8.412387 -14.358818 
0.094683 -0.305053 0.994262 -1.000570 -2.510031 0.056348 -10.921018 
3.025229 -0.986137 0.875933 0.250395 -1.329306 15.703059 -7.314903 
0.102725 0.095540 0.516837 -0.399277 -15.695950 -13.151364 -5.752729 
1.385436 -1.095054 -0.362450 0.077061 -19.705630 10.993004 7.610886 
0.188343 0.121667 -0.057349 -0.282766 22.286332 -11.309298 5.371796 
0.308804 -0.510306 0.347458 0.620289 14.837283 10.793020 2.720833 
0.266901 0.045157 0.844678 0.128679 24.351165 10.643883 5.410365 
0.352073 0.628860 -0.070131 -0.994402 -6.242356 -4.356058 -5.096611 
0.588656 0.006352 -0.480166 -0.799853 14.485520 -8.050638 -13.884223 
0.105091 -0.296081 -0.328843 0.285197 -6.502607 3.516646 0.520576 
0.147682 0.219228 0.268383 -0.849130 16.846199 -6.516403 -0.488986 
0.179358 0.577219 -0.347615 -0.030706 -9.471232 8.677260 -7.971564 
0.522896 0.222077 0.167638 0.116552 14.708101 -15.059993 1.713513 
0.141510 0.181748 -0.082202 -0.239454 17.259955 -11.868977 -10.691644 
0.105633 -0.206970 0.242406 -0.385290 -4.753785 -1.456660 -4.729063 
1.115389 0.039943 0.022694 -0.503431 7.278838 -10.177930 2.189975 
0.100224 1.343601 -0.640002 0.382732 14.449981 -12.753698 -7.137811 
3.043771 0.751573 -0.175421 -1.350313 12.725721 -3.404893 -11.102096 
1.677124 0.024272 -0.723794 0.755577 6.755246 -7.007979 -2.009111 
0.154714 -1.452318 -0.324237 -0.066004 -8.772478 -7.356094 -5.908427 
0.509531 0.119002 -0.114373 0.267603 15.157690 8.023108 8.897320 
0.118595 0.721530 -0.539381 0.617668 5.408486 2.548725 3.444967 
0.192470 0.256544 0.027241 0.077309 25.895413 -5.309273 8.899546 
0.156661 -0.092623 -0.921663 0.670148 2.417271 0.908807 18.441861 
0.269171 0.368960 0.069880 0.402763 5.092806 4.402431 -11.028630 
0.275015 0.513319 -0.077595 0.319387 -17.009171 11.265566 7.173620 
0.133107 0.255588 -0.044491 -0.445068 -14.862832 6.397296 8.718092 
0.116244 0.409515 -0.211551 0.231472 6.866088 -17.616912 4.063404 
0.262815 0.032551 0.084712 0.590422 -9.035400 -21.572634 11.618019 
0.152197 0.517279 0.008908 -0.343100 -15.712799 7.197306 -21.093742 
0.591538 0.562115 -0.530673 -0.040598 4.002050 -14.960876 -24.089300 
0.273814 -0.698012 -0.578108 -0.118132 1.811480 1.642441 2.071378 
1.296377 0.167260 -0.192862 0.063584 -6.339509 24.011600 15.868347 
0.625099 -0.139913 -0.274515 -0.509259 3.290814 -10.246857 16.669881 
0.953431 -0.761268 -0.341686 0.253593 -18.628537 -8.033349 19.897001 
1.362864 -0.742964 0.153604 0.307490 3.865707 8.767156 -4.517410 
0.388981 0.352407 0.152726 -0.175507 -15.094041 9.230359 14.196953 
0.178332 0.406680 -0.569428 -0.387245 29.796160 0.025001 2.450544 
0.372184 -0.579482 -0.053072 0.700257 -7.538985 -11.171174 4.162635 
1.884918 -0.300525 0.180154 -0.282940 -27.321190 -0.159829 -0.145132 
0.093160 -0.944058 -0.307635 -0.584786 -5.022317 -7.070669 -4.490631 
0.093696 -0.024675 -0.524174 0.071909 5.820187 -9.614451 6.598146 
0.080850 1.287362 -0.363650 0.573935 10.123880 -17.824031 13.425918 
0.277717 -0.154661 -1.567267 0.332351 0.851625 -12.025275 16.177101 
0.330199 -0.303186 0.008815 0.414279 -10.224001 17.308131 9.367905 
1.020862 -0.262912 0.576610 0.171338 18.628216 4.155279 -1.262874 
0.554068 0.051269 0.062815 0.180194 -18.215998 9.166984 14.939201 
0.410517 0.900129 -0.086826 0.020466 0.925819 -2.963523 14.503141 
2.241100 -0.088779 -0.231268 0.493512 -28.537739 8.848046 6.942583 
0.769947 -0.388741 -0.290762 0.775399 -9.444969 -4.822559 -14.010410 
0.085466 0.532313 0.451123 0.344173 -1.388450 -14.772926 -10.981831 
0.645582 0.038153 0.172850 0.664488 -7.857749 10.730742 -10.602143 
0.291207 0.351455 0.114515 -0.103557 28.777765 0.231638 -11.920512 
0.780826 1.057230 0.506568 0.019746 1.893419 21.319761 5.974621 
0.178041 -0.172458 0.010375 -0.043590 -8.475055 8.682436 14.557782 
0.111657 0.658293 -0.236151 0.018492 7.030663 9.826198 10.871346 
0.141933 -0.430549 0.500613 0.668243 -5.262396 -10.377106 -3.175462 
0.503658 0.352230 0.317033 -0.370477 -6.684327 -9.434327 12.973578 
0.266518 0.876493 -0.298918 -0.430685 -4.658039 -11.578559 -13.056908 
0.136578 0.056882 -0.122237 0.233747 28.269857 5.214318 8.553350 
0.126498 -0.162579 0.240068 0.058248 -19.577762 -13.926001 -14.376709 
0.081261 0.745882 0.949836 0.334627 20.717067 -3.154987 -1.564363 
0.167252 -0.055851 0.106689 0.073956 -6.278649 -3.775842 1.596358 
0.607244 -0.541715 1.487558 0.508218 -1.540806 14.917699 2.191797 
0.266741 0.014043 0.148805 -0.264101 -21.734408 10.095324 8.532769 
0.157175 0.589896 -0.234985 0.645663 -15.451465 -10.464580 21.678915 
0.366807 -0.262861 -0.278462 0.221435 10.201622 -15.880285 -17.692031 
1.030213 -0.122598 0.025025 0.758713 3.487149 1.610120 2.843421 
0.140945 1.167858 0.905025 -0.235065 15.159147 3.519143 9.528546 
0.288794 0.164884 -0.234306 0.279804 -12.356940 -2.622151 -23.532038 
0.182724 -0.343755 1.032245 0.341983 -11.278664 1.857779 -9.182065 
0.115248 -0.757857 0.793247 -0.046036 -15.973026 9.315957 4.970613 
1.012019 -0.405787 -0.522678 0.529328 0.599474 6.988320 -5.302865 
0.292049 -0.690975 0.459315 -0.122308 -11.738317 -14.428278 7.162836 
3.273691 -0.160170 0.031269 0.217239 4.479883 3.926994 18.657344 
0.507219 -0.020208 0.855272 -0.064436 -15.140898 8.213941 20.931441 
0.325723 -0.823227 0.044903 0.822030 -9.896048 8.102203 -6.795090 
0.153073 0.297570 1.073718 -0.780989 13.168170 4.093087 -32.017603 
0.229855 -0.180948 0.138689 0.331850 17.799252 11.004447 10.877305 
0.196589 -0.234743 -0.283455 -0.221644 4.791433 1.420684 -14.007970 
0.095001 0.289341 0.021426 -0.026556 -3.629448 5.385667 -26.712620 
0.458870 -1.023948 -0.787435 -0.125441 -3.247951 0.515542 -1.527266 
0.085890 -0.627409 1.228555 -0.194385 0.081531 17.749261 18.406133 
0.170408 0.523358 -0.221430 -0.085238 -12.550416 10.522284 -8.274153 
0.130084 0.258833 -0.477408 0.251835 -0.750104 -4.756459 -3.636996 
1.384359 -0.457456 -0.358564 -0.095398 -2.962833 3.680987 9.876799 
0.642711 -0.038533 -0.265403 -0.184645 -9.025161 9.840194 -10.736280 
0.176254 -0.857004 -0.354657 -0.311673 0.979880 2.113220 9.467646 
0.156623 -0.007796 -0.571265 0.101269 -22.530043 -9.731787 4.106827 
0.874755 0.242503 0.107884 -0.155398 -16.089327 -9.761583 -5.015147 
0.628183 -0.182259 0.537412 0.144432 0.294573 -10.728741 17.153078 
0.127719 0.539391 0.015879 -0.388315 15.539602 -7.715314 19.841036 
0.209256 0.296675 -0.214137 0.437120 -9.394784 -2.204364 10.862646 
0.393003 0.402395 0.122228 0.128458 16.118897 6.570979 -5.619144 
0.395444 -1.048071 -0.992102 -0.565613 -6.513563 -11.415866 3.226317 
0.150757 -0.441911 -0.255317 0.265056 15.707746 -16.525601 20.083051 
0.613619 0.283948 0.251002 -0.479014 18.134816 -5.558105 -23.494158 
0.371705 0.400784 -0.567893 0.140159 14.011527 12.828364 9.487397 
0.128172 0.091439 -0.178644 -0.331411 -1.526839 24.187092 6.916796 
1.227367 -0.720855 0.313813 0.156073 -17.303399 22.800852 10.388330 
1.287495 0.109497 -0.010142 0.015148 -7.492592 -10.628787 -9.197703 
0.285623 -0.387133 0.238357 0.270422 -17.943281 -16.305586 -13.157240 
0.186793 0.028442 -0.096692 0.479460 -4.377132 5.910344 -8.183481 
0.151928 0.883278 0.247281 0.124914 -2.736627 -5.993845 -6.595133 
0.107729 0.128327 -1.065783 0.142169 4.099387 -1.654359 -8.559090 
0.789450 0.045784 1.004469 0.557175 0.465568 -2.657076 -0.064738 
0.417882 0.631513 0.283856 -0.922158 13.662788 -0.524529 6.519309 
0.415458 0.128045 -1.584743 -0.663398 -5.367737 -21.587415 1.645868 
0.510419 0.518475 -0.457829 0.042784 -1.577977 16.236465 10.849617 
0.130425 0.521823 -0.234791 0.457750 -6.368061 -6.546512 12.201729 
0.312402 -0.722887 0.681247 -0.270573 7.208065 0.781841 0.303481 
0.489643 0.248653 0.043335 -1.461986 -3.049173 6.442839 -18.888272 
0.449688 0.077091 -0.419889 0.849371 17.201641 13.525292 11.146868 
4.640213 -0.935962 -1.658309 -1.710901 -8.321609 -24.925193 -34.927811 
0.102329 -0.605575 -0.470500 0.492472 11.662674 -5.291202 -0.876031 
0.088752 0.051873 -0.404238 0.328733 -29.707960 4.196585 6.788435 
0.124181 0.117270 -0.500646 0.585999 11.909507 -18.329989 3.055138 
0.142677 0.740191 -0.210558 0.019710 -9.991486 -6.578281 -13.026993 
0.646196 -0.727708 0.786696 0.218898 -5.045970 6.389499 -19.904584 
0.112694 -0.055927 0.457711 0.509312 -16.476556 -15.767618 3.072802 
0.176104 0.473194 -0.053309 0.925153 -7.475242 -8.695653 3.985739 
0.106965 -0.033318 -0.258235 -0.316644 -14.904754 -0.125705 13.677445 
0.330430 -0.544386 0.802509 0.127076 -9.706263 4.954965 0.403044 
1.059937 0.294051 -0.051037 0.077535 17.748917 -6.452824 -14.900029 
0.446854 0.020943 0.670671 -0.129131 3.442251 4.945830 -15.118925 
0.249843 0.170215 -0.049388 0.162235 -6.608276 26.809323 21.124279 
0.126972 -0.161011 -0.301095 -0.527454 -6.613455 1.279504 -5.725972 
0.148713 -0.411215 0.195528 0.200807 8.181079 -4.789522 16.739776 
0.153845 0.645397 0.487822 -0.031777 12.004128 10.948382 -5.808579 
1.523067 -0.106456 0.531231 0.027923 -1.381026 -12.351443 4.819817 
1.665441 0.212538 -0.875615 0.159978 4.322521 0.078748 -16.762678 
0.167356 0.296418 -0.166344 -0.091813 13.407500 19.467792 10.231107 
1.433413 1.575274 -0.505656 -0.163226 15.796999 -17.342363 1.099476 
0.264805 -0.161268 -0.945190 -0.063814 -14.147427 -13.736373 4.101609 
0.110793 -0.062207 -0.157663 0.511781 -5.385094 12.836215 -17.299137 
0.180061 -0.262039 0.519009 -0.265781 -4.848774 1.635378 3.557752 
0.195410 -0.127966 0.121831 -1.430321 -1.105512 2.056100 -8.591803 
0.091610 1.088558 0.431548 -0.308606 11.746097 5.170177 14.883129 
0.100160 0.112969 -0.552464 -0.316797 -13.326197 0.741831 2.704985 
0.329612 -0.442861 -0.134510 0.602217 -9.669584 3.171332 8.091505 
0.174903 0.139653 -1.124188 0.208139 -11.143648 -12.790343 -7.651695 
0.088879 -0.110379 -0.063733 0.022910 -15.905398 6.036420 -4.455806 
1.382242 -0.583746 0.055884 -0.950527 8.008520 -12.005026 -9.219122 
0.137418 0.442864 0.452938 0.370199 -16.915050 -6.508434 10.922158 
0.550522 -0.890291 -0.178968 -0.273037 -3.144143 -18.417560 8.852333 
0.977405 0.001637 0.739106 -0.334544 -11.544515 7.149204 -9.732807 
1.078071 -0.357728 0.416537 0.515838 1.136378 15.574808 -5.753454 
0.158053 -0.186701 -0.465267 -0.061948 14.761221 -29.198869 -2.426951 
0.173348 -0.240063 -0.040463 0.136648 10.013555 -3.267348 -14.396936 
0.082934 0.140860 -0.441374 0.955975 15.882193 5.476816 -0.065265 
0.136636 -0.179949 -0.003497 0.220602 -22.564037 -7.451147 19.733044 
0.143734 0.788624 0.387157 0.068123 -4.770710 2.413260 -10.330227 
0.441192 -0.568476 -0.046365 0.082181 -4.643625 10.962987 -11.716674 
0.419927 -0.480003 0.082548 0.499997 7.776706 -16.630500 -2.872874 
0.233936 0.405429 0.503429 0.567226 -19.278528 -0.206537 10.584624 
0.472655 -0.575913 -0.134112 -0.158649 -3.514399 -10.670112 -12.331481 
0.114863 -0.498358 0.201309 -0.012483 0.288853 5.218943 -23.020612 
0.090134 0.182091 0.046618 0.166941 11.549330 21.099466 -1.149015 
0.541043 0.507466 -0.048515 -0.497426 26.151478 -4.639076 9.006016 
0.282572 -0.104507 -0.213515 -0.015062 -28.433854 -4.479609 8.393339 
0.115642 0.819491 -0.515142 0.057377 9.952289 -12.509980 -0.130177 
0.081355 -0.294095 -0.089507 -0.859410 -24.355294 8.610053 -9.631020 
0.367829 -0.270616 -0.897065 0.231745 -5.247136 -0.174742 5.564752 
0.139629 -0.467455 -0.226217 -0.114790 3.164944 -20.745757 -1.263179 
1.352784 -0.476666 0.043750 0.316702 0.718834 -4.382823 -11.006229 
0.125255 -0.371195 0.418606 -0.128638 10.719554 -10.611204 -15.931006 
0.401327 -0.091529 -0.465552 1.202428 -1.113229 -5.492424 20.192475 
0.285734 -1.123968 -0.569270 -0.436677 -2.436149 -18.286964 1.372957 
0.395651 0.350174 -0.382188 -0.207995 21.270412 -7.338513 -2.750902 
0.293098 0.595552 -0.380672 0.418402 -9.346615 -4.813369 9.755972 
0.087827 -0.727448 0.530553 0.136536 7.976024 10.399758 8.576984 
0.145431 -0.723472 -0.476225 0.521874 -11.682621 1.954163 -16.408003 
0.180115 -0.500945 0.583542 -0.421264 -21.640132 8.619763 2.435962 
0.096200 -0.117994 -0.297260 0.033792 3.562363 -11.605766 -2.862425 
0.666776 -0.334815 -0.291153 0.518683 -23.066563 -11.598576 20.274586 
0.204329 0.101698 0.400483 -0.008816 -1.089993 -1.179798 9.618884 
0.115895 -0.102942 -0.408282 0.612820 5.972918 14.044854 -5.812717 
0.093908 -0.275606 -0.385041 -0.559305 5.450311 -7.856590 8.865790 
1.218377 -0.735345 -0.511080 0.425413 -6.997131 14.877369 7.780211 
1.577937 0.464419 0.488684 0.374329 -13.813044 -7.417489 5.876727 
0.624013 0.250972 -0.170026 0.600863 -5.809061 -9.860178 -7.574240 
0.094581 0.190852 0.922640 0.340296 13.744791 -6.008093 3.642998 
0.082735 -0.206651 -0.130376 -0.731267 3.222735 12.627786 1.679271 
0.117562 0.537822 -0.860108 0.130865 -3.489822 -4.165562 -16.117763 
0.104059 0.065923 -0.577146 0.349155 3.526556 -5.936130 -15.453042 
1.175398 0.235812 0.283764 0.637561 -8.901674 -9.281760 22.628836 
0.164169 0.693498 1.577150 -0.104587 15.553859 12.130448 -14.090293 
0.291452 -0.379914 0.389883 0.162709 -9.874652 -9.258968 -15.055885 
0.206673 -0.124153 -0.102982 0.187115 -19.342236 -20.779872 -4.508574 
1.289324 0.117859 0.553000 0.935196 18.734343 24.958434 1.647744 
0.086315 -0.009543 -0.058270 -0.401865 -13.468086 6.134527 -4.664174 
0.235153 -0.063901 0.329918 0.432608 2.780527 -19.819845 3.154553 
0.115719 0.341225 -0.358726 -1.110407 16.658769 -15.450411 -17.420053 
0.363410 -0.209579 -0.416885 -0.436351 10.349839 0.130994 9.399054 
1.751386 0.921244 0.229000 -0.475803 12.678070 -5.490402 6.466086 
0.207984 -0.419493 -0.142924 0.464478 4.337420 -1.953845 -12.656923 
0.102911 0.174768 -0.927378 -0.490864 11.609147 -10.774007 8.415871 
0.178659 -0.489535 0.962841 0.174296 8.005052 4.336282 7.030337 
1.266026 -0.320231 0.772043 -0.444847 3.454247 -3.941424 -13.744746 
0.304509 0.555477 0.364690 0.434166 -1.853115 -15.768827 -0.903214 
0.111776 0.113339 -0.071063 0.217359 -20.486183 3.487151 -2.462554 
0.518423 -0.774401 0.299828 0.524917 -17.434900 -13.121347 25.658492 
0.412206 0.521977 -0.443873 0.182553 -15.677285 0.191025 15.744656 
0.151101 -0.162252 -0.159436 -0.624374 8.533191 11.483458 -0.438549 
0.220913 -0.232792 0.807707 -0.089678 11.097939 4.170979 6.069427 
1.412488 0.050114 0.055899 0.132860 7.796173 -7.906150 -22.949924 
13.278585 -0.058855 0.707671 0.288314 -13.194907 2.439075 9.324329 
1.463321 -0.433221 -0.361384 -0.159097 -15.507390 20.117543 4.693940 
0.120159 0.266475 -0.699789 0.481674 10.350991 11.534403 10.907234 
0.365350 -0.283397 0.642839 0.080278 8.157141 -8.830903 7.695292 
0.105973 -0.375633 -0.347991 -0.601470 -4.105985 0.658709 14.216388 
0.295892 -0.745003 -0.467716 -0.132147 3.706480 5.539692 10.160731 
0.206326 -0.482351 -0.003871 -0.165629 -3.033119 6.168552 2.713676 
0.093712 -1.276701 0.337596 -0.115283 -3.998128 7.350534 -1.638128 
0.095148 0.230811 -0.376492 0.359044 3.115501 12.092387 9.025186 
0.206538 0.188125 -0.731919 0.151259 -19.167689 -18.195649 6.183429 
0.086877 0.395462 0.509705 0.676977 -2.902424 -5.088332 -4.628649 
0.089099 -0.012834 -0.067954 0.858513 -7.779854 -17.371738 9.101464 
0.510706 -0.541093 0.074036 -0.307796 -17.174648 12.475894 14.380321 
0.209703 1.137748 -0.847890 -0.522453 18.216016 -4.255392 -5.279988 
0.558090 -0.186142 0.903025 -0.182887 -1.259306 -3.205174 13.697578 
0.094925 -0.097812 -0.287696 0.258631 7.749504 -5.475610 -19.370282 
0.169485 -0.027019 0.277236 -0.736084 1.179169 -11.442228 -7.337176 
1.190304 -1.016262 -0.609516 0.255019 -10.856045 -17.052456 4.827714 
0.229716 -0.118337 -0.204605 0.011568 -10.812569 -23.613534 -6.515776 
0.590880 0.012189 -0.251039 0.447925 -22.561547 -3.443609 -5.674762 
0.480535 0.351548 -0.045166 -0.017790 0.814441 8.329381 -2.735467 
0.234429 0.287291 0.179191 -0.249108 -20.593871 -6.549699 -10.084280 
0.582021 -0.683446 0.260271 0.071740 -16.712984 9.981843 -21.695255 
0.189197 0.481825 -0.609273 -0.623636 1.518692 -2.065536 -0.772902 
0.259575 -0.739002 0.251399 -0.604128 11.089808 2.241919 -13.816040 
0.447006 -0.024865 -0.112108 0.315891 -24.546062 15.453531 -9.149403 
0.147887 -0.548506 0.501029 0.170589 8.355259 -1.564538 3.982196 
0.231699 -0.257701 0.550292 -0.032453 1.035010 -12.064956 -2.994821 
0.453708 0.028765 -0.233745 -0.105751 9.213798 -13.298428 6.734042 
0.920339 -0.808964 0.705931 -0.698625 2.373777 12.361027 -12.387792 
0.955703 -0.099809 0.045781 -0.336501 -3.647872 15.315652 10.541474 
0.084577 0.281606 0.497328 -0.153874 3.892000 -4.620399 -12.283328 
0.160624 -0.267689 0.031934 0.024314 -3.628140 21.328895 10.916565 
1.172148 -0.037887 0.388590 0.237668 -2.961183 -0.012611 -20.404207 
0.760534 -0.272996 1.429927 -0.270009 9.311966 22.166914 14.799911 
0.114553 -0.710670 -0.370772 0.046442 10.015674 -15.928847 8.212734 
0.117572 0.616128 -0.339380 0.089477 16.581552 -28.087359 -5.623856 
0.762149 0.863854 1.530969 -1.501826 23.601152 33.064267 -10.186247 
0.232792 0.424604 -0.872103 -0.137972 0.527510 8.335989 -6.236119 
0.215009 0.007452 0.316910 -0.054849 -1.111268 4.277951 -3.952339 
2.204810 -0.177364 -0.187309 0.087499 -3.775113 19.387826 0.507146 
0.129032 -0.816614 -0.389643 1.694106 2.177055 -18.447527 38.314509 
0.374042 0.916219 0.455817 -0.331391 -1.261287 -1.617681 0.501510 
0.205433 0.127115 -0.169293 1.076335 -13.845992 17.869297 11.890175 
0.160079 0.456181 -0.622721 0.132528 -12.834399 1.792721 6.726884 
0.136090 -0.777034 0.674459 -0.414931 -12.982805 -4.176050 10.963772 
0.119841 0.269333 0.271788 -0.147341 7.279165 18.892778 16.661370 
0.201503 -0.848520 -0.046870 1.302297 -4.092415 -11.080670 13.127193 
0.611073 0.490563 0.128953 0.512441 -9.733455 -14.146182 -5.269301 
0.115016 0.667391 -0.007836 -1.270737 7.690324 -14.260223 -12.440206 
0.399244 0.343591 -0.483575 -0.012917 17.993615 -17.021143 7.152160 
0.131342 -0.536864 -0.479133 -0.924357 -3.732805 8.443368 -8.498377 
0.174201 0.051723 -0.901391 0.406616 -0.226571 1.884050 23.927325 
0.089275 -0.266570 0.086109 -0.017732 20.695811 1.532774 -8.886224 
0.438872 -0.325551 -0.429904 0.493954 16.418536 1.620943 4.119967 
0.085636 0.176646 0.020490 0.320057 17.823822 -5.519723 -7.700907 
0.582912 0.167414 0.035872 0.194420 -0.899145 1.706556 1.767760 
0.240412 -1.126268 -0.075910 -0.070193 -15.568278 -0.820514 21.458065 
0.226021 0.730252 0.071794 0.184866 -0.751106 4.799230 20.844719 
0.107205 0.210529 0.496272 -0.265005 -12.541844 -3.768038 -1.834898 
1.102835 -0.294698 -0.033411 0.034577 12.622918 0.995636 24.024234 
0.266126 -0.003228 0.642201 0.065918 -19.879991 10.145568 -14.762209 
0.409423 0.155357 1.168670 -0.537351 -9.764512 9.828111 -6.629351 
0.089384 -0.117640 0.464108 -0.227078 15.401614 -10.924093 -13.618344 
0.113871 -0.356894 -0.354993 -0.175898 9.685376 -7.142840 -8.377546 
0.746267 0.098159 1.483676 0.024077 -2.694719 8.704140 -8.631454 
0.219386 -0.721131 -0.527021 -0.289683 8.606525 -20.342888 -11.621219 
0.439077 0.459147 0.012185 -0.264961 -16.115509 5.380109 -17.437839 
1.444015 0.523030 -0.334373 0.150246 4.792812 -1.693071 -7.149784 
0.102731 0.265629 -0.962510 0.560709 9.143647 0.088908 2.522491 
0.202560 -0.523794 -0.210896 0.613299 11.071328 6.508913 13.844618 
0.091773 -0.232833 0.476358 0.191723 -1.438799 1.282795 -9.483351 
0.159646 -0.629658 0.776017 -0.710315 -6.771354 -5.455533 -4.922009 
0.210510 0.304928 0.681031 0.094348 -18.034142 -1.768223 1.554613 
0.129464 -0.320164 0.581042 -0.284142 7.551697 -0.112538 -2.052840 
0.235395 -0.195673 -0.570899 0.429412 -14.288268 11.342281 -2.843876 
0.392760 0.520435 0.424325 -0.352798 -6.669302 -11.005312 -6.631423 
0.340464 -0.096360 0.108126 -1.032303 3.741528 14.111367 -2.267824 
0.558675 -0.024572 -0.366860 0.343236 22.847215 4.199763 -5.300376 
0.269181 0.135022 -0.260648 0.552290 6.111423 -5.675285 22.415948 
0.080832 0.160422 0.481035 0.086554 6.124391 12.529389 24.262277 
0.161454 0.329673 0.003718 0.228348 -10.589089 -14.106616 -17.426725 
3.272843 0.084765 -0.038744 0.081783 -11.639422 1.981066 -10.540866 
0.126733 0.787715 0.017446 -0.157240 -3.681289 -18.991495 -5.454964 
0.147442 -0.471751 -1.154765 -0.512195 -3.240640 -28.456692 -1.467313 
0.234874 -0.001423 0.369132 -0.561532 -11.453832 9.726933 5.745186 
0.088322 0.393103 0.247628 -0.787075 -3.885694 6.681682 -14.567783 
0.124823 0.403553 -0.231262 -0.796450 -9.907718 2.356774 3.267597 
0.134972 0.582820 0.570759 0.495061 13.141483 10.226269 1.235702 
0.114632 -0.021215 -0.376647 0.375779 -1.245374 11.258614 5.858210 
0.145861 -0.570960 -0.460888 0.559459 9.205028 4.401451 -3.450014 
0.263366 -0.074199 -0.099336 -0.658894 -4.918232 3.880809 13.263056 
0.973808 0.285827 -0.322951 0.062422 -9.836254 10.329753 -3.896951 
1.966409 0.184952 -0.038450 0.150829 -2.988743 12.163118 -16.438475 
0.137245 -0.355532 0.031378 -0.659286 11.565219 -3.783062 -2.990477 
0.175886 -0.132321 0.256564 -0.273596 -11.219262 -10.212251 5.431879 
0.427154 -0.510192 0.201128 0.494581 -4.035833 -14.211154 9.666214 
0.305641 -0.448336 0.435180 -0.293562 -4.834118 -16.283869 -9.804749 
0.126873 0.124414 -0.248987 -0.147245 1.897924 -5.222787 4.757981 
0.202129 1.073445 -0.429145 0.463699 10.363661 -0.926104 21.028647 
0.103947 0.841261 0.464601 -0.183023 -5.354447 15.761973 4.628230 
0.160192 0.135060 -0.847174 0.282162 17.608391 -3.364248 8.193561 
0.087931 -0.379670 -0.014573 -0.451407 -11.324772 -5.527137 12.071696 
0.201166 -0.199562 0.182546 0.061685 -21.645494 -12.816220 16.060743 
0.129271 0.094832 -0.446724 0.661724 -15.025177 -1.753879 -4.018785 
0.244547 -0.368496 0.192583 -0.232154 -8.611970 -3.312759 23.779951 
