0.202999 -0.173324 1.066483 -0.899173 -1.314820 1.279603 -5.474664 
0.583882 0.611082 1.719776 0.730443 10.272990 2.673877 9.996144 
0.585149 -0.091186 0.039485 -0.850070 -7.600816 4.280020 -11.302510 
0.085689 -1.275346 0.274638 1.552962 -9.448298 13.479584 5.166914 
0.090936 -0.410620 0.327931 0.077423 -6.337137 -13.889291 3.790666 
0.457888 -1.158065 0.002703 0.500364 2.225627 -10.132521 -10.745341 
0.179449 -0.833066 -1.378651 -0.840033 -0.973218 2.894104 0.058637 
0.103175 0.870679 -1.761705 -0.353683 -2.372225 -7.234206 5.423918 
0.199182 3.425526 -1.261149 0.717437 12.029379 -8.415676 2.859420 
0.109107 0.607808 -2.087063 1.060956 -1.697906 -1.770849 5.231270 
0.232498 -0.526331 0.503887 -0.484153 -12.883198 14.766684 -0.600297 
0.683878 -1.046207 0.320297 -1.533835 -9.237573 -6.945808 -0.194307 
1.809017 0.261060 0.036882 -0.033842 3.479213 -2.303132 2.718640 
0.133767 2.432547 1.428921 -0.141881 13.529967 3.657303 5.937437 
0.207935 -1.401830 1.688827 -1.291031 -2.040257 11.367783 1.950003 
5.586845 0.276027 0.459344 -0.192915 -3.912363 3.018591 5.861982 
0.099031 0.039840 0.955259 0.888077 0.478187 14.637670 -4.409584 
0.095457 -0.802797 -0.066152 0.307657 -0.221082 6.598348 -12.860750 
0.166412 0.211909 -0.016009 -1.437399 -3.973403 -10.689575 -3.057926 
0.401973 -0.058148 -1.983287 0.477979 4.901394 -7.625975 10.504321 
0.149690 -1.066541 0.442475 0.939187 -16.867222 -3.535523 -3.017652 
0.135040 0.697889 0.550352 0.231245 4.719316 -3.978711 4.561784 
0.230700 0.603293 0.964130 -0.993366 -6.958807 6.353113 4.524880 
0.296048 -0.379253 0.784005 0.569963 -6.850341 21.120815 -1.433795 
0.089040 0.103142 0.246227 -0.317856 -8.618453 14.264552 -7.869216 
0.218861 1.577091 -0.792097 -0.520695 5.184208 3.129091 1.834594 
0.780326 0.800768 -1.132211 -1.170206 -2.935488 -7.489514 -1.379644 
0.110177 1.188550 1.791893 0.595364 -0.663402 3.456482 9.418597 
0.308745 1.914754 -2.286970 -1.211282 9.268989 -17.721741 -5.540789 
0.930095 -0.274387 0.029920 0.246888 -12.062185 -2.356086 11.389963 
0.154448 0.309998 0.620870 0.293264 -7.556034 -7.282669 6.190854 
0.449860 -0.671215 0.549320 0.772260 -7.035062 -15.998203 1.932995 
0.194281 0.615485 0.206170 -0.386319 7.232076 10.541551 -11.342723 
0.121470 -1.333032 0.123488 1.445413 -13.168056 -6.431110 -1.421372 
0.388680 -0.127381 0.756075 0.418233 -5.009890 -5.811626 18.813683 
0.552874 -0.030049 -2.346259 1.116649 -6.326865 -6.925029 10.729257 
0.107074 0.072475 -0.404085 0.633902 -2.773190 -10.123141 -9.631136 
0.218546 1.097833 2.051404 0.162302 -2.574057 4.086190 -1.682799 
0.118025 -0.694383 -0.718518 0.619835 1.692902 -0.963826 10.616204 
0.176826 -0.858333 0.336464 0.378491 -4.774328 9.334284 -14.924732 
0.123628 -0.267316 0.156854 -0.232984 -4.122926 8.928766 22.203676 
0.103987 1.843667 -0.240707 3.261734 14.454746 5.376063 15.686703 
1.612405 -0.394679 0.330324 -0.439109 1.199327 7.067244 -6.298690 
3.952128 -0.340406 1.698405 0.725187 0.597304 -5.709570 6.345455 
0.090817 0.052455 -0.161577 0.261620 -13.332304 2.175121 -0.737468 
0.094271 -0.027883 -0.655885 0.707113 -3.154562 -11.939272 14.157621 
0.105198 -1.192993 -0.443480 -1.495975 -11.759859 0.750710 2.394896 
0.122132 0.012362 0.179820 0.079339 11.506151 3.185130 1.730565 
0.167817 -0.877598 -0.538641 0.601085 -8.256364 13.790559 8.378658 
0.138488 -0.508191 -2.982490 -0.042015 1.218451 -11.555263 6.245483 
0.701272 2.819847 0.421500 -1.244928 21.961062 1.734647 0.141675 
0.367183 0.014441 -0.517036 1.500403 -0.673714 -8.342571 -3.795141 
0.116639 -0.449571 0.138184 0.155763 -14.772247 14.939100 11.558179 
0.156405 -1.069276 0.393096 -1.329544 -2.184499 0.473051 -1.987729 
0.118162 -1.092668 0.878868 0.342459 -12.736763 3.113622 -5.018853 
0.151293 -0.330198 0.206185 -1.210600 -4.358868 4.577415 -0.491408 
1.456612 -0.238961 0.314857 1.329830 2.560850 2.448421 2.340662 
0.095248 -0.298853 -0.463152 -0.143456 -6.282385 -1.120235 11.656358 
0.298886 -0.843159 0.628935 1.253837 -6.573155 3.615975 3.654736 
0.512636 -0.459745 -0.497793 0.836531 -3.542590 -12.307182 0.111584 
0.121466 1.837809 -2.433797 -2.922696 11.917720 -11.209529 -10.819673 
0.863813 0.309133 0.012280 -0.146809 10.448349 11.425365 11.392430 
0.283593 -0.293374 0.250882 0.745938 8.672892 9.660118 10.650822 
0.114183 -1.362374 1.530853 0.128119 -9.695769 1.677702 6.118119 
0.387857 -0.587858 -0.221419 -0.755092 -1.900794 6.693091 -10.485689 
0.102340 -0.981697 -1.249085 2.070957 -5.984997 -10.228829 6.500171 
1.423034 1.391350 1.020439 -0.204375 5.635641 -7.100320 -2.259401 
0.118440 0.290282 -0.361070 -0.060072 -6.607470 4.714653 -18.914501 
0.087317 -0.708406 0.605271 1.156272 -1.469731 6.366104 0.142184 
0.115648 -0.202267 0.179492 1.366599 -4.361713 10.036312 -0.999239 
0.335498 0.709642 -1.472890 -0.283335 5.958927 -0.862003 -11.402785 
0.109210 -0.563550 -0.213365 -0.029230 -2.096973 -8.962320 22.669059 
5.398343 -0.946760 -0.164094 0.116468 0.043620 -8.599076 2.447145 
0.438696 -0.016565 -0.793897 -0.819008 8.661184 0.626917 -4.280205 
0.102783 -0.596431 -0.411559 0.688101 -10.251730 5.887042 -2.418668 
0.317653 0.612159 2.683763 -2.107753 -3.533720 17.405775 -7.456471 
0.117399 -0.484704 0.289887 0.384250 1.752812 -10.626845 -4.740597 
0.135796 2.850966 -1.022373 0.697812 10.171314 -11.696589 3.920826 
0.139152 -0.581730 -0.189964 0.109869 -7.916030 -19.512070 0.436053 
0.081844 -0.763712 0.492394 -0.514945 -16.086755 3.517347 -4.042719 
0.210768 -0.632767 -0.079059 0.639583 -6.679229 2.458254 20.169621 
0.087151 0.564150 -0.332053 3.195639 9.236757 -4.198710 15.774179 
0.247564 -0.909024 -1.807281 -0.512564 -9.665459 -6.533315 -9.374254 
0.118055 -0.058081 -0.381713 -1.751249 -6.114416 7.152838 -3.522597 
0.133708 -0.358793 -0.365829 0.082021 0.726848 16.609445 5.482662 
0.137951 0.327656 0.442178 -0.437914 11.775066 1.225923 8.062472 
0.295736 -0.299006 1.422244 0.445159 -9.300500 -5.132183 1.566236 
0.093592 0.286371 -0.028556 -0.571164 -1.037968 -6.317342 0.284078 
0.180968 -0.756520 -0.432878 0.534807 -12.220941 -16.114057 2.709567 
1.058781 -0.427267 0.771567 0.699669 -13.884267 2.635737 10.416622 
0.086350 -0.058799 0.363520 0.122746 -4.257164 -1.129469 -13.536533 
0.263354 -0.679021 1.065184 0.165143 -4.474061 14.729820 -2.269447 
0.556778 -0.713163 -0.050119 0.846890 -15.800591 8.875523 8.884531 
0.139284 -1.086185 0.462146 0.665933 -14.801963 -3.195966 7.551677 
0.478468 -0.765058 -0.199395 0.530106 -10.355173 -5.772620 17.244165 
0.165293 -0.460075 1.263902 -0.278005 -4.806625 4.981055 0.419604 
0.493788 0.627953 -0.123304 -0.860170 2.335608 -0.011622 3.988302 
0.252788 -0.114121 0.491681 1.013394 -7.687783 3.746158 17.070444 
1.145613 -0.530146 -1.392801 0.741915 -11.794606 -2.956699 -1.822806 
0.388183 -0.074777 1.202824 1.582800 1.615793 5.461499 0.430479 
0.094407 -0.830402 0.976795 0.477716 -6.030452 7.278968 1.948149 
0.126740 -0.479522 0.598231 0.272807 -3.574847 -17.386418 -0.832137 
0.323270 0.051399 0.387481 -0.691335 7.311771 8.331739 2.672707 
0.198042 -1.631727 2.675622 0.181573 -13.174996 8.262915 4.373565 
1.167561 0.307389 0.450253 -0.646847 -4.719211 11.698779 -9.528649 
2.697368 0.506348 -0.053710 0.805956 -2.877592 -3.748410 3.740557 
0.376011 -1.601821 0.146930 -0.201377 -4.469467 7.946358 3.491737 
0.588263 -0.254847 0.657370 -0.966952 -1.086613 11.606160 -3.714251 
0.138650 -0.023037 0.843416 0.820876 -12.156546 -3.240971 16.522516 
0.373816 -0.091134 0.690688 -0.276055 -1.038564 13.894716 -19.230745 
0.401930 -0.372203 0.601060 -1.008124 -1.194603 -5.652638 6.224672 
0.263064 -0.056538 -0.187951 0.453399 -15.450619 -7.213711 1.430736 
0.459762 -0.679293 0.692157 1.165060 8.449178 14.749995 3.799476 
0.328088 -0.862159 -0.318865 -0.168675 -7.526392 -13.444979 1.043164 
0.860282 -0.408086 -0.345818 0.213940 11.513844 3.910476 -8.389681 
0.273055 -0.431843 -0.597141 0.617411 -10.014129 6.124336 -2.506012 
0.396253 -0.836364 0.274396 -0.083749 10.429345 13.311130 6.578257 
0.246288 -0.382999 -0.235523 0.251461 2.855747 -19.077725 -1.498665 
0.730294 -0.371818 -0.480641 0.221987 7.263863 -12.309753 -12.458313 
0.278430 -0.877894 -0.119320 0.250448 -9.127987 -16.983626 -7.306004 
0.151503 -0.109299 -0.684031 -1.990717 -3.847497 3.201482 -9.830090 
0.100432 0.395667 0.775743 0.426143 -12.125463 5.524140 9.246247 
0.082624 -0.925079 0.834830 -0.128613 5.422218 16.768485 -7.314845 
0.114711 1.304431 -1.100387 -1.653598 1.125360 -11.135720 -2.051123 
0.192666 -1.042448 0.085071 -1.224546 -14.200322 4.116842 1.443965 
0.287114 1.092049 -1.533511 -0.067968 4.148456 -4.104680 -11.391905 
0.585359 -0.247593 -0.210548 1.058762 -13.251680 -9.271940 -3.016180 
1.376095 0.208302 0.241485 0.024663 -10.315433 12.902769 -1.502865 
0.431641 0.638619 0.006586 -0.801594 -7.460863 14.014484 -0.461710 
0.136683 -0.131540 -0.371836 0.290303 9.009037 -5.594709 -1.736661 
0.323241 -0.488073 -0.118681 -0.588607 -17.667895 8.651034 -2.338173 
0.391024 -0.353900 0.647536 -0.112796 14.364375 3.537534 4.527691 
0.112116 -0.183221 0.125098 -0.170623 -4.086553 -15.414590 4.342966 
0.116547 0.232206 0.247822 0.214117 7.553071 -14.356846 1.399412 
0.952396 -0.845594 -0.024591 0.168590 -6.047122 16.591584 8.536670 
0.374161 0.029592 -0.939498 -0.228349 7.076763 -3.820026 6.458114 
0.178419 -1.322980 0.215456 0.037497 -14.276868 1.771883 -3.052722 
0.192961 -0.472036 0.410589 -1.910542 -10.618870 -5.232878 -8.535657 
0.763069 -0.061095 0.036505 1.085415 0.130935 -5.651488 -2.173876 
0.181019 -1.565199 -0.236609 0.258243 -15.174372 -8.531842 -9.668538 
0.393969 1.980822 3.096499 0.538785 10.872421 22.124055 9.158417 
0.408300 -0.511351 0.069592 0.026270 -18.101395 5.487049 6.255547 
0.506972 -0.431409 -0.870152 -0.596141 -13.290810 -5.752642 4.450892 
0.168852 0.124037 -0.057897 0.977376 -10.546021 15.686455 6.340508 
0.196085 0.505498 -0.295093 0.017130 -0.191887 -4.324276 1.877850 
0.836938 0.762554 -0.359172 -0.603544 -9.705844 8.268427 -4.320311 
0.701221 -0.360029 -0.911638 -0.275261 -5.742476 5.845807 -2.515100 
0.263429 -0.314018 -0.252773 0.258942 -3.186139 -13.233526 -2.633182 
0.151360 0.056394 -1.090010 2.162226 -9.850667 -5.840738 5.574477 
0.449375 -0.272603 -0.508332 -0.077085 -13.398486 -9.356944 5.552050 
0.108928 1.309902 -0.605934 1.209188 0.803946 -12.637659 1.808263 
0.090465 0.513454 0.418136 -0.445395 3.876346 9.472183 -15.623942 
0.531060 -0.452675 1.664438 2.453520 -9.271595 9.784149 5.862090 
0.272013 -1.366771 0.203362 0.723249 -5.870491 -8.056216 -5.327561 
0.127889 -0.823439 -0.067729 0.005713 -17.347841 2.067994 9.083640 
1.070260 0.152086 0.275156 0.238729 9.600973 11.915926 4.922976 
0.111702 -0.683161 0.580753 0.999906 3.782959 2.495361 17.767313 
0.275275 1.433613 -0.323833 0.538465 3.943779 5.581483 0.093181 
0.433814 -1.191561 0.022618 0.495714 -7.682113 10.453538 6.797446 
0.121123 -0.811094 0.308695 -1.362880 -7.623104 11.539128 -3.560080 
0.604561 -0.613623 0.743757 1.057969 6.976282 -8.321752 11.978035 
0.672200 0.183964 0.585602 1.611907 -10.456754 5.306428 5.172300 
0.485099 0.501123 2.254382 1.026390 -0.810949 3.608057 7.444035 
0.088968 -1.858465 0.810750 -0.038254 3.670788 7.009788 1.884955 
0.372330 -0.574449 -0.608819 0.063525 3.083129 -3.452685 8.520614 
0.427499 0.690948 -1.033093 1.851151 10.296884 -6.493441 1.152039 
0.148166 0.112087 -1.374240 -0.527549 -8.595582 -3.075070 2.732488 
0.205405 -0.097618 -1.448944 -0.662490 0.743020 -1.358240 4.841624 
0.273438 0.522531 0.872601 -0.132693 -7.711081 13.060453 -2.670381 
0.257004 0.922522 1.054608 -2.153853 2.339192 14.096664 -8.590897 
0.083821 0.044486 -0.307352 0.339208 3.242886 2.932874 -14.153558 
0.673429 -0.045174 0.006908 0.881834 2.781698 8.144650 -12.406532 
0.093338 0.263316 -0.768699 0.943742 1.769100 9.755129 -5.083128 
0.097693 -0.274663 0.579807 1.274186 -4.654056 4.414757 3.879795 
0.081727 0.169568 0.912180 0.267207 -3.049102 12.019454 -6.948777 
0.417045 -0.065463 0.314601 -0.081555 -18.030129 4.932072 7.808768 
0.387177 0.601527 -0.069725 -0.083216 14.159404 2.774108 -1.510876 
0.350927 -0.900809 1.068083 -0.095594 -1.641367 20.306424 -3.561844 
0.081891 -0.853926 -0.145430 -0.554361 -9.114274 0.229548 14.669386 
0.111530 -0.765806 0.362075 2.029081 -1.800008 -1.572514 7.564331 
0.729211 0.365797 0.517486 -0.286339 -8.789180 4.360574 -0.604870 
0.081209 -0.865235 0.087035 -0.047299 -6.832471 11.543966 -8.460616 
1.066327 -0.285201 0.486062 0.982335 -11.080688 -5.831150 10.895546 
0.844840 -0.472713 0.627922 0.021469 7.583223 8.352980 -7.937150 
0.286414 -0.590329 0.246919 -0.564547 -13.601157 8.069017 -8.915610 
0.108220 0.171835 -0.491475 -0.180840 -12.346185 -5.880613 -2.730379 
0.106446 1.560349 0.079472 -0.038740 7.959531 9.151215 0.297179 
1.618982 -1.023858 2.937070 -0.486707 -11.975197 10.742187 -6.616813 
0.126190 -0.549006 -0.344047 -0.426327 7.150665 -0.920401 7.808479 
0.666898 -0.497946 -0.014997 -0.365176 -10.071523 0.252079 -9.037630 
0.355266 -1.004365 0.135494 0.692642 -14.350587 0.432826 5.309342 
0.365762 -2.838538 -5.654238 -0.306577 -18.997800 -31.376800 -4.765365 
0.430606 -0.479888 0.351436 0.054622 -16.101968 -13.077909 -3.550492 
0.100431 1.035468 -0.522068 0.762042 11.801981 8.362800 -5.228744 
0.189647 -1.060154 0.567327 -0.185694 2.209890 7.653460 -6.170914 
0.132254 -0.525912 -0.525204 0.536695 5.623901 -0.375642 -7.188881 
0.500139 -1.537701 -0.372104 -1.574758 -11.571903 3.114074 -2.363704 
0.175237 -0.807133 1.330562 -0.877419 -12.077859 2.403718 -1.207705 
0.123696 -0.754730 -0.399093 0.457157 -8.601930 -16.262782 -5.974110 
0.195281 -0.638801 -0.336456 -1.368328 -1.322097 7.996822 -5.075219 
0.599939 -2.465132 -0.189249 -0.096958 -15.386626 5.277340 -8.635031 
0.192741 -0.523816 0.030163 0.467233 -4.627596 9.066969 -6.390682 
0.200778 0.859230 -0.349429 0.090566 -8.523291 -12.521407 -1.125530 
0.177472 -0.322662 -0.915969 -1.337209 -4.458925 7.445775 -10.004365 
0.127855 0.339711 -1.390424 0.020814 -0.804399 -0.121542 -7.167787 
0.220526 -0.106927 -0.459172 0.806587 -1.758070 4.518060 -4.076416 
0.627642 0.561142 -0.175478 0.389589 -3.016681 6.567490 -5.524191 
0.637465 -1.117687 0.899868 0.753592 -8.853986 8.821353 7.285277 
0.169117 0.205405 -0.654843 -0.498239 3.008996 9.022256 11.918645 
0.114784 -0.004467 -0.826722 -0.220606 3.525559 3.191691 -8.838372 
0.135557 -0.138724 1.361022 0.341070 -4.383872 3.843363 -2.825059 
0.579415 -0.381893 0.232648 0.962722 13.184680 9.048209 6.578943 
0.624848 1.566674 1.664255 -0.284290 8.078699 7.706592 3.190984 
0.385484 -1.470214 0.540084 1.197723 -1.369159 -6.805849 7.639605 
3.082417 -0.326784 0.569508 -0.161227 9.287083 8.759962 -4.155676 
0.310489 0.149826 -0.177209 1.616760 2.666874 8.539888 10.535707 
0.457154 0.289105 0.246440 -0.461037 -0.134180 -6.293813 -1.343362 
0.279294 -0.559249 -0.118135 -0.584374 0.765775 -6.627198 -11.327898 
0.089763 0.028564 -0.326519 -1.136828 -5.538727 4.760163 -6.157942 
1.249225 -1.104505 0.792624 0.659293 -1.512799 -4.945036 8.233875 
0.163561 0.836292 -0.852899 -0.198346 -2.122349 1.977136 -4.115093 
1.702665 -0.342753 0.633918 1.115987 2.486462 -1.116330 -4.081634 
0.087567 0.590073 1.604002 -0.226160 5.017869 1.157276 0.669359 
0.192231 -0.020112 0.003013 0.117483 -12.756077 -10.932993 -2.966556 
0.122081 -0.637204 -0.498248 -0.612932 -18.280448 -0.677139 3.072924 
0.088452 -0.111400 0.419844 0.566588 -4.441416 18.185814 -6.168966 
0.470758 -1.099564 -2.340537 0.679207 -2.691295 -4.230416 6.457674 
0.196106 -0.377676 0.433736 0.303503 -7.972683 1.985181 -3.437897 
0.163499 1.936508 -2.958759 -1.044264 13.451340 -15.739249 2.311550 
0.080867 2.465224 2.080034 -2.770227 20.711407 15.704076 -10.989464 
0.223604 -1.394083 0.104356 0.660561 -8.456361 2.028204 -4.228145 
0.155926 -1.087432 0.348973 0.781609 6.202503 -2.885839 -9.803880 
0.238387 -0.595607 -0.005644 -0.714153 -9.528019 -13.069746 1.423729 
0.106154 -0.417181 -0.287693 -0.715526 -7.303997 1.079091 3.565373 
0.169911 0.449179 -0.386854 0.119327 4.960357 -8.895536 15.894705 
0.113329 0.996391 0.874675 1.018699 -1.797578 0.677286 14.089588 
0.192419 1.535185 -2.526988 -0.794279 3.159601 -17.974091 -7.285318 
0.594225 0.284420 0.213133 0.748168 3.630931 2.938138 19.733007 
0.085164 -1.030185 -0.123339 -0.216377 -6.469925 -1.976749 14.397397 
0.117057 -0.742352 0.776261 0.505043 -6.759651 -1.628323 8.228221 
0.205043 -0.169680 0.833588 -0.279994 -7.828270 1.518247 1.531817 
0.234649 1.074823 -0.356183 0.382982 12.338972 7.901253 -4.655402 
0.487672 0.124093 0.893810 1.392738 -1.303465 0.835538 7.185889 
0.223182 -1.028380 -0.587835 0.053669 -14.470726 3.502363 3.791651 
2.476904 -0.421393 -0.533184 -1.079661 5.227696 8.380894 -6.954963 
0.441734 0.416981 0.574005 0.296440 -12.193352 3.473066 0.153693 
0.230397 -0.511163 -0.242434 0.028558 -20.791610 -3.310352 -11.828245 
0.689100 3.226493 1.854977 -2.291503 20.153828 6.692616 -8.874326 
0.815528 -2.502888 0.508056 0.924383 -9.384173 -2.920639 9.464027 
0.161492 0.420480 0.332829 -0.358782 -1.718813 -12.233692 -0.112295 
0.542296 2.696629 -1.018253 -0.532606 6.910336 -7.044204 0.362795 
0.146522 -1.140658 -0.334935 0.287999 -13.563880 -8.207360 -14.731849 
0.256037 -1.233072 -0.522537 -0.782788 4.222176 -8.676974 1.403533 
0.887681 -0.633310 0.303607 1.240473 5.234502 12.750776 -5.830110 
0.101372 -0.242032 0.290669 -0.428905 -6.749401 -6.956727 -7.208728 
0.141931 -0.677949 0.490848 -0.084585 -18.174354 -4.807856 -6.696562 
0.178446 -0.889903 0.792634 0.615094 7.730034 -2.006546 -0.531251 
0.083374 0.080651 -0.113186 0.258958 -10.229519 6.767929 19.723374 
0.376685 -0.022058 0.020761 0.631592 2.966290 5.997991 -17.656897 
0.585808 -0.907404 -1.229534 0.801661 -11.221940 4.330575 5.101289 
0.102075 0.519478 1.364900 0.370263 3.207956 5.941697 -4.723553 
0.086694 2.010906 1.575167 -0.015229 12.747505 6.381849 4.703766 
0.654455 0.047728 0.183905 -0.497938 -0.515085 6.280325 -9.548385 
0.442796 -1.094968 0.179036 0.034497 -6.077427 2.261631 16.014971 
0.103990 -0.376021 0.593110 -0.245631 4.583166 -12.805598 9.032718 
0.137893 -1.334539 -0.279333 -0.079651 -9.713130 6.610182 0.909580 
1.044939 0.689793 0.198745 -0.273242 -8.806285 4.489477 3.986782 
1.025335 0.275085 -0.223289 -0.549021 3.184501 6.139533 3.240841 
0.472835 -1.827780 0.408692 1.076614 -11.602819 5.096600 -5.118372 
0.672168 -2.686557 1.115987 0.935677 -14.043184 0.557076 13.076971 
0.208490 -2.012989 -1.626969 -0.209308 -3.853458 -10.123605 -0.827552 
0.292610 -1.255633 2.138966 1.005701 -3.738604 6.590169 11.469550 
0.111344 -0.286761 -0.209435 1.532914 -1.426199 5.152560 2.161508 
0.466067 0.165642 0.765579 0.285030 -8.555554 9.572079 -10.755656 
0.112109 -0.601515 -0.409360 0.245658 1.421905 1.157053 1.337055 
1.021373 -0.739212 0.107376 0.207590 4.535423 0.353166 -11.194814 
0.247245 -2.508110 -0.718494 1.707317 -18.986441 -0.718057 10.163212 
2.937998 -2.925221 -1.038168 0.606467 -10.063158 -7.317430 9.447260 
0.112201 -0.335081 -0.674566 -0.328236 -11.983790 5.101831 -1.883392 
0.941373 0.149008 0.384594 0.007231 -3.913816 -10.541188 -0.230064 
0.186332 1.138663 -0.113109 -1.123463 2.615130 3.583444 2.444077 
0.206312 -0.383216 0.809966 0.352080 4.577583 8.605252 11.457499 
0.087521 -0.265858 -0.069144 -0.058522 -9.141262 -18.620820 -13.561085 
0.337060 -0.681805 -0.698263 -0.079546 -12.762739 5.234845 3.698842 
0.506829 0.812072 0.433779 1.305954 5.938147 5.390334 -1.011538 
2.506229 -0.311903 1.577159 -0.157403 -13.397032 -0.242453 5.963039 
0.109658 -0.113376 -0.037196 -0.824019 -14.572827 -1.549224 -1.818822 
0.093631 -1.050754 0.833306 0.986048 -2.750751 5.087365 7.080298 
0.994606 0.228104 0.125424 0.493641 -16.348798 8.256869 -4.984785 
0.184780 1.773754 2.596745 -0.029386 3.582771 8.662177 -1.771736 
0.113864 -0.329545 0.754762 0.355473 -7.283526 3.020914 8.073326 
0.500571 2.820347 -0.553758 -1.678138 19.188653 4.434939 -8.053224 
0.375402 0.267677 -0.133131 -0.169854 -5.405317 5.031485 -17.383446 
0.121279 0.018053 0.088465 -0.749840 -13.885623 5.216601 -9.065466 
0.437171 0.502127 0.135051 -0.916599 -4.845055 -2.157398 -1.248524 
0.420529 -0.356279 0.885760 0.129125 -6.610121 9.139984 9.810126 
0.140832 -0.430297 0.623766 0.402077 -10.079820 10.757044 -7.822571 
0.317286 -0.567461 0.398300 0.292070 -7.171313 -7.744935 9.404153 
0.092539 1.196053 -0.592267 -0.372377 -5.136666 -5.064052 8.051854 
4.198783 0.152979 0.427554 0.290856 -0.915513 3.207101 9.717679 
0.435794 -1.518497 0.215198 0.342510 -19.002265 -3.983081 -2.139691 
0.299195 -0.583759 -0.601591 0.371337 -4.998439 4.723855 11.995565 
0.366428 -1.222127 0.119905 0.838156 2.223307 -6.140115 14.787459 
0.300202 -0.637346 0.145330 -0.002504 -5.619456 -6.972557 12.519006 
0.585186 -0.584266 0.385128 1.533632 -10.085350 9.131071 13.615373 
0.524509 -0.374968 -0.290788 0.264436 0.359558 9.373826 3.299119 
0.292083 0.363515 1.908802 0.754651 1.342614 -0.942261 11.544666 
0.107699 -0.512523 1.712751 2.049649 -6.867471 2.002175 11.184113 
0.744916 -0.703547 2.578435 0.657094 0.176627 14.349743 0.542634 
0.131940 -1.165231 2.485997 0.354966 -8.304748 8.719683 2.023563 
0.104491 -1.927311 -0.408103 2.072709 -14.399542 2.639456 11.346286 
0.504475 -0.283719 0.333826 0.095865 4.354470 1.709112 -1.548721 
0.159200 -0.360187 0.518298 -0.583139 3.754183 5.142485 0.708946 
0.144224 0.650601 3.185753 -0.520995 -1.894551 14.796338 4.300728 
0.221063 -1.052831 0.103293 -0.425114 -12.784527 -8.480578 9.612441 
0.339783 -0.412703 -0.429533 0.565379 -0.359954 5.724731 11.225627 
2.985742 1.506541 0.385836 -0.146648 2.436795 14.515948 -5.193466 
0.098040 0.206766 0.818093 -0.581672 4.021499 8.859652 4.026562 
0.364111 -0.983615 0.117753 -0.629437 -1.439319 8.850172 -2.730198 
0.144886 0.684505 0.414336 -0.146170 -4.228086 -2.674165 -9.025875 
0.360597 -0.277681 0.548654 -0.092606 0.908689 -7.389638 9.009065 
0.254317 -1.362805 -0.019997 -1.099777 -1.351570 -7.218729 4.482575 
0.555913 0.215258 0.815174 0.060729 -6.930871 11.925926 1.148071 
0.416651 -2.741060 -0.308836 -0.455067 -9.990229 -5.649223 -5.627322 
0.151008 -0.197955 1.703614 1.618989 0.470334 1.887463 -0.144770 
0.577563 0.106257 0.199275 0.001452 -0.166526 -6.708890 12.422699 
0.141965 1.775855 0.480754 3.467051 5.410858 -0.374767 20.876275 
0.120024 -1.153301 0.607446 0.418336 -11.103408 9.260387 -6.536411 
0.182852 1.655818 -0.636226 0.086613 9.782147 4.634347 -2.163465 
0.189724 -0.166457 0.435560 -1.298342 -6.830499 5.045429 -3.349121 
0.150160 0.112993 -1.381175 2.117087 -3.927436 -7.564629 12.616667 
1.373741 -4.067719 -0.494813 1.836629 -19.808233 2.154218 8.619043 
0.283453 0.110599 0.220631 0.436160 -18.667281 11.058983 -12.317919 
0.170281 -0.203401 0.888698 0.883412 9.739299 14.459410 0.995316 
1.505698 0.285717 -0.142497 0.109268 13.950770 -13.713944 -4.995976 
0.360047 -1.153246 0.071689 -0.374080 4.269655 -5.897501 3.007128 
0.588861 -0.985093 0.608688 0.483614 -4.805843 17.333083 8.741679 
0.381565 -1.131525 0.449592 0.525429 -3.284852 16.372192 0.203597 
0.166121 -0.280991 -1.005664 -0.235570 4.577209 0.002555 5.066996 
1.652096 -0.884569 0.699427 0.130166 -10.987171 4.905235 -1.276318 
0.215498 2.935050 -2.127865 0.777127 15.921481 -5.611505 0.734337 
0.524663 -0.241239 -0.224206 0.129180 0.242058 -9.431607 -14.328496 
0.489037 -1.245265 0.817232 0.074958 -5.610044 -1.783580 8.076419 
0.247044 -0.921054 0.232886 -0.205430 -6.741867 -0.317724 -15.400870 
0.408569 0.439271 0.560554 -0.374734 5.752408 -1.313607 -13.320933 
0.429966 -0.874706 -0.178887 -0.283482 -3.101609 -8.155689 -0.434136 
0.205030 1.413974 -1.251527 -0.031053 -0.192981 -5.966301 -3.435394 
0.104504 -0.209359 0.306626 -0.137295 -14.730108 2.547894 16.688848 
1.704172 0.305062 -0.498379 -1.608425 -4.035444 6.318008 -1.641831 
0.208973 0.678126 0.753794 -0.946811 -1.128867 -6.575006 2.962800 
4.631110 -1.342834 1.179347 1.363319 -0.612588 -3.857522 8.343978 
0.135103 0.070810 -0.101570 -0.280843 4.527930 7.116657 6.028922 
0.169606 0.459515 1.290817 -0.001887 -3.714787 3.924251 -10.878199 
0.567692 -1.600458 -0.787092 -0.450521 -5.893560 -9.817511 5.094126 
0.214292 -0.470926 0.213145 2.037853 -8.602175 6.039200 8.232322 
0.450345 0.054400 0.806555 0.866056 3.474768 7.758017 16.291561 
0.407103 -0.347320 -0.191986 0.521871 -0.925929 -4.956224 -0.182861 
0.846636 -1.014236 -0.288818 0.312478 -9.790136 -9.886859 5.090244 
0.123163 1.095812 -1.177067 -2.386322 2.580272 -7.511982 -6.867280 
0.120648 -0.488255 0.073421 -0.713543 -5.228922 -11.203389 6.898732 
0.387333 -0.919276 0.725134 0.773144 -13.073515 -9.323746 7.285901 
1.095352 -1.140501 0.334112 0.709386 -15.543831 -3.800134 -5.062382 
0.212730 0.255488 -0.205912 0.009934 -6.901695 3.735549 12.995530 
1.575080 -0.308718 0.849295 1.442017 1.432441 -6.930697 10.112880 
0.102042 0.226401 0.150609 0.977414 -7.901444 -7.701048 4.227175 
0.606266 -0.130788 0.666264 -0.275429 7.437187 1.635518 -5.524743 
0.250734 -1.015660 0.175320 -0.041382 -15.006486 2.739619 2.033288 
0.184902 -0.428424 1.256442 0.260795 2.853818 17.130493 1.540877 
0.348863 -0.453006 1.526987 -0.115218 11.888904 6.380700 -3.914728 
0.127948 0.063363 -1.001792 0.894260 -10.536992 -2.271416 0.264063 
0.127545 1.109424 0.712512 2.738831 -0.389916 10.231864 13.737300 
0.089378 0.888196 0.406549 0.571517 -2.329316 -9.975664 -3.996918 
0.220514 0.645444 0.242179 0.057226 3.312884 -7.422636 -11.358867 
0.195396 -0.134073 -0.811831 -0.541088 -16.973449 -0.103695 -7.479489 
4.245083 -1.114776 -0.237619 0.096294 2.679735 13.455127 -6.848311 
0.095817 -0.339527 0.176300 -0.624063 3.158662 -4.432154 0.427010 
0.569763 -1.198849 0.046954 0.477505 -2.373595 -8.035654 3.574561 
1.098164 -0.611102 0.858613 -0.201373 -3.678946 9.031348 -1.570606 
0.538990 0.455590 0.504779 1.126903 1.198756 -1.579791 17.666249 
1.288776 -1.326502 0.044210 0.134073 3.115279 -0.853685 -1.825241 
0.193816 -0.036270 0.352948 -0.610563 -6.647025 -5.086643 -6.586850 
0.378483 -0.585366 0.825633 0.316832 -17.461105 -11.322417 3.973330 
0.130333 0.150201 0.713588 0.337584 12.318020 -6.803021 -1.439925 
0.235233 -0.380541 -0.449630 -0.059380 -1.662465 -9.358640 18.428763 
0.474050 -0.727939 0.117981 -0.327853 -9.911229 -3.357978 9.156847 
0.170650 -0.731820 -0.538696 -0.017594 -11.561624 10.771247 2.755179 
0.551803 -0.707803 -0.392822 0.413893 13.833466 3.551577 1.115140 
0.131497 0.254613 0.105529 -0.359507 -4.126261 -9.223942 -6.966559 
0.367063 -1.266044 -0.365483 -0.027406 1.130999 -10.365779 9.390160 
0.237052 -0.213502 0.011507 0.404545 -3.429162 7.971261 18.817442 
0.979329 0.538539 0.030291 -0.187640 -0.123736 4.109086 -15.550719 
0.113309 0.653087 1.039259 0.015604 -4.498129 9.996271 -0.136497 
0.202812 1.676554 0.649379 -0.824748 11.569093 2.150756 7.356277 
0.145792 0.186581 1.175290 0.042411 -3.002869 0.385322 2.597648 
0.206856 -0.387669 -3.462435 -1.868873 -7.954806 -20.334934 -10.712106 
0.534870 0.033437 0.774355 0.061410 5.706849 -1.126440 1.155562 
0.091732 -0.785812 -0.338632 1.001773 3.476342 -7.915518 -2.379793 
0.094435 -0.529417 0.682795 0.706931 -6.638194 11.793808 -11.227259 
0.106821 -0.464107 0.722853 0.224611 -10.473939 13.934091 10.074398 
0.443043 0.779859 0.598182 -0.163023 -0.805061 2.907656 11.045931 
0.087582 -0.871071 0.052729 -0.184599 -6.734743 9.009258 14.775933 
0.159466 0.053424 -0.249789 0.410606 14.019411 -0.652938 -7.145343 
0.829727 -0.533709 0.483303 -0.457532 -8.232343 5.089307 10.232869 
0.093662 -0.298323 0.173283 1.199227 6.859656 -10.477543 -1.314898 
1.055006 -0.917306 0.412008 0.136917 5.177077 -7.210315 17.207376 
0.290595 0.199776 0.620441 1.349055 -6.184276 14.810831 5.638814 
0.226020 1.010265 -2.402769 4.176601 10.942223 -12.292089 21.231456 
0.258652 -0.144928 0.115014 -0.060353 2.102579 -9.899136 5.035246 
0.504080 -0.275678 -0.134741 0.705909 -15.850063 6.544133 5.520698 
0.133644 -0.906502 -0.740535 -2.830679 -9.779775 -11.507391 -13.625278 
0.102367 -0.972584 -0.261538 -0.145142 -3.559827 4.608563 -8.735290 
0.102733 0.567628 0.155063 0.903399 -5.554798 -6.617030 6.402792 
0.406103 -0.204219 -0.178385 -0.687667 -1.457165 3.377365 -6.352965 
0.170184 -0.536320 -0.201135 -1.201025 4.279607 11.056208 -0.386312 
0.080956 0.880076 2.386302 -0.865425 0.182877 14.932855 -6.984996 
0.171393 -0.855654 1.123156 -0.032451 0.138738 -5.555938 -7.755910 
0.103884 -0.508000 0.103933 0.426364 6.998942 -2.358628 6.418952 
0.287723 -0.028002 0.360941 -0.101019 -12.283065 5.618721 -10.143300 
0.707610 -0.485737 0.243811 1.506774 -3.118506 5.556128 -2.381484 
0.161798 -0.868433 -0.388781 0.705610 -8.654925 1.168593 1.088148 
0.495528 -1.762696 2.524673 0.686935 -5.941008 5.427089 0.745963 
0.081729 0.471260 0.758166 1.300921 -10.942317 3.565393 9.715707 
0.498673 0.257028 0.463263 -0.678155 -1.783754 16.586961 -11.507241 
0.189760 -0.944353 0.055132 1.158233 -3.652402 -3.491744 9.601224 
0.174582 1.185252 0.403451 1.000137 -5.372123 -1.892744 6.894724 
1.913197 -0.900106 1.406572 0.137269 -10.065463 2.854796 0.547761 
0.156957 -0.463520 0.998119 -0.582122 1.736904 -0.003394 -2.454518 
0.318637 -0.082521 -0.170681 -0.390601 -13.665627 -14.609206 -2.397697 
0.384886 -0.278462 1.101856 -0.121024 11.205948 16.512612 -8.716913 
0.094543 -0.998732 1.048034 -2.182257 3.624046 9.643168 -8.373269 
0.093801 0.297128 -0.622179 -0.593743 -10.847053 2.828645 -13.230596 
0.259589 0.146824 0.804358 1.408681 -2.313841 0.419522 6.344725 
0.331382 -0.114782 -0.272236 -0.145643 -3.597977 -5.490949 -3.259431 
0.597086 -0.748670 1.624356 -0.117217 6.075449 9.526128 1.958096 
0.244466 -0.552210 0.699523 -0.268706 1.320204 7.274862 -11.713108 
0.409757 -0.787983 0.309630 1.516290 -11.248335 12.245505 1.420297 
0.703460 0.108458 0.501265 0.930622 11.887664 -9.894698 0.488643 
0.129081 -0.178148 0.480623 0.592341 -9.920540 3.104063 -0.841918 
0.592856 0.758661 1.053314 0.584205 -3.759489 15.215948 -2.802477 
0.598064 -0.695602 0.115832 1.560937 -11.240118 -3.356258 5.680340 
0.315326 -1.616878 0.939355 0.832455 -12.990331 1.617640 0.628890 
0.830552 -0.829698 0.663231 0.283699 -10.448967 6.439001 13.614775 
0.107798 -0.646147 0.713209 0.761900 0.475279 -3.746762 -6.625472 
1.282747 0.475663 -0.837593 -1.018436 8.146454 3.784550 -7.813459 
0.179704 -0.611612 0.359294 0.984530 -8.059789 14.245989 4.500235 
0.226650 -0.223598 -0.855214 0.184034 -11.469283 2.682908 -5.745525 
0.213577 0.335659 1.577133 0.187559 2.950241 8.703353 -2.220721 
0.360054 -0.947020 -0.289816 -0.211314 0.841614 -2.012025 2.122172 
0.590465 -0.026593 0.454859 -0.222406 -13.617594 2.437054 9.659949 
0.323997 -0.441905 2.748309 -1.642419 -3.353862 18.748468 -1.913304 
0.080856 0.916318 -0.395813 0.929808 7.216512 10.576129 -4.919383 
0.143920 0.117367 1.456863 0.185585 -2.919656 -6.962597 4.014715 
0.128165 0.733255 0.665621 0.598858 -10.571170 6.249374 3.733126 
0.371144 0.075862 0.097421 -0.287547 3.159552 -17.933848 5.581466 
0.145470 -0.354869 0.622271 -1.235324 11.563886 -3.860171 -1.547525 
0.092657 -0.140744 1.031203 0.047775 2.377824 -0.477502 3.581119 
0.587126 2.153809 -1.131144 -1.915563 16.295604 -10.271303 -3.941049 
0.235289 -0.952149 0.293894 -0.044312 -10.803105 -1.873859 -12.938451 
0.569180 -0.702234 -0.179194 -0.230190 -14.206383 15.412107 3.461495 
0.093590 -0.796356 0.545568 0.539363 -4.115953 6.698950 -11.411431 
0.249342 -0.182007 0.039318 0.492077 -5.077250 15.983326 17.147736 
0.543855 2.084167 -0.642677 0.077783 8.835846 -6.604001 5.909089 
0.236315 2.264563 3.121378 -2.120134 14.639518 24.430583 -7.354007 
0.136931 0.344413 -0.767864 0.397498 1.200447 -12.647238 15.125386 
0.109437 -0.987776 -0.481321 -0.442680 -5.765818 9.771850 -11.309625 
0.915698 0.192563 -0.080251 -0.679706 -9.459552 -8.180679 -8.256905 
0.125769 0.094979 -0.436267 -0.160947 10.175465 2.858679 9.686360 
0.182221 -0.854163 -0.231465 -0.000286 -23.393764 -1.048023 -0.301446 
0.624303 -0.930251 0.013302 0.166070 0.872630 8.416681 -0.251459 
0.123119 -1.548827 0.726223 0.550653 -4.571638 2.669257 2.906143 
0.093277 0.172514 -0.452378 0.496465 -9.138014 -7.307717 -0.046681 
0.126609 -0.268639 -0.324089 1.119441 9.574850 11.218181 2.213488 
0.342755 -1.072568 1.838837 0.377831 -13.271882 10.521466 1.124459 
0.887808 1.183765 -1.462938 0.336550 1.041111 1.877964 1.805494 
0.718573 -0.239080 -0.496950 -0.638286 11.403876 1.028965 6.910625 
0.789225 -0.012030 0.926421 -0.256306 1.487922 -7.775448 -1.773635 
0.126531 -0.259091 0.452462 0.677072 -20.570629 1.307396 -1.544039 
0.685572 -0.073047 0.599500 -0.136681 -7.338097 8.421837 -3.047672 
0.342997 0.183976 -0.101635 -0.235055 -20.661348 8.068387 2.900468 
1.141486 -0.226040 0.627344 0.090667 -16.557600 -3.819926 -13.976217 
0.181571 -0.108834 0.158320 1.070633 5.153826 -1.806034 3.636534 
0.271737 -0.433675 -0.001434 0.609492 0.321713 -1.028348 -5.527126 
2.465276 -0.974622 -0.105376 0.074869 4.014773 -2.181269 -4.447470 
0.132761 0.567509 0.447136 0.077239 12.032025 8.394479 15.919786 
0.088416 -0.828895 -0.014233 0.418391 -22.627759 2.649474 -1.349143 
0.089291 -0.493236 -0.037803 0.538787 -6.597323 -11.971507 8.046508 
0.263350 -0.928493 -0.144818 -0.281489 -13.474934 -3.046341 6.827092 
0.423754 0.704570 0.686161 1.277184 -0.960313 16.495716 4.035012 
0.178200 -2.472006 -0.498214 -0.019441 -4.694365 3.720524 0.863653 
0.269147 -0.485067 -0.316772 -0.744997 5.094336 15.156041 -8.400057 
1.218772 -0.132689 -0.440685 0.595682 14.250219 -1.363566 4.566086 
0.195759 0.289449 -1.606697 1.072120 -4.273816 -7.291189 -2.004321 
0.310560 0.785820 -0.199660 0.653821 6.980994 -8.897311 0.214609 
0.132928 -0.573642 0.283699 -0.311328 1.684970 -5.774610 9.653013 
0.130606 -0.147146 -0.324436 -0.415807 2.923680 -16.925242 -9.638789 
0.180981 0.650128 2.929778 2.376497 0.833850 18.744437 15.137497 
8.040799 -0.405909 -0.356841 -0.044956 -13.098381 -0.445184 -1.649206 
0.080873 -1.139842 0.255318 -0.110402 -12.798002 -9.834626 -9.669577 
0.337684 0.460692 0.254579 2.017748 3.946008 -6.051108 2.799997 
0.727006 -1.738211 0.849915 0.978898 -3.569880 -3.035691 7.946093 
0.130102 -0.604312 -0.815293 0.411808 -3.203224 -10.426493 -3.360355 
0.107057 -0.401265 0.118490 1.554931 0.402527 15.206589 9.096771 
1.352041 0.114829 0.177912 -0.801037 6.665513 -0.428139 0.241083 
0.108970 -0.511699 0.338943 -0.521078 10.492222 5.226420 -6.230618 
0.148499 1.738497 0.576194 -1.392846 2.331748 -3.019145 -3.489838 
0.263983 0.005152 0.031003 -0.013234 -10.753115 14.943352 1.685700 
0.240265 -0.015727 1.331513 0.451167 5.416782 3.747662 5.620258 
0.217954 -0.287799 -0.004950 -0.195808 -6.136750 3.646516 4.482864 
0.444167 0.042666 -0.404315 -0.361630 3.815098 -18.187951 1.320683 
2.752555 -0.148921 1.062057 -1.565332 -3.951779 6.440557 -1.027837 
0.266546 0.844886 0.025854 -1.050081 0.140963 -2.812343 2.664222 
0.104305 -0.724341 0.504176 0.610897 15.440702 -3.763523 2.778781 
0.144490 0.965047 1.385713 -1.256791 -3.196803 6.620921 -10.667691 
0.094619 -0.240807 -0.163105 -0.034592 -11.682933 2.898136 0.687262 
0.144851 0.602945 0.317989 1.098461 7.003975 -5.722632 -5.810255 
0.132290 -1.005822 0.733347 1.389148 -9.404179 12.704803 -2.974708 
0.524424 -0.216955 0.116932 0.595466 -7.413621 9.787209 11.025631 
2.804970 2.245974 0.545074 0.456177 9.602677 1.451393 4.807506 
0.151725 -0.957189 0.363122 -0.254604 -18.287353 2.210956 -7.622129 
0.691052 -1.631402 -0.725046 0.290198 -3.694443 -10.197475 -4.149235 
0.123125 -2.556411 -1.330680 -1.185659 -11.203328 -1.122139 -4.344295 
0.095501 0.172670 0.613448 0.286553 -7.099336 2.749580 -3.690053 
0.082472 -0.028660 0.092750 0.049538 -2.105166 3.748348 -19.080763 
0.088000 0.672124 0.183714 0.792732 7.050757 2.824789 -6.060886 
0.106567 -0.764196 0.418884 0.308098 4.808653 0.246621 -1.798153 
0.083960 -1.007828 -0.643199 1.557012 -8.960992 1.121434 6.439802 
0.444394 -0.096605 0.973049 1.045673 -0.775578 3.350849 6.845075 
2.968598 -0.138893 -0.298355 0.291256 -2.899866 -1.406183 16.587030 
0.118415 -0.226933 0.000325 -0.411386 16.299307 -1.556743 -0.226399 
0.123056 -0.341130 0.532821 1.121195 1.740037 14.826149 1.710167 
0.111967 -0.307212 0.777743 0.090269 9.518243 -3.728945 6.293812 
0.095336 -0.144388 -0.335366 0.365055 0.727137 -0.055787 19.353975 
0.085245 -0.705079 0.140666 -0.310966 3.429014 1.704967 -3.860777 
0.219520 -1.333379 -0.191647 -0.137470 3.686914 6.359406 -8.651977 
0.269315 -0.686682 -0.493099 1.200410 -0.210662 10.539172 -2.807761 
0.084729 0.522635 -0.257540 0.730403 3.631569 3.577339 -0.190233 
0.193296 0.377365 0.442650 1.064431 -0.870597 19.652686 0.806706 
3.042533 -0.235208 -1.014731 -0.026413 2.681621 -2.753732 13.512140 
1.417540 1.760757 1.795837 -0.149886 4.662351 2.870568 4.356476 
0.348250 0.506209 -0.295343 0.403873 8.701846 -8.298872 -1.913758 
0.189420 0.663717 0.499428 0.731552 4.376803 5.858939 -3.576544 
0.222484 -0.117770 0.271257 -0.460654 -8.870951 10.161319 -10.468714 
0.319069 0.551882 0.350526 0.094094 9.261147 -0.290315 14.859650 
0.092091 0.229782 0.035366 0.150248 6.193657 10.344222 -14.816246 
0.486369 0.638598 -0.963539 0.000131 -5.460458 -4.131006 3.793676 
0.293964 0.096768 0.900891 -0.297413 -6.070293 -1.419351 -0.896187 
0.150389 -0.546600 0.966296 0.381500 1.476145 3.265977 4.249726 
0.098254 -1.060797 0.199494 0.820766 -10.108137 -1.164919 9.984046 
0.129777 0.081774 0.497979 0.088865 -7.533919 10.223368 -9.135980 
0.089968 0.184156 0.984143 -0.572418 -12.138551 -1.547765 -10.571255 
0.178187 0.340859 0.127395 -0.092410 -9.661029 1.171975 7.385833 
0.446547 0.043351 0.452995 0.077383 9.948954 -0.994436 -8.789488 
2.596189 -2.405619 -2.014336 -0.456857 -12.675666 -8.566386 3.634481 
0.941679 0.007985 0.172352 0.863299 1.038017 -6.340759 11.675970 
0.357477 -0.581011 -0.547381 0.370821 -1.290691 -16.621835 -2.969700 
0.233141 -1.439439 0.438469 -0.226532 -8.528450 -1.613407 -10.669804 
0.109886 0.291865 -0.031493 0.285837 14.453047 3.223953 9.000584 
0.103385 0.409013 0.370231 0.876604 -1.286024 -7.190042 4.267119 
0.307529 -1.318078 -1.433734 -1.987711 -2.619585 -8.952738 -2.540443 
0.224214 -0.659056 0.013255 -2.641331 3.050384 -7.136385 -13.162100 
0.688471 -0.419007 0.598386 -0.100745 -18.508857 11.827883 2.578886 
0.121886 0.448392 -0.765023 0.602336 -1.223107 4.055553 11.287725 
2.036878 2.081088 -1.554647 -0.619984 3.449916 -4.716968 -5.935571 
0.108772 -0.130661 1.284533 0.099749 2.004099 0.352458 -9.030946 
0.087214 -1.084112 -2.050137 -1.034618 0.160085 -8.173207 2.073756 
1.095005 -0.362919 -0.116164 -0.476624 -11.180118 -9.143086 3.683113 
0.462444 0.026453 -0.094883 -1.123307 -2.810077 1.445637 -7.035120 
1.195467 -0.369624 1.066692 -0.130326 -7.626437 9.331699 -5.910965 
0.124532 0.760241 0.555783 -0.173962 6.503306 11.742449 -7.878263 
0.239527 -1.009867 -0.301400 0.903717 -12.189657 2.019854 6.042806 
0.513647 0.181197 -0.363765 0.302848 -6.016388 -7.528604 -15.213635 
2.322161 0.581247 0.114678 -0.900475 6.306187 7.950131 9.170778 
1.749945 -0.129494 -0.246907 0.330958 -3.754185 1.735637 2.091036 
6.427225 0.023316 0.659961 -0.112166 9.134585 -1.776198 -1.507725 
0.187473 -0.567170 0.134668 0.817923 -3.568325 8.150515 9.623459 
0.080411 -1.244136 1.494209 1.081014 -1.397585 2.743793 0.658908 
0.084886 -0.244961 -0.154676 0.005924 18.342741 -6.993257 -9.752497 
0.210734 0.444366 -0.969087 0.115568 3.494547 -15.626338 7.704965 
1.039799 0.311621 0.505518 1.425703 -7.794381 5.256695 7.177184 
0.589256 0.451844 0.163324 0.243613 -5.105505 9.035410 -6.885430 
0.193774 -1.121107 0.083352 0.810078 -5.472089 -15.524225 9.015746 
0.204408 0.578494 -0.100969 0.301763 3.142860 4.867652 13.316217 
0.203976 -1.486979 0.173526 -0.348529 -1.369717 -3.926181 -9.241802 
0.100379 -0.026825 0.256977 0.004179 -1.570427 4.720976 -1.428900 
0.224716 -0.229170 0.372792 1.524941 -9.012243 10.677347 -1.361515 
0.736908 -0.819213 1.926259 0.275260 -12.302593 7.523699 -0.544914 
0.183623 0.928227 0.302718 -0.597622 -3.262573 -2.657154 8.679583 
5.763363 -0.396716 -0.346738 0.078188 6.652641 19.648875 2.228935 
0.155563 0.049877 0.286680 0.666818 -3.492014 2.878207 -0.505367 
0.205052 -1.343908 0.144399 1.010707 -4.138929 -11.286413 6.783323 
0.256881 -0.593386 -0.812494 0.886054 -1.290925 4.715786 12.995633 
0.383592 0.020908 -0.651634 -0.806733 -3.861706 6.237284 -14.948151 
0.115189 -1.327570 1.633865 0.641202 -4.720786 3.359255 16.022891 
0.144188 -1.013738 0.605554 -0.207382 -1.756038 3.923766 -8.752008 
0.208231 -0.674417 0.418720 1.410284 -0.148413 -2.814498 2.638067 
0.523071 0.132518 -0.215377 0.630942 13.881269 3.499863 6.519133 
0.460238 0.672729 0.020800 1.430909 8.952047 2.003241 -6.562574 
0.500482 -0.550887 0.558646 0.361094 -11.467699 -8.488941 17.288185 
0.190881 1.541960 0.477500 1.726208 13.754827 -2.539723 3.580096 
0.095002 -0.382076 -0.512988 -0.074962 -3.032264 -2.105214 1.448481 
0.282526 -0.809160 -0.088288 0.681185 -19.020272 1.972839 -0.211334 
7.200905 -1.235239 0.532895 0.682515 -6.471671 2.965937 -10.994659 
0.639887 -0.814400 -0.044575 -0.577953 7.515144 -9.050781 -4.055326 
0.088337 -0.187677 -0.239526 0.261459 -8.401982 9.926002 3.821068 
3.427020 0.152061 0.211120 0.396027 -10.241139 8.647895 -11.441225 
0.286232 -0.754808 -0.167166 0.778381 -1.789512 9.882396 2.482340 
0.111446 -1.010082 0.692700 0.721414 -7.163409 -2.259387 -8.244410 
0.194955 -1.300244 -0.031520 0.382940 -10.203044 -6.841141 -0.101144 
0.190041 -0.650046 0.387417 -0.275439 9.266257 0.660468 3.122508 
0.170109 -0.539896 -0.347876 -0.180562 12.661146 -7.089282 -14.446475 
0.162386 -0.895294 0.678416 -0.163530 2.674737 1.720927 -1.559077 
1.166044 1.232833 0.828239 2.418753 2.739342 12.770344 12.193622 
0.584740 0.986781 -0.023403 0.353862 -10.928937 -3.005966 -2.863463 
0.396613 -0.756349 -1.070609 -1.080245 -7.914874 7.639940 -2.667076 
2.418064 -0.133135 0.314696 0.181025 5.493283 -4.393260 4.445784 
1.010429 0.667204 -0.434078 -0.147229 2.789693 -3.634240 -3.653011 
2.532142 -0.518938 -0.209441 0.092204 23.917710 -2.553969 -0.599414 
0.107929 0.098691 -0.101782 0.190230 -12.476166 -15.541906 -12.680263 
0.167175 -0.072845 0.036043 0.077780 11.581900 4.360958 21.138261 
0.254952 1.628500 -0.445499 -1.020550 1.698405 6.478967 -5.974233 
0.429694 0.795353 0.958067 0.472537 1.832359 7.060930 -6.385672 
0.496826 -0.066824 0.683440 1.046573 -4.298200 11.375924 6.348411 
0.121547 0.597530 -2.814213 0.026524 -0.970984 -18.309022 -3.965177 
0.215928 -0.495621 2.026440 -0.392903 -1.131380 18.124801 -4.766350 
0.270339 -0.983417 -0.703511 -0.512710 -5.875788 -13.933150 -9.882001 
0.080083 0.489913 0.076499 0.383703 4.401827 -5.069502 -12.711944 
0.272801 -0.039192 0.456788 0.317008 -18.512531 8.883608 -2.028763 
0.248941 0.623739 0.001437 -0.098404 4.906157 13.733525 -14.503443 
0.198171 -0.257418 0.311635 -0.171517 0.267589 16.189963 6.366783 
0.125940 -0.676971 1.499178 0.225151 -8.277834 7.579818 -1.561410 
0.397489 -0.190068 0.250274 -0.062920 -14.435619 5.503328 -8.661033 
0.109822 2.098417 0.039233 -0.658755 9.495261 -2.892469 -8.403204 
1.950578 0.046297 -0.523809 0.798825 2.818102 -5.246254 2.549423 
0.085723 0.122105 0.292049 0.532791 -1.575891 -3.072826 -7.936696 
0.261677 -0.062375 -0.043254 0.662086 -8.606533 -4.702599 -0.566806 
0.410668 0.117589 0.228820 0.745225 1.971537 -15.726001 -7.454780 
0.278253 0.547401 0.331819 0.765167 -2.272123 8.596912 -4.532831 
0.362834 -0.620100 1.132424 0.564318 3.262103 5.905050 0.500897 
0.191416 4.457456 0.947887 -0.447212 25.847050 11.519102 -4.126662 
0.204516 1.008351 -0.335297 -0.512427 -0.720967 4.467884 8.450015 
0.119244 -0.451135 -0.422795 0.362925 -6.669467 -18.368026 -12.234868 
0.394798 0.089123 0.078211 0.650763 -1.100661 6.606803 8.321455 
0.108074 -0.295444 0.835970 -0.766951 -3.171783 1.112580 3.300225 
1.687457 2.086508 3.129202 0.502538 11.199434 12.093303 6.579143 
0.142585 0.037004 0.556022 0.421249 1.640164 5.686109 7.992632 
0.999592 -0.741731 0.435206 0.320754 1.149279 -7.797779 9.274052 
0.835224 1.272123 0.816236 0.063699 -4.936098 13.037240 2.993923 
0.133760 -1.231795 -0.578731 0.613261 1.316016 8.206782 6.906875 
2.914902 1.217660 -0.692546 0.150259 2.216307 -1.953114 0.327289 
0.289537 -1.111559 -0.358255 -0.064721 -1.252088 11.289414 -0.353906 
0.111589 -0.081154 0.076569 -0.396107 -4.959135 -0.519348 -2.557086 
0.666435 -0.048121 1.171320 0.538640 -4.710451 -0.325880 1.857289 
0.118124 0.352093 0.552921 0.299550 0.998120 12.302186 -8.317083 
0.082017 -0.618123 0.686536 -0.305681 2.312182 -4.230500 -6.035052 
0.384643 0.572945 0.453813 -0.142052 4.332201 14.726368 2.121579 
0.170390 -1.198887 0.350688 0.326137 -3.134727 -5.748195 -8.340107 
0.164634 0.056198 -0.424380 0.670803 4.762511 -5.543514 -4.076361 
0.710018 -0.693344 1.350747 0.783251 3.741180 -1.342943 0.405795 
0.490174 -0.381606 0.642106 -0.562725 -0.608689 7.632619 3.359998 
0.209872 -0.615229 1.044525 0.673458 -2.562828 10.765863 -11.431697 
0.191407 -1.697353 -0.888979 -1.842078 -0.859933 1.086205 -9.658723 
0.086220 1.155424 -0.183989 0.921429 -1.015608 -1.769234 7.544162 
0.253249 -0.974190 1.093763 0.239652 -13.872420 5.055555 -0.443670 
0.443660 -0.515776 0.306923 0.226550 -11.449691 -8.075222 -2.036760 
1.478874 -0.170072 0.663441 0.393781 -15.699945 -8.510028 -4.850174 
0.997008 -1.294897 -0.414174 0.020331 -9.204570 1.139839 0.686068 
0.119733 -0.226900 0.243156 -1.071140 6.894851 -7.213466 6.201334 
0.155712 -0.271560 0.604416 -0.220227 5.295552 13.538477 -18.846486 
0.248140 1.606502 0.415583 0.221908 3.654906 4.510451 2.431087 
0.211986 -1.118787 -1.475608 2.386990 -6.614254 -8.226286 4.388770 
3.164370 -0.125167 0.343262 0.888221 -9.612831 -4.631667 9.623751 
7.811175 0.101997 -0.496014 0.291212 2.339614 -1.744769 4.767719 
0.119711 0.472304 0.143857 0.403569 7.467994 6.730397 -11.473882 
0.081905 -0.524359 1.823223 0.461964 -5.812250 -1.796942 2.331301 
0.128974 -0.705397 -0.791058 0.057685 -0.071876 -2.613015 -10.559881 
0.098410 -0.453971 0.585212 0.075239 7.528044 0.412874 13.190224 
0.208666 0.204821 0.512579 1.199964 12.058677 5.411792 -0.990684 
0.338702 0.425192 -1.008247 1.279596 7.919897 1.040368 10.041975 
0.270406 0.591173 -0.296466 -0.475157 12.582011 7.243709 9.262678 
0.261780 0.263812 -0.075632 0.461581 -2.116640 -6.166712 5.185885 
0.198271 -0.233500 0.486058 -0.447472 -7.675750 -2.247999 0.913604 
0.547947 0.758077 0.584778 0.470290 1.135619 6.520701 -0.990751 
0.084496 -0.582463 0.144752 0.914934 -0.990632 -18.064710 3.469853 
0.547853 -0.228693 -0.210757 0.087611 -16.411402 11.933725 2.091843 
0.124445 -0.886634 0.890683 0.209796 -13.320559 5.908303 -8.100601 
0.573077 -0.044038 -0.099453 0.236796 -2.029184 -6.319563 2.644630 
0.415176 0.269274 -0.728457 0.127827 -3.960534 3.509341 8.896921 
0.878922 -0.525773 -0.662058 -0.307441 -5.660246 -9.066384 14.964614 
0.094683 -0.404372 0.469080 -1.351130 0.396132 -8.130107 4.335555 
3.025229 -0.341639 1.828765 -0.356133 8.445285 1.307665 -3.300965 
0.102725 -0.655694 -0.766185 0.624616 1.940711 -0.370836 9.550462 
1.385436 -2.155312 0.953597 0.743539 -3.281824 11.367821 4.837909 
0.188343 0.873214 -0.132844 0.725371 -4.409189 5.455737 3.852087 
0.308804 0.168795 -0.167254 -0.635694 -5.219954 -10.020670 -5.517643 
0.266901 1.871880 0.927776 0.555527 11.620684 -3.257424 2.455632 
0.352073 -0.498711 -0.263288 -0.340229 -11.418817 2.422515 19.150172 
0.588656 1.248729 -0.887989 -1.478363 8.480846 -1.321741 -1.993139 
0.105091 -0.145535 0.556958 -0.096508 1.522009 5.348519 -5.434181 
0.147682 1.061752 -0.489571 0.216634 -0.689999 -5.121391 14.394844 
0.179358 -0.896986 0.817179 0.525147 -4.982522 2.660944 11.088177 
0.522896 -0.034387 -0.654086 -0.249790 -10.823941 5.654715 -0.878086 
0.141510 0.729869 -0.401670 -0.069085 -5.674688 3.615744 6.195349 
0.105633 0.267627 0.116421 0.632569 5.775791 -0.509210 2.818720 
1.115389 -0.361732 0.048050 0.697107 -11.567076 7.180697 3.815604 
0.100224 2.340339 -1.737070 -0.586444 5.539884 -7.909155 -9.694872 
3.043771 1.750032 -0.463646 -2.020167 6.532519 -2.133095 -3.083350 
1.677124 0.130983 0.069713 -0.236909 -8.136062 19.580387 -9.448706 
0.154714 -1.617592 -0.757848 -0.517622 4.995755 -0.781468 -1.294092 
0.509531 -0.161763 0.249217 -0.069726 -14.203255 -7.819852 -7.148526 
0.118595 -0.140430 0.398954 0.173383 -17.965419 8.987478 -12.962348 
0.192470 0.793586 -0.420676 0.578590 -6.029663 -1.204136 1.160411 
0.156661 0.082869 0.100187 1.646231 -0.238396 13.386890 0.668943 
0.269171 -0.864345 -0.003540 -0.264343 -9.486755 -4.876754 9.018229 
0.275015 -1.331056 0.440109 -0.016536 -5.995365 -3.712241 -3.975589 
0.133107 -0.653089 0.381614 0.709209 -4.157612 -0.060213 -1.578351 
0.116244 -0.183055 -0.528853 0.203371 -11.607843 13.814821 -4.944528 
0.262815 -0.778741 -0.948006 0.046077 -3.695809 2.973174 -11.199798 
0.152197 -1.465360 0.450659 -0.909636 -14.074820 1.929441 4.367674 
0.591538 0.349215 -1.293575 -2.050431 -3.875372 -2.989879 -14.643498 
0.273814 0.360281 0.798626 0.120143 5.360063 12.128988 -2.771728 
1.296377 -0.755384 1.591505 0.486411 -7.408061 5.677864 -1.111102 
0.625099 0.022101 0.397559 1.231701 -1.550943 13.346803 4.804292 
0.953431 -1.597616 -0.857829 1.705674 -3.206844 -2.844409 8.184497 
1.362864 0.709804 -0.206897 -0.441762 8.862503 -8.161492 -0.595138 
0.388981 -1.162007 0.181975 0.416291 -2.969448 -2.488093 -7.502860 
0.178332 2.664465 -0.068540 0.292212 15.359910 6.132412 6.934217 
0.372184 -0.200823 -0.295606 -0.203025 6.725171 12.736087 -6.992014 
1.884918 -1.516479 0.158689 0.445592 2.565707 -0.784366 8.326822 
0.093160 -0.504371 -0.511487 -0.211243 11.997009 6.694566 12.648406 
0.093696 -0.132661 0.472444 0.031379 -10.364522 13.960646 -11.853471 
0.080850 1.860493 -2.033738 1.736449 2.954866 -13.631009 9.087386 
0.277717 -0.053510 -2.269120 1.869608 0.827250 -3.171382 12.373693 
0.330199 -0.528006 0.570290 -0.243378 2.416496 -11.515868 -3.689740 
1.020862 0.102637 -0.565022 -0.042081 -15.381483 -8.632123 -1.399484 
0.554068 -0.760924 -0.173724 0.076816 -2.122624 -14.590847 -6.643749 
0.410517 -0.546555 -0.021305 0.707877 -17.527469 4.586318 -6.270636 
2.241100 -1.382006 0.661630 -0.037024 2.033273 4.446412 -6.589058 
0.769947 0.232119 0.181706 -0.707710 9.940569 10.955284 -1.098823 
0.085466 -1.209453 -0.719243 -0.174132 -12.834014 0.001112 3.151428 
0.645582 -0.163521 0.018972 -0.793223 5.822853 -5.770944 -0.414357 
0.291207 2.137983 -0.023603 -0.726217 10.451402 -1.686283 -2.835834 
0.780826 0.468535 2.190176 0.562959 -9.095448 10.647282 4.081331 
0.178041 0.257459 0.286136 0.344102 1.950859 -3.681778 -8.619759 
0.111657 -0.361272 0.527350 0.501114 -14.773545 -0.095159 -7.503145 
0.141933 0.496128 -0.249207 -0.599597 7.421754 4.311607 -6.515198 
0.503658 -0.938697 -0.572337 1.300420 -10.064455 -1.793747 7.344365 
0.266518 -0.312190 -0.888657 -1.041375 -13.147607 0.705350 1.254368 
0.136578 1.301335 0.530892 0.389148 1.492138 3.681795 -2.051930 
0.126498 -0.696638 -0.895725 -0.235269 4.434781 -1.209546 4.119750 
0.081261 2.146427 0.007732 0.106486 7.266343 -11.012623 -0.522281 
0.167252 -0.133245 0.323098 -0.069007 0.687846 1.986501 -1.988076 
0.607244 -0.524592 2.305126 0.463072 1.008544 1.322020 -1.653684 
0.266741 0.003329 -0.742132 0.554395 10.255642 -13.302937 -6.261333 
0.157175 -1.504004 -0.728845 1.712638 -18.289384 -0.708636 3.018141 
0.366807 0.329515 0.168020 -0.516384 -4.133222 13.125981 4.387755 
1.030213 -0.148187 0.404859 -0.628893 -4.214907 -1.053474 -11.412832 
0.140945 2.141186 0.926704 0.785648 4.684583 -1.983821 8.510185 
0.288794 -0.712516 0.592974 -0.523209 0.162363 5.742812 7.060240 
0.182724 -0.582030 -0.232194 -0.283071 7.547604 -18.041469 5.989712 
0.115248 -1.372177 1.006889 0.650726 1.988246 -4.223338 6.183700 
1.012019 0.138333 0.617288 -0.394376 2.053627 3.112454 -1.926547 
0.292049 -0.126893 -0.499431 0.517196 12.293773 5.336681 -1.212106 
3.273691 -0.114316 0.069135 -0.087537 -8.472344 1.484164 -11.522320 
0.507219 -1.279181 0.079026 1.500260 -5.947266 -12.165341 5.996592 
0.325723 -0.224664 0.348519 -0.296258 18.644050 -6.070471 -2.004665 
0.153073 1.541177 1.182334 -3.766522 10.622792 -0.024254 -25.405827 
0.229855 0.188502 0.234629 -0.381755 -14.292505 -3.359975 -8.617173 
0.196589 0.108569 0.413859 0.111477 -0.575658 4.267662 3.292459 
0.095001 -0.676705 0.403902 -0.821432 -6.338341 1.243443 6.893989 
0.458870 -0.202261 0.154103 0.106149 15.609454 14.829806 8.084515 
0.085890 -0.313832 2.295364 1.613264 3.625463 4.970577 13.975500 
0.170408 -0.972132 1.107343 0.683652 -4.720224 5.469470 10.295901 
0.130084 -0.354795 0.774603 -0.182677 -5.516287 10.045514 1.065659 
1.384359 0.278145 0.623658 0.398286 2.133200 2.532810 -8.231886 
0.642711 -0.200822 0.366992 0.394067 1.392810 -8.540310 2.359707 
0.176254 0.447164 0.769585 0.523220 9.556300 10.804897 -6.214741 
0.156623 -1.405935 -0.104771 0.537155 -1.485297 10.858481 -0.148237 
0.874755 -0.616170 -0.051962 0.354806 1.501125 8.866974 -4.190265 
0.628183 -0.026867 -0.373059 -0.018136 -7.968890 7.623052 -8.699218 
0.127719 0.483207 -0.449571 1.652626 -8.339135 -0.959868 13.243713 
0.209256 -0.947515 0.591155 -0.224276 -3.944909 9.431348 -9.671660 
0.393003 -0.139457 0.163755 -0.211633 -18.352387 -3.448048 1.554411 
0.395444 -1.298021 -1.583990 -0.009315 0.971273 -0.501375 6.061781 
0.150757 1.144994 -0.881307 1.323501 11.302100 -0.380620 3.819291 
0.613619 1.591579 -0.456291 -2.124459 10.628906 -6.887139 -11.078411 
0.371705 0.057296 1.136360 0.545752 -14.630457 8.794748 -2.255108 
0.128172 -0.547370 1.001978 1.169796 -8.205392 -0.216820 8.491354 
1.227367 -1.401243 2.189722 1.041460 -1.335192 12.613855 7.130105 
1.287495 -0.351653 0.225357 0.171379 2.776023 7.710373 0.709359 
0.285623 -0.497440 -0.942556 -0.609445 7.880828 -2.809736 -0.976109 
0.186793 -0.291630 0.861880 -0.515350 1.174018 1.655270 2.180570 
0.151928 -1.037687 -0.084000 0.169478 -8.794458 13.001244 11.608888 
0.107729 0.027438 0.395875 -0.239880 -8.680646 23.225914 5.909566 
0.789450 -0.433543 -0.702700 -0.429684 -4.634476 -15.474079 -8.924323 
0.417882 1.143987 -0.015769 0.447224 -3.872291 -4.048711 14.518007 
0.415458 -0.476179 -3.440314 -0.336040 -5.611439 -14.344246 3.603075 
0.510419 -1.059429 1.030998 0.308287 -15.901301 3.232916 -4.234972 
0.130425 -0.638951 -0.413581 -0.056395 -13.848316 16.883619 -3.260890 
0.312402 0.582453 -0.918785 0.189138 3.697586 -17.671955 3.261235 
0.489643 -0.139708 0.692205 -2.858971 -3.782001 5.489754 -9.165733 
0.449688 1.133179 1.115474 0.677412 3.016878 11.162879 -7.593842 
4.640213 -1.776877 -4.224640 -5.340492 -7.548217 -23.183373 -32.910086 
0.102329 0.359002 0.735785 0.442614 1.232201 11.910242 -13.261895 
0.088752 -1.534469 1.056503 0.065282 -1.156599 11.387502 -6.964322 
0.124181 0.752660 -1.150667 0.206635 1.439748 1.845176 -6.198458 
0.142677 -1.048293 0.307696 0.179562 -7.623546 8.214253 14.029418 
0.646196 -0.362972 0.472218 -1.288173 7.322636 -7.799813 -5.882409 
0.112694 -0.731335 -0.901583 -0.121004 1.780664 0.061604 -7.062568 
0.176104 -0.627138 -0.082386 -0.123576 7.836183 13.503827 -11.758521 
0.106965 -0.610554 0.604262 1.219323 0.040123 11.029632 2.691568 
0.330430 -0.294129 0.044663 0.142977 16.150930 -14.113603 0.426794 
1.059937 0.422501 -0.133031 -0.596302 -9.064234 3.398844 2.513695 
0.446854 -0.243329 -0.172324 -0.235309 -4.235775 -14.711153 13.238947 
0.249843 -0.865107 1.457067 0.437409 -5.793441 3.917283 -3.552890 
0.126972 0.058355 0.323192 0.588186 7.193704 2.522657 15.045966 
0.148713 0.591627 -0.222120 0.503091 -4.112848 -3.004249 -3.808088 
0.153845 0.806191 0.873879 -0.337614 -5.959632 -2.009897 -0.157841 
1.523067 -0.150387 -0.983817 -0.138963 -2.034860 0.378697 -4.274757 
1.665441 -0.005671 0.411148 -0.761073 -8.391859 14.712239 4.457809 
0.167356 -0.332539 1.180494 0.857406 -12.463192 2.952353 2.342610 
1.433413 2.760437 -2.173561 0.002505 8.296227 -13.838525 1.548864 
0.264805 -1.359844 -1.142649 0.405812 -7.279986 5.768456 3.411515 
0.110793 0.040537 0.773749 -1.119224 2.167525 1.422604 -4.678406 
0.180061 -0.244948 -0.548295 0.506598 1.565373 -6.315511 0.844625 
0.195410 -0.160349 0.282940 -1.472733 0.000228 1.053530 6.952458 
0.091610 1.353956 0.594565 1.214859 -3.697705 -0.881518 11.430921 
0.100160 -0.579606 1.065114 0.630732 -1.844261 15.863903 1.629731 
0.329612 -0.221021 0.492067 -0.458755 6.360693 6.145048 -10.807996 
0.174903 -1.005558 -1.307810 -0.537403 -8.582880 6.016120 -4.997265 
0.088879 -0.299613 0.287068 -0.038730 2.684549 -0.659521 -10.910213 
1.382242 0.562872 -0.906965 -0.691622 8.623082 -4.370517 10.041727 
0.137418 -0.885924 -0.182929 -0.183827 2.910477 3.633215 1.726860 
0.550522 -0.126033 -1.231020 0.755008 10.056273 -0.728645 6.822324 
0.977405 -0.929124 0.178419 0.099941 0.919847 -13.030699 13.395234 
1.078071 -0.070799 0.900216 0.280002 -0.103058 -9.313382 -4.643770 
0.158053 1.259918 -2.303778 0.068543 11.499800 -11.503205 1.750471 
0.173348 -0.214901 0.186075 0.104314 -13.125351 1.052800 10.937765 
0.082934 0.489073 0.393823 -0.426064 -12.335617 6.729989 -15.116398 
0.136636 -1.134954 -0.356602 1.194893 -2.089024 0.774745 0.866961 
0.143734 -1.118319 -0.222936 0.298426 -12.620673 -4.034592 15.168023 
0.441192 0.387626 0.054879 0.217967 1.240797 -9.606310 8.340331 
0.419927 0.582294 -0.526403 -0.608010 4.701290 7.051407 -6.829653 
0.233936 -1.013902 -0.113373 -0.307804 6.049989 -7.531468 -12.365754 
0.472655 0.073027 -0.287423 -0.070848 8.025958 8.838146 13.089891 
0.114863 0.436814 0.116968 -0.907305 8.572774 -4.259396 5.347650 
0.090134 -0.704916 0.283034 -0.045515 -12.089313 -8.936660 -6.957771 
0.541043 2.111247 -0.327495 0.771164 7.973386 -1.365398 10.723929 
0.282572 -1.125151 0.336759 1.025294 1.245255 10.479152 1.584463 
0.115642 1.030249 -1.099091 0.053691 -3.319621 0.467806 0.071121 
0.081355 -2.323440 0.800469 -1.013913 -14.375753 7.313464 2.572465 
0.367829 -0.489172 0.835916 0.114330 5.543761 20.924196 -6.873449 
0.139629 0.186168 -0.522942 0.232786 -0.616909 16.300468 2.683828 
1.352784 0.418618 0.087590 -0.157917 -1.560360 6.612689 6.285792 
0.125255 0.407129 -0.578997 0.123567 -3.251383 0.199648 11.864526 
0.401327 -0.222201 -0.712216 2.530754 -1.307212 -0.373019 7.524242 
0.285734 -0.748896 -1.913652 -0.023344 6.268728 -6.779623 4.883263 
0.395651 1.419687 -0.356929 0.146691 1.214018 3.969675 5.677730 
0.293098 -1.020077 0.459522 -0.092830 -9.552439 10.310607 -16.621930 
0.087827 0.646001 -0.090867 0.519891 4.149039 -14.403529 -4.363573 
0.145431 -0.210512 0.671276 -0.966890 12.390765 6.684244 -3.400404 
0.180115 -1.689413 0.868121 0.478497 -2.566122 -2.394011 9.937737 
0.096200 0.077664 0.299980 0.146384 -6.983439 11.020256 -0.082003 
0.666776 -1.894016 -0.757321 1.598425 -10.077479 0.626004 6.839432 
0.204329 -0.846548 -0.165004 0.182420 -5.301617 2.633054 -15.881604 
0.115895 -0.377792 0.880978 -0.792902 -6.162031 1.686844 -5.942608 
0.093908 0.207468 0.680430 0.812827 -1.797692 17.327008 3.878283 
1.218377 0.113134 0.675921 -0.344042 11.533923 -7.207528 -13.042455 
1.577937 -0.876981 -0.202177 -0.217017 -1.834658 1.121241 3.772362 
0.624013 -0.475219 0.495029 -0.642169 0.145141 12.073129 0.943673 
0.094581 0.184122 -0.687128 0.073680 -15.265161 -10.968578 -5.648919 
0.082735 -0.250723 0.341957 0.982364 -2.536309 -5.061085 12.119387 
0.117562 -0.462160 0.061590 -0.889560 -9.940950 15.694342 1.651676 
0.104059 -0.206156 0.614031 -0.458579 -5.999022 13.446108 7.682089 
1.175398 -1.268191 -0.770993 1.367179 -12.328700 -6.293736 -1.639111 
0.164169 1.575420 2.178774 -1.287640 5.988964 2.768453 -9.238664 
0.291452 0.142381 -0.431179 -0.091013 4.536028 4.196698 10.905964 
0.206673 -0.824039 -0.859881 0.012408 1.718480 5.590910 -1.773362 
1.289324 1.725974 2.620780 0.474745 12.405258 15.904221 -6.072714 
0.086315 -0.574502 0.173853 0.043703 -0.360531 -8.389402 -5.494717 
0.235153 -0.299221 -0.414209 -0.476236 -2.943854 7.913457 -3.283785 
0.115719 1.891503 -1.723615 -2.421448 12.841034 -10.914275 -9.610939 
0.363410 0.093546 0.714114 0.606834 -7.196268 8.813325 -1.867437 
1.751386 1.173625 -0.523031 0.413576 -5.086981 -7.195661 5.871156 
0.207984 0.840948 0.524979 -0.712937 4.345543 7.696505 -0.961796 
0.102911 1.024953 -1.073340 0.697905 4.027694 4.930836 10.218664 
0.178659 0.101383 -0.426210 0.295473 -2.669605 -21.036459 -9.267846 
1.266026 0.052290 -0.430809 -0.023541 -1.651027 -9.314817 19.326118 
0.304509 -0.859886 -0.200478 -0.484580 -9.172855 8.450343 -1.318327 
0.111776 -0.341210 0.550439 0.083142 10.081554 -3.244204 3.504259 
0.518423 -1.823556 -1.151056 2.526580 -6.741932 -12.250449 14.725775 
0.412206 -1.367406 0.841942 0.269139 -8.472847 12.514234 -8.482517 
0.151101 0.238958 0.592376 1.173185 -7.512944 -2.194180 18.276490 
0.220913 -0.196901 -0.606381 0.138478 -9.609830 -15.779888 -3.645545 
1.412488 -0.277177 0.099916 0.262687 -3.862701 3.059538 16.867465 
13.278585 -0.625651 -0.352528 -0.090237 3.746675 -8.228041 -10.351157 
1.463321 -0.404783 1.383407 0.800398 6.911390 7.605776 5.721060 
0.120159 1.018835 0.592657 0.190440 -1.743976 9.217596 -8.259880 
0.365350 0.090383 -0.603658 0.123520 -7.527224 2.313109 -8.698857 
0.105973 0.269610 0.762669 1.014786 6.982172 10.931459 3.969874 
0.295892 0.740735 0.655113 0.679011 9.771197 8.603487 -2.162873 
0.206326 0.160574 0.261017 0.192693 -1.222499 -3.212627 -4.234508 
0.093712 -0.425301 0.489004 0.163559 19.512310 -8.341631 5.354210 
0.095148 -0.621084 0.708336 -0.173094 -10.468732 -5.310488 -12.205659 
0.206538 -1.742354 -1.299782 0.596362 -14.640138 1.250904 2.090103 
0.086877 -0.972285 -0.463113 -0.758361 -9.570479 -4.717185 -6.587351 
0.089099 -0.635397 -0.860516 0.230345 -3.622846 3.801764 -13.389685 
0.510706 -0.539919 0.750336 1.101800 8.467041 -1.436886 6.208309 
0.209703 2.613153 -1.013693 -0.838837 10.547036 -0.075419 -1.465027 
0.558090 -0.341165 -0.891771 0.296657 0.232251 -10.879409 -6.422439 
0.094925 -0.012776 0.510352 -0.081291 -4.435504 8.466438 13.860491 
0.169485 -0.050634 -0.411432 0.300125 -4.186400 6.835839 21.331913 
1.190304 -1.448289 -1.781235 0.584230 -0.429357 -6.247865 1.752005 
0.229716 -0.478020 -0.130350 -0.270711 5.586518 17.778280 5.131809 
0.590880 -1.119295 0.655345 -0.238941 4.096739 6.728724 -0.495608 
0.480535 -1.406411 -0.081826 0.357812 -12.903515 -8.646187 -1.462179 
0.234429 -0.907191 -0.111005 0.523924 4.341326 5.528343 7.488961 
0.582021 -1.424646 1.019616 -1.551072 -2.106980 4.545821 -10.146654 
0.189197 -0.311114 0.211154 0.251554 -13.647191 15.172678 10.672800 
0.259575 0.777111 0.154796 -0.587534 9.201617 -3.807707 11.020106 
0.447006 -0.725040 0.955812 -0.391969 3.683599 0.186712 1.466409 
0.147887 0.461297 -0.559063 0.125295 -2.956189 -5.794674 -5.306823 
0.231699 0.107631 -0.382932 0.433800 -6.973133 5.079019 0.235892 
0.453708 -0.295875 0.368205 0.169371 -9.673587 14.297498 -10.395593 
0.920339 -0.132854 1.442053 -1.315633 7.431797 2.312559 -0.698376 
0.955703 -0.549610 0.607384 1.187914 -3.020921 -2.841736 6.149439 
0.084577 -0.446707 -0.197636 0.564215 -6.270542 3.982090 8.327454 
0.160624 0.122928 0.676502 0.592116 -1.538496 -7.585477 -3.515870 
1.172148 -0.034002 0.088727 0.200212 2.548750 2.660287 6.858758 
0.760534 0.574108 2.997558 1.361003 6.980677 10.360653 14.062324 
0.114553 0.890858 -0.345760 0.598056 10.594824 10.817979 -1.015289 
0.117572 1.554890 -2.608187 -0.392082 6.087497 -17.245880 -3.961633 
0.762149 3.298462 4.928915 -2.454382 21.950040 30.609861 -8.244404 
0.232792 -0.665887 1.019282 0.248422 -15.799816 12.378996 7.685896 
0.215009 -0.605059 -0.180197 0.231905 -5.155320 0.512486 -3.500728 
2.204810 -0.095592 0.601442 -0.040642 -4.719698 -11.935403 -5.488961 
0.129032 -0.487406 -2.277649 5.509943 3.254428 -16.935263 33.960992 
0.374042 -0.751607 -0.301365 0.166999 -23.038142 -8.943978 -0.165622 
0.205433 -1.223801 1.330572 0.727663 -9.166323 7.968935 -11.070923 
0.160079 -0.968510 1.135464 -0.163407 -6.294071 12.624421 -9.548041 
0.136090 -0.611056 -0.275622 0.945801 12.688050 -7.286187 5.416205 
0.119841 -0.176198 0.720239 1.347777 -8.650762 -4.603386 6.018424 
0.201503 -0.913601 -1.066947 2.011674 1.212607 -7.362731 1.900378 
0.611073 -1.116272 -0.162190 -0.446570 -6.616472 7.480784 -0.875059 
0.115016 1.392858 -1.406448 -2.134212 5.326289 -11.074764 -4.983542 
0.399244 1.333646 -1.147037 0.815651 4.224317 -0.723901 5.779490 
0.131342 -0.344596 0.608848 -0.574923 5.717860 7.987178 15.768682 
0.174201 -0.075801 0.349961 1.986507 -2.270130 14.483597 6.310734 
0.089275 0.795774 0.116125 0.203622 -4.594030 -0.364575 3.915405 
0.438872 0.199298 0.518219 -0.460538 -13.223718 1.982459 -6.837783 
0.085636 0.061414 -0.679003 -0.719506 -10.498180 -0.384583 -2.823917 
0.582912 -0.412764 0.478293 -0.011222 -4.108970 2.077199 9.234322 
0.240412 -1.824417 -0.098503 1.877353 -1.262847 0.576757 14.263109 
0.226021 -0.660057 0.261117 1.090431 -15.634513 -0.616128 -3.407047 
0.107205 -0.223637 -0.169734 0.511218 2.612697 2.879196 -0.469909 
1.102835 0.434192 0.505623 1.161907 0.587662 3.041794 -0.862129 
0.266126 -1.390297 0.835815 -0.949762 -6.945447 -3.561228 -3.972103 
0.409423 -0.901216 1.363508 -0.644073 -7.839486 -4.325083 3.739835 
0.089384 0.726864 -0.900136 -0.173972 -0.127934 -6.881100 7.086862 
0.113871 0.061008 0.473088 0.349180 -7.657495 10.177031 -0.124589 
0.746267 -0.305107 1.489588 -0.622677 -4.098426 -6.772796 -1.925001 
0.219386 0.566880 -1.761386 -0.617037 11.217634 -4.699253 0.266074 
0.439077 -1.098471 0.317015 -0.706002 -8.392449 0.850281 7.241789 
1.444015 -0.974094 0.550643 0.155358 -16.290893 10.264808 5.274688 
0.102731 0.354168 0.323165 0.123803 -12.977420 17.056626 -8.020974 
0.202560 0.768221 0.553088 0.182776 2.949178 2.977548 -12.555187 
0.091773 -0.083875 0.000564 0.138134 -2.940952 4.499660 9.084090 
0.159646 -0.506857 -0.214859 -0.040861 7.823252 -13.107779 19.629190 
0.210510 -0.574068 -0.554021 0.321712 7.878305 -1.389926 -1.614245 
0.129464 -0.148253 -0.256503 0.297678 -3.707615 7.494724 0.499393 
0.235395 -0.119769 0.811902 -0.048490 7.677850 -3.737695 0.613884 
0.392760 -0.839208 -0.394604 0.409857 -6.274637 5.283766 11.662924 
0.340464 0.193120 0.966576 0.007544 -2.271550 -2.151794 17.200757 
0.558675 0.841105 0.831465 -0.537162 -3.446861 8.134608 -5.442529 
0.269181 0.245317 -0.138451 1.380249 -2.914541 4.924717 -1.575196 
0.080832 0.035239 0.456338 1.614828 -4.455984 -5.023366 4.374228 
0.161454 -1.120522 0.215317 0.037079 1.314834 5.991826 8.377802 
3.272843 -0.507243 0.755740 0.188760 -3.375426 1.482396 2.258843 
0.126733 -0.796815 -0.759795 -0.018114 -15.030456 8.332507 5.679391 
0.147442 -0.754230 -3.621130 -0.464845 -2.175683 -19.802936 1.176119 
0.234874 -0.506572 0.036907 0.987488 2.385037 -11.327185 7.543598 
0.088322 -0.663524 0.763469 -1.421865 -9.751323 3.931781 1.036870 
0.124823 -0.478897 0.539409 0.901162 -3.125687 6.892047 13.529561 
0.134972 0.879037 0.832833 0.096931 -5.255637 -3.233346 -5.250207 
0.114632 -0.515706 0.717079 -0.434172 -1.854663 -4.557512 -5.044700 
0.145861 0.347462 0.678410 -0.449010 -2.456091 12.659478 0.882342 
0.263366 -0.504531 0.583286 1.411981 -5.664250 -4.373041 11.182709 
0.973808 -0.960928 0.835488 0.029927 -3.512728 -2.161668 2.610753 
1.966409 -0.738058 0.341488 0.202870 1.465686 -2.658467 12.432752 
0.137245 0.077882 0.234799 0.746825 -8.925602 2.958620 13.986875 
0.175886 0.077869 -0.221168 0.406911 2.491327 2.823084 -9.814426 
0.427154 0.099519 -0.681310 -0.034543 5.774852 6.400901 -11.600963 
0.305641 0.001111 -0.895652 0.105577 4.674115 -1.166524 9.373551 
0.126873 -0.519646 0.590242 -0.053784 -7.605688 7.884785 -9.498332 
0.202129 1.512392 -0.305780 2.300519 0.818245 2.217992 13.948077 
0.103947 -0.683017 0.947299 0.455613 -16.326936 -7.757866 4.125166 
0.160192 1.394875 -0.023365 0.637048 4.813585 11.739611 -1.105435 
0.087931 -0.306215 0.503640 1.194293 5.957001 9.886538 5.685720 
0.201166 -0.824996 -0.728147 0.847857 1.751652 -0.952832 -0.980672 
0.129271 -0.924984 0.798570 -0.369349 2.634286 13.221235 -2.268354 
0.244547 0.305585 0.016069 0.756008 6.439498 2.001196 -6.664084 
