0.202999 -0.048866 -0.670750 0.502680 -7.326250 13.929554 2.492830 
0.583882 -0.818807 -0.065103 -0.425637 0.441416 23.938186 0.828995 
0.585149 -0.420422 0.145481 0.955942 4.936324 0.114480 3.976112 
0.085689 0.469111 -0.392574 -0.412807 -9.898664 -13.824449 15.817180 
0.090936 -0.130561 -0.276501 0.483790 -4.836626 -2.207524 -2.633598 
0.457888 0.027248 0.910048 0.525510 -16.571965 4.304449 12.317486 
0.179449 -0.323286 -0.724098 -0.239812 -8.396195 -17.952372 -10.896782 
0.103175 0.579584 -0.013252 -0.641530 11.302233 -19.146602 -5.933219 
0.199182 1.361867 -0.025097 0.237687 22.559070 -10.190051 4.946748 
0.109107 0.546750 -1.136329 0.114704 4.505007 -16.417486 9.054131 
0.232498 0.402796 -0.042460 0.667209 6.738171 -12.650551 3.533510 
0.683878 0.446658 0.776344 -0.292844 -8.636344 5.814250 -21.316935 
1.809017 -0.151215 -0.083904 0.319041 -2.595464 11.324127 -4.712039 
0.133767 -0.062340 0.527026 -0.574936 25.574940 14.213615 -6.578196 
0.207935 -0.600199 -0.206240 -0.843012 -13.153610 15.485043 -13.682109 
5.586845 -0.645305 -0.248393 0.555474 -0.623917 -2.789096 -6.287964 
0.099031 -0.357226 -0.563308 -0.430229 -0.090745 -8.822843 14.911747 
0.095457 0.365294 0.364031 -0.211698 -6.766077 -4.867193 5.503068 
0.166412 0.093680 0.689732 0.309620 8.649109 13.339716 -19.088716 
0.401973 -0.589053 0.292858 -0.543409 -1.474946 -25.056455 -3.776300 
0.149690 0.218899 -0.083369 -0.368079 12.516590 10.269469 10.258543 
0.135040 -0.713297 -0.578963 0.101700 -3.722674 11.568279 -5.746228 
0.230700 0.698503 -0.310865 -0.620553 9.303332 9.398631 -12.295189 
0.296048 0.386670 -0.785411 -0.485534 -1.644685 -8.011067 5.810771 
0.089040 -0.275924 0.094590 0.057761 -3.471727 -11.934139 14.253500 
0.218861 0.039504 -0.477176 -0.262005 19.312388 -13.835944 -10.390522 
0.780326 0.339726 0.360214 -0.103511 15.543665 -10.964618 -21.542654 
0.110177 0.612024 0.607075 -0.673870 12.067080 16.998285 5.712150 
0.308745 0.048294 0.513117 -0.003234 24.189750 -22.703290 -19.244636 
0.930095 -0.264443 0.020471 0.499255 2.606724 1.456809 -14.118244 
0.154448 -0.561540 -0.427536 0.171714 6.961851 13.857920 -11.273937 
0.449860 0.212368 1.002787 -0.337118 -4.271565 13.525777 8.815566 
0.194281 -0.856538 -0.098170 0.436171 -6.349049 -6.659030 4.428847 
0.121470 0.533534 0.196093 -0.293346 -6.201092 14.379864 22.547308 
0.388680 -0.019925 -0.441885 -0.537998 3.855824 4.455069 -11.864693 
0.552874 0.590428 -0.546348 -0.426620 1.201754 -24.901453 8.550344 
0.107074 -0.377458 0.745055 -0.227564 1.228838 -4.909582 13.556320 
0.218546 0.877477 0.837665 0.297289 9.150980 16.434917 1.085839 
0.118025 0.400114 0.773653 -0.169704 -12.600571 -6.027531 -11.260509 
0.176826 0.295455 -0.085290 0.086792 -1.539476 -13.658679 13.482054 
0.123628 0.332006 -0.641917 -0.799881 -1.739459 -1.937278 -10.320533 
0.103987 -0.303676 -0.736094 0.601322 16.665848 -3.740495 31.021681 
1.612405 0.161137 0.122923 0.263721 -3.435371 2.976570 14.841031 
3.952128 -0.345234 1.170683 -0.339804 -2.409717 17.306140 7.032353 
0.090817 -0.441647 0.212646 0.242887 -0.421968 -2.206724 -3.317833 
0.094271 -0.249351 0.978148 0.037110 -2.702038 -1.109474 -2.398846 
0.105198 0.595616 -0.185722 -0.642412 -10.437868 -6.605248 -19.521784 
0.122132 0.266616 0.083454 0.220174 -15.141117 2.072254 -1.250042 
0.167817 0.570276 -0.234560 -0.710688 -6.217842 -16.463081 0.555926 
0.138488 -0.514448 -0.819912 -0.734087 -2.843826 -24.150213 1.339004 
0.701272 -0.645605 0.052097 -0.610753 27.550812 5.170726 -19.764445 
0.367183 -0.106544 0.632534 0.379830 1.156989 0.931322 26.023400 
0.116639 0.249203 -0.099421 0.177616 11.884840 -14.271625 -14.062296 
0.156405 0.158487 -0.168687 0.391715 -18.617838 13.665893 -27.496349 
0.118162 0.348609 -0.575997 -0.288615 4.358621 3.440700 6.849363 
0.151293 0.067661 0.179802 0.785038 4.208797 -7.378331 -12.491072 
1.456612 0.079412 -0.016810 -0.643806 -13.501205 2.408547 11.629491 
0.095248 -0.169795 0.398550 0.608731 -5.434075 8.966084 -1.955981 
0.298886 0.283758 -0.075737 -0.772631 -1.776857 -0.072197 8.592655 
0.512636 -0.171178 0.587369 -0.750167 0.933965 6.586786 5.790482 
0.121466 0.110619 -0.706866 -1.180153 14.553054 -16.503057 -18.281117 
0.863813 -0.483723 -0.087813 0.350207 -14.151841 -7.812077 -13.113786 
0.283593 -0.292798 -0.222357 -0.856189 -10.910777 -3.786724 -1.866301 
0.114183 0.317322 -0.236878 -0.002605 -5.550397 25.388227 -13.134808 
0.387857 0.195163 0.369456 0.647229 -1.122056 -7.737286 9.380786 
0.102340 0.188071 0.504632 -0.027223 -14.682838 -12.385288 32.982795 
1.423034 -0.135369 1.089151 0.192869 16.058188 12.065197 -1.950622 
0.118440 -0.232880 0.278876 0.763121 7.201035 -6.339979 18.406894 
0.087317 0.269419 -0.003120 -0.703304 -10.960871 -0.577358 13.567191 
0.115648 -0.018370 -0.132611 -0.279826 2.402628 -15.307497 15.369580 
0.335498 -0.385638 0.057459 0.770240 5.824339 -22.958675 7.306824 
0.109210 0.317231 0.551029 -0.348987 -5.050079 2.786378 -14.821644 
5.398343 0.488492 0.125448 0.091601 2.764871 10.863522 14.267309 
0.438696 0.021128 0.406972 0.607909 -19.285062 -7.053449 -1.599465 
0.102783 -0.013886 0.620118 -0.480491 10.968383 -9.211541 4.871354 
0.317653 0.827258 0.007169 -0.665375 4.454890 23.202766 -18.043389 
0.117399 0.431309 -0.551759 0.119051 -11.423659 15.565232 -8.965318 
0.135796 0.784562 0.598116 0.042802 27.450733 -9.452757 5.658014 
0.139152 -0.068416 -0.047994 0.156771 0.944804 20.050198 5.694717 
0.081844 0.432754 -0.365830 0.575462 5.586054 -3.813451 8.258285 
0.210768 0.503574 0.287837 -0.871894 -5.064576 -4.802417 -7.575303 
0.087151 -0.603509 0.225891 0.177114 0.627233 -1.766338 36.599751 
0.247564 0.341337 0.506698 0.497067 -1.197363 -23.827625 5.021854 
0.118055 0.675190 -0.807453 -0.522147 1.112058 -5.268324 -13.639025 
0.133708 -0.404485 -0.270384 -0.139651 -1.058934 -19.963703 -5.321543 
0.137951 0.011904 -0.552593 0.570550 -15.828344 4.856950 -4.170176 
0.295736 0.655237 0.604936 -0.056948 54.001980 24.993430 -0.795174 
0.093592 -0.322246 -0.106710 0.520983 -7.306389 8.729718 -3.029390 
0.180968 0.264405 0.746494 -0.731258 0.613246 4.904855 0.052794 
1.058781 0.021898 -0.660171 -0.442655 8.460765 3.444029 -5.495843 
0.086350 -0.163327 0.015305 -0.194156 7.967524 2.059092 17.613753 
0.263354 0.638881 -0.788141 -0.121983 -2.895597 -2.446445 -1.537453 
0.556778 -0.056543 0.526119 -0.834329 5.109268 -7.366614 -4.063370 
0.139284 0.570258 -0.189089 -0.688564 -0.016551 4.257874 -2.162083 
0.478468 0.522363 0.240468 -0.127730 4.891385 5.504974 -14.420771 
0.165293 0.065487 -0.602629 0.297453 4.362750 0.986206 -2.677249 
0.493788 -0.369231 0.145421 0.576722 -2.018087 3.742140 -23.229015 
0.252788 0.375618 -0.123391 -0.908117 10.864776 5.154694 3.457573 
1.145613 0.497249 0.403569 0.025012 -2.107826 -20.150951 16.513301 
0.388183 -0.166413 -0.291899 -0.075196 -10.838790 11.547601 30.501467 
0.094407 0.418059 -0.804791 -0.215487 -5.916050 -0.051978 -1.682974 
0.126740 -0.050882 0.439846 -0.081057 -1.374665 22.934104 -1.362037 
0.323270 0.164249 0.399593 0.562243 -3.405750 -6.659089 -1.535304 
0.198042 0.384349 0.697389 -0.158280 -13.745345 27.989411 -2.598950 
1.167561 -0.835797 -0.431226 0.481873 2.936467 -4.413325 4.107905 
2.697368 -0.710823 0.045107 -0.533211 4.280729 4.593103 2.209272 
0.376011 0.642023 -0.070903 0.344825 -13.501445 -10.920504 -11.889064 
0.588263 0.291170 -0.112957 0.958596 0.857601 -4.655799 -0.863339 
0.138650 -0.128310 -0.411627 -0.737133 14.023206 0.221670 2.882119 
0.373816 -0.086172 -0.774190 0.848187 1.304706 1.155947 10.461023 
0.401930 -0.042450 0.492416 -0.395208 -2.113049 10.709946 -19.340046 
0.263064 -0.434148 -0.021377 0.022543 10.469792 13.201154 -9.784391 
0.459762 -0.161491 -0.656757 -0.518024 -21.615472 -3.940433 10.116418 
0.328088 0.390406 0.170331 0.246404 2.020753 17.851784 11.107172 
0.860282 0.247051 0.530780 -0.064121 -17.041910 12.873693 -6.661913 
0.273055 0.147796 0.497139 -0.173259 10.032221 -9.631587 0.766908 
0.396253 -0.193425 -0.761497 0.147986 -19.298424 -7.858024 -4.178484 
0.246288 0.021733 -0.412703 0.476521 4.247085 6.026885 -20.468425 
0.730294 0.452526 0.081224 -0.314830 -5.067583 2.561369 9.309766 
0.278430 0.376363 0.117839 -0.199037 1.600768 17.951339 -0.754985 
0.151503 0.273736 -0.330592 0.358087 0.282455 -19.249149 -25.489314 
0.100432 -0.133150 -0.644462 -0.236054 16.615458 3.213713 -8.409624 
0.082624 0.401272 -0.837986 0.402727 -12.143022 -7.677508 7.753337 
0.114711 0.625483 0.565190 -0.814611 11.829444 -11.107856 -14.253295 
0.192666 0.813276 -0.185741 0.283198 0.668484 -3.498482 -22.652571 
0.287114 -0.074666 -0.007517 0.915250 14.147447 -19.916249 7.502319 
0.585359 0.427679 0.598377 -0.321951 9.375766 7.320738 14.032822 
1.376095 0.019779 0.367922 0.223125 -13.411166 -0.410208 -4.795169 
0.431641 0.425410 -1.003841 0.114584 10.097708 -5.521593 -10.894651 
0.136683 0.184859 0.447700 0.072379 -16.198345 7.243467 -2.478378 
0.323241 0.344557 0.151991 0.678162 14.755829 -5.753504 1.587628 
0.391024 0.514623 -0.235865 0.419351 -23.685163 -2.900313 13.058961 
0.112116 -0.263080 -0.377191 0.573608 -0.908157 19.858134 5.859680 
0.116547 -0.418063 0.301786 -0.279257 2.774168 14.980165 -10.814735 
0.952396 0.638167 0.506419 0.220955 8.445616 -11.185095 -3.592027 
0.374161 -0.478258 0.809832 0.105511 -9.916062 -11.339825 -6.242508 
0.178419 0.445824 -0.031363 -0.240584 8.538451 -1.825030 3.325222 
0.192961 0.466404 0.813486 0.043175 2.337214 7.491707 -21.997464 
0.763069 -0.078331 -0.062578 -0.611884 -7.893377 14.801401 14.170584 
0.181019 0.796625 0.192359 -0.284455 0.872883 8.759488 8.767297 
0.393969 0.096512 -0.212543 -0.557581 23.625953 29.509532 -0.393514 
0.408300 -0.219724 -0.066363 0.148584 15.941161 3.166252 1.894979 
0.506972 0.406266 0.607317 0.518710 9.443227 -2.679887 -15.840543 
0.168852 0.302420 -0.589338 -0.734235 7.832537 -10.124718 7.351053 
0.196085 -0.598108 0.521118 0.184685 -4.504937 1.058573 -3.728496 
0.836938 0.753099 -0.592350 0.423080 12.731405 -7.241802 -6.742437 
0.701221 0.165984 0.744684 -0.112561 8.256958 -1.576847 -2.209396 
0.263429 -0.161451 -0.150281 0.162230 0.607683 19.040242 -9.553023 
0.151360 0.976836 0.061844 0.599798 1.308759 -10.765538 20.775704 
0.449375 -0.352979 0.442150 0.285633 -1.222327 14.590236 0.200767 
0.108928 0.156986 0.935510 0.160095 18.908383 -1.412012 16.174249 
0.090465 -0.953823 -0.219172 0.436505 -3.222138 -1.678997 8.922370 
0.531060 0.649902 0.021263 0.917088 -3.931718 15.217268 21.800371 
0.272013 0.653088 0.355052 0.110954 -9.497965 13.530490 20.478634 
0.127889 0.308789 0.209936 0.316767 17.442089 -2.552164 3.574740 
1.070260 -0.038073 0.150699 0.268428 -5.570237 -14.528044 -14.939491 
0.111702 0.390464 -0.382550 -0.749865 -12.742139 2.762891 -5.738770 
0.275275 -0.294663 -0.075516 -0.023378 15.700502 -18.979985 1.374390 
0.433814 0.796524 0.469671 0.095598 -0.760739 -6.463975 -10.473233 
0.121123 0.330729 -0.353169 0.640854 -2.400924 -14.851111 -18.444187 
0.604561 -0.284398 0.263335 -0.722613 -14.103604 14.900082 2.334063 
0.672200 0.299860 -0.320231 -0.437289 17.795943 3.670414 16.491303 
0.485099 0.221812 0.868685 -0.210084 7.633057 23.577699 9.323159 
0.088968 -1.063677 -0.368051 -0.029786 -18.990398 8.175733 -1.629581 
0.372330 0.492139 0.505361 0.514132 -5.165940 7.859953 -4.129653 
0.427499 -0.749902 0.248918 0.626723 5.505745 -10.514195 23.828520 
0.148166 0.508663 0.233833 -0.161143 10.762155 -19.508674 -13.426902 
0.205405 -0.178861 -0.044953 -0.440900 -2.190350 -20.839736 -13.287024 
0.273438 -0.646287 -0.583456 0.277707 13.295644 -8.035526 -1.941540 
0.257004 0.171210 -0.799556 -0.129242 11.618049 6.032783 -26.490975 
0.083821 0.067908 0.295307 -0.404785 -7.874583 9.619654 19.879444 
0.673429 -0.382464 -0.065538 0.714740 -4.434297 -5.818052 20.957699 
0.093338 -0.215972 -0.996149 0.629306 3.523416 -10.629259 10.950543 
0.097693 0.028588 -0.064286 -0.738057 -0.550350 -2.282502 9.518795 
0.081727 -0.270317 -0.149038 -0.389123 -2.085150 -7.860914 2.250894 
0.417045 -0.301124 0.076604 0.450011 11.028696 -5.261277 -15.942954 
0.387177 -0.469326 0.309760 0.425829 -15.621935 -1.795971 0.900976 
0.350927 -0.158420 -0.749735 0.305029 -10.696823 -0.178423 6.830439 
0.081891 0.673628 0.124463 -0.343395 -2.595858 -4.370244 -19.272684 
0.111530 0.146547 0.037484 -0.538681 -16.700555 12.617321 23.629899 
0.729211 -0.230753 -0.162173 0.461363 -10.554388 -4.598438 -11.215128 
0.081209 0.719277 0.375333 0.024151 10.008085 -1.304131 4.692047 
1.066327 -0.282883 -0.334472 -0.608991 5.611306 10.051755 -8.182051 
0.844840 0.373641 -0.036659 0.016631 -9.779221 9.706009 7.261716 
0.286414 0.247908 -0.293016 0.749130 6.253249 -5.551916 9.094519 
0.108220 -0.502426 0.653832 0.090885 11.007133 4.819675 13.894727 
0.106446 -0.648924 -0.006777 0.325151 16.427718 -14.582954 -1.720331 
1.618982 0.531474 0.613691 0.438723 -6.711174 30.293927 -2.788608 
0.126190 0.309449 0.188507 0.466295 -20.830761 4.980564 -6.465584 
0.666898 0.022480 0.033709 -0.036173 7.906983 -2.431821 10.147232 
0.355266 0.456196 0.064592 -0.701875 2.172491 -0.035099 -2.627590 
0.365762 -0.221362 -1.236972 0.323576 -21.206105 -38.748669 -4.203046 
0.430606 0.401254 0.076923 0.213158 5.791732 12.467192 -5.744834 
0.100431 -0.898707 -0.437460 0.351895 6.283958 -14.476837 14.043551 
0.189647 0.607712 -0.046009 0.046915 -2.167450 -6.399206 6.756065 
0.132254 0.318099 0.566296 -0.322062 -17.782988 -1.162337 5.885495 
0.500139 0.398972 -0.240326 -0.118517 -12.377746 -11.141984 -26.544962 
0.175237 0.392118 -0.294475 0.384354 12.078897 25.449288 -11.486993 
0.123696 0.095805 0.385821 -0.340549 3.850148 12.404982 -0.240028 
0.195281 -0.012229 -0.279992 0.682016 -8.214198 -16.765334 -18.071839 
0.599939 0.696040 -0.128318 0.332290 -20.590422 -14.914150 16.855867 
0.192741 0.076629 0.389676 -0.125513 5.949869 -8.045379 -6.423255 
0.200778 0.387864 0.950884 0.141653 16.607416 1.549816 1.443514 
0.177472 0.172984 -0.546956 0.706841 0.507176 -19.528871 -12.907858 
0.127855 -0.108597 0.150687 0.403267 8.474162 -21.985488 14.891776 
0.220526 -0.018487 0.491014 -0.439954 1.859284 -8.175620 7.187946 
0.627642 -0.256572 0.292901 -0.063524 -3.301405 -5.572450 4.136874 
0.637465 0.663416 -0.487855 -0.089551 -3.165769 -2.386451 -3.376423 
0.169117 -0.381870 -0.643103 -0.913704 3.261421 -9.083128 -7.661116 
0.114784 -0.020169 0.663402 0.312757 -14.935001 -9.458195 8.753064 
0.135557 -0.201689 -0.568405 0.046784 -4.894451 5.998615 3.838900 
0.579415 -0.419473 -0.118401 -0.842737 -15.606620 -3.557070 5.076617 
0.624848 -0.271880 -0.137830 -0.102767 20.957220 27.716118 -9.883385 
0.385484 0.009290 0.634457 -0.428647 -19.898930 10.181201 8.319906 
3.082417 0.352369 -0.118430 0.191929 -17.409872 -4.349024 7.418586 
0.310489 -0.198323 0.231004 -0.740193 -4.077824 -16.889838 9.166035 
0.457154 -0.460727 -0.198519 0.291738 0.339844 3.553549 9.823852 
0.279294 -0.085532 0.347771 0.778468 -8.958598 5.951056 10.807007 
0.089763 -0.191793 0.344727 0.732052 9.999841 -8.138802 -1.174198 
1.249225 0.490477 -0.403810 -0.069041 -12.783302 18.180851 -7.963341 
0.163561 -0.289582 0.217953 0.274327 18.969389 -13.370397 5.127820 
1.702665 -0.044935 -0.116066 -0.227691 -15.893558 13.334225 9.456558 
0.087567 -0.608457 0.023868 -0.107522 5.051894 23.976912 -3.600863 
0.192231 -0.364905 -0.256594 0.065837 -2.427774 12.299596 -0.880732 
0.122081 0.548428 0.451142 0.549675 12.359906 -4.704986 -8.102866 
0.088452 0.044579 -0.563259 -0.200232 2.808662 -13.684249 5.345194 
0.470758 -0.485036 -1.012426 -0.257622 -8.464600 -19.789877 6.195710 
0.196106 -0.178717 -0.146662 0.076853 4.322321 -3.191115 -11.403295 
0.163499 -0.068322 -0.438019 -1.066385 17.026665 -24.575343 -6.678241 
0.080867 -0.480932 -0.187263 -0.827293 22.061418 18.122804 -25.732543 
0.223604 0.684869 0.132169 -0.519362 -2.425323 2.668997 9.826095 
0.155926 0.324225 0.521886 -0.031249 -26.378368 -2.457007 8.568955 
0.238387 0.235152 0.001076 0.737621 8.170127 18.563824 -2.958208 
0.106154 -0.296503 0.144543 0.476844 8.463468 3.310595 1.447370 
0.169911 -0.720343 0.718474 0.106871 -2.893822 3.158422 -11.614704 
0.113329 -0.082025 -0.039208 -0.764407 18.893087 14.423841 0.168973 
0.192419 0.424640 0.422393 0.298642 25.770047 -24.440365 -5.264405 
0.594225 -0.604157 -0.313526 -0.673131 -2.703757 -0.813374 -8.127653 
0.085164 0.598746 0.224619 0.391604 4.680945 -1.252537 -14.696439 
0.117057 0.219014 -0.837046 -0.019040 -1.671919 2.362005 -10.153081 
0.205043 -0.269222 -0.500195 0.566199 1.394959 -12.979900 -4.810571 
0.234649 -0.793324 0.229469 0.122218 -3.148948 -15.036659 7.206618 
0.487672 -0.290062 -0.570178 -0.377529 2.752075 13.633141 3.915396 
0.223182 0.300524 0.598681 0.370772 11.147696 -3.127980 -2.732225 
2.476904 -0.326603 -0.583951 0.783202 -10.740527 -13.091753 -9.882587 
0.441734 -0.290835 -0.100739 0.172867 8.855466 -6.002264 -4.826969 
0.230397 0.399838 0.276086 -0.027763 6.616429 0.579277 18.827821 
0.689100 0.264355 0.768882 -0.840479 25.955650 12.160484 -16.525607 
0.815528 0.034376 0.542679 -0.361682 -31.427462 5.801983 3.842748 
0.161492 -0.406426 -0.270660 0.419165 -8.989457 14.842793 2.683908 
0.542296 1.149287 0.050035 -0.416500 20.067623 -8.839196 -3.932206 
0.146522 0.687971 0.488860 -0.170972 1.967061 7.657679 11.557675 
0.256037 -0.487640 0.781192 0.106572 -19.016703 -6.943789 -13.506886 
0.887681 -0.592330 -0.866805 0.595863 -8.198803 0.658729 15.667915 
0.101372 -0.179053 -0.408493 0.105018 -5.146318 5.765614 14.573726 
0.141931 0.264164 -0.387743 0.171250 18.782402 7.084397 -0.945688 
0.178446 -0.277724 -0.029035 -0.015743 -27.238431 11.717753 8.355302 
0.083374 0.090097 -0.095003 -1.084270 5.458065 -4.726921 -5.378090 
0.376685 -0.373956 -0.340990 0.821228 -1.800613 -2.993378 17.669471 
0.585808 0.582300 -0.251255 -0.225424 -2.583826 -22.780014 3.621345 
0.102075 -0.310109 -0.717100 -0.164449 -3.301123 11.271343 11.748850 
0.086694 -0.497552 0.039547 -0.321471 21.768298 21.114892 -7.579724 
0.654455 -0.145624 0.075575 0.114189 -10.695448 1.119750 14.716454 
0.442796 0.737255 -0.047073 0.371890 1.121042 -2.381348 -16.667416 
0.103990 -0.056265 0.206277 0.153709 -15.095846 16.386946 -13.851061 
0.137893 0.663555 0.666179 0.216996 4.595083 -0.172418 0.073344 
1.044939 -0.333647 -0.023859 0.383731 15.459014 -8.414992 -17.995506 
1.025335 -0.214049 0.166531 0.735065 -10.029605 -1.636319 -5.176000 
0.472835 0.295355 -0.177364 -0.046617 1.687922 8.581587 27.466807 
0.672168 0.140685 0.440533 -0.592075 -29.380903 14.897633 0.621643 
0.208490 -0.634517 0.224592 0.031228 -25.353849 -16.514425 -3.444726 
0.292610 -0.317026 0.115179 -0.509193 -15.617393 26.538366 4.685519 
0.111344 -0.142483 0.107567 -0.325984 -0.212686 -8.787170 12.458498 
0.466067 -0.408178 -0.599661 0.187571 7.615091 -5.202190 9.760555 
0.112109 0.380904 0.584357 0.270108 -2.675442 6.929616 -2.765644 
1.021373 0.642213 0.172668 -0.372172 -6.138271 1.807026 1.700358 
0.247245 0.512667 0.052845 -0.247525 -16.662578 -19.457772 16.952411 
2.937998 -0.811537 0.156570 -0.587066 -27.309955 -10.115588 4.804357 
0.112201 -0.065620 0.617249 0.176098 11.540414 -9.382348 7.683662 
0.941373 0.087514 -0.538633 0.186593 -8.926519 14.169664 -3.119571 
0.186332 -0.020531 -0.307400 -0.434854 17.034221 -5.894013 -17.057123 
0.206312 0.328893 -0.376960 0.317816 -8.030542 -2.484388 -17.063109 
0.087521 0.467444 0.837275 0.650541 2.029502 6.226330 6.050370 
0.337060 0.052776 0.651681 0.425524 9.992669 -5.044572 -2.873554 
0.506829 -0.504555 -0.117784 -0.459414 0.364705 -0.682284 23.065960 
2.506229 0.928379 0.412257 -0.413722 -0.361324 17.589208 -4.322851 
0.109658 -0.232402 0.144836 0.679691 17.644217 4.819600 2.288270 
0.093631 0.764350 -0.406322 -0.201986 -8.362049 -0.441056 1.499560 
0.994606 -0.269869 -0.136003 0.096414 15.222725 -3.054649 12.515697 
0.184780 0.838453 0.986956 0.237743 13.238117 18.488576 -1.125407 
0.113864 -0.134068 -0.608255 0.545971 -1.358771 -0.045746 -13.297425 
0.500571 -0.243748 -0.782191 -0.205208 26.754402 -8.748338 -18.142774 
0.375402 -0.303103 0.264428 0.144830 -3.433357 -0.659696 19.638311 
0.121279 -0.201965 0.054497 0.931700 15.113651 0.262291 5.654088 
0.437171 -0.367924 0.034795 0.560547 14.460093 -2.609858 -12.482307 
0.420529 -0.411136 -0.361834 0.489775 3.604129 -4.931747 2.945088 
0.140832 -0.090782 -0.077633 -0.384702 9.362426 -10.233352 2.234809 
0.317286 -0.138035 -0.497359 0.156234 3.000935 11.271477 2.832531 
0.092539 0.786128 0.330469 -0.817191 13.335919 -6.633049 -4.492493 
4.198783 -0.055176 -0.085727 0.591862 -6.640583 -6.234242 -6.527839 
0.435794 0.665515 -0.423775 -0.372161 3.292831 5.128001 2.142551 
0.299195 0.306808 0.606970 -0.375573 -2.029472 -8.831674 -13.584173 
0.366428 0.402970 0.320376 -0.723213 -17.889198 6.766614 -3.977383 
0.300202 -0.136860 -0.388121 0.267842 4.326052 5.518584 1.043387 
0.585186 -0.280903 -0.141550 -0.759741 5.268311 -5.058282 -0.676212 
0.524509 0.161383 0.490460 0.532514 -1.652321 -4.171374 -16.002339 
0.292083 -0.165297 0.917050 -0.712334 6.120183 19.153217 4.780584 
0.107699 0.271835 0.506758 -0.107364 4.113653 26.410550 15.949666 
0.744916 -0.029715 -0.498456 0.050724 -21.606568 29.153697 8.690179 
0.131940 0.223875 0.241337 0.133730 -5.071960 28.190590 -4.202915 
0.104491 0.320833 -0.016924 -0.346777 -11.760841 -16.501857 20.069173 
0.504475 0.314799 0.004934 0.125029 -7.754272 8.197181 3.545666 
0.159200 0.380472 -0.060345 0.484879 -6.223354 -7.272247 9.137771 
0.144224 0.672220 0.661324 -0.826355 4.011113 25.311082 -3.001364 
0.221063 0.714267 0.112687 0.435437 5.529181 9.685008 -16.200713 
0.339783 0.284404 0.587511 -0.443281 -6.786907 -7.862280 -11.847438 
2.985742 -0.285564 -0.833800 0.481197 22.286934 -7.050663 1.521591 
0.098040 -0.264565 -0.234694 0.857229 -7.233091 -4.553142 -5.196845 
0.364111 0.571502 0.007359 0.602081 -3.984431 -6.941490 3.553311 
0.144886 -0.666573 -0.324794 0.037688 6.403231 10.415411 12.106850 
0.360597 0.279508 -0.396411 0.473322 -5.543493 -2.184949 -0.086547 
0.254317 -0.392147 0.794730 -0.664977 -14.006065 -1.596151 -14.963445 
0.555913 -0.631287 -0.516157 0.310573 2.143168 -8.892405 -5.617744 
0.416651 -0.320109 0.411964 0.343452 -33.753868 -1.117394 -1.585886 
0.151008 -0.295005 0.793548 0.859522 -0.552113 14.283271 14.414526 
0.577563 -0.053768 -0.390574 0.709365 -6.389821 10.617586 -5.483370 
0.141965 0.674528 0.415775 0.230917 17.495468 3.877440 31.844825 
0.120024 0.490870 -0.148090 -0.492312 1.368050 -5.514089 8.032740 
0.182852 -0.643451 0.128963 0.219090 14.399278 -22.007160 0.739802 
0.189724 -0.073847 -0.096149 0.794158 9.289141 -3.003769 -9.099147 
0.150160 0.054142 0.400741 -0.396094 14.093948 -17.034083 21.143394 
1.373741 -1.032288 -0.667085 0.503688 -29.132781 -1.347973 12.829658 
0.283453 -0.158502 -0.095890 0.080893 10.607141 -9.015565 26.714738 
0.170281 -0.266395 -0.707374 -0.488859 -14.103249 -0.995018 4.130667 
1.505698 -0.616531 0.554928 -0.164818 -12.394334 5.801694 1.105368 
0.360047 0.394797 0.168683 0.394040 -22.925737 13.163074 -3.366609 
0.588861 0.707916 -0.466386 -0.330818 -8.003371 -9.127217 -4.416876 
0.381565 0.622297 -0.154729 -0.223576 -9.779845 -14.199714 -1.208568 
0.166121 0.004396 0.763537 0.411391 -6.672340 -2.288220 -4.993335 
1.652096 -0.074420 -0.422787 0.128719 6.859184 -7.993210 -8.142141 
0.215498 0.461432 -1.031142 0.523729 23.388083 -14.635928 4.795422 
0.524663 0.122963 0.058785 -0.244058 -8.923387 13.914898 5.258701 
0.489037 0.424832 -0.453376 0.375309 1.133034 7.831890 -18.912839 
0.247044 0.097765 -0.041710 -0.138717 8.945410 1.760288 13.912237 
0.408569 -0.800326 -0.563445 0.227215 -7.027425 2.316382 5.108976 
0.429966 0.288824 -0.060148 -0.004544 -6.391131 9.178364 0.549281 
0.205030 0.185813 0.233233 0.260929 28.453919 -13.579915 4.093496 
0.104504 0.537310 -0.186744 0.016939 13.836290 0.647719 -16.108788 
1.704172 0.492655 -0.772754 -0.388456 3.797567 -6.331903 -18.614051 
0.208973 0.182477 0.851830 -0.441028 8.992871 9.388981 -13.656183 
4.631110 -0.445979 0.730683 -0.379876 -17.568007 16.138133 13.460866 
0.135103 0.224705 0.498164 0.408277 -4.182666 -1.392617 -10.849591 
0.169606 -0.169213 -0.526527 0.640833 8.126425 14.778974 8.478531 
0.567692 0.370765 0.691816 0.048230 -18.115876 0.192449 -17.722768 
0.214292 0.213937 -0.185730 -0.531069 7.246637 -5.862939 21.637594 
0.450345 -0.001071 -0.723621 -0.619181 -3.814438 1.731888 -5.775678 
0.407103 0.298991 -0.035428 -0.339038 -5.831935 8.967315 -8.266662 
0.846636 -0.028651 -0.309623 0.439684 3.481601 11.935111 -13.194533 
0.123163 0.573374 0.106468 -0.915793 7.208926 -11.081347 -16.336153 
0.120648 0.208887 0.168662 0.534466 3.133755 18.329428 -12.352567 
0.387333 0.452632 -0.049686 -0.496817 1.398442 20.623522 0.316749 
1.095352 0.127020 -0.126266 -0.228425 11.646263 13.389170 8.602229 
0.212730 -0.348051 0.419862 0.564633 1.031414 0.878417 -15.851392 
1.575080 -0.099972 0.167626 -0.793863 -7.361805 17.859961 9.716526 
0.102042 -0.422292 -0.097804 -0.434847 11.523342 15.579131 -1.103688 
0.606266 0.006806 -0.502409 0.217496 -20.582995 7.230609 5.750724 
0.250734 0.495173 -0.051226 0.141140 14.384457 -0.107492 -4.149962 
0.184902 0.336590 -0.977437 -0.019609 -8.561113 -2.977771 -1.985297 
0.348863 -0.677086 -0.521692 0.511147 -16.156752 17.412101 -0.024151 
0.127948 0.231399 0.470135 -0.072908 17.344292 -15.614149 7.131103 
0.127545 0.609849 -0.603644 0.130807 14.827653 4.716473 27.721572 
0.089378 -0.177644 0.709050 0.250965 14.268225 14.215899 12.335660 
0.220514 -0.923854 0.068784 0.114547 -0.900115 9.732360 12.419033 
0.195396 0.491279 0.486601 0.581838 14.520320 -9.122692 2.238965 
4.245083 0.150680 0.094247 0.297313 -13.869246 -22.406127 10.587860 
0.095817 0.254565 -0.021172 0.609550 -5.319798 11.626722 4.416157 
0.569763 0.627622 -0.322136 -0.116025 -0.456518 9.758014 -2.292141 
1.098164 0.281718 -0.356127 0.224303 4.287130 -12.352326 4.982826 
0.538990 -0.518487 -0.103466 -0.323522 -4.553741 6.012959 -5.686848 
1.288776 0.737208 -0.030452 -0.027115 -18.210489 6.993917 7.113298 
0.193816 -0.427866 -0.498036 0.364932 4.287336 5.904844 14.611343 
0.378483 0.974146 0.257840 -0.318234 2.255387 14.180196 1.806872 
0.130333 -0.616337 -0.684302 0.013782 -13.492937 13.658970 3.550062 
0.235233 -0.262312 0.540778 0.766325 -2.240148 9.050096 -11.372514 
0.474050 -0.154857 -0.218065 0.464419 16.109771 3.105652 0.327944 
0.170650 -0.374045 0.726856 -0.111160 10.976862 -8.594867 -2.057829 
0.551803 -0.686978 0.166317 -0.348833 -18.096055 -6.773274 3.274392 
0.131497 -0.463403 -0.283119 0.276149 -4.648712 13.932877 2.596162 
0.367063 0.446138 0.677001 0.204197 -12.362949 8.038929 -10.992669 
0.237052 -0.048395 0.452610 0.411823 -0.123761 -10.565548 -9.679545 
0.979329 -0.687874 0.109592 0.141721 -2.656344 -1.714646 16.276459 
0.113309 -0.627507 -0.593124 0.185623 13.589774 -1.742866 -3.053652 
0.202812 -0.503588 0.048551 -0.856347 17.382949 7.322572 -14.517003 
0.145792 -0.311424 -0.653750 0.356671 -0.525199 9.612651 -9.017690 
0.206856 0.569404 -0.226206 -0.140013 -2.545512 -34.553635 -19.164343 
0.534870 0.078313 -0.754130 0.674955 -15.149794 3.954485 5.184301 
0.091732 0.355975 0.642629 -0.225005 -21.353726 8.758514 9.540351 
0.094435 0.221789 -0.590209 0.206567 1.461455 -5.067981 21.406310 
0.106821 -0.022349 -0.068793 0.293572 5.019325 -4.422089 13.252337 
0.443043 -0.468235 -0.213306 0.021799 6.453472 0.870510 -20.550158 
0.087582 0.557108 -0.255370 0.144436 0.794485 -11.522553 -18.891810 
0.159466 -0.332096 0.673022 -0.338385 -16.467591 -5.759789 4.109981 
0.829727 0.160876 -0.208488 0.763668 5.320406 -6.659816 -6.769008 
0.093662 -0.319539 0.599529 -0.323448 -10.642881 9.167810 20.289150 
1.055006 0.053000 0.296670 -0.515393 -12.180792 9.018775 -14.068384 
0.290595 0.210560 -0.591543 -0.680075 10.823581 -4.338487 13.016088 
0.226020 -0.480983 -0.570768 1.028733 10.305691 -17.355596 30.140818 
0.258652 0.120036 -0.271574 0.227528 -12.405342 3.117873 -3.893892 
0.504080 -0.147671 0.229117 -0.601036 12.700962 -6.293872 -4.359100 
0.133644 0.406958 0.757999 -0.146908 -5.874226 -5.932864 -32.453859 
0.102367 0.520464 0.194019 -0.075587 -3.549636 9.201297 8.384832 
0.102733 -0.726409 -0.254543 -0.256713 9.891661 13.098685 -2.387406 
0.406103 -0.065269 0.410886 0.850549 1.513782 0.917061 5.099120 
0.170184 -0.458352 -0.905231 0.130753 -7.683994 -7.962586 -17.114773 
0.080956 0.037370 -0.394598 0.350082 23.664111 22.927152 -5.484368 
0.171393 0.007553 0.079722 0.481139 -6.491792 26.735175 11.937688 
0.103884 0.242366 -0.240396 0.233267 -13.116194 -5.518323 10.382176 
0.287723 -0.237068 -0.169316 0.029495 -5.750962 -3.772781 8.868779 
0.707610 0.019482 -0.160962 -0.227407 -5.538709 -3.140530 24.180557 
0.161798 0.269709 0.624853 -0.482221 2.688860 1.069536 -0.354702 
0.495528 -0.560471 1.146359 0.413968 -13.895276 18.555306 5.103753 
0.081729 0.339699 -0.274678 -0.629109 18.518834 6.439212 9.027465 
0.498673 -0.661679 -0.103558 0.457379 4.079079 -5.077619 12.404089 
0.189760 -0.191179 0.227313 -0.514186 -15.291968 -2.687657 0.324358 
0.174582 0.608435 0.280996 -0.386186 19.821203 6.116495 9.445511 
1.913197 0.092104 -0.842892 0.025909 5.395585 13.720248 1.630772 
0.156957 0.286431 -0.549517 0.430209 -8.074616 4.101589 4.965499 
0.318637 -0.062179 0.527419 0.449175 12.241610 15.141312 2.607769 
0.384886 -0.035997 -0.776029 0.478636 -15.485024 -6.704671 3.487536 
0.094543 -0.994631 -0.362682 -0.320110 -8.972918 9.187037 -21.755110 
0.093801 0.167429 0.225082 0.898589 15.196479 -9.017745 4.110222 
0.259589 -0.244644 -0.385257 -0.529744 1.470194 9.065667 9.689905 
0.331382 0.018746 -0.007518 0.064672 -6.059489 10.219831 -3.889118 
0.597086 0.033241 -0.660740 0.263272 -30.991651 10.709065 -13.208301 
0.244466 0.217157 0.061838 -0.024026 -3.276222 -10.561461 5.234478 
0.409757 0.533929 -0.427907 -0.403728 2.382407 -9.907406 21.992678 
0.703460 -0.888087 0.317607 -0.351338 -8.017702 10.365376 12.102056 
0.129081 -0.292424 -0.163064 -0.133784 12.593021 -1.098254 -6.685938 
0.592856 -0.299101 -0.837666 -0.102726 14.052280 -3.925527 10.660945 
0.598064 0.009529 -0.127022 -0.767912 8.385476 11.565661 10.957745 
0.315326 0.386505 -0.481427 -0.452866 -0.970019 14.068135 10.878239 
0.830552 0.454247 -0.484496 0.599856 6.589473 -2.771047 -7.175102 
0.107798 0.054259 -0.302282 -0.017201 -14.509071 15.175041 19.084133 
1.282747 -0.417304 0.452514 0.575254 -6.757256 -19.189413 -2.085599 
0.179704 0.361659 0.095254 -0.780992 1.232701 -13.123935 1.989065 
0.226650 -0.093958 0.516650 -0.099774 17.488097 -8.015675 2.855191 
0.213577 -0.338640 -0.825635 0.022001 -3.351502 11.216099 4.417474 
0.360054 0.435088 0.651297 0.219399 0.415658 -2.843866 9.798118 
0.590465 -0.713393 -0.227169 -0.142791 4.783465 -7.635412 1.817501 
0.323997 0.034729 -0.245124 -0.717832 -2.803632 25.890302 -20.296195 
0.080856 -0.563370 -0.788172 0.515491 9.007015 -11.682043 13.873217 
0.143920 0.017026 0.998009 -0.197716 4.149606 18.083315 -0.156912 
0.128165 0.224784 -0.458186 -0.205576 22.529759 2.820945 1.726498 
0.371144 -0.359573 0.342078 0.517704 -5.035831 20.337129 -3.989586 
0.145470 -0.910022 0.385889 0.234176 -10.103180 7.868387 -17.241220 
0.092657 0.013670 -0.878012 0.380415 -2.786075 1.136268 -8.636917 
0.587126 -0.347313 0.467455 -0.773319 20.090154 -11.024160 -20.971829 
0.235289 0.141168 -0.300087 -0.028444 10.045782 -2.526207 5.887276 
0.569180 0.739974 -0.184947 0.493528 4.996636 -14.506130 -1.989166 
0.093590 0.300245 -0.228931 0.044669 -10.622946 5.105110 16.720013 
0.249342 -0.308215 -0.198072 -0.755924 -0.527645 -10.839407 -7.892791 
0.543855 -0.332987 0.377325 -0.125070 29.003882 -3.112784 -12.389650 
0.236315 0.043312 -0.371938 -0.737070 21.378679 27.332758 -20.628631 
0.136931 -0.492984 0.875841 0.151127 -2.939639 6.735524 -5.776220 
0.109437 0.526851 0.215917 0.592731 -1.523898 -15.932613 10.710614 
0.915698 -0.788322 0.211291 0.604769 7.137120 9.251275 4.502955 
0.125769 0.252408 0.542982 0.477715 -8.938005 -1.766659 -2.519103 
0.182221 0.491499 0.337694 0.117230 16.104201 -1.299952 -1.261648 
0.624303 -0.069807 -0.691040 -0.181280 -15.932947 -9.857280 -9.532705 
0.123119 0.686901 0.003077 -0.009038 -11.473951 1.515886 -4.045489 
0.093277 -0.737682 0.255872 -0.371410 5.760013 7.305822 3.206952 
0.126609 -0.754742 -0.472338 -0.356672 -10.780442 -10.865986 13.447498 
0.342755 0.147454 -0.785076 -0.006306 10.026487 12.819217 -1.047863 
0.887808 0.429078 -0.828408 -0.015353 13.143556 -15.922661 3.389690 
0.718573 -0.693982 0.093822 0.079587 -13.535564 -7.368372 -14.480301 
0.789225 0.036680 -0.659959 0.265272 -5.215786 20.755179 10.557705 
0.126531 -0.009111 -0.306687 -0.218866 19.528817 -1.459151 4.512902 
0.685572 -0.333997 -0.174000 0.107339 -4.335176 -10.400853 2.685451 
0.342997 1.060260 -0.314302 0.134754 8.280801 -2.309687 -4.362387 
1.141486 0.539730 -0.269405 0.629403 10.476550 9.677210 10.897399 
0.181571 0.163119 0.019746 -0.525056 -11.515735 4.632066 -2.185100 
0.271737 0.199532 0.224975 -0.471414 -8.498608 3.909409 0.034999 
2.465276 0.474508 0.148206 0.118771 8.223536 8.266745 -4.325986 
0.132761 -0.907451 -0.344622 -0.011633 -4.120740 -0.044905 -12.532008 
0.088416 0.836083 -0.007455 -0.479863 7.110961 -3.870660 2.762750 
0.089291 -0.156474 -0.280425 0.371806 -5.718761 9.057671 -15.232888 
0.263350 0.104210 0.389573 0.658563 9.206478 4.338269 5.279367 
0.423754 -0.370678 -0.561637 -0.486394 12.410160 -9.859583 13.079291 
0.178200 -1.078354 -0.596357 -0.005135 -19.716213 -4.241035 -0.814372 
0.269147 0.621592 -0.737187 0.332140 -8.854160 -14.735806 -3.139154 
1.218772 -0.561828 0.829326 -0.396997 -15.793086 -6.009185 -1.390927 
0.195759 0.269583 0.202471 0.392279 13.036906 -16.840671 23.351239 
0.310560 -0.346118 -0.189397 -0.405289 -6.440789 8.054851 12.489414 
0.132928 -0.023975 -0.329327 0.706222 -0.987332 11.135754 -6.388561 
0.130606 -0.463609 0.701603 0.704312 -3.054658 7.502713 5.449030 
0.180981 0.175286 -0.224696 -0.142057 11.706762 35.583430 21.897178 
8.040799 -0.194823 0.343299 0.178247 7.489286 -0.769294 -1.001018 
0.080873 0.716999 -0.191789 0.119119 8.786634 10.430266 7.995353 
0.337684 -0.303798 0.680572 0.448002 4.667415 6.271280 25.089898 
0.727006 0.076441 0.519380 -0.317792 -23.031481 11.068439 7.448336 
0.130102 0.014776 0.691529 -0.455558 -1.031860 5.967734 3.929692 
0.107057 -0.156679 -0.404018 -0.758321 -5.408238 -15.025004 12.559088 
1.352041 0.177967 0.066023 0.883310 -9.384141 5.116199 -1.047790 
0.108970 0.546283 -0.149024 0.503215 -15.372133 -3.223646 16.699256 
0.148499 0.784209 0.697254 -0.441444 15.619874 4.011118 -13.188873 
0.263983 -0.217292 0.473347 0.159381 -1.750685 -14.429506 2.544071 
0.240265 0.102110 -0.811910 0.133422 -13.461664 11.051894 -6.688886 
0.217954 -0.171045 0.274551 0.332498 1.027991 8.789938 8.135188 
0.444167 -0.213627 0.191960 0.618532 -8.551616 19.967354 5.623276 
2.752555 0.162238 -0.239230 -0.028838 2.867987 9.148814 -29.560455 
0.266546 -0.146660 0.100408 0.048908 9.677084 8.884261 -23.524009 
0.104305 -1.043720 0.032754 -0.203935 -15.500220 7.569039 3.651850 
0.144490 0.335989 -0.112213 0.546382 24.261908 16.603402 -7.300819 
0.094619 -0.096502 0.150378 0.365490 7.522208 -1.187680 11.378184 
0.144851 -0.743493 0.233685 -0.081354 -1.245350 10.303417 21.741489 
0.132290 0.441179 -0.501500 -0.001102 -3.155808 -8.101284 24.299370 
0.524424 -0.224511 -0.088318 -0.568263 -1.607174 -9.400513 -7.506528 
2.804970 -0.236117 0.014427 -0.128055 32.563804 11.393869 -2.274838 
0.151725 0.337317 -0.233741 0.213679 16.513114 -1.508668 2.973340 
0.691052 0.256382 0.575651 0.394020 -9.822595 11.528026 -0.253876 
0.123125 -0.435425 -0.780840 -0.296630 -24.755598 -12.534365 -9.911394 
0.095501 -0.468647 -0.374301 -0.254744 -0.149440 1.638405 3.962614 
0.082472 -0.159195 0.010135 -0.315523 0.047397 2.758361 19.916153 
0.088000 -0.483562 -0.068777 -0.581625 -5.426373 -1.284032 13.704147 
0.106567 0.507377 -0.140530 0.030329 0.478274 -2.227992 1.296747 
0.083960 0.284280 0.495935 -0.375035 -4.756866 -19.459603 10.895140 
0.444394 -0.003245 -0.478652 -0.661544 -4.321882 3.282636 5.017580 
2.968598 -0.115548 0.250799 0.709975 -11.185920 7.330065 -5.471597 
0.118415 -0.467323 0.227017 0.908466 -15.849080 1.095950 -2.848634 
0.123056 -0.037285 -0.057144 -0.467857 -7.090709 -14.448569 8.845811 
0.111967 0.322162 -0.432621 0.430131 -16.557374 -2.569598 -9.035644 
0.095336 0.031312 0.240997 0.100590 -2.871884 3.059086 7.569322 
0.085245 0.347713 0.158415 0.595852 -9.642586 4.766154 11.083394 
0.219520 0.340154 -0.101499 0.305608 -20.924179 -11.076067 22.359275 
0.269315 -0.293302 -0.827811 0.484752 -14.891352 -14.290701 18.069314 
0.084729 -0.231498 0.616028 -0.549253 -7.339890 -4.550040 2.703618 
0.193296 -0.169075 -0.905615 -0.404357 5.255730 -8.372882 12.265871 
3.042533 -0.211825 0.696465 -0.313964 -5.857164 -14.061858 -16.311564 
1.417540 0.525644 0.842748 -0.518878 16.402372 14.870120 -1.514427 
0.348250 -0.308270 0.283522 -0.364751 -9.995539 3.330334 -2.628942 
0.189420 -0.719603 -0.262861 -0.539853 -1.169152 1.093527 11.963203 
0.222484 -0.146823 0.011493 0.149419 -6.175033 -10.355688 14.723990 
0.319069 -0.632753 -0.232705 -0.385702 -2.515005 4.842474 -14.695865 
0.092091 -0.411905 0.106814 0.079744 -14.534368 -6.773275 15.305217 
0.486369 -0.269477 0.434023 0.135256 19.974351 -2.505989 -14.999143 
0.293964 -0.501227 -0.624526 0.454482 3.384393 5.816129 -1.820322 
0.150389 0.473120 -0.691872 0.253252 -3.760477 -0.973236 -8.683128 
0.098254 0.661028 0.061248 -0.314592 -2.204503 -0.045032 -7.031191 
0.129777 -0.143352 0.039504 -0.147764 3.533220 -6.059470 5.145505 
0.089968 0.291135 -0.095812 0.893204 13.636280 14.627220 1.680824 
0.178187 -0.476757 0.081476 0.614262 -4.047765 -2.604608 -14.871479 
0.446547 0.325731 -0.318403 0.246460 -18.673210 -8.406063 -4.717086 
2.596189 -0.224789 -0.323535 -0.595910 -22.086767 -22.679890 -7.759998 
0.941679 -0.117118 -0.256398 0.126952 -4.881690 6.077112 -18.731381 
0.357477 0.114394 0.826642 -0.468181 -5.150565 4.402097 1.835983 
0.233141 0.419498 -0.436852 0.364645 -3.069293 -1.048127 6.829365 
0.109886 -0.609486 0.388913 0.042255 -13.234650 -0.175588 -9.035194 
0.103385 -0.620628 -0.014893 -0.418705 -2.409249 7.231696 -5.725012 
0.307529 -0.657547 0.031535 -1.057413 -9.354365 -12.797145 -15.225313 
0.224214 -0.667623 0.731614 -0.040092 -11.366999 1.827751 -29.127152 
0.688471 0.198124 -0.423395 0.435068 12.144629 -12.453163 -2.822309 
0.121886 -0.299931 0.525658 -0.448561 5.103362 -16.967342 -8.320487 
2.036878 1.065505 -0.515027 0.261175 15.884534 -12.835320 -6.398901 
0.108772 -0.116733 -0.556744 0.014890 -12.998633 15.638393 13.273813 
0.087214 -0.768609 -0.382496 -0.806218 -8.035451 -18.012198 -9.264791 
1.095005 -0.208085 0.185707 0.537558 5.345571 10.990919 5.690309 
0.462444 -0.345818 0.245279 0.934754 1.528611 0.353443 -1.803915 
1.195467 -0.058708 -0.760865 0.030608 -1.131892 -6.878290 -0.174079 
0.124532 -0.862505 -0.261663 0.315871 -4.748024 -5.537873 0.222246 
0.239527 0.565475 0.490533 -0.592346 -0.025806 -5.155915 -0.249519 
0.513647 -0.232378 0.550452 -0.088599 3.973695 6.192618 22.466075 
2.322161 -0.674919 -0.521413 -0.368003 4.524399 -2.257911 -17.497541 
1.749945 -0.456766 0.896835 -0.021813 1.957504 8.525499 -3.937482 
6.427225 0.017853 -0.645384 0.331688 -12.905292 -4.859220 9.216988 
0.187473 0.353965 0.192048 -0.610329 -3.681188 -2.854340 -5.884129 
0.080411 -0.711237 0.220349 0.054636 -16.842295 15.644689 15.134808 
0.084886 0.584994 0.154933 0.069725 -12.750128 2.268861 -1.905317 
0.210734 -0.284476 0.547605 0.620980 -6.663997 9.365254 -4.600242 
1.039799 -0.252444 -0.285050 -0.585247 16.421537 2.062887 8.346824 
0.589256 -0.479082 0.133929 -0.110387 -2.082745 -9.855160 7.466603 
0.193774 0.495521 0.703185 -0.584927 -9.362243 12.545253 2.687228 
0.204408 -0.734161 0.205933 0.233854 -4.360285 0.888827 -13.722747 
0.203976 0.557986 0.036997 0.582525 -19.126432 10.225894 12.612743 
0.100379 0.201896 0.479995 0.202698 -2.707622 -12.911557 -8.186965 
0.224716 0.305163 -0.501130 -0.084880 8.375602 -8.565414 22.812805 
0.736908 0.012917 -0.638079 0.221660 15.487442 21.046435 2.256451 
0.183623 0.243216 0.248106 -0.733954 13.012802 5.063915 -11.352191 
5.763363 -0.377790 -0.292135 -0.135432 -11.406762 -18.711831 -4.144995 
0.155563 -0.644410 -0.560698 -0.408062 5.931647 -0.131333 2.162818 
0.205052 0.625623 0.276940 -0.497628 -11.046478 16.824214 6.768228 
0.256881 0.070561 0.280639 -0.877699 -7.921370 -16.046351 -1.539106 
0.383592 -0.069978 0.527673 0.817974 5.558973 -16.782104 9.161581 
0.115189 0.102836 0.086767 -0.948068 -14.813262 20.044332 -1.823791 
0.144188 0.702305 -0.237281 0.067708 -0.777824 -3.711798 7.897565 
0.208231 0.262708 0.105832 -0.629840 -13.107896 10.896151 13.610701 
0.523071 -0.691241 0.428155 -0.664834 -9.270418 -5.091721 -0.442503 
0.460238 -0.803987 -0.078280 0.804237 6.334009 -0.107812 20.014026 
0.500482 0.420354 -0.274104 -0.487849 4.563880 13.798791 -10.989246 
0.190881 -0.731654 0.348755 0.199551 12.210486 9.912254 25.815711 
0.095002 0.054933 0.654139 0.130907 4.450413 -3.818424 3.857493 
0.282526 0.609313 0.137825 -0.621911 8.984175 -3.975306 4.808397 
7.200905 0.461690 -0.229419 0.162996 -4.887790 6.923577 25.883523 
0.639887 0.303689 0.373448 0.787880 -19.605705 9.177301 1.892120 
0.088337 -0.102072 0.446720 0.085883 8.668409 -11.400668 -1.933544 
3.427020 -0.134556 -0.099662 0.059249 18.764905 -12.585483 12.695976 
0.286232 0.336791 0.589886 -0.244786 -6.091191 -14.628486 -5.097109 
0.111446 0.242564 -0.338359 0.017604 -5.732178 15.422011 17.476006 
0.194955 0.368716 -0.349157 -0.146938 5.999264 6.061033 -4.147339 
0.190041 0.396599 -0.186723 0.511967 -20.621096 5.809155 7.848375 
0.170109 0.046610 0.443766 -0.156806 -9.718515 6.489863 8.456896 
0.162386 0.660675 -0.410515 0.141152 -5.682757 -1.736762 13.774762 
1.166044 0.221691 -0.729324 0.018859 18.476836 1.906353 26.610384 
0.584740 1.036855 0.295544 0.246096 13.343043 -0.425351 4.642112 
0.396613 0.428331 -0.983134 -0.003635 -6.948655 -14.180269 -13.153556 
2.418064 0.331582 -0.227894 0.233456 -4.045637 7.760384 1.642288 
1.010429 -0.671160 0.551247 0.163625 -6.200569 -0.440551 2.681834 
2.532142 -1.079581 0.488695 0.027854 -12.832850 -4.621727 -0.751693 
0.107929 0.088108 0.965558 0.433997 8.676347 6.321031 8.223324 
0.167175 -0.501552 0.024729 -0.577868 -7.511540 -1.419598 -12.685016 
0.254952 0.555967 -0.828086 0.167625 18.362474 -6.084435 -10.737216 
0.429694 -0.650133 -0.458130 -0.062105 8.154265 2.573267 18.986571 
0.496826 -0.620879 -0.059056 -0.765261 1.853985 -4.913362 1.773014 
0.121547 0.209482 0.480787 0.422612 16.099385 -29.477971 5.246269 
0.215928 -0.076425 -0.770138 0.307667 -1.033867 9.672964 0.103911 
0.270339 0.209566 0.992611 0.472822 -5.218173 3.843522 7.972196 
0.080083 -0.707866 0.157676 -0.136965 -5.857834 5.393995 16.372198 
0.272801 0.187472 -0.366471 -0.088371 16.972639 -7.932239 -1.170042 
0.248941 -0.919681 -0.074419 0.418431 -1.170738 -8.641443 11.770497 
0.198171 0.036092 0.325812 0.349173 1.313329 -14.309484 3.730281 
0.125940 0.161733 -0.794325 -0.022855 -2.006753 12.064247 7.774620 
0.397489 -0.214246 -0.139365 0.056322 5.322508 -6.482443 12.479200 
0.109822 -0.466621 0.132608 0.341380 29.267014 7.169843 3.626046 
1.950578 -0.153300 0.945006 -0.346813 -8.288789 -3.480182 -4.318145 
0.085723 0.092320 -0.344419 -0.583934 -4.906895 4.132647 8.430667 
0.261677 -0.429015 -0.337872 -0.183529 10.160641 12.322194 -9.900186 
0.410668 -0.687914 0.797207 -0.126955 -1.113079 12.333806 16.220556 
0.278253 -0.416475 -0.085215 -0.368993 10.038007 -13.436943 8.488900 
0.362834 0.346861 -0.627465 -0.045689 -10.487502 1.206720 8.832615 
0.191416 0.524816 -0.574235 0.131511 39.758182 7.580028 -4.771923 
0.204516 0.021368 -0.345771 -0.655556 15.528804 -7.662429 -11.791743 
0.119244 0.228598 1.072560 -0.159160 1.030366 6.353055 10.392684 
0.394798 -0.396817 0.421786 -0.450238 -3.496931 -4.954041 -8.704899 
0.108074 -0.133925 -0.345051 0.695145 4.132457 2.703246 -14.034505 
1.687457 0.257437 0.988676 -0.364446 18.136265 24.862916 4.627920 
0.142585 -0.362160 -0.723765 0.165859 -1.997096 -6.226243 -9.758842 
0.999592 0.266618 -0.418559 0.619083 3.938746 9.127239 -15.771438 
0.835224 0.461785 -0.940955 -0.069571 20.140677 5.355486 -2.804033 
0.133760 0.018702 -0.386922 -0.356974 -17.013848 -12.553948 -2.246803 
2.914902 -0.625006 0.314652 0.092041 18.769807 -6.270660 -0.777321 
0.289537 0.327206 0.263405 0.169491 -7.375933 -10.125114 10.194829 
0.111589 -0.241337 -0.150312 -0.033376 -5.314158 11.905323 11.595586 
0.666435 -0.238003 -0.700241 -0.010283 -0.475425 17.329103 -4.430591 
0.118124 -0.371815 -0.057569 -0.167537 -7.378943 -11.405328 4.753175 
0.082017 0.422361 -0.419795 0.169187 -7.073879 -4.514011 10.009510 
0.384643 -0.624520 -0.032909 0.415797 -8.416178 -7.987943 -6.577900 
0.170390 0.378543 -0.177901 -0.322913 -3.967870 15.639796 17.821004 
0.164634 0.022236 0.626612 -0.493076 -6.819415 -1.137939 2.067695 
0.710018 -0.316383 0.127298 -0.041836 -16.015500 22.459008 9.471880 
0.490174 0.343160 0.077878 0.783356 -1.531969 -10.919653 -0.473589 
0.209872 -0.008208 -0.657630 0.219095 -3.280977 2.330896 18.561914 
0.191407 -1.031976 -0.700467 -0.063616 -13.215295 -6.407667 -17.265819 
0.086220 -0.463027 0.109667 -0.315368 24.432697 -1.615652 -0.866621 
0.253249 0.290191 -0.891807 -0.109606 3.898082 4.449499 0.680390 
0.443660 -0.125888 -0.346040 0.147811 12.764302 8.538946 -12.749685 
1.478874 0.410133 0.077236 0.130118 14.696651 8.898487 -0.004333 
0.997008 0.773919 0.621103 0.205988 0.754294 -0.021507 1.325116 
0.119733 -0.689619 0.745035 -0.328285 -5.402606 3.370592 -19.053313 
0.155712 -0.686399 -0.576207 0.430764 -11.661633 -2.720905 7.356641 
0.248140 -0.479765 -0.183349 0.018809 26.182322 -3.901852 -7.301777 
0.211986 -0.074528 -0.040668 1.125244 -9.418352 -13.389464 20.299564 
3.164370 -0.098115 -0.430872 -0.731959 9.768869 9.912508 -3.810678 
7.811175 -0.388980 0.796699 -0.133414 2.714643 7.887234 -3.476926 
0.119711 -0.437057 0.101512 -0.573157 -8.677387 0.353892 14.894006 
0.081905 -0.235998 0.946758 0.271436 -1.887018 19.283285 6.204472 
0.128974 0.278535 0.779684 -0.177228 -3.343973 2.208727 8.714991 
0.098410 0.402270 -0.014168 0.311720 -0.261573 1.677513 -2.707769 
0.208666 -0.351077 -0.392863 -0.665846 -16.082740 0.867571 13.895606 
0.338702 -0.489502 0.432251 -0.454176 -3.247176 -21.651277 5.567343 
0.270406 -0.701988 -0.182242 0.243739 -7.382996 -6.290978 -15.937738 
0.261780 -0.574955 0.447675 -0.613983 0.268809 1.813691 -5.086377 
0.198271 -0.397643 -0.691547 0.502996 5.860334 2.752553 -1.710913 
0.547947 -0.600943 -0.301117 -0.299252 -3.208821 -1.847231 1.936423 
0.084496 0.031110 1.019598 -0.400064 -5.019997 11.754454 8.882517 
0.547853 0.028224 0.585671 0.062806 -1.502979 -5.590262 -2.105108 
0.124445 0.344032 -0.702668 -0.245165 4.381784 -0.114788 6.833989 
0.573077 -0.075852 -0.091158 0.448965 -13.254685 6.191063 -12.624548 
0.415176 -0.251041 0.617581 0.192701 0.558588 -10.942442 -15.939568 
0.878922 0.376066 0.899609 0.032298 -0.004546 -0.054039 -16.732406 
0.094683 -0.231520 0.943326 -0.665695 -3.484665 4.452847 -16.275262 
3.025229 -0.877427 0.436151 0.403069 -7.723233 19.461267 -4.617724 
0.102725 0.416607 0.765794 -0.171013 -8.037447 -5.497675 -11.915491 
1.385436 -0.499576 -0.588511 -0.102328 -27.854084 5.923580 6.634484 
0.188343 -0.423421 0.230229 -0.311514 19.495130 -10.452590 -2.406037 
0.308804 -0.776918 0.058153 0.471092 6.084522 12.496077 8.873209 
0.266901 -0.524947 0.430308 0.006117 19.729436 20.477939 5.271339 
0.352073 0.734595 0.043739 -0.805650 -1.878505 -4.669928 -10.183985 
0.588656 -0.341717 -0.204543 -0.358074 12.339577 -13.602280 -21.112026 
0.105091 -0.038704 -0.283205 0.240559 -13.123097 -5.670269 4.259981 
0.147682 -0.228685 0.406913 -0.731981 18.131038 -4.025696 -9.121088 
0.179358 0.682862 -0.520139 0.178391 0.722647 4.066126 -7.970011 
0.522896 -0.274012 0.384513 0.178610 17.949531 2.423470 -9.160316 
0.141510 -0.263566 0.221821 0.145441 16.221755 -11.415915 -18.340391 
0.105633 -0.050351 0.204891 -0.143260 -7.383774 4.386398 -13.777940 
1.115389 -0.140891 0.251163 -0.444306 6.939346 -7.579890 -6.362327 
0.100224 0.919274 -0.298471 0.535452 20.138868 -14.667441 -4.587136 
3.043771 0.403404 -0.080098 -1.013411 15.350074 -4.219990 -16.405588 
1.677124 -0.157589 -0.466778 0.696141 7.287408 -13.199601 7.390432 
0.154714 -1.158629 -0.124236 0.081771 -15.100583 -8.546268 -5.867751 
0.509531 -0.253941 -0.207627 0.049623 12.304322 -1.654016 7.783701 
0.118595 0.491727 -0.538244 0.466392 13.204317 -3.623154 8.882768 
0.192470 -0.448969 0.076339 0.009561 25.661118 0.106901 0.213850 
0.156661 -0.133859 -0.810692 0.170922 0.296527 -10.798975 20.363717 
0.269171 0.130326 -0.098441 0.549814 12.175230 8.238476 0.572220 
0.275015 0.771954 -0.327707 0.125433 -3.700172 8.027907 8.179077 
0.133107 0.539383 -0.174188 -0.587006 -7.893642 4.709588 2.705026 
0.116244 0.066292 0.251013 0.126437 17.001489 -17.118533 3.867699 
0.262815 0.194758 0.503012 0.136876 -4.978382 -13.399886 22.943573 
0.152197 0.758552 -0.146203 0.249977 -2.219984 4.807037 -24.628875 
0.591538 0.289136 -0.031981 0.522337 16.970462 -24.963667 -15.968283 
0.273814 -0.626580 -0.539900 -0.155042 -7.369241 -5.094945 -0.029932 
1.296377 0.258165 -0.676753 -0.263238 -1.616915 15.061258 10.220083 
0.625099 -0.191306 -0.032357 -0.860160 1.135819 -8.525699 9.942200 
0.953431 -0.174329 -0.079157 -0.222099 -28.511791 -12.152185 16.773425 
1.362864 -0.692248 -0.076583 0.385478 -8.113391 9.614809 -1.603411 
0.388981 0.624852 -0.050927 -0.440062 -6.884655 7.212494 7.118640 
0.178332 -0.362642 -0.488468 -0.378857 30.721042 -6.601268 -3.678686 
0.372184 -0.291204 0.210009 0.462463 -15.356874 -7.654089 14.588140 
1.884918 0.383685 0.162838 -0.167504 -25.775406 1.793576 -8.787858 
0.093160 -0.738341 -0.104902 -0.418833 -12.055465 -9.488826 -8.695284 
0.093696 -0.116361 -0.132784 -0.004200 6.052700 -21.415259 -1.705858 
0.080850 0.959372 0.091625 0.212830 17.063362 -18.301521 15.482077 
0.277717 -0.170454 -1.199905 -0.075179 0.299565 -17.892312 16.147855 
0.330199 0.073389 -0.399123 0.119632 -17.307132 13.220760 13.247812 
1.020862 -0.628529 0.384738 0.170447 10.674493 11.028505 1.819376 
0.554068 0.404060 -0.182285 -0.117052 -10.385782 8.686721 7.931875 
0.410517 0.759420 -0.001354 -0.315345 10.254074 -3.830527 11.611976 
2.241100 0.567565 -0.282350 0.178523 -19.761719 -6.381449 14.562403 
0.769947 -0.113402 -0.142744 0.995154 -11.900233 -6.913364 -3.514617 
0.085466 0.424051 0.732572 0.482163 6.894490 -7.045665 -1.047132 
0.645582 0.203301 -0.119361 0.776781 -5.120327 11.592754 1.653015 
0.291207 -0.395902 0.078251 0.288884 27.005561 3.478604 -17.052244 
0.780826 0.910084 -0.048420 -0.121618 10.638729 22.608214 4.805375 
0.178041 0.060651 -0.184255 -0.252872 -8.713402 5.882418 2.315538 
0.111657 0.346768 -0.400504 -0.205546 16.559338 3.054764 6.280694 
0.141933 -0.237283 0.674748 0.649212 -9.570724 -3.289565 4.620433 
0.503658 0.465642 0.490514 -0.600462 -2.495560 -4.713726 5.657940 
0.266518 0.900182 0.015829 -0.064513 2.768941 -13.407844 -15.426299 
0.136578 -0.563780 -0.221009 0.039816 19.032754 1.869562 7.443123 
0.126498 0.318406 0.090765 0.356315 -12.435644 15.635142 -7.918940 
0.081261 0.163299 0.944272 0.354853 25.316344 4.493945 0.248023 
0.167252 -0.014792 0.107248 0.298450 -0.736698 2.159761 -7.412366 
0.607244 -0.482495 1.055617 0.425213 -3.367105 19.892003 4.702347 
0.266741 0.506154 -0.112408 -0.361114 -16.386264 9.966072 -0.382682 
0.157175 0.841411 0.046343 0.041420 -3.916713 -11.333827 25.530048 
0.366807 -0.369057 0.168210 0.592995 -0.763807 -17.749029 -8.049522 
1.030213 -0.167596 -0.019487 0.522234 0.276277 2.013572 15.885875 
0.140945 0.729142 0.772734 -0.460004 20.142970 7.486765 8.006559 
0.288794 0.364961 -0.089483 0.737050 -4.874112 -7.778071 -11.383080 
0.182724 -0.034204 0.888362 0.523151 -13.564942 9.425813 -5.220909 
0.115248 -0.280167 0.509692 -0.170387 -22.200159 12.429859 4.048175 
1.012019 -0.333881 -0.625536 0.567631 -5.770168 1.356609 1.598862 
0.292049 -0.338385 0.805573 -0.259911 -19.402742 -13.575301 2.074245 
3.273691 -0.148859 -0.021108 -0.228793 -3.792784 -0.653325 15.554076 
0.507219 0.318020 0.536601 -0.527817 -11.669463 16.380204 15.006687 
0.325723 -0.505011 -0.156658 0.910569 -15.362833 7.696933 0.302293 
0.153073 -0.048966 0.894465 0.068046 14.469598 11.547510 -34.915101 
0.229855 -0.494182 -0.176427 -0.014876 6.352079 13.189624 14.326399 
0.196589 -0.275867 -0.231072 0.207682 -2.498793 -6.472958 -17.624089 
0.095001 0.186416 -0.145533 0.621199 8.933636 7.760521 -19.922669 
0.458870 -0.875498 -0.743216 -0.075428 -8.764303 -4.185166 -2.421273 
0.085890 -0.576675 0.702881 -0.598199 -4.666890 23.825824 12.680950 
0.170408 0.711955 -0.425208 0.153220 -2.009644 5.341119 -10.112308 
0.130084 0.228967 -0.190924 0.327098 0.695337 -17.285459 0.032277 
1.384359 -0.333581 -0.409566 -0.265148 -5.615842 -0.963670 2.381776 
0.642711 0.171567 -0.390810 0.194538 -6.904218 0.401659 -17.814924 
0.176254 -0.791568 -0.370698 -0.497712 -6.460384 -0.851328 5.346202 
0.156623 0.527823 -0.214986 0.008915 -17.709455 -17.862148 1.231504 
0.874755 0.541088 0.314806 0.012113 -6.833061 -5.782129 -9.373351 
0.628183 -0.041178 0.721763 -0.250649 -6.955219 -3.279776 13.431765 
0.127719 0.080004 0.207475 -0.785893 20.245693 -7.079986 11.492919 
0.209256 0.314362 -0.129079 0.135408 7.246520 -4.305030 6.623612 
0.393003 -0.145104 -0.075224 0.246228 23.825255 9.257278 -4.085157 
0.395444 -0.838699 -0.664469 -0.616401 -10.516650 -14.889744 0.587237 
0.150757 -0.692314 0.186832 -0.209630 4.762525 -17.723615 17.780971 
0.613619 -0.214888 0.350039 0.217229 27.538400 -18.251057 -24.012130 
0.371705 -0.014480 -0.737505 -0.052631 17.948825 1.067346 3.928674 
0.128172 0.135961 -0.651847 -0.386821 -0.515031 15.264436 -1.126532 
1.227367 -0.147424 -0.284470 -0.089588 -26.890241 22.926401 8.031659 
1.287495 0.255675 0.170828 0.381913 -4.501089 -3.388045 -13.865328 
0.285623 0.137625 0.534405 0.513486 -22.179998 -6.860090 -5.885931 
0.186793 0.129499 -0.229085 0.476709 0.851291 -0.347720 3.638454 
0.151928 0.812591 0.374073 0.272543 8.419453 -3.856614 -4.711651 
0.107729 0.014454 -0.898686 0.358266 5.270035 -12.556382 -8.177898 
0.789450 0.038415 0.977123 0.512699 0.385417 4.977474 4.025267 
0.417882 0.249017 0.275644 -1.009253 16.515313 1.296664 0.051785 
0.415458 0.254859 -0.996273 -0.678242 -4.591159 -25.855611 -0.879071 
0.510419 0.482211 -0.757564 -0.196186 4.478241 8.068892 8.203786 
0.130425 0.509430 -0.026345 0.095337 7.515882 -7.559940 15.119911 
0.312402 -0.809460 0.609051 -0.233188 -0.882194 4.764075 -2.983749 
0.489643 0.315383 -0.115770 -0.920248 -2.508598 6.076329 -24.756111 
0.449688 -0.349704 -0.690480 0.453925 15.880277 7.415744 19.060516 
4.640213 -0.716372 -1.014504 -0.817298 -9.518537 -26.964221 -36.844797 
0.102329 -0.822566 -0.305960 0.480419 4.034380 -7.676670 2.072196 
0.088752 0.689528 -0.367858 0.153688 -19.445004 -5.733072 7.010762 
0.124181 -0.209975 0.092024 0.361611 14.386339 -25.415385 14.001113 
0.142677 0.845677 -0.019287 0.339396 1.849819 -8.218456 -11.599648 
0.646196 -0.536137 0.558235 0.665026 -10.298665 12.069907 -15.186513 
0.112694 0.321531 0.735864 0.298074 -12.752050 -5.946587 12.978182 
0.176104 0.584626 0.156071 0.713411 -1.138687 -7.597475 12.762145 
0.106965 0.294218 -0.113771 -0.510737 -10.649643 -8.424572 2.818474 
0.330430 -0.226588 0.594096 0.074939 -15.206026 12.522488 3.788201 
1.059937 -0.253132 0.006399 0.415660 21.458662 0.761975 -10.223102 
0.446854 -0.071369 0.438619 0.298867 2.807699 14.590638 -15.980486 
0.249843 0.266802 -0.547160 -0.257235 -1.210114 16.374951 13.313329 
0.126972 0.039527 -0.243568 -0.305863 -7.800632 -5.638260 -11.971780 
0.148713 -0.393901 0.266885 -0.125240 -6.011855 -0.404667 9.891801 
0.153845 0.251860 0.116185 0.175961 17.330352 18.656555 -10.548763 
1.523067 -0.058058 0.730017 -0.029005 -2.550139 -2.917550 1.495280 
1.665441 0.057306 -0.754899 0.563739 8.332340 -9.923762 -13.799964 
0.167356 -0.111850 -0.558832 -0.247245 17.222995 11.824721 2.825079 
1.433413 1.121767 -0.059242 -0.179918 21.165562 -18.345724 0.078779 
0.264805 0.194954 -0.482346 -0.113897 -13.552998 -23.027693 -0.421686 
0.110793 0.074881 -0.453415 0.725936 -4.768006 9.068356 -2.061916 
0.180061 -0.112778 0.427674 -0.288190 -6.919164 5.280204 -1.870873 
0.195410 -0.094982 0.067585 -1.144149 -1.503297 2.339957 -14.726786 
0.091610 0.707378 0.284623 -0.640535 18.724933 6.606123 10.913546 
0.100160 0.409099 -0.477619 -0.313277 -9.697436 -6.330660 -3.255068 
0.329612 -0.103326 -0.174886 0.259938 -16.861020 -1.432924 17.867112 
0.174903 0.380246 -0.683852 0.386610 -7.265702 -22.483602 -5.811224 
0.088879 0.283869 -0.168344 0.271293 -17.724856 2.513557 -12.912684 
1.382242 -0.734742 0.345918 -0.635602 3.621085 -10.795789 -16.103047 
0.137418 0.704676 0.591795 0.191287 -1.804288 3.241875 6.813079 
0.550522 -0.724081 0.292903 -0.450346 -10.090742 -17.981357 5.885999 
0.977405 0.243356 0.484244 0.010888 -10.955518 8.360961 -21.795564 
1.078071 -0.306356 -0.039205 0.537742 -5.452873 18.636410 5.368373 
0.158053 -0.469956 0.336859 0.063587 7.349657 -32.007000 -6.515068 
0.173348 -0.307735 0.075041 0.438331 -5.299317 -4.175924 -10.703320 
0.082934 -0.264513 -0.527518 0.838470 16.103390 1.320315 9.884540 
0.136636 0.261420 0.304214 -0.251654 -16.023324 -10.341111 16.035561 
0.143734 0.762995 0.274558 0.315066 6.740741 5.983544 -8.360196 
0.441192 -0.312411 -0.292825 0.375347 -14.711424 7.247351 -10.508778 
0.419927 -0.550464 0.433364 0.467215 -1.775730 -10.960728 4.552592 
0.233936 0.776954 0.444374 0.183305 -9.380789 4.179574 18.872840 
0.472655 -0.318209 0.142179 0.186496 -16.849800 -10.758310 -13.960001 
0.114863 -0.350911 0.038061 0.577456 -12.788169 7.258385 -21.524670 
0.090134 -0.071921 -0.369869 0.220671 7.489104 11.499273 -1.366665 
0.541043 -0.221016 0.068047 -0.614455 30.182671 -3.720261 -0.241646 
0.282572 0.559442 -0.033858 -0.108854 -22.992135 -7.919597 0.383165 
0.115642 0.442507 -0.151577 0.069945 20.846419 -16.234099 -2.385995 
0.081355 0.320221 -0.295665 -0.497208 -23.151142 7.285806 -18.917291 
0.367829 -0.105267 -0.759041 0.094363 -8.396905 -11.377775 5.548321 
0.139629 -0.422676 0.294568 -0.005737 -6.792405 -19.551608 -7.191216 
1.352784 -0.358741 0.130049 0.529417 -10.697385 -2.911172 -5.771075 
0.125255 -0.550537 0.611841 0.286390 3.830669 -3.995254 -15.609462 
0.401327 -0.060879 -0.292592 0.583373 -1.547731 -8.296005 30.311562 
0.285734 -0.990530 -0.082455 -0.438999 -8.832775 -20.507987 -1.224165 
0.395651 -0.218669 -0.118661 -0.009123 22.507776 -13.510895 -12.823638 
0.293098 0.689635 -0.205999 0.129771 2.477270 -9.138736 12.710181 
0.087827 -0.812764 0.230729 -0.066456 -1.404174 13.144814 7.597690 
0.145431 -0.323268 -0.466606 0.788884 -18.734254 -2.011218 -6.127246 
0.180115 0.070946 0.323378 -0.431784 -22.825560 12.055664 -2.093010 
0.096200 -0.141137 0.076269 0.213946 -2.672820 -14.801853 -8.826905 
0.666776 0.377705 0.069712 -0.027739 -29.778004 -13.604192 20.214718 
0.204329 0.083212 0.313568 -0.158889 1.230970 6.017157 2.965754 
0.115895 -0.217625 -0.701454 0.612315 2.994335 9.605722 5.238999 
0.093908 -0.351884 -0.138968 -0.690533 0.130853 -10.723551 1.257010 
1.218377 -0.466524 -0.789746 0.205770 -14.084134 6.993323 9.571066 
1.577937 0.703819 0.563135 0.161650 -5.709876 0.185953 9.816972 
0.624013 0.228593 0.175757 0.519729 4.085471 -13.332208 11.705334 
0.094581 -0.173655 0.945751 0.205038 14.409952 3.701063 7.213797 
0.082735 -0.226976 -0.391732 -0.630773 0.270056 6.173548 -10.768540 
0.117562 0.553318 -0.665353 0.512310 2.420349 -11.471718 -13.506472 
0.104059 -0.056928 -0.290415 0.644468 6.554816 -16.908759 -7.325478 
1.175398 0.384200 0.436194 -0.027613 -1.855061 -3.529163 28.181850 
0.164169 0.274726 1.211612 0.238612 18.024894 17.627023 -13.280671 
0.291452 -0.038005 0.514580 0.481892 -15.848872 -0.565738 -9.027255 
0.206673 0.362872 0.380062 0.251752 -17.719151 -15.351944 -0.348237 
1.289324 -0.350513 -0.111993 0.762356 17.778327 27.056937 12.923243 
0.086315 0.213212 -0.232508 -0.249384 -1.043642 9.265606 -8.054551 
0.235153 -0.138832 0.683381 0.231083 1.781458 -8.485311 11.338208 
0.115719 -0.098242 0.047129 -0.573024 18.088803 -16.172971 -26.502127 
0.363410 -0.428650 -0.352274 -0.592846 5.927058 -4.496715 3.484231 
1.751386 0.524011 0.348080 -0.578306 18.896360 -3.759477 1.099648 
0.207984 -0.422671 -0.071596 0.649847 -3.643893 -3.719789 -2.370340 
0.102911 -0.120073 -0.577440 -0.645916 11.729849 -17.530942 3.600604 
0.178659 -0.631244 0.765682 -0.044379 2.173740 11.321650 10.480260 
1.266026 -0.431933 0.759027 -0.089119 -2.079756 -2.793213 -14.916687 
0.304509 0.487341 0.692038 0.359834 6.521861 -9.629509 5.460178 
0.111776 0.320456 -0.130957 0.215201 -1.976588 -6.918318 -8.967330 
0.518423 -0.236054 0.574933 -0.156057 -24.873267 -8.857867 26.915974 
0.412206 0.777051 -0.364386 -0.201644 -4.939522 -5.582486 14.198572 
0.151101 -0.309479 -0.397140 -0.544637 2.357966 6.866149 -4.369097 
0.220913 -0.458943 0.771971 -0.276715 2.807010 -1.657266 6.071220 
1.412488 -0.112191 0.197122 0.613066 5.666853 -3.921395 -14.541814 
13.278585 0.269115 0.536224 0.018585 -12.550472 11.669763 12.956687 
1.463321 -0.033462 -0.758139 -0.197743 -15.463880 11.354515 -0.589693 
0.120159 -0.027980 -0.909677 0.183482 12.450807 3.554242 12.056766 
0.365350 -0.426054 0.777176 -0.142224 -0.411099 -5.247105 13.467733 
0.105973 -0.231705 -0.312515 -0.858865 -7.134151 -3.655529 5.519643 
0.295892 -0.728712 -0.549615 -0.350783 -5.361081 0.375862 7.639387 
0.206326 -0.254400 -0.134318 -0.160907 -15.541816 4.410696 -3.889451 
0.093712 -1.099147 0.154997 -0.045321 -10.758026 7.298015 -3.277171 
0.095148 0.096543 -0.480592 0.120419 8.557858 -2.127551 8.905511 
0.206538 0.579306 -0.154452 0.013666 -10.138832 -26.700713 3.592312 
0.086877 0.407965 0.568840 0.693892 1.694172 0.357433 3.242258 
0.089099 0.171322 0.355515 0.471700 -5.769991 -15.007061 20.838813 
0.510706 -0.051088 -0.222127 -0.590593 -20.595628 11.537256 7.411978 
0.209703 0.629731 -0.701978 -0.361266 23.102525 -8.017911 -7.937940 
0.558090 -0.265168 0.870543 -0.437863 6.753632 4.008868 4.126282 
0.094925 -0.110002 0.060822 0.592231 -5.783439 -14.395705 -5.390234 
0.169485 -0.075525 0.524489 -0.452627 2.253349 -7.977387 -15.614660 
1.190304 -0.639072 -0.132941 0.126042 -20.121903 -21.150036 5.023645 
0.229716 0.148228 0.389992 0.255371 -9.358323 -21.353003 -9.892186 
0.590880 0.520896 -0.105629 0.363264 -17.416827 -6.643587 12.719254 
0.480535 0.190940 -0.207832 0.138077 9.066288 3.981281 -9.840735 
0.234429 0.673707 0.271698 0.115493 -8.498159 -1.202864 -17.090133 
0.582021 -0.173822 -0.017704 0.583405 -24.029800 12.687836 -16.747468 
0.189197 0.388263 -0.507108 -0.536335 5.917486 -6.302380 -6.685745 
0.259575 -0.923011 0.178526 -0.207179 2.909252 3.657287 -17.071194 
0.447006 0.483243 -0.475314 0.366192 -14.892256 10.570163 4.654677 
0.147887 -0.671507 0.496491 0.088355 1.221531 2.112074 2.042823 
0.231699 -0.219660 0.761886 0.056393 -2.947561 -4.157564 -2.355918 
0.453708 -0.210041 0.119764 -0.140748 7.848671 -9.301590 -3.635576 
0.920339 -0.800314 0.369407 -0.332159 -3.616537 15.051898 -16.745104 
0.955703 -0.009792 -0.309252 -0.485740 -3.013350 12.661158 2.043077 
0.084577 0.128897 0.599781 0.192707 5.497268 -6.960117 -10.675550 
0.160624 -0.087936 -0.436290 -0.143398 -8.945385 14.519202 2.961597 
1.172148 0.105506 0.265082 0.608545 23.533239 9.976995 -21.458443 
0.760534 -0.492540 0.801654 -0.584373 7.364511 28.546524 9.358015 
0.114553 -0.834690 0.060915 -0.133817 -0.046516 -17.801135 6.299952 
0.117572 0.051339 0.371573 0.248700 26.606130 -26.579366 -6.044275 
0.762149 0.261229 0.682528 -1.217701 24.663763 34.965785 -13.092886 
0.232792 0.376103 -0.983862 0.037850 3.078625 0.369232 -7.209202 
0.215009 -0.003403 0.130069 0.159787 1.739837 9.657050 -11.160265 
2.204810 -0.003101 -0.518378 0.122562 -9.606565 5.949967 -1.581626 
0.129032 -0.835543 0.078633 0.683026 -1.815674 -18.686648 43.141395 
0.374042 0.871268 0.467916 -0.314269 4.799810 0.931369 -1.034525 
0.205433 0.438751 -0.576614 0.656683 -10.449140 13.690411 21.418773 
0.160079 0.683245 -0.551028 -0.036797 -4.984415 -6.820298 6.612098 
0.136090 -0.394136 0.724807 -0.608798 -17.277414 -0.092906 3.995244 
0.119841 0.036468 -0.236348 -0.443094 10.971200 20.032972 7.319392 
0.201503 -0.701702 0.224166 0.910027 -8.012588 -10.289798 18.677789 
0.611073 0.622420 0.447467 0.542323 -1.075398 -11.173599 2.628114 
0.115016 0.443977 0.332800 -0.898590 10.450038 -12.780392 -18.063945 
0.399244 -0.179729 0.017675 -0.039259 22.406484 -20.874812 -2.420593 
0.131342 -0.412663 -0.642985 -0.612892 -6.572903 3.714711 -16.286238 
0.174201 0.053578 -0.811756 -0.191259 0.543841 -9.472997 22.509571 
0.089275 -0.624866 0.047540 0.257263 8.583056 1.659297 -10.921627 
0.438872 -0.633884 -0.388231 0.316475 8.544265 -4.949422 8.620934 
0.085636 -0.278762 0.086456 0.344041 16.313093 0.622727 2.844192 
0.582912 0.102711 -0.229004 0.189466 3.052030 12.534544 -1.650630 
0.240412 -0.637175 -0.035673 -0.581566 -23.359955 -3.559077 18.373371 
0.226021 0.604764 -0.043661 -0.314203 10.242488 4.313997 17.738942 
0.107205 0.451944 0.505958 -0.146621 -5.789203 2.623970 -7.732955 
1.102835 -0.515707 -0.062450 -0.460968 5.963555 2.288375 15.745199 
0.266126 0.385216 0.321976 0.431105 -11.657211 15.861729 -11.440092 
0.409423 0.372743 0.846082 -0.326535 -7.207875 16.366859 -10.474406 
0.089384 -0.451237 0.670549 0.159736 10.579951 -5.123851 -15.072669 
0.113871 -0.531384 -0.150091 0.091428 1.742510 -9.766200 -11.441313 
0.746267 0.152832 1.177323 0.234141 -1.458066 16.035418 -7.814018 
0.219386 -0.824761 0.014507 0.044284 -0.845789 -22.623884 -14.307111 
0.439077 0.725220 -0.111928 0.229280 -4.372651 4.617461 -20.506744 
1.444015 0.270355 -0.214593 0.322994 12.997957 -9.248671 -4.597053 
0.102731 -0.019972 -0.820067 0.413902 12.930244 -12.371504 8.520249 
0.202560 -0.655124 -0.245503 0.236697 -0.466296 -3.508391 12.879557 
0.091773 -0.111348 0.333961 0.363474 -7.104711 10.528199 -2.592322 
0.159646 -0.420909 0.855074 -0.509592 -9.554594 -0.794772 -11.448721 
0.210510 0.662455 0.621527 0.068736 -10.890892 6.985238 0.862008 
0.129464 -0.453535 0.561769 -0.181680 2.448964 1.103000 -5.891708 
0.235395 0.023705 -0.738614 0.419265 -4.166268 -0.200667 5.705597 
0.392760 0.595478 0.626957 -0.135659 0.751290 -5.498710 -10.605740 
0.340464 -0.178120 -0.237133 -0.867980 2.866322 13.274301 -11.531713 
0.558675 -0.541578 -0.319044 0.460780 17.551361 -5.677817 -2.656969 
0.269181 -0.106214 -0.034707 -0.166721 -3.704303 1.143409 17.491703 
0.080832 -0.076436 0.045554 -0.427519 10.930868 20.622071 15.908137 
0.161454 0.446855 0.318651 0.563987 -0.315424 -10.444447 -8.715185 
3.272843 0.291943 -0.028040 0.415028 -4.650159 0.911834 -10.974984 
0.126733 0.755091 0.480113 0.013565 6.360583 -17.428038 -8.365488 
0.147442 -0.361721 -0.361432 -0.421229 -6.526080 -35.240501 -6.499205 
0.234874 0.257053 0.085467 -0.592703 -8.329886 11.641084 -3.280659 
0.088322 0.435898 0.055805 -0.317832 0.215661 8.113335 -23.709603 
0.124823 0.596439 -0.258301 -0.798281 -5.371089 -0.230141 -3.095128 
0.134972 0.169323 0.226244 0.360192 19.180905 17.878134 9.976667 
0.114632 -0.028517 -0.472337 0.179926 0.481144 -0.686555 9.917429 
0.145861 -0.739908 -0.500518 0.549279 3.759688 -1.645462 3.946031 
0.263366 -0.027063 -0.151175 -0.853433 -1.437894 1.821667 2.281858 
0.973808 0.405347 -0.459955 0.194248 -0.249540 -0.471368 -6.442379 
1.966409 0.135948 -0.228350 0.464568 3.664745 4.892217 -6.153857 
0.137245 -0.604165 0.124319 -0.479562 8.726026 -3.015943 -10.611148 
0.175886 0.156266 0.450158 -0.293076 -10.844207 -5.728307 -3.210598 
0.427154 -0.299266 0.474907 0.179203 -12.858370 -6.912057 14.915774 
0.305641 -0.272603 0.814558 -0.023669 -7.020289 -13.718943 -9.299260 
0.126873 0.040012 -0.050920 -0.133808 4.707857 -9.077200 -4.654063 
0.202129 0.722342 -0.373472 -0.078437 18.690597 -4.089218 21.625608 
0.103947 0.879034 0.050304 -0.265109 2.774882 16.991151 1.631435 
0.160192 -0.296364 -0.638759 0.069490 15.516690 -13.293566 8.365356 
0.087931 -0.047329 0.119477 -0.635978 -14.356562 -4.365724 2.700556 
0.201166 0.368819 0.395495 -0.241083 -20.940959 -5.549184 8.095837 
0.129271 0.413434 -0.301431 0.613365 -9.970134 -8.990200 7.744266 
0.244547 -0.072026 0.239916 -0.734865 -13.175075 -0.278550 16.502525 
