0.202999 -0.398124 0.730144 -0.737730 -2.268600 -5.371810 5.329383 
0.583882 0.989495 1.759945 1.038553 8.567038 0.058752 8.128075 
0.585149 -0.185714 -0.034737 -1.188596 -6.628646 2.203812 -4.893117 
0.085689 -1.594207 0.796573 1.714377 -6.738542 13.299442 2.244021 
0.090936 -0.380397 0.546290 0.120740 -0.721700 -14.095676 7.714114 
0.457888 -0.875956 -0.290350 -0.074134 8.700166 -2.421761 -14.666538 
0.179449 -0.860419 -1.220766 -0.807272 0.025472 6.153287 2.163783 
0.103175 0.764195 -1.986969 -0.128468 -3.365834 -4.617661 5.874714 
0.199182 3.868604 -1.578321 0.821395 11.070705 -8.071160 2.638542 
0.109107 0.529941 -2.117646 1.243951 -2.422136 0.183690 4.295219 
0.232498 -0.777339 1.460757 -0.059839 -6.263107 9.871010 7.874851 
0.683878 -1.365627 0.073578 -1.507067 -7.469970 -6.851459 2.980155 
1.809017 -0.637390 -0.097003 0.531213 1.584559 -4.131125 -0.981482 
0.133767 2.892897 1.543093 0.079126 11.628311 2.905199 5.898633 
0.207935 -1.461225 2.091748 -1.179529 -0.864919 9.591272 3.628828 
5.586845 0.111028 0.303993 0.020416 -15.250597 -0.121109 6.625133 
0.099031 -0.072721 1.477017 0.656512 -3.593087 10.470420 -6.608640 
0.095457 -0.780688 0.252781 -0.245312 2.220179 6.506748 -11.835530 
0.166412 0.079157 -0.365197 -1.574609 -3.144954 -9.638406 -1.032119 
0.401973 0.121958 -2.254606 0.870576 4.502591 -5.331894 9.932700 
0.149690 -1.316466 0.255660 0.775212 -8.360177 -4.668910 -7.624078 
0.135040 0.484141 0.195437 0.530706 -6.048369 -7.176080 0.319271 
0.230700 0.313858 1.143832 -0.714409 -9.471435 2.669462 8.357816 
0.296048 -0.638486 1.406204 0.267530 -6.793517 13.350232 -6.677228 
0.089040 -0.160762 0.756076 -0.657153 -9.867683 19.763388 -5.031616 
0.218861 1.729141 -0.650048 -0.425453 2.482316 4.232780 2.953342 
0.780326 0.664895 -1.368536 -1.185974 -4.114723 -5.169401 0.509652 
0.110177 1.134757 1.880431 0.940479 -2.568867 1.340346 8.607722 
0.308745 2.258506 -2.937596 -1.414035 8.606270 -16.736556 -5.029259 
0.930095 -0.650485 -0.097514 0.469412 -16.715138 -0.225446 -3.370802 
0.154448 0.177525 0.414040 0.423436 -11.057326 -10.872067 1.259287 
0.449860 -0.980756 -0.097782 0.670493 -4.411048 -16.246915 -5.201885 
0.194281 0.942057 0.866715 -0.676177 2.947151 12.152224 -7.519280 
0.121470 -1.788245 -0.091769 1.492506 -11.318390 -5.901283 -2.810377 
0.388680 -0.652832 0.592857 0.973370 -10.396908 -8.483810 13.553782 
0.552874 -0.273619 -2.578025 1.515801 -6.408647 -5.148248 9.931522 
0.107074 -0.082152 -0.907088 -0.026575 -6.112561 0.001588 -12.029024 
0.218546 0.982479 2.171778 0.093923 -3.997182 1.895755 -1.653521 
0.118025 -0.633277 -0.570643 0.843706 4.820907 6.499828 5.203678 
0.176826 -1.022168 0.691355 -0.080986 -0.235016 7.219146 -13.051061 
0.123628 -0.303729 0.603887 0.419564 0.874610 6.628555 17.105248 
0.103987 2.387593 -0.034917 3.852886 13.871759 5.453048 14.884354 
1.612405 -0.337340 0.776502 -0.392489 5.858350 7.140533 5.376060 
3.952128 -0.239566 1.417017 0.941700 4.682186 -8.875410 4.380193 
0.090817 -0.504478 0.043789 0.229012 -22.396139 11.406920 -2.488924 
0.094271 -0.392780 -0.537652 0.395870 -0.424642 2.362504 -9.287841 
0.105198 -1.614953 -0.391818 -1.352381 -9.921520 1.872628 5.203680 
0.122132 -0.084908 0.807603 0.213929 2.564257 4.340126 -1.788108 
0.167817 -1.144757 0.019544 0.825455 -4.106221 17.488861 2.054880 
0.138488 -0.462536 -3.397373 0.195170 1.265994 -10.091314 6.228721 
0.701272 3.653844 0.546350 -1.432190 21.068641 1.900288 -0.561667 
0.367183 -0.070896 -0.769758 1.281830 -2.051138 -5.403395 -8.231690 
0.116639 -0.888636 0.490252 0.512866 -10.984880 6.929329 9.192338 
0.156405 -0.937749 0.693045 -1.006327 1.762859 -0.074899 5.700689 
0.118162 -1.410512 0.897652 0.093935 -7.069455 -2.603202 -5.396181 
0.151293 -0.809139 0.053247 -1.013677 -4.324346 3.936472 6.318133 
1.456612 -0.297903 0.546534 1.294287 -0.727541 3.291434 -6.287336 
0.095248 -0.109026 -0.279447 -0.129802 -4.510257 1.379797 11.086688 
0.298886 -1.095266 0.678087 1.259547 -3.690241 1.226373 -1.525036 
0.512636 -0.241298 -0.546287 0.396684 4.023557 6.767463 -4.780240 
0.121466 2.290499 -2.855053 -3.327918 11.576300 -10.734287 -10.277925 
0.863813 0.437449 0.476944 0.226476 -1.998920 11.636617 11.398459 
0.283593 0.012040 0.583846 1.060731 5.369356 9.271933 3.983142 
0.114183 -1.713570 1.699984 0.343803 -7.276130 -0.037727 5.671268 
0.387857 -0.512552 0.246229 -0.955225 -0.206980 9.718955 -2.650571 
0.102340 -1.056409 -1.647122 2.308215 -4.823611 -8.745356 5.009657 
1.423034 1.575612 0.756654 -0.404117 2.888446 -5.677905 -11.848633 
0.118440 -0.008291 0.029790 -0.735774 -9.347418 10.863724 -11.325721 
0.087317 -0.606228 0.737224 0.999745 3.270460 1.609911 -4.837288 
0.115648 -0.463055 0.683484 1.216946 -6.760200 10.404517 -6.741116 
0.335498 0.973685 -1.482382 -0.675285 4.916351 1.487299 -10.317609 
0.109210 -0.703169 -0.768552 0.496313 -1.507276 -12.114042 12.574813 
5.398343 -0.995627 -0.088202 -0.117726 2.772165 3.258169 5.809840 
0.438696 -0.049000 -0.358212 -0.453586 8.851727 8.858971 4.963603 
0.102783 -0.876306 -0.646394 0.930092 -8.932549 4.987562 -2.376495 
0.317653 0.472232 3.334027 -2.376512 -3.774329 16.476399 -6.650391 
0.117399 -0.171410 -0.213833 0.038051 8.182357 -3.412324 -8.456167 
0.135796 3.211854 -1.460261 0.830763 8.920089 -11.195525 3.525843 
0.139152 -0.913988 -0.730544 0.447277 -6.520529 -9.466555 5.936669 
0.081844 -1.070941 0.859540 -0.654548 -6.955501 5.428431 1.042907 
0.210768 -0.842837 0.151273 1.210400 -3.353258 6.279193 12.001605 
0.087151 0.915398 -0.475321 3.764781 8.828244 -3.873279 14.375726 
0.247564 -1.311400 -2.037088 -0.895064 -9.140456 -4.517190 -8.558461 
0.118055 -0.287189 -0.092752 -1.823825 -5.940594 7.793801 0.233435 
0.133708 0.284245 0.989991 0.197907 1.003324 8.637244 7.256137 
0.137951 -0.012362 0.409959 -0.292204 -8.472180 0.166388 -9.058916 
0.295736 8.878666 4.247346 -0.101713 46.643558 20.579880 -0.219935 
0.093592 -0.037493 -0.291875 0.210087 -9.920375 0.626642 4.233648 
0.180968 -1.130008 -0.932141 0.542295 -7.941552 -9.269069 -1.444452 
1.058781 -0.837536 0.761509 1.246752 -10.921871 -2.446341 9.851771 
0.086350 -0.346364 0.705285 -0.423717 4.293668 3.838507 -14.699845 
0.263354 -0.832391 1.714947 -0.131281 -3.183908 11.316017 -3.016600 
0.556778 -0.990931 -0.067011 1.304325 -11.486292 8.239833 5.849432 
0.139284 -1.492767 0.225318 1.220877 -10.330289 -3.346648 4.190404 
0.478468 -1.128063 -0.703519 0.671801 -6.947088 -7.881343 7.603865 
0.165293 -0.858401 1.586509 0.110976 -5.046689 1.033186 2.072950 
0.493788 0.707670 -0.151847 -0.697877 -1.711068 1.182701 7.574875 
0.252788 -0.938974 0.478588 1.234426 -15.163733 2.422711 6.808796 
1.145613 -0.865007 -1.353811 0.670406 -10.483904 2.022671 -3.384225 
0.388183 -0.067564 1.366532 1.508936 0.358503 2.309862 -3.320727 
0.094407 -0.866741 0.659413 -0.242070 3.846727 -6.612589 -4.685486 
0.126740 -0.567818 -0.338005 0.279101 6.395816 -19.838603 -1.962208 
0.323270 -0.572990 0.134739 -0.433808 1.603719 6.303423 11.311405 
0.198042 -2.135739 2.984371 0.317289 -12.313728 6.785982 4.178711 
1.167561 0.432410 0.798531 -0.658443 -4.139173 8.660060 -0.736867 
2.697368 0.212220 -0.109034 0.763246 -7.865466 1.470125 -4.554060 
0.376011 -1.491046 0.494487 0.095238 5.358757 7.403702 7.638262 
0.588263 -0.839283 0.756080 -0.950137 -3.986947 6.337427 2.744649 
0.138650 -0.712805 0.572555 1.340666 -14.124799 -11.894278 11.626366 
0.373816 -0.279639 0.951918 -0.898089 -5.538061 4.526918 -12.664637 
0.401930 -0.429008 0.368378 -0.662448 -0.629467 -7.059549 13.550864 
0.263064 -0.084541 -0.121137 0.376123 -13.675833 -0.159600 -0.814556 
0.459762 -0.410773 1.291652 1.148671 8.870605 11.306339 -1.450448 
0.328088 -1.582976 -0.264918 -0.242941 -6.433982 -0.080780 -1.254080 
0.860282 -0.191487 -0.602120 0.226962 5.279264 -2.211101 -3.056143 
0.273055 -0.727141 -0.522501 0.391674 -6.077516 12.699301 -4.740116 
0.396253 -0.240391 0.543024 0.254837 15.914512 4.718757 7.780546 
0.246288 -0.432115 0.352262 1.325017 2.639706 0.109896 14.703190 
0.730294 -0.286280 -0.423408 -0.338597 9.479932 4.552573 -15.981506 
0.278430 -0.888904 -0.740165 -0.095785 1.022626 -12.703812 -4.270880 
0.151503 -0.244294 -0.539114 -2.328893 -3.737726 4.109529 -7.348617 
0.100432 -0.081888 0.825065 0.705872 -14.820530 -0.468210 4.973017 
0.082624 -0.740503 1.426510 -0.271109 8.357759 11.305152 -4.632202 
0.114711 1.333759 -1.496377 -1.700101 0.169276 -9.732886 -0.627868 
0.192666 -1.560123 0.235079 -1.123812 -11.734498 4.076697 4.967393 
0.287114 1.244778 -1.652149 -0.499065 2.857712 -1.797781 -10.969448 
0.585359 -0.597458 -0.478827 0.806521 -11.350228 -4.806311 -10.033337 
1.376095 -0.490274 0.829830 -0.082519 -12.029839 3.160846 -7.128314 
0.431641 0.311591 0.595448 -0.721688 -9.191768 16.189757 6.038274 
0.136683 -0.383872 -0.378406 0.196209 -4.841450 -0.366827 -2.487578 
0.323241 -1.175390 0.163294 -0.585032 -15.472092 8.581427 3.545421 
0.391024 0.067184 0.849133 -0.004561 10.398846 3.311075 5.617907 
0.112116 -0.723353 -0.578462 0.197583 2.962340 -10.954618 9.245667 
0.116547 -0.236793 -0.780239 0.769114 -6.541074 -11.336687 -2.481692 
0.952396 -1.338252 0.355941 0.389416 -7.310243 10.026346 4.079151 
0.374161 0.140782 -1.200398 -0.229516 4.006471 0.055991 4.567387 
0.178419 -1.779385 -0.061818 -0.334375 -8.625448 -2.798617 -4.764157 
0.192961 -0.964302 0.279450 -2.165197 -11.179694 -4.723465 -5.245499 
0.763069 -0.102827 -0.121561 0.880089 -1.289195 -2.685663 -9.389049 
0.181019 -2.104373 -0.962470 -0.431451 -10.728540 -11.601145 -12.097879 
0.393969 2.419580 3.890854 0.864542 11.525541 20.217971 8.034702 
0.408300 -0.966511 -0.015919 0.100876 -11.778078 0.370966 4.060941 
0.506972 -0.821684 -1.088209 -0.530495 -11.542587 -1.735500 6.385031 
0.168852 -0.268267 0.604119 1.133786 -12.911124 15.956924 0.428125 
0.196085 0.361318 -0.259776 0.227738 -3.755873 4.463894 -1.486543 
0.836938 0.280289 0.024627 -0.678957 -15.963568 11.324476 0.940130 
0.701221 -0.625552 -1.251700 -0.207904 -7.215343 -2.936752 1.572415 
0.263429 -0.821194 -0.673857 0.062494 -3.805150 -9.691941 -5.105921 
0.151360 -0.325822 -1.292423 2.339825 -10.083912 -4.529141 3.570240 
0.449375 -0.602971 -0.636898 0.214963 -6.280024 3.023330 6.388476 
0.108928 1.329347 -1.068230 1.279241 -1.040237 -11.343146 0.445262 
0.090465 0.810943 0.795856 -0.836916 2.709496 7.802992 -8.625838 
0.531060 -0.806999 2.018723 2.649690 -9.112187 8.638166 4.150620 
0.272013 -1.297228 -0.068593 0.441725 5.074265 -3.546574 -11.488774 
0.127889 -1.413621 0.338436 0.246358 -11.248326 4.624952 7.909779 
1.070260 0.009824 0.652388 0.309036 -0.921403 6.174243 -0.934632 
0.111702 -0.319594 0.546868 1.496073 9.140463 -1.719009 6.288073 
0.275275 1.553549 -0.093986 0.546074 0.575185 6.044375 -0.685791 
0.433814 -1.696247 0.011199 0.462624 -6.154894 8.983176 1.505509 
0.121123 -1.062245 0.726750 -1.422208 -5.803809 10.572294 0.626860 
0.604561 -0.274628 0.362708 1.322598 6.752898 -9.438124 1.539283 
0.672200 -0.238067 0.753037 1.735574 -12.512121 3.189654 -0.193799 
0.485099 0.460657 2.388986 1.288360 -1.628872 1.711330 6.329372 
0.088968 -1.599459 1.033237 0.054484 9.382219 4.116669 2.902219 
0.372330 -0.502845 -0.427888 0.402670 5.795061 8.032367 2.104905 
0.427499 1.015972 -1.298094 1.803568 8.708242 -5.266145 -1.117164 
0.148166 -0.223150 -1.411385 -0.392206 -9.025738 1.129148 4.220124 
0.205405 -0.069528 -1.440894 -0.455711 0.272338 2.528686 6.649285 
0.273438 0.072798 1.183735 -0.109679 -12.661613 4.700954 0.026158 
0.257004 1.009164 1.577150 -2.457517 1.716378 13.296980 -7.064181 
0.083821 -1.092713 0.027838 0.734277 -1.566957 -3.242391 -12.230109 
0.673429 -0.041552 0.009577 0.495299 -0.200802 7.622843 -19.108012 
0.093338 0.251177 -0.299544 0.685920 -2.461815 15.267040 -9.921879 
0.097693 -0.488825 0.645397 1.227499 -5.336075 -1.336610 -4.702340 
0.081727 -0.431528 1.097483 0.265201 -7.463680 4.825528 -7.648007 
0.417045 -0.450404 0.395431 0.201417 -14.255455 -1.923342 5.284928 
0.387177 0.450771 0.424604 -0.109547 -6.131202 3.364175 -1.834449 
0.350927 0.261708 0.952744 -0.065054 9.290390 2.937828 -2.977364 
0.081891 -0.933394 0.158066 0.035705 6.732524 15.578186 12.849713 
0.111530 -1.040202 0.370717 2.160813 -1.562073 -1.280805 3.335427 
0.729211 -0.504851 0.087294 0.315316 -19.800098 -2.178049 1.624633 
0.081209 -1.464082 0.042564 0.095892 -6.179640 8.357400 1.388449 
1.066327 -0.726010 0.408375 1.293083 -7.917166 -7.090997 2.372899 
0.844840 -0.007411 0.766591 -0.069947 9.961726 1.015672 -4.827239 
0.286414 -0.878511 0.786488 -0.612204 -6.216294 7.831896 0.347197 
0.108220 -0.500425 -0.760371 -0.445973 -12.466338 -2.230639 -0.114035 
0.106446 2.213137 0.325846 0.123717 8.587134 7.804011 1.805746 
1.618982 -1.473699 3.346571 -0.725992 -11.473806 9.359412 -6.145402 
0.126190 -0.339002 -0.263025 -0.100854 19.930295 4.458856 16.450171 
0.666898 -0.837618 0.358082 -0.362066 -7.309520 6.232149 1.000956 
0.355266 -1.342844 0.453956 0.783833 -8.091079 1.366199 -0.086542 
0.365762 -3.566665 -6.856144 -0.490108 -18.841755 -31.039169 -4.743790 
0.430606 -1.214393 -0.029320 0.065744 -14.560822 -12.905328 0.386914 
0.100431 1.466253 -0.208936 0.532770 8.351536 9.376295 -6.905653 
0.189647 -0.757476 0.817577 -0.340688 10.768933 2.406874 -0.688835 
0.132254 -1.008710 -0.951908 0.314713 3.962340 0.194707 -4.476341 
0.500139 -1.955264 -0.237984 -1.625188 -9.830244 3.713187 -0.156871 
0.175237 -1.190127 1.409217 -0.906497 -10.069180 -0.229620 1.540836 
0.123696 -1.045460 -0.772798 -0.163987 -2.612432 -6.570042 -11.438215 
0.195281 -0.661985 -0.043371 -1.506571 0.034500 8.742069 -0.737424 
0.599939 -2.980814 0.022896 -0.428203 -12.473613 5.577786 -8.119183 
0.192741 -0.561291 0.252427 0.163393 8.221338 6.292764 -12.371586 
0.200778 0.504778 -0.751772 0.031478 -12.844515 -8.546185 -1.092133 
0.177472 -0.493140 -0.585829 -1.659629 -4.083276 9.613318 -6.641089 
0.127855 0.322406 -1.448490 -0.207428 -1.604274 2.702430 -6.325622 
0.220526 -0.258400 -0.314187 0.711952 -4.985373 7.845479 -9.260617 
0.627642 0.162625 0.210116 -0.004042 -8.349019 17.165502 -7.207448 
0.637465 -1.145823 2.253841 -0.129843 -3.672772 15.808381 -2.756392 
0.169117 0.252600 -0.182899 0.006302 -2.397546 14.566921 14.956735 
0.114784 -0.410410 -0.453793 -0.194150 10.344917 13.483836 -3.445938 
0.135557 0.026652 1.042481 0.208199 -4.934739 -5.725557 -2.256803 
0.579415 0.049005 0.685977 1.000468 9.743819 8.894550 -0.890311 
0.624848 2.671429 2.332575 -0.638463 12.064377 10.391891 -0.293395 
0.385484 -1.410192 0.225666 1.402477 2.638423 -7.425786 3.287884 
3.082417 -0.136056 0.836479 -0.311800 1.633915 -1.817208 -3.829567 
0.310489 0.249981 0.184117 1.955914 1.172213 9.448345 6.461038 
0.457154 -0.274934 0.199498 -0.425682 -8.801287 -5.074177 5.452766 
0.279294 -0.405582 -0.367465 -1.027716 4.604085 -4.588096 -6.377276 
0.089763 -0.202214 0.062014 -1.142247 -7.216583 9.739981 -3.091790 
1.249225 -1.268350 0.552609 0.904571 1.538524 -8.554894 3.569687 
0.163561 0.783810 -0.705069 -0.309095 -4.537469 5.096579 -2.065800 
1.702665 -0.156617 0.451052 0.850849 1.807600 -7.597546 -7.520871 
0.087567 0.690213 1.603038 -0.172722 2.182154 -2.288907 1.604930 
0.192231 -0.247979 0.070716 0.041981 -10.087872 2.519380 -2.421450 
0.122081 -1.213178 -0.507742 -0.589399 -14.399307 3.067176 5.517890 
0.088452 -0.351612 1.023025 0.284383 -6.954022 11.610929 -10.016560 
0.470758 -1.194542 -2.465671 0.918120 -2.172616 -2.209249 5.942913 
0.196106 -0.506809 0.072310 0.167862 6.905140 2.737624 -4.702545 
0.163499 2.445386 -3.546522 -0.947710 12.947561 -14.902769 2.603032 
0.080867 3.253969 2.676335 -3.177452 20.270008 15.329230 -10.443233 
0.223604 -2.364382 -0.475257 0.412224 -10.874809 -2.027714 -2.927267 
0.155926 -1.525017 -0.166714 0.815062 4.105349 -3.850694 -4.559800 
0.238387 -0.832827 -0.288167 -0.660939 -6.465354 -9.070776 7.102600 
0.106154 -0.644198 -0.394867 -0.521508 -7.043190 6.438958 7.325915 
0.169911 0.426119 -0.675694 0.585249 -0.695153 -4.191838 11.348857 
0.113329 0.950045 0.885832 1.520693 -4.511311 -0.405387 11.981707 
0.192419 1.641192 -3.189776 -1.052209 2.593255 -16.801976 -6.781695 
0.594225 0.162806 0.623286 1.214647 -2.269290 3.832207 13.326416 
0.085164 -1.100410 -0.008911 0.328192 3.220411 6.234790 15.370508 
0.117057 -1.219362 0.556954 0.626418 -5.964967 -6.806170 3.478272 
0.205043 -0.491202 1.105593 -0.305607 -7.425832 -2.750326 1.677914 
0.234649 1.412800 -0.000198 0.253504 7.052837 8.529244 -5.187094 
0.487672 0.038540 0.813965 1.591401 -3.535694 -2.506544 1.959605 
0.223182 -1.255516 -0.403465 0.265567 -7.376415 9.967098 6.294016 
2.476904 -0.249576 -0.141209 -1.296541 5.319980 10.667456 -2.233773 
0.441734 -0.066462 0.550441 0.002900 -18.275328 -4.592561 0.409525 
0.230397 -1.168559 -0.156320 -0.281508 -6.660661 -2.832504 -5.013362 
0.689100 3.990522 2.102894 -2.622992 19.573599 6.380353 -8.459477 
0.815528 -2.790885 0.383731 1.270798 -6.608762 -3.169347 8.482676 
0.161492 -0.091116 -0.139057 -0.267809 -12.172429 -3.988374 8.838788 
0.542296 2.933374 -1.276844 -0.514429 5.448953 -6.500474 0.547756 
0.146522 -1.483565 -0.457939 -0.282711 -7.419598 -0.812783 -14.650386 
0.256037 -1.023454 -0.841824 -0.644743 7.143820 -5.728927 4.918245 
0.887681 -0.360724 0.780047 0.904921 8.577818 10.193620 -10.138590 
0.101372 -0.651693 0.200334 -0.467327 -5.526406 -5.715252 3.302573 
0.141931 -1.377255 0.197394 -0.097899 -13.587503 -8.322896 0.321160 
0.178446 -0.473243 0.594361 0.501898 11.319008 -8.146671 -5.159832 
0.083374 -0.360564 0.096776 0.949273 -13.063038 7.803959 13.232563 
0.376685 -0.202109 0.367613 0.370449 -4.142613 6.173587 -24.563447 
0.585808 -1.306834 -1.002662 0.966046 -9.199092 7.901142 3.122078 
0.102075 0.518856 1.742354 0.315545 0.628018 4.369134 -4.377001 
0.086694 2.553969 2.014021 0.191575 12.059409 7.170152 4.749406 
0.654455 -0.033754 0.722550 -0.672608 -2.008304 8.332205 -1.663184 
0.442796 -1.175983 0.124551 0.578365 2.901952 -0.261728 14.699284 
0.103990 -0.005492 0.309030 0.277438 8.382485 -12.163306 8.514199 
0.137893 -1.770010 -0.048148 -0.158053 -5.497563 7.975969 0.421240 
1.044939 0.270603 0.310979 0.197462 -7.852258 -1.926888 11.953108 
1.025335 0.176118 0.171069 0.142166 -8.818433 9.652363 11.554918 
0.472835 -2.189732 0.609655 0.820694 -7.493314 4.756330 -7.185596 
0.672168 -3.181335 1.115477 1.426907 -12.056449 -0.210664 12.385419 
0.208490 -2.134939 -1.982201 -0.234770 -2.558196 -8.474598 -0.478379 
0.292610 -1.400508 2.361360 1.430888 -3.639356 5.203520 10.074333 
0.111344 -0.279772 0.072498 1.650302 -0.696804 7.420598 -1.941865 
0.466067 -0.165973 0.989083 -0.245619 -11.353392 -0.383559 -13.344549 
0.112109 -0.299481 -0.250061 0.380013 6.756924 10.299535 3.005029 
1.021373 -0.523058 0.303770 0.240022 10.134133 -3.202799 -11.174827 
0.247245 -3.147089 -0.529154 2.081635 -16.925722 1.615420 8.828478 
2.937998 -3.278130 -1.301452 0.965989 -8.493882 -6.527544 9.133545 
0.112201 -0.577179 -0.142243 -0.073629 -5.861544 14.489926 11.689967 
0.941373 -0.291316 -0.311985 -0.034386 -13.714744 -11.564886 -4.142299 
0.186332 1.202825 0.031828 -0.994362 -0.228232 3.912799 4.768002 
0.206312 -0.460778 0.890481 1.073200 1.190739 -0.033314 12.864017 
0.087521 -0.547298 -0.559713 -0.295533 -7.570410 -9.562747 -0.073729 
0.337060 -0.987654 -0.567873 0.006078 -7.376679 9.908912 4.594938 
0.506829 1.006454 0.597158 1.379430 3.289240 4.583043 -2.416971 
2.506229 -0.808723 1.451728 0.098254 -12.594177 -6.156430 6.787565 
0.109658 -0.581482 -0.198575 -0.736725 -13.227316 -1.670425 4.467366 
0.093631 -1.249419 0.766674 0.646526 0.020536 -2.334501 -0.075563 
0.994606 -0.309032 0.251746 -0.002754 -18.564461 4.776603 -7.322634 
0.184780 1.905100 2.907587 -0.097116 2.791008 7.528955 -1.522441 
0.113864 -0.586477 0.588498 0.525803 -4.010758 -8.872952 5.343241 
0.500571 3.537308 -0.376675 -1.977892 18.128212 4.631298 -7.498597 
0.375402 -0.125121 0.139792 -0.737766 -10.050169 7.224706 -9.626479 
0.121279 -0.514086 0.162178 -1.069134 -14.040483 3.403130 -3.506664 
0.437171 0.251652 0.001029 -0.754418 -6.814208 1.512340 6.823414 
0.420529 -1.476401 1.369132 -0.033748 -11.721051 7.080737 1.114660 
0.140832 -0.756734 1.018032 -0.135559 -9.768917 3.477664 -11.126186 
0.317286 -1.078561 -0.025411 0.375771 -5.091224 -8.076613 4.622769 
0.092539 0.920813 -0.740482 -0.033886 -8.999440 -2.683051 9.124997 
4.198783 0.025560 0.414442 0.123044 -2.094527 -2.062091 9.936937 
0.435794 -1.838633 0.238643 -0.022429 -7.914972 -2.711753 -2.862590 
0.299195 -0.870448 -0.174575 0.443630 -1.330436 15.460452 3.768859 
0.366428 -1.015455 -0.073454 1.320727 7.442904 -4.570820 9.075155 
0.300202 -0.934613 0.137409 0.517325 -3.853134 -7.612187 10.453763 
0.585186 -0.324753 0.391903 1.310416 -7.580596 9.732989 0.538678 
0.524509 -0.316100 0.214509 0.079512 0.023367 19.742009 3.869741 
0.292083 0.392129 1.827812 1.160391 -0.027560 -3.752759 9.932091 
0.107699 -0.790224 1.888015 2.407093 -6.951910 1.406801 9.230004 
0.744916 -0.594466 2.977288 0.710925 0.978132 10.979706 0.020051 
0.131940 -1.516013 2.549640 0.265293 -7.786054 4.531379 1.532497 
0.104491 -2.436119 -0.265459 2.441355 -12.859707 3.212619 9.301636 
0.504475 -0.201177 0.266561 0.359660 -6.389775 -2.786795 1.368465 
0.159200 -0.239289 0.794930 -0.109886 -0.875532 -1.177508 12.301749 
0.144224 0.572555 3.726671 -0.350353 -2.250769 13.383737 4.571099 
0.221063 -1.439550 0.022738 -0.192395 -6.873648 -6.356239 13.728188 
0.339783 -0.449173 -0.150189 0.846459 1.944527 10.319720 2.902512 
2.985742 1.524037 0.994771 -0.264144 -1.199770 12.620913 0.733641 
0.098040 0.450408 0.753618 -0.623669 3.055161 6.154490 7.257610 
0.364111 -1.059223 0.519153 -0.463146 2.633061 8.046462 4.823996 
0.144886 0.485731 0.288242 -0.469744 -9.285247 -4.123719 -6.738111 
0.360597 -0.122882 0.089396 0.390032 -6.259383 -9.550064 2.295150 
0.254317 -1.362526 -0.278482 -0.845593 1.958918 -5.992846 8.626795 
0.555913 0.319844 1.172515 0.099775 -5.702586 7.075330 1.048837 
0.416651 -3.068653 -0.513979 -0.651053 -7.722661 -5.116092 -4.849259 
0.151008 -0.171145 1.708932 1.587963 0.324209 -0.979567 -2.456234 
0.577563 -0.225618 0.253907 0.135291 -2.553661 -8.189719 16.623033 
0.141965 1.974275 0.463354 4.253821 4.932755 -0.444392 20.030673 
0.120024 -1.548840 0.713458 0.323482 -1.910434 -0.190406 -3.837134 
0.182852 1.984468 -0.559717 -0.061853 6.825963 4.609666 -2.842780 
0.189724 -0.261648 0.566995 -1.476758 -6.044650 3.702900 -0.026707 
0.150160 -0.006324 -1.832253 2.311874 -4.007303 -7.362016 9.245183 
1.373741 -4.809383 -0.397071 2.158075 -18.948546 2.339558 8.226404 
0.283453 0.108269 -0.104179 0.182762 -10.833732 2.015541 -14.363683 
0.170281 0.016877 1.371231 0.804022 6.783323 9.389794 -2.637350 
1.505698 0.792091 -0.384148 0.187048 6.626718 -6.444040 0.094762 
0.360047 -1.144958 -0.078136 -0.284672 8.785565 -3.569416 8.931440 
0.588861 -1.009754 1.229133 0.663668 -0.104620 13.172349 4.121493 
0.381565 -1.159733 1.058825 0.590597 -0.017318 12.340010 -1.857047 
0.166121 -0.075998 -0.442550 0.043983 -5.071009 7.527997 7.226587 
1.652096 -0.815840 0.713033 -0.137324 0.277130 -1.718794 0.639202 
0.215498 3.531099 -2.334024 0.797954 15.068368 -5.088160 0.448205 
0.524663 -0.138036 -0.510260 -0.020179 16.352165 -1.371249 0.151852 
0.489037 -1.518348 0.709030 0.181598 -1.030308 -6.192210 8.123905 
0.247044 -0.966577 0.470360 -0.601482 0.338339 1.479075 -7.446907 
0.408569 0.616834 0.563119 -0.581793 3.421703 -4.156643 -0.193552 
0.429966 -0.238797 0.692805 -0.292492 -2.339245 7.387105 9.940585 
0.205030 1.331051 -1.413904 -0.163112 -2.763437 -3.293337 -3.137620 
0.104504 -0.762438 0.333634 0.460027 -11.340489 -1.629382 16.969855 
1.704172 0.137079 -0.231157 -1.604768 -5.075389 7.447445 2.132675 
0.208973 0.594246 0.473881 -0.771536 -4.640104 -8.187644 7.877224 
4.631110 -1.326752 0.967679 1.625994 1.585721 -6.112819 5.183480 
0.135103 -0.331395 -0.246455 -0.053689 -6.983560 18.037660 3.411789 
0.169606 0.206544 1.436218 -0.374149 -7.190640 0.177447 -9.373413 
0.567692 -2.018501 -0.985172 -0.485180 -5.041564 -7.569930 4.836118 
0.214292 -0.851761 0.484627 2.240198 -8.508601 6.273816 3.955173 
0.450345 -0.424420 0.928045 1.535701 -1.695408 1.087478 12.286569 
0.407103 -0.298864 0.097043 0.485882 -1.697249 -5.264038 -7.786131 
0.846636 -1.314008 -0.415460 0.664375 -6.411415 -4.782847 2.584925 
0.123163 1.193584 -1.450480 -2.631943 2.116156 -6.739141 -5.612937 
0.120648 -0.812415 0.070053 -0.820982 -7.304676 -10.943705 5.360174 
0.387333 -1.270080 0.273380 0.987724 -8.264812 -11.670368 1.772694 
1.095352 -1.038799 0.135208 0.894727 -7.314061 -1.680736 -8.899060 
0.212730 0.223731 -0.441682 0.064620 -8.046783 4.506594 9.785273 
1.575080 -0.274815 0.624409 1.768525 1.263503 -8.209821 4.723847 
0.102042 -0.132223 -0.108541 0.984725 -11.392068 -6.428111 -4.587176 
0.606266 -0.561330 0.221660 0.031248 2.764450 -8.934704 3.069146 
0.250734 -1.584684 0.545661 0.351161 -14.847344 -5.108700 -4.161302 
0.184902 -0.704984 1.987593 0.242557 -1.472250 14.205423 0.154601 
0.348863 -0.045833 1.758180 -0.232296 9.604103 4.750233 -3.908926 
0.127948 -0.364424 -0.929033 0.914595 -11.410384 3.279199 -3.401406 
0.127545 1.083177 1.101955 3.239554 -0.969047 9.970996 12.147449 
0.089378 0.721518 0.038949 0.422486 -8.716865 -9.937726 -5.805377 
0.220514 0.453628 0.007708 -0.512143 -7.768042 -5.977444 -11.041014 
0.195396 -0.764318 -0.724605 -0.729040 -15.855796 5.139238 -3.334752 
4.245083 -1.125767 0.250703 -0.017043 6.695605 11.788239 -4.893620 
0.095817 0.157638 -0.062189 -0.106960 2.190249 -1.395199 6.344713 
0.569763 -1.110750 -0.076278 0.231120 8.020705 -6.323697 -3.879820 
1.098164 -0.870835 1.105190 -0.116908 -1.804478 2.253825 2.640066 
0.538990 0.183936 0.149597 0.789101 -6.403673 -5.856674 -0.507903 
1.288776 -0.872184 -0.023920 0.050711 19.562698 2.081219 -2.440465 
0.193816 -0.574224 0.144548 -0.659514 -7.864499 -4.386949 3.069774 
0.378483 -1.202971 0.270296 0.415753 -13.320314 -17.010085 0.957378 
0.130333 0.374041 0.169693 -0.013477 2.166363 -11.035390 -8.379821 
0.235233 -0.339075 -0.555670 0.420056 0.474286 -0.320482 15.183189 
0.474050 -0.892829 0.119812 0.072427 -4.839039 -5.405301 14.901893 
0.170650 -0.719321 -0.984941 0.107327 -7.892909 4.963043 -1.916294 
0.551803 -0.099722 0.066812 0.305077 14.398846 12.893246 -8.509575 
0.131497 0.047045 -0.311226 -0.298249 -9.505327 -8.462250 1.960826 
0.367063 -1.273535 -0.552505 0.316521 6.141392 -4.271980 9.647466 
0.237052 -0.505347 0.314601 -0.086816 -7.902419 8.131298 -1.722689 
0.979329 0.451833 0.290822 -0.633572 -5.397319 6.575963 -9.233796 
0.113309 0.450559 1.309527 0.024107 -8.081356 4.676836 0.502376 
0.202812 2.116247 0.709068 -0.527195 9.395057 1.484276 8.343040 
0.145792 -0.234366 0.550238 0.120986 -10.186619 -11.882566 0.890258 
0.206856 -0.688344 -4.221395 -2.276921 -7.884889 -19.553639 -10.328871 
0.534870 0.061930 0.698653 0.187039 1.154394 -7.982193 2.699425 
0.091732 -0.715392 -0.653114 0.561168 7.816386 -2.444047 -9.511103 
0.094435 -0.771400 1.033696 0.207534 -4.679968 6.046515 -14.315215 
0.106821 -0.997433 0.774278 0.497831 -10.511722 3.697137 6.368394 
0.443043 0.674624 0.640823 0.251559 -7.448485 -0.329977 10.811798 
0.087582 -1.074677 0.455277 0.427189 -2.433179 6.556147 16.410490 
0.159466 0.364715 -0.056964 0.127060 5.631088 3.956502 -7.506198 
0.829727 -0.851645 0.647058 -0.254368 -6.396100 3.330035 13.740339 
0.093662 -0.152567 -0.350238 0.850309 4.580622 -9.092306 -11.776488 
1.055006 -0.958870 0.043256 0.687632 6.115376 -9.812249 12.211910 
0.290595 -0.373071 1.004189 1.463088 -11.607470 9.943458 0.145950 
0.226020 1.427112 -2.868862 4.983797 10.767747 -11.976781 20.731026 
0.258652 0.148811 -0.407007 0.059114 -3.202682 -3.037070 3.022685 
0.504080 -0.758556 0.328431 0.747227 -10.732864 11.227111 -6.370139 
0.133644 -1.288084 -1.171272 -3.352551 -9.531517 -11.077354 -12.509307 
0.102367 -0.505195 -0.029163 -0.556256 7.237759 -1.063410 -0.550444 
0.102733 -0.050628 -0.125183 0.919328 -13.215644 -6.180826 -2.964724 
0.406103 -0.325920 -0.268728 -1.023700 -3.452164 3.489334 -3.656084 
0.170184 -0.368342 0.234415 -1.101702 5.324656 11.350577 5.713496 
0.080956 0.959704 3.013972 -1.191322 0.165927 14.209227 -6.743204 
0.171393 -0.894388 0.654272 -0.249847 -1.320460 -17.645495 -1.634677 
0.103884 -0.542982 0.528698 0.733033 2.654486 0.138246 5.029948 
0.287723 -0.464032 0.550812 -0.337713 -9.308871 5.320673 -4.596004 
0.707610 -0.570026 0.560070 1.206833 -4.791773 5.850014 -12.813752 
0.161798 -1.265211 -0.521366 0.741680 -5.996803 2.199246 -2.746734 
0.495528 -1.974378 2.699997 0.709097 -4.821476 3.691102 0.400716 
0.081729 0.021235 0.858262 1.603544 -14.596693 -0.419234 5.662806 
0.498673 -0.032841 0.836186 -1.036143 -7.803565 10.321780 -5.191461 
0.189760 0.236414 -0.098785 0.823096 6.415362 -5.528814 -7.652590 
0.174582 0.909262 0.311444 1.206835 -9.106099 -2.417326 4.284063 
1.913197 -1.158359 1.471858 0.132519 -6.798971 -1.881914 0.409486 
0.156957 -0.397393 0.604180 -0.289740 9.356633 -8.620969 8.076199 
0.318637 -0.059910 -0.517694 -0.284062 -13.119966 -8.962596 3.106522 
0.384886 -0.027451 1.405134 -0.600272 3.700772 8.196684 -6.941664 
0.094543 -0.850666 1.404325 -2.463944 4.149428 8.840500 -6.372450 
0.093801 -0.135895 -0.519755 -0.995772 -12.414868 6.159898 -8.728346 
0.259589 -0.095423 0.944909 1.348612 -4.886918 -2.815204 0.789222 
0.331382 -0.227972 0.352950 0.013844 -4.870401 1.993470 0.952520 
0.597086 -1.625297 2.196772 -0.586679 -0.342898 12.027913 -0.676277 
0.244466 -0.737458 1.447859 -0.581489 -1.508641 9.721365 -3.537271 
0.409757 -1.200607 0.827849 1.475092 -9.653571 12.439180 -3.610580 
0.703460 0.443019 0.115929 0.799647 6.464957 -10.448564 -6.592191 
0.129081 -0.693229 0.227077 0.264510 -11.364685 -5.440117 -11.061601 
0.592856 0.526021 1.614033 0.655630 -6.579634 12.306735 -2.414431 
0.598064 -1.314587 -0.622718 1.700893 -11.158198 -5.171475 3.081174 
0.315326 -1.961700 0.922800 1.043376 -9.315451 -0.848468 0.194732 
0.830552 -1.144410 0.799293 0.440649 -5.516104 0.581342 11.830712 
0.107798 -0.376286 0.419294 0.012384 5.734925 -11.661093 -13.117911 
1.282747 0.789988 -0.542299 -1.319676 6.987474 5.679368 -5.096695 
0.179704 -0.850695 0.909386 1.255486 -4.076119 11.292975 1.865549 
0.226650 -0.722380 -0.461366 0.116034 -9.827960 13.920091 -5.733078 
0.213577 0.296018 1.579468 -0.058762 -0.621206 1.286717 -3.916604 
0.360054 -0.895634 -0.104048 -0.021642 3.799742 2.881242 0.798754 
0.590465 0.306171 0.748512 -0.057002 -12.406487 0.636219 -0.999154 
0.323997 -0.570861 3.446255 -1.702038 -3.280498 17.515944 -1.109090 
0.080856 1.179562 -0.314969 0.983378 5.165603 9.754898 -4.715842 
0.143920 -0.096481 1.059496 0.272895 -5.842198 -13.737111 2.237415 
0.128165 0.283279 0.870974 0.625833 -14.989103 3.406070 -0.781820 
0.371144 -0.113639 -0.381130 -0.467104 -2.342111 -8.625807 2.534239 
0.145470 0.055213 0.443033 -1.160879 10.288998 -5.555445 5.045489 
0.092657 -0.434917 1.974455 0.462529 -2.173498 7.375890 5.068605 
0.587126 2.762582 -1.509799 -2.044407 15.316649 -9.601042 -3.125524 
0.235289 -1.408072 0.031043 -0.414421 -5.801038 -8.772187 -5.803419 
0.569180 -1.114194 0.397233 -0.121028 -9.660772 13.546498 7.537772 
0.093590 -1.070603 0.790811 0.244771 -4.025306 1.559737 -12.620136 
0.249342 0.276431 0.343867 1.500543 2.329450 11.765862 19.101429 
0.543855 2.316128 -0.815996 0.414691 5.928310 -5.325097 6.328767 
0.236315 2.824654 4.050095 -2.395438 14.278924 23.909161 -6.986261 
0.136931 0.524194 -1.253613 0.522490 0.645263 -9.738424 8.579665 
0.109437 -1.173962 -0.070569 -0.750308 -2.124156 12.798825 -5.765013 
0.915698 -0.143859 0.459703 -1.142911 -9.520288 1.380744 -4.149144 
0.125769 -0.022681 -0.210279 0.123413 -3.324817 10.788515 8.018580 
0.182221 -1.417807 0.154171 -0.100435 -12.412740 4.313910 3.469328 
0.624303 -0.300578 0.624076 0.738391 13.317045 10.624632 7.454599 
0.123119 -0.509357 0.218292 0.141286 10.168433 -4.061626 0.573468 
0.093277 0.024982 -0.472419 0.679317 -9.477622 0.128626 -1.601373 
0.126609 0.084681 0.253951 0.978295 8.230068 13.813633 -7.420386 
0.342755 -1.554936 1.922653 0.064856 -10.473742 4.134086 -1.762929 
0.887808 1.215175 -1.330265 0.371041 -0.541359 4.568052 0.897880 
0.718573 0.139402 -0.304105 -0.262803 7.581167 7.789969 12.940029 
0.789225 0.097216 0.529668 0.040569 9.910843 -9.287519 4.614458 
0.126531 -0.846639 0.578772 0.611378 -16.466651 -0.347429 -6.220150 
0.685572 -0.588540 0.758908 -0.224538 -9.688361 -0.439968 -2.652205 
0.342997 -0.582954 0.316471 -0.033650 -18.770216 11.877395 8.798061 
1.141486 -0.927160 0.461943 -0.362090 -14.696965 -5.864792 -10.358731 
0.181571 -0.273254 0.220429 1.037671 2.453868 1.243221 -3.577472 
0.271737 -0.282976 0.038700 0.235279 -3.577614 0.785865 -15.663486 
2.465276 -1.076091 -0.184144 0.253298 1.935575 -1.564293 -0.109357 
0.132761 0.323935 0.302927 1.156502 -0.886654 0.336118 13.867574 
0.088416 -1.605076 0.023531 -0.235305 -14.209240 5.511444 -15.544983 
0.089291 -0.464222 -0.208331 0.554832 -6.306657 -4.695020 -0.142911 
0.263350 -1.064033 -0.289016 -0.778461 -7.961734 0.748674 -0.104401 
0.423754 0.911156 1.116650 1.399617 -0.884020 13.248197 1.827073 
0.178200 -2.595875 -0.332217 0.019950 -1.781970 4.643021 1.127864 
0.269147 -1.708406 -0.847913 -0.850533 -9.514556 4.005404 -5.956389 
1.218772 0.299705 -0.169422 0.458800 7.447959 5.847347 -1.804998 
0.195759 0.116827 -1.831010 0.968964 -5.020890 -4.482383 -3.360625 
0.310560 0.239486 -0.191577 0.550383 -11.425089 -1.742433 -3.381583 
0.132928 -0.354162 0.107501 0.454836 -1.137919 -9.770614 4.184127 
0.130606 -0.303202 -0.718312 -0.810346 -0.542847 -9.121432 -5.878660 
0.180981 1.086046 4.026901 3.245595 3.200227 20.992963 16.751968 
8.040799 -0.559193 0.136510 0.242547 -7.480094 7.715029 8.385650 
0.080873 -1.426171 -0.466317 -0.341557 -4.199926 -12.636845 -5.309398 
0.337684 0.563762 0.020476 2.064733 2.284598 -5.792574 -0.470008 
0.727006 -1.761915 0.680758 1.244754 0.657640 -4.436086 5.409411 
0.130102 -0.173521 0.300055 -0.466036 -2.055327 14.783443 -1.829933 
0.107057 -0.441900 0.737783 1.762347 0.525235 15.850186 2.291114 
1.352041 0.030221 -0.081493 -0.206045 -0.838791 -0.959636 13.991843 
0.108970 -0.029655 0.163551 -0.358909 8.589756 1.106274 9.094335 
0.148499 1.783424 0.433611 -1.499158 0.431917 -3.627569 -2.088306 
0.263983 -0.192387 0.737233 -0.028620 -9.568719 18.564956 -0.290286 
0.240265 -0.178608 1.017410 0.591981 2.188561 -5.957807 1.644742 
0.217954 -0.468924 -0.244872 -0.120062 0.195675 -0.476925 12.687797 
0.444167 0.318359 -1.191328 -0.492472 5.844874 -11.067778 1.938349 
2.752555 -0.284664 1.281092 -1.568991 -3.864833 4.771097 1.971893 
0.266546 0.209056 -0.192075 -0.176872 -11.362017 0.903786 12.089385 
0.104305 -0.066914 0.305555 0.651589 15.822829 -7.482098 -3.182036 
0.144490 0.863301 1.606412 -1.699381 -4.060479 5.154650 -9.453207 
0.094619 -0.666943 0.226723 -0.542214 -6.137731 4.778277 -7.081229 
0.144851 0.792446 0.029557 0.946948 2.668749 -6.435073 -6.532859 
0.132290 -1.310379 1.202125 1.244429 -7.420166 10.353516 -5.425951 
0.524424 -0.270645 0.312670 1.132500 -6.934809 8.609846 8.068591 
2.804970 2.583194 0.607409 0.647477 7.582490 1.294908 4.376756 
0.151725 -1.936393 0.130969 -0.347696 -18.295432 -3.255642 -2.776878 
0.691052 -0.867750 -0.702994 0.309961 10.092673 1.655523 0.714386 
0.123125 -2.974893 -1.348371 -1.330198 -10.019156 -0.298871 -3.494576 
0.095501 -0.195396 0.393864 -0.133808 -8.935023 -5.890606 -7.203629 
0.082472 0.115646 0.388636 -0.518472 -3.044621 1.531502 -9.040342 
0.088000 0.823437 0.244490 0.363287 -0.631986 1.206685 -9.519815 
0.106567 -0.549506 -0.046078 0.462056 -0.203343 -12.056653 -2.832941 
0.083960 -1.303249 -0.538112 1.780551 -7.005164 2.553365 2.774731 
0.444394 -0.035351 0.973890 1.081435 -1.930623 -1.973399 1.366014 
2.968598 0.450684 0.310170 0.430725 -2.148140 3.405970 8.734881 
0.118415 0.467772 0.019816 -0.071233 12.084084 0.033508 10.183764 
0.123056 -0.357214 1.021917 1.182277 0.727063 9.404051 -2.049143 
0.111967 0.140048 0.367666 0.325558 8.863366 -12.227894 0.273364 
0.095336 0.083150 0.126966 0.028306 -0.154861 12.498212 9.265861 
0.085245 -0.657113 0.425985 -0.484999 5.514767 3.761544 2.861107 
0.219520 -0.911418 0.050691 -0.228090 14.754934 5.671770 3.201410 
0.269315 -1.062685 -1.111644 1.670492 -2.071388 5.031298 1.095419 
0.084729 0.562722 -0.397690 0.981086 0.440750 3.628534 -1.130178 
0.193296 0.280000 1.082336 1.057784 -4.617762 15.799687 -2.356076 
3.042533 -0.107066 -0.850343 0.449378 1.747418 8.494257 12.695720 
1.417540 1.928736 1.870904 0.008365 3.285222 1.461287 4.399903 
0.348250 0.122478 -0.171665 0.630212 -2.417993 -0.805430 -3.454782 
0.189420 0.750730 0.789238 0.760607 -0.422820 5.062646 -4.170149 
0.222484 -0.036830 0.353637 -0.612912 -7.105172 4.726800 0.277806 
0.319069 0.367065 0.147011 0.628417 -2.535119 -6.682079 11.718079 
0.092091 0.260213 0.597307 -0.587094 -7.549212 12.815595 -23.300783 
0.486369 0.536569 -1.123662 0.159965 -6.271755 -0.952959 3.974220 
0.293964 -0.301115 0.844551 -0.270395 -7.669200 -12.125449 2.519309 
0.150389 -0.536809 0.987375 0.924392 1.943677 -1.779035 6.140005 
0.098254 -1.358257 0.218099 0.964952 -3.952800 -0.234166 2.405836 
0.129777 -0.059260 0.377175 -0.321267 -6.545064 -5.484032 -12.286345 
0.089968 -0.266790 0.740060 -0.866205 -13.631982 -7.219490 -3.460876 
0.178187 0.004943 0.383596 0.151259 -17.149077 5.858767 -1.317185 
0.446547 0.298975 0.627944 -0.133510 2.593843 -4.834021 -5.025819 
2.596189 -2.877268 -2.316701 -0.315462 -11.653807 -7.439713 3.907938 
0.941679 -0.411870 -0.066850 0.979191 -4.126269 -7.887261 2.789230 
0.357477 -0.256706 -0.631815 0.192617 -1.003533 -0.640990 -0.201672 
0.233141 -2.313212 2.698271 -0.095718 -11.355266 15.240726 -5.996999 
0.109886 0.606785 0.170160 0.780770 4.843532 3.611652 8.777512 
0.103385 0.227815 0.158850 1.418486 -3.645845 -6.937399 3.946660 
0.307529 -1.408928 -1.758834 -2.057946 -2.029611 -7.882070 -1.184300 
0.224214 -0.541911 -0.259939 -3.114232 3.257251 -6.964397 -11.396710 
0.688471 -0.923798 1.010602 0.094479 -12.389988 7.936088 3.981023 
0.121886 0.247938 -0.381635 0.968707 -6.412919 10.140868 6.943944 
2.036878 2.187500 -1.714635 -0.839628 2.151461 -3.675086 -5.447179 
0.108772 -0.362785 1.319597 -0.153153 -1.938205 -3.668257 -9.608501 
0.087214 -1.068106 -2.328471 -0.936081 0.695238 -6.274204 3.012956 
1.095005 -0.531725 -0.524597 -0.707623 -2.806083 -2.174039 2.411779 
0.462444 1.153872 -0.352432 -1.930680 6.753830 -1.500050 -12.009579 
1.195467 -0.423309 1.485104 -0.203149 -5.780813 5.945693 -4.619150 
0.124532 0.904847 0.883396 -0.449573 0.626293 8.362383 -6.135566 
0.239527 -1.404722 -0.132602 1.110491 -8.411471 5.038669 1.917923 
0.513647 -0.620276 -0.477119 -0.310822 -10.517012 6.451655 -8.376539 
2.322161 0.749668 0.365840 -0.479056 1.113360 6.831694 13.367348 
1.749945 3.147176 -4.573734 0.872121 26.763333 -43.632591 9.691813 
6.427225 -0.246457 0.629895 -0.288112 4.027870 -6.367525 1.349543 
0.187473 -0.800351 0.480784 0.944680 -1.830279 7.598440 2.134392 
0.080411 -1.246785 1.523915 1.071186 0.740331 -0.661194 -1.263911 
0.084886 -2.098945 0.206174 0.676114 -2.606789 1.282776 0.530697 
0.210734 -0.414959 -0.399436 0.459802 -9.291852 -1.264671 11.868774 
1.039799 -0.056329 0.642366 1.579573 -10.861965 3.628011 1.563005 
0.589256 0.262009 0.257306 -0.125181 -2.768666 -6.157356 -2.548607 
0.193774 -1.292572 -0.461081 1.080517 -1.743011 -12.965455 4.669658 
0.204408 0.553128 -0.074867 0.725415 -4.464267 3.123338 8.387585 
0.203976 -1.186685 0.052356 -0.620237 7.422321 -4.667917 -3.525775 
0.100379 -0.120475 0.601332 -0.065643 -2.893217 8.954930 -6.931007 
0.224716 -0.533291 0.760748 1.461810 -8.165365 9.283537 -7.244385 
0.736908 -0.443705 2.082062 -0.270601 -8.352602 2.675464 -3.952149 
0.183623 0.760031 0.198694 -0.227917 -8.955668 -2.809318 10.547145 
5.763363 -0.230338 0.394399 0.352733 2.002112 18.128622 0.301267 
0.155563 0.024996 1.135674 0.248183 -4.750577 -1.607310 -2.795098 
0.205052 -1.494956 -0.247119 1.124419 -0.414104 -10.118071 2.313621 
0.256881 -0.645214 -0.596816 1.303393 -0.530901 8.382851 8.329678 
0.383592 -0.153878 -0.358423 -1.239234 -4.942849 10.042984 -10.189353 
0.115189 -1.491223 1.701878 1.236944 -2.868771 0.375353 14.668018 
0.144188 -0.798397 1.128206 -0.576158 6.009416 5.783093 -3.701833 
0.208231 -0.812354 0.473495 1.474595 1.307557 -2.696546 -2.738021 
0.523071 0.522497 0.164713 0.663294 8.520074 4.812212 -0.883987 
0.460238 0.943641 0.103933 1.116544 5.338668 2.646138 -10.008322 
0.500482 -0.996185 0.121602 0.570256 -7.785328 -14.733748 6.197312 
0.190881 2.025749 0.327087 1.802078 11.824922 -2.958853 1.860167 
0.095002 -1.013782 -0.219282 0.238477 -5.979638 9.739883 2.682824 
0.282526 -1.457094 0.193309 0.565650 -13.505687 4.136621 -5.773658 
7.200905 -1.389012 0.601463 0.192850 0.107907 0.738865 -12.887336 
0.639887 -0.223354 -0.327942 -0.338467 10.500310 -5.610564 9.848045 
0.088337 -0.164425 -0.021230 0.139238 -11.319452 13.291077 1.287704 
3.427020 -0.140420 0.319048 0.135916 -16.581169 6.969179 -12.824068 
0.286232 -0.828529 0.164907 0.827393 0.417070 11.723430 -4.316662 
0.111446 -1.375655 0.478343 0.303667 -6.498618 -6.152808 -16.086684 
0.194955 -1.209397 -0.455721 0.221690 0.962186 -9.461789 -2.485305 
0.190041 -0.173634 0.391308 -0.009895 13.529336 -2.218418 8.534125 
0.170109 -0.571655 -0.529120 -0.214074 14.625348 -4.184011 -5.136216 
0.162386 -0.663572 0.715862 -0.195859 8.039524 -0.519260 3.286744 
1.166044 1.325500 1.306409 2.860976 1.848078 12.245361 10.782524 
0.584740 0.434415 -0.111257 0.207788 -18.707824 -1.190130 -4.139644 
0.396613 -1.042499 -0.734176 -1.136394 -6.530392 10.142109 0.412381 
2.418064 -0.379780 -0.253000 0.206102 0.929869 -3.991473 -6.059411 
1.010429 1.010141 -0.571660 -0.391035 2.158995 -2.315423 -4.035304 
2.532142 -0.129540 -0.431914 0.393068 10.220380 -1.650844 2.908968 
0.107929 -0.547098 -0.493576 -0.255534 -18.458709 -5.630887 -8.057104 
0.167175 0.230096 0.191947 0.788289 5.014790 3.756695 16.197215 
0.254952 1.649260 -0.183419 -1.225987 -0.560268 6.985138 -4.594165 
0.429694 0.745788 1.193059 0.226234 -2.815838 3.836849 -7.503703 
0.496826 0.744800 1.068986 1.452893 1.868923 8.527846 8.590248 
0.121547 0.594623 -3.503859 -0.222902 -0.813429 -17.070116 -4.619435 
0.215928 -0.666390 2.644948 -0.429154 -4.638901 12.367328 -5.078823 
0.270339 -0.794203 -0.908883 -0.807568 -0.108527 -7.064072 -5.300372 
0.080083 0.534180 -0.007796 -0.134451 -3.859656 -0.449539 -13.498615 
0.272801 -0.905869 0.628590 -0.079697 -17.048860 4.178349 -5.477986 
0.248941 0.744327 0.548072 -0.552748 -1.536492 14.023738 -11.378140 
0.198171 -0.305413 0.774503 -0.143749 2.622226 15.127001 4.971547 
0.125940 -0.817860 1.591943 -0.018233 -4.851160 -1.518827 -2.635162 
0.397489 -0.573546 0.673119 -0.465979 -6.630832 8.265689 -1.240320 
0.109822 2.634224 0.094747 -0.897780 9.178629 -1.747294 -7.415167 
1.950578 0.226500 -0.271285 0.504070 -1.082450 2.235376 -5.466673 
0.085723 -0.470695 0.345779 1.449057 -4.046970 2.717350 -1.810323 
0.261677 -0.600892 0.256856 0.478208 -9.027769 -6.543145 -8.520838 
0.410668 0.170684 -0.249876 0.481733 0.521630 -14.741131 -11.046030 
0.278253 0.235271 0.747222 0.735166 -8.655854 7.573130 -5.778966 
0.362834 -0.752152 1.263475 0.320098 3.266466 0.566991 -2.943139 
0.191416 5.407221 1.419486 -0.612690 24.984362 11.556064 -4.096969 
0.204516 0.896707 -0.128991 -0.155920 -5.880940 6.053363 9.984554 
0.119244 -0.568314 -0.943407 -0.086012 -2.520588 -8.328785 -12.165980 
0.394798 0.012770 0.093971 0.915295 -2.354332 7.674661 2.350929 
0.108074 -0.623797 1.216000 -0.755838 -2.644901 0.867827 5.534118 
1.687457 2.501967 3.586691 0.752428 10.215508 11.426020 6.569848 
0.142585 -0.379852 1.454185 0.393608 -7.208424 8.146586 6.541121 
0.999592 -0.865432 0.302447 0.561166 2.140724 -11.890958 8.180761 
0.835224 1.021967 1.256331 0.161604 -8.406575 10.327786 2.604341 
0.133760 -1.132881 -0.128716 0.826858 6.389514 13.156483 2.187977 
2.914902 1.384801 -0.893942 0.024311 0.439272 -1.237273 -0.056282 
0.289537 -0.991171 0.218525 -0.109808 6.736709 13.784635 1.743940 
0.111589 -0.253020 0.019988 -0.424006 -3.982291 0.699479 1.486725 
0.666435 -0.186684 0.559132 0.471786 -7.373844 -10.423250 -4.743929 
0.118124 0.314767 0.987062 0.035204 -4.383499 7.607141 -9.274557 
0.082017 -0.559396 0.419904 -0.388151 6.037220 -8.389987 0.174505 
0.384643 0.668545 0.982821 -0.026847 -2.494452 12.189942 3.839969 
0.170390 -1.259558 0.048675 0.132516 6.039437 -6.165780 -9.615727 
0.164634 -0.084621 -0.222758 0.602190 0.294392 3.971303 -9.678960 
0.710018 -0.531009 1.149562 0.745096 5.201336 -6.434794 -2.492568 
0.490174 -0.915031 0.664656 0.122014 0.355934 4.099542 10.984134 
0.209872 -0.696363 1.298435 0.231474 -1.510104 5.044114 -13.472917 
0.191407 -1.710068 -0.830485 -2.181360 0.202912 1.882019 -7.978354 
0.086220 1.121253 -0.243173 1.170882 -3.755135 -0.909795 5.180805 
0.253249 -1.533576 0.206986 -0.526297 -5.258022 -7.515321 -5.798397 
0.443660 -1.218314 0.056872 0.086514 -10.765890 -9.410082 -4.405418 
1.478874 -0.870852 0.135639 0.170052 -11.139344 -16.708153 -6.899233 
0.997008 -1.732429 -0.193194 0.033407 -4.335081 4.690079 1.119163 
0.119733 -0.012707 -0.014234 -0.696930 5.628179 -6.097955 13.630190 
0.155712 -0.071935 0.892746 -0.675144 5.718155 -0.599293 -13.495978 
0.248140 1.699075 0.566608 0.264141 0.307261 3.939137 1.430577 
0.211986 -1.369639 -1.766935 2.524868 -6.164141 -7.065843 2.948417 
3.164370 -0.659147 0.508745 1.341358 -10.936017 -1.626755 8.616125 
7.811175 -0.350252 -0.657634 0.572697 -1.717569 -2.168262 -0.945315 
0.119711 0.674993 -0.106951 0.173111 -1.250527 -1.404764 -13.260708 
0.081905 -0.699109 1.717511 0.553691 -4.377567 -5.917572 1.763329 
0.128974 -0.605887 -0.658389 -0.276337 2.443657 7.291520 -7.142522 
0.098410 -0.144307 0.434037 0.490364 4.979247 -2.576120 4.666102 
0.208666 0.637785 0.467145 1.357048 9.780019 3.275644 -2.780509 
0.338702 0.686797 -1.027787 1.630954 6.501788 2.185560 7.914111 
0.270406 1.022595 -0.089868 -0.322626 8.908218 7.950546 8.366151 
0.261780 -0.007993 -0.329255 1.249087 -4.668497 -3.890243 4.261843 
0.198271 -0.643611 0.795565 0.000841 -3.327998 -1.389535 6.754015 
0.547947 0.706779 0.873875 0.522208 -2.311692 3.626394 -2.064320 
0.084496 -0.602365 -0.512631 0.861858 3.623875 -15.399203 -4.233862 
0.547853 -0.671627 0.211058 0.201933 -7.593743 12.708315 13.631106 
0.124445 -1.330373 0.824334 -0.178971 -8.819853 -2.769057 -9.621290 
0.573077 -0.134794 -0.105499 0.490719 -6.948365 -5.656328 3.012047 
0.415176 -0.046821 -0.127425 0.582419 -8.871963 13.276279 5.942470 
0.878922 -0.771742 -0.850936 0.199841 -4.175005 -0.688035 15.696012 
0.094683 -0.352605 0.156674 -1.102443 1.502152 -8.591372 10.032228 
3.025229 -0.010750 1.799637 -0.428654 8.082860 -2.893165 -1.019019 
0.102725 -0.662356 -0.736979 0.974207 4.244316 3.923194 6.892013 
1.385436 -2.211296 1.364178 0.912948 -0.182740 9.805505 3.975747 
0.188343 0.144918 0.067419 0.759077 -16.566737 5.422376 -0.423736 
0.308804 0.459270 -0.903046 -0.404125 -3.340671 -11.392219 1.526214 
0.266901 2.289102 0.861160 0.583341 9.798538 -3.770759 1.656263 
0.352073 -0.815813 -0.016685 0.434505 -3.408019 7.846085 21.502242 
0.588656 1.556156 -0.911796 -1.524461 7.139626 -0.176813 -0.565145 
0.105091 -0.119620 0.752557 -0.402529 5.740470 -10.311922 2.097409 
0.147682 1.013707 -0.716093 0.737151 -3.059642 -5.786769 12.101799 
0.179358 -1.066956 0.620103 1.123950 -2.023840 -3.251873 8.832425 
0.522896 -0.708191 -0.197910 0.253898 -6.706833 5.530790 14.871767 
0.141510 0.502872 -0.174854 0.150317 -10.515005 8.110419 6.904321 
0.105633 -0.229889 0.409861 0.976520 -3.131204 2.709079 2.103612 
1.115389 -0.688914 0.266132 0.783313 -9.462541 7.467718 -1.764318 
0.100224 2.522746 -2.017022 -0.952729 4.046811 -6.725709 -9.273043 
3.043771 1.969098 -0.551254 -2.100737 4.945048 -2.404178 -1.930924 
1.677124 -0.180467 0.687690 -0.474948 -11.048388 16.537667 -0.341733 
0.154714 -1.401402 -0.727956 -0.550407 7.526434 2.166190 0.315753 
0.509531 -0.601693 0.274295 -0.135136 -9.474093 -3.539268 0.313333 
0.118595 -0.898920 0.669696 -0.231179 -13.986084 6.919289 -12.390528 
0.192470 0.568152 -0.374743 0.540278 -10.393207 2.048554 -2.596760 
0.156661 0.024393 0.641143 1.579310 -3.338960 14.918492 -5.006727 
0.269171 -1.349629 -0.143527 0.091332 -8.224407 0.390225 7.033918 
0.275015 -0.944550 0.244663 -0.275130 6.973851 -6.289797 1.653136 
0.133107 -0.708554 0.242560 1.369928 -0.836148 -0.742672 -1.235705 
0.116244 -0.639188 -0.217507 -0.052594 -12.432150 15.027915 -7.127004 
0.262815 -0.824678 -0.756221 -0.372170 0.055401 9.293360 -7.889001 
0.152197 -1.966878 0.535953 -0.757451 -10.918443 1.414280 6.513152 
0.591538 0.205349 -1.385189 -2.585592 -4.048657 -1.934727 -13.067028 
0.273814 0.401084 1.190843 0.245936 0.262043 7.556919 -1.204844 
1.296377 -0.983354 1.430508 0.511743 -5.205659 -2.430004 -2.007508 
0.625099 -0.103678 0.937298 1.277236 -4.805340 10.868402 -0.324881 
0.953431 -1.687533 -0.782089 2.146380 -1.642410 -0.717661 7.323348 
1.362864 -0.127983 -0.037246 -0.088391 -4.613821 -1.736656 9.385597 
0.388981 -0.996376 -0.072467 -0.237930 9.353771 -8.323252 -4.385067 
0.178332 3.220844 0.169917 0.554245 13.587914 6.268318 6.749785 
0.372184 0.040956 0.099812 -0.373356 5.816552 13.442843 -0.757094 
1.884918 -1.139456 0.048990 0.715055 11.031885 0.092956 3.155082 
0.093160 -0.192542 -0.078448 0.315793 4.299365 14.859370 13.539137 
0.093696 -0.244324 0.661578 0.140013 -11.641988 11.244713 -8.535246 
0.080850 1.959986 -2.542044 2.067868 2.254670 -12.828993 8.398525 
0.277717 -0.024918 -2.365566 2.326678 0.668045 -1.871799 11.335659 
0.330199 -0.718172 0.461468 -0.374812 7.980114 -9.377120 -2.112277 
1.020862 -0.218498 -0.602497 -0.134928 -15.741867 -0.899400 -0.051356 
0.554068 -0.473589 -0.502213 -0.036441 12.732466 -5.343697 -10.934513 
0.410517 -1.207421 0.215170 0.166047 -12.537391 4.872156 -14.576439 
2.241100 -1.304175 0.814924 -0.239335 6.896263 1.987642 -3.741343 
0.769947 0.449369 0.562190 -0.719181 5.229397 9.282659 3.777146 
0.085466 -1.423159 -0.882328 -0.069541 -7.266857 2.266191 3.405571 
0.645582 0.064884 -0.241647 -0.234160 2.373687 -0.558372 10.946961 
0.291207 2.576407 -0.106219 -0.889693 9.209761 -1.646852 -2.743193 
0.780826 0.096041 2.547918 0.700393 -9.987466 7.908701 3.485330 
0.178041 -0.075349 0.242360 -0.086806 -1.886737 -2.724390 -12.465962 
0.111657 -0.844859 0.484253 0.110955 -11.258709 -6.084216 -12.221903 
0.141933 0.764574 -0.990564 -1.291585 8.308255 -2.603694 -8.868684 
0.503658 -1.388367 -0.791028 1.508536 -9.281697 -0.978489 4.950566 
0.266518 -0.796695 -0.785958 -0.930457 -12.224130 4.347363 5.097399 
0.136578 1.330216 0.693602 0.295411 -1.917801 2.810074 -2.949015 
0.126498 -0.558916 -0.632894 -0.110744 7.239882 6.757457 8.931666 
0.081261 2.387362 -0.389298 0.066026 4.864406 -10.476990 -0.781372 
0.167252 -0.680350 0.705264 0.038703 -2.762741 3.957615 0.134472 
0.607244 -0.478970 2.299673 0.402784 1.299295 -2.010842 -1.884879 
0.266741 0.104643 -1.000750 -0.029332 5.454806 -2.767602 -9.409051 
0.157175 -2.152151 -0.725903 1.868318 -16.458250 0.455720 2.355783 
0.366807 0.183745 0.607911 -0.251088 -8.551011 9.924717 10.765743 
1.030213 -0.796085 0.115535 -0.908295 -3.351507 -0.293842 -3.509131 
0.140945 2.294291 0.828713 1.089752 2.919992 -2.786708 7.421945 
0.288794 -0.707684 0.629325 -0.282929 3.435372 -1.124102 13.617265 
0.182724 -0.338414 -0.622784 0.176264 9.976397 -2.101299 12.868697 
0.115248 -1.206741 0.728326 0.838958 6.688231 -9.519118 3.110853 
1.012019 -0.158449 0.812480 -0.183788 -8.666181 -4.983334 1.927318 
0.292049 -0.184713 -0.357568 0.583852 2.722426 13.076412 1.580957 
3.273691 -0.094437 0.310186 -0.425848 -7.018284 4.431436 -7.431571 
0.507219 -1.598165 -0.286887 1.685549 -4.320645 -10.755315 3.044407 
0.325723 0.439109 0.304676 -0.227485 12.338070 -5.374757 5.584817 
0.153073 1.941816 1.176428 -4.734852 10.329205 -0.207645 -24.742186 
0.229855 -0.337279 -0.029769 -0.431220 -16.366449 -2.907728 1.366364 
0.196589 -0.306583 0.410643 0.570706 -9.216086 -3.758006 3.251700 
0.095001 -0.799536 0.478161 -0.682766 -4.022999 0.841413 12.047296 
0.458870 0.242470 0.733914 0.438193 8.643987 11.173825 7.337361 
0.085890 -0.185078 2.453180 2.127534 3.449570 3.230991 12.598269 
0.170408 -1.019578 0.684861 0.965617 -0.842010 -4.563725 4.058897 
0.130084 -0.759212 1.072745 -0.367384 -8.352181 2.303863 -3.239559 
1.384359 0.231181 0.362689 0.125254 -3.600076 -8.159553 -11.068939 
0.642711 -0.381411 0.095480 0.843477 -0.087398 -8.505513 1.882285 
0.176254 0.703770 1.290177 0.516209 6.576164 7.444283 -4.030549 
0.156623 -1.301799 0.319801 0.517749 8.195448 11.927320 -2.763741 
0.874755 -1.385789 0.080576 -0.089220 2.224049 4.929164 -5.962943 
0.628183 0.038099 -0.557779 -0.022271 -5.650684 6.254556 -7.308092 
0.127719 0.116533 -0.473412 2.098394 -9.855816 0.303744 9.915779 
0.209256 -0.809863 0.930874 -0.551627 4.804683 6.064338 -4.332283 
0.393003 -0.431016 0.101609 -0.405777 -12.507130 -1.753013 5.978069 
0.395444 -1.234078 -1.551041 0.227720 2.604508 2.668806 6.252304 
0.150757 1.539972 -0.843130 1.463299 9.403272 1.005793 2.194826 
0.613619 2.075275 -0.667707 -2.312442 11.597033 -2.884516 -7.590187 
0.371705 -0.512790 1.364018 0.479989 -15.454881 3.171576 -3.295822 
0.128172 -0.699645 1.133203 1.607065 -6.419055 -1.852860 6.255603 
1.227367 -1.424236 2.601444 1.299421 -0.081592 10.091814 6.227598 
1.287495 -0.275479 0.715954 -0.105373 3.435209 -1.354723 -8.006001 
0.285623 -1.009732 -1.204659 -1.146723 2.786416 -4.113392 -3.394907 
0.186793 -0.391651 -0.589747 -0.093362 6.089228 -5.287840 -7.138007 
0.151928 -1.556325 0.126690 0.524200 -8.247176 9.396858 6.974431 
0.107729 -0.493155 1.012443 0.050537 -15.149824 11.154362 7.586955 
0.789450 -1.811238 0.037332 -0.498236 -13.179683 -0.477719 -2.005362 
0.417882 0.953547 -0.122979 0.954699 -8.026897 -3.198602 12.009524 
0.415458 -0.691556 -3.969803 -0.194929 -5.547111 -13.229677 3.709239 
0.510419 -1.550621 1.058742 0.144163 -10.937052 -1.819176 -4.388515 
0.130425 -0.957693 0.326647 -0.000140 -2.893575 11.734465 -0.345610 
0.312402 -0.008584 -0.997039 0.236454 -6.212294 -4.155835 9.070387 
0.489643 -0.283694 0.897026 -3.178100 -3.763782 5.152832 -7.532391 
0.449688 1.219860 1.516529 0.408679 0.450693 9.065452 -8.170860 
4.640213 -2.065821 -5.113479 -6.603203 -7.483284 -23.004868 -32.684553 
0.102329 0.577161 1.183344 0.002194 -1.458774 8.355798 -11.643054 
0.088752 -1.355220 1.326552 -0.491143 4.209116 5.603442 -6.980173 
0.124181 0.771571 -1.038178 -0.036165 -1.018803 5.326376 -6.380936 
0.142677 -1.391441 0.538075 0.422763 -3.140403 8.007071 11.764853 
0.646196 -0.064513 0.121995 -1.323969 7.333701 -8.327220 0.832648 
0.112694 -0.234117 -0.903146 -0.581405 4.309225 3.276388 -2.642836 
0.176104 -1.209313 0.249207 -0.400402 -7.836730 9.885675 -2.905986 
0.106965 -0.379724 1.222630 2.200450 0.778846 8.565770 8.360665 
0.330430 -0.036247 -0.789101 0.266457 2.146195 -14.259299 0.434090 
1.059937 0.251194 -0.017123 -0.596840 -9.542967 5.092083 4.370702 
0.446854 -0.468371 -0.446527 0.302614 -6.822335 -6.361776 16.651619 
0.249843 -1.168816 1.035371 0.106983 -2.757710 -5.280460 -7.152122 
0.126972 0.037150 0.547744 1.065197 -0.956598 2.356639 11.214170 
0.148713 0.190021 0.248660 -0.033279 -17.810133 5.325037 -9.782403 
0.153845 0.280695 0.414154 -0.211275 -15.595205 -9.023322 4.212678 
1.523067 -0.350630 -0.212521 0.040577 -5.763997 15.835256 -4.134724 
1.665441 -0.180831 0.926993 -0.581380 -7.047574 10.805051 10.265062 
0.167356 -0.734997 1.233259 0.878304 -11.295505 -1.379540 -1.295676 
1.433413 3.057914 -2.691388 0.061059 7.393040 -13.137164 1.542537 
0.264805 -1.586946 -0.854573 0.523101 -4.072414 9.286764 2.584184 
0.110793 0.046133 0.717786 -0.404093 -3.268090 -6.192306 8.736498 
0.180061 -0.812957 -0.212922 0.556562 -3.427297 1.828285 -2.520243 
0.195410 -0.179555 0.307552 -1.117222 -1.166928 0.023638 12.450688 
0.091610 1.149861 0.538665 1.612569 -6.543088 -1.542291 9.170150 
0.100160 -0.377596 1.681150 1.044489 4.516613 9.948594 1.298379 
0.329612 0.001779 0.717137 -0.747960 5.311346 3.452188 -1.253978 
0.174903 -1.309377 -1.030324 -0.698737 -6.646593 9.170759 -3.091841 
0.088879 -0.160674 0.240450 -0.231884 3.251320 -1.410632 1.869692 
1.382242 0.806707 -0.958890 -0.263307 5.346896 0.126880 12.082867 
0.137418 -0.677188 0.089118 -0.002723 13.660599 3.185361 3.868613 
0.550522 0.205870 -1.235505 0.987605 8.496611 2.909609 4.871565 
0.977405 -0.710276 -0.016197 0.437411 11.762495 -10.171226 11.392547 
1.078071 -0.370512 0.098745 -0.198728 -6.611708 -14.939468 7.631762 
0.158053 1.702916 -2.730292 0.134919 10.920700 -10.174354 1.731759 
0.173348 -0.269860 0.590358 0.362829 -7.852316 5.933954 0.188439 
0.082934 0.023127 0.592347 -0.853736 -15.883531 4.172210 -8.891802 
0.136636 -1.504714 -0.244931 1.239534 -1.421927 2.640279 -2.042307 
0.143734 -1.585686 -0.201153 0.690536 -5.162693 2.047541 13.865177 
0.441192 0.222018 -0.233457 0.716864 -8.114438 -8.815492 5.310044 
0.419927 0.647382 0.071795 -0.981223 0.386327 10.586951 -2.871336 
0.233936 -0.573011 -0.310402 -0.544954 9.058456 -6.310446 -2.652997 
0.472655 0.266028 0.252956 0.350839 1.837664 15.275292 10.232185 
0.114863 0.657474 -0.043981 -0.686456 4.702277 -3.236968 10.098625 
0.090134 -1.300384 -0.344306 -0.165738 -5.562784 -10.341171 -1.975713 
0.541043 2.383409 -0.371288 1.161474 6.018714 -0.927200 9.812428 
0.282572 -1.032996 0.606868 0.951056 5.978799 7.604282 -3.735593 
0.115642 0.838961 -1.015186 0.061689 -6.255086 3.815385 0.086727 
0.081355 -2.840048 1.069337 -0.880695 -12.335527 6.654456 3.758890 
0.367829 -0.459566 1.236782 -0.344111 2.477962 7.729437 -11.711147 
0.139629 0.240742 -0.130195 0.370707 -2.159938 15.892430 3.732544 
1.352784 0.342295 0.253772 0.260890 -12.340825 8.917891 3.969124 
0.125255 0.438997 -0.807349 0.229975 -3.734329 1.523422 8.768081 
0.401327 -0.285005 -0.714771 2.786421 -1.505387 0.390924 5.435232 
0.285734 -0.505566 -2.121028 0.168458 6.562866 -3.777808 5.040043 
0.395651 1.325590 -0.204325 0.375913 -3.611661 4.464361 5.523060 
0.293098 -1.503778 0.738672 -0.451419 -7.456502 6.445297 -9.946337 
0.087827 0.565439 -0.524508 0.245649 -3.948702 -9.725018 -7.468139 
0.145431 0.212887 1.092680 -0.874871 10.289235 6.606933 3.443539 
0.180115 -1.670743 0.708643 0.838056 2.918812 -5.042050 8.170796 
0.096200 0.253736 0.835832 -0.260931 -6.518930 5.973356 -3.227974 
0.666776 -2.277117 -0.754593 1.755914 -8.450398 0.678848 4.232033 
0.204329 -0.773565 0.000746 -0.332729 7.498626 5.604131 -15.102930 
0.115895 -0.688428 0.916399 -0.644993 -4.682365 -3.127438 3.085815 
0.093908 0.212743 1.286590 0.905041 -3.798417 13.321318 0.790620 
1.218377 0.752761 0.568863 -0.709861 9.717935 -3.317873 -7.451388 
1.577937 -0.759814 -0.071876 -0.108287 7.313046 0.265397 2.827579 
0.624013 -0.511298 0.831093 -0.565902 1.170545 8.969578 8.343186 
0.094581 -0.253227 -0.926854 -0.062142 -16.348668 -3.393630 -3.408364 
0.082735 -0.438527 0.305411 1.295917 -9.911858 -3.273007 4.651652 
0.117562 -0.826675 0.646242 -0.699895 -8.239017 14.368713 8.740776 
0.104059 -0.330894 0.993959 0.057793 2.631793 5.867438 14.801628 
1.175398 -1.571284 -1.035344 1.516296 -10.138973 -4.563303 -1.859905 
0.164169 1.781882 2.275593 -1.631248 5.052715 1.815717 -8.439375 
0.291452 0.387218 -0.265345 0.228941 1.310754 7.557187 11.660143 
0.206673 -0.927165 -1.295876 -0.151818 0.078440 3.059097 -1.628048 
1.289324 2.161368 3.223881 0.257635 11.513815 14.954389 -6.015783 
0.086315 -0.195903 0.551820 -0.086886 8.306858 -3.620447 -9.287419 
0.235153 -0.251969 -0.510712 -0.560981 -2.831554 9.910570 -2.515501 
0.115719 2.379498 -2.130960 -2.774320 12.304761 -10.315242 -8.861463 
0.363410 0.036387 0.892076 0.803784 -8.040728 2.584821 -0.399496 
1.751386 0.937945 -0.787306 0.534867 -8.293979 -4.841274 3.692721 
0.207984 0.105043 0.190410 -3.353140 3.808511 3.544333 -21.565810 
0.102911 1.167586 -0.841662 1.044406 2.043571 7.042631 8.297988 
0.178659 -0.250075 -0.933682 -0.195310 -9.547640 -9.136895 -7.456114 
1.266026 -0.050350 -0.723347 0.741722 -10.807506 -0.375212 12.222802 
0.304509 -1.076187 0.049198 -0.714193 -5.293580 8.920008 1.511475 
0.111776 0.017544 0.412032 0.130544 5.107371 6.265668 11.903058 
0.518423 -2.048982 -1.602198 3.057728 -5.917262 -11.483308 13.399996 
0.412206 -1.559031 1.071735 -0.446577 -2.530420 5.146608 -11.413429 
0.151101 0.097983 0.636448 1.805845 -8.845175 -1.958879 13.902736 
0.220913 -0.735494 -0.743594 0.119607 -9.217262 -1.534319 -2.322512 
1.412488 -0.595240 0.035970 0.392544 -14.425855 -0.704182 9.827780 
13.278585 -0.274291 -0.274942 -0.166040 10.702948 3.397602 -4.093755 
1.463321 -0.446330 1.629895 0.907981 -6.214043 0.341492 2.950377 
0.120159 0.254030 1.211870 0.038955 -10.261508 3.620180 -7.855823 
0.365350 -0.016111 -0.537976 -0.130399 -6.407504 7.316808 -11.192116 
0.105973 0.260972 1.162860 1.349686 2.143782 8.713501 2.953602 
0.295892 0.605023 1.238873 0.479792 2.311870 7.615764 -5.274839 
0.206326 0.297861 0.013434 -0.013036 -5.197139 -2.454256 -5.082742 
0.093712 0.326061 0.200377 0.021115 15.243355 -5.399955 -4.347942 
0.095148 -0.810111 0.440691 -0.724444 -3.535472 -8.705406 -7.434581 
0.206538 -2.272134 -1.227627 0.671175 -12.591298 3.058220 1.571073 
0.086877 -1.010060 -0.352046 -0.985887 -4.747053 -0.233007 -1.547705 
0.089099 -0.607700 -0.782162 -0.145860 -1.489968 10.185386 -11.065131 
0.510706 -0.231903 0.547605 1.237570 7.030684 -8.444931 0.863975 
0.209703 2.990055 -1.006317 -0.883287 9.130329 0.349602 -0.918883 
0.558090 -0.528963 -1.307771 -0.254461 0.387734 -4.199810 -7.904788 
0.094925 -0.428465 0.671893 0.132998 -10.311543 1.586195 13.976695 
0.169485 -0.432167 -0.200966 0.849309 -11.250680 9.680952 12.134912 
1.190304 -1.467284 -1.999485 0.646193 0.599050 -4.081587 1.301688 
0.229716 -2.339115 -1.910555 -3.695657 -18.305233 -10.061357 -38.456011 
0.590880 -0.471725 0.658402 -0.047714 11.629175 -5.233504 4.182435 
0.480535 -1.695321 0.241686 0.180294 -3.430208 -2.642084 -0.656655 
0.234429 -0.972508 0.100184 0.802902 6.375202 5.348966 2.467424 
0.582021 -1.591233 1.193881 -1.847244 -1.457892 3.688854 -7.685831 
0.189197 -0.874451 0.598163 0.702346 -13.839920 8.783327 9.033439 
0.259575 1.036216 0.017567 -0.214470 3.510864 -3.199952 12.131072 
0.447006 0.636205 0.390682 0.186509 6.070989 -8.260755 0.040044 
0.147887 0.569970 -0.487513 -0.110128 -4.584073 -0.113611 -4.112873 
0.231699 -0.360234 -0.821937 0.791529 -7.271504 5.155129 0.937660 
0.453708 -0.466816 0.617237 0.108615 -8.971846 6.099509 -10.754233 
0.920339 0.129930 1.484666 -1.293483 6.561393 -0.325905 1.936456 
0.955703 -0.442878 0.366975 1.251060 -1.048663 -1.286702 -2.120194 
0.084577 -1.004331 -0.166273 0.839548 -7.112119 8.149229 4.569207 
0.160624 -0.090804 0.609956 0.786714 -4.463407 -9.159655 -3.644015 
1.172148 1.660248 -0.093133 -2.732136 3.655214 -4.552718 -14.445016 
0.760534 0.831943 3.375979 1.886529 6.550398 9.150535 13.390532 
0.114553 1.209322 0.114238 0.533086 5.352571 12.678664 -2.195707 
0.117572 1.791171 -3.235637 -0.538498 5.595159 -16.001257 -3.728878 
0.762149 4.140910 6.100526 -2.767793 21.758935 30.325037 -8.095360 
0.232792 -1.213187 1.403390 0.568349 -12.754270 8.280972 6.596118 
0.215009 -0.570362 -0.239636 0.246374 3.965819 12.494111 -4.382536 
2.204810 -0.268942 0.122448 -0.038128 -3.151176 -11.845324 2.341753 
0.129032 -0.361995 -2.922490 6.808250 3.261216 -16.738079 33.563749 
0.374042 -1.477846 -0.598640 0.507782 -14.189096 -6.946468 6.380239 
0.205433 -1.533999 1.568438 0.287312 -6.160159 4.244557 -12.036739 
0.160079 -1.143541 1.919824 -0.689703 -2.938272 13.708364 -7.763943 
0.136090 0.029528 -0.453210 0.905655 13.761847 -2.460475 -3.708107 
0.119841 -0.493551 0.730438 1.529290 -9.346416 -6.412595 1.168379 
0.201503 -0.856410 -1.310000 2.032378 1.653657 -5.609148 -0.440279 
0.611073 -1.346115 0.094254 -0.704833 -3.355841 7.730496 1.221912 
0.115016 1.587739 -1.814527 -2.300644 4.693977 -10.162141 -3.889391 
0.399244 1.467806 -1.128253 0.922365 2.057173 1.089285 3.955991 
0.131342 -0.213101 0.861181 0.132125 1.995616 4.751449 17.783318 
0.174201 -0.193134 0.894261 2.151285 -2.992662 13.778520 2.017520 
0.089275 0.270301 -0.048795 0.292524 -15.640372 2.473778 1.269133 
0.438872 0.026216 0.419869 -0.800995 -9.515991 -1.128548 -2.810273 
0.085636 -0.510219 -0.324881 -0.441010 -11.587847 8.180222 8.227204 
0.582912 -0.362146 0.690488 0.594121 3.956538 -3.663846 8.087032 
0.240412 -1.822180 -0.062699 2.380414 0.487239 0.890330 11.975911 
0.226021 -1.287846 0.212614 0.809036 -11.553851 -1.702087 -11.215360 
0.107205 -0.664543 0.077297 0.621254 1.925914 4.868115 -7.282132 
1.102835 0.403653 0.599204 1.236790 -2.712239 2.753916 -2.881028 
0.266126 -1.639514 0.514375 -1.089769 -3.973932 -5.435395 -1.003755 
0.409423 -1.158276 1.132416 -0.450506 -4.975470 -8.259795 6.980443 
0.089384 0.764532 -1.181248 0.075593 -1.637839 -3.916745 7.603293 
0.113871 0.052883 0.960588 0.676499 -9.617947 6.625264 5.108531 
0.746267 -0.466402 1.159110 -0.631374 -3.755209 -11.549612 2.068078 
0.219386 0.986682 -1.909776 -0.596466 10.316150 -2.464862 1.048904 
0.439077 -1.367051 0.083759 -0.014644 -1.480424 -1.597154 15.110729 
1.444015 -1.333926 0.897305 0.480411 -9.069397 5.941843 6.589678 
0.102731 -0.185742 0.791982 -0.153618 -18.210279 8.906594 -8.927396 
0.202560 -0.947635 -5.333539 -3.269268 -1.374351 -30.206865 -22.890815 
0.091773 -0.592171 0.001446 0.295593 6.248173 7.989682 -3.611604 
0.159646 -0.225383 -0.494815 0.679132 8.871206 -8.003699 15.375728 
0.210510 -0.267070 -0.261412 0.108236 9.159880 14.685639 -5.503492 
0.129464 -0.794361 -0.588201 0.396816 -0.247233 0.900574 -0.523925 
0.235395 -0.256048 1.035332 0.139179 1.785032 -3.014716 2.828457 
0.392760 -1.081583 -0.139335 0.773038 -1.949355 10.639987 8.060377 
0.340464 0.038554 0.836666 0.600267 -6.095333 -7.705357 14.540742 
0.558675 0.580602 1.031148 -0.663082 -8.020352 3.871010 -2.047284 
0.269181 -0.279228 -0.020008 -0.193382 -6.330560 -2.029525 -4.964349 
0.080832 -0.013485 0.390449 1.676606 -4.840148 -3.883434 -0.891762 
0.161454 -0.934082 0.361107 0.290286 7.265507 1.225308 11.405929 
3.272843 -0.432494 -0.144646 0.250280 7.291628 -8.769832 -4.588376 
0.126733 -1.270558 -0.391232 0.199341 -9.395942 14.295121 7.382103 
0.147442 -0.834461 -4.359999 -0.417891 -2.013198 -18.745859 1.339020 
0.234874 -0.588155 -0.416616 0.891891 2.509192 -9.359469 -3.236695 
0.088322 -1.026538 0.873406 -1.351859 -8.636739 2.169929 4.491508 
0.124823 -0.990812 0.747612 1.279993 -4.015773 4.388143 8.026883 
0.134972 0.002506 0.157430 -0.184795 -15.903096 -13.625916 0.234020 
0.114632 -0.945694 0.870717 -0.352212 -0.057808 -6.536399 -2.215642 
0.145861 0.591374 0.833942 -0.331173 -1.976321 3.575407 2.385877 
0.263366 -0.391403 0.523366 1.434976 -5.060572 -2.156457 -0.681167 
0.973808 -0.517905 0.075883 0.219708 2.782245 -10.152378 -11.053255 
1.966409 -0.637288 -0.020077 0.447898 -1.370222 1.336055 -1.396271 
0.137245 -0.090961 0.094797 1.198626 -9.224138 2.686418 7.630022 
0.175886 -0.039792 0.254363 0.541788 -2.002669 6.096051 -9.802301 
0.427154 0.212621 -0.359556 -0.390057 -0.344185 11.958943 -7.419111 
0.305641 0.038673 -0.745502 0.423546 -1.192235 6.582317 8.573158 
0.126873 -0.667198 1.005570 -0.383523 -2.603517 1.993276 -5.313373 
0.202129 1.521930 -0.214524 2.808941 -0.232718 2.506409 12.518915 
0.103947 -1.318963 0.534691 0.533792 -14.096443 -12.782234 0.245859 
0.160192 1.487301 0.443767 0.590863 0.826984 11.708219 -2.179531 
0.087931 -0.264163 0.929893 1.498985 1.666250 7.200778 3.708875 
0.201166 -0.649656 -0.781754 0.722407 4.328675 4.575186 -5.104477 
0.129271 -0.758359 1.281326 -0.334851 5.941106 7.661743 2.542731 
0.244547 0.299159 0.099865 0.452870 -2.433113 2.556169 -10.402249 
