0.202999 -0.102818 0.686641 -0.359778 -2.995491 9.132777 -13.458174 
0.583882 -0.071062 1.386009 0.115462 13.583275 9.998767 10.936865 
0.585149 0.180389 -0.069743 0.153580 2.341651 -3.422410 -22.429259 
0.085689 -0.616623 -0.438740 1.016417 -14.094719 10.412921 13.589777 
0.090936 -0.025309 0.552637 -0.450047 -1.678911 13.027213 -2.785390 
0.457888 -0.999595 0.630225 0.848671 -8.372965 -9.563513 -3.104153 
0.179449 -0.713982 -1.390893 -0.747916 -3.293450 -2.859218 -3.430369 
0.103175 0.931695 -1.219162 -0.621725 0.446167 -11.949439 3.796766 
0.199182 2.682370 -0.761947 0.541011 14.252305 -9.127798 3.347000 
0.109107 0.664609 -1.885640 0.718937 -0.212459 -5.517863 6.793212 
0.232498 0.069268 -0.262800 -0.033572 -9.902676 20.369361 -12.994661 
0.683878 -0.437664 0.690866 -1.347387 -11.804717 -5.225554 -7.150801 
1.809017 -0.019603 0.131249 -0.096085 -1.635688 -2.765618 2.028327 
0.133767 1.563997 1.169638 -0.462411 17.018606 5.286188 5.092162 
0.207935 -1.216249 0.964134 -1.313453 -4.726479 14.077770 -1.489405 
5.586845 0.229363 0.097665 -0.137598 12.625470 9.135080 -5.693045 
0.099031 -0.100354 -0.079600 0.816163 4.163899 19.197240 8.864495 
0.095457 -0.488485 -0.290450 0.552829 -9.123815 -2.011621 3.686927 
0.166412 0.369994 0.586401 -1.029764 -0.830159 -8.496622 -12.150108 
0.401973 -0.345185 -1.373877 -0.137208 5.041900 -14.903760 10.727948 
0.149690 -0.008938 0.544486 0.796225 -15.420859 0.831045 10.070450 
0.135040 0.012184 0.476135 0.026830 16.209464 7.309543 4.616625 
0.230700 0.883041 0.497012 -1.070746 -2.320686 9.861238 -0.913183 
0.296048 0.049910 -0.483928 0.322003 -7.094881 18.046772 11.209698 
0.089040 0.201293 -0.488654 0.375125 4.960564 3.218006 -7.780952 
0.218861 1.151489 -0.887739 -0.569873 10.014205 -0.209147 -0.425899 
0.780326 0.869126 -0.599627 -0.984639 0.854705 -11.101302 -5.415834 
0.110177 1.131797 1.490481 0.034021 3.094658 7.240283 10.055468 
0.308745 1.337650 -1.211285 -0.860111 11.328465 -20.060057 -7.065517 
0.930095 0.231238 0.114296 -0.260717 0.172501 -0.736996 5.203565 
0.154448 0.391037 0.709675 -0.114307 6.972349 6.194481 5.199390 
0.449860 -0.232816 1.244983 0.439364 -7.434693 -5.766793 9.460607 
0.194281 -0.226091 -0.330613 0.320952 19.914094 6.319585 -8.115011 
0.121470 -0.457319 0.435634 1.279613 -16.045157 -4.536891 10.637657 
0.388680 0.118775 0.494179 -0.592890 -1.078034 12.873910 12.001879 
0.552874 0.315873 -1.842372 0.466437 -5.661555 -11.154853 12.088739 
0.107074 0.034705 0.076027 0.754015 3.056979 -18.662160 2.386621 
0.218546 1.172158 1.713248 0.254962 0.408273 7.947885 -1.555082 
0.118025 -0.598193 -0.313905 -0.170789 -7.141092 -13.875867 11.487577 
0.176826 -0.396467 -0.249150 0.889147 -10.420832 6.821918 -0.891127 
0.123628 0.027049 -0.387948 -0.956993 -5.872739 7.989584 4.961875 
0.103987 0.984960 -0.536945 2.311651 15.769391 4.834184 18.025764 
1.612405 -0.319175 -0.103028 0.281341 -5.757519 1.529497 -13.488787 
3.952128 -0.384265 1.810515 0.290466 0.622075 2.015333 8.412119 
0.090817 0.408267 -0.174793 0.120471 4.319469 -5.239714 5.376856 
0.094271 -0.145572 0.288215 -0.334377 8.216351 -12.594410 6.985227 
0.105198 -0.454025 -0.435334 -1.473127 -14.061900 -1.082170 -3.720638 
0.122132 -0.470816 -0.115827 -0.003004 2.429247 1.047175 -1.358717 
0.167817 -0.234011 -0.956217 -0.062785 -12.365390 -0.247557 13.388968 
0.138488 -0.568272 -2.237674 -0.392126 0.770414 -14.806694 5.874318 
0.701272 1.481427 0.339591 -1.298771 25.239367 2.655303 -2.954679 
0.367183 0.009657 0.062438 1.491979 0.354958 -10.740805 5.025097 
0.116639 0.339404 -0.506225 -0.219217 -8.367732 4.606775 0.515099 
0.156405 -0.757155 0.483076 -0.953187 -5.679112 4.505421 -7.182185 
0.118162 -0.146198 0.422340 0.480633 -17.033244 14.905641 3.333741 
0.151293 -0.150505 -0.201281 -0.803829 -8.918504 0.815574 -12.368267 
1.456612 -0.424785 0.180582 0.884479 1.849498 2.478187 16.041810 
0.095248 -0.173604 0.227916 -0.241729 1.519909 -3.025219 -16.060076 
0.298886 -0.358302 0.311996 0.706139 -10.286333 7.590696 15.933374 
0.512636 -0.237283 0.417884 0.385397 -2.015306 -15.011316 14.431738 
0.121466 1.138455 -1.765527 -2.271320 12.690643 -12.339331 -12.180975 
0.863813 -0.437680 -0.362438 -0.464875 11.375829 2.014172 -4.261332 
0.283593 -0.700830 -0.246827 -0.173419 2.695725 3.896076 16.973224 
0.114183 -0.653995 1.285938 -0.169656 -15.029139 9.644682 3.949482 
0.387857 -0.286650 -0.425573 0.184018 -7.132809 -1.486333 -18.196710 
0.102340 -0.544284 -0.619291 1.582760 -6.157279 -13.385968 11.482969 
1.423034 0.929664 1.328062 -0.049640 10.760217 -2.698863 -3.205154 
0.118440 0.298655 -0.322418 0.827050 3.305000 -5.594207 -12.062227 
0.087317 -0.551667 0.253250 0.837095 -2.989610 7.215451 11.104462 
0.115648 -0.035686 -0.276721 1.102208 -2.325399 7.399342 10.146284 
0.335498 0.309427 -1.239418 0.395997 9.242124 -8.395396 -11.204116 
0.109210 -0.303127 0.259725 -0.827153 -7.862673 -8.572339 4.114715 
5.398343 -0.452174 0.191160 0.305742 -19.131058 -7.407173 -7.385530 
0.438696 -0.814266 -0.416170 -0.092924 1.831970 -7.407350 -10.970979 
0.102783 0.134924 -0.499957 0.524340 -9.947052 -10.359034 11.881350 
0.317653 0.792748 1.639323 -1.630687 -2.652001 19.377258 -9.460979 
0.117399 -0.462108 0.512838 0.346773 -3.927812 -1.438548 8.263352 
0.135796 2.189244 -0.329334 0.449637 13.332469 -12.525021 4.633939 
0.139152 -0.013980 0.610083 -0.084234 -4.674021 -7.837790 -1.200626 
0.081844 0.108278 -0.096470 0.108354 -15.444424 10.661412 -17.137627 
0.210768 -0.178010 -0.105683 -0.639004 -10.768089 -4.187423 15.224899 
0.087151 0.022595 -0.073748 2.203506 9.902968 -4.582299 19.369561 
0.247564 -0.331474 -1.255024 0.038515 -11.351553 -14.067917 -10.614164 
0.118055 0.294090 -0.740809 -1.371285 -6.207109 5.155802 -10.186024 
0.133708 -0.390944 -0.463116 -0.357012 7.583807 11.396625 0.084183 
0.137951 -0.161961 -0.022877 0.483204 5.916139 5.783451 2.268946 
0.295736 4.392529 2.267658 -0.080077 47.497762 20.972484 -0.238155 
0.093592 0.064002 0.279738 -0.145623 8.564776 -5.963811 -2.113530 
0.180968 -0.005632 0.570633 -0.079764 -9.553062 -13.139483 16.646379 
1.058781 0.307249 0.262600 -0.099174 -6.431841 14.835082 14.583621 
0.086350 -0.054882 0.165172 0.633963 -4.065891 9.375687 1.316328 
0.263354 -0.136634 -0.153229 0.068879 -12.581219 21.899481 6.981829 
0.556778 0.168067 -0.294229 -0.138043 -2.400500 -8.123155 23.067831 
0.139284 -0.083970 0.385488 0.071123 -14.837099 7.420113 22.623316 
0.478468 -0.006672 0.169779 -0.492857 -14.197953 -5.120350 7.220583 
0.165293 -0.115774 0.646650 -0.051998 -6.176212 22.504279 -2.745067 
0.493788 0.286201 -0.035160 -0.842424 10.284145 -2.426704 -6.654856 
0.252788 0.621356 0.295361 -0.003932 -6.743641 3.989775 17.863405 
1.145613 0.203568 -0.979225 0.738829 -10.664283 -10.709120 2.977614 
0.388183 -0.207745 0.775733 1.357442 2.353543 10.096098 7.769890 
0.094407 -0.283225 0.208551 0.159810 -7.585034 22.576241 8.165506 
0.126740 -0.239655 1.163136 0.067571 -3.795664 -2.618311 3.483633 
0.323270 -0.348484 -0.296033 -0.464284 -7.782572 1.513435 -12.496563 
0.198042 -0.828242 2.109292 -0.071630 -15.372189 12.512302 3.712185 
1.167561 0.106967 -0.287372 0.192754 14.172520 11.589361 -13.660101 
2.697368 0.232595 0.117592 0.311848 10.786974 -4.636751 14.389741 
0.376011 -1.001532 -0.264951 -0.245456 -15.804103 6.491893 -1.610367 
0.588263 -0.114126 -0.067795 -0.303148 -8.774135 9.844677 -25.187769 
0.138650 0.416941 0.635129 -0.216745 -2.895906 10.333354 17.349348 
0.373816 -0.024422 -0.148049 0.818129 -0.035665 14.264574 -11.426131 
0.401930 -0.261604 0.794160 -1.114767 -2.458388 -0.779859 -2.474942 
0.263064 0.499299 0.272079 0.074723 1.085421 -5.241294 7.213058 
0.459762 -0.999018 -0.137747 0.652270 0.541549 13.689472 14.029749 
0.328088 -0.212220 0.498434 0.197108 -14.715527 -11.187260 -9.209001 
0.860282 -0.746757 0.503857 0.098829 -3.952519 -10.294364 2.798648 
0.273055 0.146422 -0.673581 0.384900 -9.078894 -10.026429 5.516645 
0.396253 -1.063662 -0.467315 -0.144464 -3.021461 10.415823 -2.888900 
0.246288 -0.160732 0.554271 -0.284458 -10.867148 6.990106 8.434234 
0.730294 -0.686424 0.164279 0.319884 -10.662339 -2.564638 -0.375393 
0.278430 -0.192096 0.718238 0.272404 -12.618301 -7.201032 4.306258 
0.151503 0.119971 -0.797443 -1.280096 -3.934393 0.327763 -15.722843 
0.100432 0.729625 0.197227 -0.148733 1.484485 12.770091 9.692198 
0.082624 -0.770841 -0.315305 0.388327 -13.577585 18.912996 -6.914382 
0.114711 1.171375 -0.408819 -1.451858 3.736911 -13.002621 -4.957070 
0.192666 -0.117219 -0.136906 -1.054831 -17.780950 3.457398 -8.855784 
0.287114 0.772501 -1.162916 0.579459 7.367794 -9.453204 -10.434630 
0.585359 0.442361 0.401848 0.825048 -6.986545 -10.110400 10.160999 
1.376095 0.224079 -0.348438 0.110365 5.425783 8.789240 -0.018482 
0.431641 0.817083 -0.698222 -0.595420 0.546201 10.083838 -6.593274 
0.136683 -0.607854 0.503125 -0.015102 -0.684939 -8.279112 2.682743 
0.323241 0.464179 -0.358740 -0.049161 -11.650691 -2.386648 -14.893246 
0.391024 -0.793489 0.169012 0.011538 -2.068104 9.084510 -11.383467 
0.112116 -0.163339 0.709887 -0.037624 -12.101970 -6.328164 -10.344412 
0.116547 0.021661 0.674285 -0.062144 2.227955 -9.719704 15.984683 
0.952396 0.031126 -0.414806 -0.072784 -19.796546 -3.571658 2.117359 
0.374161 -0.526705 -0.486968 -0.383474 8.742751 -16.349155 -1.485341 
0.178419 -0.131874 -0.085421 0.249621 -20.884210 1.384796 -0.475149 
0.192961 0.138379 0.733378 -1.275524 -7.421519 -6.514146 -11.904451 
0.763069 -0.148229 0.363697 0.831761 2.298523 -5.395214 11.189954 
0.181019 -0.312030 0.327781 0.519695 -27.654036 -7.676920 4.472852 
0.393969 1.363056 1.818860 0.003617 11.844224 23.149061 9.499740 
0.408300 0.419741 -0.064236 0.044711 -8.162349 -1.728232 -4.849076 
0.506972 0.347796 -0.318843 -0.654680 -10.616005 -14.583342 -7.651983 
0.168852 0.527384 -0.737299 0.307895 -2.538045 6.835978 15.959818 
0.196085 -0.076909 -0.001086 0.092371 12.921495 -11.023609 5.775840 
0.836938 1.093087 -0.694915 -0.235302 -2.058859 3.341414 -8.288515 
0.701221 0.038946 -0.437994 0.085353 -5.289949 -20.727584 -5.149476 
0.263429 0.045180 0.467124 0.073245 -4.670367 -6.557835 5.676776 
0.151360 0.590294 -0.691013 1.727287 -8.466862 -8.308199 10.010434 
0.449375 0.028258 0.357994 0.063809 1.445510 -15.813075 -3.641010 
0.108928 1.130317 0.161707 1.001226 6.531581 -13.802024 6.371465 
0.090465 -0.224072 -0.131624 0.494541 18.826405 7.031398 -11.444153 
0.531060 0.075153 1.052043 2.021009 -9.076775 11.804827 9.705357 
0.272013 -0.641623 0.651320 0.925078 -18.312291 -5.742340 0.522289 
0.127889 0.334909 -0.158422 -0.072693 -16.407051 -4.160155 -6.318854 
1.070260 -0.185314 -0.434008 -0.143444 1.032055 6.067284 3.357542 
0.111702 -0.680977 0.245960 -0.180745 -7.919848 10.364401 19.969361 
0.275275 1.007310 -0.556207 0.423662 11.812964 2.164969 4.211739 
0.433814 -0.324616 -0.304904 -0.106684 -20.741026 -7.313474 7.503568 
0.121123 -0.313853 -0.332684 -0.928994 -10.005655 10.018059 -12.773756 
0.604561 -0.833462 0.962378 0.205309 -0.128360 1.520652 17.353902 
0.672200 0.677318 0.215700 1.047187 -5.462259 7.599783 15.016412 
0.485099 0.499521 1.940420 0.545561 1.057846 8.307327 9.221441 
0.088968 -1.858415 0.344005 -0.097954 -3.704028 9.128973 0.177675 
0.372330 -0.402551 0.053337 -0.117326 -9.049721 -18.202930 1.412093 
0.427499 0.044733 -0.607219 1.650521 11.504166 -9.651396 5.552065 
0.148166 0.528126 -0.980646 -0.592536 -5.570530 -10.680485 -0.632374 
0.205405 -0.146029 -1.172015 -0.833546 1.133284 -8.614212 0.599424 
0.273438 0.573764 -0.074424 0.077556 8.300692 18.855978 -4.087064 
0.257004 0.739479 0.214253 -1.561361 4.376103 15.267767 -12.762360 
0.083821 -0.512921 0.473063 1.021337 -8.168899 -2.842048 7.604407 
0.673429 -0.286249 -0.340382 1.413861 3.985247 -0.690580 -0.709913 
0.093338 0.091086 -1.162707 1.048858 3.820766 3.791977 1.384882 
0.097693 -0.084634 0.186683 0.709900 -1.718440 8.409023 16.159732 
0.081727 0.056045 -0.037767 0.483203 7.196743 13.654789 9.381339 
0.417045 0.538160 0.061578 -0.299070 0.887303 3.295818 -0.095804 
0.387177 -0.465567 -0.073254 0.066705 15.955571 -1.013484 -4.411440 
0.350927 -0.707604 -0.250018 0.298392 -4.922413 16.053911 -11.108725 
0.081891 -0.164413 -0.090502 -1.011943 -14.226620 -2.065227 1.354131 
0.111530 -0.727550 0.457239 1.351544 -5.580646 0.313586 15.485985 
0.729211 0.016799 -0.010751 -0.152092 10.657029 5.039509 5.123977 
0.081209 0.215953 -0.013850 0.332830 -21.925061 -7.526944 -0.045389 
1.066327 0.347496 0.489920 0.037278 -2.823274 12.521020 23.162365 
0.844840 -0.682865 -0.035353 0.298234 -7.979406 10.434058 0.434058 
0.286414 0.208745 -0.212883 0.362712 -8.440429 7.129280 -16.779026 
0.108220 0.370901 0.225996 0.140369 1.306986 -14.702666 -8.581901 
0.106446 0.976855 -0.332031 0.000761 18.759987 4.256506 -1.365374 
1.618982 -0.317271 2.226925 -0.079425 -12.650911 15.163478 -7.528990 
0.126190 -0.778368 -0.135791 -0.466961 -3.056908 -6.006080 -6.331488 
0.666898 0.163968 -0.119965 0.313345 -9.151546 -0.085779 -7.407548 
0.355266 -0.062504 0.135439 0.010590 -16.803183 3.832615 19.604495 
0.365762 -1.745532 -3.842875 -0.034207 -19.397171 -32.328156 -4.801386 
0.430606 0.366016 0.829401 0.133021 -10.710905 1.303245 -0.202422 
0.100431 0.229480 -0.862005 0.909932 16.982971 2.210114 0.570456 
0.189647 -0.700030 0.002670 0.316262 -20.104518 11.313088 -10.853009 
0.132254 -0.906553 -0.237181 0.453842 -7.505704 -14.883298 4.640883 
0.500139 -0.792242 -0.508639 -1.310546 -14.761028 1.497515 -7.496953 
0.175237 -0.042613 1.036411 -0.649374 -12.851001 9.334894 -7.883012 
0.123696 -0.108659 0.545549 0.279449 -11.777531 -11.365730 10.574785 
0.195281 -0.487427 -0.719168 -0.829896 -4.000689 3.761798 -14.517410 
0.599939 -1.410655 -0.451577 0.398655 -22.313087 3.161089 -8.513398 
0.192741 -0.132061 -0.488386 0.358931 -9.273113 -1.654082 9.648098 
0.200778 1.076686 0.402743 0.144320 1.956734 -12.218562 -0.793345 
0.177472 -0.064882 -1.176438 -0.588155 -4.469818 0.928083 -15.771608 
0.127855 0.300055 -1.178412 0.412834 1.972729 -8.999941 -5.383000 
0.220526 0.003409 -0.442211 0.664683 -0.849370 -6.855509 9.969415 
0.627642 0.321963 -0.356958 0.522581 7.571609 -3.050512 0.326777 
0.637465 -0.366795 0.159819 0.148136 -16.472808 20.099617 7.931418 
0.169117 -0.041120 -0.935502 -0.974749 4.841044 0.949841 4.631857 
0.114784 -0.815263 -0.414668 0.425024 -2.018357 -11.511588 -5.415472 
0.135557 0.082969 0.665917 0.359470 3.296369 15.000674 -0.745843 
0.579415 -0.961555 -0.166703 0.242671 2.958331 3.442760 18.682366 
0.624848 1.347367 1.219466 -0.539985 16.457285 13.358682 -2.362766 
0.385484 -1.169761 0.845385 0.598945 -9.108060 -3.687218 13.159075 
3.082417 -0.626416 -0.031511 0.259143 1.892159 6.243282 -5.331037 
0.310489 -0.050921 -0.530461 0.772997 5.044324 2.854271 20.123277 
0.457154 0.233967 0.322202 0.189031 5.315868 6.033523 -11.748584 
0.279294 -0.501620 0.312992 0.454226 -3.714409 -4.466552 -19.149287 
0.089763 0.370146 -0.366514 -0.460959 -0.285225 -1.290323 -14.882656 
1.249225 -0.800453 0.824394 0.144151 -13.005868 5.191121 9.507652 
0.163561 0.779261 -0.765532 0.043716 5.277801 -5.975938 -5.605584 
1.702665 -0.435656 0.635207 1.005686 2.753735 4.267012 6.999385 
0.087567 0.174489 1.359182 -0.218082 8.715528 8.479235 -0.399690 
0.192231 0.190645 0.363805 0.208455 2.191821 -4.165579 2.010063 
0.122081 0.413137 -0.228120 -0.429442 -14.729089 -9.517549 -10.668864 
0.088452 0.086200 -0.555259 0.550863 -1.392353 12.823867 8.011049 
0.470758 -0.913575 -1.992645 0.289035 -3.940747 -8.243962 7.183383 
0.196106 0.133346 0.152481 0.099731 -3.535129 5.573352 8.800503 
0.163499 1.139227 -2.008292 -1.153692 14.641490 -17.803226 1.376485 
0.080867 1.255427 1.162408 -2.103798 21.856593 16.610648 -12.562290 
0.223604 -0.740853 -0.060821 0.518466 -26.761262 -8.906224 3.939423 
0.155926 -1.244432 0.364266 0.829553 -10.791295 -6.039138 4.789643 
0.238387 0.126993 0.635267 -0.337616 -11.384203 -4.332896 -14.268024 
0.106154 0.132840 -0.258416 -0.434908 -5.262444 -9.393329 -12.604466 
0.169911 -0.178031 0.314955 -0.527137 13.929160 -11.825847 2.715368 
0.113329 0.933991 0.726414 0.124651 6.188870 5.087511 16.482480 
0.192419 1.308249 -1.426658 -0.351431 5.052686 -20.931313 -8.107518 
0.594225 -0.224110 -0.114417 -0.521389 12.089868 5.322249 12.837065 
0.085164 -0.318964 0.015215 -0.641087 -17.447707 -4.174363 -2.203485 
0.117057 -0.157196 0.369827 -0.076943 -11.021896 24.712546 11.032208 
0.205043 0.139843 0.295273 0.035716 -0.837998 20.253633 -9.870103 
0.234649 0.159835 -0.609555 0.563919 19.545956 0.266324 1.623488 
0.487672 0.090554 0.679513 0.793790 2.922948 6.638810 16.396596 
0.223182 0.126361 -0.379180 -0.094746 -16.597607 -13.734962 -3.718281 
2.476904 -0.635577 -0.834640 -0.427355 0.911079 1.584978 -16.056845 
0.441734 0.722168 0.210560 0.131224 4.117658 9.064570 0.649984 
0.230397 0.391748 -0.201361 0.323431 -13.551735 -5.917163 -3.117869 
0.689100 2.042609 1.453135 -1.758520 21.525152 7.448935 -9.936673 
0.815528 -1.792866 0.647726 0.343338 -15.993819 -1.456907 10.846124 
0.161492 -0.021444 0.657391 -0.092208 8.123133 0.762370 -12.834368 
0.542296 2.218362 -0.591401 -0.536930 10.148003 -7.879185 -0.313888 
0.146522 -0.040774 0.301191 0.664511 -19.124898 -11.731361 4.166174 
0.256037 -1.287603 0.041485 -0.668604 -2.899883 -10.617972 -4.984858 
0.887681 -0.813977 -0.365467 1.311146 0.839295 10.402518 3.376482 
0.101372 0.002434 0.468664 0.250523 -3.535398 7.053004 -13.572273 
0.141931 0.400113 0.484557 0.253861 -12.872708 7.675581 -2.253282 
0.178446 -1.152956 0.662443 0.522969 0.018147 5.818351 3.867780 
0.083374 0.378003 -0.296437 -0.755895 0.795729 -0.006066 12.694903 
0.376685 -0.285692 -0.234315 1.349875 0.937994 4.878006 -1.456964 
0.585808 -0.200297 -1.265786 0.414212 -13.073658 -3.849551 8.442344 
0.102075 0.152541 0.795391 0.597925 7.935220 17.899276 0.897583 
0.086694 1.167878 1.201469 -0.274657 17.829192 10.377465 4.682168 
0.654455 -0.108222 -0.105375 0.333801 4.564946 3.829190 -10.862178 
0.442796 -0.332170 -0.035333 -0.556343 -20.033045 2.634782 1.062124 
0.103990 -0.543963 0.957500 -0.371037 0.508983 0.659376 -1.963724 
0.137893 -0.331572 -0.233551 0.226833 -24.515974 -11.218136 -5.926869 
1.044939 0.792977 -0.067209 -0.361485 3.280400 4.459728 -0.943407 
1.025335 -0.077242 -0.084198 -0.407373 11.677898 -4.747454 -7.034259 
0.472835 -0.966655 0.122684 1.212543 -18.932936 4.917511 1.384670 
0.672168 -1.761881 1.025042 0.169536 -18.870854 2.940533 13.612882 
0.208490 -1.699608 -0.969224 -0.146795 -7.571116 -13.147397 -1.471836 
0.292610 -0.999737 1.626634 0.331288 -5.842186 12.044540 12.386901 
0.111344 -0.203741 -0.374546 1.166090 -2.237107 -0.319133 12.163940 
0.466067 0.269499 -0.053832 0.733099 4.204050 15.720563 -2.041080 
0.112109 -0.380749 0.067457 -0.053976 -5.613145 -14.914895 -1.127056 
1.021373 -0.685889 0.099229 0.391923 -16.063574 -1.679448 11.430074 
0.247245 -1.313611 -0.611762 1.090696 -23.220072 -0.946603 11.703200 
2.937998 -2.256234 -0.582044 0.057882 -13.774145 -8.731987 9.736649 
0.112201 0.298828 -0.590144 -0.027183 -5.571269 -8.970037 -7.781084 
0.941373 -0.017989 0.581583 0.112081 6.979621 3.831487 -0.364870 
0.186332 0.850446 -0.292438 -1.124796 7.685471 2.700409 -2.759645 
0.206312 -0.441501 0.202157 -0.388908 -4.774542 12.391295 6.297691 
0.087521 0.261744 0.753317 0.609107 -7.075045 -8.329408 -6.347546 
0.337060 0.183204 -0.503191 -0.118580 -12.457280 -13.456662 -4.232130 
0.506829 0.289121 0.114297 1.157050 12.172643 4.973255 9.862668 
2.506229 0.394765 1.369624 -0.424853 -10.900462 7.442618 2.995498 
0.109658 0.524486 0.176808 -0.214833 -3.563154 -3.750815 -16.810670 
0.093631 -0.638378 0.301564 0.312790 -17.426330 14.773945 5.975725 
0.994606 0.656590 -0.114031 0.490241 1.961932 2.107836 -0.876535 
0.184780 1.515210 2.039328 0.087612 5.985187 11.052027 -2.401960 
0.113864 -0.049599 0.166493 -0.295965 -1.278282 18.335167 1.304787 
0.500571 1.657775 -0.787789 -1.179867 21.911333 3.570279 -9.684310 
0.375402 0.125879 -0.092061 0.698557 6.635430 -4.556232 -8.727826 
0.121279 0.557441 -0.003573 0.147795 -0.551615 -1.038976 -20.389622 
0.437171 0.571603 -0.009651 -0.618683 2.022400 0.149251 -8.685289 
0.420529 0.068400 -0.031749 0.032712 -9.896495 19.628413 -1.018317 
0.140832 0.212870 -0.088821 0.452546 -6.313415 11.037746 9.015346 
0.317286 0.027764 0.601035 -0.046597 -9.846328 3.098669 -2.537176 
0.092539 1.300933 -0.230480 -0.743957 1.413604 -7.136311 4.716524 
4.198783 -0.189795 -0.084241 -0.324756 6.023880 8.831844 -2.911920 
0.435794 -0.140542 0.215103 0.269206 -24.399869 7.587193 5.857583 
0.299195 -0.205187 -0.394586 -0.496159 -7.708899 -11.412646 11.607352 
0.366428 -0.982187 0.446268 -0.148515 -11.960682 -3.064000 16.876513 
0.300202 -0.013728 0.532698 -0.194491 -9.887145 4.383519 -5.451765 
0.585186 0.156222 -0.154858 0.376078 -1.523349 0.252306 21.468326 
0.524509 -0.311453 -0.483822 -0.223777 -4.684118 -8.018851 5.985775 
0.292083 0.228327 1.795610 0.056753 3.557017 5.448244 12.418504 
0.107699 -0.102449 1.541512 1.288645 -7.180800 6.874512 14.812828 
0.744916 -0.628232 1.581253 0.606725 -1.036945 19.504692 3.126090 
0.131940 -0.617286 1.779033 0.123491 -11.470582 12.882425 1.209571 
0.104491 -1.018793 -0.515537 1.306858 -17.382777 1.337230 15.834805 
0.504475 -0.265095 0.148156 -0.049535 -1.027270 2.216401 -6.731895 
0.159200 -0.367249 -0.026809 -0.184130 -5.077599 12.346295 -13.715756 
0.144224 0.733910 2.263348 -0.741607 -0.869372 17.753959 3.273306 
0.221063 -0.061993 0.525535 -0.652285 -18.720634 -1.283716 -6.561726 
0.339783 -0.282704 -0.332126 -0.358023 -5.788656 -10.878936 15.174519 
2.985742 1.137034 -0.397119 0.187646 11.587078 12.920946 -7.118316 
0.098040 -0.034069 0.020783 -0.360620 11.502829 12.368573 -16.143543 
0.364111 -0.600744 -0.321502 -0.068678 -14.253322 4.945747 -13.834765 
0.144886 0.477063 0.409658 0.376664 10.087029 3.812726 -7.595410 
0.360597 -0.196989 0.507656 -0.186458 6.447097 8.824186 0.777884 
0.254317 -1.148143 0.390371 -1.191936 -6.245469 -6.915878 -1.382266 
0.555913 0.128953 -0.217998 -0.039559 13.581066 19.420607 2.151118 
0.416651 -2.043682 0.026086 -0.097742 -14.815703 -6.013303 -6.842896 
0.151008 -0.244693 1.491114 1.509521 1.072751 5.481577 4.381704 
0.577563 -0.046018 0.498602 -0.485608 0.599903 5.445491 -6.746526 
0.141965 1.432764 0.495567 2.222950 6.815617 -0.101795 23.004620 
0.120024 -0.291105 -0.019179 0.569307 -18.487488 9.965631 7.208993 
0.182852 0.896468 -0.816952 0.196245 17.267069 -1.539538 -1.645669 
0.189724 0.238476 0.079850 -0.802824 -3.133605 6.684282 -15.989718 
0.150160 0.324141 -0.926154 1.209753 -2.446135 -12.611097 14.956657 
1.373741 -2.888544 -0.602344 1.321600 -21.692610 1.814584 9.492750 
0.283453 0.582617 -0.233869 0.809167 4.738743 0.893322 -4.105462 
0.170281 -0.720685 -0.085927 0.527557 5.260885 16.029408 14.590413 
1.505698 -0.647779 0.557430 0.043668 10.785976 -7.785718 6.787436 
0.360047 -1.110570 0.365866 -0.325843 -9.735971 -3.662790 -6.589487 
0.588861 -0.418361 -0.455638 -0.096917 -15.313124 12.337659 9.470985 
0.381565 -0.657467 -0.401956 0.298781 -15.122540 10.148796 9.389781 
0.166121 -0.054725 -0.199265 -0.244596 4.037544 -14.009920 -5.461219 
1.652096 -0.010525 0.087659 0.057614 -14.948742 19.301471 -1.713155 
0.215498 1.981333 -1.770419 0.717250 17.719877 -7.131118 1.416590 
0.524663 -0.344246 0.301171 0.527049 -2.363042 -6.872424 2.355688 
0.489037 -0.646429 0.629212 -0.360423 -16.967045 8.589376 1.740323 
0.247044 -0.320579 0.055353 0.592398 -11.975055 5.511435 -5.935098 
0.408569 -0.302155 0.102431 0.336303 18.538867 11.943446 -10.159801 
0.429966 -0.477808 0.128004 0.148589 -5.097634 1.693586 -1.160219 
0.205030 1.288187 -0.792350 0.168768 4.969238 -10.233954 -3.337877 
0.104504 0.547546 0.079707 -0.622731 -9.534004 4.279372 -0.651826 
1.704172 0.488874 -0.792650 -1.349426 -2.282133 3.751379 -7.576666 
0.208973 0.622755 1.015988 -0.974472 3.040984 -2.424446 -2.265042 
4.631110 -1.192983 1.279513 0.767743 -4.993419 0.389653 12.652715 
0.135103 -0.233646 -0.476996 -0.293807 0.007713 -9.439180 -5.254045 
0.169606 0.480690 0.804736 0.597930 3.452542 13.909840 -8.273973 
0.567692 -1.140185 -0.039518 -0.707247 -14.661714 -12.081680 -1.774274 
0.214292 0.013966 -0.103653 1.328654 -8.957126 5.559581 16.842135 
0.450345 -0.235779 0.091211 -0.266921 0.037602 15.854918 18.007836 
0.407103 -0.227758 0.383793 0.167593 0.985277 4.507700 15.693928 
0.846636 -0.026339 0.293141 -0.091742 -11.219124 -3.034409 3.327951 
0.123163 0.920842 -0.709909 -1.915934 3.783997 -8.978273 -10.117132 
0.120648 -0.005740 0.752011 -0.679041 -8.603919 -2.223353 -10.769196 
0.387333 -0.063178 0.975173 0.227370 -13.796310 1.690733 13.088572 
1.095352 0.008324 0.376966 0.929254 -11.481496 -1.292952 10.028814 
0.212730 0.241969 -0.163315 -0.501171 7.814285 -9.588149 -0.870354 
1.575080 -0.373230 1.063589 0.621305 0.719808 2.058559 19.090902 
0.102042 0.438273 0.524245 0.382529 2.258633 -3.171511 15.365310 
0.606266 -0.541859 0.502240 0.165371 6.566135 11.277207 -5.178427 
0.250734 0.076223 0.041437 0.025364 -24.101728 -0.667921 0.669858 
0.184902 -0.387676 -0.116447 0.070482 -6.799026 25.930412 4.114326 
0.348863 -1.014497 0.906498 0.186174 6.051926 15.835366 -6.222864 
0.127948 0.569101 -0.639036 0.738024 -6.511644 -9.305685 7.021366 
0.127545 1.085064 0.122351 1.851181 1.597963 10.512513 17.926070 
0.089378 0.741275 0.876149 0.674722 7.268105 -5.181447 0.821925 
0.220514 -0.000398 0.549308 0.563578 17.113586 0.226516 -5.609390 
0.195396 0.648224 -0.501286 0.072798 -9.608417 -11.751649 -11.485190 
4.245083 -0.901610 -0.670198 0.450898 -10.982424 2.652203 -2.059079 
0.095817 -0.389892 0.370125 -0.131137 -0.252647 0.742835 -14.527260 
0.569763 -0.595418 0.380049 0.165086 -22.214839 1.476974 3.499954 
1.098164 -0.088801 0.064564 0.218327 -12.108644 16.710320 -9.991607 
0.538990 0.034421 0.468603 0.134163 10.793101 1.011249 15.638730 
1.288776 -1.049376 0.094412 0.253851 -13.029711 -2.122825 -1.763648 
0.193816 0.145528 0.299055 0.166785 -0.449797 6.866730 -18.089128 
0.378483 0.397320 1.014371 -0.016364 -14.679906 3.859995 5.779635 
0.130333 -0.642300 0.641042 0.228026 10.927258 9.672713 4.060309 
0.235233 -0.177947 0.437971 -0.415276 -4.499111 -10.054040 -4.676161 
0.474050 0.080797 0.280826 -0.471866 -11.273358 4.254436 -8.269357 
0.170650 0.138333 -0.361061 0.171913 -7.598424 -22.814035 4.929332 
0.551803 -1.204526 -0.333843 0.076500 2.784026 -4.095607 7.620235 
0.131497 0.092093 0.584894 0.170945 9.449066 0.964504 -8.954714 
0.367063 -0.941313 0.347429 -0.350509 -14.203224 -10.726075 0.730514 
0.237052 0.037018 -0.493132 -0.293346 -2.237480 -4.218325 1.109393 
0.979329 0.050910 -0.106439 0.594579 14.536913 0.148802 -9.378617 
0.113309 0.628305 0.247077 0.040420 8.236170 17.580284 -1.114283 
0.202812 0.894483 0.479354 -1.148756 16.496661 3.859759 3.468087 
0.145792 0.164453 0.703476 -0.096613 4.444864 10.747182 -0.021047 
0.206856 0.068827 -2.247473 -1.231555 -7.892347 -22.372058 -11.895212 
0.534870 -0.560477 0.195137 0.026628 6.321686 15.828404 -12.661695 
0.091732 -0.924044 0.178108 0.773743 -5.357498 -13.501868 7.381536 
0.094435 -0.106223 -0.083182 1.067054 -7.307458 12.822002 0.294803 
0.106821 0.088996 -0.086216 -0.174727 -6.528922 10.068414 -1.655961 
0.443043 0.510483 0.264597 -0.646581 10.390727 8.209578 4.055351 
0.087582 -0.225049 -0.442526 -0.608732 -14.339357 6.172511 -0.378191 
0.159466 -0.747849 0.058191 0.338978 9.384375 -9.335609 9.717720 
0.829727 0.067046 0.004083 -0.560183 -8.778120 9.497371 -11.678706 
0.093662 -0.576513 0.717062 0.982582 2.298378 -8.101368 9.331758 
1.055006 -0.830559 0.604912 -0.640489 -7.815302 -0.039735 7.522653 
0.290595 0.477272 -0.246088 0.723710 -4.815571 12.615692 17.729985 
0.226020 0.377353 -1.681036 2.933508 11.261569 -13.118045 22.555024 
0.258652 -0.324063 0.392439 -0.005296 8.533662 -4.473160 2.357468 
0.504080 0.431922 -0.288258 -0.006135 -3.222140 -2.522526 16.705698 
0.133644 -0.332919 -0.061124 -1.971710 -10.573697 -12.148754 -17.474566 
0.102367 -0.382528 0.041018 0.354257 -20.788251 -6.536527 -8.019215 
0.102733 0.498444 0.441852 0.288309 5.543546 -1.467491 14.172815 
0.406103 -0.037114 -0.106172 0.127380 -4.279800 -11.163784 -19.969813 
0.170184 -0.685126 -0.773197 -0.930541 0.385673 8.065557 -9.066134 
0.080956 0.838486 1.451517 -0.444757 3.131489 19.444416 -9.375172 
0.171393 -0.571788 1.221711 0.450914 -6.439091 3.926087 -8.004755 
0.103884 -0.715287 -0.068024 0.066920 -4.390333 6.993330 -3.907073 
0.287723 0.215733 -0.029877 0.486140 2.750778 6.696802 -5.568996 
0.707610 -0.312423 -0.002143 1.313979 -3.461064 5.366474 9.234941 
0.161798 -0.174497 -0.070649 0.319808 -15.872619 -12.921040 16.082092 
0.495528 -1.363128 2.123256 0.626708 -8.247377 8.924022 1.463809 
0.081729 0.906634 0.424497 0.563303 -2.871197 8.192026 15.929743 
0.498673 0.200253 -0.312682 0.276933 10.560196 7.574131 -16.197630 
0.189760 -0.631072 0.325461 0.278598 8.353200 0.626875 17.671872 
0.174582 1.303140 0.468721 0.500253 1.443575 -0.249475 10.317141 
1.913197 -0.190070 0.971515 0.121000 -12.913270 16.066564 -0.011132 
0.156957 -0.495777 0.679942 -0.158270 -4.327131 10.713347 -11.002074 
0.318637 0.526776 0.705582 0.027857 1.438860 -6.717518 -6.781862 
0.384886 -0.688805 -0.215976 0.275067 1.353407 18.807559 -4.257165 
0.094543 -1.157995 0.462758 -1.596235 1.626776 10.864263 -12.465762 
0.093801 0.700601 -0.541760 0.285948 -2.498476 -7.062003 -14.923008 
0.259589 0.087775 0.646005 0.681305 1.850143 9.856417 14.056766 
0.331382 -0.101888 0.016957 0.039668 2.049031 -5.838422 -2.113536 
0.597086 -1.327586 0.762020 -0.363570 -7.515924 18.538531 -4.764991 
0.244466 -0.334742 0.056945 0.411659 -5.721439 13.793487 -9.043172 
0.409757 -0.037818 -0.340952 1.138765 -12.891776 9.596409 12.749452 
0.703460 -0.639975 0.799470 0.625340 12.082299 -0.424057 10.433674 
0.129081 0.385093 0.220105 0.403708 -3.567847 4.747219 10.581364 
0.592856 0.704160 0.038515 0.609565 6.152373 19.551888 5.106967 
0.598064 -0.089137 0.094618 0.889100 -13.886325 -10.500354 17.322006 
0.315326 -0.620845 0.677333 0.730394 -19.464682 8.304523 8.743133 
0.830552 -0.004028 0.082021 -0.285390 -17.090303 14.486350 -4.216312 
0.107798 -0.562834 0.716074 0.855823 -1.278565 4.769974 -1.412483 
1.282747 -0.056932 -0.772755 -0.421496 10.479545 -4.144258 -14.621552 
0.179704 -0.062462 -0.388001 0.295157 -10.116069 8.778831 20.952566 
0.226650 0.362380 -0.557395 0.383293 -8.013656 -11.005721 2.995524 
0.213577 0.018543 0.788839 0.313912 7.210337 18.378181 -2.611322 
0.360054 -0.335274 -0.052607 0.024955 -16.748787 -5.528257 -11.390811 
0.590465 0.430651 0.040449 0.072649 13.639328 11.439641 -1.996166 
0.323997 -0.245095 1.607312 -1.473095 -3.578114 21.537652 -4.430257 
0.080856 0.338285 -1.005470 1.114287 11.720162 3.476126 2.700522 
0.143920 0.188596 1.615563 -0.042177 0.190932 1.625383 3.410084 
0.128165 1.051577 0.188537 0.283334 0.174064 9.782947 6.668183 
0.371144 -0.200449 0.868080 -0.175366 4.996734 -7.613528 -7.976247 
0.145470 -0.898545 0.701710 -0.902744 7.069293 0.672565 -9.946572 
0.092657 -0.257419 0.554142 -0.060147 -2.887800 27.355435 4.129237 
0.587126 1.162758 -0.499532 -1.634051 18.581483 -12.249404 -6.067506 
0.235289 -0.091186 0.290180 0.456434 -15.301845 9.480965 -2.242466 
0.569180 0.207782 -0.771976 0.003646 -14.320002 2.035088 -7.262322 
0.093590 -0.508310 0.171143 0.954951 -7.879062 8.450516 0.876825 
0.249342 -0.146631 -0.591872 -0.490359 2.760103 2.324700 11.919474 
0.543855 1.417131 -0.204391 -0.201940 14.772994 -7.720178 5.719739 
0.236315 1.403949 1.695730 -1.672531 15.784798 25.736884 -8.567731 
0.136931 -0.073842 0.348195 -0.343668 12.917171 -20.144138 4.329080 
0.109437 -0.370313 -0.723056 0.343183 -14.874731 -2.289016 -12.566295 
0.915698 0.294479 0.385024 0.122483 10.010062 -7.423348 -17.585242 
0.125769 -0.278377 -0.337796 -0.208849 3.794120 -10.821962 -3.959970 
0.182221 0.340927 -0.362790 0.167289 -17.759738 -9.166621 -1.353427 
0.624303 -0.883019 -0.600289 -0.274487 -5.551201 7.792396 5.795495 
0.123119 -0.626419 0.024497 0.335018 -8.033766 0.184940 2.467712 
0.093277 0.238252 0.241162 0.181706 8.751955 -10.549755 10.328915 
0.126609 -0.761851 -0.754407 0.716127 7.216262 4.111807 10.937048 
0.342755 -0.217739 0.973207 0.232127 -18.015523 19.551763 -0.062563 
0.887808 1.029993 -1.443115 0.207645 4.467487 -2.787475 2.599058 
0.718573 -0.815947 -0.384011 -0.696544 6.790806 -4.112075 -4.139939 
0.789225 -0.156135 0.737723 0.007376 -6.661706 9.846792 -11.137225 
0.126531 0.546574 0.160908 0.570770 -6.931122 7.488754 9.432486 
0.685572 0.097555 0.097047 0.190889 4.786547 13.280686 -4.363721 
0.342997 0.995087 -0.337931 -0.189820 -8.412327 1.557889 -3.205926 
1.141486 0.548682 0.501249 0.689129 -8.403538 7.686115 -6.549734 
0.181571 -0.465681 0.260595 0.470828 1.589193 0.139835 19.237616 
0.271737 -0.304294 0.089202 0.493447 0.984264 -2.380636 12.668900 
2.465276 -0.265653 0.278639 0.123481 -19.704428 -5.520595 -5.192807 
0.132761 -0.380594 -0.052131 -0.565794 15.742275 6.776904 1.801958 
0.088416 0.498684 -0.164504 0.105255 -17.274244 0.157568 10.464676 
0.089291 -0.073264 0.435576 -0.321979 -0.173039 1.863114 5.040124 
0.263350 0.138978 0.081928 0.020271 -14.839326 -9.809675 -17.000331 
0.423754 0.555967 -0.292102 0.837976 9.487718 14.680842 13.507614 
0.178200 -2.077046 -0.664523 -0.046462 -8.962432 2.026738 -0.208112 
0.269147 -0.432272 -0.971146 -0.048556 -15.269314 7.498724 -5.537010 
1.218772 -0.869498 -0.039847 0.043935 7.151866 -13.479626 10.905900 
0.195759 0.485227 -1.053701 1.094450 -2.130782 -12.316810 1.642530 
0.310560 0.181085 0.233343 0.673842 10.926616 -2.666667 4.310707 
0.132928 -0.090154 0.485717 -0.333265 -1.216202 4.954523 -0.673421 
0.130606 -0.350267 0.619949 0.443629 4.346535 -11.958398 -12.486582 
0.180981 0.741749 1.928439 1.565090 4.313834 23.490388 18.927473 
8.040799 0.106037 -0.317771 0.067157 -3.891468 -6.281432 0.029732 
0.080873 0.038315 0.546664 0.396265 -22.155376 3.218655 -3.123897 
0.337684 0.172050 0.579750 1.683887 5.760865 -5.059559 9.334429 
0.727006 -1.326795 0.923856 0.454618 -10.846713 0.557688 10.430523 
0.130102 -0.161208 0.162755 0.178056 1.902102 -17.972591 2.098437 
0.107057 -0.368896 -0.625568 0.746718 -1.903536 9.372772 19.050705 
1.352041 -0.255450 0.180286 -0.318656 3.010531 0.987152 -17.831411 
0.108970 -0.689977 -0.010966 0.119826 -2.555654 3.337853 -19.676014 
0.148499 1.514056 0.713241 -1.118356 5.615105 -1.773800 -6.097723 
0.263983 0.307462 -0.547960 -0.003365 3.585856 1.258121 -3.269052 
0.240265 -0.467823 0.765265 0.133209 1.856910 14.601860 7.224102 
0.217954 0.022591 0.145370 0.088319 -1.718197 -9.770871 -10.349460 
0.444167 -0.367166 0.408576 -0.125033 2.091053 -18.613242 -15.262089 
2.752555 0.066019 0.610380 -1.337366 -3.346207 9.627254 -7.853359 
0.266546 0.556106 0.064582 -0.820368 4.084436 -3.798392 -0.740929 
0.104305 -1.364488 0.516620 0.282145 5.567211 3.642163 7.809849 
0.144490 1.060218 0.916498 -0.568734 0.975898 9.883647 -14.538320 
0.094619 0.039779 -0.142224 0.708984 -5.662653 -0.811014 -7.137036 
0.144851 -0.009261 0.558639 1.106671 12.965540 -1.998453 5.189679 
0.132290 -0.362197 -0.024966 1.279683 -12.859921 13.655571 7.930608 
0.524424 -0.012217 -0.436528 -0.308601 3.293139 4.365327 13.520963 
2.804970 1.564608 0.433864 0.173955 14.990224 2.803815 5.623004 
0.151725 0.201796 0.230802 0.402444 -15.562411 3.859925 -7.170344 
0.691052 -1.074374 0.004337 0.217109 -9.021064 -15.380901 0.317407 
0.123125 -1.852300 -1.222132 -0.888325 -14.001324 -2.633562 -6.140038 
0.095501 0.165540 0.168126 0.355875 6.355312 10.404167 0.289240 
0.082472 -0.139018 -0.095138 0.678751 3.384772 5.510844 -3.687479 
0.088000 0.041728 0.024268 0.766386 16.330818 2.500953 6.951148 
0.106567 -0.565449 0.220310 0.147266 -13.375072 8.657356 0.090843 
0.083960 -0.453942 -0.570221 1.003017 -10.577666 -3.733539 13.482441 
0.444394 -0.109429 0.493966 0.406527 3.240918 14.263663 15.805453 
2.968598 -0.332131 0.124506 -0.335281 10.456289 -4.393172 -8.076734 
0.118415 -0.945971 0.118200 0.037332 6.468578 -2.140159 -13.711754 
0.123056 -0.383627 -0.256292 0.759535 -1.020627 11.135611 13.317755 
0.111967 -0.640173 0.456463 -0.144093 0.951688 16.359086 1.280271 
0.095336 -0.327379 -0.140951 -0.214889 1.481859 -7.725815 -5.472616 
0.085245 -0.555389 -0.020496 0.299404 -7.363882 -2.284257 -21.739252 
0.219520 -1.095351 -0.451550 0.399983 -10.816751 0.726999 -9.471579 
0.269315 -0.767066 -1.304954 1.288734 -4.323805 -1.344024 6.983786 
0.084729 0.043129 -0.251370 0.483155 9.905736 -9.824114 14.239013 
0.193296 0.254950 -0.590302 0.715379 5.082614 14.110733 12.237674 
3.042533 -0.349133 -0.561109 -0.664843 1.323428 -13.781036 6.211794 
1.417540 1.405029 1.549561 -0.381851 8.051618 5.749725 3.495069 
0.348250 -0.289977 0.086955 0.117461 12.060568 -8.195225 14.867014 
0.189420 0.149411 0.069268 0.672661 14.809672 9.630139 10.851941 
0.222484 0.146758 -0.274015 0.317589 3.524817 6.663631 -9.812158 
0.319069 -0.160039 0.261386 -0.760199 11.387417 5.729140 5.948140 
0.092091 -0.357449 -0.311963 0.706587 10.759011 -0.299588 -2.969671 
0.486369 0.787063 -0.508947 -0.191729 2.368252 -12.341060 1.944857 
0.293964 0.161481 0.586488 -0.005563 2.436262 15.644923 -8.250139 
0.150389 -0.440912 0.323538 -0.023001 -10.895398 23.439439 6.897181 
0.098254 -0.330044 0.110888 -0.029349 -16.791329 1.768226 17.678534 
0.129777 -0.025013 -0.093094 0.581541 3.031717 5.682473 3.223411 
0.089968 0.688097 0.780560 0.191443 -3.388014 7.110016 -14.628437 
0.178187 0.357806 0.015150 -0.357526 11.862754 1.295687 -0.034581 
0.446547 -0.603682 0.181378 0.160547 4.772278 13.076618 5.256656 
2.596189 -1.621286 -1.457065 -0.641911 -15.154059 -11.103374 2.559973 
0.941679 -0.130754 0.542328 -0.167089 0.642872 4.801207 16.406817 
0.357477 -0.502092 0.538861 0.053854 -3.624138 -12.930340 8.606032 
0.233141 -1.003622 0.992820 0.494860 -17.702735 22.234685 -6.006710 
0.109886 -0.646702 0.124896 -0.257495 11.051708 -4.819301 4.077270 
0.103385 0.152588 0.711790 0.354635 7.145767 0.100283 19.701893 
0.307529 -1.128161 -0.873678 -1.764098 -4.175370 -10.739811 -5.547533 
0.224214 -0.807586 0.417105 -1.783113 1.832175 -6.911084 -17.358211 
0.688471 0.468628 -0.253808 -0.115409 -6.998029 13.977099 -4.874807 
0.121886 0.308775 -0.670054 -0.164359 6.121589 -7.393811 13.237286 
2.036878 1.812064 -1.228140 -0.261415 6.224720 -6.864137 -6.701610 
0.108772 -0.295613 0.903933 0.580753 1.188896 12.517314 -3.973122 
0.087214 -1.052232 -1.489451 -1.093464 -1.422228 -11.620375 -0.232405 
1.095005 -0.056092 0.197637 -0.026505 -8.411428 -13.439017 -18.367980 
0.462444 0.230434 -0.105350 -0.388381 15.722376 -4.635439 -23.815324 
1.195467 -0.053136 -0.077155 0.217994 1.408749 25.008188 0.784532 
0.124532 -0.103841 -0.207411 0.230566 21.791002 11.286292 -4.260275 
0.239527 -0.149612 -0.220977 0.215630 -16.646672 -7.646555 18.482549 
0.513647 0.156686 0.201836 0.765624 -2.142557 -15.084546 -2.048928 
2.322161 0.072797 -0.299004 -1.115491 10.555048 6.400814 -2.052529 
1.749945 0.484088 -0.266645 -0.069793 32.026624 -49.080326 9.750395 
6.427225 -0.476331 0.169884 0.228193 2.116289 23.317864 -10.122446 
0.187473 -0.254202 -0.220572 -0.121950 -8.951380 -0.200064 18.706962 
0.080411 -1.173676 1.130023 0.936056 0.327371 8.842569 6.789315 
0.084886 -1.199864 0.117108 0.435031 -18.809156 0.122412 5.816768 
0.210734 -0.145159 0.333623 -0.174745 4.858894 -9.561328 -7.685595 
1.039799 0.559919 0.161234 0.719685 0.694265 6.729450 17.512502 
0.589256 0.246923 -0.246316 0.503430 10.203306 3.632020 -0.723236 
0.193774 -0.576696 0.911654 0.115396 -14.428035 -8.976398 13.344199 
0.204408 -0.000933 0.006298 -0.361376 16.916930 -5.768825 6.623914 
0.203976 -1.056728 0.355373 0.327136 -12.570700 0.057646 -14.327367 
0.100379 -0.066652 -0.346659 0.167454 0.197457 2.779161 5.984068 
0.224716 0.236987 -0.231856 1.307736 -6.225429 9.608211 9.978071 
0.736908 0.258115 1.220563 0.130495 -4.905764 16.336216 -4.351010 
0.183623 0.896532 0.397718 -0.932068 4.549428 -0.473825 3.069073 
5.763363 -0.632496 -0.926387 -0.159270 1.552075 2.315800 2.848365 
0.155563 0.041670 0.375335 0.217101 5.471977 20.526329 5.392718 
0.205052 -0.716967 0.778588 0.414223 -18.144255 -6.522336 12.885944 
0.256881 -0.433655 -0.787071 -0.047255 -4.053925 -7.016032 18.746950 
0.383592 0.110476 -0.716171 0.268482 0.353720 -7.430870 -18.830604 
0.115189 -0.918630 1.269098 -0.275736 -10.190497 9.749703 15.300631 
0.144188 -0.507814 0.034831 0.356708 -22.118113 14.501688 -10.902873 
0.208231 -0.624026 0.556875 0.955090 -4.959175 3.382496 14.716366 
0.523071 -0.702808 -0.155262 -0.077512 9.958204 -6.143816 15.034567 
0.460238 0.051439 -0.059959 1.587976 12.430674 0.605038 1.736554 
0.500482 0.146049 0.694363 -0.518380 -10.221393 7.203718 8.934899 
0.190881 0.658501 0.573229 1.408165 17.433316 -1.474213 7.725667 
0.095002 0.142554 0.328212 0.127302 -9.548955 -15.241511 0.254446 
0.282526 0.374292 -0.111916 0.282154 -17.660764 -2.044797 13.946688 
7.200905 -0.636091 0.271515 1.075375 -14.407003 5.641521 -1.226185 
0.639887 -0.897020 0.447267 0.005299 -3.110956 -5.921939 -14.934026 
0.088337 0.062756 -0.314024 0.107753 1.754064 3.402262 -11.661695 
3.427020 0.637067 -0.306278 0.750617 1.018068 3.472407 1.351621 
0.286232 -0.441990 -0.493476 0.340082 -8.318726 -2.144873 14.151044 
0.111446 -0.505198 0.667037 0.918468 -12.789713 5.274365 1.804690 
0.194955 -0.248074 0.454067 0.191825 -17.754153 8.544157 -1.658350 
0.190041 -0.842672 0.206284 -0.087813 -3.718023 4.044980 -9.205810 
0.170109 -0.802857 0.546196 0.523086 -13.465438 -8.766306 -4.970787 
0.162386 -0.651856 0.239709 0.199320 -15.640395 10.625344 -10.823755 
1.166044 1.014704 0.081741 1.630570 5.375388 13.246850 15.871937 
0.584740 1.372313 0.147683 0.427748 -2.413747 -2.716726 0.242253 
0.396613 -0.253140 -1.345776 -0.790626 -9.499714 1.531158 -7.491138 
2.418064 -0.542791 0.344272 -0.022991 -4.281663 -2.063867 -0.458124 
1.010429 0.089566 0.020245 0.146218 22.506974 -10.659091 -4.383039 
2.532142 -1.332966 -0.002492 -0.009730 5.743654 -6.540909 0.484529 
0.107929 0.432137 0.737193 0.685593 -0.132250 -10.622788 -2.348658 
0.167175 -0.580680 -0.048108 -0.768342 4.995764 -0.424935 6.574050 
0.254952 1.408832 -0.768760 -0.610693 6.293123 4.601821 -8.535779 
0.429694 0.469813 0.366814 0.767100 10.232895 13.779591 -1.032923 
0.496826 0.069543 -0.027317 0.189789 15.629912 13.929748 19.981521 
0.121547 0.621306 -1.670952 0.225416 0.701987 -22.489680 -4.600366 
0.215928 -0.210998 0.949564 0.138263 0.592047 18.919405 -11.367166 
0.270339 -0.395784 0.420599 0.293753 -8.154581 -20.946995 -11.463403 
0.080083 -0.154913 0.243769 0.798344 14.571276 -1.446251 1.003267 
0.272801 0.638566 -0.189138 0.153793 -5.197679 10.135536 1.923616 
0.248941 -0.107556 -0.507183 0.597544 16.763298 1.495032 -7.807868 
0.198171 -0.099452 -0.543720 -0.120398 -4.461158 4.131015 -8.112830 
0.125940 -0.176880 0.809060 0.247545 -6.181236 18.688309 -0.975932 
0.397489 0.290913 -0.097870 0.365498 -3.172327 7.338932 -8.343964 
0.109822 1.466944 0.234078 -0.108409 16.889250 -0.825068 -9.538953 
1.950578 -0.366937 0.237022 0.175088 11.147624 -9.775553 16.645890 
0.085723 -0.164883 0.364538 0.677469 -1.087866 1.713025 18.039968 
0.261677 0.228847 0.446240 0.367848 -4.371684 2.364732 13.174353 
0.410668 -0.236802 0.951457 0.785180 8.033028 -7.302982 6.248694 
0.278253 0.400212 -0.248725 0.667086 5.582753 9.908426 9.828758 
0.362834 -0.698780 0.492615 0.378279 -7.736259 18.171764 2.966106 
0.191416 2.925686 0.299002 -0.211422 27.531230 11.942433 -4.346200 
0.204516 0.820702 -0.507602 -0.853607 6.998680 1.578990 3.197459 
0.119244 0.023267 0.710147 0.547700 -7.226812 -15.446955 5.396101 
0.394798 -0.101105 -0.140680 -0.219477 4.580234 -6.119880 16.956381 
0.108074 -0.214667 0.629971 -0.686819 -5.574795 12.128857 -8.411616 
1.687457 1.396106 2.372394 0.122370 13.077705 14.666997 6.675855 
0.142585 -0.137943 -0.175114 -0.257274 5.394948 21.133222 2.932931 
0.999592 -0.430550 0.633082 -0.364570 -12.143613 7.517140 3.809870 
0.835224 1.350402 -0.008590 -0.092126 2.979132 15.718433 1.750529 
0.133760 -1.072736 -0.802888 0.107520 -7.912450 -0.530605 9.795439 
2.914902 0.923042 -0.494802 0.052179 10.477629 -8.242061 -0.365198 
0.289537 -0.700108 -0.605861 0.145401 -12.244719 -1.160042 -5.096812 
0.111589 0.112503 0.218951 0.291615 3.379449 -2.358414 -8.136563 
0.666435 0.120732 0.734430 0.332051 2.291950 7.572261 7.721534 
0.118124 -0.056792 -0.243004 0.497921 10.299133 11.008062 4.942237 
0.082017 -0.469014 0.553863 0.342105 -8.923012 14.366825 -9.467229 
0.384643 -0.134951 -0.318748 -0.165195 18.025145 6.478907 -4.707789 
0.170390 -0.687927 0.501822 0.731937 -15.880414 0.306458 -0.439708 
0.164634 -0.314070 -0.005286 0.444339 2.712940 -10.030864 15.740307 
0.710018 -0.796823 1.193291 0.626585 -0.326888 6.423335 5.254536 
0.490174 -0.189354 -0.082855 -0.329444 -31.387101 8.434256 -17.991418 
0.209872 -0.399829 0.190213 1.106465 -4.356281 16.826935 -0.151708 
0.191407 -1.581050 -0.906780 -1.210866 -3.461652 -0.575488 -12.614739 
0.086220 1.008525 -0.049022 0.358491 7.955271 -2.859045 12.121845 
0.253249 -0.101794 0.309345 0.205907 -23.489406 13.388815 3.453336 
0.443660 0.180779 0.485953 0.058372 -9.306400 4.142954 5.713125 
1.478874 0.441705 0.863707 0.461852 -10.087266 3.914301 1.356432 
0.997008 -0.320994 -0.093346 0.099822 -25.428588 -11.726296 -3.938073 
0.119733 -0.577993 0.608850 -1.132421 4.666710 -5.157665 -3.595412 
0.155712 -0.825815 -0.205300 0.581208 7.158171 10.359930 -4.497850 
0.248140 1.194787 0.112496 0.034023 11.620195 6.424410 3.538794 
0.211986 -0.720226 -0.950924 2.054829 -7.546113 -10.258253 7.537823 
3.164370 0.275099 0.452339 0.001567 -2.870298 5.389379 18.472355 
7.811175 -0.203872 0.382793 -0.103925 -2.542487 -16.393587 9.080793 
0.119711 -0.147739 0.028454 0.723820 14.284521 -0.961123 7.603118 
0.081905 -0.270153 1.717912 0.446206 -0.550909 3.737774 -0.773599 
0.128974 -0.441349 -0.195697 0.475364 -7.953098 -17.752464 -1.827654 
0.098410 -0.485493 0.051111 -0.274600 -4.205120 6.012743 -1.759757 
0.208666 -0.578558 0.041996 0.872841 9.568914 10.211178 16.491672 
0.338702 -0.106684 -0.909141 0.556672 9.640207 -6.763174 15.438586 
0.270406 -0.309862 -0.470043 -0.724685 16.434717 -1.079041 -4.129338 
0.261780 -0.025255 0.264785 -0.069628 11.037254 -4.473042 22.151229 
0.198271 0.140613 0.199189 0.012544 -4.351295 15.187707 -11.157482 
0.547947 0.195692 0.138037 0.415382 16.314452 13.553313 7.338572 
0.084496 -0.417365 1.045023 0.459087 -5.391946 -10.592914 11.410547 
0.547853 0.307035 -0.457509 0.152501 -1.160856 -7.127097 -3.371238 
0.124445 0.024285 0.206304 0.429630 -15.044361 17.252867 2.606804 
0.573077 -0.027967 0.372120 -0.355650 6.238563 2.556793 3.724785 
0.415176 0.210021 -0.540783 -0.283437 5.302074 -7.951791 7.100742 
0.878922 -0.070049 0.123141 -0.791002 -9.202883 -15.739907 -0.560704 
0.094683 -0.391002 0.859170 -1.361324 -0.891300 -4.985152 -3.511564 
3.025229 -0.795704 1.524046 -0.101160 6.732828 9.061969 -5.682763 
0.102725 -0.638920 -0.319353 -0.168500 -8.017877 -15.552015 13.905349 
1.385436 -1.808908 0.260575 0.432996 -9.336480 12.608904 6.158296 
0.188343 0.801205 -0.338596 0.279636 2.902953 0.424980 8.875066 
0.308804 0.238306 0.516600 0.017459 9.394482 -7.586242 -17.051212 
0.266901 1.073920 1.064168 0.351342 16.759424 0.430016 3.492515 
0.352073 0.178002 -0.245714 -0.995002 -11.120690 -2.541434 5.033675 
0.588656 0.685537 -0.746841 -1.262374 11.680882 -3.849916 -5.985879 
0.105091 -0.324659 0.212787 0.175395 3.281282 13.391025 -3.524318 
0.147682 0.876263 -0.126639 -0.540355 8.386264 -7.840432 10.963334 
0.179358 -0.304399 0.316991 -0.130953 -20.204874 15.232316 8.015288 
0.522896 0.351885 -0.569534 -0.003236 -6.142405 -7.640067 -3.702096 
0.141510 0.734798 -0.446281 -0.359063 5.340868 -2.670640 2.796421 
0.105633 -0.231296 0.094498 0.000626 3.644815 0.433292 19.469810 
1.115389 0.229781 -0.279824 0.054219 -5.036560 0.207028 19.525397 
0.100224 1.927025 -1.219561 -0.038722 9.180216 -10.210739 -9.195644 
3.043771 1.303024 -0.325713 -1.768671 9.196214 -2.623695 -5.987559 
1.677124 0.281490 -0.739866 0.407129 2.968712 6.300056 -10.215783 
0.154714 -1.699775 -0.610813 -0.339859 -1.697843 -4.115586 -4.408865 
0.509531 0.453733 0.284673 0.311649 -2.676791 5.384785 -4.050176 
0.118595 0.638103 -0.243309 0.608361 -9.182455 8.408224 -2.611827 
0.192470 0.909210 -0.236313 0.445321 4.203415 -4.456262 4.801484 
0.156661 0.028835 -0.592252 1.362016 2.012984 10.219465 9.249871 
0.269171 -0.007199 0.183026 -0.308014 -16.934547 -1.267562 -8.787621 
0.275015 -0.605635 0.476176 0.238098 -18.592272 6.169245 -8.584291 
0.133107 -0.327730 0.353581 0.536047 -6.106828 2.485535 20.740542 
0.116244 0.406435 -0.795849 0.292554 -5.031175 -4.952718 -0.593350 
0.262815 -0.427687 -0.766304 0.549519 -7.751041 -10.011087 -7.463524 
0.152197 -0.495323 0.294143 -0.969923 -19.774540 3.935010 -4.436032 
0.591538 0.544970 -1.039904 -1.113538 -2.498672 -6.516972 -18.513393 
0.273814 -0.280880 -0.211076 0.079592 14.042098 15.087835 5.944663 
1.296377 -0.250819 0.970859 0.498412 -9.330972 14.076660 2.682481 
0.625099 0.025276 -0.292625 0.597607 1.771018 10.134597 18.640188 
0.953431 -1.341337 -0.581182 1.146125 -6.685641 -3.303964 14.675327 
1.362864 -0.164011 0.355800 -0.113488 11.203190 -0.043885 -14.429302 
0.388981 -0.624036 0.246752 0.588438 -18.625103 0.104170 7.833578 
0.178332 1.666876 -0.401006 -0.107224 20.412464 5.288844 6.877056 
0.372184 -0.612917 -0.499567 0.499642 4.314947 -4.443473 -10.314998 
1.884918 -1.247594 0.137671 -0.006498 -10.914897 -0.463596 8.587655 
0.093160 -0.967370 -0.561588 -0.617220 3.611075 -2.652382 2.933481 
0.093696 0.349790 -0.615495 0.330062 2.577674 7.016676 4.033874 
0.080850 1.643813 -1.209278 1.177401 4.922712 -15.417422 10.608994 
0.277717 -0.105622 -2.010216 1.111119 0.977557 -6.219237 14.305133 
0.330199 -0.636919 0.734786 0.396490 -9.053262 7.738256 -9.209290 
1.020862 0.491760 0.326620 0.129370 6.793810 -12.050239 -1.818690 
0.554068 -0.636842 0.251970 0.412817 -8.761876 2.443370 -2.667663 
0.410517 0.487257 -0.159723 0.647201 -15.849024 0.054570 6.871074 
2.241100 -1.168843 0.260514 0.380745 -12.276222 9.240101 -6.755937 
0.769947 -0.402821 -0.357768 -0.183975 7.897232 5.542267 -17.366759 
0.085466 -0.204973 -0.435242 -0.160382 -21.085733 -14.860389 -1.350626 
0.645582 -0.322684 0.345734 -0.283352 -1.352838 -4.098253 -15.091233 
0.291207 1.425728 0.068648 -0.522561 16.199643 -1.787865 -5.638182 
0.780826 0.909421 1.443975 0.303429 -6.094251 15.650433 4.943489 
0.178041 -0.194124 0.335425 0.652342 2.769125 2.561737 4.426664 
0.111657 0.492240 0.300277 0.526835 -11.704267 8.420093 7.226904 
0.141933 -0.212267 -0.305553 -0.070022 12.149125 -15.260163 -19.658416 
0.503658 -0.287179 -0.361194 0.626666 -14.143342 -10.662552 16.301047 
0.266518 0.419115 -0.744767 -0.908491 -11.680831 -5.973894 -5.978644 
0.136578 0.992540 0.274315 0.432629 10.443520 6.524380 0.798451 
0.126498 -0.753413 -0.420774 -0.395691 -4.761450 -9.676997 -3.509672 
0.081261 1.592585 0.628055 0.190203 12.954446 -8.644945 -3.655723 
0.167252 -0.168031 0.039217 0.124348 -2.689273 -0.207091 -4.655915 
0.607244 -0.570991 2.057128 0.540795 0.229744 7.815120 -0.662859 
0.266741 -0.714537 0.329910 0.483119 1.344029 1.278961 24.181062 
0.157175 -0.398636 -0.614097 1.395281 -20.280597 -4.289952 9.401506 
0.366807 0.245205 -0.428624 -0.444243 6.988172 6.516814 -7.127500 
1.030213 -0.111680 0.130710 0.362371 -7.600578 2.147174 -15.647951 
0.140945 1.765653 0.983385 0.262646 8.907856 0.074076 9.655042 
0.288794 -0.480896 0.113446 -0.602120 -9.217050 9.978462 -7.237647 
0.182724 -0.758169 0.707468 -0.162611 -3.865375 -13.735479 -7.778259 
0.115248 -1.283835 1.067030 0.263846 -5.540519 2.009145 6.985664 
1.012019 -0.143077 0.017521 0.108472 7.584991 17.134919 -11.180716 
0.292049 -0.986021 -0.284795 0.272735 4.021935 -12.384276 7.247705 
3.273691 0.062552 0.097601 0.607924 3.710141 0.246178 -3.972251 
0.507219 -0.819670 0.775648 0.911242 -13.429855 -8.617864 15.252759 
0.325723 -0.980592 0.422980 0.249730 5.041199 5.246965 -13.661636 
0.153073 0.914055 1.167809 -2.273047 11.400860 0.673449 -27.347117 
0.229855 0.481026 0.372253 0.282011 4.526135 -0.027249 -8.117109 
0.196589 0.083982 0.073960 -0.436071 5.273689 9.409576 5.905995 
0.095001 -0.137362 0.258625 -0.898150 -8.800963 4.157530 -8.443519 
0.458870 -0.918365 -0.568491 -0.135523 7.342912 8.133265 1.361572 
0.085890 -0.518794 1.897046 0.738544 3.292382 9.586614 16.996620 
0.170408 -0.484765 0.444091 0.057408 -15.783769 14.584750 16.389150 
0.130084 0.061230 -0.125001 0.021790 -0.826027 17.100420 -4.346866 
1.384359 -0.178716 0.168733 0.496091 8.778986 13.557095 7.258561 
0.642711 -0.353262 0.407013 -0.159071 0.727411 12.269485 13.092239 
0.176254 -0.406097 -0.030879 0.349936 16.058490 14.445367 14.722470 
0.156623 -1.008471 -0.579360 0.357326 -14.509883 5.696275 5.852237 
0.874755 -0.519726 -0.231968 0.082368 -9.128885 -0.991816 10.361972 
0.628183 -0.093648 -0.208545 0.635206 4.271916 -14.307080 0.374210 
0.127719 0.840965 -0.305055 0.720917 -2.334014 -4.812850 20.201283 
0.209256 -0.474130 -0.105593 0.475111 -13.865163 8.461442 -8.948163 
0.393003 0.664743 0.321506 -0.114149 -3.694633 0.276534 -3.389110 
0.395444 -1.265651 -1.417347 -0.333073 -2.282043 -5.523985 5.132090 
0.150757 0.391453 -0.746925 0.999248 15.139109 -4.406608 8.946612 
0.613619 1.026025 -0.101063 -1.305180 11.746662 -7.114967 -12.950188 
0.371705 0.642273 0.352167 0.514383 -3.990916 17.968073 3.982630 
0.128172 -0.044946 0.789027 0.511327 -5.582558 11.735453 17.347479 
1.227367 -1.235699 1.337871 0.588375 -5.087423 17.756392 8.295055 
1.287495 -0.296068 0.064689 0.042316 -3.228480 9.858540 5.215469 
0.285623 -1.015393 -0.468031 -0.481325 -4.857156 -11.748429 -11.538825 
0.186793 -0.386604 0.458743 0.027433 2.326286 10.017016 11.101429 
0.151928 0.220525 -0.130470 -0.180298 -23.398145 -7.490201 -1.624256 
0.107729 0.262986 -0.754861 -0.239554 0.499003 13.217732 -5.976133 
0.789450 -0.089673 0.455555 0.331519 -6.512055 -19.240067 -10.131800 
0.417882 1.114672 0.204711 -0.383430 5.293378 -2.427003 13.411410 
0.415458 -0.155172 -2.553495 -0.530962 -5.639187 -16.992269 3.163827 
0.510419 0.015707 0.521350 0.442509 -17.995228 16.465770 1.920592 
0.130425 -0.032548 -0.561256 0.560400 -13.372868 -1.619848 -5.090620 
0.312402 -0.021953 0.335437 -0.245749 9.669161 -19.419591 -5.280591 
0.489643 0.073749 0.364034 -2.243630 -3.647921 6.044243 -12.679087 
0.449688 0.782491 0.369520 1.010407 10.026734 15.067596 -2.578002 
4.640213 -1.341823 -2.891042 -3.449673 -7.738735 -23.675441 -33.519433 
0.102329 0.064716 -0.098004 0.803959 11.858954 15.102774 1.589313 
0.088752 -1.187257 0.280426 0.411924 -12.331412 20.926179 -8.192359 
0.124181 0.546452 -1.069323 0.508486 5.649767 -5.495920 -3.986507 
0.142677 -0.191325 -0.246871 -0.414056 -22.200817 6.516597 -2.155611 
0.646196 -0.705716 0.823453 -0.702682 4.534707 -4.117460 -13.982440 
0.112694 -0.548748 -0.457386 0.188821 -0.111266 -13.855020 -12.397304 
0.176104 -0.115170 -0.407574 0.742041 -13.678613 -3.193585 -10.801707 
0.106965 -0.425031 0.178012 0.825671 -0.141817 15.221512 22.204004 
0.330430 -0.800610 0.738540 0.106322 1.483987 -6.954547 0.016778 
1.059937 0.700033 -0.214374 -0.505272 2.512233 -0.745811 -6.954376 
0.446854 -0.026313 0.601626 -0.643297 -2.960147 -7.412436 -3.378864 
0.249843 -0.421542 0.824868 0.615373 -12.443076 10.612603 -0.251549 
0.126972 -0.331325 -0.034030 -0.399499 1.235084 7.615898 11.553295 
0.148713 0.313631 0.086688 0.677620 12.006652 2.890257 -0.199836 
0.153845 0.921069 0.743608 -0.225887 0.674213 1.901135 -2.647564 
1.523067 -0.216028 -0.381081 0.232806 -0.855784 -13.373515 1.774317 
1.665441 0.299453 -0.493005 -0.575432 -1.225702 13.634838 -10.478077 
0.167356 0.321959 0.749721 0.528458 -8.028045 13.337820 9.861295 
1.433413 2.230079 -1.341824 -0.088050 10.589477 -15.458186 1.604948 
0.264805 -0.821329 -1.286626 0.179390 -11.497856 -1.266973 4.458276 
0.110793 -0.133846 0.590796 -0.457539 4.227768 10.237865 -9.545801 
0.180061 -0.304213 0.304353 0.158178 3.950110 -14.694585 7.761087 
0.195410 -0.157597 0.212419 -1.652607 -0.085655 1.438594 -0.696230 
0.091610 1.406704 0.594140 0.473370 2.029925 1.137833 14.525376 
0.100160 -0.569582 0.136642 0.239033 -6.124291 24.567730 17.617882 
0.329612 -0.538431 0.086322 0.466102 4.955479 6.751575 -13.161460 
0.174903 -0.437360 -1.457813 -0.183027 -11.109635 -1.490814 -7.344260 
0.088879 -0.465120 0.343513 0.176853 3.972847 7.488042 4.206727 
1.382242 -0.059762 -0.519160 -1.100452 12.071485 -9.563541 2.820029 
0.137418 -0.535568 -0.037082 0.027725 -24.939310 -9.767568 -7.086382 
0.550522 -0.698422 -0.949794 0.259316 8.546546 -10.603352 10.320992 
0.977405 -0.726563 0.808358 -0.456294 -11.421768 -4.466290 3.197695 
1.078071 -0.091554 1.004140 -0.000137 3.460153 2.297361 -8.597909 
0.158053 0.554893 -1.545683 -0.031555 13.472612 -15.985030 1.588711 
0.173348 0.315066 -0.049288 -0.158263 3.492468 1.495183 3.589403 
0.082934 0.739306 -0.052575 0.532117 5.107794 8.324768 -14.941409 
0.136636 -0.952739 -0.273814 0.986899 -10.698248 -2.685149 8.236748 
0.143734 0.067006 0.260821 -0.337071 -23.331823 -7.334425 -1.099157 
0.441192 -0.240355 0.438491 -0.208908 16.514687 4.245610 6.719626 
0.419927 0.146935 -0.564610 -0.080928 11.624077 -1.794545 -15.632470 
0.233936 -0.722702 0.236164 0.588520 -20.954327 -5.026971 -12.197583 
0.472655 -0.433701 -0.507897 -0.450234 7.034562 -1.819659 0.189126 
0.114863 -0.132644 0.270807 -0.862001 10.217650 -1.481635 -8.647815 
0.090134 0.014037 0.606697 0.079246 -12.992753 0.470474 -0.285211 
0.541043 1.513674 -0.218818 0.116055 14.077802 -2.521473 12.207847 
0.282572 -1.028811 -0.140789 0.597752 -8.941823 4.968398 11.101977 
0.115642 1.086801 -0.965529 0.053713 1.730780 -5.323919 -0.118592 
0.081355 -1.393582 0.351968 -1.078555 -18.721645 8.390024 -0.681195 
0.367829 -0.469173 -0.425774 0.443282 -1.917697 17.581160 1.362716 
0.139629 -0.155990 -0.875117 0.031714 7.620000 -3.897730 4.416915 
1.352784 0.143661 -0.157408 -0.099550 17.885301 -2.822748 -1.235847 
0.125255 0.245260 -0.291130 -0.478093 9.799379 -12.774211 3.398949 
0.401327 -0.152715 -0.648778 1.990061 -1.277163 -2.114593 11.974359 
0.285734 -1.054104 -1.365158 -0.284244 4.004697 -12.749013 4.046109 
0.395651 1.108000 -0.504051 -0.141218 9.513869 0.914978 3.776544 
0.293098 -0.189427 -0.208170 0.647261 -17.317449 10.300518 -2.771439 
0.087827 -0.002624 0.629667 0.555508 15.944494 -7.622872 5.295467 
0.145431 -0.803744 0.034793 -0.427225 6.168242 12.906375 -15.629700 
0.180115 -1.310144 0.870110 -0.078248 -10.835511 2.511245 9.218741 
0.096200 0.011786 -0.306583 0.082130 6.446371 11.018956 3.244374 
0.666776 -1.213538 -0.654746 1.173086 -13.873615 -4.500176 8.306064 
0.204329 -0.244849 -0.119637 0.478615 -11.081059 -9.981394 4.595610 
0.115895 -0.030357 0.511979 -0.116579 -5.721649 15.678466 -16.130168 
0.093908 0.057891 -0.343426 0.229855 7.304823 13.988705 17.637943 
1.218377 -0.660904 0.388471 0.522602 9.777812 16.647745 -19.896283 
1.577937 -0.531237 -0.021514 0.044582 -17.609475 -5.657669 -10.504604 
0.624013 -0.249488 -0.249058 -0.234560 -8.749350 8.418652 -16.329973 
0.094581 0.642177 0.260143 0.362064 2.388178 -17.474777 -2.369319 
0.082735 -0.003221 0.499811 -0.125437 -0.502048 9.556796 22.228224 
0.117562 0.150754 -0.715790 -0.603235 -10.224445 9.521297 -11.280825 
0.104059 0.106807 -0.324706 -0.404892 -2.395650 14.108928 -11.106388 
1.175398 -0.403752 -0.330522 1.349063 -14.208561 -10.665036 7.237965 
0.164169 1.180919 1.961510 -0.719625 7.798764 5.328416 -10.828240 
0.291452 -0.436886 -0.197847 -0.354293 7.278966 -10.564187 -3.157637 
0.206673 -0.670895 -0.967270 0.087903 -6.330101 -11.681445 -2.182282 
1.289324 0.948557 1.650676 0.804111 14.527851 18.808273 -4.784881 
0.086315 -0.549728 0.246953 -0.170700 -1.601581 6.533124 14.829708 
0.235153 -0.127749 -0.584258 0.226557 -1.027732 -11.342846 -9.017923 
0.115719 1.125363 -1.062472 -1.821100 14.285958 -12.482274 -11.711663 
0.363410 0.223018 0.058268 0.308830 2.742463 14.058526 9.596774 
1.751386 1.260225 -0.081904 -0.027727 1.890877 -6.699861 9.785706 
0.207984 -0.264972 -0.135927 -1.001479 3.246482 2.978923 -30.590445 
0.102911 0.686060 -1.205274 0.053759 8.096371 -0.938168 11.733908 
0.178659 -0.017878 0.685752 0.427729 8.174203 -15.103375 1.880546 
1.266026 0.208418 0.156640 -0.541629 7.396415 -15.442681 6.192333 
0.304509 -0.060865 -0.402801 -0.023552 -15.919706 -5.627348 -15.348158 
0.111776 -0.517324 0.397421 0.132948 -4.985680 3.839495 -3.523858 
0.518423 -1.381848 -0.413836 1.606449 -8.812517 -13.645929 17.968092 
0.412206 -0.549574 -0.030641 0.642311 -21.261585 14.978482 -0.839243 
0.151101 0.399876 0.452734 -0.070775 7.833926 9.302856 22.505637 
0.220913 0.095908 0.526283 0.176321 -0.023750 -16.437216 5.014359 
1.412488 0.030910 -0.337987 -0.454403 -2.291719 -1.716662 -1.633870 
13.278585 -0.689338 0.329088 0.513301 -6.237966 -13.181215 -0.320378 
1.463321 -0.755827 0.712133 0.313561 2.669208 18.370402 10.251996 
0.120159 0.673479 0.130673 0.658186 4.172472 16.797351 -3.370390 
0.365350 0.147510 -0.129920 0.478833 4.444773 -16.296978 2.809206 
0.105973 -0.290411 -0.032940 0.426226 8.828199 13.012534 21.390045 
0.295892 -0.175271 0.072327 0.522216 14.771164 16.018375 11.301444 
0.206326 -0.105559 0.357512 0.193640 13.463495 3.331990 4.784117 
0.093712 -1.203038 0.605783 -0.081364 7.048368 3.048578 2.272573 
0.095148 0.102245 0.462431 0.414589 -10.469426 14.681201 -7.394454 
0.206538 -0.800632 -1.245064 0.428839 -18.372860 -4.264806 4.093047 
0.086877 -0.120600 0.030113 -0.047648 -15.798893 -10.752375 -19.601394 
0.089099 -0.256133 -0.785058 0.848556 -5.097212 -8.859056 -6.155047 
0.510706 -0.906955 0.621742 0.505881 2.175676 6.689218 15.206722 
0.209703 1.934008 -0.976928 -0.720079 13.520000 -1.333636 -2.807177 
0.558090 -0.397018 0.161336 0.356806 -3.637840 -29.101426 1.654542 
0.094925 0.124628 -0.020089 -0.490185 1.464663 11.298602 -7.898061 
0.169485 0.075220 -0.313858 -0.659284 1.022412 -9.826668 9.773685 
1.190304 -1.352948 -1.311844 0.451003 -3.689823 -10.878894 3.024123 
0.229716 -0.558380 -0.854469 -0.116001 -7.453884 -6.628825 -1.149248 
0.590880 -0.905788 0.200312 -0.001583 -7.445636 12.444756 -6.814070 
0.480535 -0.225113 0.262735 0.136634 -22.182647 4.143194 6.709358 
0.234429 -0.769754 -0.111074 -0.137855 -15.211038 -2.841277 11.360672 
0.582021 -1.245375 0.703891 -0.837761 -6.907867 7.063959 -14.235384 
0.189197 0.387930 -0.509109 -0.434065 -6.156091 6.144603 7.945593 
0.259575 0.013694 0.292696 -0.962542 16.098355 -0.718101 -0.104895 
0.447006 -0.544515 0.608888 -0.018446 3.063302 7.009826 0.101599 
0.147887 0.186248 0.073064 0.304178 15.698074 -12.302520 -2.578552 
0.231699 0.140006 -0.322693 0.061024 6.581082 -23.873823 16.550181 
0.453708 0.279238 -0.401727 0.390492 -1.823708 5.520716 6.966306 
0.920339 -0.548447 1.185503 -1.144104 6.675293 6.836150 -5.607657 
0.955703 -0.251865 0.543724 0.605943 -2.378610 2.442763 16.760507 
0.084577 0.099239 -0.072736 -0.301665 -11.755945 -14.689050 9.632725 
0.160624 -0.087469 0.779238 0.647763 4.270222 7.311792 8.143770 
1.172148 1.182068 0.309541 -1.148211 7.316840 -3.557183 -19.379612 
0.760534 0.153347 2.321129 0.525521 7.771976 13.886865 15.214723 
0.114553 0.085672 -0.757049 0.449563 17.050998 0.914269 5.950072 
0.117572 1.167674 -1.542046 -0.158070 8.064946 -20.400376 -4.339821 
0.762149 2.034707 3.165308 -1.973183 22.484303 31.344768 -8.692013 
0.232792 0.223161 -0.093938 -0.236780 -10.120679 21.362772 4.810477 
0.215009 -0.280057 -0.179975 0.068390 -8.300198 -14.919990 6.534297 
2.204810 -0.146415 0.754152 0.053497 3.268032 6.346354 -1.725579 
0.129032 -0.670881 -1.298858 3.546583 3.149989 -17.395528 35.077166 
0.374042 0.492792 0.219342 -0.175704 -15.564676 -7.785659 6.267140 
0.205433 -0.583690 0.696301 1.222099 -13.174907 14.535665 -4.409909 
0.160079 -0.384747 0.032621 0.316385 -16.811169 24.625144 -9.333014 
0.136090 -1.090323 0.262302 0.310506 1.592873 -10.854216 15.753236 
0.119841 0.281625 0.836552 0.767060 -5.024431 5.413173 14.970256 
0.201503 -0.944555 -0.583684 1.784012 -0.318823 -9.632864 6.366802 
0.611073 -0.403154 -0.376717 -0.092649 -17.770328 -1.472799 -14.568566 
0.115016 1.048999 -0.726455 -1.777904 6.890783 -12.961019 -7.792795 
0.399244 0.986193 -0.987888 0.381435 8.768567 -5.051944 7.697459 
0.131342 -0.577653 0.033882 -1.067540 1.778564 10.803224 2.375761 
0.174201 0.023881 -0.450236 1.401511 -1.224972 12.747115 14.811426 
0.089275 0.646214 0.044210 -0.048514 9.423294 -2.827712 3.988355 
0.438872 0.408501 -0.019921 0.207731 6.558269 12.940812 -11.898507 
0.085636 0.452639 -0.398068 -0.321445 -4.123305 -7.437918 -9.306871 
0.582912 -0.359854 0.311166 -0.191225 -10.572326 10.121704 -4.524928 
0.240412 -1.636883 -0.109586 0.958092 -5.790853 -0.160017 18.186904 
0.226021 0.240291 0.262471 0.994192 -15.460877 1.491094 9.610754 
0.107205 -0.411135 -0.003287 0.104831 -6.473868 -8.692272 16.542927 
1.102835 0.255815 0.193437 0.991353 5.200677 5.565450 10.346038 
0.266126 -0.880421 0.851882 -0.593186 -12.715212 -0.023796 -10.258630 
0.409423 -0.372009 1.446594 -0.726510 -10.291410 1.798372 -1.157435 
0.089384 0.532104 -0.299593 -0.489784 8.459567 -14.971610 2.105342 
0.113871 0.200258 -0.272869 -0.167806 7.970755 11.764768 8.469744 
0.746267 -0.078073 1.691443 -0.372223 -3.916468 0.260568 -6.471741 
0.219386 -0.114249 -1.332897 -0.573084 12.566039 -11.100749 -2.125960 
0.439077 -0.462880 0.131691 -0.777862 -16.442633 0.094130 -2.161688 
1.444015 0.196148 -0.125561 -0.099968 -17.769182 9.140208 -1.037489 
0.102731 0.602799 -0.604825 0.503768 2.981564 12.506258 -3.927468 
0.202560 -0.804234 -2.374766 -1.041977 -1.797726 -32.360434 -24.031993 
0.091773 -0.254627 0.101019 -0.036604 -7.310946 -12.670891 6.522052 
0.159646 -0.807541 0.370889 -0.715895 0.421170 -9.398460 4.818097 
0.210510 -0.647524 0.041132 0.219936 -10.764786 -19.511553 2.379179 
0.129464 -0.137387 0.432833 -0.055875 -10.805149 -10.307603 9.011112 
0.235395 -0.545929 0.000695 0.280768 1.800770 16.755578 -14.193273 
0.392760 -0.148800 -0.255478 -0.368283 -17.014549 -10.754470 8.564257 
0.340464 0.125184 0.732076 -0.813585 3.937636 9.265798 9.723042 
0.558675 0.771447 0.213268 -0.107589 6.866967 12.912141 -9.662498 
0.269181 0.213990 0.129691 0.473606 -3.231620 2.798105 -1.109238 
0.080832 0.281763 0.725528 1.058434 -0.675379 -0.524175 13.938581 
0.161454 -0.621418 -0.200061 -0.298937 -15.696627 6.166478 -3.784614 
3.272843 -0.391119 0.435113 0.031755 -11.559745 8.065961 6.313105 
0.126733 0.193566 -0.759110 -0.251970 -16.794274 -8.889956 1.623148 
0.147442 -0.615386 -2.425698 -0.519965 -2.725702 -22.376778 0.642642 
0.234874 -0.495865 0.623751 0.156435 -6.019057 -2.909347 19.100292 
0.088322 -0.036667 0.488049 -1.265954 -11.768153 5.381887 -7.200816 
0.124823 -0.226225 0.031447 -0.189845 -12.869129 5.186217 20.884762 
0.134972 0.823095 0.780548 0.327559 -0.293584 0.808360 -5.589717 
0.114632 -0.313988 0.571894 0.284444 -11.590542 18.271849 -7.245262 
0.145861 0.038227 -0.120233 0.023791 13.281279 12.861411 -14.185859 
0.263366 -0.138643 0.310356 0.399554 0.275586 8.928690 23.154854 
0.973808 -0.438522 0.542027 -0.034251 -12.144593 9.060689 -3.210662 
1.966409 -0.243729 0.329549 -0.024516 -3.055926 6.209495 4.058741 
0.137245 0.261075 -0.065461 -0.323607 7.572045 -0.971172 17.077673 
0.175886 -0.313986 -0.222572 0.382925 4.094381 -2.241336 14.156975 
0.427154 -0.317605 -0.550019 0.560813 7.759722 -10.153393 -6.421028 
0.305641 -0.379704 -0.463735 -0.395742 6.006203 -14.935957 5.118615 
0.126873 0.026263 -0.011804 0.241335 -6.147758 12.323474 1.562573 
0.202129 1.396361 -0.408881 1.426750 3.593743 1.280597 16.927157 
0.103947 0.272702 1.019204 0.121111 -15.524520 5.528591 6.658454 
0.160192 0.916292 -0.640875 0.584569 11.956552 9.075942 3.507821 
0.087931 -0.573012 -0.049737 0.518084 2.894224 8.580755 20.094622 
0.201166 -0.742298 -0.503722 0.686434 -2.808672 -10.122429 6.621514 
0.129271 -0.737008 -0.088863 0.077293 -12.039691 16.992801 -13.196189 
0.244547 -0.227411 -0.010241 0.730470 8.272853 -1.030380 8.888706 
