0.202999 -0.167917 0.089435 0.231832 3.892545 21.920882 -14.412844 
0.583882 -0.545006 0.870645 -0.242589 11.645170 19.900750 8.390161 
0.585149 -0.099381 0.103858 0.781661 11.117565 -3.426473 -12.800297 
0.085689 -0.074243 -0.678492 0.402042 -15.551875 1.296017 20.990135 
0.090936 -0.130750 0.007197 -0.067049 3.114069 13.730177 -21.820623 
0.457888 -0.599545 0.890944 0.842601 -13.719786 -4.748798 3.671415 
0.179449 -0.570786 -1.211095 -0.578496 -4.783788 -7.590093 -6.272462 
0.103175 0.865198 -0.727696 -0.715654 3.667127 -15.737140 1.161080 
0.199182 2.136979 -0.428497 0.413542 16.686395 -9.665740 3.874385 
0.109107 0.649444 -1.631444 0.458407 1.163982 -9.044918 7.890266 
0.232498 0.397863 -0.442338 0.467406 -6.266963 -2.973079 -11.013308 
0.683878 -0.002992 0.830623 -0.992443 -12.257272 -2.149999 -13.180246 
1.809017 -0.088119 0.180156 0.026608 6.045974 -0.143210 -7.486930 
0.133767 0.892733 0.946049 -0.615281 21.080848 7.624072 3.038108 
0.207935 -1.003597 0.436276 -1.199913 -7.501966 15.549472 -5.234951 
5.586845 -0.357042 -0.205055 0.174425 15.839107 5.435703 -10.488698 
0.099031 -0.242439 -0.596731 0.283395 4.591963 7.528205 19.243569 
0.095457 -0.084021 -0.027036 0.233160 -13.084514 -11.405686 13.939921 
0.166412 0.338432 0.816357 -0.496278 2.870020 -3.689626 -17.990799 
0.401973 -0.521464 -0.710636 -0.470611 4.768192 -22.351957 6.543688 
0.149690 0.417823 0.377055 0.273236 -5.883190 9.471661 18.854330 
0.135040 -0.568753 0.005572 -0.086455 11.301849 14.587059 -1.140254 
0.230700 0.903981 0.120357 -0.965836 1.574668 11.078627 -5.259506 
0.296048 0.258037 -0.880771 -0.117232 -4.865962 3.938002 12.455117 
0.089040 -0.047588 -0.382942 0.514152 8.602812 -10.231053 1.901546 
0.218861 0.727864 -0.817473 -0.512533 14.121224 -4.130429 -3.112844 
0.780326 0.763062 -0.169092 -0.717629 5.559717 -13.105145 -10.035945 
0.110177 0.970540 1.172304 -0.321904 6.026201 11.073361 9.999348 
0.308745 0.879829 -0.453111 -0.570358 15.199920 -22.812658 -9.705826 
0.930095 0.047677 0.086346 -0.186952 9.363642 1.406739 -9.358504 
0.154448 -0.021459 0.297487 -0.194709 15.858957 18.019269 -2.878192 
0.449860 0.011986 1.304230 0.072943 -6.173970 2.323640 10.829773 
0.194281 -0.797317 -0.339349 0.479628 10.183201 -4.626129 -1.660400 
0.121470 0.090428 0.519029 0.723093 -14.128551 0.730992 21.443205 
0.388680 0.084446 -0.021553 -0.815750 2.356560 14.752285 0.101157 
0.552874 0.497897 -1.369237 0.027147 -4.362595 -15.950403 12.488647 
0.107074 -0.135374 0.595729 0.390394 7.613167 -8.197914 17.779253 
0.218546 1.110609 1.378908 0.297395 3.241216 10.989892 -0.758229 
0.118025 -0.197599 0.272839 -0.426022 -15.658130 -16.919277 0.028591 
0.176826 0.003480 -0.376136 0.741571 -11.358493 -0.295033 9.939999 
0.123628 0.197384 -0.594904 -1.032852 -4.373534 3.948108 -1.240951 
0.103987 0.403551 -0.691898 1.622973 17.053709 3.665313 21.158450 
1.612405 -0.072280 -0.016255 0.588397 -7.790820 -5.474351 -1.129630 
3.952128 -0.395787 1.647834 -0.013028 -0.193823 7.379023 8.521629 
0.090817 -0.057939 0.012751 0.018136 18.154180 -6.017457 -4.543226 
0.094271 -0.331977 0.664278 -0.249687 1.238903 -8.176048 -11.096636 
0.105198 0.059532 -0.367855 -1.235788 -14.499874 -2.862392 -10.009419 
0.122132 -0.331495 -0.017568 0.147490 -9.958206 -4.929535 -2.597832 
0.167817 0.188666 -0.779949 -0.491486 -11.250699 -9.503879 9.722899 
0.138488 -0.577209 -1.662869 -0.590575 -0.643078 -17.917698 5.027499 
0.701272 0.530623 0.230609 -1.132795 28.431614 3.584493 -7.139197 
0.367183 -0.030815 0.423647 1.176442 1.930807 -8.965273 13.368834 
0.116639 0.498504 -0.498629 -0.151218 -0.594577 -4.968333 -4.398451 
0.156405 -0.486125 0.293399 -0.561567 -10.005768 6.169116 -15.807492 
0.118162 0.310718 -0.188679 0.168351 -7.531102 16.371772 13.523665 
0.151293 0.124208 -0.162395 -0.124288 -2.468202 -3.966295 -27.178406 
1.456612 -0.404670 0.099686 0.108827 -5.631914 3.106627 25.108944 
0.095248 -0.295640 0.457298 0.288905 -0.370868 -3.370606 -12.209082 
0.298886 0.041704 0.032676 -0.115744 -11.515778 6.208659 25.738569 
0.512636 -0.140087 0.675819 -0.243362 -1.360348 -1.160683 18.815215 
0.121466 0.675889 -1.307150 -1.812898 13.409942 -13.592702 -13.812467 
0.863813 -0.702285 -0.338531 -0.179049 2.990249 -3.490834 -11.225015 
0.283593 -0.631163 -0.307945 -0.651809 -5.817032 -0.220724 9.655013 
0.114183 -0.093898 0.787230 -0.244229 -13.842399 21.466383 -0.363133 
0.387857 0.024573 -0.113328 0.673958 -7.759006 -14.567080 -6.394323 
0.102340 -0.284034 -0.087681 1.072354 -8.983133 -16.510450 18.358304 
1.423034 0.491547 1.346827 0.069361 13.942693 2.062634 -3.367556 
0.118440 0.106679 -0.061100 1.080198 7.766541 -8.742666 -1.563980 
0.087317 -0.264644 0.024250 0.135017 -11.968060 4.740017 27.604952 
0.115648 0.024615 -0.442250 0.578721 -1.040358 0.878697 20.213073 
0.335498 -0.036462 -0.798885 0.744726 9.690845 -16.934606 -7.469184 
0.109210 0.009602 0.502552 -0.796236 -9.178866 -4.854508 -5.726253 
5.398343 0.197649 0.345714 0.352317 -15.148716 0.912180 4.276749 
0.438696 -0.691169 -0.045669 0.329445 -10.546764 -12.579873 -12.015490 
0.102783 0.321432 0.043239 -0.038514 2.147301 -18.995017 17.023869 
0.317653 0.866104 0.919067 -1.255677 -1.258517 21.347183 -11.912991 
0.117399 -0.172692 0.285426 0.020258 -14.065585 17.425461 7.616278 
0.135796 1.653813 0.120323 0.272705 17.217156 -12.692545 5.360020 
0.139152 0.011045 0.599848 0.053884 2.799764 8.261905 -6.051730 
0.081844 0.413972 -0.340586 0.596897 -4.824560 4.177346 -9.985049 
0.210768 0.195078 0.062464 -0.965808 -9.780959 -5.381453 3.649774 
0.087151 -0.331722 0.090930 1.430042 9.798706 -4.482708 25.058642 
0.247564 0.070588 -0.595546 0.393642 -10.859181 -24.382214 -8.594741 
0.118055 0.548125 -0.878455 -0.951713 -8.765129 2.069623 -10.479392 
0.133708 -0.583904 -0.718975 -0.269012 3.771828 4.932319 -5.724963 
0.137951 -0.413148 -0.222799 0.272195 5.165248 2.613817 7.162217 
0.295736 2.691417 1.515831 -0.071231 48.490602 21.464366 -0.265119 
0.093592 -0.326278 0.298242 0.160022 5.763263 7.018864 -12.055312 
0.180968 0.208840 0.815407 -0.531216 -3.487179 -1.815146 9.293135 
1.058781 0.301662 -0.295470 -0.457701 4.736182 13.615787 4.662641 
0.086350 0.075518 0.001286 0.467008 3.217634 0.050378 9.527529 
0.263354 0.336531 -0.678104 -0.103279 -11.370879 8.132011 2.679736 
0.556778 0.125966 0.113064 -0.719831 4.227142 -12.692600 9.759365 
0.139284 0.383403 0.039114 -0.552448 -9.858775 8.273833 9.252966 
0.478468 0.419050 0.312370 -0.526207 -8.415554 -1.668123 -4.686362 
0.165293 0.032393 -0.215505 0.120177 -3.055658 19.565630 -5.437502 
0.493788 -0.132613 0.062521 -0.404346 12.146641 -3.037933 -19.287004 
0.252788 0.675613 0.115422 -0.574321 3.152978 5.997276 13.184280 
1.145613 0.521349 -0.471100 0.539898 -5.886162 -18.682297 8.527163 
0.388183 -0.294113 0.343546 0.941032 1.861230 14.627516 16.800397 
0.094407 0.074792 -0.529562 -0.145291 -10.673322 13.927970 5.737609 
0.126740 -0.109991 1.079955 -0.036527 -3.013909 7.651390 2.436150 
0.323270 -0.035788 -0.102917 0.137842 -7.129531 -13.502167 -18.739913 
0.198042 -0.255868 1.584008 -0.174836 -16.581099 17.438373 1.353078 
1.167561 -0.412580 -0.442282 0.488165 19.795403 0.195845 -4.552889 
2.697368 -0.322562 0.181660 -0.248916 14.736618 1.664613 12.971419 
0.376011 -0.281550 -0.400044 -0.104444 -24.931266 -0.531364 -7.363967 
0.588263 0.190610 -0.226720 0.557358 -6.507916 -0.209562 -19.006128 
0.138650 0.362858 0.152262 -0.696404 6.217022 15.993159 8.550375 
0.373816 -0.041999 -0.561941 1.032059 0.888682 8.820643 -1.094140 
0.401930 -0.161935 0.756421 -0.934677 -3.306319 3.047497 -7.963322 
0.263064 0.204345 0.360401 -0.140907 15.321234 2.616863 3.288646 
0.459762 -0.847860 -0.534741 0.071519 -9.430687 8.502673 17.110220 
0.328088 0.222488 0.635460 0.390457 -8.555092 3.743080 -1.937299 
0.860282 -0.407181 0.727353 -0.004623 -14.634050 -1.358238 2.822139 
0.273055 0.348815 -0.102760 0.076451 -3.844196 -21.250797 11.521690 
0.396253 -0.814067 -0.766674 -0.017995 -11.115973 5.848897 -4.003491 
0.246288 0.074283 0.101950 -0.288403 -2.562810 15.740338 -8.290526 
0.730294 -0.056650 0.183233 0.224856 -19.867520 1.900827 8.374284 
0.278430 0.194294 0.707277 0.004788 -7.962437 7.971856 8.277893 
0.151503 0.246569 -0.738178 -0.637030 -2.889451 -4.222850 -20.756177 
0.100432 0.491302 -0.290609 -0.378620 12.015555 13.606825 1.287250 
0.082624 -0.212375 -0.820326 0.533100 -16.191397 8.464635 -0.949461 
0.114711 0.992266 0.059588 -1.238042 6.626592 -13.162697 -7.482557 
0.192666 0.480446 -0.236031 -0.587863 -14.673668 1.185521 -17.815586 
0.287114 0.451174 -0.736902 0.894466 10.948654 -14.893989 -6.504533 
0.585359 0.586128 0.668843 0.342847 -1.014468 -4.438444 16.596099 
1.376095 -0.157289 -0.288912 0.066073 13.194921 -11.103504 1.837218 
0.431641 0.724928 -0.975314 -0.310794 4.684610 5.126190 -9.278202 
0.136683 -0.368400 0.645981 -0.000679 -11.920269 -0.251160 -1.319274 
0.323241 0.666778 -0.156298 0.440098 0.596581 -7.752221 -11.413967 
0.391024 -0.474618 -0.137835 0.428034 -16.882575 8.237462 -9.550367 
0.112116 -0.136850 0.469280 0.446453 5.194628 17.775599 -11.583061 
0.116547 -0.153889 0.747543 -0.479211 6.951247 4.168940 6.092105 
0.952396 0.610541 -0.030368 0.018488 -9.780280 -13.580436 -5.730917 
0.374161 -0.673871 0.172873 -0.216259 1.744968 -19.527963 -7.450288 
0.178419 0.460109 -0.053928 0.072424 -9.977104 0.529104 9.803500 
0.192961 0.366354 0.890119 -0.766735 -5.318994 -2.216872 -17.060004 
0.763069 -0.245973 0.425411 0.194626 1.382759 5.005693 24.069165 
0.181019 0.504852 0.446876 0.167193 -15.917789 1.970073 12.973191 
0.393969 0.888658 0.946792 -0.329391 15.512671 26.243852 9.045219 
0.408300 0.436496 -0.017104 0.188053 7.900328 0.711153 -2.093937 
0.506972 0.586928 0.232522 -0.212660 -1.501310 -14.861277 -16.801735 
0.168852 0.520608 -0.832403 -0.257332 2.892813 -1.489413 14.961700 
0.196085 -0.518442 0.375816 -0.004357 8.953465 -7.301661 -3.324664 
0.836938 1.069375 -0.740630 0.082625 3.645691 -0.766077 -9.193715 
0.701221 0.322748 0.343397 -0.046438 -2.082663 -17.257031 4.944134 
0.263429 0.020102 0.462450 -0.066347 5.131453 7.478978 0.694248 
0.151360 0.854916 -0.366133 1.303510 -6.093719 -9.983755 14.202716 
0.449375 -0.179196 0.709379 0.164732 8.158328 -2.304190 -2.651280 
0.108928 0.803651 0.626292 0.706683 12.179830 -11.790134 10.483592 
0.090465 -0.783717 -0.233812 0.660818 10.933125 0.623236 1.204077 
0.531060 0.383982 0.604866 1.613176 -8.133861 13.431587 13.579825 
0.272013 0.038852 0.700530 0.748619 -18.652392 2.941923 9.926545 
0.127889 0.650928 0.022306 0.175453 -0.994324 -4.782890 -7.385314 
1.070260 -0.183504 -0.398588 -0.167775 -1.997361 -7.608028 -3.611086 
0.111702 -0.223271 -0.127661 -0.690376 -15.545001 9.784271 9.210599 
0.275275 0.496836 -0.544895 0.208187 17.832703 -3.354981 7.658972 
0.433814 0.424845 0.084307 -0.218831 -17.343558 -12.134473 -2.659801 
0.121123 0.041330 -0.591902 -0.310183 -9.657467 2.967396 -21.937626 
0.604561 -0.714017 0.758165 -0.373082 -6.647540 9.141738 14.102261 
0.672200 0.747043 -0.063664 0.406498 2.793739 8.118098 21.146611 
0.485099 0.433044 1.575249 0.199993 2.878557 12.640388 10.277438 
0.088968 -1.627866 0.006984 -0.080555 -9.615459 9.677068 -1.106211 
0.372330 0.103482 0.568204 0.119977 -13.967877 -6.526631 -12.257074 
0.427499 -0.372672 -0.221858 1.349346 11.798527 -11.970031 12.476348 
0.148166 0.662563 -0.508579 -0.507690 -1.434991 -15.798392 -4.567495 
0.205405 -0.184162 -0.776914 -0.781114 0.938357 -13.940722 -3.937984 
0.273438 0.054090 -0.607245 0.190025 18.820851 7.811051 -2.296306 
0.257004 0.548200 -0.328037 -1.026958 6.738057 14.776341 -17.827114 
0.083821 -0.234101 0.512498 0.545588 -7.404401 1.961806 21.151929 
0.673429 -0.400087 -0.253968 1.275185 1.675210 -3.479162 8.197261 
0.093338 -0.051898 -1.212576 0.937787 4.181937 -1.230445 4.954454 
0.097693 0.001063 -0.083282 -0.078235 -1.021333 4.068576 24.947766 
0.081727 -0.223320 -0.336034 -0.018338 5.363578 -0.036489 16.344011 
0.417045 0.293669 -0.064493 -0.173972 12.679918 2.767528 -7.336214 
0.387177 -0.779747 0.117844 0.304627 0.871058 -6.395464 -6.866267 
0.350927 -0.410374 -0.638641 0.554144 -10.100663 5.688103 -0.348642 
0.081891 0.330629 -0.014995 -0.900566 -12.713476 -2.737806 -7.860558 
0.111530 -0.440837 0.388369 0.628361 -11.355124 3.587092 27.156540 
0.729211 -0.339522 -0.167295 -0.085766 5.450682 3.613064 -10.187281 
0.081209 0.745337 0.233861 0.232632 -8.116572 -5.322679 4.554069 
1.066327 0.077428 0.072130 -0.576269 10.399128 9.856821 8.869087 
0.844840 -0.296665 0.063372 0.312468 -15.641922 -4.778127 0.994041 
0.286414 0.352245 -0.366700 0.783275 -1.070378 1.725477 -6.363710 
0.108220 0.092586 0.624621 0.362356 13.143554 -5.136560 -3.374106 
0.106446 0.259081 -0.438462 0.159472 23.194852 -2.196879 -5.186646 
1.618982 0.122724 1.607897 0.197722 -11.794730 19.966253 -7.706390 
0.126190 -0.504376 0.110194 -0.093172 -13.357542 -7.930756 -15.105441 
0.666898 0.279095 -0.082807 0.394423 2.778060 -1.472541 4.437603 
0.355266 0.388187 0.062393 -0.539242 -6.201595 -0.047509 10.498918 
0.365762 -1.049127 -2.674884 0.136140 -19.889101 -33.645838 -4.782287 
0.430606 0.584570 0.624262 0.115807 -1.303379 9.901843 0.622230 
0.100431 -0.379738 -0.830176 0.790875 16.795088 -4.593736 6.418090 
0.189647 0.088622 -0.190236 0.334978 -21.133431 -0.113014 4.708341 
0.132254 -0.428954 0.319460 0.146163 -15.091162 -12.068381 16.294350 
0.500139 -0.223768 -0.512582 -0.943016 -16.793910 -2.983132 -14.890136 
0.175237 0.362568 0.573043 -0.266101 -8.623734 17.155606 -13.906702 
0.123696 0.139534 0.704506 -0.116598 -2.220943 2.361287 9.558266 
0.195281 -0.305794 -0.733352 -0.201103 -5.835674 -3.752173 -20.855198 
0.599939 -0.478282 -0.483860 0.644109 -31.313066 -2.490781 -3.141398 
0.192741 0.157749 -0.145818 -0.066210 -5.227321 -16.653169 11.509419 
0.200778 0.894238 0.778448 0.162546 8.425137 -8.558554 -0.105499 
0.177472 0.077767 -1.088007 0.015298 -3.628454 -6.663328 -18.046549 
0.127855 0.180916 -0.731744 0.573576 5.027654 -17.384764 -3.512187 
0.220526 0.015404 -0.037890 0.130257 0.299712 -16.046759 19.343828 
0.627642 -0.077927 -0.099096 0.325864 14.346679 -10.942891 10.725371 
0.637465 0.250513 -0.373556 -0.103290 -15.922363 8.745798 3.862110 
0.169117 -0.212425 -0.891019 -1.056978 4.681596 -3.444919 -0.109360 
0.114784 -0.582022 0.093979 0.507568 -10.652592 -14.221448 0.429905 
0.135557 -0.151425 -0.007008 0.266442 8.027907 19.721551 5.574651 
0.579415 -0.883526 -0.206575 -0.386292 -7.038705 -0.693347 15.945276 
0.624848 0.697973 0.700468 -0.420646 20.716465 16.329772 -4.777207 
0.385484 -0.741233 0.891408 0.092921 -14.827734 2.039503 14.898242 
3.082417 -0.323724 -0.204178 0.391800 -15.824488 2.899401 -0.543836 
0.310489 -0.216444 -0.418273 -0.062034 3.527448 -11.352314 24.573388 
0.457154 -0.173583 0.028380 0.461774 13.076885 7.090626 -4.215233 
0.279294 -0.382669 0.417165 0.878422 -5.031039 -1.584082 -4.932608 
0.089763 0.214288 -0.162075 0.206849 8.625957 -11.217543 -20.755499 
1.249225 -0.226540 0.423803 -0.143841 -19.414268 16.968963 5.637539 
0.163561 0.479377 -0.420531 0.242089 13.050077 -13.511330 -4.929872 
1.702665 -0.487305 0.386346 0.558923 -1.754210 9.346573 18.995204 
0.087567 -0.167231 0.918115 -0.161322 11.002084 18.282754 -2.757925 
0.192231 -0.078501 0.315514 0.104182 12.689947 9.352016 2.520215 
0.122081 0.751553 0.129877 0.052265 -3.401338 -9.735560 -15.179549 
0.088452 0.109420 -0.817789 0.189617 0.399949 1.450622 11.468867 
0.470758 -0.752334 -1.637645 0.028494 -5.263442 -12.038385 7.427932 
0.196106 0.049089 -0.129031 -0.141859 7.581333 7.719296 2.447237 
0.163499 0.599954 -1.338440 -1.178083 15.807929 -20.150334 -0.269271 
0.080867 0.459325 0.555584 -1.616645 23.037156 17.678516 -15.335395 
0.223604 0.257668 0.202379 0.088994 -19.993536 -1.707401 19.287153 
0.155926 -0.718759 0.542463 0.558576 -19.452421 -3.406888 10.952740 
0.238387 0.379619 0.589892 0.267026 -1.957897 7.498964 -18.430930 
0.106154 0.132633 0.093235 0.224115 8.792715 -4.525424 -17.740094 
0.169911 -0.594137 0.644774 -0.382490 8.387030 -6.453979 -9.862401 
0.113329 0.594678 0.470463 -0.437363 13.102974 9.634242 14.164956 
0.192419 1.073124 -0.624614 -0.046307 9.025920 -24.543286 -9.304558 
0.594225 -0.542722 -0.263124 -0.776199 5.106676 2.861438 2.864026 
0.085164 0.312625 0.146132 -0.317562 -16.406082 -3.186892 -14.557131 
0.117057 0.056928 -0.407759 -0.277209 -5.638832 17.740788 -1.588347 
0.205043 0.000470 -0.452106 0.320796 7.028910 16.448420 -5.808555 
0.234649 -0.532472 -0.393822 0.383866 16.577944 -13.988919 4.846974 
0.487672 -0.088703 0.225621 0.054265 7.923958 21.692373 23.144013 
0.223182 0.521929 0.204646 0.124702 -3.057504 -15.074007 -6.977111 
2.476904 -0.604372 -0.881790 0.192216 -2.993130 -1.041617 -16.688229 
0.441734 0.345386 -0.157272 0.089118 15.304429 9.223864 1.526290 
0.230397 0.656118 0.053071 0.345030 -1.073329 -7.077240 2.120040 
0.689100 1.253556 1.171811 -1.382848 23.065259 8.541018 -11.418868 
0.815528 -1.115880 0.662093 -0.044946 -22.832906 0.980818 10.760274 
0.161492 -0.430447 0.368071 0.309321 9.341630 14.728469 -8.252245 
0.542296 1.805560 -0.301817 -0.510710 13.328243 -8.434090 -1.263714 
0.146522 0.499478 0.584872 0.355512 -10.322777 -3.753139 12.350492 
0.256037 -1.072745 0.412274 -0.411117 -9.727632 -9.939049 -9.807011 
0.887681 -0.792247 -0.684691 1.093891 -2.275669 7.331414 8.938508 
0.101372 -0.033862 0.078137 0.513385 6.762938 14.577627 1.220550 
0.141931 0.645308 0.096577 0.265845 -0.347049 13.316520 1.465462 
0.178446 -0.993609 0.393936 0.325413 -9.188368 9.201600 7.452869 
0.083374 0.284914 -0.249097 -1.073184 3.894374 -2.624279 5.269346 
0.376685 -0.350972 -0.369161 1.269208 2.069354 1.539232 5.518029 
0.585808 0.254457 -0.995117 0.090774 -11.983404 -12.078778 9.526709 
0.102075 -0.211357 0.041265 0.389158 9.827026 23.561708 12.956141 
0.086694 0.464204 0.775079 -0.411139 22.063670 14.252497 2.470264 
0.654455 -0.292526 -0.042593 0.518992 3.149358 -5.863082 0.729207 
0.442796 0.377880 -0.102393 -0.323928 -17.529380 0.450848 -13.329363 
0.103990 -0.495225 0.772525 -0.216008 -4.680488 10.304876 -7.084877 
0.137893 0.474349 0.282894 0.299419 -16.157243 -14.409756 2.009214 
1.044939 0.467646 -0.208392 -0.228939 16.297119 1.590778 -8.595429 
1.025335 -0.415442 0.057893 0.136554 2.563521 -4.777175 -21.025096 
0.472835 -0.189151 -0.027294 1.010780 -25.312132 3.018925 11.632149 
0.672168 -1.000671 0.866941 -0.294683 -24.533871 6.424297 11.927566 
0.208490 -1.357067 -0.456356 -0.082497 -12.232282 -15.848065 -2.194586 
0.292610 -0.765753 1.079536 -0.128712 -6.869102 19.527179 12.626841 
0.111344 -0.121047 -0.277193 0.569830 -2.097458 -5.523026 22.761146 
0.466067 0.018185 -0.526640 0.610064 9.323191 9.434148 8.639041 
0.112109 0.029761 0.565863 0.049710 -13.551196 -7.984637 -5.089207 
1.021373 0.113312 0.182577 -0.097468 -19.890524 -3.094308 14.044267 
0.247245 -0.427581 -0.500625 0.621296 -27.282516 -6.707334 17.985049 
2.937998 -1.699230 -0.254184 -0.280652 -17.961998 -9.750067 9.112716 
0.112201 0.338283 -0.033554 0.243279 4.184930 -19.486040 -4.618746 
0.941373 -0.261119 0.240422 0.090449 -0.856330 17.147936 -0.168882 
0.186332 0.522358 -0.365976 -0.942040 10.902831 1.042898 -7.909576 
0.206312 -0.114413 -0.242423 -0.322734 -12.210077 10.429641 -9.528013 
0.087521 0.444101 0.920819 0.739597 -3.104515 -1.725599 -1.043959 
0.337060 0.369729 0.151363 0.109438 3.246261 -19.210126 -7.509886 
0.506829 -0.201373 -0.041676 0.592223 13.881048 2.674372 23.909253 
2.506229 0.734751 1.020479 -0.485213 -7.984578 12.280538 0.291508 
0.109658 0.412581 0.255079 0.406194 10.815286 0.027547 -15.555275 
0.093631 0.127767 -0.232989 0.038763 -22.206958 10.642651 10.051705 
0.994606 0.419044 -0.172862 0.458530 11.952219 0.963841 4.321584 
0.184780 1.262680 1.611952 0.168510 8.390055 13.234585 -2.087303 
0.113864 -0.058286 -0.440835 -0.064800 2.408305 12.287621 -12.849653 
0.500571 0.831164 -0.883518 -0.798147 24.900222 1.374895 -12.140015 
0.375402 -0.176711 0.122888 0.736931 8.032862 -5.731185 6.706087 
0.121279 0.369365 0.041049 0.770674 10.216137 -1.209854 -12.841333 
0.437171 0.348554 -0.023369 -0.170420 12.058881 0.572522 -17.341997 
0.420529 -0.080693 -0.434292 0.347508 10.602252 0.803890 -9.457249 
0.140832 0.229941 -0.327670 -0.028327 5.071424 0.604632 15.009128 
0.317286 0.150011 0.242186 0.128532 3.622109 18.418338 -8.457906 
0.092539 1.170480 0.032855 -0.859458 6.110843 -7.593660 1.603812 
4.198783 -0.186751 -0.243128 0.011295 -3.204633 -0.821969 -15.670294 
0.435794 0.533459 -0.111122 -0.107000 -11.290372 10.531845 10.487667 
0.299195 0.069554 0.105862 -0.685001 -7.969942 -15.580353 -1.684893 
0.366428 -0.396437 0.482999 -0.623620 -20.038035 1.126099 8.843697 
0.300202 0.124469 0.161345 0.137314 0.412150 16.751353 -11.970469 
0.585186 0.021451 -0.257874 -0.413989 8.209707 1.189501 16.618658 
0.524509 -0.069927 0.026692 -0.201149 -7.851443 -18.579908 -10.496111 
0.292083 0.070933 1.512373 -0.368312 5.351792 10.661049 10.934757 
0.107699 0.139905 1.225333 0.704486 -6.275992 11.521791 18.307986 
0.744916 -0.556596 0.766414 0.442532 -4.285449 27.620510 6.793941 
0.131940 -0.177070 1.243264 0.098206 -12.741149 18.239003 0.666809 
0.104491 -0.345595 -0.490475 0.644248 -20.350039 -3.871236 23.814721 
0.504475 -0.121462 0.148207 0.194598 -7.405124 -3.443994 -3.330099 
0.159200 -0.022528 -0.268818 0.349874 -12.189414 0.042162 -12.524126 
0.144224 0.745414 1.586106 -0.833934 0.356451 20.583536 1.725222 
0.221063 0.523596 0.455131 -0.254032 -12.825833 5.712503 -14.840544 
0.339783 -0.033219 0.149465 -0.657616 -8.183301 -14.114244 1.363475 
2.985742 0.591826 -0.783445 0.404131 19.131062 7.793692 -4.765775 
0.098040 -0.366278 -0.306120 0.327057 4.814212 1.906148 -19.472150 
0.364111 0.039477 -0.282392 0.425116 -19.035802 -7.873985 -12.275063 
0.144886 -0.078946 0.169058 0.470742 20.936174 9.635861 5.016829 
0.360597 -0.057975 -0.075670 0.177040 -10.490034 17.816511 -12.083828 
0.254317 -0.870994 0.616570 -1.066673 -9.562571 -5.681144 -5.743123 
0.555913 -0.319140 -0.647442 0.066818 11.691504 3.844637 -5.217196 
0.416651 -1.417447 0.236820 0.153227 -21.371079 -5.672072 -6.623148 
0.151008 -0.281113 1.243780 1.295606 0.893231 8.605138 7.858339 
0.577563 -0.155676 0.160970 0.043948 3.582389 14.362905 -23.015621 
0.141965 1.159763 0.489763 1.367175 8.847900 0.546168 25.440259 
0.120024 0.294091 -0.251949 0.068505 -11.884118 2.857522 18.622621 
0.182852 0.195230 -0.625508 0.228984 22.584128 -10.502382 -0.191228 
0.189724 0.240425 -0.145221 -0.037826 3.884099 4.240830 -27.268130 
0.150160 0.365163 -0.391656 0.569926 0.280162 -18.617844 22.648231 
1.373741 -2.084496 -0.656804 0.968624 -23.792706 1.166662 10.482010 
0.283453 0.346094 -0.271828 0.752571 9.265359 0.366247 7.342454 
0.170281 -0.700669 -0.504816 -0.064419 -6.277916 8.042528 16.422063 
1.505698 -0.838200 0.679250 -0.095266 0.371577 -0.202943 2.056311 
0.360047 -0.596735 0.437900 0.001261 -20.009225 0.527848 -11.617971 
0.588861 0.176320 -0.660544 -0.346665 -16.375940 0.007609 3.636080 
0.381565 -0.021782 -0.550425 -0.055816 -19.129343 -2.812243 9.323404 
0.166121 -0.116238 0.411026 0.056156 -0.839348 -15.081901 -8.881816 
1.652096 0.150469 -0.470525 0.038227 3.814029 7.896978 1.120271 
0.215498 1.322250 -1.487209 0.654073 19.557429 -9.032515 2.230024 
0.524663 -0.214326 0.399424 0.212952 -5.978043 1.327166 13.208919 
0.489037 0.087828 0.181746 -0.248507 -17.122707 18.221468 -5.707311 
0.247044 0.110827 -0.037957 0.513593 -9.309209 -1.558542 10.211020 
0.408569 -0.809453 -0.300704 0.386767 6.900412 10.305327 3.198340 
0.429966 -0.135276 0.155239 0.233695 -14.238142 -3.708888 2.577069 
0.205030 0.997783 -0.368281 0.271049 12.048486 -13.456713 -2.196450 
0.104504 0.751127 -0.090698 -0.467333 -1.660877 4.518989 -7.926366 
1.704172 0.541648 -0.869468 -1.004194 -0.386887 0.408014 -12.069782 
0.208973 0.471830 1.042836 -0.826607 5.457357 1.197654 -6.291538 
4.631110 -0.949409 1.178434 0.263423 -9.106695 5.748459 15.734387 
0.135103 -0.120878 0.088487 -0.097560 -10.588037 -21.142477 -6.300867 
0.169606 0.245361 0.209937 0.765717 10.311905 19.297591 0.311106 
0.567692 -0.512957 0.386696 -0.529924 -21.152989 -11.253278 -9.095826 
0.214292 0.278418 -0.261963 0.565361 -5.006111 2.846853 27.142327 
0.450345 -0.163207 -0.435209 -0.644720 -3.827783 12.291594 4.327590 
0.407103 -0.048638 0.260125 -0.364501 -10.038151 4.156545 7.330515 
0.846636 0.145523 0.236614 -0.078079 0.997867 7.580423 -5.363921 
0.123163 0.770559 -0.364994 -1.498171 4.668934 -10.701379 -13.670739 
0.120648 0.236633 0.685916 -0.168219 -4.129177 6.272295 -17.553406 
0.387333 0.317350 0.694940 -0.232824 -7.445977 13.518524 11.502099 
1.095352 0.346277 0.357252 0.371523 -4.379919 3.633206 21.720785 
0.212730 -0.132011 0.198365 -0.198769 11.368289 -9.647778 -17.025921 
1.575080 -0.360912 0.802029 -0.108652 -2.556738 13.900390 21.217292 
0.102042 0.151878 0.448362 -0.181239 13.884474 8.382839 13.643006 
0.606266 -0.578022 0.000932 0.301958 -5.744980 13.634048 -0.173210 
0.250734 0.643207 0.020540 0.011187 -7.646296 2.809944 -0.678649 
0.184902 -0.053633 -0.799216 -0.039832 -10.255290 11.675125 1.548300 
0.348863 -1.072184 0.260847 0.398690 -3.299592 19.493065 -5.021925 
0.127948 0.669827 -0.188190 0.410944 2.609290 -15.737664 11.480276 
0.127545 0.977784 -0.251865 1.146284 4.892098 10.424010 22.010916 
0.089378 0.396743 0.969088 0.578450 12.065432 0.485786 4.652978 
0.220514 -0.634510 0.408906 0.540921 14.783487 6.072969 6.897813 
0.195396 0.830420 -0.014990 0.424237 1.419849 -13.801176 -8.162026 
4.245083 -0.415546 -0.619932 0.457284 -16.593918 -7.790260 1.895601 
0.095817 -0.079108 0.302590 0.388427 -11.339381 1.824183 -13.312440 
0.569763 0.253877 0.163992 -0.055106 -19.028728 11.501343 6.035988 
1.098164 0.247681 -0.401243 0.347393 -5.353285 7.807361 0.830241 
0.538990 -0.407531 0.222903 -0.354747 9.541281 11.147718 7.809022 
1.288776 -0.355862 0.173763 0.267622 -28.184687 -0.827189 2.061615 
0.193816 -0.040873 -0.054836 0.615025 13.018972 13.198817 -4.838554 
0.378483 0.819399 0.765131 -0.192902 -8.832945 9.808261 4.186363 
0.130333 -0.895020 0.048250 0.130684 0.556410 19.937733 2.700073 
0.235233 -0.207796 0.663209 0.085090 6.774986 -3.397764 -18.208707 
0.474050 0.319121 0.057542 0.023100 0.971894 7.279627 -18.409471 
0.170650 0.043964 0.358934 -0.129901 9.443639 -15.104986 4.392732 
0.551803 -1.155569 -0.126264 -0.170488 -5.654204 -7.166573 6.022750 
0.131497 -0.329026 0.326377 0.354407 10.242674 12.692246 -0.637891 
0.367063 -0.299361 0.650281 -0.225007 -21.742112 -5.489796 -8.557309 
0.237052 0.017531 -0.112363 -0.199285 8.371401 -13.204463 -10.488417 
0.979329 -0.477257 -0.010436 0.660597 12.702714 -3.961430 5.901532 
0.113309 0.100537 -0.370608 0.084143 20.251698 13.838444 -1.384944 
0.202812 0.262504 0.313273 -1.181201 19.167102 5.564441 -2.327588 
0.145792 -0.144771 0.049013 0.004054 7.525625 25.434737 -4.547625 
0.206856 0.342612 -1.407933 -0.783559 -7.381848 -25.309228 -13.573400 
0.534870 -0.499815 -0.346898 0.563874 -10.691262 14.649638 -12.657840 
0.091732 -0.530308 0.621097 0.344962 -16.996568 -8.665065 15.928891 
0.094435 0.122073 -0.479415 0.879495 -5.116608 8.652022 10.448114 
0.106821 0.173830 -0.267895 0.131793 1.898988 -0.713210 -12.249644 
0.443043 0.039395 -0.045658 -0.609457 14.903512 7.292219 -8.415258 
0.087582 0.253156 -0.526684 -0.430093 -12.052589 -1.842358 -9.562150 
0.159466 -0.806086 0.397277 -0.011030 -6.081129 -8.758985 10.106126 
0.829727 0.261474 -0.282137 0.081813 -1.165120 4.591826 -22.657173 
0.093662 -0.586444 0.859172 0.502835 -2.560969 0.472661 17.891939 
1.055006 -0.473998 0.547102 -0.784208 -12.066891 3.473832 0.083001 
0.290595 0.530180 -0.583421 0.021991 4.013984 5.305551 20.381584 
0.226020 -0.026286 -1.198312 2.105390 11.459852 -14.206492 24.317322 
0.258652 -0.319598 0.144435 0.083105 -7.288720 13.041551 -0.181898 
0.504080 0.333637 -0.094443 -0.487770 8.725784 -7.859730 8.375941 
0.133644 0.042297 0.373547 -1.268362 -10.408070 -12.004994 -22.790542 
0.102367 0.230557 0.318112 0.413401 -7.743193 -8.179110 8.757368 
0.102733 -0.038383 0.301156 -0.182509 21.402573 10.729192 9.364261 
0.406103 0.033295 0.269765 0.732879 1.646704 -7.948237 -10.557354 
0.170184 -0.648696 -0.982060 -0.520535 -2.462285 3.248085 -14.116195 
0.080956 0.660614 0.685451 -0.081149 7.248434 24.581863 -11.111522 
0.171393 -0.317514 0.915003 0.661102 -7.466414 14.207865 -2.372007 
0.103884 -0.307704 -0.176121 0.300809 -18.333787 0.253595 -6.697904 
0.287723 -0.038799 -0.197180 0.450222 10.400421 1.071724 7.958827 
0.707610 -0.184302 -0.159073 0.816738 -4.287991 1.996650 19.677077 
0.161798 0.236770 0.413575 -0.244054 -4.265648 -10.605612 11.333328 
0.495528 -1.038009 1.751986 0.559358 -10.177501 12.205053 2.466466 
0.081729 0.864514 0.088905 -0.043289 6.026253 10.225069 17.640550 
0.498673 -0.260539 -0.344978 0.650295 13.659966 -4.735575 -4.166448 
0.189760 -0.665359 0.229860 -0.269404 -5.224527 4.850263 11.941387 
0.174582 1.154616 0.437911 0.091940 7.662738 2.223692 12.569186 
1.913197 0.188790 0.118110 0.132961 -5.027649 32.278240 0.210332 
0.156957 -0.178980 0.034591 0.298788 -14.251016 22.315740 -11.008570 
0.318637 0.369361 0.830466 0.300226 7.266512 0.809526 -7.554069 
0.384886 -0.559884 -0.733191 0.427835 -9.567376 9.609120 -4.516325 
0.094543 -1.172016 0.069166 -1.090460 -1.167713 11.206248 -16.216985 
0.093801 0.637884 -0.205679 0.747724 7.076073 -10.830230 -9.996382 
0.259589 -0.084941 0.148372 0.052337 8.847030 16.998591 20.361187 
0.331382 -0.196160 0.229295 0.123842 1.157416 -2.718382 7.403016 
0.597086 -0.925700 0.059064 -0.132191 -16.500979 20.356874 -8.393866 
0.244466 -0.030443 -0.203506 0.363635 -10.020290 0.440390 8.937214 
0.409757 0.377042 -0.579109 0.536771 -10.065241 2.669087 21.224575 
0.703460 -0.950111 0.666046 0.184246 4.570514 6.579861 13.428117 
0.129081 0.272216 -0.004148 -0.044256 10.809762 7.310745 11.851756 
0.592856 0.330996 -0.605079 0.340993 14.396909 14.216475 9.757686 
0.598064 0.235960 0.318908 0.032680 1.154870 6.004714 26.899127 
0.315326 0.083952 0.214987 0.244452 -19.707271 15.635996 18.273223 
0.830552 0.442345 -0.367424 0.106882 -7.429451 8.216770 -14.740281 
0.107798 -0.414844 0.370291 0.726250 -7.336909 14.210118 11.249898 
1.282747 -0.408845 -0.418695 0.173863 7.592248 -17.395058 -18.423317 
0.179704 0.267103 -0.383694 -0.432433 -6.808062 -7.114722 16.718502 
0.226650 0.467076 -0.027256 0.182469 4.527162 -17.636875 9.113402 
0.213577 -0.272331 -0.054471 0.257900 7.177283 25.089699 6.874110 
0.360054 0.255151 0.260622 0.399766 -9.747118 -11.209141 -6.188067 
0.590465 -0.205040 -0.360540 -0.027726 17.978642 5.262981 4.662061 
0.323997 -0.115339 0.796520 -1.257913 -3.751299 24.296139 -8.300214 
0.080856 -0.096516 -1.044055 0.943436 12.538369 -1.682950 7.141764 
0.143920 0.149967 1.468573 -0.150820 2.174513 6.749538 2.574350 
0.128165 0.897499 -0.171787 0.021965 9.430192 9.875521 7.749966 
0.371144 -0.363729 0.902606 0.184047 4.432547 6.332903 -10.714470 
0.145470 -1.067569 0.623728 -0.454654 1.861218 3.843737 -15.233847 
0.092657 -0.114867 -0.436226 0.012790 -3.062289 20.536154 -8.593006 
0.587126 0.484422 -0.045269 -1.366659 19.822017 -13.109165 -9.698068 
0.235289 0.292316 -0.102412 0.328051 -5.256743 10.581379 8.344399 
0.569180 0.636148 -0.656281 0.268919 -9.143608 -7.934318 -7.594464 
0.093590 -0.189375 -0.047231 0.769286 -11.258432 4.120441 10.317104 
0.249342 -0.241110 -0.531275 -0.782891 2.298190 -5.297466 4.733960 
0.543855 0.778199 0.097998 -0.335877 21.910752 -9.142667 1.428567 
0.236315 0.818240 0.757761 -1.334922 17.445324 27.155167 -10.898265 
0.136931 -0.438841 0.867844 -0.211999 6.313210 -7.629159 -9.565856 
0.109437 0.171230 -0.444259 0.691188 -14.273098 -13.530673 -5.636040 
0.915698 -0.248561 0.458998 0.585563 18.156838 3.229280 -5.772316 
0.125769 -0.195780 0.189804 0.065867 -9.756871 -17.879409 -13.344452 
0.182221 0.725855 0.038411 0.147734 -3.346312 -11.619773 1.859106 
0.624303 -0.569719 -0.800180 -0.386574 -11.602422 3.465549 -0.746711 
0.123119 -0.055369 0.004537 0.139423 -20.894229 -1.066619 8.120583 
0.093277 -0.280390 0.448388 -0.139053 16.808061 1.075785 8.962718 
0.126609 -0.921530 -0.764959 0.236592 0.966036 -3.316324 15.000053 
0.342755 0.258009 0.034342 0.111038 -4.037055 30.762241 4.862520 
0.887808 0.826191 -1.273714 0.109246 7.200668 -7.059693 2.894270 
0.718573 -0.946792 -0.191898 -0.440053 -0.016670 -6.662667 -10.370513 
0.789225 -0.110791 0.282170 0.390263 -0.412198 20.720559 -7.664036 
0.126531 0.583436 -0.129247 0.185235 5.973905 8.256535 12.380743 
0.685572 -0.174922 -0.317291 0.209358 8.781771 6.464922 2.675645 
0.342997 1.176550 -0.359495 -0.043632 -1.879012 -0.055880 -4.237254 
1.141486 0.713593 0.166589 0.817611 -0.964272 10.666671 -0.311400 
0.181571 -0.333309 0.200036 -0.291032 -10.953343 2.600052 16.573935 
0.271737 -0.211363 0.229978 -0.151494 -8.806633 -4.876501 17.793489 
2.465276 0.316507 0.338384 0.252217 -10.177537 1.279364 -2.221589 
0.132761 -0.801831 -0.257551 -0.445738 8.118687 4.552049 -7.582566 
0.088416 0.882122 -0.130495 -0.237065 -4.946390 -1.891694 8.334847 
0.089291 -0.126198 0.264429 -0.227529 2.087938 10.109248 -8.873316 
0.263350 0.360073 0.350494 0.552084 1.764068 -5.273853 -10.505475 
0.423754 0.176354 -0.673303 0.221593 12.808742 5.221485 19.894707 
0.178200 -1.709781 -0.687581 -0.030842 -12.289577 -0.641549 -0.490240 
0.269147 0.106883 -1.075885 0.145466 -15.077110 -1.851847 -5.466165 
1.218772 -0.937425 0.441260 -0.261816 -3.594926 -11.943662 7.013146 
0.195759 0.512796 -0.542312 0.955373 1.028187 -16.662697 6.957026 
0.310560 -0.292154 0.196623 0.303148 12.331095 5.782166 16.567401 
0.132928 -0.090223 0.167234 -0.012225 -1.510169 15.046597 -21.565556 
0.130606 -0.477283 0.833337 0.742440 2.272142 -0.641329 -3.543704 
0.180981 0.562657 1.048854 0.852464 6.308120 26.703599 21.661831 
8.040799 0.131492 0.084288 0.095282 4.364294 -14.486279 -1.728540 
0.080873 0.640148 0.274861 0.383841 -10.889388 10.754152 3.525399 
0.337684 -0.052384 0.721621 1.256715 6.747828 -2.497099 15.132238 
0.727006 -0.818204 0.834213 0.081385 -18.294471 4.904340 10.297002 
0.130102 -0.086987 0.674561 -0.101923 -4.766467 -6.317395 11.558708 
0.107057 -0.292894 -0.769101 -0.013704 -2.821278 -2.437790 22.130179 
1.352041 -0.220814 0.185608 0.453457 -8.148280 -0.808182 -19.810093 
0.108970 -0.237783 -0.153792 0.711774 -17.953549 2.952578 -9.245695 
0.148499 1.261780 0.751350 -0.864682 8.811594 -0.282933 -8.337804 
0.263983 0.089222 -0.317367 0.125507 8.359474 -14.575490 -2.873070 
0.240265 -0.380988 -0.011385 -0.071305 -7.820699 25.858121 0.539824 
0.217954 -0.046382 0.405156 0.359679 3.194788 -2.888718 -5.442572 
0.444167 -0.305561 0.701487 0.514206 1.719904 5.538402 -13.523969 
2.752555 0.167801 0.233459 -0.941402 -2.220026 11.590056 -15.229554 
0.266546 0.313262 0.186176 -0.647412 9.875277 -2.695874 -10.019397 
0.104305 -1.424668 0.345971 -0.000091 -2.320961 6.458932 8.086310 
0.144490 0.938590 0.513105 -0.016602 6.722975 13.355808 -16.335598 
0.094619 0.145713 -0.010309 0.719687 0.829345 -5.540227 6.849108 
0.144851 -0.489485 0.535259 0.749693 12.630308 3.834042 15.922088 
0.132290 0.091005 -0.425478 0.880827 -12.004827 8.797917 16.011868 
0.524424 -0.136694 -0.410424 -0.622483 4.238355 -4.940554 4.359454 
2.804970 0.928239 0.303312 -0.028976 21.741265 4.793941 5.712679 
0.151725 0.552763 0.018160 0.489330 -3.991141 7.166626 2.232790 
0.691052 -0.475866 0.541900 0.230181 -24.187019 -12.113918 0.257002 
0.123125 -1.299405 -1.099790 -0.638076 -17.564559 -4.624436 -7.998226 
0.095501 -0.194875 -0.253441 0.129888 12.620005 9.774229 11.146622 
0.082472 -0.213574 -0.143649 0.527153 0.826580 -3.162382 12.260290 
0.088000 -0.466792 -0.052466 0.201026 9.381288 1.677539 22.648158 
0.106567 0.105987 -0.108124 0.198170 -19.857048 6.298185 2.509247 
0.083960 -0.052805 -0.303671 0.375407 -11.552068 -12.845896 22.549251 
0.444394 -0.193366 -0.093165 -0.261904 -1.840507 14.552640 15.749562 
2.968598 -0.464434 0.308698 0.173910 -3.641467 -4.193726 -17.128408 
0.118415 -0.927183 0.197031 0.554181 -6.806516 -1.924589 -13.352666 
0.123056 -0.290500 -0.471133 0.137014 -4.381591 -1.790848 19.709795 
0.111967 -0.399721 -0.145301 -0.019710 -14.862300 15.373788 -8.138837 
0.095336 -0.168768 0.234335 0.113826 -0.826456 -10.308889 -7.936599 
0.085245 -0.178797 0.173244 0.735998 -13.963863 -4.863182 -4.541167 
0.219520 -0.566213 -0.399321 0.658634 -19.752354 -3.520218 -3.419452 
0.269315 -0.590619 -1.196420 0.992265 -5.738897 -5.076461 9.897729 
0.084729 -0.289675 0.208818 -0.134552 5.132570 -14.296896 16.232511 
0.193296 0.062430 -0.959817 0.193587 5.762201 5.568663 15.932311 
3.042533 -0.359273 0.020235 -0.724298 -1.209761 -17.800282 -3.409416 
1.417540 1.070079 1.300272 -0.486327 11.023714 8.525655 2.254720 
0.348250 -0.523994 0.314973 -0.292831 0.686399 -2.621237 6.297042 
0.189420 -0.482794 -0.143322 0.101063 14.396484 4.187850 18.791328 
0.222484 -0.067896 -0.350872 0.490969 7.054636 -3.608217 0.164879 
0.319069 -0.511093 0.028495 -0.784359 7.449038 7.262205 -4.608928 
0.092091 -0.634357 -0.174325 0.610677 3.483650 -6.379092 8.853296 
0.486369 0.537216 0.000850 -0.193824 13.765073 -15.018211 -2.304828 
0.293964 -0.135103 -0.122139 0.281591 12.555753 19.703154 -5.836597 
0.150389 0.086604 -0.399955 -0.068276 -14.184707 15.243297 -4.308877 
0.098254 0.287755 0.088836 -0.392836 -15.520796 0.494840 3.746611 
0.129777 -0.168574 -0.160884 0.278277 4.674182 -1.434259 13.632344 
0.089968 0.668711 0.447882 0.669022 4.729876 11.393846 -11.101246 
0.178187 -0.211444 -0.004510 -0.105003 16.434587 -1.079302 -14.976501 
0.446547 -0.426035 -0.265287 0.109148 -15.247675 12.610611 0.416665 
2.596189 -1.039733 -1.017662 -0.703784 -17.810376 -13.887704 0.561597 
0.941679 -0.199876 0.183995 -0.382968 0.879908 12.404686 -3.743930 
0.357477 -0.183288 0.753095 -0.205690 -13.240294 -7.056096 9.753113 
0.233141 -0.186978 0.101011 0.556415 -28.841535 26.725355 5.843223 
0.109886 -0.852095 0.283643 -0.242153 0.791467 -3.442826 -4.516286 
0.103385 -0.323449 0.495515 -0.245000 14.725444 11.050081 13.517580 
0.307529 -0.953592 -0.472203 -1.518057 -5.784834 -11.876614 -8.536184 
0.224214 -0.842114 0.645838 -1.095314 -0.085502 -5.641467 -21.860830 
0.688471 0.512254 -0.578216 0.150298 2.668738 3.934403 -8.516918 
0.121886 0.004412 -0.218058 -0.517142 10.209652 -17.561268 4.508037 
2.036878 1.546348 -0.949661 -0.016617 8.970947 -8.990675 -7.007535 
0.108772 -0.343727 0.286196 0.539598 0.933216 21.064709 8.123051 
0.087214 -0.975062 -1.031976 -1.041291 -3.062280 -14.230037 -3.021761 
1.095005 0.003576 0.452440 0.504636 3.885444 1.349405 -8.580061 
0.462444 -0.163045 0.138247 0.513124 7.475331 -6.181467 -21.082032 
1.195467 -0.071972 -0.705616 0.111764 0.151186 9.431455 3.586656 
0.124532 -0.724652 -0.393182 0.283099 11.069026 -0.072548 -1.002687 
0.239527 0.378829 0.153982 -0.362975 -9.529799 -10.256119 11.678003 
0.513647 0.048506 0.566426 0.637141 6.933108 -4.830049 9.835434 
2.322161 -0.323547 -0.484715 -0.914387 11.078397 3.656671 -9.131613 
1.749945 -0.290149 0.778044 -0.154984 3.411970 -5.938053 0.558601 
6.427225 -0.422072 -0.491522 0.493541 -5.610959 12.802943 -2.679121 
0.187473 0.066610 -0.035274 -0.586592 -9.045267 -8.218426 6.471634 
0.080411 -1.106244 0.772508 0.610418 -4.675995 11.603668 11.390889 
0.084886 -0.324827 0.142351 0.238423 -27.986733 0.001193 1.593716 
0.210734 -0.386697 0.670149 0.225986 3.902926 -3.633195 -12.418287 
1.039799 0.362181 -0.109798 -0.014135 11.327519 8.989640 21.219944 
0.589256 -0.198133 -0.229805 0.317511 13.899116 -5.789023 10.911425 
0.193774 -0.022876 1.027324 -0.309997 -15.357238 2.697954 10.002298 
0.204408 -0.571280 0.170748 -0.303396 12.116409 -4.032877 -8.586427 
0.203976 -0.395870 0.303077 0.729137 -23.998350 2.218369 -6.052641 
0.100379 -0.012329 -0.157706 -0.020577 -0.553958 -12.766935 2.435581 
0.224716 0.401692 -0.520906 0.818291 -2.663892 5.949841 18.159521 
0.736908 0.342089 0.477937 0.265499 1.507144 26.779933 -2.618607 
0.183623 0.674235 0.381746 -0.970165 8.204052 1.577484 -1.434527 
5.763363 -0.618819 -0.820927 -0.224370 -2.496745 -7.812420 0.063506 
0.155563 -0.314819 -0.286558 -0.168311 12.252621 11.475323 12.189371 
0.205052 -0.008335 0.786922 -0.070514 -19.663072 6.492353 13.571936 
0.256881 -0.252482 -0.387942 -0.637963 -6.730263 -15.217989 12.932861 
0.383592 0.069748 -0.257941 0.825043 2.297117 -17.345965 -10.186173 
0.115189 -0.494553 0.826037 -0.748728 -13.657335 15.413519 10.608473 
0.144188 0.262729 -0.248335 0.391334 -19.844925 3.262869 5.857181 
0.208231 -0.331918 0.398879 0.205955 -12.889067 4.653748 26.608650 
0.523071 -0.877492 0.120992 -0.499777 0.309594 -8.442933 8.233985 
0.460238 -0.400015 -0.070664 1.398484 12.400798 0.150230 9.348430 
0.500482 0.415022 0.324383 -0.692869 -4.658788 13.212777 0.571866 
0.190881 -0.009833 0.580457 1.033295 20.101109 1.685404 14.235847 
0.095002 0.287740 0.667904 0.119511 1.128177 -2.783828 -0.665461 
0.282526 0.738017 -0.007293 -0.234850 -3.266943 -3.049148 13.169798 
7.200905 -0.075446 0.056216 0.932411 -16.638277 6.662780 10.148234 
0.639887 -0.527470 0.554729 0.552685 -18.013533 -0.222841 -13.417599 
0.088337 0.081545 -0.138892 0.191757 2.498958 -11.550674 1.476304 
3.427020 0.466026 -0.355971 0.579062 9.175672 -0.676065 8.807140 
0.286232 -0.070220 -0.156799 -0.173861 -11.106836 -17.964064 11.122267 
0.111446 -0.090923 0.334277 0.736406 -10.989100 12.894504 11.229509 
0.194955 0.347265 0.076995 -0.054844 -9.931836 12.803989 8.563045 
0.190041 -0.482150 0.048846 0.348448 -17.460668 3.806789 -12.939914 
0.170109 -0.304046 0.544333 0.371032 -7.425573 0.415081 15.919316 
0.162386 0.064818 -0.212202 0.489715 -20.851792 11.717892 -2.708438 
1.166044 0.768128 -0.380743 0.996116 9.036328 12.461002 20.354137 
0.584740 1.356912 0.236380 0.382340 3.495478 -2.171247 2.250808 
0.396613 0.083289 -1.311526 -0.476249 -9.294841 -3.680221 -10.174979 
2.418064 -0.161715 0.208204 0.107565 -16.696411 9.138110 -9.875370 
1.010429 -0.636790 0.360601 0.199301 8.025311 -8.742406 -0.299636 
2.532142 -1.380652 0.244952 -0.003485 -2.616601 -6.869091 -0.713035 
0.107929 0.352952 0.999653 0.669880 4.263419 -3.925469 2.841003 
0.167175 -0.667186 -0.023495 -0.852975 -0.346239 -0.919192 -1.692058 
0.254952 1.116910 -0.888977 -0.276327 10.347280 1.814976 -10.328586 
0.429694 -0.043147 -0.141741 0.627256 18.842976 13.333862 10.937559 
0.496826 -0.397007 -0.230735 -0.463304 8.873581 -2.563525 13.058438 
0.121547 0.558440 -0.778841 0.375393 2.257565 -29.531762 -4.250068 
0.215928 -0.119367 0.073956 0.388489 -3.866683 29.172323 -2.338420 
0.270339 -0.088492 0.918073 0.570656 -8.191704 -7.505007 -3.981081 
0.080083 -0.637117 0.268293 0.529977 9.580232 -0.088161 13.482779 
0.272801 0.658038 -0.447830 0.015247 4.877862 2.921653 5.168060 
0.248941 -0.659794 -0.403013 0.713836 12.898161 -6.526638 2.186302 
0.198171 0.041393 -0.379784 0.207881 -2.583197 -13.546410 -9.431179 
0.125940 0.048520 -0.051850 0.227487 -4.766440 25.944239 3.059737 
0.397489 0.180877 -0.275398 0.469054 8.489197 1.564667 2.859837 
0.109822 0.761546 0.245868 0.235911 24.021557 0.498932 -8.957588 
1.950578 -0.460863 0.623802 -0.289366 -4.596129 -9.417521 8.317890 
0.085723 -0.157357 0.014592 -0.059376 -3.454911 13.635677 19.880176 
0.261677 0.118719 0.213928 -0.158911 12.802087 11.131002 10.536308 
0.410668 -0.520314 1.068875 0.455420 7.217446 1.242762 11.840801 
0.278253 0.079056 -0.450513 0.175387 12.310982 -0.702611 16.999781 
0.362834 -0.230857 -0.237970 0.274869 -16.362432 19.658552 6.173815 
0.191416 1.905852 -0.127170 -0.054374 30.307395 12.021705 -4.499826 
0.204516 0.518563 -0.517622 -0.897190 10.164636 -1.294656 -1.301934 
0.119244 0.196541 1.075493 0.257910 -2.792160 -5.194494 9.891184 
0.394798 -0.356319 0.148830 -0.568682 5.770170 -8.194096 2.580532 
0.108074 -0.020261 0.109908 -0.138303 -4.568879 16.205558 -24.460986 
1.687457 0.905300 1.809188 -0.114615 14.722577 17.341509 6.631393 
0.142585 -0.304260 -0.676306 -0.187650 3.309975 7.942554 -6.436074 
0.999592 0.058637 0.183002 -0.210500 -14.869409 17.384711 -15.585032 
0.835224 1.090057 -0.530371 -0.119975 11.228922 13.154964 -0.028309 
0.133760 -0.667813 -0.687598 -0.228988 -15.659668 -5.224566 8.502557 
2.914902 0.380623 -0.126355 0.081566 23.043902 -13.349170 -1.265321 
0.289537 -0.171345 -0.366500 0.310524 -16.241266 -14.059072 -3.878914 
0.111589 -0.134233 0.206243 0.363340 9.267555 1.642929 4.313427 
0.666435 -0.088995 0.245104 -0.010040 8.933328 21.996929 8.350743 
0.118124 -0.349748 -0.425694 0.177125 6.130625 -1.653010 10.800288 
0.082017 -0.066009 -0.100188 0.491675 -14.566521 17.196830 1.351894 
0.384643 -0.651541 -0.336199 0.082218 8.500209 -5.456391 -8.403000 
0.170390 -0.087060 0.373293 0.478068 -17.196646 6.622909 15.305390 
0.164634 -0.299600 0.393847 -0.165016 -6.761470 -9.460765 13.467007 
0.710018 -0.724111 0.850370 0.383229 -4.741020 13.244356 8.766306 
0.490174 0.137463 -0.232813 0.326845 -7.367617 -2.516469 -18.274727 
0.209872 -0.231918 -0.335355 0.935267 -6.183744 11.932619 10.197421 
0.191407 -1.412007 -0.860753 -0.721961 -6.406624 -2.130786 -15.004827 
0.086220 0.547929 0.037571 -0.094288 19.674271 -1.334362 12.091107 
0.253249 0.330471 -0.407296 0.018205 -2.743182 19.407954 5.720653 
0.443660 0.307592 0.170376 -0.129097 3.938300 13.026661 1.833648 
1.478874 0.681950 0.608514 0.358127 -2.558498 10.369434 4.412447 
0.997008 0.477687 0.386476 0.191636 -14.727900 -11.514704 -1.388820 
0.119733 -0.698870 0.749020 -0.902144 1.946676 -2.589491 -9.559977 
0.155712 -0.939061 -0.489709 0.625330 -0.849032 5.779490 1.604535 
0.248140 0.643950 -0.134655 -0.088237 21.450737 6.574219 2.632908 
0.211986 -0.438001 -0.558182 1.730140 -8.410323 -11.912421 11.120174 
3.164370 0.235081 0.071705 -0.558996 5.881200 14.452068 11.571394 
7.811175 -0.234287 0.800174 -0.251583 5.447342 -8.659773 -1.039978 
0.119711 -0.565383 0.065349 0.180176 5.191482 -1.990616 20.547471 
0.081905 -0.264151 1.499275 0.423976 -0.095673 8.990719 1.938832 
0.128974 -0.062688 0.492861 0.286798 -13.311209 -15.333025 11.880741 
0.098410 -0.091698 -0.068236 -0.003004 -17.546885 0.836675 -13.278134 
0.208666 -0.738344 -0.237382 0.129600 -2.912143 5.639077 23.040085 
0.338702 -0.419850 -0.474027 -0.036366 6.506857 -19.314618 16.321091 
0.270406 -0.679687 -0.431584 -0.403613 6.726724 -3.788248 -12.914974 
0.261780 -0.399006 0.419902 -0.581413 8.141697 -2.874665 6.942063 
0.198271 0.009896 -0.384605 0.323593 9.343601 13.656805 -6.831393 
0.547947 -0.418708 -0.263581 -0.033182 12.315262 5.197118 12.807645 
0.084496 -0.205643 1.236539 0.044266 -6.183200 -0.520142 11.924181 
0.547853 0.098606 0.027316 0.150889 11.939277 -21.462509 6.402138 
0.124445 0.360509 -0.421542 0.150920 -3.646564 14.231338 11.547985 
0.573077 -0.271132 0.252762 -0.185933 4.820280 6.060364 -12.874085 
0.415176 -0.054232 -0.060272 -0.354281 8.433758 -18.459419 -5.874764 
0.878922 0.225668 0.629004 -0.570009 -6.732007 -11.646526 -11.341226 
0.094683 -0.340195 0.980262 -1.150500 -2.022879 -1.766690 -8.446727 
3.025229 -0.975849 1.107046 0.129142 2.783090 14.564464 -7.617949 
0.102725 -0.160813 0.292462 -0.456164 -17.014539 -16.465727 -0.395570 
1.385436 -1.368982 -0.183731 0.192951 -15.824055 12.041215 7.327046 
0.188343 0.443011 -0.222527 -0.142635 19.355011 -9.472265 11.917423 
0.308804 -0.263283 0.518064 0.544512 16.694558 7.425680 -11.219568 
0.266901 0.396853 0.972111 0.204399 21.590884 5.855126 4.790264 
0.352073 0.516872 -0.133796 -1.049040 -8.083311 -3.810942 -1.995088 
0.588656 0.226226 -0.585126 -0.983970 13.860480 -5.797395 -10.324829 
0.105091 -0.367853 -0.223690 0.276933 -3.131420 10.235933 -2.539194 
0.147682 0.462416 0.154683 -0.819651 14.398388 -7.838518 4.214537 
0.179358 0.381397 -0.188093 -0.136431 -15.376733 12.623727 -5.670396 
0.522896 0.369740 -0.089096 0.130297 3.861429 -17.625043 -0.841009 
0.141510 0.415755 -0.249533 -0.352326 13.038957 -9.147421 -4.292707 
0.105633 -0.272725 0.201427 -0.411297 -3.273653 -4.045728 2.105663 
1.115389 0.147866 -0.127836 -0.431926 6.300468 -8.549574 7.150376 
0.100224 1.550378 -0.830102 0.265787 12.325115 -11.825949 -7.895197 
3.043771 0.938784 -0.225667 -1.505001 11.435878 -3.080147 -9.076368 
1.677124 0.121303 -0.799741 0.695623 5.705071 -2.849466 -5.519629 
0.154714 -1.565307 -0.430320 -0.156638 -5.967531 -6.263545 -5.773949 
0.509531 0.319827 0.025812 0.351745 10.682534 8.958465 3.031242 
0.118595 0.772443 -0.482418 0.653969 1.293750 4.728672 1.202393 
0.192470 0.578385 -0.062336 0.220874 16.190653 -5.189098 8.216470 
0.156661 -0.054259 -0.872248 0.931520 2.506438 5.053828 15.330771 
0.269171 0.392045 0.135710 0.193818 -2.714020 4.022940 -15.282679 
0.275015 0.195505 0.099640 0.400781 -23.570460 11.190430 2.391078 
0.133107 -0.001562 0.061076 -0.258602 -17.498129 7.191001 16.358508 
0.116244 0.482042 -0.457636 0.275119 1.341590 -14.191589 2.068061 
0.262815 -0.109819 -0.244315 0.680188 -9.512935 -19.485326 2.416584 
0.152197 0.238421 0.123429 -0.633776 -20.259951 6.329391 -15.946058 
0.591538 0.592150 -0.731596 -0.398739 0.348265 -11.330448 -22.089506 
0.273814 -0.638255 -0.535521 -0.083705 5.637224 4.349909 2.634904 
1.296377 0.050968 0.239361 0.281821 -7.588352 28.759134 9.812111 
0.625099 -0.082551 -0.399864 -0.201777 3.859493 -6.083531 21.822467 
0.953431 -1.008249 -0.423017 0.562137 -12.850717 -5.998873 18.399811 
1.362864 -0.633328 0.284923 0.229645 10.588141 8.052827 -5.742079 
0.388981 0.079912 0.268464 0.074675 -20.217625 3.225752 17.733162 
0.178332 0.842252 -0.549460 -0.327314 26.412184 2.524101 4.968424 
0.372184 -0.660373 -0.218658 0.724155 -2.812881 -10.466086 -1.168290 
1.884918 -0.681404 0.153561 -0.239638 -22.218408 -0.954290 3.539056 
0.093160 -0.997243 -0.407796 -0.634889 -2.012112 -5.872909 -2.017027 
0.093696 0.160694 -0.668923 0.149449 7.535228 -4.936001 5.601803 
0.080850 1.424962 -0.633950 0.772655 7.798582 -17.062454 12.334212 
0.277717 -0.140338 -1.734238 0.579236 0.953830 -9.661099 15.664242 
0.330199 -0.419849 0.257793 0.522434 -4.688966 15.014247 4.037785 
1.020862 0.030902 0.603975 0.164436 18.194859 -1.183561 -0.353420 
0.554068 -0.185095 0.175648 0.363788 -14.476123 6.049718 8.282621 
0.410517 0.868774 -0.126447 0.245240 -4.833490 -2.152453 14.215555 
2.241100 -0.514714 -0.082759 0.538963 -25.085379 9.994070 -0.867220 
0.769947 -0.503223 -0.356581 0.500416 -4.415432 -4.288187 -20.550104 
0.085466 0.443098 0.191363 0.153500 -10.253193 -17.841076 -12.955251 
0.645582 -0.095786 0.302056 0.453639 -9.399642 6.136449 -17.352001 
0.291207 0.746693 0.114077 -0.265236 22.653262 -0.081031 -9.027948 
0.780826 1.056728 0.822955 0.111001 -1.636603 19.477765 5.800511 
0.178041 -0.263660 0.149636 0.229055 -2.828846 8.861256 18.301896 
0.111657 0.717021 -0.068159 0.193474 0.401829 11.596967 11.185328 
0.141933 -0.473408 0.297665 0.559910 0.075739 -13.784620 -10.785080 
0.503658 0.214608 0.140736 -0.118324 -11.988142 -13.205191 20.038711 
0.266518 0.776884 -0.464887 -0.615998 -7.908045 -9.756152 -10.678270 
0.136578 0.451556 0.002093 0.341743 21.574696 8.831380 5.449107 
0.126498 -0.423841 0.022245 -0.159084 -14.648102 -15.042076 -11.005036 
0.081261 1.046908 0.881442 0.304203 18.082877 -5.559798 -2.487501 
0.167252 -0.093126 0.042833 0.125544 -1.043438 -2.500205 3.748199 
0.607244 -0.560265 1.699342 0.534007 -0.870477 12.468362 1.149948 
0.266741 -0.304557 0.275839 -0.082145 -18.435037 5.884504 13.829050 
0.157175 0.317018 -0.385607 0.945205 -19.155135 -8.696050 16.988165 
0.366807 -0.090695 -0.454192 -0.036593 11.242712 -7.066566 -15.449415 
1.030213 -0.055494 0.046683 0.751432 5.210282 1.195461 -2.916146 
0.140945 1.384620 0.947453 -0.084655 12.830549 2.110856 9.794900 
0.288794 -0.041618 -0.208039 -0.090779 -14.143271 5.553347 -22.547599 
0.182724 -0.507616 1.019814 0.186998 -9.672990 -3.467268 -10.527152 
0.115248 -0.979421 0.914059 0.035764 -12.268038 6.595627 5.688797 
1.012019 -0.347762 -0.409637 0.418480 5.165367 7.185074 -7.673041 
0.292049 -0.928649 0.231062 -0.003097 -7.728954 -15.243257 7.752668 
3.273691 -0.104923 0.060418 0.473601 4.409202 2.321146 11.864141 
0.507219 -0.274763 0.931218 0.259947 -16.582996 1.635729 20.709187 
0.325723 -0.946969 0.171361 0.690441 -6.218850 8.126050 -9.875377 
0.153073 0.493971 1.121440 -1.260894 12.368597 2.269213 -30.001801 
0.229855 0.096407 0.259356 0.443084 16.987400 5.672686 3.510030 
0.196589 -0.147986 -0.228858 -0.397114 6.543331 5.424499 -8.292566 
0.095001 0.186079 0.096334 -0.384432 -9.440599 4.265071 -19.469699 
0.458870 -1.049712 -0.760343 -0.144143 -0.075372 2.892899 -0.873047 
0.085890 -0.613657 1.477080 0.096434 1.614913 14.506997 18.882877 
0.170408 0.276573 -0.039327 -0.180247 -19.171387 12.087773 -2.663929 
0.130084 0.230874 -0.500240 0.194771 -3.173038 1.748552 -3.829545 
1.384359 -0.458284 -0.273731 0.067992 3.134143 7.960571 12.107178 
0.642711 -0.175883 -0.082289 -0.303948 -8.830326 13.216646 -4.270316 
0.176254 -0.808795 -0.304944 -0.145445 5.439612 4.077093 11.936639 
0.156623 -0.352073 -0.666468 0.170276 -21.691737 -2.841786 4.812371 
0.874755 -0.011808 -0.041638 -0.191668 -17.069468 -8.357197 2.122222 
0.628183 -0.191884 0.351315 0.391825 0.041099 -13.863706 14.566666 
0.127719 0.736537 -0.097584 -0.055651 9.564481 -6.830535 22.553262 
0.209256 0.094511 -0.236225 0.556765 -16.098186 -0.371463 3.943515 
0.393003 0.589827 0.220630 0.042003 8.370283 5.389636 -5.183475 
0.395444 -1.138830 -1.155055 -0.502879 -5.109869 -9.503867 4.467609 
0.150757 -0.179947 -0.476965 0.559227 16.796903 -12.373657 16.915461 
0.613619 0.549717 0.152783 -0.768418 15.779471 -7.051234 -18.118102 
0.371705 0.578224 -0.322214 0.287973 8.093408 18.295162 8.936427 
0.128172 0.066295 0.204289 -0.161241 -0.411899 22.049048 15.421047 
1.227367 -0.946710 0.653246 0.308489 -12.032143 21.037349 9.153685 
1.287495 -0.032519 -0.101578 -0.041272 -9.716676 -1.046292 -0.769450 
0.285623 -0.693284 0.012199 0.013475 -15.361150 -15.447912 -15.915537 
0.186793 0.093196 0.122343 -0.050531 -8.563544 2.293952 -7.695124 
0.151928 0.789701 0.150196 0.018076 -9.106110 -6.392113 -7.137203 
0.107729 0.187564 -1.050732 0.013010 3.438816 3.499723 -8.002743 
0.789450 0.039568 0.927196 0.541403 -1.246695 -7.351234 -2.259907 
0.417882 0.823851 0.269329 -0.797620 11.106816 -1.325045 9.380124 
0.415458 0.043559 -1.904523 -0.631564 -5.523330 -19.796003 2.373530 
0.510419 0.466453 -0.170046 0.216774 -5.844320 20.109479 10.641719 
0.130425 0.386653 -0.341922 0.586300 -9.770889 -9.918885 4.474858 
0.312402 -0.575044 0.677711 -0.254010 11.993675 -1.219744 1.645100 
0.489643 0.198858 0.143106 -1.733675 -3.347479 6.385645 -16.370836 
0.449688 0.331610 -0.190258 0.977514 15.489335 15.790318 5.430370 
4.640213 -1.062507 -2.039952 -2.247253 -8.043054 -24.362285 -34.316593 
0.102329 -0.380658 -0.509438 0.515993 14.835512 5.738869 16.631261 
0.088752 -0.420564 -0.266526 0.411725 -29.378250 12.484631 3.467256 
0.124181 0.280611 -0.745978 0.600575 9.606892 -13.468767 -0.607954 
0.142677 0.535885 -0.297023 -0.168981 -16.295456 -3.878724 -11.116583 
0.646196 -0.777030 0.859824 -0.093574 -1.266365 2.916864 -19.758677 
0.112694 -0.303619 0.196564 0.515709 -14.190271 -19.209608 -2.739748 
0.176104 0.332626 -0.184979 0.946641 -10.804495 -8.445804 -0.773383 
0.106965 -0.262707 -0.216998 -0.053299 -13.234464 4.521522 20.448447 
0.330430 -0.674384 0.848841 0.125129 -7.136385 1.104068 -0.643605 
1.059937 0.496196 -0.128717 -0.144979 9.349511 -3.920500 -13.013462 
0.446854 0.041167 0.721333 -0.355376 0.059937 1.039298 -12.680667 
0.249843 0.016125 0.277225 0.430128 -11.686671 19.794416 13.393446 
0.126972 -0.246378 -0.254341 -0.575231 -4.690773 4.148678 -0.659934 
0.148713 -0.253053 0.109935 0.452078 13.266415 -6.538979 13.986578 
0.153845 0.788348 0.606268 -0.100408 7.196980 6.142868 -4.338225 
1.523067 -0.129501 0.294610 0.103429 -1.403358 -19.633391 6.044785 
1.665441 0.267720 -0.832722 -0.093799 2.891147 5.085734 -15.949210 
0.167356 0.438880 0.152589 0.100348 4.343390 20.200032 13.297399 
1.433413 1.803394 -0.769677 -0.143710 13.772734 -16.753797 1.420586 
0.264805 -0.373413 -1.118100 0.008297 -13.495151 -8.940154 4.941419 
0.110793 -0.152911 0.056496 0.187896 -4.045081 16.922567 -22.652505 
0.180061 -0.321678 0.530861 -0.190517 -2.789732 -0.408820 6.306604 
0.195410 -0.142755 0.152725 -1.540907 -0.834176 1.920634 -5.805503 
0.091610 1.239293 0.503681 -0.069755 8.035271 4.050778 15.603642 
0.100160 -0.097613 -0.498736 -0.241587 -13.727368 6.281930 6.867035 
0.329612 -0.556364 -0.080471 0.675493 -4.574701 3.962523 1.328288 
0.174903 -0.035432 -1.286768 0.087468 -11.368980 -8.442374 -7.800141 
0.088879 -0.329147 0.043812 0.013210 -11.359325 7.869652 2.670064 
1.382242 -0.446361 -0.128917 -1.062807 9.585025 -11.734267 -5.284335 
0.137418 0.216504 0.337265 0.428565 -14.591428 -13.504863 -7.778526 
0.550522 -0.901480 -0.453471 -0.123935 1.705502 -16.731291 10.411471 
0.977405 -0.259641 0.840869 -0.457103 -14.743187 3.415540 -4.439820 
1.078071 -0.244851 0.660887 0.329944 5.985358 17.312924 -9.736429 
0.158053 0.046574 -0.870376 -0.074955 15.014545 -23.329649 0.430135 
0.173348 -0.045469 -0.076051 -0.063398 14.214977 -0.648980 -10.088983 
0.082934 0.377416 -0.341589 0.913114 14.013933 7.536544 -5.529961 
0.136636 -0.460112 -0.118772 0.554175 -17.808786 -6.788569 17.946926 
0.143734 0.664110 0.402365 -0.092967 -10.460146 -0.652576 -10.129081 
0.441192 -0.586767 0.123111 -0.089405 2.315761 10.757721 -10.025064 
0.419927 -0.301161 -0.168906 0.413561 14.346503 -17.663024 -8.575670 
0.233936 0.083875 0.465998 0.686488 -22.162779 -4.072004 4.910468 
0.472655 -0.589805 -0.293788 -0.317261 1.296573 -9.343281 -7.988195 
0.114863 -0.449698 0.260221 -0.354650 5.831596 1.999356 -20.696944 
0.090134 0.249092 0.331983 0.115730 0.785991 15.732548 -2.727902 
0.541043 0.881908 -0.112909 -0.332148 21.997672 -3.691071 11.950134 
0.282572 -0.511310 -0.247976 0.156520 -22.302478 -0.083077 13.262118 
0.115642 0.944772 -0.690421 0.056991 6.403518 -10.249745 0.003004 
0.081355 -0.661743 0.047142 -0.975851 -22.738018 8.734440 -5.847230 
0.367829 -0.344824 -0.855234 0.313761 -4.440808 5.803559 5.156463 
0.139629 -0.407299 -0.528227 -0.111361 5.248013 -16.638217 2.134195 
1.352784 -0.403786 -0.022433 0.145449 8.727120 -3.849646 -11.127355 
0.125255 -0.181921 0.225386 -0.345454 13.148711 -14.555084 -11.209710 
0.401327 -0.109185 -0.540798 1.487695 -1.149126 -4.172915 16.773722 
0.285734 -1.139661 -0.840530 -0.405313 0.279649 -16.709169 2.595796 
0.395651 0.645063 -0.464183 -0.224758 17.045123 -3.821290 0.567844 
0.293098 0.399904 -0.417875 0.545224 -15.109793 1.586095 7.100593 
0.087827 -0.567407 0.663453 0.266944 12.748965 6.788421 8.096449 
0.145431 -0.842938 -0.373077 0.226689 -4.556252 9.352849 -19.588226 
0.180115 -0.809687 0.704863 -0.355766 -17.875673 6.993794 5.586262 
0.096200 -0.066654 -0.411110 0.008896 2.582062 -3.936209 -0.192808 
0.666776 -0.659367 -0.433030 0.788470 -18.385442 -8.314310 14.339473 
0.204329 0.059682 0.311711 0.154525 -4.210821 -10.562530 11.173542 
0.115895 -0.020427 -0.161179 0.464782 4.117303 18.053469 -13.047113 
0.093908 -0.178572 -0.477576 -0.388617 6.844962 -3.919803 13.162232 
1.218377 -0.806621 -0.264472 0.528520 -2.249560 16.690150 5.126506 
1.577937 0.204924 0.307905 0.410536 -19.937801 -14.263737 -4.405941 
0.624013 0.117089 -0.289224 0.399444 -10.500711 -5.860926 -15.478574 
0.094581 0.383925 0.790254 0.383872 11.236262 -11.178506 1.410539 
0.082735 -0.143062 0.073183 -0.658760 4.544562 13.301657 7.559772 
0.117562 0.459955 -0.891602 -0.116984 -6.447661 0.050399 -15.598160 
0.104059 0.105686 -0.612744 0.098927 1.965515 0.761277 -16.387456 
1.175398 0.098733 0.095396 0.953818 -11.851197 -12.788061 16.967297 
0.164169 0.875464 1.725466 -0.314442 9.513446 8.198535 -12.065983 
0.291452 -0.499775 0.227132 -0.061312 -4.386102 -12.220226 -13.239847 
0.206673 -0.367016 -0.407245 0.137165 -13.194570 -16.332856 -2.080087 
1.289324 0.390301 0.923774 0.932167 17.126942 22.547437 -1.789136 
0.086315 -0.257276 0.005793 -0.450124 -13.273121 6.273623 0.663263 
0.235153 -0.021562 0.034951 0.436632 0.131878 -21.479555 -3.043665 
0.115719 0.593119 -0.589014 -1.358006 15.794743 -14.320583 -14.804473 
0.363410 -0.043996 -0.367469 -0.252056 10.086303 6.628852 15.553965 
1.751386 1.087128 0.140107 -0.359708 8.762839 -5.870725 8.311839 
0.207984 -0.313889 -0.169030 0.223218 8.098828 -2.430142 -18.350580 
0.102911 0.350160 -1.067093 -0.346188 10.820698 -7.312752 10.276418 
0.178659 -0.351435 0.989438 0.274598 9.667824 -1.161444 5.968728 
1.266026 -0.130988 0.622576 -0.552881 10.466085 -10.192102 -5.335251 
0.304509 0.472753 0.105153 0.379741 -8.875967 -17.164921 -5.796407 
0.111776 -0.109609 0.046332 0.246672 -15.791719 7.412422 -2.335082 
0.518423 -1.007062 0.085426 0.898117 -13.023574 -14.263338 22.437769 
0.412206 0.241014 -0.403762 0.418100 -20.753828 4.977061 13.279646 
0.151101 -0.016295 0.033292 -0.570194 11.157109 12.807109 6.230503 
0.220913 -0.081725 0.842632 -0.006624 8.565382 -1.003852 4.812664 
1.412488 0.070860 -0.138536 -0.168905 -0.767033 -10.210694 -14.274391 
13.278585 -0.314941 0.669326 0.426684 -14.215791 -4.810937 5.920991 
1.463321 -0.639767 -0.037701 -0.047285 -10.319455 21.539787 8.862967 
0.120159 0.407647 -0.487852 0.624337 7.972974 16.186222 7.108063 
0.365350 -0.139529 0.468968 0.216674 10.185668 -13.944555 9.204813 
0.105973 -0.420960 -0.317966 -0.348590 -1.699245 3.439440 18.414766 
0.295892 -0.647370 -0.356886 0.033876 9.067027 8.981641 11.470227 
0.206326 -0.468937 0.097759 -0.090871 3.505652 6.803361 6.413457 
0.093712 -1.314407 0.441727 -0.124213 -0.798591 6.008196 0.150472 
0.095148 0.273426 -0.134338 0.474915 1.037052 17.315222 5.039433 
0.206538 -0.116868 -0.968313 0.248660 -19.792122 -12.400531 5.995403 
0.086877 0.322609 0.401410 0.562612 -6.787483 -9.086910 -10.285309 
0.089099 -0.063293 -0.352173 0.942834 -5.643969 -15.502634 1.941576 
0.510706 -0.757513 0.269900 -0.070757 -10.770630 12.381357 15.904525 
0.209703 1.405640 -0.903468 -0.596136 16.438214 -3.006991 -4.306683 
0.558090 -0.279361 0.796238 0.018128 -5.361388 -10.501623 11.027737 
0.094925 0.002639 -0.302137 -0.030870 5.405126 3.059744 -17.595309 
0.169485 0.000813 0.091458 -0.808692 2.339534 -12.377287 -1.885131 
1.190304 -1.160572 -0.859544 0.324578 -7.669972 -14.837187 4.173766 
0.229716 -0.283410 -0.505630 -0.069493 -9.595410 -15.234773 -3.560550 
0.590880 -0.379438 -0.210120 0.318806 -23.506865 9.604272 -9.695256 
0.480535 0.296845 0.081974 -0.032080 -7.616394 7.922549 0.904051 
0.234429 -0.049636 0.065590 -0.351944 -22.486503 -8.003233 -2.511469 
0.582021 -0.904648 0.409378 -0.251731 -12.069560 9.427797 -20.381304 
0.189197 0.489046 -0.621902 -0.613458 -0.525578 0.395449 1.998475 
0.259575 -0.542025 0.279825 -0.787714 14.178768 1.411565 -9.799823 
0.447006 -0.366169 0.149978 0.127272 -18.187558 16.923501 -13.288695 
0.147887 -0.384077 0.445678 0.233357 13.234528 -5.925564 3.867333 
0.231699 -0.216396 0.327195 -0.056949 4.297832 -17.347196 0.120301 
0.453708 0.180030 -0.386150 0.058019 7.910895 -6.860012 11.144786 
0.920339 -0.754157 0.882581 -0.872327 4.525179 10.413335 -9.992985 
0.955703 -0.160022 0.271908 -0.114017 -3.639976 13.016246 17.844092 
0.084577 0.319376 0.402622 -0.310758 0.636000 -8.645920 -8.363679 
0.160624 -0.259923 0.332106 0.216037 3.612075 16.602215 12.050550 
1.172148 0.846591 0.410161 -0.401808 12.396787 -1.619535 -23.092137 
0.760534 -0.135856 1.749890 -0.029638 8.469992 19.101572 15.873591 
0.114553 -0.510334 -0.583308 0.174499 15.270272 -11.285053 8.593797 
0.117572 0.829926 -0.747976 0.007067 11.677840 -24.935745 -5.078265 
0.762149 1.226111 2.037226 -1.653259 23.141123 32.324277 -9.455112 
0.232792 0.415019 -0.706661 -0.218806 -1.847363 12.754678 -4.087935 
0.215009 -0.021646 0.326296 -0.076080 -2.751435 -2.998528 1.229673 
2.204810 -0.209290 0.153466 0.110027 0.803314 23.868765 2.254721 
0.129032 -0.777659 -0.671433 2.275228 2.762007 -18.018619 36.802239 
0.374042 0.862465 0.417152 -0.309069 -6.034055 -3.488492 2.008231 
0.205433 -0.091660 0.111115 1.213472 -14.256957 18.055695 5.831855 
0.160079 0.231723 -0.544552 0.239925 -15.892507 8.055051 6.806251 
0.136090 -0.950671 0.585392 -0.219682 -9.232284 -7.110760 13.863621 
0.119841 0.350524 0.520378 0.133815 2.903180 12.997184 19.000684 
0.201503 -0.898866 -0.217434 1.485936 -2.517324 -10.874069 10.674357 
0.611073 0.289338 -0.093851 0.385472 -17.689711 -13.980198 -10.999863 
0.115016 0.784142 -0.234681 -1.449403 7.675123 -14.748369 -10.827328 
0.399244 0.592859 -0.702477 0.092647 14.097097 -11.998860 7.832895 
0.131342 -0.580723 -0.338332 -1.025826 -1.929492 9.708172 -4.769372 
0.174201 0.045944 -0.828589 0.762332 -0.156408 7.564020 21.731575 
0.089275 0.074318 0.117621 -0.117705 22.840313 -1.369646 -3.013915 
0.438872 -0.051747 -0.388400 0.493270 17.278740 5.143436 -3.119124 
0.085636 0.388945 -0.081890 0.142223 9.255228 -5.816136 -15.376685 
0.582912 0.049245 0.058265 0.157569 -10.324309 3.560100 -8.146532 
0.240412 -1.335007 -0.088073 0.263032 -11.651757 -0.931696 21.197966 
0.226021 0.663094 0.147010 0.491150 -7.459441 4.469016 18.230705 
0.107205 0.003824 0.397371 -0.262696 -14.472012 -8.703749 2.796754 
1.102835 -0.055644 -0.000249 0.407407 14.033284 3.678693 22.933909 
0.266126 -0.318944 0.741410 -0.151672 -20.896555 6.785451 -15.151264 
0.409423 -0.001249 1.297674 -0.625778 -10.380199 6.895259 -4.695168 
0.089384 0.112490 0.264176 -0.399406 14.080890 -14.966874 -8.159765 
0.113871 -0.197389 -0.430383 -0.267952 11.504640 -1.962097 -3.045834 
0.746267 0.051914 1.593241 -0.108144 -3.286221 5.520140 -8.331045 
0.219386 -0.556172 -0.827258 -0.436724 12.123803 -18.141975 -6.745359 
0.439077 0.175587 0.099357 -0.497296 -19.858451 5.093180 -13.077201 
1.444015 0.541141 -0.341266 0.043052 -2.363866 1.202227 -6.362575 
0.102731 0.400862 -0.921633 0.578043 8.022877 4.797529 -0.109092 
0.202560 -0.723952 -1.173695 -0.168439 -3.132791 -36.202885 -25.279218 
0.091773 -0.237434 0.479359 0.042699 1.585674 -2.963801 -8.425481 
0.159646 -0.724261 0.676156 -0.763486 -5.172492 -7.240804 -2.011937 
0.210510 -0.008098 0.611440 0.139488 -21.050170 -9.099376 3.425174 
0.129464 -0.193223 0.570721 -0.296448 8.278311 -1.283715 1.293498 
0.235395 -0.397571 -0.367029 0.458896 -12.460668 10.869082 3.917581 
0.392760 0.381472 0.217481 -0.431282 -10.693987 -14.207215 -3.237018 
0.340464 -0.034161 0.324084 -1.032672 4.240381 13.494063 2.192481 
0.558675 0.304051 -0.247384 0.242501 19.575345 10.640149 -7.805193 
0.269181 0.098207 -0.006637 0.322112 9.412419 3.979380 9.550671 
0.080832 0.231714 0.638033 0.437959 4.329884 6.836839 21.517688 
0.161454 0.076035 -0.186690 -0.022055 -19.360450 -10.102128 -12.064037 
3.272843 -0.060843 0.061098 -0.058720 -7.291782 8.178744 -6.652911 
0.126733 0.684387 -0.274463 -0.228560 -9.431013 -17.633693 -3.464544 
0.147442 -0.516431 -1.573945 -0.526111 -2.671882 -25.913653 -0.416472 
0.234874 -0.182489 0.500192 -0.432980 -11.772308 7.101716 10.890408 
0.088322 0.315669 0.339511 -0.977892 -6.083490 4.835451 -10.305745 
0.124823 0.230901 -0.179308 -0.710296 -12.169341 4.457071 7.936268 
0.134972 0.704360 0.670877 0.483901 7.685596 5.861639 -2.251580 
0.114632 -0.058429 -0.144706 0.417890 -4.387142 17.210269 0.641828 
0.145861 -0.399926 -0.387468 0.467472 13.203952 3.215260 -7.865823 
0.263366 -0.137325 0.002563 -0.434688 -2.976312 7.197373 17.405821 
0.973808 0.091696 -0.101734 0.028784 -14.374632 18.345269 -1.273460 
1.966409 0.048600 0.129929 -0.009114 -11.221477 13.611848 -7.008841 
0.137245 -0.163077 -0.018899 -0.662982 12.938842 -2.531026 2.400864 
0.175886 -0.283780 0.075621 -0.141671 -7.647285 -12.151355 11.269906 
0.427154 -0.519213 -0.039912 0.609839 2.458198 -16.859395 5.540587 
0.305641 -0.495233 0.159679 -0.414588 -0.839629 -18.900704 -4.964080 
0.126873 0.138799 -0.278062 -0.026666 -0.284670 1.217009 10.161973 
0.202129 1.209546 -0.434943 0.779515 7.416726 0.049994 19.666676 
0.103947 0.723398 0.686751 -0.101466 -9.435266 12.753267 5.723619 
0.160192 0.400911 -0.857181 0.398874 16.688795 1.950229 6.938467 
0.087931 -0.526874 -0.084251 -0.222928 -7.385989 -3.447305 17.220378 
0.201166 -0.479993 -0.045851 0.306126 -14.637876 -15.146232 14.457542 
0.129271 -0.151882 -0.438380 0.551833 -16.719020 3.007269 -10.075372 
0.244547 -0.443907 0.117779 0.147653 0.086082 -6.564732 24.879826 
