8.114315 120.520813 -475.858643 -63.621914 64.183105 -410.910187 -84.123383 
531.228149 7.992207 -48.711967 685.225220 -20.339911 -82.051476 492.171021 
22.280993 32.561413 -532.949158 60.367561 3.378416 -454.028503 19.300976 
526.865051 1.778647 -34.941818 694.276184 -23.522135 -75.217957 496.875580 
1534.517212 -161.263519 -449.384338 -20.326958 -139.306915 -389.731476 -48.919319 
63.088520 187.895691 -288.920105 76.999214 124.462837 -264.031006 14.243464 
51.193348 120.579445 -220.938065 220.946335 72.221390 -218.374741 124.356003 
65.507515 190.079910 -272.043884 83.839340 130.270233 -259.799072 19.707630 
39.761818 141.776413 -236.890167 191.051804 89.029251 -230.980255 101.550621 
70.325806 186.894577 -285.696930 75.153252 134.515884 -260.501373 4.057200 
56.631363 187.279648 -286.171204 74.566116 113.330612 -244.801086 9.728575 
66.639915 167.409073 -293.501495 54.292889 110.116440 -274.855713 0.468326 
66.582779 180.147156 -268.801941 21.565109 119.752274 -257.213806 -24.873642 
57.701401 192.228699 -288.659149 71.964226 124.688049 -263.815826 18.669336 
86.846504 136.959167 -271.124176 29.604387 83.162399 -257.874603 -21.495775 
41.976852 192.123764 -204.681076 66.553680 128.903091 -201.995560 8.592057 
68.855766 187.268311 -286.133636 74.888817 141.313004 -252.595993 5.744208 
61.005081 187.610580 -286.243103 74.833008 143.243607 -277.397339 0.340337 
47.316391 189.103195 -287.178162 72.257469 126.382942 -278.137115 5.587366 
93.821617 134.986786 -285.143188 140.736603 80.855843 -268.592682 70.966461 
74.055054 175.357025 -286.340668 -118.146500 100.334854 -258.853790 -122.885925 
100.310783 147.059113 -253.423462 -74.887260 70.967216 -222.632217 -81.719711 
110.612358 187.517731 -286.465942 74.767372 123.353485 -279.323456 10.547132 
184.528137 187.609634 -286.215332 74.844376 114.716133 -277.036011 37.069134 
99.120575 187.515915 -285.601379 79.511276 126.958954 -269.623505 6.579499 
67.923553 171.888977 -276.754730 -105.645943 97.647057 -249.057892 -110.858223 
126.025848 146.694550 -253.102081 -74.522758 83.329910 -234.033676 -88.141357 
60.448421 175.893478 -286.792114 -117.443024 101.001663 -251.393005 -116.079124 
20.467089 99.695366 -288.087158 295.394562 55.731071 -266.073883 183.021530 
26.525383 -396.302185 -85.970284 592.252808 -330.711304 -110.992310 422.172821 
52.200424 -199.441025 -112.148590 405.914520 -178.116531 -128.272110 285.270599 
485.668579 -221.472961 -71.533897 422.039764 -187.024521 -95.587303 306.521179 
185.413422 -263.251221 -66.491386 427.672791 -241.595642 -88.795349 303.237091 
293.299286 -221.182053 -77.705238 417.273254 -198.525589 -98.509682 294.153259 
310.878052 -221.558685 -71.568329 421.628967 -208.531952 -90.138550 283.703339 
274.444092 -239.115555 -97.688889 405.261383 -212.307709 -113.675247 285.073822 
28.516537 37.563793 -228.768188 55.538933 11.652842 -223.900375 4.187514 
95.516441 -229.906036 -75.153885 401.698273 -205.019379 -96.228096 285.506165 
259.808319 170.726898 -311.967621 303.761932 101.710907 -273.786987 206.737823 
70.271927 271.988281 -354.383148 34.793076 166.938385 -358.027344 5.662206 
682.207092 115.138817 -314.919067 242.278824 52.042267 -276.366364 152.402390 
96.639351 122.792244 -6.953516 14.723569 43.257858 -19.910078 -32.205814 
210.103180 118.077599 -6.824912 15.940650 47.662086 -21.773186 -30.604536 
272.319733 120.816010 -1.923567 16.664312 58.012932 -17.088530 -20.987129 
200.870361 122.141197 -1.311455 17.354658 48.271061 -37.319286 -19.643763 
126.430672 110.258392 -10.974005 10.462099 50.707233 -22.055571 -31.858089 
225.697861 94.353363 9.221011 57.876446 30.554581 -9.213161 4.871539 
10.437791 100.163452 -287.496918 142.309143 52.006130 -262.261719 77.155525 
171.720657 162.287476 -15.790714 -9.566637 96.934563 -33.468639 -57.681477 
100.221527 169.077728 57.997051 136.662491 95.554527 13.863674 71.635048 
173.126587 121.478378 -2.169765 16.699242 47.809669 -28.024248 -30.705248 
103.717255 124.278328 1.891391 10.288996 65.788902 -3.889276 -55.533646 
357.627258 -145.910873 373.639160 48.309860 -153.693024 271.169159 5.672452 
99.656975 142.833572 24.687887 124.155647 76.258430 -14.058171 57.559013 
353.789764 122.102295 -2.607607 17.121077 54.206383 -4.990514 -27.470987 
147.153091 121.818710 -2.405618 17.115465 65.006210 2.181874 -38.828300 
212.693695 129.259201 40.421799 -53.219131 57.188515 14.688098 -81.018524 
56.310188 168.041794 57.434784 137.066223 93.387466 15.062781 70.327957 
120.250610 143.509521 140.339279 230.260254 68.888313 89.940369 137.975067 
96.297829 129.619110 18.409479 179.828766 56.251568 -5.674749 97.822548 
256.357849 583.705322 77.976860 220.698761 441.477264 26.530018 143.107956 
117.881424 155.684875 46.071587 65.542755 80.932060 1.650330 17.297480 
431.008728 47.282913 236.183380 41.707962 -1.935920 165.748810 -2.410284 
268.366425 -178.682220 352.277161 89.956505 -181.747467 252.857971 41.248032 
162.409729 16.717628 266.971802 21.907757 -26.663445 187.523254 -17.861357 
10.925844 296.529877 122.320557 -83.563675 187.319214 81.510574 -101.626968 
0.763070 159.040848 57.475140 60.794136 80.077271 25.751001 6.178010 
127.812782 147.443466 -15.283093 123.767960 69.788422 -40.090355 68.159035 
286.423187 -58.185787 384.425934 23.995867 -62.399605 278.181519 -8.307108 
97.592079 22.521702 -145.383636 348.417755 -14.878195 -147.578171 248.073013 
253.110382 -70.651237 466.368164 34.127300 -71.357262 337.089325 -0.434342 
123.172760 122.322701 -2.904148 17.074064 71.745537 -43.170376 -27.104523 
118.307701 147.991867 -0.612349 112.930855 73.574486 -24.199594 56.580349 
125.730492 409.474243 -280.829193 100.440308 298.046021 -256.035736 51.335800 
88.992325 414.744385 -336.774048 78.062019 304.748260 -301.117126 33.768475 
636.450989 146.779404 23.448515 114.959198 75.275482 -6.518514 60.255047 
112.216156 130.676117 39.851086 56.296108 63.021793 6.686451 15.792861 
144.707062 290.940918 -375.390808 -2.841738 203.441696 -327.076569 -48.638077 
159.213516 336.832703 -295.457672 119.464951 231.306244 -270.322388 58.926926 
4389.939453 321.733948 -79.722816 43.593269 234.433365 -89.885681 7.288161 
206.283768 281.508301 140.811188 -69.339195 181.242950 92.435623 -96.975647 
73.349792 165.560760 39.902447 93.837692 89.922096 5.286754 43.957722 
70.749405 23.727303 -145.378143 350.152710 -12.808093 -146.811356 247.774063 
117.398415 293.224518 93.071953 -111.668243 185.358932 58.221981 -125.693085 
85.661362 150.603088 33.539261 111.372276 74.535103 -4.615929 53.647499 
110.737534 308.004364 -401.880676 79.292213 214.693497 -352.976196 33.468666 
94.448181 172.516876 27.145248 89.008484 93.238029 -2.116659 42.116249 
120.370743 336.973297 -295.667175 119.305611 243.056412 -269.247955 76.157364 
394.793335 289.900238 145.257660 -72.557014 191.177094 96.282974 -102.133949 
161.324417 227.492767 45.323002 59.569530 147.932648 13.365473 9.848538 
59.866463 184.609772 58.143944 -18.256126 107.117828 14.439816 -43.345093 
305.729462 449.414917 -360.364410 110.569069 333.944824 -320.599701 60.116188 
65.340797 162.506317 31.740953 123.087891 83.595268 1.660862 65.440628 
147.143082 336.989838 -295.614990 119.331856 267.855560 -262.798523 77.037109 
230.377258 134.594070 -15.646235 117.477913 58.056545 -28.597330 84.365799 
78.570976 122.113396 -258.970215 134.167267 70.324883 -238.763306 70.170052 
228.877777 338.051880 -295.742737 119.654289 227.044540 -268.997406 62.516922 
60.043411 -6.074105 -102.848106 313.406647 -37.292465 -110.415627 216.163483 
53.884613 34.075539 -369.374023 337.345581 0.999110 -332.061340 231.862427 
267.287354 147.148346 71.872917 128.995575 75.370796 34.506374 71.947563 
187.195206 257.557678 35.002441 -49.415546 159.646301 10.535150 -80.314743 
169.399139 150.741058 32.860317 111.383316 75.224075 -3.048176 62.002644 
83.262367 147.529434 -33.763443 124.502998 73.814316 -50.003365 67.933289 
69.780663 107.432869 -1.595460 338.337341 56.981010 -26.741692 237.145889 
69.456772 153.721237 39.903568 125.230141 81.763084 4.702922 66.872314 
363.029724 289.060120 143.450775 -82.252892 175.556061 88.811653 -95.112511 
297.279755 288.976410 142.159729 -82.094223 192.372223 108.616234 -108.724815 
200.807007 151.203522 9.535589 109.112968 76.539375 -17.983826 57.978279 
482.519867 288.300446 146.341034 -71.891945 176.834396 100.867447 -99.337708 
878.992920 106.256386 -279.306824 79.836060 70.449265 -242.122849 35.058270 
64.875076 155.605026 -8.498296 33.214233 76.907661 -23.425898 -20.038841 
79.565643 102.430550 65.190392 -1.834031 36.213772 27.578598 -43.117119 
91.478004 20.644672 -146.877335 352.354553 -12.653696 -146.196457 245.586761 
416.669495 134.230759 -14.841575 116.079597 73.019272 -38.465271 54.245319 
1796.128174 271.506714 -355.172974 35.765118 183.598343 -318.841827 -10.386175 
28.107843 172.890137 -21.201103 23.391012 91.306549 -33.843449 -26.022091 
484.056702 495.221649 -8.984320 141.574341 371.023590 -35.152996 86.306305 
68.068390 -118.166092 -239.309113 79.915604 -107.927666 -218.470886 33.513828 
149.028412 -58.279247 383.809174 23.585888 -61.453270 262.512115 -8.207692 
73.449989 -263.484131 131.428574 210.190231 -243.999161 73.261963 135.524902 
70.636284 -91.473457 -231.627365 145.118790 -86.643394 -212.105347 84.441925 
47.528919 107.378105 -1.708157 338.031189 53.357590 -33.242500 227.995773 
590.201172 -93.958923 157.617142 170.034454 -109.603302 93.376945 104.367523 
493.939056 423.395203 -113.275444 188.213867 315.250824 -112.763382 119.879135 
75.403030 -105.114227 -232.864838 107.790718 -97.608650 -213.304718 55.147717 
112.514832 122.107559 -1.394320 17.238922 18.886356 -66.112061 -30.632059 
118.057083 122.843903 -1.695391 18.419558 38.626648 -12.192936 -24.872828 
356.559235 -181.269119 448.246399 -115.961372 -158.793869 322.282562 -117.617950 
379.326599 292.272095 93.917183 -100.828598 187.599243 60.884571 -119.979385 
22.829065 105.748955 -2.492881 337.956757 59.532337 -27.428272 233.074951 
1389.745850 -127.395515 -351.839478 13.008354 -115.906723 -306.305511 -16.190477 
0.011308 111.140709 290.904510 -109.978256 45.148170 206.473801 -123.776871 
262.007996 50.049038 23.961248 50.437222 1.014386 -8.990330 14.034695 
103.113129 66.029381 -145.355591 291.982574 20.118664 -141.657349 199.024033 
146.191498 122.774384 -1.566741 10.492407 47.415359 -10.406735 -29.639879 
80.920341 258.551239 -349.581329 39.150539 126.319893 -295.099731 6.005584 
81.332024 -0.879056 78.417091 103.084389 -41.549282 41.498482 36.689770 
583.475952 265.706696 135.144363 -66.261871 162.712830 90.974083 -93.415688 
154.906738 128.095078 -241.596802 -108.337334 64.337318 -226.764999 -113.727470 
12.415420 423.017365 -106.487572 195.677856 317.612854 -114.542824 121.971672 
119.699326 135.826263 15.737655 -29.299686 60.949406 -5.874837 -62.534573 
1424.098755 116.376678 -252.776215 91.832283 72.841713 -226.621704 46.768959 
446.227631 311.730316 81.610199 226.043915 224.555450 27.414474 147.184860 
90.691086 121.632095 0.543194 18.222076 36.932419 -1.165048 -25.657871 
2.330571 23.202518 124.385162 76.228676 -25.650486 74.441963 25.019947 
55.070248 61.270638 149.160309 69.053223 10.840027 94.238396 22.981928 
76.520386 298.185760 -245.958054 225.780487 212.122192 -226.736588 142.788727 
20.001036 61.069115 149.208954 68.926308 12.822805 86.430069 8.105620 
55.522301 300.394196 -260.929443 174.732559 213.761536 -239.368256 100.301994 
314.479767 294.383148 131.805359 131.364609 185.814575 87.118919 62.661602 
37.503315 61.071728 149.286270 68.943954 -0.328360 104.782921 19.306824 
56.750633 282.928772 -202.209244 295.485901 200.516174 -190.857788 201.521179 
138.762451 298.964142 221.902634 189.871307 213.165283 130.343033 126.538605 
41.304741 141.970337 340.683472 24.002140 66.435211 244.648056 -18.271370 
141.501709 333.627502 203.104355 -136.916260 218.087433 142.945175 -147.695602 
115.196136 281.685242 -472.836761 236.070160 198.133575 -410.661011 150.901108 
73.143967 292.413818 264.222595 168.872345 214.621124 175.811005 103.891602 
100.655922 167.614456 -320.836853 195.433426 104.631279 -284.293976 117.395576 
135.501709 -228.932861 75.973274 28.488405 -213.339020 36.600605 -8.405926 
80.828850 73.352692 55.143841 65.501534 18.612968 15.365767 26.899937 
46.657139 78.280212 7.891195 -6.836177 19.499937 -9.603825 -44.407024 
81.537895 243.521820 254.265701 132.573639 173.385757 168.058212 72.218491 
479.260864 -250.862488 52.762218 19.371088 -238.013504 10.551898 -18.734505 
77.689499 145.917114 -267.556488 189.160355 87.014679 -240.696777 112.026001 
24.239553 -155.694000 108.279190 158.313187 -160.095367 58.674110 93.409454 
82.620506 451.625244 15.230905 160.832489 339.634918 -17.442938 95.451073 
149.729889 -215.414078 43.507046 44.899052 -197.726776 0.076007 10.299303 
183.634811 241.872177 92.822784 78.681595 148.626724 43.543026 32.329094 
100.346863 298.410004 221.668274 190.097244 234.270126 134.536606 135.564545 
1705.000488 205.795227 -249.405548 67.275894 149.996643 -223.575302 26.399475 
75.438171 283.401428 257.149719 182.675766 208.155746 169.675812 114.719894 
134.166367 -137.080551 -17.272207 82.023964 -136.106674 -49.185928 37.512474 
153.891678 -42.802349 347.430389 72.994644 -80.519264 251.066238 25.007282 
165.278229 235.663071 185.926758 152.169724 143.354141 129.806274 81.028000 
120.638214 -39.913395 -108.537636 149.937164 -45.513237 -116.082382 88.172600 
100.550026 56.960491 -75.353882 71.590561 30.039391 -89.788666 30.844744 
98.802231 189.195541 -182.314209 223.934387 120.619499 -172.343124 140.936218 
89.003670 298.883942 221.695190 189.954010 223.282562 162.911591 100.607285 
118.191467 -50.593403 -207.207733 129.350861 -54.667194 -193.345673 72.145096 
107.304390 185.076401 -56.896252 159.702621 128.834579 -78.628456 98.007225 
156.767715 118.759300 -235.804306 312.910889 70.767616 -217.162170 209.368118 
52.186195 43.409954 33.060928 83.166351 2.936818 1.764078 31.044830 
11.967634 86.154480 -216.414749 64.779488 57.859428 -196.938019 23.598827 
335.565613 -48.755260 317.565338 71.613930 -87.822647 222.639374 25.525229 
1.124693 291.446014 146.887085 -72.469574 175.195801 83.680847 -92.891708 
64.482544 184.645447 -188.776993 224.378159 117.132523 -171.981018 141.077423 
77.626518 108.728981 120.101212 26.029312 49.750793 74.889565 -9.138535 
73.518410 298.303253 221.322861 190.142883 231.605286 131.230972 110.786644 
638.656555 212.572403 163.143387 349.341400 151.437683 109.101524 244.341934 
46.143299 105.437012 -27.578926 68.103996 48.769878 -51.482494 26.569805 
976.092346 270.532471 -107.108574 303.813171 200.797958 -112.425224 203.432556 
84.823288 298.462646 221.185150 190.410065 202.892227 149.214310 127.790680 
647.386108 193.218094 -124.711151 385.472748 126.189987 -131.088593 282.724457 
13.517016 275.610870 -150.581528 223.904388 202.735901 -146.467133 146.730286 
74.347672 284.386780 224.853500 171.722595 206.715073 143.742157 103.589363 
840.937256 220.557343 -67.959137 347.745453 152.363480 -75.905876 245.978546 
147.538956 204.769485 -22.088549 216.498428 141.057831 -49.955551 142.417145 
142.190292 226.652328 5.438267 318.851196 161.991104 -28.912407 217.628357 
264.109192 43.389343 32.230495 83.223679 -7.706967 -1.153430 40.666576 
120.071922 -75.183372 89.162796 39.622684 -107.684181 50.192577 -6.333535 
76.161217 184.333969 -188.927216 224.466080 121.702927 -176.069702 140.886246 
76.976036 153.776352 61.785732 166.356857 82.204292 18.102753 93.434380 
61.064785 261.075897 -330.811859 -22.617748 194.351151 -283.753479 -40.674789 
123.390732 204.765350 -22.000326 216.596893 150.876114 -48.950977 132.948135 
320.418610 232.199783 -121.635406 376.969360 164.818771 -125.165642 268.384155 
784.554626 -74.518555 13.210599 54.146778 -96.770805 -20.984135 9.700133 
21.851423 175.963684 109.025787 133.903854 96.527534 59.478184 76.574654 
193.834015 256.809082 136.929321 -75.370972 163.212250 91.420784 -92.973053 
969.363281 323.217682 -104.203072 300.926178 250.624969 -110.924492 201.136765 
156.460968 -15.299868 367.585297 48.743557 -52.549778 275.460022 1.334460 
77.741676 384.660400 104.340935 194.112732 283.196686 45.378235 119.508522 
123.976425 99.500389 -134.868637 71.900948 65.776756 -132.616409 29.760851 
60.271202 87.474045 -199.494705 89.657700 57.514915 -184.213379 41.603619 
21.650700 256.600098 137.045898 -75.357117 156.446701 90.244019 -107.137169 
887.028015 264.371735 -61.890450 339.154846 193.266098 -76.033958 235.719742 
75.968323 287.160309 -194.205704 167.452164 209.886703 -177.496490 103.146843 
89.870117 402.626190 -16.215544 274.167023 298.644653 -42.632298 179.303665 
68.626167 -8.222267 -228.859726 169.798676 -34.726559 -213.948944 99.139229 
71.739227 273.235809 -159.480423 217.402847 198.152786 -151.039215 143.201233 
38.020683 7.428141 119.282036 115.812134 -8.069991 63.511246 64.554970 
124.169930 138.701965 -259.969421 225.573212 89.209328 -247.114807 139.931763 
264.826538 -194.604706 186.483444 195.778717 -191.113693 117.060898 127.349426 
85.888573 -49.657719 54.219582 -8.455136 -76.795830 12.610312 -32.568249 
66.510353 -50.316711 56.957874 3.535488 -78.627502 17.161217 -26.776407 
81.022583 138.710556 -260.218414 223.829193 86.118752 -237.407654 138.895111 
69.751152 273.903168 -159.516159 218.059143 201.671738 -149.471237 142.015137 
86.132500 345.428925 156.746155 292.997894 245.230667 85.445618 187.477692 
97.954041 345.413452 156.259018 293.106812 261.011841 89.950470 204.634537 
31.659452 -50.262234 56.998459 3.474946 -74.154312 14.797688 -19.881454 
4.770376 294.617584 286.884308 122.755531 186.205841 208.237228 55.546795 
132.321228 52.846680 -15.091174 145.795731 33.714043 -43.651249 88.777191 
153.123032 139.233444 -249.102783 307.955414 87.227257 -233.528030 207.513367 
52.741608 54.623688 392.282776 -89.795319 -3.538921 289.089111 -103.989861 
1.924156 98.600342 -155.137848 117.570358 61.649292 -147.067322 61.962021 
67.520256 46.139057 103.444420 177.056656 24.466187 46.062656 109.127686 
50.335018 54.454784 392.278229 -89.703102 1.992456 286.016541 -108.978531 
76.453239 -13.946815 -7.648718 139.573578 -27.413763 -40.261662 79.593719 
66.376617 -100.482048 146.541824 101.807129 -93.182739 84.958496 53.815887 
87.056480 261.529633 -330.429840 -22.450430 185.106247 -300.156464 -40.151543 
87.300690 81.687553 36.069134 150.473175 26.967550 -1.810418 83.296753 
819.161682 272.510498 -319.420197 144.392426 198.587570 -274.979370 84.395248 
260.479523 119.807335 354.538361 171.149521 73.169220 245.135147 100.689430 
74.304886 82.581444 -57.718731 128.150391 51.867447 -81.296440 71.968735 
82.824120 28.603918 -44.256874 130.820511 4.126399 -66.258011 72.495705 
269.394226 40.439510 -18.577013 141.327133 16.438513 -52.928135 82.845154 
85.910988 23.429686 -21.309498 124.239204 0.985187 -48.109982 69.004265 
72.449539 235.935547 158.016830 -51.458504 147.985718 102.655289 -74.588409 
70.306938 40.133987 -19.222239 141.080811 0.149117 -39.007004 75.162354 
41.682873 180.920578 -63.445019 153.549423 120.887405 -84.595825 86.671066 
56.941505 88.237099 101.340279 31.537655 29.806170 62.199730 -12.880962 
170.280548 24.312122 -20.987608 126.791306 0.922454 -48.814266 70.471046 
291.923828 -18.110941 14.267924 46.736618 -44.323044 -21.238741 9.017420 
0.375780 391.736206 39.044228 205.747101 291.354462 -7.215207 131.478226 
0.532096 -18.332504 197.157211 82.139740 -56.004105 132.553162 23.049898 
67.735664 -153.017944 -90.212387 10.152456 -151.913330 -110.212387 -29.878044 
50.841267 97.403175 164.064697 -13.027046 31.403179 105.235359 -49.992863 
1.695474 146.636627 27.436466 114.360840 69.950478 1.379745 67.995567 
80.787811 33.393291 88.968155 116.580582 -13.535514 42.031055 65.520729 
55.744156 123.694572 30.493610 20.764782 64.552765 -9.550918 -15.891307 
46.531673 52.885487 275.980438 19.824865 27.374741 186.912903 -11.349316 
60.539608 196.246140 -242.057632 109.478020 138.276932 -219.731598 59.416378 
95.799927 262.183502 -330.177338 -22.939407 189.740829 -301.760223 -51.771358 
131.288040 294.655609 50.506081 328.074127 214.683762 5.627144 224.329803 
157.399612 -17.841293 14.538962 46.347790 -66.897018 -3.279223 12.879180 
59.283676 52.499897 171.909653 71.058578 2.532271 118.691406 22.140854 
117.787422 282.785278 122.548180 271.753326 204.324081 60.655579 180.979706 
65.635529 293.196381 89.575592 219.085342 213.805847 34.717079 139.540070 
94.240639 169.517441 -484.745087 13.886102 105.417229 -415.639465 -21.268471 
0.544295 53.085464 74.623810 150.095795 4.747041 30.005449 88.796768 
51.264919 82.543037 27.333694 5.725133 51.101620 -7.193494 -20.104483 
262.512817 327.811340 173.643631 223.684372 238.663177 100.941132 147.427811 
70.211960 101.044479 331.499268 -4.050772 42.233391 231.844452 -35.984119 
7.887614 -132.769440 34.761398 149.459763 -142.003555 -2.204954 89.962296 
22.300619 177.714706 -214.132507 -54.541317 125.687073 -194.942825 -65.890327 
12.359972 56.468941 159.244858 67.607620 0.737046 101.968674 15.690655 
24.203976 6.675539 133.153595 -82.814957 -30.256714 74.454903 -96.400848 
537.464050 189.931961 114.463341 70.239700 110.867371 58.794064 25.936054 
70.433212 195.964157 -236.160767 -86.810760 116.653679 -222.194229 -97.141190 
73.218353 184.977219 90.197197 61.854633 106.808937 39.702805 19.622139 
90.473351 60.918785 92.665138 68.486519 30.277618 36.790730 26.655914 
18.068111 -18.041128 116.508148 -75.334106 -50.686565 63.191334 -88.608322 
123.862427 151.041412 -440.353912 13.201584 92.197929 -380.963593 -22.382750 
99.824585 -196.250778 93.897697 396.353729 -194.685638 54.042915 270.192963 
243.673981 183.103912 61.981262 16.430252 100.947594 25.657310 -25.062418 
37.143799 203.050674 -243.458817 -81.655113 121.453239 -226.819046 -93.758247 
48.063465 -168.848602 85.680748 423.055908 -173.593689 47.462425 291.171967 
34.806248 169.248184 -221.545105 -112.513855 94.395264 -209.752182 -118.514008 
45.250736 -230.478256 95.082840 423.752625 -221.552032 54.768776 291.854065 
1.330295 59.801464 -14.820260 52.990650 8.562198 -35.983166 15.663711 
24.528809 131.230560 270.188507 128.508087 58.703217 195.620911 59.940681 
0.900133 245.192032 -377.005646 226.028412 167.530365 -337.241699 142.153564 
124.505707 172.420227 -437.920135 27.264709 110.890533 -378.900299 -11.813629 
69.224472 231.153168 -320.980286 163.954880 157.257156 -292.229797 93.166328 
83.407867 168.176865 -406.993805 107.469345 106.369347 -352.989960 54.516041 
7.251449 80.672600 -275.124329 -242.923386 48.293457 -243.208237 -215.615005 
65.311562 47.403652 -420.222961 -442.319672 20.514702 -359.646545 -375.292908 
38.383850 178.552460 -425.418060 60.645786 114.132744 -368.161377 15.326981 
62.074577 207.682999 128.987289 204.667007 126.434715 93.126732 131.118256 
131.208984 205.146500 -279.879486 -22.965353 130.074753 -269.045044 -62.802155 
61.997097 164.429749 -271.605896 40.383251 98.873383 -261.349670 -9.353669 
83.921585 140.030838 35.024258 229.210007 93.093391 -8.159508 147.674973 
112.892578 228.322464 -312.810883 44.404366 149.794510 -293.843140 -6.429006 
59.702557 207.759583 128.369400 204.432861 123.801460 78.211159 129.987839 
69.833115 -32.051205 84.242638 213.128693 -61.018059 34.298561 131.745667 
75.808640 134.644089 -15.654398 117.514572 56.365028 -65.357796 27.942883 
57.819809 207.894150 129.030762 204.634583 109.438774 68.923668 132.781540 
107.037369 263.935120 -271.632233 209.210526 183.378555 -247.337402 125.464699 
107.118011 172.583466 -282.555176 -13.381890 105.395508 -269.282471 -55.193066 
30.459953 167.645859 52.919483 168.079010 88.771622 16.477505 101.672470 
18.300615 52.571236 171.979248 71.090096 -10.222258 107.473282 16.860363 
74.597183 145.313278 195.602875 -57.301651 92.106789 103.811806 -60.631222 
23.653746 37.261742 159.625580 85.982780 -6.019707 94.281326 36.356731 
66.280327 296.928955 207.788910 327.146027 216.859741 128.554001 224.014130 
136.337479 145.381226 195.728760 -57.297298 70.498672 138.831207 -76.716805 
63.936752 92.961075 272.576935 -137.670166 24.440912 193.731781 -148.015152 
58.608295 99.780510 363.203857 -83.886024 34.554497 263.910156 -103.518051 
81.657898 195.554474 -302.914612 88.469322 129.934753 -269.831329 35.031784 
38.575058 -19.289248 117.142807 -75.378586 -52.343014 59.900925 -90.338341 
65.196602 268.453094 -355.939819 167.957428 184.147644 -318.172821 94.119072 
19.135468 156.201859 190.718384 86.022362 105.777809 114.231461 38.809883 
26.471992 92.951027 272.559418 -137.690445 36.401230 178.683975 -144.027634 
42.848022 200.574249 119.189178 203.352463 115.771812 66.462440 130.323151 
82.640366 173.500168 -376.949280 70.843727 112.329201 -330.959656 23.417856 
50.604042 260.185120 207.707397 208.943237 189.646011 127.078384 139.990921 
6.070574 -79.262680 -0.289663 81.306503 -102.211395 -33.527714 31.010103 
15.526692 200.932068 202.901596 138.763901 112.704124 142.637192 68.845451 
53.147491 236.531982 -232.221481 246.505264 160.155273 -214.172333 162.125046 
54.985695 247.591080 -196.401642 256.503815 169.310608 -184.399796 170.735596 
12.927618 153.531235 196.021759 80.119637 103.612511 118.065422 34.555992 
53.090912 240.375595 -319.139801 200.595413 163.388092 -286.652557 124.012978 
80.505234 441.301300 46.948299 294.872498 325.770996 -2.737088 188.163803 
46.066326 221.903442 -294.180084 229.698288 148.255539 -266.503387 148.588211 
5.149296 -239.234528 -115.587585 223.722641 -201.976913 -119.424370 146.556717 
43.455009 395.223633 159.849884 382.917145 283.063049 98.138397 270.213715 
42.379353 224.880325 -238.847260 235.978195 151.433899 -219.490341 153.986908 
164.623917 544.600342 221.371429 471.624329 403.487762 149.642746 343.110748 
43.036156 545.417908 221.463074 471.344208 419.132568 142.741791 346.975128 
41.602196 585.639587 280.642273 509.212158 440.532837 198.237289 375.158295 
44.451706 542.948730 133.957001 468.210022 403.855316 78.033676 334.281799 
35.625076 207.773819 129.041580 204.628632 116.983177 46.804012 127.068176 
67.976593 226.712601 -248.784195 -6.788458 159.660828 -234.155838 -31.834190 
21.172670 184.753357 182.183640 -23.298082 106.362671 116.384232 -45.634972 
89.582901 160.730484 169.145325 -76.511887 86.542847 104.445366 -88.464699 
48.360142 533.787476 106.339684 427.966034 397.120941 54.645550 308.706482 
14.478669 151.652359 166.962601 -11.909220 78.745453 103.792084 -36.018883 
44.738472 543.561096 218.074982 443.577209 405.827942 145.035965 321.443695 
54.453579 203.249588 -349.828339 228.827377 133.382584 -309.977173 148.108109 
57.233875 544.630859 210.688919 475.038727 406.686340 142.894501 345.490143 
43.577061 205.583298 -342.467804 229.056534 135.523056 -315.946167 156.120132 
69.822418 72.001411 -959.369263 55.566105 38.741673 -787.967041 15.415974 
206.984268 -219.872253 117.592712 122.389580 -222.504639 59.350544 69.991348 
43.922905 205.534851 -342.362701 228.909149 133.697952 -298.277069 139.886627 
629.688477 244.300461 162.234955 -61.677895 153.476669 101.619896 -82.960335 
76.436028 141.558762 278.084656 12.954127 74.059250 194.411774 -17.217491 
61.103882 142.300827 -3.515894 121.713776 64.356689 -24.540688 69.001152 
69.694527 105.996361 247.035156 16.392048 43.338924 166.181961 -14.085509 
45.338654 144.067841 287.246246 19.227028 74.794968 197.869049 -12.345944 
55.181625 141.837631 277.943207 12.855876 71.678078 190.374329 -16.759321 
47.536610 208.114594 129.252090 204.948563 124.457054 62.985180 132.476440 
19.443785 -203.485046 -74.688927 303.315063 -173.417404 -86.816307 209.597870 
61.991425 92.887154 309.561127 -68.032997 29.429409 221.996292 -91.766220 
0.499420 227.294662 -284.481476 63.092846 155.005585 -255.039017 16.314987 
58.345268 223.832443 56.626408 229.827805 160.724487 7.685747 149.286087 
55.563148 294.759094 -130.599121 -69.012962 192.668152 -137.642334 -82.326447 
13.321988 211.387680 80.654404 243.578201 149.229279 26.943903 159.413391 
66.282188 148.851273 162.786819 -177.258636 76.823578 98.298431 -171.248886 
62.249969 225.985748 66.264999 240.191452 162.389236 14.991661 157.228851 
53.710258 131.486649 80.268646 202.442780 81.251907 27.341467 124.959976 
164.714447 544.028931 135.128036 467.733398 405.821838 80.159935 341.212830 
6.937255 -211.197296 -60.273052 211.210815 -180.171570 -74.570801 137.167175 
73.349869 291.484436 -380.693237 1.557537 201.429337 -343.421234 -23.330502 
70.296432 146.127136 194.554794 -56.687836 68.695946 128.249298 -74.574753 
43.225937 172.935471 188.004410 88.049324 118.455612 112.384766 41.630680 
50.538952 171.837082 222.154999 -200.629776 95.835403 147.313797 -190.805267 
163.758759 119.959145 -362.698486 -184.641251 65.200081 -332.994690 -190.686951 
60.265537 179.819504 71.742020 226.412048 122.733978 20.235580 146.029327 
128.516937 45.656441 -155.714417 93.684807 15.191415 -156.357925 44.342934 
945.255188 166.028580 -72.270126 144.332657 112.173294 -89.613693 82.511208 
71.674301 154.214523 288.745636 20.577721 78.294136 207.974075 -22.437937 
82.797279 24.653284 160.490768 45.365658 -15.994159 95.193359 6.896084 
83.113449 152.293289 119.974579 -90.797729 79.054893 65.385185 -101.397911 
166.248413 278.332520 280.549927 -32.416195 203.076004 185.554840 -55.561665 
64.470947 64.040680 162.695435 -6.886571 13.857541 96.893562 -35.443512 
138.509689 69.033646 144.186844 184.406509 35.544533 76.328773 117.401306 
48.403816 226.870819 339.140350 50.900955 159.993759 234.624817 14.140355 
48.817394 305.440521 -366.592773 -14.425539 211.099167 -325.720306 -40.306705 
56.277931 277.721924 -326.224823 76.271606 193.887787 -291.430511 24.991394 
65.616898 237.218811 -439.790344 -7.222353 163.359222 -381.867981 -38.207798 
71.308464 114.765717 -458.815033 32.243294 64.081093 -395.404663 -8.154856 
48.741138 275.216370 -327.622955 86.783340 198.986786 -296.718109 26.423298 
87.769714 292.766510 -381.922882 -1.790048 187.439102 -341.973358 -64.942986 
60.549290 261.926880 112.772255 109.085106 192.473694 50.390156 50.687752 
51.601463 260.819397 -322.138092 93.210060 181.105804 -289.201538 38.715961 
99.764610 296.597107 -393.445465 -9.765480 205.941666 -342.393616 -37.679047 
0.731702 321.219574 -431.639252 67.782906 227.341156 -374.084045 18.432079 
51.587727 275.270935 -327.526489 86.824074 184.933472 -289.196198 38.348598 
52.450115 114.242355 129.002350 70.399124 73.504784 64.341019 30.875299 
241.780884 127.484070 112.564194 138.914780 59.186745 59.526466 80.479607 
170.921234 291.099640 -440.287476 53.921726 202.688705 -383.399994 7.511477 
40.703991 236.432922 -481.303650 2.223150 158.430725 -417.873993 -32.629417 
37.134224 274.071564 -330.527283 85.023018 191.688950 -291.941742 33.005753 
43.707375 61.345741 183.580063 101.108116 12.804153 113.244080 49.224018 
171.668167 292.541260 -380.164856 -1.147490 228.073181 -321.645203 -35.804871 
98.606232 330.522614 -403.734955 -9.696828 231.809174 -354.398041 -41.324806 
134.178345 289.048553 -416.697601 -10.710252 200.696899 -365.902374 -42.227665 
116.686050 304.229065 -401.768494 105.970726 213.092010 -350.852753 48.610523 
144.480209 294.569397 -391.218842 -0.941436 209.268387 -350.326508 -37.270275 
50.946774 214.649948 157.696915 86.660934 118.122955 102.921265 45.015568 
49.155838 214.895355 157.638779 86.867775 132.641357 86.757698 35.485558 
296.873077 292.511383 -380.124634 -1.827284 214.962875 -330.521149 -13.989384 
79.656334 252.041473 207.485291 -91.476997 160.764847 132.041718 -102.670105 
108.458488 335.046234 -375.074188 30.262598 292.033417 -325.167297 32.369682 
75.346863 289.338165 -377.789337 1.274787 192.337250 -337.694550 -36.550724 
87.149323 118.359177 367.793610 426.628418 74.672424 256.550293 303.485748 
82.791786 267.827576 -380.127869 3.326169 181.102051 -336.189972 -30.062551 
84.552193 226.188080 228.069534 -196.561905 139.524277 151.951187 -185.784363 
86.051147 321.848419 -271.759430 311.298096 223.860641 -255.224991 200.034592 
31.793509 80.734863 -114.142891 59.424137 42.117992 -127.549667 18.180876 
604.847351 292.510864 -380.140503 -1.522123 183.918747 -342.466736 -43.227051 
45.988743 96.207451 306.217499 -71.539055 31.498816 217.843307 -91.523956 
74.996567 533.966858 154.037369 453.501984 397.830963 93.598969 329.526184 
144.224030 257.120056 -349.608765 8.981221 172.140701 -308.385925 -23.942894 
60.786232 179.066986 61.519714 171.468811 95.113472 23.093655 103.239082 
139.671616 292.667023 -506.701599 98.593445 204.593369 -436.699432 41.723438 
62.809437 -218.880966 133.661530 20.385530 -208.583450 74.439072 -15.300411 
559.541382 -218.576172 119.643883 121.805275 -205.530807 63.509796 65.017242 
29.804800 321.848206 -271.785004 311.336365 237.200836 -256.355438 198.129013 
48.157383 214.784180 157.800247 86.902206 129.578690 93.573471 36.633308 
56.224331 81.023491 262.640961 -89.684082 20.650156 182.747986 -108.617073 
118.163933 441.076721 46.836128 295.306213 313.293579 -6.817673 188.730774 
100.990143 222.119720 203.472763 -103.072289 139.105484 135.925674 -110.207306 
90.364853 221.974228 203.543320 -103.416946 127.789368 135.452896 -122.827194 
44.845924 206.732880 186.817810 -166.605621 127.829193 110.686310 -172.945847 
45.231033 217.547470 155.104324 -155.189224 132.373459 92.654076 -151.494705 
38.875130 206.774506 186.868668 -166.621964 114.345879 121.339371 -143.660431 
87.437660 58.972504 95.411964 -48.927265 9.457903 44.200264 -67.834633 
123.479584 254.702499 -333.034058 94.940933 177.869431 -296.881775 38.567490 
115.886803 544.429688 212.602066 432.263611 406.197662 142.949707 311.184998 
119.519524 419.627380 113.405418 293.220825 301.621704 46.997711 187.046906 
50.075497 110.537857 129.539734 105.373711 46.542358 75.191376 49.919235 
67.146324 57.834129 99.657631 -52.434441 34.914009 38.153633 -66.684364 
78.043159 234.494843 -234.789383 198.467010 158.002670 -226.001846 109.529045 
56.557663 144.590729 79.990944 80.324730 76.042961 31.656801 30.278912 
67.303940 242.225800 -441.185181 -2.138483 165.496521 -382.687744 -36.750637 
32.202789 153.265961 285.931549 20.898771 73.745605 194.848312 -21.021322 
39.409492 170.412872 222.955521 126.387260 117.639748 139.317520 68.880486 
57.608898 234.748657 112.393036 209.560837 139.804886 64.427711 133.870026 
153.285522 163.816101 304.875580 12.832735 82.814178 216.276917 -27.066219 
34.221272 61.938690 118.904121 17.347652 28.534952 56.358582 -15.890545 
26.605986 -204.903976 97.377548 110.270058 -202.144287 45.482292 58.273285 
181.709488 140.372360 266.135529 -46.192608 75.594513 180.606415 -65.332451 
66.465370 101.352211 331.269714 -3.705771 27.416262 243.437256 -45.626461 
79.214508 144.678131 234.582047 -17.018154 75.174660 153.285583 -43.466190 
240.843140 46.049404 78.846909 64.892021 0.713584 30.959736 21.978003 
265.813446 390.828369 338.298065 -351.215912 272.037628 241.241791 -314.226349 
87.705757 249.743881 314.941071 -98.964401 158.319443 222.456009 -105.799599 
0.173782 270.289307 248.364227 -241.323059 172.585464 167.903244 -224.565186 
91.522942 198.161499 -398.065735 -8.565390 125.888672 -362.747437 -48.259445 
49.935513 88.175095 232.001877 76.595749 27.638905 156.587708 27.040985 
0.139583 432.542664 47.444252 487.773682 316.503174 10.156573 353.692719 
91.993164 43.337090 248.076157 171.100388 13.999223 160.354385 106.614899 
10.253804 114.262192 128.947525 70.581314 74.381912 66.712822 25.721016 
90.321053 183.391693 152.817413 249.716354 124.002701 84.980759 172.512329 
65.518250 196.162125 -165.553360 257.817627 129.941147 -170.214569 155.505646 
70.950996 176.452667 151.693359 250.960861 120.358841 84.297287 173.222778 
352.268219 327.359406 -345.372742 4.929187 224.663589 -318.332184 -41.686260 
72.883339 206.993256 -54.071770 -178.809494 116.643341 -94.294296 -176.016388 
820.657593 200.265350 -295.694855 -10.871013 127.475105 -277.598236 -49.159531 
67.675674 180.825577 72.957863 -143.925949 102.334351 28.806004 -141.878952 
92.771973 187.544754 263.636932 126.994522 106.064178 182.943420 66.018188 
85.662308 206.900864 -54.045719 -178.754288 118.497002 -74.450470 -163.069672 
111.536644 143.428497 -369.453369 -13.352834 78.650642 -341.529663 -51.739319 
45.838337 -128.609283 163.616760 174.339310 -134.018509 99.061264 107.032257 
30.523638 33.727379 150.013245 -367.831177 11.534142 82.261749 -318.016479 
68.733963 206.985352 -54.086571 -178.829819 137.818527 -58.523846 -175.067688 
1.191690 11.351889 157.533554 -341.714447 -6.110839 88.018257 -297.187897 
12.752829 -17.620800 34.477306 17.150805 -51.789318 1.531121 -19.307741 
15.033041 -17.629473 34.492985 17.154305 -52.999367 0.136021 -18.234116 
76.745354 297.486694 -91.184219 234.091141 206.941025 -102.064362 151.521881 
5.928207 344.834137 159.157516 -82.484291 230.122604 98.853783 -98.984337 
15.286290 176.185638 -76.568642 55.281719 118.468437 -93.681946 16.329987 
159.714890 539.898071 -97.473671 374.624878 406.090393 -111.980423 265.550690 
51.425461 276.802032 240.479828 69.325249 200.122726 153.944351 25.947458 
40.541481 308.901398 -394.475433 80.229439 217.838455 -346.986725 26.155214 
43.735207 206.891052 187.039200 -166.732941 126.469368 124.615654 -163.656082 
72.193840 170.487869 -569.299255 327.458923 109.356720 -488.741516 224.382034 
25.468006 65.206070 113.087753 -21.703409 13.813431 60.654358 -43.544243 
18.417517 205.974060 188.818649 -166.545059 126.674187 116.314667 -162.255280 
39.073723 557.834473 174.294983 486.697327 417.265869 111.396881 353.290100 
73.077148 322.921234 389.552490 -8.973220 238.064789 274.153503 -35.663292 
156.686325 -123.861046 75.546974 132.131821 -134.708420 30.474340 73.564896 
71.850296 -135.511703 121.117271 131.085052 -141.587173 63.714958 72.343147 
52.336506 184.093155 187.262497 157.185089 127.554916 110.976273 93.937637 
73.986946 -151.028915 185.016098 113.314064 -157.685150 114.912010 57.648048 
42.768158 -147.432068 103.823868 125.875458 -152.451401 48.502666 71.695847 
91.479935 227.747604 -390.235413 83.425987 153.900925 -342.244385 31.558758 
38.799126 -147.328293 103.827988 126.215492 -149.703186 52.540382 65.939117 
55.272972 283.561737 -453.678528 78.830032 199.091782 -392.398621 26.873600 
64.343338 355.534943 205.984573 -139.928802 242.214859 131.131714 -142.670990 
11.788527 235.345734 -442.428467 56.446655 160.718109 -384.855896 11.322029 
1.601488 234.224365 -154.993866 -16.593964 153.525421 -166.162216 -59.299812 
10.554440 -184.610260 40.306610 124.938667 -179.053497 -1.122523 69.708206 
3.027258 -185.007706 160.487564 226.450836 -180.315491 95.978600 149.894867 
39.299431 217.282516 -254.261719 -108.329346 138.923767 -245.538483 -130.357803 
101.319969 72.359299 359.685181 -34.688244 12.619126 260.540710 -65.000359 
32.865681 272.126923 159.524246 -269.758423 174.343048 92.441376 -246.082932 
13.581823 138.335251 251.655411 -29.875299 73.797546 168.678146 -53.995968 
26.231693 272.074951 159.592026 -269.764618 180.491562 100.507362 -246.179642 
18.970354 271.932892 157.487610 -269.660614 177.573380 95.965912 -246.138870 
91.266510 216.669556 -87.145477 226.924667 145.191101 -102.412514 147.690521 
1916.154907 170.237976 -410.806946 -153.878632 104.073860 -370.004120 -166.217239 
31.152767 -147.171066 104.157303 125.532753 -150.716644 49.299526 74.550583 
44.701530 344.263916 199.206253 -157.312607 233.684906 126.047150 -156.149002 
29.749029 364.724640 190.047989 -112.426666 249.567795 118.497971 -120.399956 
21.115097 276.453003 185.690491 76.395882 208.798294 115.805977 35.550316 
127.604347 258.639679 206.907471 207.904861 184.964233 125.933510 132.110519 
53.992771 -189.187363 125.330925 196.118896 -183.466766 67.514755 124.778412 
61.781948 151.132538 244.690216 113.087631 99.265976 158.338135 60.361008 
45.481712 180.496811 219.301407 120.876221 138.579483 123.728676 71.659134 
18.080914 16.737600 76.565025 123.998131 -23.391291 28.462746 66.236641 
27.480629 -189.274368 125.782806 219.150940 -183.588440 67.896950 143.469101 
67.995972 -143.419403 118.706108 154.032028 -146.682053 63.286144 91.431351 
88.144463 237.200729 155.502716 101.696671 142.114563 95.195068 49.613815 
106.887146 -182.635239 194.158661 128.736786 -180.136017 119.913956 72.345993 
60.131882 215.817642 154.545807 90.215561 124.645706 96.922379 39.860592 
62.454609 448.757629 -62.476704 267.385529 332.719727 -86.273918 177.608368 
15.252312 240.731659 198.606750 80.075211 148.027664 130.382370 29.543005 
5.386392 -202.688248 20.081932 130.948975 -196.145157 -15.243769 71.191154 
68.699417 287.664062 88.339844 379.850830 195.981018 17.175915 241.515686 
63.600056 287.724884 88.382225 379.759644 203.164673 23.556229 258.224243 
48.167740 287.764252 88.402550 379.762512 178.875412 47.507210 280.950165 
1.435655 198.854141 310.790222 -103.599724 114.915413 221.382111 -116.152847 
73.989296 82.836060 371.274536 3.375941 26.650450 264.283600 -26.257772 
79.244331 342.115631 300.851562 -66.979431 229.130219 210.676880 -82.168571 
64.430664 323.368927 286.630951 -33.217590 216.391922 201.472916 -56.463444 
50.283909 287.767059 88.329155 380.262756 189.086273 31.882971 263.514923 
70.316452 169.755844 -192.883652 68.095177 107.382599 -182.038818 20.309782 
335.042297 112.411217 122.362595 92.766388 47.373306 70.072182 41.400139 
46.823792 247.533798 -118.946213 -31.037863 156.545227 -126.370346 -53.505123 
42.490379 35.637802 -97.428642 27.251369 -9.474683 -101.427948 -13.457140 
63.966553 87.826462 -449.452942 74.726852 43.651245 -390.839020 23.762140 
50.375336 220.823196 -354.722443 71.569908 149.424377 -315.271820 23.797003 
228.422043 237.818314 -280.624847 66.250603 163.462830 -255.269775 17.971266 
8.171369 236.073578 -281.708466 66.482658 163.938187 -256.270081 16.398560 
72.411629 322.005188 334.571045 -8.820637 237.167328 229.741730 -35.633656 
85.009262 524.116577 -91.558502 64.150665 379.422821 -112.988869 13.271008 
79.740883 222.703613 165.806412 188.071487 157.344711 94.165314 120.945015 
62.581779 228.066269 -361.926483 65.935135 158.346695 -324.050079 16.928249 
111.428223 206.901047 285.808441 -122.065453 120.936058 201.806549 -130.683746 
469.834656 336.096832 353.591644 -103.012634 224.536057 255.453217 -116.145409 
63.839848 276.359467 185.174637 76.179001 196.553711 107.807266 30.430634 
51.699585 92.337105 -348.323212 45.029057 44.144173 -319.582764 -6.212783 
5.443982 92.477974 -348.345886 45.047955 27.477173 -310.638794 -16.568634 
8.310657 341.860565 230.685135 92.730850 226.403320 158.893738 40.591850 
68.712509 21.393400 -95.955009 36.661423 -22.151661 -100.113747 -5.145803 
86.655983 -151.135880 184.652740 112.992035 -150.360931 117.578896 62.599586 
85.626259 311.172424 -82.725998 204.520477 213.161331 -109.476143 118.690384 
156.268265 180.496262 219.273361 121.099960 119.338577 140.715164 66.232491 
75.814827 319.752350 243.401733 90.017921 229.085297 150.313156 72.002373 
81.383385 416.204010 -20.553331 51.795307 291.508026 -51.531155 -0.254650 
78.033188 74.542969 413.349701 43.067413 12.024633 302.378052 -3.308102 
205.631744 -61.532063 173.887512 -112.017403 -87.448074 105.828018 -118.958740 
71.293076 279.418365 277.870361 344.174133 202.428360 182.073700 240.679779 
64.047142 319.145264 244.358902 90.999954 206.385361 179.560791 49.347851 
82.360924 312.109558 168.075363 -181.194473 209.545303 92.132965 -189.238632 
37.243172 194.601974 354.487335 230.327820 136.321762 247.239685 145.581528 
55.534805 183.052567 334.757019 240.540604 124.416046 229.908478 156.897888 
90.133919 319.617554 243.378357 89.950409 224.915985 169.082718 43.411041 
53.303806 194.817551 354.662872 230.051834 131.630295 244.387100 150.907013 
33.814537 535.422058 173.333710 414.923431 398.345581 109.753960 299.514404 
76.004379 129.026825 462.192291 185.786697 57.159443 343.356537 110.650375 
76.468529 319.662079 243.421051 89.743881 185.919403 173.860275 21.149448 
93.162010 319.687439 243.416748 90.097839 213.421616 167.662338 31.519871 
85.555984 319.549072 243.448090 89.678162 205.567078 172.750610 25.906677 
112.405029 23.508909 -0.905203 50.429214 -20.222477 -23.578350 6.261828 
100.330551 103.682907 147.649902 -40.773712 38.901970 91.004570 -65.471497 
57.442940 114.482010 -42.720425 75.074051 54.274822 -54.618362 25.329327 
48.833649 236.830154 -15.296206 133.720444 160.253403 -45.561810 71.861481 
85.825546 121.690010 107.291840 88.496635 54.557014 59.536995 37.687866 
57.821747 319.083893 242.540131 89.070747 206.956711 163.226776 21.717739 
86.812096 290.292084 269.011139 23.971449 186.131287 186.007187 -11.574372 
95.137115 317.980225 242.408066 87.322334 210.460800 161.005249 35.688183 
82.341576 454.094604 81.943031 431.324097 332.706421 34.198353 311.106812 
130.464798 245.711533 205.857178 35.027367 152.052399 135.482040 -7.681910 
76.906929 639.685059 13.827094 583.291138 486.396637 -17.001429 434.849030 
53.582619 37.712753 -149.783508 367.123230 -1.503165 -149.666412 258.033630 
4.579572 -125.607285 79.229271 69.788628 -133.208420 32.234116 24.688272 
53.861111 634.950928 -6.753704 612.859070 480.707855 -33.384052 455.962677 
93.618210 85.787560 105.217575 44.251060 24.965855 55.361897 -0.270865 
79.474350 175.665268 342.880066 -72.030754 104.195145 240.575058 -88.926346 
39.466320 133.483688 350.479034 -21.157478 68.925636 246.804184 -46.491608 
42.014290 -171.735794 -158.218536 183.091614 -168.581848 -157.048203 111.754921 
72.418617 312.074738 168.152191 -181.160019 206.369324 116.757301 -156.506897 
24.662563 185.155502 146.448761 127.803741 104.667099 89.325371 67.642380 
23.348927 177.112305 330.760315 -41.187714 104.173256 230.848816 -63.144009 
52.555458 635.275696 13.483633 578.497375 477.588470 -17.731167 425.306641 
103.537613 198.342514 292.623840 297.652771 137.072678 194.627747 202.269745 
77.889648 419.022461 -20.524267 51.642815 291.146271 -55.300148 2.350745 
68.215546 361.964386 -18.678238 314.937988 264.549103 -55.007198 213.324417 
53.423973 637.966553 -2.243791 606.618103 483.036255 -30.013197 451.297363 
56.877922 415.963867 -20.692348 51.789955 292.467407 -66.301262 8.788936 
13.092669 -176.266983 -139.244141 174.123520 -172.292343 -141.409363 104.386337 
36.971954 598.237122 -89.070831 705.022461 450.682953 -101.453346 532.581909 
119.285233 57.871124 99.559265 -52.401890 -3.649349 51.354359 -74.793976 
22.497608 712.596863 196.698883 582.719360 544.249084 133.202759 431.932617 
5.634943 -105.905792 67.892075 22.841696 -117.331863 22.761299 -12.060689 
54.348774 401.516266 233.787918 140.581039 276.105103 158.698196 81.635498 
11.363650 -166.605789 -175.629150 165.611267 -164.274017 -171.614807 97.316208 
62.130444 343.559387 20.958200 365.260223 248.359253 -19.152836 256.523041 
42.022739 361.844635 -18.451450 315.370636 261.664215 -47.685993 217.089996 
38.575890 368.136078 -36.745586 298.252441 268.539398 -66.725304 201.115814 
48.387611 332.059998 379.000732 -109.472084 245.488403 265.432129 -115.666489 
15.472865 347.526703 3.674679 352.131989 251.521835 -33.216976 245.784668 
60.001228 312.386047 -205.213272 161.513702 220.680161 -196.718018 93.770180 
44.482758 96.826286 199.585800 65.108559 34.646099 131.162079 17.891479 
119.574165 470.079620 103.154846 453.089172 345.873291 50.448402 328.141907 
65.582733 188.272156 293.954315 162.848557 129.736969 196.788132 100.574539 
0.510772 422.013336 -285.919250 130.627426 307.633240 -261.231415 69.119949 
8.926437 14.524103 -43.631145 264.939240 -19.217180 -66.568726 177.724747 
81.198402 213.847824 253.263840 -40.431957 125.284645 175.830002 -65.862617 
48.718613 323.643158 288.053223 -33.676014 209.681854 199.507156 -54.749805 
46.910927 423.238953 -142.145248 183.285004 308.586517 -145.455414 110.645317 
45.600132 153.802185 212.199112 113.730286 79.637527 141.713486 56.571911 
4.791934 222.729065 172.242264 44.158844 133.969101 111.404465 0.495343 
74.597282 212.244904 366.374207 364.157623 148.676666 253.559662 257.248993 
50.141876 576.215210 68.285927 -24.853462 422.015961 17.898245 -55.479839 
9.046296 -14.242637 -18.250492 264.779144 -42.389153 -46.060226 177.586060 
70.159775 401.101440 55.763626 -34.614460 285.197601 2.292120 -65.055183 
83.867813 169.709656 -114.598045 342.902191 106.441002 -126.597885 237.656708 
85.025925 301.611572 196.669708 -101.534805 199.342712 125.095596 -110.143372 
88.571342 282.101715 201.415085 284.883301 171.782028 138.924011 189.626633 
70.852707 526.455383 101.847527 445.792511 391.893127 52.879230 321.967285 
64.085243 150.176788 247.046234 -153.449997 92.911034 161.450226 -151.392746 
1.906251 74.199402 -179.897369 299.390289 31.009909 -174.258789 206.334427 
63.863388 276.285370 198.002548 278.447388 175.204514 129.154160 188.795578 
16.097797 133.091949 215.401962 159.852356 60.443390 145.565674 88.825340 
76.937080 149.505676 246.978683 -153.433182 102.013702 161.173706 -149.017136 
62.484032 -168.806961 39.053730 115.829483 -167.524734 0.267458 60.491016 
94.630882 388.591034 336.438873 -346.384674 270.603119 239.123093 -309.300659 
277.490356 228.426346 188.262436 30.442894 137.551804 121.874817 -8.576980 
97.847404 295.607666 220.498993 299.328064 191.232040 146.338623 204.734253 
51.463501 64.154007 68.311882 103.853470 8.895780 27.490198 47.255310 
1.546269 -89.226395 71.996346 104.463341 -104.280373 25.848722 52.945454 
71.399117 285.846527 -211.343826 304.602081 194.504990 -196.977859 206.590393 
23.859474 160.927307 303.262451 145.727203 84.381790 213.386398 83.335861 
86.445518 178.596268 -146.969711 328.953705 113.816719 -146.234604 230.321701 
147.508133 466.642151 190.327850 336.037415 343.505005 125.054832 231.839996 
37.107174 208.471741 275.925568 -53.347500 121.722916 192.756836 -78.087677 
26.065540 -182.809601 153.949265 172.243973 -181.210571 89.216141 103.907326 
302.880280 282.174255 201.089188 284.665680 183.416443 131.069366 194.982681 
89.119080 285.899536 -211.802734 304.663635 203.665222 -200.809830 210.379364 
73.512787 292.163696 350.175323 -258.563599 193.260696 248.153427 -237.401611 
90.331406 472.795044 59.867386 495.174988 348.506073 20.747084 359.804779 
41.769978 -132.157898 -0.352432 108.550926 -135.781509 -32.653748 67.677849 
1.107127 238.090698 -168.559860 255.232697 159.032883 -163.227951 169.956711 
79.214264 -144.811615 147.651001 199.343552 -148.767731 85.698906 126.963058 
43.231709 401.125671 55.792713 -34.714088 262.498566 19.887060 -61.015926 
47.914318 333.380493 67.481758 0.230881 223.512680 13.625177 -38.161324 
19.180031 399.991791 55.147041 -30.217379 275.870758 2.210101 -59.062523 
38.448544 416.107208 69.703918 -20.497023 290.275574 15.301734 -55.252983 
63.948399 228.081192 366.855713 -0.311863 161.425095 255.900589 -29.540701 
87.089973 -132.646164 1.722282 103.101242 -136.570953 -29.357138 55.300598 
52.926159 202.263199 -137.646362 338.071259 131.983841 -137.592896 237.238556 
53.331238 -113.034584 170.997421 221.782272 -121.346725 104.336342 145.858932 
31.589130 -129.552628 174.787659 224.776154 -134.697983 106.529739 148.333405 
21.215961 -113.748596 162.903107 219.835571 -122.110054 95.328621 143.677383 
4.974367 177.318817 -257.540955 107.835220 110.300201 -239.376617 48.246830 
76.978455 284.643219 203.169098 285.646637 186.275528 130.500320 198.815872 
46.192520 400.807648 56.012226 -34.760044 283.675262 -4.661497 -73.046349 
53.686966 202.719238 312.858612 370.176300 141.085770 210.687698 262.006317 
74.453445 289.004578 348.454010 -247.140396 191.616730 246.988068 -229.978867 
149.341019 339.343781 -124.834007 319.618164 241.349899 -126.966232 216.715149 
74.208115 155.040817 269.600647 150.343903 79.491196 186.028244 86.546707 
51.561954 218.110703 -362.351562 296.340271 119.227699 -319.733429 208.195190 
95.392937 363.033356 408.259277 -279.991791 250.570435 298.338959 -255.010727 
71.473450 339.579559 -68.009468 201.841446 240.809219 -87.937561 126.478149 
74.749321 95.934715 339.595917 97.460510 35.911156 241.872879 41.953629 
64.769165 87.400299 343.576996 94.798347 19.544857 249.538834 36.841183 
107.671982 186.542145 -239.061829 299.347290 116.593498 -220.440475 202.265457 
9.690271 224.318680 352.494141 362.359680 157.585815 243.506073 255.712189 
63.415401 -132.662491 -0.210344 108.245262 -158.939896 -39.889774 45.715420 
43.625675 326.922272 239.510422 90.947693 210.852783 169.298035 36.546566 
0.062296 484.517731 -53.509621 206.734299 352.205994 -84.891006 121.327232 
69.007294 262.039124 -83.792992 329.099609 167.038818 -105.056206 237.125549 
59.368408 72.861786 -256.173492 406.616699 25.533182 -231.055496 291.458527 
94.126114 262.017639 -83.977577 329.021210 186.617325 -85.686630 214.783432 
69.695915 171.737579 -216.986847 294.317627 108.973686 -201.021988 196.553192 
40.601494 71.119896 -254.763153 407.744141 28.639196 -233.889694 289.183838 
52.262566 363.045319 351.120636 -286.709595 242.812683 248.513245 -258.313385 
48.657787 363.114990 351.124023 -286.860870 256.742523 256.867157 -261.110291 
10.199003 219.334579 353.191071 361.543884 154.899338 244.211868 255.318909 
85.374245 -204.682297 162.899490 243.458405 -198.379883 96.205994 163.250351 
67.590889 487.287994 -21.350399 451.913757 360.315338 -44.721493 325.192902 
91.743050 248.934464 -121.850502 329.496460 169.245453 -122.387192 222.748093 
31.247051 363.678650 351.075134 -287.063721 252.387222 251.246460 -262.021667 
2.787684 -56.724869 168.405045 142.897705 -78.527374 101.116608 85.130898 
70.835396 -182.157959 116.743301 207.618958 -180.276123 59.821400 133.309921 
13.176255 14.610185 512.045044 384.996338 -12.071276 373.338928 273.584167 
19.508757 -132.518143 -0.714828 108.298294 -121.088760 -46.032970 43.246597 
29.025846 217.237579 -110.285118 353.976013 143.267517 -115.634781 242.569977 
127.989189 247.352280 -162.884430 168.717392 168.932831 -158.669464 95.061325 
68.696602 401.579193 197.808945 120.217087 276.061890 130.103638 65.418221 
360.742706 328.207001 -218.328156 243.286209 233.190353 -203.351074 156.128479 
26.244059 -132.489380 0.123825 108.201019 -142.684586 -33.799854 59.274597 
82.062798 -132.535233 -0.164755 108.266716 -129.249451 -16.355072 52.867916 
23.580772 -90.063995 -20.021471 97.835709 -102.779404 -46.383011 46.660133 
56.493649 280.116547 292.051117 -270.075073 183.450424 205.146683 -244.412537 
57.136429 136.963074 -135.148209 123.708092 77.448700 -137.492416 65.128448 
43.493389 6.427036 287.419006 155.417862 -40.204418 201.669464 90.371300 
87.049644 192.935593 -135.010834 375.690552 131.071945 -131.689774 261.705811 
41.778461 239.844727 322.722198 13.472657 170.705887 220.877869 -18.608057 
26.767553 -243.060349 42.209183 89.450371 -234.547256 -0.968469 39.912960 
39.541252 -239.190399 44.534000 89.526787 -221.636826 6.757662 40.157215 
24.500504 37.715153 -149.858307 367.181000 -2.707433 -155.944519 258.451111 
26.853407 143.118576 -138.000595 122.631210 92.428810 -144.438400 62.508224 
23.467443 236.361099 -111.006073 79.470711 161.688980 -119.681839 30.689396 
11.106791 236.045273 -110.775719 78.880569 160.347153 -117.162956 26.522596 
7.854406 14.629928 555.436768 402.982910 -12.151315 408.973419 288.432007 
77.594208 146.204178 -76.811073 438.804382 86.473106 -91.459404 317.430084 
6.837758 259.278625 276.008057 -3.145683 187.188873 181.559006 -32.650318 
27.055861 370.666809 48.642525 119.241600 267.404633 5.428404 62.330616 
42.055523 38.463215 251.110260 227.469070 -14.331722 172.391937 147.893646 
71.706787 142.524750 282.928772 -27.824902 76.815773 192.805130 -52.440678 
54.142067 345.958435 397.043762 8.880528 256.441803 279.761414 -22.112740 
60.661945 380.165833 433.026398 21.975124 284.839722 309.732330 -11.207144 
17.311131 -1.099184 -134.765900 366.365356 -33.455482 -139.399506 258.101410 
218.265869 166.147507 -47.941463 147.895416 101.646072 -72.831718 85.228012 
64.736183 262.399261 -86.214798 59.708019 181.408249 -101.696800 13.895123 
53.907871 294.201447 -4.222381 117.262329 203.662064 -37.355808 61.711491 
104.716331 196.530441 -99.640884 371.185333 128.647568 -109.046661 256.136139 
31.604322 286.812042 0.257104 119.904427 199.211365 -34.730995 63.403812 
94.633018 227.727081 -111.226952 336.891327 152.386124 -115.745895 228.829346 
30.634035 444.872406 -94.303810 464.572205 325.644012 -103.912872 335.382874 
46.428192 161.562576 -49.717487 319.589539 98.708504 -69.646469 221.161591 
72.995682 259.717499 -200.966675 456.179962 179.516129 -189.768646 328.683472 
59.165215 167.360809 -191.567703 197.842514 104.262138 -184.872437 124.835899 
100.645317 -76.164284 172.041824 163.038086 -91.862503 103.998062 102.970375 
435.824066 218.602295 -362.155548 296.811981 147.172165 -320.381561 199.316040 
87.729073 228.477844 -143.234192 228.215546 153.201462 -144.956497 146.611603 
30.783834 174.151306 -20.573177 344.137268 108.852264 -45.224915 241.250397 
465.868225 127.336418 -290.782379 429.434204 71.505791 -265.838623 309.764313 
71.640839 182.758362 -342.529175 415.210938 117.094109 -308.583984 297.969391 
32.825832 -17.992512 318.518311 288.698669 -59.858139 226.710098 192.524597 
92.029915 208.311081 -375.446869 278.947021 138.157318 -333.986877 188.656448 
42.599388 -18.057074 318.551971 288.515259 -60.826199 228.050110 201.990128 
41.054035 -7.687816 308.202820 304.050018 -54.119656 219.875183 208.321167 
38.569141 220.229462 -316.376587 224.647476 146.698730 -286.722321 142.835999 
40.196835 -8.766870 307.865387 303.424622 -51.579754 218.806488 210.880768 
47.607861 58.483040 -177.952576 495.284851 14.568309 -173.892166 364.610870 
58.027988 255.947250 -313.254761 297.664520 174.096085 -280.055756 200.712509 
19.473955 211.473221 -319.182648 234.943085 140.175064 -289.402466 151.083679 
98.802933 370.071320 251.994217 -268.614685 255.832321 170.624222 -245.999115 
142.850403 -207.619308 105.828514 77.012054 -201.872238 52.343246 29.781416 
51.155262 -53.281017 139.549973 158.184372 -75.221809 78.461327 94.203880 
25.645586 424.957489 143.994568 -320.060822 299.886353 82.719521 -287.681000 
54.811012 218.386124 -349.989044 287.652191 143.853470 -316.830414 197.039932 
10.195048 451.432281 -175.293182 272.538361 326.947083 -181.786713 175.076492 
49.540207 -10.080729 227.943710 127.320015 -42.234482 151.489212 65.293762 
88.769470 -77.874695 -142.114548 652.150085 -97.177963 -137.572800 490.348633 
23.506577 -53.295357 139.649765 158.190659 -74.471268 79.705833 96.951981 
39.744640 352.044556 294.467712 -361.234650 241.373840 206.478912 -321.549530 
72.402763 327.197662 -350.011475 330.428802 233.549606 -310.453094 228.218918 
60.271500 377.556152 -378.285126 305.077118 274.368164 -333.583496 207.431427 
19.712074 -8.699167 225.373444 130.943924 -36.513245 142.128052 80.463997 
16.611954 359.613068 300.462952 -372.214813 247.139481 211.073044 -329.771057 
50.809372 -10.008990 228.008469 127.607803 -39.733406 149.717911 71.801025 
35.608635 -33.319374 309.470886 141.062408 -60.534966 220.287704 81.634766 
17.334370 192.514069 -136.632034 375.095459 121.099998 -137.750916 265.466003 
19.540388 250.389435 227.737854 -557.291321 163.250565 154.579422 -474.940399 
96.496605 324.272003 333.231628 -361.649994 218.867325 237.496613 -321.796875 
16.717810 248.780518 215.651825 -602.670776 161.989212 144.741180 -512.170044 
1.895488 514.624329 304.824860 -115.830109 372.345490 210.903900 -125.864243 
107.068443 -92.864288 176.441025 179.454742 -137.826874 92.409668 124.860062 
77.312355 -67.190361 190.836197 168.644867 -86.888756 137.193588 88.569923 
65.193329 218.830063 -228.601074 472.816315 145.066086 -207.568253 340.670105 
90.375259 381.511688 165.010513 -301.554047 264.035461 99.923332 -273.007294 
83.761116 283.523956 -12.824138 110.502235 196.308350 -44.220753 54.704033 
12.069915 199.069580 71.469818 73.105690 128.808914 24.289062 26.107161 
81.580597 -143.282745 113.843407 168.638443 -147.454880 58.517181 102.170128 
248.521179 141.800858 -37.922512 393.283325 82.395424 -57.892292 276.160126 
496.882629 -66.976974 191.610123 168.184570 -82.215279 122.591400 102.990295 
130.195602 193.424316 -136.155243 375.807922 123.073975 -131.797333 259.751404 
79.754967 334.641388 125.955811 -238.657852 225.938278 68.131020 -221.209167 
65.470093 119.421036 -73.137779 235.158020 69.460709 -85.617653 143.996460 
73.373032 118.884552 -73.452385 236.849533 62.521549 -87.992737 158.871506 
51.968983 53.134418 -297.086700 584.561768 10.678140 -264.541809 434.434265 
15.357460 68.910454 -306.922302 592.231689 22.248550 -272.648102 440.105011 
16.483122 69.504120 -308.013123 591.332214 23.947365 -272.855377 440.277954 
64.524239 65.123405 -133.944489 502.935822 20.103830 -138.887421 370.236603 
34.821014 91.512329 -281.030212 597.384216 41.516094 -251.524841 444.850616 
62.639069 341.560059 148.983459 -329.428589 235.904160 86.910355 -295.125885 
41.073368 114.597260 -138.435776 362.105896 61.101757 -139.730164 251.316162 
37.084770 119.501205 -73.177452 235.203094 62.492077 -95.106117 150.384628 
42.482704 113.536171 -144.520340 354.467834 60.271061 -143.313995 246.306534 
68.343918 246.493256 -160.819809 389.867462 167.144150 -156.096542 273.213043 
63.364250 -16.762804 -192.967194 583.061218 -47.209282 -179.134064 432.868011 
88.220032 217.831863 -362.308929 296.532257 144.737320 -340.405396 206.282791 
141.760284 -107.930702 191.460419 194.571777 -118.714439 119.230286 123.356659 
54.514130 336.728210 149.256470 -329.565399 224.200912 87.591789 -295.431488 
35.044270 375.786377 169.792130 -310.004150 260.857941 103.499245 -278.552765 
22.686947 118.138725 -56.604176 593.144531 64.045082 -74.346413 445.943115 
121.970467 173.241028 -355.297272 263.741486 110.356041 -315.987793 172.511505 
31.752316 119.963821 -73.549339 234.169388 64.019630 -83.612617 153.700882 
32.950184 155.187439 -205.318390 492.018860 93.398415 -188.942825 356.455017 
18.018478 118.067116 -264.134644 496.412476 63.142788 -236.757141 360.341309 
55.208889 163.614746 58.183655 335.502747 100.652077 18.059448 233.370834 
64.136292 101.073738 -133.994263 310.684021 50.018932 -136.967056 210.070053 
89.166351 373.474487 -168.301132 493.089264 270.931946 -163.346985 359.057281 
199.758713 253.524612 -111.097847 222.006271 173.047348 -118.390648 141.677673 
92.967461 198.659561 -283.163910 332.584778 128.575958 -259.276825 230.178436 
209.424362 148.488754 -164.333710 236.235992 88.997879 -161.637711 152.842545 
86.083862 232.820892 -157.934845 250.658340 156.143631 -156.113571 164.022888 
15.660768 320.204376 -246.053360 471.649933 228.543137 -226.922089 341.568176 
