8.114315 137.856628 -586.790466 -86.329803 64.229301 -410.805634 -84.084679 
531.228149 2.482272 -70.821762 818.133484 -20.469463 -81.737709 492.329071 
22.280993 33.478527 -655.523621 65.579201 3.412919 -453.947296 19.301559 
526.865051 -4.550149 -55.295998 828.395447 -23.364487 -75.540581 496.616058 
1534.517212 -198.868774 -554.599243 -33.531857 -139.254898 -389.669403 -48.896210 
63.088520 221.499420 -359.310669 77.530968 127.088058 -272.483643 -7.424507 
51.193348 140.094147 -279.897125 254.512741 72.324928 -218.351685 124.286705 
65.507515 225.262619 -342.229614 89.089661 130.331055 -260.082733 19.223436 
39.761818 165.823227 -299.251099 218.462143 89.091385 -230.964462 101.493027 
70.325806 221.844208 -359.090912 79.948326 113.241814 -288.456818 48.529255 
56.631363 221.846649 -358.540955 80.059814 143.697037 -264.206726 10.647010 
66.639915 197.174271 -367.680603 54.446373 110.350845 -274.632812 0.656784 
66.582779 212.494431 -338.246521 14.875739 119.849777 -257.230286 -24.692329 
57.701401 225.159943 -359.617126 77.360725 118.641441 -262.012482 21.606174 
86.846504 159.435135 -340.743713 23.827295 83.316620 -257.827057 -21.311089 
41.976852 226.929718 -259.247528 68.881775 128.925308 -202.187668 8.652786 
68.855766 221.760635 -358.720764 79.870407 126.823265 -294.561310 10.323228 
61.005081 221.571167 -358.801849 79.953629 132.978439 -259.546692 18.068453 
47.316391 222.874252 -361.771698 74.948647 124.477592 -274.397766 13.372901 
93.821617 156.826508 -357.641876 159.876160 80.916779 -268.444977 70.817322 
74.055054 202.825500 -355.365692 -149.935776 97.219559 -249.219940 -121.640823 
100.310783 167.621490 -314.815399 -97.659073 83.107559 -234.144714 -83.417320 
110.612358 221.412964 -358.799103 79.849953 136.099014 -247.366760 -8.952265 
184.528137 221.514664 -358.929810 79.950844 127.585373 -266.519989 23.645710 
99.120575 220.560516 -359.037109 79.507881 106.591385 -271.209869 15.507178 
67.923553 198.259995 -344.007538 -135.569031 97.689758 -249.087036 -110.795593 
126.025848 168.095169 -315.268158 -97.729599 73.782364 -224.847717 -86.595436 
60.448421 202.700897 -355.706329 -150.428009 104.819252 -263.042358 -117.192581 
20.467089 114.756821 -359.916779 344.794586 55.828659 -266.005920 182.914963 
26.525383 -485.588074 -115.938240 706.224976 -330.680725 -110.989914 422.146057 
52.200424 -247.539215 -146.764328 482.939667 -178.158386 -128.149109 285.262360 
485.668579 -274.184601 -96.931168 502.259399 -183.911362 -98.459106 302.645355 
185.413422 -328.453949 -90.471283 509.535492 -241.404343 -88.830826 303.162781 
293.299286 -274.792816 -103.954765 496.939423 -198.540390 -96.034431 295.889313 
310.878052 -274.404449 -96.894897 501.915436 -213.460968 -88.113617 287.756012 
274.444092 -296.413513 -128.351685 482.240784 -212.134018 -113.469757 285.138397 
28.516537 40.731823 -289.216888 56.677486 11.804244 -223.869370 4.243026 
95.516441 -285.226166 -101.143356 478.856842 -204.770050 -96.281967 286.009247 
259.808319 198.193314 -385.879852 359.566437 101.741241 -273.708771 206.630432 
70.271927 322.128265 -437.187866 34.247547 185.426559 -315.372040 -13.877623 
682.207092 129.202652 -389.524109 283.416229 52.128700 -276.266296 152.334198 
96.639351 133.969650 -10.296425 7.326623 41.362888 -2.266232 -18.164656 
210.103180 132.151047 -11.466527 7.885333 57.980782 -11.553719 -29.056898 
272.319733 138.540115 -5.626599 12.964006 55.688725 -16.991842 -18.438744 
200.870361 134.578186 -9.454226 8.424553 44.538586 -29.843571 -54.047092 
126.430672 124.205055 -16.742506 2.019562 52.577633 -20.662800 -30.675705 
225.697861 102.628250 6.732615 59.185566 30.728415 -9.218884 4.828910 
10.437791 114.228218 -358.288422 163.122070 52.167404 -262.125153 77.023972 
171.720657 188.437912 -24.813293 -25.107157 96.784714 -33.372684 -57.450844 
100.221527 194.069061 61.922729 155.716339 95.441299 14.525785 70.748451 
173.126587 138.556641 -6.169631 12.925681 63.346741 -16.453564 -18.542343 
103.717255 141.764740 0.420705 -4.193223 64.134201 -6.270112 -52.423882 
357.627258 -187.399796 446.845673 49.844440 -153.635208 271.105103 5.692941 
99.656975 163.549164 20.872677 139.426895 77.211601 -14.127988 55.507877 
353.789764 134.994781 -8.933411 8.662599 43.151173 -31.505621 -8.812156 
147.153091 135.393784 -9.198995 8.844839 70.519318 -1.564705 -34.499798 
212.693695 144.705017 44.381172 -75.062782 57.222080 14.643280 -80.800438 
56.310188 194.625305 61.119740 156.501404 93.101555 13.483794 71.453270 
120.250610 162.117798 164.611206 267.498169 68.945099 89.855301 137.871262 
96.297829 144.818130 16.873032 206.211853 56.329102 -5.704444 97.620056 
256.357849 702.888489 85.136833 259.334229 441.397278 26.508663 143.093521 
117.881424 177.526794 46.501175 70.228722 80.861870 1.540647 17.406166 
431.008728 46.768822 280.923431 41.060093 -1.875913 165.663788 -2.390058 
268.366425 -227.742874 420.541290 101.090820 -181.672516 252.810059 41.230495 
162.409729 9.531553 317.588287 17.092918 -26.572754 187.422119 -17.807550 
10.925844 347.047302 144.404129 -110.967285 186.907806 82.045792 -101.379318 
0.763070 180.650803 64.395538 62.482544 80.002785 25.534243 6.316030 
127.812782 166.193130 -26.073391 142.096481 69.129570 -39.851444 67.620644 
286.423187 -74.951653 457.855743 21.688025 -66.886238 286.967133 -20.979769 
97.592079 18.915512 -185.255249 416.104736 -9.291878 -147.340454 255.193512 
253.110382 -89.913467 557.371765 34.011131 -71.327217 337.003693 -0.427033 
123.172760 130.546844 -7.865305 5.611220 31.339764 -27.059313 -45.328945 
118.307701 167.827881 -7.105409 128.219742 73.378922 -23.904030 56.666298 
125.730492 489.925537 -349.958923 114.299561 297.899078 -256.009338 51.336830 
88.992325 497.007874 -418.067413 87.182083 304.620209 -301.063782 33.786926 
636.450989 167.126465 21.720036 131.225143 75.427307 -6.287055 60.258965 
112.216156 147.698090 41.637520 60.568039 63.067417 6.555947 15.847295 
144.707062 346.059021 -464.792786 -15.448029 204.280060 -334.152466 -44.899422 
159.213516 402.106903 -366.984711 137.482040 237.882111 -270.177612 62.603336 
4389.939453 385.017212 -103.990082 45.568615 234.334442 -89.874825 7.340520 
206.283768 330.651703 165.945633 -95.690613 182.720917 93.739182 -98.210312 
73.349792 189.812149 41.294189 105.728317 89.731483 5.037037 44.110451 
70.749405 19.450672 -185.146133 416.412628 -22.703993 -148.552460 240.885742 
117.398415 343.251801 108.815857 -145.473541 185.227951 58.396713 -124.759361 
85.661362 170.957428 31.515669 127.350227 76.120033 -9.746767 64.734962 
110.737534 365.955109 -497.135590 88.319542 214.584534 -352.637268 33.400021 
94.448181 197.651230 26.575029 100.405136 92.959396 -2.106802 42.293285 
120.370743 402.080780 -367.775970 137.508606 245.503342 -285.638733 75.454308 
394.793335 338.817535 172.392548 -99.536156 161.485733 104.587234 -97.543579 
161.324417 267.416992 48.929157 62.235455 147.808640 13.347655 9.896294 
59.866463 213.524597 62.037220 -29.934341 107.066162 14.402433 -43.170918 
305.729462 539.564453 -446.917480 126.798294 333.831146 -320.534576 60.101765 
65.340797 184.982742 32.163345 140.701614 82.931801 1.475028 65.052986 
147.143082 402.046478 -367.811218 137.403671 242.978806 -260.767975 73.883232 
230.377258 150.982498 -25.043383 133.833221 63.731094 -39.946541 45.416061 
78.570976 141.114227 -323.429535 153.077454 70.415833 -238.714920 69.918503 
228.877777 402.269226 -368.887604 138.048904 236.722931 -261.693146 62.257183 
60.043411 -16.130341 -132.659500 371.762268 -37.204018 -110.412254 216.102859 
53.884613 34.353214 -459.020050 399.939911 1.054054 -331.992249 231.806091 
267.287354 167.505142 81.160629 148.407806 75.416550 34.305531 71.851936 
187.195206 300.653839 37.851143 -71.085548 159.592529 10.564871 -80.210754 
169.399139 170.843658 32.146946 127.477837 73.763489 -2.517871 57.189548 
83.262367 167.447357 -47.211567 142.830383 73.729553 -49.629349 67.825912 
69.780663 122.148758 -9.817136 400.863800 53.728817 -29.112230 237.083588 
69.456772 175.779800 41.095657 143.217499 81.641319 4.155268 66.396957 
363.029724 339.874451 168.650604 -110.209488 187.276230 98.887680 -102.390053 
297.279755 336.642548 170.135773 -107.935753 177.358658 97.378525 -94.383446 
200.807007 171.821152 4.724856 124.817406 76.204269 -17.667076 58.326572 
482.519867 338.058105 172.417618 -99.497932 199.706131 92.399918 -105.374229 
878.992920 125.315430 -344.628113 89.322227 70.711594 -241.759308 35.204002 
64.875076 176.328110 -14.809322 27.800690 76.612625 -23.328194 -20.059473 
79.565643 112.219780 72.619568 -13.453444 36.294514 27.459463 -42.962738 
91.478004 17.462536 -186.215012 418.380737 -10.683254 -145.047470 243.164642 
416.669495 153.433685 -25.764227 132.673431 67.565536 -40.221794 65.522224 
1796.128174 320.869659 -441.791626 33.030083 182.808792 -320.438538 -9.707775 
28.107843 197.516144 -30.322046 16.377951 91.120491 -33.726494 -25.932196 
484.056702 595.385132 -18.477570 164.876343 370.906372 -35.166588 86.303551 
68.068390 -147.293457 -298.291534 88.967026 -107.836273 -218.440857 33.532944 
149.028412 -75.009201 457.879639 21.510406 -52.689049 245.382477 16.259571 
73.449989 -329.348572 151.205902 246.776627 -243.896515 73.245277 135.482544 
70.636284 -114.853966 -288.891113 167.913391 -86.551514 -212.061096 84.409645 
47.528919 122.074371 -9.682728 401.266113 57.125343 -31.131882 225.180740 
590.201172 -123.536659 182.839584 198.211105 -109.500984 93.449257 104.350044 
493.939056 508.494446 -143.716522 220.579590 315.123596 -112.733490 119.876236 
75.403030 -131.456299 -290.449127 122.679939 -97.521339 -213.271408 55.139141 
112.514832 135.439194 -8.902544 9.171422 46.667015 -18.876619 -32.613873 
118.057083 135.229385 -9.174795 8.828380 49.735947 -33.830009 -52.244854 
356.559235 -224.138458 535.258118 -147.714294 -158.760468 322.243164 -117.590881 
379.326599 342.911194 110.372116 -133.229691 187.512726 60.994869 -120.030930 
22.829065 123.327148 -8.958108 401.907593 62.064240 -24.831665 238.536667 
1389.745850 -158.682648 -434.533966 8.638448 -115.852425 -306.286072 -16.179966 
0.011308 123.334282 346.640839 -143.385376 45.174480 206.386246 -123.689178 
262.007996 50.344936 21.533613 54.241943 1.167964 -8.992705 14.140596 
103.113129 71.475021 -183.598801 345.710022 20.212948 -141.628967 198.961380 
146.191498 135.456085 -4.647904 3.675347 46.437897 -13.300307 -21.389723 
80.920341 292.820251 -429.315735 40.724583 127.276947 -295.419861 5.726124 
81.332024 -12.076340 89.613045 112.986519 -41.403042 41.437935 36.662991 
583.475952 309.662994 159.750290 -91.530991 162.865295 91.275490 -93.754669 
154.906738 145.476807 -302.820068 -139.023300 64.412506 -226.760880 -113.586914 
12.415420 508.757477 -137.528091 228.472687 317.493835 -115.376953 120.942055 
119.699326 152.279770 14.146973 -46.140652 60.925179 -5.906137 -62.232109 
1424.098755 136.055664 -313.983978 104.447762 72.922989 -226.764740 46.682026 
446.227631 372.343658 89.008682 265.775421 224.439346 27.391867 147.121201 
90.691086 132.488586 -2.834865 10.324456 42.884796 -18.461439 -30.748154 
2.330571 16.296019 144.470947 82.985268 -25.517521 74.348793 25.030416 
55.070248 63.131622 175.253250 74.143364 4.511534 104.448776 15.370466 
76.520386 355.447021 -307.165619 264.324615 212.047195 -226.653412 142.725677 
20.001036 63.202248 175.310699 74.179184 1.594781 76.534691 22.209681 
55.522301 358.095398 -325.555389 201.803986 213.654892 -239.339798 100.230637 
314.479767 344.537292 155.319427 148.280807 185.701126 87.064102 62.639450 
37.503315 63.287399 175.119400 74.166740 15.163630 94.850243 23.008051 
56.750633 337.063904 -253.747147 349.901184 200.489090 -190.905426 201.556580 
138.762451 358.106873 259.601807 223.430771 240.222427 145.937515 114.050972 
41.304741 159.908264 406.716919 19.068094 66.437271 244.500580 -18.276571 
141.501709 392.502106 241.687531 -176.781357 218.026230 142.859879 -147.606720 
115.196136 335.177673 -583.701782 276.808472 198.104446 -410.559479 150.854218 
73.143967 350.348907 311.664581 196.925797 214.538651 175.623978 103.905365 
100.655922 195.869934 -397.579041 227.122238 104.664772 -284.175385 117.340630 
135.501709 -286.529663 85.844162 26.224365 -213.294693 36.523758 -8.366816 
80.828850 78.388786 59.280228 72.768501 18.686836 15.280288 26.927197 
46.657139 83.582481 5.298373 -18.790384 19.760845 -9.603873 -44.158615 
81.537895 290.329773 299.621490 152.068878 173.358124 167.921524 72.195473 
479.260864 -315.108795 55.613827 14.321052 -237.894745 10.570404 -18.677290 
77.689499 169.418091 -332.533966 219.399399 87.061806 -240.623398 111.971199 
24.239553 -198.893494 124.129898 183.528336 -159.912354 58.733074 93.367592 
82.620506 543.317871 10.515003 186.600174 339.548859 -17.487070 95.425125 
149.729889 -268.793762 43.533333 47.681461 -197.672333 0.115692 10.311887 
183.634811 281.982574 104.572792 87.411606 148.496506 43.496773 32.336723 
100.346863 358.060211 259.622040 223.133652 206.078369 138.160599 126.519096 
1705.000488 246.284821 -309.788361 74.409416 149.931412 -223.691971 26.437727 
75.438171 339.596497 302.937042 213.639450 208.151627 169.501648 114.644478 
134.166367 -173.810410 -30.539629 92.161079 -135.974304 -49.096348 37.572884 
153.891678 -64.537514 415.198822 79.742188 -80.483788 250.934723 24.976549 
165.278229 274.361237 220.959763 174.041504 143.316284 129.705185 80.986473 
120.638214 -52.185974 -139.873276 173.739090 -45.402065 -116.035934 88.140823 
100.550026 65.088638 -99.583267 79.923958 30.161037 -89.693977 30.880947 
98.802231 221.720840 -228.900314 261.985535 120.314201 -172.734955 140.918030 
89.003670 357.774017 259.603760 220.827179 220.712921 141.060364 118.789841 
118.191467 -65.340111 -259.405365 148.829620 -54.573002 -193.307739 72.134674 
107.304390 219.820206 -78.140625 186.123062 128.549072 -78.728851 97.722984 
156.767715 137.883057 -294.438324 369.425751 70.882591 -217.138657 209.262344 
52.186195 41.548935 32.097435 93.993004 -17.791008 18.931173 48.791920 
11.967634 101.802521 -269.596405 71.166428 58.039902 -196.997604 23.705641 
335.565613 -72.458389 377.672913 78.506477 -87.759499 222.609741 25.523169 
1.124693 338.460815 170.771912 -103.056999 178.533432 99.365646 -115.498314 
64.482544 216.876312 -235.821640 262.459290 132.335022 -162.823120 136.462173 
77.626518 122.165657 140.303299 23.577248 49.776814 74.763290 -9.032582 
73.518410 358.013489 259.940857 223.378311 210.713074 129.526733 125.653702 
638.656555 253.461212 192.591934 415.299316 151.446671 109.040459 244.238754 
46.143299 118.625175 -41.460186 75.280022 48.910854 -51.352409 26.589247 
976.092346 324.743134 -137.453384 358.739319 200.760757 -112.354156 203.424393 
84.823288 358.735260 258.983856 223.300812 212.192612 143.285416 126.608261 
647.386108 227.301239 -160.117203 461.757233 126.271820 -131.163940 282.367432 
13.517016 330.329041 -190.150192 263.496704 202.592178 -146.626648 146.555267 
74.347672 340.203217 263.645874 199.708374 206.757339 143.624741 103.702240 
840.937256 261.710541 -88.465935 414.140350 152.466049 -75.990097 245.845016 
147.538956 244.024063 -35.428989 253.840729 160.887360 -38.643402 133.010483 
142.190292 270.388916 -2.382626 377.597839 161.993408 -29.013708 217.542282 
264.109192 41.860344 32.199074 93.710739 -3.419283 -4.576334 37.090267 
120.071922 -104.242828 102.705612 37.920441 -107.577995 50.129330 -6.279079 
76.161217 216.741425 -235.855621 262.492310 109.268387 -183.144424 144.643265 
76.976036 175.978271 66.657806 191.553955 82.250259 17.993717 93.224258 
61.064785 313.365753 -410.263611 -35.086105 199.438110 -296.403656 -50.452194 
123.390732 244.095200 -35.404350 253.790222 127.102295 -62.553322 143.986023 
320.418610 276.684662 -155.419830 449.404999 164.700607 -125.094917 268.191101 
784.554626 -100.627419 7.547368 56.771473 -96.636810 -20.966635 9.739549 
21.851423 202.018372 125.065636 154.566803 96.473251 59.344025 76.488350 
193.834015 300.786438 161.604218 -100.742989 164.800446 89.604935 -96.563293 
969.363281 390.860535 -134.154541 355.226105 250.445480 -110.925827 201.094589 
156.460968 -29.489786 441.946838 49.104637 -52.561306 275.368256 1.339387 
77.741676 461.106323 116.586609 226.377457 283.078400 45.333523 119.486916 
123.976425 117.271210 -170.667191 79.942902 65.853210 -132.564453 29.806456 
60.271202 103.024429 -249.239731 100.892593 57.662922 -184.263641 41.615421 
21.650700 300.897644 161.538757 -100.761086 151.325989 106.778564 -66.868568 
887.028015 316.535004 -82.442734 402.777893 193.138107 -76.192963 235.565857 
75.968323 343.819366 -242.125854 195.297852 209.806351 -177.468521 103.120438 
89.870117 483.243561 -27.729950 322.571411 298.529388 -42.658066 179.258820 
68.626167 -17.583920 -286.621094 196.560364 -34.625751 -213.898376 99.099709 
71.739227 327.535217 -199.969482 256.002991 196.161545 -153.755112 148.985077 
38.020683 5.264695 136.416992 133.235855 -7.962109 63.421474 64.515793 
124.169930 162.646286 -326.313538 262.491394 87.632233 -242.518982 134.782150 
264.826538 -246.190536 218.080032 230.156494 -191.011871 116.989349 127.300980 
85.888573 -70.378525 57.624657 -17.211601 -76.697380 12.615129 -32.310375 
66.510353 -71.095116 61.389229 -3.104251 -78.347839 15.125115 -22.620501 
81.022583 162.200638 -324.877991 262.624603 88.675850 -244.336075 146.582687 
69.751152 327.509705 -200.152252 256.466370 203.561676 -146.528397 136.045471 
86.132500 413.888550 179.293274 346.364075 255.925278 88.327576 199.158234 
97.954041 413.886597 180.991348 345.920319 251.438309 87.317596 194.213791 
31.659452 -71.181007 61.386547 -3.136691 -74.390793 18.849804 -28.645655 
4.770376 344.885559 343.086487 137.749832 186.158997 208.084763 55.521343 
132.321228 61.918831 -26.887957 169.731735 33.518738 -43.722008 88.546181 
153.123032 162.788452 -312.143463 363.971039 87.249725 -233.443405 207.418915 
52.741608 54.368828 469.913788 -118.507759 8.557808 289.367065 -110.501740 
1.924156 115.259865 -194.840866 134.297546 61.748199 -147.032227 61.937405 
67.520256 52.758053 115.872871 206.506714 24.557875 46.003834 109.024750 
50.335018 54.267326 469.921631 -118.445702 -10.622087 285.555267 -102.044128 
76.453239 -21.323256 -18.518105 161.053223 -27.237476 -40.252964 79.517815 
66.376617 -125.631287 169.474380 116.346054 -93.112488 84.912178 53.875687 
87.056480 313.010162 -410.548492 -34.852516 179.765747 -302.736969 -46.039459 
87.300690 88.988068 35.571682 172.943604 27.102068 -1.870566 83.160805 
819.161682 326.119934 -393.651855 167.163467 198.516006 -274.892792 84.288391 
260.479523 139.565094 420.710449 198.329651 73.182533 245.031403 100.650620 
74.304886 96.603416 -79.652580 147.575027 51.990971 -81.182831 71.919579 
82.824120 29.740734 -62.113659 150.388535 4.284645 -66.028107 72.458054 
269.394226 43.897423 -32.046787 163.198853 16.982616 -50.160072 83.243828 
85.910988 24.011524 -34.215839 143.745697 3.582077 -47.568501 76.675140 
72.449539 275.974518 185.744522 -71.679977 148.567947 102.723175 -75.174660 
70.306938 44.051136 -32.868244 163.193298 -1.133177 -49.401981 73.040154 
41.682873 213.499161 -86.283501 176.921051 120.451874 -84.596199 86.458763 
56.941505 96.293633 118.124382 28.088770 29.867043 62.128212 -12.679782 
170.280548 24.458944 -34.201984 145.389313 0.010204 -49.035698 66.687439 
291.923828 -32.145359 10.208488 49.525230 -42.728470 -19.896065 7.051258 
0.375780 470.385559 37.091522 241.241837 291.244232 -7.247175 131.448196 
0.532096 -33.441719 232.935303 88.366524 -55.921280 132.477463 23.071451 
67.735664 -194.021713 -119.964874 2.091318 -151.824478 -110.177666 -29.836758 
50.841267 105.889900 192.464249 -26.514730 31.458679 105.138580 -49.920532 
1.695474 165.741013 26.758610 132.674408 71.698090 -5.668760 67.183533 
80.787811 29.755001 100.303864 134.260818 -13.421880 41.943573 65.446426 
55.744156 141.122650 27.848997 16.484161 64.535545 -10.019808 -15.829972 
46.531673 60.281292 326.427521 16.767834 27.407057 186.780350 -11.299145 
60.539608 233.580429 -301.395844 125.484764 138.281052 -219.796860 59.169289 
95.799927 312.158264 -410.700470 -34.455696 191.293076 -291.485138 -39.519096 
131.288040 352.612976 52.017803 388.629456 214.627136 5.574160 224.241318 
157.399612 -32.024048 10.553204 49.193050 -69.538147 -5.725983 16.692150 
59.283676 52.621159 203.835876 76.916740 0.637266 118.701866 21.874002 
117.787422 337.944977 138.918259 320.604980 204.279678 60.607681 180.886490 
65.635529 350.938690 98.932159 256.765076 213.911118 34.596813 139.559677 
94.240639 197.984467 -596.944580 8.147020 105.448578 -415.482697 -21.244841 
0.544295 54.382992 82.716263 174.055023 4.857556 29.943041 88.686661 
51.264919 96.375160 25.372129 0.323234 51.350693 -7.336084 -19.921333 
262.512817 392.236053 200.889359 263.484161 238.556961 100.884331 147.378326 
70.211960 110.526855 395.700500 -13.576276 34.422279 238.095688 -38.230537 
7.887614 -171.097092 34.170044 173.740128 -141.911102 -2.176914 89.895470 
22.300619 211.654221 -266.770996 -72.313820 125.705093 -194.977585 -65.766296 
12.359972 56.688824 186.747025 71.853844 0.885256 101.763138 15.759714 
24.203976 -1.483737 153.249237 -108.827797 -30.186689 74.406166 -96.293602 
537.464050 219.860428 130.320602 77.245888 110.823280 58.673927 25.960672 
70.433212 227.464706 -296.160156 -113.014717 116.675758 -222.253235 -96.972916 
73.218353 213.811432 100.923019 67.167183 106.780449 39.745728 19.723757 
90.473351 69.100533 102.573669 75.683937 30.325962 36.620991 26.655842 
18.068111 -32.522888 133.691696 -99.388504 -57.894955 62.505470 -90.537483 
123.862427 175.948624 -543.195618 7.166088 92.294403 -380.830322 -22.328419 
99.824585 -248.808533 108.485695 469.299988 -194.637741 54.018467 270.154358 
243.673981 210.350433 68.899384 9.679596 100.881630 25.592026 -24.950108 
37.143799 235.829102 -304.690582 -106.957222 121.353760 -226.755341 -93.671288 
48.063465 -215.714890 98.492371 501.663910 -173.564590 47.442196 291.112640 
34.806248 194.733719 -278.181763 -144.491653 94.405952 -209.775406 -118.367424 
45.250736 -290.287048 109.866951 502.545258 -221.495468 54.745354 291.805359 
1.330295 62.137871 -24.518007 57.226780 8.732856 -35.859016 15.711233 
24.528809 147.087570 322.987946 144.687515 58.749218 195.495499 59.910259 
0.900133 290.416656 -468.040375 264.400879 167.485474 -337.102325 142.091721 
124.505707 202.364578 -540.203064 24.074898 110.919456 -378.753143 -11.813887 
69.224472 273.618652 -399.865906 189.092850 157.306229 -292.115662 93.049484 
83.407867 196.905533 -502.277863 122.181061 106.431717 -352.830292 54.462852 
7.251449 93.715996 -340.791412 -301.127777 48.322235 -243.191650 -215.532654 
65.311562 52.943985 -517.320129 -543.642456 20.524105 -359.627655 -375.253510 
38.383850 209.376617 -524.799988 64.779907 114.190804 -367.998993 15.296178 
62.074577 240.173553 148.893814 240.025757 132.451904 69.955353 134.726303 
131.208984 240.251740 -352.565857 -39.859039 129.972321 -269.350555 -62.360474 
61.997097 191.149673 -342.167450 37.884762 99.039742 -261.315887 -9.167466 
83.921585 165.173538 32.815311 269.061401 93.140816 -8.199871 147.529861 
112.892578 268.770691 -392.136780 42.677292 149.814514 -293.768799 -6.368577 
59.702557 240.772095 148.403687 239.881500 121.076492 80.247421 132.598816 
69.833115 -48.516167 93.501053 248.687119 -60.949028 34.283955 131.656189 
75.808640 150.935349 -24.944426 133.917114 72.038010 -19.030550 84.667694 
57.819809 240.089478 148.489532 239.965424 118.066132 82.757744 124.714424 
107.037369 313.439484 -338.403015 243.073181 183.318924 -247.269485 125.374916 
107.118011 201.076996 -355.262695 -28.258520 105.651169 -269.310242 -55.015781 
30.459953 191.607224 57.367378 195.501663 88.722130 16.473318 101.470924 
18.300615 51.690502 201.294388 76.033028 -3.686636 106.792969 17.740000 
74.597183 165.815063 229.851944 -76.955040 76.277771 125.401726 -74.775436 
23.653746 35.655231 185.068436 95.792862 -5.889210 94.189972 36.313450 
66.280327 355.471649 242.487213 387.608124 216.793106 128.478455 223.864578 
136.337479 166.149567 229.499435 -76.357414 76.178482 115.474770 -68.959854 
63.936752 100.508499 323.670471 -177.317978 31.008312 187.831970 -144.447311 
58.608295 109.112244 434.446472 -111.826302 34.569443 263.814758 -103.451263 
81.657898 230.626846 -375.705780 97.882736 129.863800 -269.394653 34.709301 
38.575058 -33.030560 133.252609 -99.688644 -48.839478 60.177872 -89.293755 
65.196602 318.167114 -441.817780 193.350067 184.101761 -317.971558 93.984467 
19.135468 184.767746 221.546371 96.498581 105.821922 114.130272 38.793270 
26.471992 100.510597 323.704529 -177.296661 20.689161 192.708847 -152.329193 
42.848022 231.865738 137.169098 238.532684 116.005478 66.710144 130.277771 
82.640366 203.843170 -466.283997 77.164291 112.427284 -330.791504 23.400164 
50.604042 310.869812 241.760651 246.289047 186.446854 125.545647 136.961899 
6.070574 -106.840767 -9.327357 89.658852 -102.079582 -33.424465 30.869215 
15.526692 231.357193 241.398926 157.342728 112.666100 142.536240 68.773132 
53.147491 279.765045 -290.036743 290.264893 160.105499 -214.107529 162.021698 
54.985695 293.300995 -246.178131 302.590881 169.272644 -184.321655 170.660294 
12.927618 181.515366 227.875397 89.458855 103.673180 117.897461 34.619068 
53.090912 284.487213 -396.520233 234.064011 163.354263 -286.548431 123.909615 
80.505234 526.822998 45.380455 346.139771 316.779938 -5.123329 182.527588 
46.066326 261.930420 -366.129211 269.802887 148.231781 -266.447906 148.496231 
5.149296 -293.757446 -147.829941 263.289886 -201.904083 -119.402954 146.539017 
43.455009 471.642609 186.340668 455.864502 283.013184 98.092102 270.144440 
42.379353 265.765961 -298.097198 277.544617 151.442001 -219.405060 153.925293 
164.623917 654.258118 261.631836 564.228577 407.453308 148.430359 343.323059 
43.036156 655.816956 260.449432 565.140442 403.770935 146.662689 346.014343 
41.602196 704.588562 334.162689 610.495544 440.496704 198.202637 375.123352 
44.451706 653.513123 156.686386 559.646057 404.681396 78.990417 359.263000 
35.625076 240.006470 148.464432 239.969482 109.672432 56.079430 134.827682 
67.976593 269.810608 -312.018341 -15.360086 159.578735 -234.235184 -31.669971 
21.172670 213.475266 213.594574 -35.613865 106.386955 116.295891 -45.595856 
89.582901 184.102936 197.340836 -100.378517 86.584152 104.412956 -88.334183 
48.360142 641.003052 121.092949 511.319305 397.049438 54.638302 308.722961 
14.478669 172.917938 194.975784 -21.626614 78.775208 103.714890 -35.965450 
44.738472 653.121948 257.219177 530.348389 405.799255 144.929153 321.333405 
54.453579 239.277557 -433.455902 268.810669 133.487808 -309.506470 148.067581 
57.233875 654.424744 249.316620 568.293823 406.654755 143.224472 345.308777 
43.577061 241.767624 -425.412354 268.815155 129.431488 -308.915497 142.346649 
69.822418 82.461769 -1172.096558 59.729237 38.745052 -787.938232 15.417253 
206.984268 -278.629120 134.871414 140.793152 -213.688446 66.294357 66.858170 
43.922905 242.017792 -425.261108 269.036713 139.604370 -305.411255 153.438019 
629.688477 285.758087 189.636169 -84.069725 153.612488 101.366219 -82.911522 
76.436028 161.317993 330.042145 8.357183 79.038170 196.507401 -18.527813 
61.103882 159.671295 -10.193868 140.262726 64.327446 -24.905048 68.432571 
69.694527 117.704025 291.890778 12.593473 43.381054 166.092361 -14.054243 
45.338654 164.295715 340.634491 15.876451 75.033569 197.617035 -12.478019 
55.181625 161.551331 330.087952 8.286915 65.014816 187.513062 -14.750532 
47.536610 240.647491 148.238403 240.118652 114.753044 66.202156 127.982323 
19.443785 -250.299133 -98.127289 359.905640 -173.357483 -86.804428 209.583603 
61.991425 100.864311 369.461151 -92.823936 29.649656 221.716278 -91.862709 
0.499420 269.165344 -353.302979 67.520256 155.143402 -254.771118 16.472151 
58.345268 267.223846 58.702576 270.126892 160.694901 7.691969 149.240112 
55.563148 346.771210 -167.758072 -91.220901 192.615967 -137.611771 -82.186325 
13.321988 251.680038 87.918510 286.601746 149.234833 26.869509 159.287613 
66.282188 169.599899 189.323944 -223.478210 76.865906 98.273651 -171.126007 
62.249969 269.824585 70.301308 282.622833 162.344131 14.912266 157.084503 
53.710258 153.433243 87.639687 236.160660 81.310860 27.264036 124.811539 
164.714447 653.177979 156.323639 559.530823 405.520691 79.905960 334.390259 
6.937255 -259.832825 -80.404358 248.241928 -180.091644 -74.550613 137.141693 
73.349869 346.353516 -472.557678 -7.453918 204.111511 -336.335175 -42.681343 
70.296432 165.976471 229.737061 -76.496361 74.687515 150.304138 -74.265160 
43.225937 204.922165 218.331070 99.289520 118.455078 112.264214 41.634205 
50.538952 197.716705 261.923004 -252.130386 95.860832 147.263245 -190.687149 
163.758759 137.573471 -452.610596 -236.110596 65.270813 -332.994690 -190.575897 
60.265537 212.959763 77.198097 265.822906 122.743378 20.183340 145.903564 
128.516937 49.775879 -197.924255 105.657990 15.314916 -156.314560 44.351128 
945.255188 196.318329 -96.438675 166.607330 112.198830 -89.425423 82.494537 
71.674301 175.312866 344.810120 14.517771 78.033043 207.425812 -22.453810 
82.797279 20.352083 186.181107 47.235641 -15.873919 95.109283 6.952088 
83.113449 173.645584 137.625687 -118.155479 79.103142 65.364243 -101.260895 
166.248413 333.159790 330.634521 -47.412567 203.034119 185.446198 -55.525238 
64.470947 67.795242 188.843887 -16.444107 13.948459 96.804596 -35.358795 
138.509689 78.640129 164.782166 216.091034 35.610195 76.235359 117.304390 
48.403816 270.064972 402.471039 54.717327 159.967026 234.500351 14.130609 
48.817394 362.360718 -454.579041 -25.224604 210.559158 -326.015930 -39.725388 
56.277931 330.038269 -404.920227 83.040222 193.656052 -291.491699 25.140635 
65.616898 281.360962 -542.871033 -17.497684 163.613159 -381.725403 -37.917099 
71.308464 132.078247 -565.553345 30.043001 64.155579 -395.279633 -8.144214 
48.741138 326.913879 -406.740936 95.525490 195.537903 -302.155365 23.944818 
87.769714 343.931427 -470.394531 -15.951573 192.078903 -324.458191 -43.898479 
60.549290 313.879242 126.371574 122.768265 192.371902 50.350262 50.671974 
51.601463 309.712372 -400.239777 103.647202 181.056534 -289.322906 38.602367 
99.764610 352.122101 -485.713928 -19.769062 205.366913 -341.144409 -36.453949 
0.731702 382.580261 -532.613892 72.753067 227.191605 -373.888947 18.387182 
51.587727 327.002838 -406.708344 95.505493 187.295273 -285.323608 39.518436 
52.450115 134.124313 146.436417 78.564186 75.417091 65.452110 30.420691 
241.780884 143.472549 128.616135 160.626938 59.239693 59.385639 80.359016 
170.921234 345.816528 -543.770752 55.946423 202.625809 -383.175507 7.487696 
40.703991 279.209900 -594.103760 -6.581752 158.431488 -417.692352 -32.594364 
37.134224 325.907776 -409.094269 94.056396 192.356598 -289.921143 33.999241 
43.707375 64.812141 214.138474 114.391136 12.868160 113.122658 49.170959 
171.668167 347.180878 -471.112152 -10.111633 191.632050 -336.842468 -48.538673 
98.606232 393.068115 -499.388916 -20.836246 231.510345 -354.166016 -41.198242 
134.178345 343.233124 -515.424927 -22.086067 200.661942 -365.436890 -42.049236 
116.686050 361.750580 -496.474731 119.075989 213.001587 -350.685577 48.473801 
144.480209 350.985260 -485.480743 -11.034630 208.645935 -348.139404 -37.489689 
50.946774 249.076157 182.981857 97.338287 121.241005 93.778023 31.916281 
49.155838 248.842010 183.206909 97.498512 129.096115 96.380440 49.079292 
296.873077 345.133118 -470.821625 -12.031398 202.332443 -337.632294 -32.328289 
79.656334 295.443420 243.109329 -119.181877 160.726608 131.849823 -102.558296 
108.458488 413.853821 -462.851959 38.995441 291.756042 -325.050690 32.325523 
75.346863 342.660767 -469.754669 -9.539120 203.512405 -343.331207 -43.322765 
87.149323 138.521835 437.056824 508.564453 74.682045 256.500061 303.437378 
82.791786 316.802521 -470.857758 -4.768973 181.640533 -335.898834 -29.912127 
84.552193 263.860199 269.089142 -246.706924 139.515961 151.886688 -185.668091 
86.051147 383.208099 -340.749725 365.180237 231.175720 -256.375427 199.796387 
31.793509 92.121742 -148.573074 64.342941 42.222427 -127.491371 18.250385 
604.847351 346.415649 -471.056793 -10.351023 197.703888 -335.818787 -30.983112 
45.988743 104.684586 365.057861 -96.205788 31.302578 218.011368 -91.215179 
74.996567 641.380188 179.299789 542.469116 397.813507 93.534340 329.522675 
144.224030 303.637299 -432.883820 2.576566 172.414246 -308.460083 -23.524099 
60.786232 204.732147 67.741127 199.318420 95.006264 22.996687 103.064445 
139.671616 347.906281 -624.590698 109.855186 204.559509 -436.563629 41.699436 
62.809437 -275.185059 153.753098 16.263037 -208.501968 74.386597 -15.240452 
559.541382 -274.533630 136.321915 139.540253 -208.626938 60.900692 66.158531 
29.804800 383.199432 -340.726135 365.146790 215.770599 -252.725845 198.463913 
48.157383 249.039032 183.267685 97.524651 130.198471 91.494560 38.545162 
56.224331 86.607735 311.973267 -118.998466 20.710569 182.683121 -108.532227 
118.163933 527.302979 45.553696 345.937012 319.257263 -5.236025 192.487244 
100.990143 258.039825 240.013214 -134.469940 137.996460 137.736664 -116.060356 
90.364853 258.321320 240.256012 -134.704315 129.118118 133.166840 -115.997963 
44.845924 240.250931 219.426865 -210.170288 122.993469 114.247108 -160.069595 
45.231033 253.291489 180.120193 -196.070587 132.389938 92.646751 -151.340210 
38.875130 239.950729 219.110153 -210.217499 123.529190 117.851433 -161.851761 
87.437660 61.504154 107.485603 -67.349960 9.316593 45.179043 -68.607414 
123.479584 302.736298 -413.165619 105.333725 177.932220 -296.696869 38.424667 
115.886803 654.089172 251.197037 516.292786 406.148529 142.936081 311.245270 
119.519524 501.052856 126.088272 343.715302 301.533630 46.952309 186.997467 
50.075497 123.121796 149.793747 118.802505 46.664402 74.858093 49.572784 
67.146324 60.614891 112.014236 -71.718826 -8.939069 36.482941 -70.658745 
78.043159 277.147919 -295.800171 228.031738 157.974152 -225.955902 109.471870 
56.557663 165.124176 88.519211 88.506699 76.059685 31.524092 30.325735 
67.303940 286.885284 -544.471558 -12.081403 165.317398 -382.413055 -36.898132 
32.202789 173.201630 338.681122 15.192627 73.847061 195.657761 -21.210663 
39.409492 202.214737 260.539551 144.957474 117.917992 139.095993 68.688965 
57.608898 272.482697 129.783707 245.693298 139.715439 64.395042 133.783997 
153.285522 186.167542 363.243347 5.529548 82.756828 216.088760 -27.033026 
34.221272 69.659721 134.106750 13.072408 28.651159 56.258129 -15.783817 
26.605986 -259.484039 109.679733 126.013130 -202.136002 45.636482 58.338535 
181.709488 160.787201 314.887329 -63.817482 75.623581 180.516342 -65.228775 
66.465370 110.793381 395.272430 -16.217697 35.735634 236.613113 -43.196236 
79.214508 164.979141 275.958862 -28.748945 75.197327 153.212326 -43.431156 
240.843140 46.267101 87.193771 70.832687 0.887479 30.872272 22.023621 
265.813446 464.237823 403.397461 -435.969147 271.754578 240.990662 -313.611389 
87.705757 292.491669 374.988861 -127.521141 158.298401 222.352676 -105.735504 
0.173782 316.886078 293.692017 -301.943085 172.571472 167.860107 -224.479630 
91.522942 232.163101 -495.986023 -21.582491 125.969627 -362.598846 -48.169270 
49.935513 95.641708 274.263977 83.892883 27.666729 156.470856 27.012857 
0.139583 517.992676 50.185993 583.260010 316.476898 10.150823 353.622375 
91.993164 47.121937 291.358459 199.878098 14.034760 160.259827 106.558243 
10.253804 134.185822 146.477219 78.547340 64.715591 59.879307 29.070385 
90.321053 216.830261 175.741989 296.288513 123.701462 84.839951 172.457642 
65.518250 231.250122 -211.505295 299.789917 129.967499 -170.174866 155.406479 
70.950996 209.010284 174.451538 297.704071 120.790932 84.277016 173.034882 
352.268219 387.974304 -431.332489 -6.311513 224.353500 -318.399353 -41.584148 
72.883339 240.219925 -74.409737 -224.876526 124.003380 -80.314873 -169.773331 
820.657593 234.688522 -370.631683 -24.125511 127.511101 -277.491028 -49.031399 
67.675674 208.459534 80.736183 -182.212891 102.355690 28.813387 -141.736053 
92.771973 216.178009 313.009796 144.816406 106.048073 182.794342 65.991936 
85.662308 240.279541 -74.565575 -224.941849 115.595100 -66.849846 -172.201538 
111.536644 164.678085 -461.649719 -27.311161 78.748863 -341.416840 -51.661060 
45.838337 -164.765427 190.354797 203.232452 -133.816727 99.002449 106.996071 
30.523638 36.844276 172.220200 -453.687775 11.552839 82.248688 -317.957947 
68.733963 240.630829 -74.790039 -224.899414 133.612350 -82.767616 -169.932846 
1.191690 9.705727 181.296982 -421.947083 -6.084652 88.002304 -297.131622 
12.752829 -31.775801 34.696255 12.120824 -53.987614 1.440525 -17.542040 
15.033041 -31.767260 34.682442 12.117152 -50.951996 0.128596 -19.445045 
76.745354 353.345825 -118.744102 274.997650 206.845337 -102.081680 151.519058 
5.928207 406.934814 185.837967 -109.200462 229.895508 98.785294 -98.917557 
15.286290 208.170731 -101.850410 59.702637 118.451172 -93.597847 16.412361 
159.714890 649.529114 -127.706573 446.316498 406.019104 -111.969589 265.507904 
51.425461 330.838287 282.028076 76.334831 200.108521 153.831436 25.973621 
40.541481 367.688171 -488.199066 87.277130 217.624207 -347.245331 26.072151 
43.735207 240.201736 218.918411 -209.822464 123.942734 120.142448 -159.661728 
72.193840 200.013245 -701.249512 388.037537 109.360916 -488.677399 224.349655 
25.468006 68.947922 129.452423 -33.448154 13.898870 60.570045 -43.459042 
18.417517 239.746490 218.829559 -210.279434 125.211426 125.238670 -163.599030 
39.073723 670.488281 204.370056 582.080627 417.204773 111.377068 353.222351 
73.077148 387.191254 463.559998 -18.600145 238.033783 274.058746 -35.648350 
156.686325 -160.222427 83.778999 151.990356 -134.639938 30.501587 73.544174 
71.850296 -173.732742 138.311417 150.622543 -141.538574 63.652817 72.376053 
52.336506 218.535294 217.210846 182.537079 127.573807 110.872108 93.857193 
73.986946 -192.474640 216.247559 129.494324 -145.862076 124.322090 69.665176 
42.768158 -188.040268 117.472870 145.005966 -150.919128 53.730892 57.763355 
91.479935 269.307037 -482.609711 91.933189 153.956528 -342.024078 31.463083 
38.799126 -188.132904 117.456108 144.766983 -149.105423 52.941319 66.601250 
55.272972 337.316223 -559.594604 86.075142 199.063690 -392.194153 26.798319 
64.343338 420.908661 241.379059 -178.438766 242.048370 131.054413 -142.591415 
11.788527 278.747162 -546.307251 59.499458 160.748734 -384.650269 11.292917 
1.601488 275.673676 -199.854080 -32.587208 153.510910 -166.141342 -59.176430 
10.554440 -232.934448 40.007828 143.753555 -178.911545 -1.092376 69.663490 
3.027258 -233.682922 186.397400 266.911072 -180.246735 95.949043 149.807434 
39.299431 254.785309 -320.558716 -143.503754 138.878418 -245.529236 -130.203613 
101.319969 75.772194 430.015991 -52.230911 12.659509 260.439148 -64.948807 
32.865681 319.910583 185.331512 -336.194092 180.855850 91.492302 -245.630463 
13.581823 158.267776 297.189453 -44.450050 73.846893 168.626709 -53.967033 
26.231693 319.890320 185.251358 -336.191040 172.171967 98.114922 -246.363632 
18.970354 319.907410 183.961853 -336.131439 177.754028 100.847458 -246.274338 
91.266510 255.874268 -114.798065 266.793152 145.199738 -102.419456 147.637177 
1916.154907 198.338974 -510.697968 -198.745163 104.083733 -369.936249 -166.134857 
31.152767 -188.089493 117.412590 145.059464 -153.174042 41.687862 92.975517 
44.701530 407.343628 233.232513 -199.448593 233.582153 126.005745 -155.981079 
29.749029 432.088104 222.034866 -144.926941 249.425232 118.445114 -120.344337 
21.115097 331.795074 215.483978 85.256996 202.639938 108.792061 31.854845 
127.604347 308.787537 240.994019 243.737656 186.242493 126.419083 133.200104 
53.992771 -238.704605 143.555847 229.805740 -183.334564 67.484238 124.759514 
61.781948 177.941086 287.419800 129.383423 99.312889 158.193390 60.348366 
45.481712 213.764740 256.306519 139.380859 112.441757 147.617966 56.633770 
18.080914 10.442463 84.244408 141.867844 -23.247488 28.425356 66.139099 
27.480629 -238.826126 144.110458 257.867279 -183.470322 67.867424 143.329941 
67.995972 -183.011078 135.788269 178.718307 -146.596344 63.246571 91.440964 
88.144463 275.554840 181.192123 115.084877 141.994400 95.102936 49.562210 
106.887146 -231.255417 226.522415 148.273224 -180.021790 119.823318 72.350510 
60.131882 249.420502 180.861038 100.783661 124.286720 98.044662 38.304588 
62.454609 538.576660 -85.770470 315.332397 332.600464 -86.273918 177.558487 
15.252312 280.693634 233.791656 88.049431 147.976974 130.255386 29.527330 
5.386392 -255.631195 15.971840 150.166214 -196.031158 -15.203798 71.161484 
68.699417 339.886047 96.036461 449.886780 171.809555 32.764786 268.738281 
63.600056 339.834167 95.977173 449.750885 197.238586 41.306351 262.581085 
48.167740 339.665283 96.108459 449.916870 200.053772 19.311905 246.669556 
1.435655 229.885025 370.546570 -134.951233 114.920731 221.264908 -116.086044 
73.989296 90.035423 442.613403 -3.711927 26.675167 264.161804 -26.245766 
79.244331 403.969421 357.725006 -89.158897 229.048615 210.604187 -82.126266 
64.430664 380.827271 341.640625 -48.477394 208.398773 198.972778 -54.393005 
50.283909 339.762146 96.069611 449.863983 209.152313 14.917449 253.145050 
70.316452 198.757309 -242.048187 73.585999 107.440285 -182.136093 20.360853 
335.042297 125.214653 141.259766 103.943604 47.463024 69.917465 41.398952 
46.823792 289.803680 -153.060654 -45.463886 156.537704 -126.335976 -53.364079 
42.490379 33.089920 -124.803299 23.633631 -9.402924 -101.352081 -13.348376 
63.966553 99.621887 -554.963074 81.141495 43.717712 -390.728790 23.751268 
50.375336 261.192474 -439.829376 77.977341 149.590652 -315.153442 23.673145 
228.422043 281.867157 -349.607361 71.066330 163.393524 -255.455688 17.534657 
8.171369 281.767548 -348.894348 71.988518 159.277786 -248.630157 29.073378 
72.411629 386.031708 396.587524 -18.440918 237.107864 229.639801 -35.627800 
85.009262 626.545715 -122.063576 67.737083 379.312347 -112.976486 13.293238 
79.740883 265.185059 191.216751 220.716568 157.319992 94.066322 120.875488 
62.581779 270.833984 -449.387177 70.497208 158.440216 -323.819855 16.865511 
111.428223 239.555161 340.281677 -157.337357 120.936058 201.709091 -130.595413 
469.834656 396.713989 422.554016 -134.366699 224.489487 255.387146 -116.104111 
63.839848 329.752350 214.755905 84.639961 198.462692 110.028427 31.659079 
51.699585 103.815155 -434.353546 43.083584 42.536217 -318.751678 -6.946120 
5.443982 104.265106 -434.455444 43.182682 44.009193 -317.133820 -9.166968 
8.310657 402.945190 273.592865 103.687027 226.094772 158.922241 40.564754 
68.712509 15.433283 -122.976097 35.279480 -22.007177 -100.046249 -5.094383 
86.655983 -192.676682 216.203278 129.379883 -160.310684 109.400604 52.416405 
85.626259 368.711029 -112.286087 236.564850 213.062683 -109.484390 118.684433 
156.268265 213.914307 256.199677 139.226837 126.869797 133.627502 70.597351 
75.814827 376.239777 288.362274 99.988396 219.530060 189.688812 58.645752 
81.383385 495.259064 -36.023247 52.625912 289.175140 -57.986820 1.444275 
78.033188 77.791328 494.977081 42.174816 12.036335 302.271057 -3.305923 
205.631744 -85.133614 202.456314 -144.125702 -87.382668 105.791206 -118.883568 
71.293076 334.067017 327.018280 409.146332 202.400574 181.986084 240.605286 
64.047142 375.699829 290.845123 102.234337 211.006744 167.501343 37.031105 
82.360924 368.227692 196.074524 -228.243454 207.777710 107.425018 -167.946304 
37.243172 230.767685 420.715942 270.440765 134.981323 253.393219 142.045914 
55.534805 216.646011 396.822601 282.895416 124.428459 229.835114 156.833969 
90.133919 376.340240 288.421417 99.896454 224.384506 153.272736 24.574898 
53.303806 230.801468 420.988068 270.224518 132.536392 239.895523 153.313461 
33.814537 642.967224 202.963837 495.788300 398.298767 109.730759 299.511230 
76.004379 144.459869 554.882324 215.658722 57.162533 343.274353 110.628342 
76.468529 377.007416 288.631531 99.759865 193.126160 160.671432 39.712486 
93.162010 376.288666 288.353790 99.903076 199.717667 153.730087 33.597366 
85.555984 376.458740 288.026825 99.846336 208.742065 174.637604 22.938097 
112.405029 18.070190 -7.258691 52.130230 -20.073767 -23.490076 6.333971 
100.330551 114.194824 172.211945 -58.434475 38.960083 90.940781 -65.356453 
57.442940 129.147736 -57.440407 81.918045 54.353245 -54.430046 25.366489 
48.833649 280.083435 -27.600700 153.117599 160.149460 -45.581612 71.821159 
85.825546 136.412018 123.375549 98.679855 54.498196 59.599018 37.740208 
57.821747 375.392242 287.128845 97.631371 211.980576 161.076248 45.086311 
86.812096 340.539062 319.216217 20.848776 186.069412 185.891144 -11.557802 
95.137115 376.087311 287.410980 98.391617 217.563293 175.434860 44.132931 
82.341576 543.918457 91.175667 515.319397 332.672089 34.193420 311.064545 
130.464798 286.750092 242.411972 32.953495 151.941437 135.306396 -7.678179 
76.906929 770.982056 9.232743 700.672913 486.212891 -17.028292 434.675385 
53.582619 37.202126 -190.731400 436.803345 -0.619008 -152.613007 262.553497 
4.579572 -161.559387 87.928436 76.460907 -133.109406 32.207035 24.732878 
53.861111 764.743408 -15.752209 735.942871 480.743439 -33.277977 455.780670 
93.618210 92.541832 120.147675 44.181011 25.060524 55.240616 -0.249670 
79.474350 203.795761 407.818604 -96.031792 104.191956 240.460907 -88.863091 
39.466320 152.092255 417.097412 -33.703674 68.921440 246.670807 -46.446503 
42.014290 -217.241608 -200.616776 213.261826 -168.501312 -157.015961 111.730003 
72.418617 368.300049 196.114685 -227.976532 208.265305 99.300362 -180.435852 
24.662563 213.415344 170.550171 146.056839 104.657730 89.210487 67.572121 
23.348927 205.235306 393.072144 -58.230503 104.159119 230.727844 -63.101887 
52.555458 764.254822 8.697309 693.364319 477.770386 -17.724680 425.523315 
103.537613 235.355453 345.161072 352.256134 137.076797 194.539795 202.205185 
77.889648 496.919952 -35.544373 52.349251 284.971069 -56.447010 3.157228 
68.215546 432.992462 -32.600582 373.160095 264.642700 -54.523933 209.264923 
53.423973 768.373352 -10.358809 728.475830 482.940338 -30.093279 451.371613 
56.877922 495.318695 -36.266075 52.793827 303.645813 -55.644943 5.365655 
13.092669 -222.773224 -177.423203 202.304108 -172.204880 -141.399277 104.376450 
36.971954 719.921692 -116.463867 848.822510 450.661163 -101.449226 532.548950 
119.285233 60.672039 112.151627 -71.752281 21.342796 51.478374 -71.676605 
22.497608 859.528015 232.662766 699.328247 544.217163 133.190201 431.908966 
5.634943 -137.567184 74.032814 19.596836 -117.204292 22.727152 -11.980443 
54.348774 476.048920 276.624420 162.621063 275.998749 158.619781 81.616745 
11.363650 -210.948395 -221.958603 191.887817 -164.194153 -171.573471 97.309441 
62.130444 410.605133 15.780107 434.505707 248.280807 -19.200432 256.414886 
42.022739 433.102112 -32.855854 372.938629 261.225830 -48.611656 223.455078 
38.575890 440.623138 -54.763866 352.548798 268.405579 -66.742882 201.072235 
48.387611 398.340515 450.633911 -140.690811 245.457642 265.193573 -115.588409 
15.472865 415.424957 -5.297869 418.481842 251.428207 -33.244728 245.693497 
60.001228 371.951904 -258.321655 186.827927 220.553635 -196.682480 93.750366 
44.482758 106.185173 234.983932 69.941170 34.677105 131.052643 17.899614 
119.574165 563.459412 116.771942 541.682922 345.835876 50.420147 328.079437 
65.582733 223.299316 347.068207 189.995590 129.722916 196.658310 100.520363 
0.510772 505.053375 -356.447845 149.283951 307.488892 -261.192719 69.075096 
8.926437 9.348263 -61.604092 312.914398 -19.128195 -66.566666 177.641983 
81.198402 247.671982 300.721283 -58.208447 125.267395 175.718170 -65.818169 
48.718613 381.507660 341.080841 -48.431423 220.053360 202.606934 -57.433926 
46.910927 506.539368 -181.397232 213.162323 308.463104 -145.311523 110.642792 
45.600132 175.316132 250.447250 129.001999 79.716156 141.611221 56.553883 
4.791934 258.901550 202.317383 44.286682 133.966782 111.398293 0.452970 
74.597282 252.388947 434.822540 433.606689 148.678955 253.475281 257.196533 
50.141876 690.154419 73.116135 -39.829380 421.938721 17.882538 -55.453964 
9.046296 -25.675419 -30.687246 312.714996 -42.303658 -46.062565 177.505264 
70.159775 476.138916 57.345974 -52.470116 277.645508 2.233588 -71.351761 
83.867813 198.470261 -148.778107 407.063049 106.590187 -126.589554 237.617599 
85.025925 355.417847 230.420349 -131.255173 199.227676 124.918060 -110.016479 
88.571342 331.162628 237.011444 337.027435 193.352371 153.670441 224.855759 
70.852707 632.253723 116.127403 532.716003 391.853333 52.895977 321.912689 
64.085243 176.054825 290.697723 -194.311737 94.191132 162.887207 -154.352264 
1.906251 82.584717 -226.939514 355.090179 31.097569 -174.204025 206.261688 
63.863388 323.692871 232.921021 329.520355 175.911987 129.479218 189.470963 
16.097797 149.418716 254.688919 183.823990 60.489841 145.455475 88.749176 
76.937080 176.397964 290.427490 -193.652863 101.004601 159.848785 -146.364212 
62.484032 -214.022705 39.128914 132.160660 -167.415359 0.288218 60.478909 
94.630882 461.751404 401.085876 -430.115906 271.276123 239.712616 -310.841278 
277.490356 265.565002 221.156952 28.131783 137.546021 121.795341 -8.544809 
97.847404 347.224060 259.981720 354.584717 191.117828 146.138824 204.586838 
51.463501 66.571129 75.721825 116.599686 9.002145 27.404203 47.166245 
1.546269 -117.370613 78.972595 118.759300 -104.200638 25.826960 52.942364 
71.399117 339.837555 -265.404297 360.999329 197.566544 -182.645935 206.320923 
23.859474 183.710205 360.856995 168.223434 84.390381 213.250061 83.303673 
86.445518 209.339645 -186.439362 391.132751 113.906654 -146.138855 230.281128 
147.508133 559.386536 224.085815 398.626526 343.443024 125.007362 231.803192 
37.107174 241.334183 327.950348 -74.421135 121.711632 192.621658 -78.017937 
26.065540 -231.721710 178.031311 200.294708 -181.105881 89.175835 103.878906 
302.880280 331.118896 237.153000 337.107849 178.649368 127.468803 185.311127 
89.119080 339.687408 -265.283966 360.932220 201.072205 -212.044830 210.323669 
73.512787 344.337769 417.167542 -322.638153 193.223175 248.084244 -237.237457 
90.331406 566.892944 65.468628 592.307983 348.468567 20.744160 359.736176 
41.769978 -170.455490 -8.320597 122.653831 -133.292358 -41.006737 51.832531 
1.107127 281.021667 -212.607895 301.104187 158.964966 -163.064499 169.841507 
79.214264 -184.963440 170.788208 233.609650 -148.659622 85.683289 126.866814 
43.231709 475.997375 57.245949 -52.612904 278.870941 4.685429 -61.783134 
47.914318 393.711975 71.156914 -10.067624 223.395798 13.599343 -38.125427 
19.180031 474.510590 55.778488 -46.356327 276.099426 2.453482 -60.329380 
38.448544 494.459167 73.826324 -35.413837 290.118317 15.238166 -55.241779 
63.948399 271.661316 435.931396 -8.285311 161.403198 255.779404 -29.523075 
87.089973 -169.512741 -6.309029 118.294296 -136.573273 -30.180420 57.288460 
52.926159 237.904236 -174.779266 402.127045 132.019470 -137.474426 237.220078 
53.331238 -145.790665 199.154022 261.139557 -121.294174 104.237793 145.689087 
31.589130 -165.902435 203.540909 264.805267 -134.566574 106.459366 148.194122 
21.215961 -146.706818 188.661591 258.611847 -122.029350 95.462730 143.560272 
4.974367 207.110458 -322.173523 120.829033 110.372276 -239.369446 48.021954 
76.978455 334.021301 237.841431 338.892090 179.474854 126.955368 195.313690 
46.192520 476.569489 56.933781 -52.591957 279.301331 9.502050 -61.986412 
53.686966 240.811584 369.735046 440.908997 141.085770 210.623840 261.939667 
74.453445 340.748077 415.133545 -309.243469 191.639038 246.950928 -230.039841 
149.341019 404.472260 -159.088547 378.099487 241.102020 -126.777618 216.491165 
74.208115 176.507294 319.810608 173.702393 79.519218 185.906616 86.483757 
51.561954 258.235596 -449.804230 352.401947 150.994095 -318.373962 190.891571 
95.392937 430.681671 488.802338 -348.843109 250.548920 298.281677 -254.977127 
71.473450 404.579559 -91.756508 235.986954 240.682037 -87.964470 126.453651 
74.749321 105.617538 404.893311 108.780479 35.827129 241.811447 41.904152 
64.769165 92.699074 410.927887 104.749077 19.687405 249.373596 36.861904 
107.671982 218.018600 -298.571228 353.944397 116.581535 -220.366013 202.163284 
9.690271 266.848297 418.234283 431.393463 157.452728 243.481369 255.649399 
63.415401 -170.012390 -8.142914 122.931190 -136.797714 -28.125265 60.423332 
43.625675 383.554504 285.342133 100.769249 208.590088 170.195587 36.199688 
0.062296 579.596741 -76.429420 239.488022 352.086487 -84.891006 121.291565 
69.007294 310.217529 -109.115112 389.583893 167.783539 -95.734482 241.485397 
59.368408 79.284798 -318.246002 485.541687 18.489092 -229.708008 292.321289 
94.126114 310.143311 -109.304390 389.595490 186.051941 -92.248344 211.507523 
69.695915 201.165970 -271.258728 347.373749 109.010818 -200.994324 196.464767 
40.601494 79.564148 -318.355438 485.457092 39.098106 -235.760376 287.728577 
52.262566 430.939850 419.204285 -357.039215 251.693985 253.627777 -258.236877 
48.657787 430.652496 419.362152 -357.255676 250.055801 256.358002 -263.354736 
10.199003 261.164185 419.125519 430.477600 154.941589 244.186447 255.292557 
85.374245 -258.231934 188.870148 287.524384 -198.290100 96.172707 163.166687 
67.590889 584.558777 -33.424839 539.712524 360.258942 -44.719799 325.135132 
91.743050 294.632080 -154.867661 389.617035 169.263809 -122.198959 222.606491 
31.247051 430.679565 418.977020 -356.973969 247.843948 243.318680 -258.515656 
2.787684 -77.931740 195.703323 165.898239 -78.559952 101.096443 85.234467 
70.835396 -230.822388 132.902023 243.598709 -180.206665 59.868084 133.213547 
13.176255 11.352643 612.833618 458.857422 -12.059416 373.296387 273.557648 
19.508757 -166.719131 -10.011216 120.860970 -129.271683 -32.029476 47.654335 
29.025846 255.927139 -141.498322 419.458710 143.317032 -115.577209 242.495789 
127.989189 292.955933 -205.721024 194.384201 168.888809 -158.640121 95.047401 
68.696602 476.099335 232.929871 137.881287 275.947327 130.050720 65.415771 
360.742706 391.151520 -273.224701 285.431244 233.074692 -203.290359 156.067413 
26.244059 -171.089279 -7.760693 122.678009 -131.537354 -34.329723 57.698589 
82.062798 -170.463898 -8.223942 122.829147 -148.811890 -23.398954 46.747623 
23.580772 -117.800888 -32.533863 110.428383 -102.684898 -46.306084 46.620636 
56.493649 329.653900 347.438690 -336.056183 183.444183 205.112045 -244.344498 
57.136429 157.896561 -172.267975 141.289459 77.596558 -137.465378 65.104393 
43.493389 -4.422600 341.856720 179.811646 -40.165863 201.571976 90.327515 
87.049644 226.637405 -170.955963 446.047638 129.985474 -130.225830 262.863098 
41.778461 285.929474 382.341888 8.450240 170.672913 220.758560 -18.595858 
26.767553 -306.332794 41.975552 100.225281 -234.195343 -0.793915 39.902802 
39.541252 -299.041992 46.347580 100.366837 -221.683105 6.694082 40.139248 
24.500504 37.214787 -190.767975 436.865753 -4.632959 -149.363998 248.052643 
26.853407 168.054520 -176.977234 139.513138 92.306961 -144.295517 62.532524 
23.467443 279.814697 -143.087128 87.296165 160.169952 -117.181450 26.416252 
11.106791 279.770020 -142.877594 87.021919 163.580292 -122.276749 35.599293 
7.854406 11.350466 665.849365 480.855438 -12.141642 408.933716 288.409058 
77.594208 169.559326 -101.506256 524.488281 86.521553 -91.470299 317.281860 
6.837758 309.821228 325.012085 -11.960169 187.164902 181.442764 -32.642441 
27.055861 442.848633 50.101147 136.069305 267.284058 5.379374 62.321587 
42.055523 34.598682 297.643921 267.389862 -14.296987 172.309891 147.820282 
71.706787 163.265884 334.965485 -41.978390 76.830559 192.655807 -52.402306 
54.142067 415.189423 472.565796 2.909307 256.384888 279.672211 -22.118113 
60.661945 457.065399 516.644714 18.949354 284.794159 309.656769 -11.205232 
17.311131 -10.113931 -172.405060 436.036987 -33.328571 -139.406097 257.994690 
218.265869 193.594101 -67.643738 170.887650 101.659187 -73.096352 85.093788 
64.736183 311.399353 -113.666435 63.459164 181.550735 -101.651337 13.893746 
53.907871 349.157684 -14.316673 133.917709 203.435959 -37.412750 61.660511 
104.716331 231.280212 -129.102722 440.325775 128.749817 -109.177048 256.028320 
31.604322 340.601105 -9.146067 137.006027 199.223282 -34.911766 63.282169 
94.633018 268.880310 -142.463791 398.669128 152.444946 -115.644508 228.780991 
30.634035 532.786621 -122.359283 555.115845 325.587799 -103.902985 335.313171 
46.428192 188.227646 -68.528519 379.292603 98.803818 -69.691223 221.091705 
72.995682 308.183685 -252.197342 544.910522 179.480942 -189.722290 328.568268 
59.165215 195.520203 -241.477219 231.545715 104.322762 -184.827072 124.825317 
100.645317 -100.973221 200.124359 190.855270 -91.904381 104.021980 103.070297 
435.824066 257.220825 -449.501770 350.845520 146.361893 -324.486938 203.813995 
87.729073 269.841370 -182.367783 267.799286 153.206848 -144.924194 146.590164 
30.783834 203.551117 -32.796535 409.259460 108.919106 -45.312283 241.147888 
465.868225 146.646591 -362.550598 513.057861 71.529655 -265.781372 309.674133 
71.640839 214.374268 -425.836823 495.651611 117.086998 -308.506653 297.881989 
32.825832 -34.301079 379.923889 342.069153 -62.437080 228.022400 185.672241 
92.029915 245.623718 -465.586212 329.894806 138.230606 -333.726898 188.731445 
42.599388 -34.353806 379.954773 341.976379 -58.747009 226.885986 207.230042 
41.054035 -22.467321 366.730103 360.642151 -51.852917 218.137695 210.942825 
38.569141 259.832581 -393.779297 263.203094 146.658951 -286.638031 142.772720 
40.196835 -22.518726 367.787018 359.986115 -53.867661 220.492874 208.034698 
47.607861 62.421711 -224.899796 593.718384 14.604342 -173.865753 364.530762 
58.027988 302.942719 -388.860260 351.841980 174.027130 -279.990265 200.615829 
19.473955 249.318375 -397.310944 275.719727 140.181015 -289.330750 150.967377 
98.802933 439.138123 298.055115 -335.027039 255.794052 170.595154 -245.941452 
142.850403 -262.113159 119.959030 85.064857 -201.791840 52.327953 29.863380 
51.155262 -73.544167 160.851944 183.809326 -76.602707 76.377640 89.245667 
25.645586 505.921234 166.326462 -397.726379 299.837769 82.714828 -287.621246 
54.811012 257.221436 -435.586761 340.887421 143.817062 -317.214325 197.287354 
10.195048 539.694641 -224.370743 319.801544 326.836914 -181.748123 175.026382 
49.540207 -21.042744 268.709412 146.245743 -40.043530 150.598785 71.524132 
88.769470 -104.108505 -179.258972 784.546326 -97.148712 -137.557449 490.304047 
23.506577 -73.508545 160.925201 183.946091 -71.496552 84.313980 107.681847 
39.744640 417.220947 350.217834 -448.048340 241.373840 206.484558 -321.501984 
72.402763 390.248047 -433.821991 392.036682 233.489487 -310.377502 228.141861 
60.271500 451.625641 -468.341858 361.075317 274.302155 -333.513428 207.376282 
19.712074 -18.584702 263.798401 152.579636 -36.673496 142.428925 79.910599 
16.611954 426.338531 357.449036 -461.239594 247.109283 211.056564 -329.673187 
50.809372 -21.140846 268.513580 145.758942 -41.696682 150.248871 65.899254 
35.608635 -49.657104 368.936005 163.098099 -60.488445 220.199585 81.591721 
17.334370 227.734192 -171.014679 446.338776 137.318924 -127.302605 248.532944 
19.540388 294.471039 269.469513 -685.523926 163.246445 154.568588 -474.903687 
96.496605 383.367462 397.353333 -448.527466 218.875565 237.464661 -321.739532 
16.717810 292.517090 254.732941 -740.955017 161.985306 144.732941 -512.134338 
1.895488 615.149231 361.761505 -149.810867 372.289154 210.866714 -125.838654 
107.068443 -130.057358 201.354691 213.133774 -137.677567 92.156776 124.624680 
77.312355 -88.383606 225.706406 195.717453 -81.342606 120.232674 105.248978 
65.193329 257.994537 -284.635803 564.779175 145.055756 -207.520386 340.562622 
90.375259 452.790894 191.991364 -375.266815 263.960266 99.935349 -272.992462 
83.761116 336.522003 -24.764832 125.271980 196.261948 -44.228695 54.700226 
12.069915 233.831238 78.023926 80.157135 128.692642 24.262896 26.124651 
81.580597 -183.084061 129.647873 196.205460 -147.375061 58.550102 102.037041 
248.521179 164.057114 -53.559887 467.828796 82.460945 -57.936947 276.033905 
496.882629 -89.532494 225.019089 195.494614 -83.108368 125.032303 100.353340 
130.195602 227.468079 -171.716507 446.275909 121.789993 -133.252594 261.757324 
79.754967 395.637451 144.347519 -298.370972 225.893890 68.127678 -221.115692 
65.470093 137.438690 -96.766121 275.226379 55.000298 -87.573158 147.935165 
73.373032 135.999252 -97.149803 279.093170 63.928452 -87.689873 154.964920 
51.968983 56.022396 -368.508820 701.860657 10.711832 -264.519287 434.384583 
15.357460 75.038292 -380.707947 710.909119 23.289722 -273.964722 438.978668 
16.483122 75.856400 -381.511627 710.329224 22.970343 -271.534546 441.200989 
64.524239 70.556099 -171.443573 602.888855 20.135838 -138.880890 370.152588 
34.821014 102.722504 -348.942200 717.486755 41.518364 -251.503372 444.787170 
62.639069 405.192200 172.450256 -409.102631 235.505234 86.926842 -295.059052 
41.073368 131.106674 -176.167725 429.935089 61.182144 -139.762817 251.132660 
37.084770 137.416718 -96.728279 275.190735 82.055122 -91.873535 155.918533 
42.482704 129.823471 -183.201630 420.962585 60.369629 -143.219803 246.280701 
68.343918 291.612000 -202.947617 463.611359 167.070206 -155.969040 273.047516 
63.364250 -29.505577 -241.330399 699.933777 -47.183365 -179.113708 432.814331 
88.220032 257.759460 -449.263519 351.097717 129.909805 -320.001648 193.197098 
141.760284 -139.964783 223.629684 227.858704 -118.584053 119.067909 123.221161 
54.514130 397.329010 172.901169 -409.318237 224.624313 87.560242 -295.341888 
35.044270 446.220917 197.724442 -385.186981 260.897125 103.411270 -278.367584 
22.686947 135.431610 -76.679039 713.543701 64.048058 -74.350357 445.875488 
121.970467 203.045166 -440.595367 310.312134 110.411041 -315.860016 172.453613 
31.752316 137.088974 -97.682892 275.347351 68.284607 -83.970940 147.490585 
32.950184 180.408951 -256.328827 588.247070 93.411003 -188.913513 356.350952 
18.018478 135.119766 -328.057281 593.690125 63.163177 -236.722504 360.244202 
55.208889 190.795517 63.051472 398.496765 100.685974 18.002039 233.263275 
64.136292 114.590363 -170.974243 367.392883 50.098907 -136.949142 209.990494 
89.166351 446.619293 -212.400757 590.024780 270.885345 -163.324448 358.976135 
199.758713 300.242493 -143.061996 260.255188 173.000778 -118.387070 141.665787 
92.967461 233.373611 -353.159424 394.714478 128.556717 -259.214294 230.051407 
209.424362 172.531006 -207.971786 277.491241 89.086548 -161.614822 152.769302 
86.083862 274.975677 -200.075729 294.933685 156.128906 -156.046875 163.948044 
15.660768 381.903595 -307.315704 563.865295 228.502609 -226.877853 341.483093 
