8.114315 111.537399 -418.326355 -51.842777 64.150482 -410.984802 -84.151085 
531.228149 10.834269 -37.211220 616.327820 -20.259047 -82.249939 492.075104 
22.280993 32.090057 -469.382599 57.665230 3.353974 -454.085876 19.300327 
526.865051 5.078594 -24.425276 624.701477 -23.622612 -75.013245 497.042542 
1534.517212 -141.758011 -394.818329 -13.477175 -139.343964 -389.775513 -48.935623 
63.088520 170.428970 -251.587418 74.767662 125.043427 -269.197845 17.566868 
51.193348 110.473389 -190.364334 203.533493 72.147385 -218.392532 124.405075 
65.507515 171.846146 -235.684570 81.055405 130.206757 -259.616241 20.082235 
39.761818 129.315460 -204.551910 176.831879 88.983589 -230.993576 101.588852 
70.325806 170.522568 -248.152664 72.132172 124.446220 -288.509583 20.550600 
56.631363 169.525864 -248.770538 72.450233 137.082581 -248.806427 15.999672 
66.639915 152.004028 -255.010696 54.236198 109.949936 -275.019348 0.336865 
66.582779 163.386627 -232.793640 25.056854 119.678268 -257.205261 -25.016153 
57.701401 174.632233 -251.634567 69.440422 126.578987 -265.104095 17.397861 
86.846504 125.323547 -235.019623 32.622929 83.055016 -257.906677 -21.632385 
41.976852 174.076889 -176.410355 65.352951 128.897888 -201.868256 8.561612 
68.855766 170.055466 -247.768570 72.430214 125.612900 -265.398010 15.719540 
61.005081 169.939499 -248.774094 72.597275 136.669373 -278.660034 7.879203 
47.316391 170.801025 -248.138809 72.188828 145.567322 -276.702179 -8.280375 
93.821617 123.670097 -247.533295 130.794067 80.812729 -268.690796 71.072342 
74.055054 161.613800 -250.727829 -100.812172 97.964058 -248.328995 -119.779419 
100.310783 136.113205 -221.334305 -62.741684 88.392975 -238.823532 -90.034561 
110.612358 169.730423 -248.786041 72.586479 103.782028 -267.039795 7.314440 
184.528137 169.986603 -248.717499 72.576523 125.061737 -266.590515 25.778175 
99.120575 169.753464 -247.892532 78.350212 126.760902 -269.143707 9.801740 
67.923553 158.220383 -241.887924 -90.122696 97.619339 -249.038254 -110.904823 
126.025848 135.838013 -221.069153 -62.734459 69.379707 -221.164642 -81.663971 
60.448421 161.380951 -250.822083 -101.332207 103.907578 -264.392456 -120.173035 
20.467089 91.897682 -250.832962 269.766235 55.662006 -266.123566 183.094116 
26.525383 -350.000336 -70.431343 533.146423 -330.733368 -110.994446 422.191315 
52.200424 -174.506882 -94.184525 365.975555 -178.084869 -128.360626 285.274872 
485.668579 -194.015457 -58.576416 380.105499 -201.859695 -90.781281 293.603699 
185.413422 -229.418091 -54.061958 385.215790 -241.740738 -88.767105 303.292969 
293.299286 -193.399673 -63.800972 376.171906 -198.332062 -100.200142 292.949860 
310.878052 -194.347549 -58.397987 380.289185 -185.484665 -95.962532 305.271820 
274.444092 -209.384293 -81.764534 365.354797 -212.429367 -113.821678 285.027374 
28.516537 35.939632 -197.421143 54.955235 11.545246 -223.921616 4.149730 
95.516441 -201.192612 -61.684502 361.750763 -205.176636 -96.190712 285.161469 
259.808319 156.488724 -273.634033 274.814026 101.689339 -273.841766 206.814941 
70.271927 247.391968 -306.642151 35.881935 179.814529 -331.943298 -12.347949 
682.207092 107.856987 -276.223114 220.939560 51.981613 -276.437561 152.450653 
96.639351 116.516243 -3.673509 19.431906 46.767399 -27.223036 -34.898094 
210.103180 111.722313 -3.398434 20.280582 42.853043 -27.680075 -31.431128 
272.319733 113.918480 0.154639 21.221720 69.473824 -48.155674 -22.920506 
200.870361 115.737762 2.966920 20.823278 48.340122 -16.567005 -17.832977 
126.430672 103.232384 -7.834613 14.965190 49.649212 -22.800022 -32.474106 
225.697861 90.084244 10.510547 57.192364 30.427536 -9.208570 4.902294 
10.437791 92.890175 -250.773941 131.501053 51.893780 -262.356140 77.250175 
171.720657 148.708740 -11.100264 -1.479714 97.053543 -33.541443 -57.854176 
100.221527 155.472931 55.657536 126.958214 91.043518 18.427637 67.245872 
173.126587 115.228981 0.355956 20.249657 34.095341 -24.301571 -24.136772 
103.717255 114.946342 2.127671 18.402231 67.352844 1.454173 -62.658028 
357.627258 -124.391121 335.673248 47.516727 -153.734085 271.214478 5.657958 
99.656975 132.189636 26.644241 116.029602 75.799530 -13.876917 58.518456 
353.789764 113.833656 0.352978 21.091448 28.300770 -14.220963 -24.813019 
147.153091 113.891441 0.577347 21.419891 59.791981 -1.233958 -43.068417 
212.693695 121.254326 38.363358 -41.866146 57.164837 14.719463 -81.172966 
56.310188 155.349442 56.016815 126.620728 101.751060 7.215363 78.467133 
120.250610 133.868149 127.743698 210.939041 68.845749 89.997986 138.047134 
96.297829 121.747543 19.202513 166.124161 56.199158 -5.653573 97.961349 
256.357849 521.891357 74.261642 200.662766 441.534088 26.545145 143.118256 
117.881424 144.351608 45.834988 63.126282 80.977043 1.733647 17.220268 
431.008728 47.556774 212.974457 42.046379 -1.978008 165.809555 -2.425028 
268.366425 -153.233749 316.875549 84.180893 -181.800842 252.891800 41.260693 
162.409729 20.454859 240.713226 24.410900 -26.728165 187.594467 -17.899206 
10.925844 270.286011 110.932884 -69.323959 187.605621 81.160133 -101.804909 
0.763070 147.825195 53.857258 59.936741 80.157295 25.948847 6.063129 
127.812782 137.643661 -9.659225 114.203499 70.220787 -40.257881 68.482658 
286.423187 -49.548843 345.873688 24.913597 -59.753521 276.860779 -0.104666 
97.592079 24.684233 -124.737862 313.865845 -16.085522 -147.325821 245.272583 
253.110382 -60.659706 419.171722 34.188362 -71.378548 337.149384 -0.439708 
123.172760 115.086555 1.241275 21.007349 50.357883 -15.327140 -30.217234 
118.307701 137.680450 2.787062 105.013786 73.742874 -24.363152 56.517105 
125.730492 367.740784 -244.983231 93.254028 298.150360 -256.053802 51.335266 
88.992325 372.074188 -294.613403 73.335266 304.839600 -301.154938 33.755184 
636.450989 136.249176 24.369507 106.520203 75.149178 -6.637869 60.311127 
112.216156 121.855202 38.908508 54.087746 62.990471 6.783259 15.753265 
144.707062 262.642517 -330.105286 4.093117 200.018936 -318.919006 -50.224598 
159.213516 303.007874 -258.121857 109.834938 228.053757 -279.993500 41.920547 
4389.939453 288.908600 -67.138283 42.575420 234.504074 -89.894073 7.250922 
206.283768 256.202026 127.917229 -55.811359 180.231110 91.766449 -96.257057 
73.349792 152.962311 39.150692 87.691002 90.060539 5.458646 43.847164 
70.749405 25.359560 -124.838745 315.287994 -10.433475 -146.664612 250.650162 
117.398415 267.266937 84.927628 -94.030029 185.472443 58.124882 -126.298752 
85.661362 140.141586 33.705341 103.097137 70.208961 12.635794 42.766483 
110.737534 277.940918 -352.447937 74.604439 214.779480 -353.213867 33.498119 
94.448181 159.450546 27.441866 83.120392 93.431023 -2.120324 41.994835 
120.370743 303.163727 -258.214264 109.768890 220.814621 -258.033295 73.912651 
394.793335 264.146667 132.809219 -57.625587 175.378372 93.880516 -103.481270 
161.324417 206.776138 43.450878 58.192928 148.022003 13.380126 9.815794 
59.866463 169.611099 56.120472 -12.179646 107.150307 14.468388 -43.466309 
305.729462 402.657104 -315.477936 102.152321 334.025909 -320.646057 60.126415 
65.340797 150.772903 31.500526 113.908348 84.038734 1.776442 65.704353 
147.143082 303.158783 -258.213318 109.800545 261.054779 -260.959412 88.151093 
230.377258 124.900383 -9.476712 107.337860 76.583000 -43.941315 61.121029 
78.570976 112.272209 -225.541519 124.332283 70.260262 -238.791077 70.335083 
228.877777 304.774445 -257.989349 110.459244 245.693359 -269.416595 68.456352 
60.043411 -0.848915 -87.390343 283.140533 -37.355698 -110.417763 216.206345 
53.884613 33.938305 -322.881195 304.883423 0.959810 -332.110291 231.902512 
267.287354 136.598587 67.032249 118.918312 75.335648 34.651966 72.014015 
187.195206 235.204514 33.528835 -38.166515 159.684738 10.515489 -80.388893 
169.399139 140.195755 33.448170 103.120842 77.813248 -10.586698 67.051437 
83.262367 137.192047 -26.746614 114.988197 73.865990 -50.243019 67.992416 
69.780663 99.660896 2.550414 305.544556 56.920746 -27.842688 232.351395 
69.456772 142.268616 39.220470 115.845779 81.848244 5.067500 67.202003 
363.029724 264.267365 130.347748 -68.652367 178.406891 95.718323 -98.795906 
297.279755 262.269379 127.808319 -67.016647 189.450455 99.648369 -107.165764 
200.807007 140.472382 12.067614 101.012894 76.772064 -18.194902 57.726498 
482.519867 262.654297 131.313599 -58.583851 190.689438 103.742348 -97.075539 
878.992920 96.405983 -245.393143 74.934097 70.263245 -242.369019 34.968010 
64.875076 144.824402 -5.214104 36.018597 77.109001 -23.493650 -20.022894 
79.565643 97.364365 61.323788 4.209752 36.158119 27.661665 -43.227009 
91.478004 22.468893 -126.379822 317.910828 -13.398383 -146.620300 246.460190 
416.669495 125.213814 -10.120234 108.648849 56.732151 -33.489067 60.973412 
1796.128174 245.843719 -310.436707 37.142765 183.243698 -319.954468 -9.649692 
28.107843 160.098358 -16.457476 27.038355 91.439056 -33.925636 -26.085297 
484.056702 443.272827 -4.063536 129.491821 371.106781 -35.143528 86.308617 
68.068390 -103.051895 -208.722305 75.224495 -107.992172 -218.491959 33.500317 
149.028412 -49.479088 346.289642 25.211369 -66.633934 265.218719 -24.047213 
73.449989 -229.319031 121.170395 191.214783 -244.071793 73.273819 135.554871 
70.636284 -79.339050 -201.930542 133.295624 -86.708191 -212.136475 84.464645 
47.528919 99.496819 2.290452 305.486511 54.941017 -30.731609 235.400528 
590.201172 -78.608971 144.547928 155.422104 -109.686615 93.325157 104.388863 
493.939056 379.254578 -97.487411 171.431641 315.341339 -112.780350 119.886963 
75.403030 -91.444870 -203.000336 100.070114 -97.670319 -213.328064 55.153687 
112.514832 115.920677 3.024968 20.673883 54.244228 -23.468584 -38.294189 
118.057083 115.136559 0.415687 19.968998 79.231018 -10.142392 -18.587139 
356.559235 -159.036102 403.125214 -99.493713 -158.817322 322.310211 -117.636894 
379.326599 266.004852 85.398926 -84.032890 187.653580 60.800571 -119.958382 
22.829065 97.663834 1.470274 305.354279 56.108189 -29.107288 232.732178 
1389.745850 -111.166092 -308.952515 15.275528 -115.944618 -306.318329 -16.197971 
0.011308 104.821106 261.994019 -92.645325 45.129654 206.536270 -123.838982 
262.007996 49.914234 25.219662 48.477623 0.907263 -8.986420 13.956173 
103.113129 63.217319 -125.522560 264.117188 20.051313 -141.677704 199.068314 
146.191498 116.073715 -0.064247 15.047726 48.535088 -11.134236 -35.774464 
80.920341 241.005829 -308.323029 38.271721 123.398369 -293.912262 6.774960 
81.332024 4.944803 72.604515 97.946213 -41.652721 41.539642 36.711132 
583.475952 242.937607 122.421822 -53.197594 162.546158 90.767105 -93.212090 
154.906738 119.091431 -209.848145 -92.408783 64.284950 -226.767136 -113.827217 
12.415420 378.548401 -90.483513 178.565628 317.664642 -114.082588 122.487976 
119.699326 127.292557 16.558664 -20.530615 60.966480 -5.853081 -62.745834 
1424.098755 106.182907 -221.055435 85.280968 72.780693 -226.530289 46.822865 
446.227631 280.287659 77.771019 205.435257 224.637573 27.430799 147.230301 
90.691086 115.172577 -0.820088 20.255608 74.761703 3.798167 -13.199561 
2.330571 26.799955 113.958710 72.726288 -25.745344 74.509842 25.013683 
55.070248 60.071308 135.790527 66.358360 12.909884 102.479668 14.301989 
76.520386 268.484558 -214.211014 205.787247 212.175964 -226.795578 142.832993 
20.001036 60.483387 135.457764 66.020287 2.658133 99.746475 25.372463 
55.522301 270.463074 -227.416260 160.686951 213.836502 -239.390961 100.351196 
314.479767 268.363434 119.605995 122.591774 185.895615 87.156868 62.676716 
37.503315 60.015667 135.746124 66.420441 1.898201 85.733299 22.810152 
56.750633 254.858521 -175.491211 267.274200 200.529343 -190.827133 201.496338 
138.762451 268.028870 202.404999 173.026596 209.353546 123.531021 130.765244 
41.304741 132.669189 306.425476 26.559881 66.434135 244.752625 -18.267685 
141.501709 303.092438 183.088303 -116.234970 218.131256 143.000488 -147.756195 
115.196136 253.947372 -415.339783 214.941696 198.154388 -410.733215 150.934418 
73.143967 262.362823 239.599594 154.328888 214.678482 175.944534 103.881294 
100.655922 152.968109 -281.030243 178.995453 104.607407 -284.377808 117.433289 
135.501709 -199.063828 70.845085 29.666998 -213.365250 36.662647 -8.431793 
80.828850 70.750381 52.988438 61.736954 18.560223 15.428557 26.876900 
46.657139 75.562286 9.235972 -0.607420 19.321756 -9.607871 -44.581810 
81.537895 219.245697 230.731049 122.461472 173.405396 168.154999 72.233833 
479.260864 -217.534775 51.285892 21.996742 -238.100632 10.537497 -18.776796 
77.689499 133.737411 -233.854568 173.474121 86.981201 -240.747818 112.064720 
24.239553 -133.272095 100.067940 145.233887 -160.222641 58.627163 93.439583 
82.620506 404.072052 17.670874 147.468231 339.696869 -17.412550 95.470169 
149.729889 -187.730103 43.498409 43.457550 -197.760483 0.045901 10.293706 
183.634811 221.058258 86.724518 74.155815 148.719070 43.575813 32.322968 
100.346863 267.662109 202.097107 173.091843 221.389572 154.787247 120.175743 
1705.000488 184.792664 -218.110977 63.582245 150.044266 -223.485489 26.363823 
75.438171 254.262985 233.386703 166.611404 208.157883 169.801025 114.773064 
134.166367 -118.019287 -10.382067 76.775177 -136.201889 -49.246716 37.467941 
153.891678 -31.527971 312.274017 69.492226 -80.544235 251.164230 25.028860 
165.278229 215.591431 167.748978 140.823944 143.381042 129.876129 81.055115 
120.638214 -33.536243 -92.283867 137.591385 -45.591812 -116.114792 88.194786 
100.550026 52.760857 -62.779057 67.274101 29.951805 -89.853256 30.819487 
98.802231 172.296738 -158.201126 204.202377 120.793861 -172.128021 140.953506 
89.003670 267.260071 200.555786 173.288162 223.306381 140.988663 124.929321 
118.191467 -42.935509 -180.137421 119.250420 -54.733688 -193.372375 72.152527 
107.304390 167.025177 -45.893600 145.967041 129.051025 -78.547287 98.226097 
156.767715 108.857414 -205.401245 283.594666 70.683830 -217.179352 209.444031 
52.186195 44.532516 33.051170 77.446297 1.052480 -7.059983 33.080582 
11.967634 78.062843 -188.846161 61.480591 57.729923 -196.899567 23.525331 
335.565613 -36.457127 286.393463 68.040016 -87.866943 222.659546 25.526083 
1.124693 266.202393 134.683640 -59.370087 184.118744 90.111801 -94.591713 
64.482544 167.912857 -164.398590 204.641922 115.093018 -172.531952 141.563217 
77.626518 101.765289 109.610748 27.313931 49.731972 74.977745 -9.216619 
73.518410 268.061218 201.799408 172.736954 226.701157 139.124069 107.499443 
638.656555 191.372452 147.866577 315.129150 151.431061 109.145073 244.414764 
46.143299 98.616051 -20.364727 64.384819 48.667244 -51.582478 26.566778 
976.092346 242.419662 -91.365570 275.332947 200.820908 -112.477768 203.434509 
84.823288 267.881958 202.431656 173.094391 229.009705 152.948746 116.663376 
647.386108 175.555679 -106.364021 345.874908 126.126106 -131.005875 282.966370 
13.517016 247.221451 -130.083130 203.354675 202.828842 -146.366196 146.840836 
74.347672 255.448639 204.723846 157.225891 206.678726 143.827927 103.502403 
840.937256 199.231705 -57.336418 313.302460 152.286011 -75.845406 246.072174 
147.538956 184.374542 -15.116531 197.226807 141.450867 -38.338722 154.481537 
142.190292 203.974106 9.481213 288.378937 161.988968 -28.841206 217.690613 
264.109192 44.174328 32.343506 77.798637 -7.468391 0.613456 40.310730 
120.071922 -60.102520 82.132759 40.511932 -107.759567 50.238750 -6.371503 
76.161217 167.595779 -164.504639 204.722717 123.174088 -176.004623 140.577805 
76.976036 142.269836 59.246151 153.266113 82.173164 18.179934 93.582375 
61.064785 234.602417 -290.286560 -16.788729 186.810211 -293.108337 -42.289162 
123.390732 184.413055 -15.124724 197.176376 150.449188 -62.788811 118.677284 
320.418610 209.119232 -104.108742 339.386505 164.908295 -125.217926 268.524597 
784.554626 -60.964287 16.149162 52.790642 -96.865700 -20.995672 9.672463 
21.851423 162.447372 100.692474 123.179329 96.566170 59.572639 76.634720 
193.834015 234.075165 124.156807 -62.125313 163.686264 92.003021 -90.027870 
969.363281 288.121613 -88.672676 272.763550 250.755966 -110.926277 201.168442 
156.460968 -7.943244 329.016541 48.557205 -52.545036 275.528320 1.326391 
77.741676 345.007416 97.985863 177.381119 283.281281 45.409702 119.524864 
123.976425 90.295418 -116.299599 67.736626 65.720459 -132.653397 29.728939 
60.271202 79.429115 -173.707153 83.834175 57.408436 -184.180618 41.596107 
21.650700 234.021500 124.195091 -62.097176 146.972900 84.701218 -138.073151 
887.028015 237.307755 -51.253723 306.146790 193.355637 -75.913620 235.829453 
75.968323 257.772583 -169.354767 153.011139 209.943207 -177.517624 103.165222 
89.870117 360.810852 -10.248239 249.062042 298.726196 -42.614201 179.335892 
68.626167 -3.355712 -198.904358 155.917374 -34.798515 -213.984467 99.167351 
71.739227 245.299240 -138.642929 198.018250 203.075027 -149.246246 142.425949 
38.020683 8.562996 110.386345 106.772743 -8.144903 63.571827 64.579208 
124.169930 126.236534 -225.467300 205.750565 88.731712 -245.376007 143.009979 
264.826538 -167.843796 170.091751 177.947556 -191.186066 117.111908 127.383705 
85.888573 -38.901634 52.453987 -3.883451 -76.865120 12.610570 -32.748260 
66.510353 -39.482380 54.660912 6.978206 -80.326912 16.665648 -26.352594 
81.022583 126.624435 -226.831863 204.730194 86.744499 -240.153244 134.319946 
69.751152 245.861786 -138.266617 197.493561 196.723022 -151.418930 142.830078 
86.132500 310.243683 143.716660 266.039154 254.769623 92.801971 196.629623 
97.954041 309.613617 144.599548 265.076782 252.745377 83.550148 196.694214 
31.659452 -39.499317 54.694786 6.900141 -70.832619 15.987602 -20.758083 
4.770376 268.547028 257.724213 114.977890 186.241211 208.345001 55.564659 
132.321228 48.112587 -8.984826 133.354355 33.940651 -43.574780 88.970497 
153.123032 127.022758 -216.404785 278.899109 87.212921 -233.588089 207.579056 
52.741608 54.784752 352.067596 -74.886192 -3.557521 287.535400 -105.006042 
1.924156 89.974152 -134.546860 108.894417 61.578754 -147.091400 61.980190 
67.520256 42.718052 96.992928 161.774063 24.402775 46.103745 109.198280 
50.335018 54.529198 351.957886 -74.808060 1.968458 287.765900 -107.993050 
76.453239 -10.100590 -2.011730 128.426910 -27.536764 -40.266842 79.646614 
66.376617 -87.433121 134.645416 94.275810 -93.232475 84.991714 53.772556 
87.056480 235.416656 -288.161987 -15.763697 192.993576 -297.433563 -49.128056 
87.300690 77.918404 36.319756 138.805145 26.873932 -1.768372 83.392227 
819.161682 244.704208 -280.918945 132.571732 198.637756 -275.041718 84.472450 
260.479523 109.564110 320.215027 157.050964 73.159485 245.208267 100.716751 
74.304886 75.325874 -46.332058 118.072372 51.779922 -81.372894 72.003548 
82.824120 28.033688 -34.970016 120.668709 4.015635 -66.416962 72.523712 
269.394226 38.389942 -11.807686 129.788742 11.283436 -47.326324 80.710770 
85.910988 23.386026 -14.538934 114.811935 -0.482268 -48.687450 65.418114 
72.449539 215.244034 143.649368 -41.041668 147.593536 102.586510 -74.213676 
70.306938 39.195377 -11.295276 130.303848 19.171076 -60.645939 83.692612 
41.682873 163.977997 -51.598007 141.406784 121.154877 -84.659668 86.797150 
56.941505 84.067337 92.629532 33.350544 29.759890 62.239120 -13.022315 
170.280548 24.154238 -14.168758 116.811653 1.383273 -48.561855 72.218979 
291.923828 -10.845688 16.407190 45.293644 -46.604847 -22.215431 11.269316 
0.375780 350.940704 40.052860 187.338486 291.433105 -7.193015 131.500336 
0.532096 -10.488026 178.595917 78.913795 -56.061996 132.606812 23.035221 
67.735664 -131.745850 -74.781136 14.337350 -151.976608 -110.236992 -29.907343 
50.841267 93.009224 149.327225 -6.024608 31.365150 105.303185 -50.043919 
1.695474 136.848633 26.825794 104.957817 70.242661 7.836929 65.601326 
80.787811 35.293610 83.079544 107.404259 -13.615176 42.094040 65.572128 
55.744156 114.658272 31.810810 22.994196 64.535751 -9.260665 -15.963564 
46.531673 49.054512 249.806702 21.416246 27.352713 187.005661 -11.386457 
60.539608 176.887619 -211.298599 101.147667 138.274796 -219.677719 59.596752 
95.799927 235.328247 -288.669220 -16.714121 187.412628 -298.203644 -43.049908 
131.288040 264.596313 49.715775 296.663757 214.722946 5.664373 224.393158 
157.399612 -10.426686 16.547222 44.887844 -62.887768 -1.498987 8.578155 
59.283676 52.377792 155.593842 68.085175 1.303151 116.820656 21.374996 
117.787422 254.176880 114.054192 246.411819 204.354736 60.689064 181.046524 
65.635529 263.268250 84.709816 199.551651 213.734772 34.796810 139.533813 
94.240639 154.760361 -426.548370 16.864841 105.395424 -415.750183 -21.285492 
0.544295 52.426064 70.420006 137.658997 4.670148 30.050655 88.874268 
51.264919 75.399223 28.335514 8.548473 50.949512 -7.118089 -20.233780 
262.512817 294.394012 159.508911 203.042145 238.738647 100.982086 147.462753 
70.211960 95.573074 298.699921 1.379752 37.722137 235.366348 -39.761353 
7.887614 -112.884636 35.071362 136.862091 -142.069153 -2.224326 90.009499 
22.300619 160.120575 -186.842148 -45.310764 125.671837 -194.917953 -65.978027 
12.359972 56.372078 144.959564 65.413818 0.644861 102.111107 15.647906 
24.203976 10.914770 122.727501 -69.313759 -30.305620 74.489479 -96.476616 
537.464050 174.408508 106.226433 66.609749 110.897713 58.879818 25.918262 
70.433212 179.634735 -205.055984 -73.203033 116.640106 -222.154144 -97.259071 
73.218353 170.023315 84.640709 59.112408 106.828178 39.674561 19.549519 
90.473351 56.682049 87.505356 64.754524 30.246195 36.928570 26.656452 
18.068111 -11.105231 107.772591 -62.918457 -48.427006 61.366570 -88.863472 
123.862427 138.138275 -387.012573 16.337816 92.129837 -381.058014 -22.422153 
99.824585 -168.992447 86.330475 358.525360 -194.719131 54.060421 270.220459 
243.673981 168.968277 58.386154 19.944441 100.994446 25.703312 -25.143490 
37.143799 186.042587 -211.701035 -68.524712 121.521202 -226.862106 -93.821053 
48.063465 -144.543808 79.034943 382.288086 -173.614182 47.476849 291.214081 
34.806248 156.033463 -192.180481 -95.914909 94.388397 -209.736160 -118.618286 
45.250736 -199.458282 87.414146 382.890808 -221.591858 54.785648 291.888641 
1.330295 58.611004 -9.776896 50.800148 8.439144 -36.067646 15.627041 
24.528809 123.014763 242.795517 120.114815 58.668037 195.711594 59.964100 
0.900133 221.735474 -329.784821 206.124268 167.563141 -337.340820 142.197525 
124.505707 156.897232 -384.867462 28.918686 110.870842 -379.004120 -11.813496 
69.224472 209.139481 -280.062958 150.905945 157.221176 -292.306183 93.251953 
83.407867 153.288467 -357.567352 99.834595 106.325310 -353.103638 54.553070 
7.251449 73.912781 -241.072830 -212.733353 48.272873 -243.220139 -215.672867 
65.311562 44.532036 -369.869781 -389.776947 20.508030 -359.659668 -375.320618 
38.383850 162.576340 -373.867828 58.498596 114.092537 -368.276276 15.348089 
62.074577 190.819260 118.684746 186.218521 130.823288 79.423203 131.775101 
131.208984 186.930969 -242.228012 -14.152864 130.150330 -268.823883 -63.100323 
61.997097 150.595886 -235.015503 41.702030 98.745438 -261.374542 -9.492977 
83.921585 127.000320 36.164581 208.528687 93.056999 -8.129662 147.777649 
112.892578 207.353226 -271.668823 45.307411 149.790588 -293.903473 -6.473855 
59.702557 191.133743 119.025902 186.187622 116.509415 62.840862 133.202347 
69.833115 -23.505386 79.440384 194.680054 -61.066898 34.309433 131.809158 
75.808640 125.023994 -9.336771 107.633324 87.508858 -47.572578 61.490269 
57.819809 191.138748 118.508583 186.571350 111.011284 77.924843 125.874916 
107.037369 238.258423 -237.001282 191.641312 183.421600 -247.386612 125.526558 
107.118011 157.840240 -244.856247 -5.646384 105.216179 -269.262024 -55.319374 
30.459953 155.215576 50.612213 153.835449 88.804848 16.484539 101.811417 
18.300615 53.268559 155.926651 68.321266 -6.523522 113.997406 19.329765 
74.597183 134.582382 178.196579 -47.320881 70.434647 130.226303 -75.100769 
23.653746 38.110756 146.421799 80.890862 -6.113016 94.346680 36.386211 
66.280327 266.566437 189.787445 295.776642 216.900238 128.609802 224.123138 
136.337479 134.557663 177.624924 -47.219696 79.017937 127.329079 -70.862602 
63.936752 89.041229 246.065399 -117.119026 27.284487 185.139252 -149.958267 
58.608295 94.943863 326.251923 -69.390335 34.543774 263.977997 -103.565506 
81.657898 177.360367 -265.116852 83.551422 129.981445 -270.150543 35.227257 
38.575058 -11.880157 108.702469 -62.729317 -53.490738 60.787052 -90.318611 
65.196602 242.670868 -311.386108 154.774124 184.183090 -318.317017 94.220383 
19.135468 141.395081 174.721405 80.587967 105.746056 114.302261 38.820644 
26.471992 89.065041 246.057983 -117.098473 29.425264 199.599747 -139.558411 
42.848022 184.376694 109.895454 185.105103 115.617508 66.300545 130.355621 
82.640366 157.778549 -330.606750 67.564613 112.260826 -331.078918 23.429089 
50.604042 233.125946 189.595749 189.194275 203.367661 137.293579 137.982285 
6.070574 -64.946793 4.409059 76.958214 -102.304733 -33.599545 31.112499 
15.526692 185.152512 182.927338 129.122864 112.722496 142.715942 68.885147 
53.147491 214.107925 -202.234543 223.802628 160.190704 -214.218811 162.198303 
54.985695 223.885864 -170.581787 232.597382 169.337860 -184.455368 170.788452 
12.927618 139.028320 179.484772 75.284821 103.569901 118.182625 34.511593 
53.090912 217.499817 -279.002930 183.228561 163.413101 -286.725342 124.086212 
80.505234 396.662628 47.598015 269.037811 311.718445 -7.127564 186.513123 
46.066326 201.147171 -256.866089 208.891617 148.272644 -266.541595 148.652756 
5.149296 -210.954132 -98.867165 203.203583 -202.028320 -119.439339 146.568649 
43.455009 355.592285 146.108292 345.083862 283.098541 98.171112 270.262970 
42.379353 203.680374 -208.114502 214.417145 151.428345 -219.551254 154.031113 
164.623917 487.808716 200.833481 423.208496 408.396881 146.983475 344.981842 
43.036156 487.891022 199.871445 424.215027 400.488403 153.384857 339.935425 
41.602196 523.962341 252.887878 456.686523 440.558350 198.262070 375.182526 
44.451706 486.789886 123.448830 421.060883 398.349762 72.014473 341.400635 
35.625076 191.067459 118.431839 186.520218 122.826195 64.504013 124.240219 
67.976593 204.356094 -216.006424 -2.323841 159.720581 -234.094330 -31.950636 
21.172670 169.863831 165.885574 -16.907272 106.345360 116.447037 -45.663673 
89.582901 148.616394 154.520920 -64.120560 86.514992 104.468048 -88.557907 
48.360142 478.188995 98.689301 384.745819 397.171661 54.650810 308.696564 
14.478669 140.629410 152.428085 -6.863992 78.724449 103.846382 -36.057430 
44.738472 486.741180 197.764435 398.569305 405.847809 145.116119 321.520416 
54.453579 184.580276 -306.411194 208.090302 133.321106 -310.276428 148.136429 
57.233875 487.690399 190.697708 426.661865 406.710083 142.689331 345.609955 
43.577061 186.692780 -299.444336 208.252640 121.711693 -310.228516 132.995331 
69.822418 66.577522 -849.054321 53.407593 38.739292 -787.984680 15.415041 
206.984268 -189.324738 111.005165 112.547813 -191.242722 43.776058 63.560040 
43.922905 186.729309 -299.409515 208.275055 147.483154 -303.880554 162.910324 
629.688477 222.819366 147.996490 -50.060555 153.393097 101.793480 -83.004662 
76.436028 131.480255 251.024551 15.289743 58.119968 194.371857 -12.264769 
61.103882 133.286636 -0.096668 112.027130 64.426331 -24.299946 69.392441 
69.694527 99.930992 223.765396 18.365547 43.307995 166.245300 -14.108257 
45.338654 133.605911 259.532166 20.951431 74.659645 198.054611 -12.289634 
55.181625 131.411789 251.073380 15.314919 93.608452 190.428299 -23.754271 
47.536610 190.688446 118.914993 186.155869 121.773132 76.456001 138.454636 
19.443785 -179.203415 -62.533775 273.971802 -173.460083 -86.824829 209.607651 
61.991425 88.776939 278.469788 -55.190575 29.284111 222.169434 -91.692719 
0.499420 205.599442 -248.762619 60.815880 154.922913 -255.234726 16.209949 
58.345268 201.329391 55.550816 208.925354 160.744675 7.681455 149.321396 
55.563148 267.782776 -111.327805 -57.480503 192.706528 -137.664658 -82.426750 
13.321988 190.495346 76.878685 221.254242 149.223358 26.997490 159.504486 
66.282188 138.097931 149.024384 -153.277817 76.794212 98.316139 -171.335480 
62.249969 203.249191 64.162354 218.172577 162.419998 15.047214 157.332733 
53.710258 120.114647 76.437187 184.941422 81.207947 27.396612 125.061874 
164.714447 487.107330 123.793381 420.054138 407.362976 81.781685 339.348846 
6.937255 -185.969543 -49.832195 192.006104 -180.228119 -74.584778 137.184845 
73.349869 264.356384 -332.848999 3.178595 159.800278 -311.449341 2.482224 
70.296432 136.072830 177.048187 -46.529236 75.023949 122.762085 -70.820015 
43.225937 156.349777 172.264908 82.221687 118.456680 112.467957 41.626499 
50.538952 158.421555 201.528824 -173.911407 95.817932 147.349655 -190.888138 
163.758759 110.834473 -316.077393 -157.939606 65.149765 -332.997009 -190.766129 
60.265537 162.636353 68.906517 205.961929 122.724632 20.273888 146.119049 
128.516937 43.535557 -133.822159 87.476921 15.103280 -156.388748 44.337536 
945.255188 150.326019 -59.715145 132.779922 112.149498 -89.749420 82.527634 
71.674301 143.225479 259.556030 23.723230 78.909958 209.698425 -22.579582 
82.797279 26.898104 147.159683 44.402863 -16.077866 95.252838 6.856526 
83.113449 141.228119 110.819679 -76.595543 79.020912 65.399811 -101.494827 
166.248413 249.901474 254.567291 -24.635775 203.106064 185.632812 -55.587917 
64.470947 62.104897 149.126129 -1.920392 13.794477 96.956238 -35.504425 
138.509689 64.060493 133.496475 167.965866 35.498962 76.393951 117.468010 
48.403816 204.470306 306.287506 48.920795 160.012741 234.713165 14.147345 
48.817394 275.862732 -321.005127 -8.754662 211.452042 -325.526459 -40.722694 
56.277931 250.566849 -285.427795 72.779205 194.047165 -291.383301 24.897738 
65.616898 214.359055 -386.321259 -1.860741 163.205719 -381.975098 -38.391361 
71.308464 105.797928 -403.452362 33.385487 64.028580 -395.493317 -8.162591 
48.741138 248.428085 -286.591187 82.204857 191.652390 -282.472717 40.030613 
87.769714 265.365204 -331.952881 5.897683 202.936340 -359.986847 -42.238441 
60.549290 234.974976 105.715378 101.987747 192.545670 50.424324 50.704720 
51.601463 235.463013 -281.655579 87.784668 181.138092 -289.120422 38.792049 
99.764610 267.743073 -345.454590 -4.440498 206.262741 -343.213013 -38.404388 
0.731702 289.385132 -379.258331 65.200249 227.446854 -374.222961 18.464344 
51.587727 248.338165 -286.595825 82.244507 192.317581 -302.127411 26.094166 
52.450115 103.915939 119.911995 66.227066 74.847939 65.350479 30.528358 
241.780884 119.200279 104.223824 127.641914 59.150444 59.625561 80.564552 
170.921234 262.721191 -386.600586 52.868954 202.732620 -383.559357 7.528232 
40.703991 214.254578 -422.792511 6.792945 158.428589 -418.003021 -32.654331 
37.134224 247.252014 -289.591156 80.429337 191.454742 -292.861725 32.625038 
43.707375 59.556206 167.720184 94.214317 12.758739 113.330017 49.261070 
171.668167 264.652679 -333.088348 3.359477 169.172180 -328.647858 -97.543365 
98.606232 298.055359 -354.107788 -3.905185 232.020538 -354.563934 -41.416889 
134.178345 260.951416 -365.449158 -4.789838 200.717758 -366.231537 -42.354595 
116.686050 274.391998 -352.640991 99.158821 213.156540 -350.972443 48.705364 
144.480209 265.248749 -342.046661 4.267432 209.584595 -352.271881 -37.133518 
50.946774 196.983932 144.394150 81.169205 125.957527 95.059578 44.681183 
49.155838 197.095428 144.634735 81.646164 133.298416 95.394257 44.330883 
296.873077 264.417267 -333.299072 3.538324 166.153519 -356.018951 -35.648544 
79.656334 229.532425 188.990692 -77.097931 160.795593 132.171066 -102.747879 
108.458488 294.145782 -329.543640 25.727669 292.276001 -325.267670 32.420086 
75.346863 262.773438 -330.798737 5.998855 187.024323 -333.308441 -29.864624 
87.149323 107.905434 331.873535 384.137665 74.665497 256.586029 303.519867 
82.791786 242.498840 -333.047943 7.542241 180.720566 -336.390137 -30.171602 
84.552193 206.654388 206.793503 -170.546707 139.530685 151.996521 -185.865799 
86.051147 290.016357 -235.989441 283.368713 230.308411 -258.700134 203.457413 
31.793509 74.843285 -96.283157 56.882053 42.044308 -127.591286 18.132528 
604.847351 264.572052 -333.178131 3.442505 229.030884 -331.529236 -22.243824 
45.988743 91.789162 275.725281 -58.710587 31.622454 217.760223 -91.750107 
74.996567 478.271057 140.930832 407.367950 397.843842 93.643776 329.530457 
144.224030 233.033173 -306.438507 12.352697 171.952911 -308.349731 -24.230661 
60.786232 165.745972 58.282124 157.007172 95.189034 23.160107 103.359940 
139.671616 264.024445 -445.557709 92.751083 204.617264 -436.795624 41.740517 
62.809437 -189.675461 123.237518 22.530449 -208.641129 74.476166 -15.343013 
559.541382 -189.570877 110.113762 112.717926 -217.212204 69.299820 67.408630 
29.804800 290.045807 -235.991486 283.363586 218.807098 -246.540451 188.499298 
48.157383 197.064758 144.334381 81.229019 120.432449 94.098183 27.208469 
56.224331 78.135323 237.053558 -74.473618 20.607050 182.794052 -108.677452 
118.163933 396.547760 47.606956 268.533936 322.980652 -3.796211 189.914642 
100.990143 203.071228 184.411240 -87.059952 131.482941 134.229492 -115.294441 
90.364853 203.611374 184.603378 -86.859192 136.248260 137.530060 -117.345856 
44.845924 189.537476 170.233688 -144.196808 133.573700 124.338623 -167.501633 
45.231033 199.016205 142.133133 -133.972763 132.363327 92.659828 -151.602112 
38.875130 189.441498 170.246262 -144.111816 112.776764 112.786423 -154.838501 
87.437660 57.638828 89.270439 -39.463127 9.608797 43.502243 -67.352791 
123.479584 229.804077 -291.462036 89.534836 177.823898 -297.009857 38.665272 
115.886803 487.555359 192.589859 388.701599 406.233002 142.958252 311.142792 
119.519524 377.396210 106.823601 267.030640 301.683167 47.029636 187.081985 
50.075497 104.027672 118.997482 98.369095 46.456837 75.420197 50.154388 
67.146324 56.462677 92.895470 -42.279926 3.038245 36.440434 -69.987396 
78.043159 212.372513 -203.146698 183.130508 158.023636 -226.035934 109.567162 
56.557663 133.945023 75.552666 76.087944 76.030479 31.750542 30.246094 
67.303940 219.049332 -387.596466 3.000843 165.598480 -382.872162 -36.667397 
32.202789 142.984955 258.799286 23.819649 72.640747 191.253860 -20.514042 
39.409492 153.955353 203.440948 116.735031 117.463539 139.467133 69.013290 
57.608898 215.171844 103.371490 190.815018 139.866150 64.451691 133.929733 
153.285522 152.219193 274.587830 16.623472 82.854874 216.406799 -27.087725 
34.221272 57.949165 111.009254 19.577223 28.455423 56.426468 -15.963073 
26.605986 -176.603195 91.017097 102.114838 -202.150696 45.377895 58.228355 
181.709488 129.789948 240.847214 -37.041142 75.574257 180.669998 -65.405708 
66.465370 97.051132 297.538269 2.269670 32.133663 239.874481 -41.675030 
79.214508 134.155060 213.118881 -10.931157 75.159607 153.336563 -43.492058 
240.843140 45.957802 74.508934 61.817425 0.590213 31.012993 21.944258 
265.813446 352.728638 304.512054 -307.194305 272.260284 241.422684 -314.679535 
87.705757 227.578354 283.792114 -84.149361 158.334579 222.528671 -105.845558 
0.173782 246.124680 224.855759 -209.879883 172.595444 167.933716 -224.625259 
91.522942 180.540955 -347.273865 -1.804792 125.830025 -362.853302 -48.323002 
49.935513 84.307076 210.074036 72.808846 27.619112 156.671036 27.060019 
0.139583 388.228699 46.022076 438.253754 316.521423 10.160599 353.742767 
91.993164 41.378849 225.621887 156.171326 13.974334 160.421005 106.654510 
10.253804 104.044998 119.975487 66.255463 67.300110 62.361992 26.850212 
90.321053 166.018387 140.913467 225.561890 124.193497 85.078224 172.554947 
65.518250 177.971588 -141.721344 236.042206 129.919556 -170.244202 155.572189 
70.950996 159.621201 139.890244 226.701126 120.083328 84.319695 173.350159 
352.268219 295.892212 -300.810333 10.769972 224.878281 -318.284149 -41.755608 
72.883339 189.632202 -43.455677 -154.910156 126.878365 -78.294731 -180.891739 
820.657593 182.420181 -256.826416 -3.982329 127.451172 -277.675537 -49.254578 
67.675674 166.500015 68.924660 -124.056175 102.319328 28.801512 -141.979797 
92.771973 172.693680 238.017456 117.750587 106.077087 183.048874 66.036781 
85.662308 189.688416 -43.441387 -154.820587 124.151894 -76.389297 -167.657532 
111.536644 132.422150 -321.633270 -6.105527 78.580582 -341.611053 -51.796040 
45.838337 -109.837357 149.745621 159.352905 -134.155334 99.103142 107.059517 
30.523638 32.113503 138.494690 -323.305206 11.520853 82.271103 -318.057770 
68.733963 189.559357 -43.375450 -154.890640 119.931976 -73.109200 -164.445557 
1.191690 12.208651 145.211212 -300.105896 -6.129386 88.029671 -297.227081 
12.752829 -10.276308 34.364891 19.781967 -51.509846 0.459182 -19.484362 
15.033041 -10.280598 34.383171 19.782015 -53.365517 1.109973 -18.291948 
76.745354 268.509796 -76.895912 212.878372 207.010483 -102.053207 151.524017 
5.928207 312.606140 145.314529 -68.623230 230.281219 98.904991 -99.033325 
15.286290 159.599945 -63.448814 52.999405 118.481384 -93.747231 16.272514 
159.714890 483.040161 -81.795876 337.445923 406.141174 -111.988091 265.581177 
51.425461 248.783234 218.921799 65.693657 200.138596 154.029297 25.934196 
40.541481 278.395050 -345.908997 76.560204 217.970474 -346.815155 26.274652 
43.735207 189.599457 170.473938 -144.075806 122.614693 117.000786 -159.713516 
72.193840 155.179642 -500.871521 296.044525 109.353516 -488.787262 224.405121 
25.468006 63.276157 104.592178 -15.603248 13.755269 60.713390 -43.603001 
18.417517 188.352554 172.302231 -143.842163 125.056541 119.484001 -162.044800 
39.073723 499.419006 158.698654 437.233063 417.309021 111.410927 353.338348 
73.077148 289.588745 351.166351 -3.979631 238.085876 274.220734 -35.674171 
156.686325 -104.998627 71.281830 121.830917 -134.757278 30.455925 73.579689 
71.850296 -115.686760 112.194267 120.958809 -141.621780 63.758362 72.320885 
52.336506 166.236359 171.720612 144.030029 127.540985 111.050644 93.993721 
73.986946 -129.529083 168.414536 104.623062 -150.339264 126.132469 69.140266 
42.768158 -125.948624 97.096169 116.090828 -150.347855 51.241085 68.731224 
91.479935 206.204010 -342.310577 79.003410 153.861557 -342.400299 31.623665 
38.799126 -126.346825 96.800140 115.812897 -150.113358 51.522655 68.602859 
55.272972 255.688202 -398.733337 75.064255 199.110779 -392.543091 26.925760 
64.343338 321.616730 187.622177 -119.950928 242.333374 131.192017 -142.730240 
11.788527 212.846954 -388.538544 54.860279 160.696472 -385.000885 11.341621 
1.601488 212.729614 -131.730316 -8.286126 153.533966 -166.179764 -59.387009 
10.554440 -159.536133 40.465153 115.177437 -179.154175 -1.143037 69.738968 
3.027258 -159.760040 147.049438 205.461426 -180.364502 95.999641 149.956345 
39.299431 197.831055 -219.885498 -90.071846 138.958145 -245.545731 -130.469025 
101.319969 70.594543 323.204376 -25.585709 12.590264 260.612793 -65.037109 
32.865681 247.274597 146.082794 -235.299530 179.672104 100.229530 -246.285767 
13.581823 128.006012 228.038239 -22.314423 73.762093 168.714981 -54.017525 
26.231693 247.352325 146.045486 -235.293503 173.978180 92.241066 -246.150497 
18.970354 247.084991 144.188873 -235.201904 177.375931 93.954422 -246.105591 
91.266510 196.342972 -72.807838 206.245209 145.184692 -102.407494 147.727432 
1916.154907 155.668884 -359.003143 -130.604248 104.066597 -370.052643 -166.276459 
31.152767 -126.273117 96.764114 116.213211 -153.366608 46.761494 75.214485 
44.701530 311.543121 181.557556 -135.443710 233.753754 126.081062 -156.268707 
29.749029 329.778839 173.455811 -95.567993 249.668533 118.535843 -120.438324 
21.115097 249.046890 169.251282 71.629631 193.196564 111.861366 31.436184 
127.604347 232.947006 189.398102 189.463623 179.512512 121.971176 132.989014 
53.992771 -163.495667 115.877380 178.648804 -183.561050 67.535194 124.792595 
61.781948 137.237442 222.515900 104.636703 99.231689 158.440247 60.369137 
45.481712 163.329636 199.986572 111.580765 126.931145 132.124603 84.131737 
18.080914 20.018974 72.578270 114.720322 -23.488667 28.492130 66.307190 
27.480629 -163.566376 116.275764 199.058731 -183.673523 67.917786 143.567490 
67.995972 -122.879501 109.844101 141.231735 -146.743896 63.313572 91.424904 
88.144463 217.299042 142.171066 94.748222 142.199661 95.260704 49.649593 
106.887146 -157.410751 177.366425 118.608757 -180.216782 119.978691 72.342659 
60.131882 198.351089 141.013229 84.591370 124.881638 96.403885 40.470852 
62.454609 402.171326 -50.398457 242.517990 332.803833 -86.273918 177.643585 
15.252312 220.005264 180.347092 75.938393 148.061798 130.473206 29.555397 
5.386392 -175.222443 22.217939 120.980652 -196.226044 -15.271805 71.212395 
68.699417 260.748169 84.354874 343.585297 198.151321 16.260637 249.049515 
63.600056 260.804321 84.410583 343.723541 189.849808 22.235435 279.792511 
48.167740 260.450623 84.321228 343.459503 197.046448 28.772406 253.644119 
1.435655 182.766357 279.791840 -87.335175 114.911980 221.464767 -116.200134 
73.989296 79.106232 334.269623 7.052607 26.632780 264.369812 -26.266350 
79.244331 310.033569 271.353973 -55.473980 229.187775 210.727234 -82.197998 
64.430664 293.128143 258.576019 -25.366505 215.512054 199.509766 -55.733795 
50.283909 260.824188 84.404716 343.649689 185.675812 52.907806 252.455399 
70.316452 154.725113 -167.402908 65.254097 107.339958 -181.967331 20.275534 
335.042297 105.782967 112.545189 86.970795 47.314278 70.180702 41.399624 
46.823792 225.616074 -101.252762 -23.540264 156.549500 -126.396248 -53.607700 
42.490379 36.967655 -83.225166 29.140652 -9.525313 -101.481293 -13.535959 
63.966553 81.718437 -394.729523 71.399635 43.604134 -390.917419 23.769634 
50.375336 199.912094 -310.578888 68.232422 149.299774 -315.348907 23.884724 
228.422043 214.905029 -244.893799 63.738228 163.907089 -255.164688 17.906540 
8.171369 213.603012 -245.540573 64.099327 156.204285 -260.737244 18.022100 
72.411629 288.799622 302.402618 -3.831625 237.207672 229.814133 -35.638237 
85.009262 470.993225 -75.739716 62.293686 379.500793 -112.997604 13.255658 
79.740883 200.674805 152.618301 171.135880 157.356964 94.237534 120.995209 
62.581779 205.901779 -316.548279 63.562859 158.288818 -324.217560 16.959248 
111.428223 189.969284 257.551056 -103.765472 120.936691 201.874878 -130.746475 
469.834656 304.660065 317.824463 -86.750305 224.570862 255.502274 -116.175026 
63.839848 248.231827 170.151489 71.849098 201.804474 109.185577 31.790056 
51.699585 86.380562 -303.719574 46.072041 42.889843 -318.735779 -7.383838 
5.443982 86.567581 -303.477783 45.744461 38.482143 -319.727753 -5.775239 
8.310657 310.149384 208.441742 87.046883 226.618973 158.874161 40.609200 
68.712509 24.501614 -81.935913 37.384342 -22.255804 -100.161102 -5.182757 
86.655983 -129.586517 168.623825 104.761436 -156.735626 108.100830 52.732433 
85.626259 281.324951 -67.400047 187.904877 213.231659 -109.468292 118.695953 
156.268265 163.135437 200.146851 111.612488 122.779953 138.368011 62.609814 
75.814827 289.865692 219.803101 84.717010 237.009430 149.641495 23.809544 
81.383385 375.296387 -12.650984 51.357479 297.170044 -55.851868 4.832717 
78.033188 72.859657 371.012146 43.530975 12.016125 302.454041 -3.309575 
205.631744 -49.286251 159.070023 -95.359642 -87.494087 105.854202 -119.012009 
71.293076 251.074875 252.376022 310.475189 202.446976 182.135269 240.732025 
64.047142 289.630157 219.502502 84.826324 216.434647 176.051544 49.926270 
82.360924 282.897644 153.716995 -156.799149 211.594330 99.334328 -171.794815 
37.243172 176.178192 320.167236 209.265579 134.595642 245.852249 147.865387 
55.534805 165.633743 302.566742 218.571915 124.406876 229.960236 156.943085 
90.133919 290.162933 219.677872 84.861397 197.270142 158.981583 33.971371 
53.303806 175.925827 320.234650 209.397369 132.857376 245.492188 149.356689 
33.814537 479.652954 157.966385 372.993500 398.378784 109.770332 299.518677 
76.004379 121.024513 414.118469 170.294754 57.157509 343.415100 110.666000 
76.468529 290.032471 219.828247 84.686096 203.664124 171.899185 33.569580 
93.162010 290.058929 219.802414 84.613701 205.089111 202.312958 59.165668 
85.555984 290.084534 219.708847 84.685661 213.755157 152.574707 26.590942 
112.405029 26.347094 2.399930 49.555927 -20.327078 -23.640131 6.211912 
100.330551 98.239441 134.906586 -31.602238 38.861492 91.049477 -65.552628 
57.442940 106.887634 -35.065010 71.529388 54.212887 -54.749596 25.306057 
48.833649 214.389587 -8.918427 123.657829 160.330215 -45.549038 71.892563 
85.825546 114.049301 98.959297 83.222778 54.596024 59.498241 37.650223 
57.821747 289.595337 221.059265 83.067284 215.550125 164.454803 50.977818 
86.812096 264.230072 242.963928 25.592682 186.176498 186.089035 -11.586834 
95.137115 288.847778 219.994125 82.854500 204.845703 159.245529 27.114592 
82.341576 407.516235 77.155739 387.767975 332.730347 34.201748 311.136963 
130.464798 224.418762 186.881271 36.102959 152.130753 135.606735 -7.684207 
76.906929 571.576477 16.205799 522.400391 486.585083 -16.978397 435.036255 
53.582619 37.987473 -128.578247 331.025482 -1.654985 -152.722107 259.720032 
4.579572 -106.953468 74.715019 66.334419 -133.278152 32.253387 24.655996 
53.861111 567.651123 -2.074953 549.015991 480.684113 -33.458035 456.090027 
93.618210 82.296730 97.460846 44.290054 24.900961 55.452724 -0.286683 
79.474350 161.079086 309.193573 -59.578049 104.197395 240.655624 -88.971481 
39.466320 123.833115 315.919861 -14.646502 68.928841 246.898300 -46.523537 
42.014290 -148.130508 -136.230301 167.445389 -168.639130 -157.070908 111.772820 
72.418617 283.035950 153.462906 -156.849152 204.117966 108.614487 -176.545425 
24.662563 170.500961 133.937820 118.330544 104.674767 89.407082 67.691193 
23.348927 162.526123 298.435974 -32.345528 104.183075 230.933975 -63.173969 
52.555458 568.427002 15.966623 518.969543 477.374084 -17.741747 425.059296 
103.537613 179.150620 265.371796 269.332428 137.069901 194.689377 202.315369 
77.889648 378.095154 -12.782652 51.320465 293.569580 -55.338970 2.274715 
68.215546 325.005066 -11.209995 285.034119 266.684631 -59.987328 210.124786 
53.423973 570.339661 1.954311 543.436951 483.103241 -29.957634 451.246582 
56.877922 375.356567 -12.400721 51.232826 281.469849 -59.967525 1.538132 
13.092669 -152.141830 -119.445557 159.507431 -172.354492 -141.415863 104.393394 
36.971954 535.141418 -74.867035 630.459473 450.698639 -101.456528 532.606445 
119.285233 56.419113 93.130608 -42.352718 14.041839 52.899063 -73.509026 
22.497608 636.394653 178.049591 522.251526 544.269592 133.211487 431.949707 
5.634943 -89.473297 64.703804 24.534012 -117.421227 22.786423 -12.117558 
54.348774 362.856201 211.566422 129.152206 276.180176 158.753311 81.649094 
11.363650 -143.603683 -151.600967 151.986389 -164.330856 -171.643951 97.320999 
62.130444 308.785431 23.637352 329.341919 248.414261 -19.119549 256.599304 
42.022739 325.072449 -11.404120 285.030304 258.397797 -39.504601 222.443115 
38.575890 330.534302 -27.404781 270.095490 268.632477 -66.714737 201.147018 
48.387611 297.692322 341.830322 -93.275246 245.494934 265.577423 -115.718346 
15.472865 312.309265 8.323773 317.717896 251.587509 -33.197979 245.848831 
60.001228 281.484406 -177.671204 148.384430 220.770020 -196.742462 93.784920 
44.482758 91.977440 181.218033 62.604397 34.624077 131.239685 17.885103 
119.574165 421.655548 96.090889 407.145966 345.900208 50.468323 328.186279 
65.582733 170.109360 266.397919 148.765289 129.746902 196.880905 100.613258 
0.510772 378.937714 -249.346207 120.948532 307.734772 -261.258728 69.151337 
8.926437 17.218761 -34.311840 240.053879 -19.280500 -66.569794 177.783325 
81.198402 196.307068 228.642227 -31.209059 125.296837 175.908325 -65.894547 
48.718613 294.207001 259.912567 -25.937342 210.982071 202.246414 -55.752701 
46.910927 380.031097 -121.773903 167.793060 308.677490 -145.569565 110.647598 
45.600132 142.657089 192.354691 105.809151 79.574516 141.778625 56.580612 
4.791934 203.972961 156.643509 44.087727 133.972626 111.413216 0.521141 
74.597282 191.429474 330.871796 328.140778 148.674530 253.619202 257.286041 
50.141876 517.132019 65.779572 -17.085072 422.070770 17.909351 -55.497902 
9.046296 -8.304074 -11.802270 239.912338 -42.449913 -46.058334 177.643280 
70.159775 362.115875 55.079033 -25.377003 277.078033 12.159425 -62.549953 
83.867813 154.815247 -96.873741 309.628265 106.331154 -126.603226 237.683212 
85.025925 273.698761 179.148315 -86.108826 199.417953 125.213799 -110.230461 
88.571342 256.894836 182.846939 257.804810 171.717270 135.371918 187.909958 
70.852707 471.590668 94.445488 400.715088 391.921417 52.867027 322.005219 
64.085243 135.951218 224.514801 -132.650711 100.043228 158.583206 -143.716354 
1.906251 69.862244 -155.498734 270.499908 30.947113 -174.298401 206.385864 
63.863388 251.791550 179.936844 252.050140 174.684006 128.915634 188.282410 
16.097797 124.632423 195.017685 147.413132 60.410084 145.643433 88.880585 
76.937080 136.240753 224.348816 -132.232529 96.033623 163.650375 -155.543625 
62.484032 -145.348114 39.017254 107.359993 -167.602173 0.252879 60.499691 
94.630882 350.741760 302.989868 -303.158081 270.064972 238.696884 -308.160431 
277.490356 209.170364 171.196167 31.645273 137.556442 121.931404 -8.600885 
97.847404 268.830353 200.002213 270.658020 191.313629 146.477768 204.837326 
51.463501 62.913567 64.459190 97.233627 8.821247 27.550520 47.315979 
1.546269 -74.623367 68.376480 97.050621 -104.336823 25.864702 52.946846 
71.399117 257.823975 -183.970245 275.395355 203.957718 -200.571518 210.537949 
23.859474 149.113953 273.381897 134.059113 84.373955 213.485031 83.357262 
86.445518 162.666382 -126.492264 296.705170 113.751198 -146.302963 230.350159 
147.508133 418.549042 172.817856 303.576019 343.548981 125.088531 231.866196 
37.107174 191.428894 248.933258 -42.411911 121.730759 192.852081 -78.137024 
26.065540 -157.435242 141.456909 157.696243 -181.284531 89.244102 103.927116 
302.880280 256.898560 182.544617 257.533661 182.461533 131.035263 195.380981 
89.119080 258.013458 -183.514755 275.425079 196.196640 -198.104843 207.408142 
73.512787 265.104523 315.431335 -225.319534 193.286362 248.201553 -237.512924 
90.331406 424.003540 56.962696 444.799347 348.533112 20.749126 359.853241 
41.769978 -113.722908 4.344713 101.042694 -143.329041 -26.333872 48.283566 
1.107127 215.822815 -145.700226 231.433670 159.081940 -163.343704 170.032944 
79.214264 -123.979065 135.653366 181.564240 -148.843231 85.710335 127.030983 
43.231709 362.123016 54.961788 -25.233229 283.183105 -2.340745 -66.364784 
47.914318 302.083588 65.573059 5.575015 223.597458 13.642864 -38.183922 
19.180031 361.382843 54.848469 -22.030582 275.665070 2.055884 -57.754120 
38.448544 375.461273 67.558678 -12.761128 290.387329 15.346375 -55.259781 
63.948399 205.479874 331.023529 3.824701 161.440399 255.986618 -29.553631 
87.089973 -113.517441 5.808662 95.425087 -136.711334 -29.028931 54.366520 
52.926159 183.787262 -118.377419 304.857147 131.956558 -137.680099 237.251022 
53.331238 -96.043465 156.385452 201.353912 -121.383827 104.411339 145.978531 
31.589130 -110.688637 159.870255 204.002823 -134.790985 106.579994 148.430969 
21.215961 -96.649284 149.564240 199.715622 -122.168419 95.220703 143.754959 
4.974367 161.880463 -224.027771 101.069115 110.243515 -239.374603 48.420708 
76.978455 258.275970 184.616699 257.721619 190.654160 135.259109 199.981567 
46.192520 361.744934 55.382317 -25.563311 277.041840 1.253688 -72.562248 
53.686966 182.967651 283.360046 333.492950 141.084747 210.732635 262.053162 
74.453445 262.182068 313.872711 -214.945831 191.601715 247.015030 -229.940308 
149.341019 305.542664 -107.050858 289.268188 241.529663 -127.080696 216.856308 
74.208115 143.913422 243.551422 138.224594 79.471817 186.115128 86.591812 
51.561954 197.597656 -316.959045 268.164581 124.888664 -320.379059 216.205917 
95.392937 327.953369 366.489899 -244.289719 250.585785 298.379883 -255.034393 
71.473450 305.859650 -55.699432 184.132629 240.901123 -87.918388 126.495674 
74.749321 90.901016 305.732391 91.583984 36.009506 241.898651 42.000294 
64.769165 84.673172 308.632324 89.642380 19.399342 249.676926 36.812092 
107.671982 170.217072 -208.196411 271.025360 116.601738 -220.493896 202.337692 
9.690271 202.250763 318.399902 326.556458 157.673584 243.525497 255.755875 
63.415401 -112.527672 3.838243 100.891891 -136.997421 -26.279615 58.487198 
43.625675 297.325592 215.841782 85.818527 211.956650 168.825409 36.729374 
0.062296 435.202637 -41.624702 189.746994 352.289673 -84.891006 121.353035 
69.007294 237.285263 -71.022949 297.084808 180.000259 -91.272476 223.115387 
59.368408 69.252533 -223.793030 365.833374 25.991674 -231.498627 291.183044 
94.126114 236.891006 -70.547256 298.080017 177.178467 -95.995476 225.126968 
69.695915 156.483078 -188.842575 266.795990 108.946716 -201.042923 196.616013 
40.601494 67.168633 -222.061722 367.218536 27.854586 -233.312744 289.724640 
52.262566 328.128937 315.667908 -250.491211 255.845688 256.910034 -261.974518 
48.657787 328.091339 315.756775 -250.320267 246.895889 251.788834 -258.541931 
10.199003 197.650574 319.002838 325.800476 154.873657 244.228653 255.338333 
85.374245 -176.904709 149.428558 220.599304 -198.443604 96.229988 163.309616 
67.590889 436.840149 -15.089168 406.384857 360.355011 -44.722755 325.234131 
91.743050 225.239395 -104.706863 298.303925 169.235382 -122.528946 222.859634 
31.247051 328.449615 316.073486 -250.441376 245.993805 245.228088 -259.995392 
2.787684 -45.732647 154.247131 130.984634 -78.502769 101.132652 85.054756 
70.835396 -156.915955 108.370499 188.951096 -180.324539 59.789574 133.377853 
13.176255 16.300718 459.775787 346.692413 -12.079754 373.369110 273.602509 
19.508757 -112.575974 4.546039 99.933456 -144.098923 -25.285257 57.338669 
29.025846 197.182266 -94.093582 320.012482 143.234955 -115.673904 242.621292 
127.989189 223.699493 -140.669113 155.408676 168.963989 -158.690552 95.070465 
68.696602 362.925476 179.592163 111.059067 276.142792 130.140915 65.420364 
360.742706 295.554260 -189.855927 221.425598 233.272858 -203.394211 156.171509 
26.244059 -113.355743 4.386696 100.978027 -138.784531 -35.610519 60.738819 
82.062798 -112.942467 3.708430 100.728218 -138.296509 -34.850060 50.159748 
23.580772 -75.670334 -13.524204 91.301544 -102.847328 -46.437199 46.686939 
56.493649 254.430786 263.331177 -235.853180 183.454697 205.171204 -244.460510 
57.136429 126.129860 -115.899422 114.588493 77.294205 -137.490372 65.154335 
43.493389 12.057513 259.180878 142.763824 -40.232136 201.739319 90.402046 
87.049644 175.151382 -117.232780 339.139374 118.059944 -122.927101 259.802856 
41.778461 215.944580 291.793762 16.078373 170.729507 220.962234 -18.617027 
26.767553 -210.193878 42.360931 83.861992 -235.069931 -1.257030 39.915119 
39.541252 -208.172363 43.579571 83.903687 -221.418640 6.914514 40.174294 
24.500504 37.954456 -128.570679 330.914886 -2.389424 -149.352478 255.122971 
26.853407 130.167313 -117.769745 113.882240 92.619095 -144.590988 62.473286 
23.467443 213.508163 -94.352234 75.052597 162.611389 -118.124725 29.961990 
11.106791 214.054977 -94.149971 75.426277 158.381561 -120.577477 28.032286 
7.854406 16.331572 498.183746 362.599609 -12.158233 409.001404 288.448547 
77.594208 134.100327 -64.006973 394.357422 86.438576 -91.451683 317.536255 
6.837758 233.071350 250.584045 1.425661 187.206161 181.641525 -32.654591 
27.055861 333.224915 47.880234 110.515099 267.490692 5.462176 62.337513 
42.055523 40.471333 226.971527 206.760452 -14.356119 172.449951 147.945633 
71.706787 131.770966 255.929260 -20.481333 76.805336 192.910156 -52.468731 
54.142067 310.052673 357.872711 11.976062 256.481354 279.824951 -22.109015 
60.661945 340.286682 389.660583 23.544186 284.871552 309.786072 -11.208509 
17.311131 3.590628 -115.250114 330.225861 -33.545353 -139.394226 258.177490 
218.265869 151.915939 -37.757072 135.956955 101.654732 -72.653961 85.325287 
64.736183 237.009216 -71.975159 57.762306 181.304016 -101.727631 13.902081 
53.907871 265.678192 1.004660 108.620247 203.821655 -37.314476 61.748142 
104.716331 178.524841 -84.381538 335.320068 128.575363 -108.937637 256.219299 
31.604322 258.921417 5.111091 111.022270 199.211731 -34.607239 63.487232 
94.633018 206.395950 -95.017395 304.853271 152.346710 -115.822540 228.866211 
30.634035 399.278809 -79.756081 417.615692 325.683563 -103.919876 335.432220 
46.428192 147.748184 -39.969215 288.622742 98.639465 -69.612885 221.210770 
72.995682 234.583252 -174.396927 410.159424 179.541245 -189.801453 328.765289 
59.165215 152.767258 -165.683502 180.363876 104.220169 -184.903137 124.842842 
100.645317 -63.305405 157.483765 148.628738 -91.834389 103.970238 102.868393 
435.824066 198.371719 -316.966553 268.638855 149.410004 -321.019897 201.007812 
87.729073 207.030090 -122.939468 207.689499 153.197159 -144.979523 146.625717 
30.783834 158.915070 -14.245935 310.356903 108.804489 -45.161613 241.323608 
465.868225 117.326767 -253.560684 386.063019 71.488800 -265.879700 309.828918 
71.640839 166.364929 -299.323944 373.491119 117.099174 -308.639252 298.031647 
32.825832 -9.606029 286.705078 260.769989 -61.698372 228.637390 200.631927 
92.029915 188.972214 -328.676514 252.538300 138.106812 -334.167572 188.606918 
42.599388 -9.541903 286.674347 260.986115 -59.473095 226.673447 195.772049 
41.054035 -0.284631 277.376007 274.773010 -51.674343 220.411209 209.956497 
38.569141 199.689774 -276.231415 204.647141 146.727371 -286.782440 142.880814 
40.196835 -1.367130 277.273468 274.007721 -54.096706 218.322067 209.330048 
47.607861 56.445255 -153.606735 444.235626 14.542472 -173.910782 364.668152 
58.027988 231.570587 -274.042938 269.559845 174.146133 -280.102020 200.781128 
19.473955 191.849808 -278.662628 213.785889 140.170792 -289.453522 151.165970 
98.802933 334.251007 228.105774 -234.171295 255.859344 170.644928 -246.039703 
142.850403 -179.353409 98.499542 72.846603 -201.928955 52.354046 29.722712 
51.155262 -42.780632 128.529709 144.891342 -73.987251 75.842857 96.538353 
25.645586 382.970398 132.411926 -279.781860 299.920898 82.722824 -287.723389 
54.811012 198.244751 -305.648712 260.077057 143.882782 -316.597473 196.888290 
10.195048 405.654175 -149.841446 248.023758 327.024841 -181.813141 175.112289 
49.540207 -4.365412 207.011948 117.784790 -39.955238 149.654526 71.019951 
88.769470 -64.268318 -122.853760 583.500183 -97.198242 -137.583847 490.380310 
23.506577 -42.804249 128.571930 144.842590 -77.132240 85.347679 91.910751 
39.744640 318.249390 265.560242 -316.215332 241.373840 206.474640 -321.583282 
72.402763 294.496582 -306.543854 298.474487 233.592484 -310.506561 228.273499 
60.271500 339.141266 -331.579407 276.032928 274.414948 -333.633423 207.470535 
19.712074 -3.606388 205.512329 119.623589 -36.155594 141.434723 81.473907 
16.611954 325.014679 270.914612 -326.042297 247.160736 211.084534 -329.840302 
50.809372 -4.241047 206.753525 117.959518 -42.173222 151.931213 65.854462 
35.608635 -24.842226 278.626495 129.631516 -60.568230 220.350067 81.665344 
17.334370 175.982986 -116.951096 339.091644 122.042175 -134.718521 240.607620 
19.540388 227.536041 206.097641 -490.794739 163.252701 154.587173 -474.966675 
96.496605 293.629913 299.983002 -316.595093 218.861374 237.519302 -321.837891 
16.717810 226.102295 195.387543 -530.961792 161.991348 144.747345 -512.195679 
1.895488 462.492218 275.294739 -98.207817 372.385193 210.930206 -125.882294 
107.068443 -73.562241 163.492249 161.964157 -137.923309 92.574226 125.009918 
77.312355 -55.654411 174.023895 153.964142 -46.893528 150.423080 104.745949 
65.193329 198.518784 -199.539078 425.116760 145.073685 -207.602127 340.746338 
90.375259 344.543457 151.022476 -263.332611 264.087646 99.916260 -273.019928 
83.761116 256.037903 -6.633534 102.843849 196.343979 -44.216480 54.708191 
12.069915 181.031006 68.067970 69.451416 128.890457 24.309942 26.095425 
81.580597 -122.635292 105.652328 154.328308 -147.510880 58.495556 102.264099 
248.521179 130.268417 -29.819757 354.614410 82.348686 -57.859871 276.250305 
496.882629 -55.371075 174.064713 154.119080 -88.405960 120.682068 100.502205 
130.195602 175.766525 -117.262482 339.250854 131.541214 -138.878845 264.030182 
79.754967 303.008087 116.417542 -207.684006 225.969559 68.133636 -221.275177 
65.470093 110.132271 -61.348866 214.634933 60.255764 -80.549591 154.214935 
73.373032 110.152733 -60.320190 214.513458 65.455437 -97.101219 150.857880 
51.968983 51.641079 -260.052368 523.739014 10.654243 -264.558167 434.469849 
15.357460 65.820381 -268.802155 530.569214 21.905607 -271.880096 440.833466 
16.483122 66.128128 -269.761566 529.731934 24.271584 -273.637512 439.689026 
64.524239 62.310585 -114.500511 451.098755 20.080841 -138.891693 370.296875 
34.821014 85.699646 -245.816589 535.105225 41.514488 -251.540146 444.895844 
62.639069 308.502930 136.817215 -288.107452 236.413834 86.886314 -295.166718 
41.073368 106.046928 -118.874985 326.912903 61.042904 -139.709702 251.443207 
37.084770 110.153648 -61.278214 214.542068 70.101799 -83.873856 154.092697 
42.482704 105.102905 -124.452049 319.980927 60.200840 -143.378876 246.328857 
68.343918 223.089630 -138.960327 351.609589 167.197113 -156.185547 273.332275 
63.364250 -10.152258 -167.887848 522.460632 -47.227642 -179.148193 432.906158 
88.220032 197.943024 -316.635803 268.365601 130.563202 -337.509399 193.919037 
141.760284 -91.304359 174.761032 177.295547 -118.808365 119.337646 123.450150 
54.514130 305.373627 136.991592 -288.200653 223.640030 87.628540 -295.502716 
35.044270 339.265839 155.298141 -270.998230 260.832031 103.557968 -278.678986 
22.686947 109.172966 -46.195602 530.712952 64.042397 -74.343994 445.991455 
121.970467 157.793747 -311.053131 239.586777 110.317764 -316.079590 172.552658 
31.752316 110.779289 -61.658295 213.128067 66.938057 -86.190651 147.279053 
32.950184 142.113708 -178.864822 442.110565 93.389511 -188.963715 356.528961 
18.018478 109.228058 -230.987030 445.959991 63.128357 -236.782074 360.410431 
55.208889 149.524765 55.652615 302.825104 100.627884 18.100292 233.447098 
64.136292 94.074944 -114.817993 281.270599 49.961140 -136.979233 210.126480 
89.166351 335.543579 -145.430649 442.817505 270.964844 -163.362869 359.114838 
199.758713 229.295731 -94.522835 202.169342 173.081741 -118.392784 141.684082 
92.967461 180.658630 -246.863815 300.353821 128.589478 -259.321106 230.268570 
209.424362 136.033279 -141.702484 214.834442 88.935333 -161.653748 152.893555 
86.083862 210.958710 -136.075424 227.691742 156.154068 -156.161713 164.074112 
15.660768 288.204651 -214.282166 423.826294 228.572021 -226.953415 341.628784 
