8.114315 172.556335 -808.587036 -131.721848 64.285614 -410.679352 -84.038162 
531.228149 -8.626609 -114.828156 1084.058716 -20.663383 -81.277153 492.574188 
22.280993 35.334026 -900.621948 76.002480 3.454920 -453.847473 19.301559 
526.865051 -17.101263 -96.223099 1096.467651 -23.135618 -76.012085 496.244904 
1534.517212 -274.051422 -765.009399 -59.927441 -139.191940 -389.593781 -48.868004 
63.088520 290.508240 -506.052490 78.162384 127.843925 -271.504272 5.002435 
51.193348 179.186798 -397.791412 321.601501 72.449532 -218.327194 124.201965 
65.507515 295.641937 -482.800110 99.311501 130.325699 -260.530121 18.697222 
39.761818 213.954163 -423.967896 273.248169 89.163101 -230.951523 101.417358 
70.325806 290.704224 -505.203125 91.066132 129.780487 -273.603760 31.506067 
56.631363 291.672180 -501.191193 87.899170 122.593651 -265.110840 15.771222 
66.639915 256.849548 -515.904846 54.869865 110.640862 -274.371216 0.888703 
66.582779 277.244476 -477.166290 1.601199 119.960495 -257.263245 -24.496208 
57.701401 289.697998 -506.101593 87.604851 124.874855 -261.954254 12.238409 
86.846504 204.482834 -479.952545 12.382792 83.509109 -257.767059 -21.099684 
41.976852 296.565186 -368.501740 73.584038 128.975723 -202.434052 8.758357 
68.855766 289.277954 -503.934387 88.023430 121.481789 -251.979706 30.399065 
61.005081 290.085266 -503.606049 87.584312 127.318710 -280.790436 2.677397 
47.316391 289.614868 -507.545227 84.306152 123.146568 -265.815674 20.798815 
93.821617 200.544540 -502.544739 198.063995 80.991974 -268.250427 70.638000 
74.055054 256.864838 -493.244781 -215.040207 100.768547 -258.946259 -121.821777 
100.310783 209.856033 -438.544830 -144.177658 75.873413 -226.665802 -88.407555 
110.612358 289.003845 -503.276703 88.005951 129.865463 -259.843903 5.425795 
184.528137 288.912842 -503.255432 88.105003 131.179398 -274.128174 19.774511 
99.120575 289.200653 -504.008881 87.933502 111.986534 -272.153809 5.635905 
67.923553 251.029526 -478.524231 -195.377029 97.747398 -249.126038 -110.725395 
126.025848 210.083801 -438.834961 -143.249664 79.684746 -230.778091 -82.393105 
60.448421 257.417511 -493.648376 -214.272797 100.477074 -250.935272 -116.460449 
20.467089 144.939621 -503.535278 443.529144 55.946812 -265.926666 182.777054 
26.525383 -664.159851 -175.874146 934.169312 -330.642090 -110.985794 422.112305 
52.200424 -343.757996 -215.921265 636.989929 -178.204849 -128.002213 285.249756 
485.668579 -379.842743 -148.473267 661.510437 -197.817444 -95.036362 296.980682 
185.413422 -458.748047 -138.451584 673.210327 -241.188919 -88.868233 303.077881 
293.299286 -381.839813 -154.626968 657.548218 -197.711456 -91.505562 299.047638 
310.878052 -379.945068 -148.181335 662.910767 -192.619431 -97.889320 293.163696 
274.444092 -410.901733 -189.551300 636.225159 -211.920410 -113.221001 285.216705 
28.516537 47.160610 -410.094360 58.989563 11.987416 -223.829803 4.313776 
95.516441 -395.699005 -153.153549 633.493225 -204.413757 -96.338875 286.660034 
259.808319 253.144897 -533.648682 471.108124 101.778168 -273.610931 206.501709 
70.271927 420.188446 -611.297302 30.243355 186.291122 -308.739624 -8.290207 
682.207092 157.383560 -538.669312 365.655060 52.235313 -276.144928 152.251404 
96.639351 161.959518 -19.904148 -6.785167 63.459381 -31.557407 -30.961096 
210.103180 161.590225 -20.016623 -7.180991 37.401165 -8.125394 -14.007960 
272.319733 168.480530 -16.052141 1.118072 49.000862 -29.123823 -25.107357 
200.870361 161.094559 -19.490501 -8.067564 52.077312 -17.155928 -6.704436 
126.430672 153.521805 -26.933689 -13.909938 55.767075 -16.714491 -28.411493 
225.697861 119.282600 1.752354 61.778320 30.932663 -9.226019 4.779038 
10.437791 142.458023 -499.784729 204.668564 52.367847 -261.953949 76.868469 
171.720657 240.653168 -42.802010 -56.051540 96.625496 -33.264542 -57.187214 
100.221527 245.386719 68.899323 194.585403 93.364853 14.041795 70.635712 
173.126587 168.788574 -15.774405 1.132584 60.299862 -5.445486 -23.393412 
103.717255 176.142120 -3.257973 -31.974522 63.364532 -7.146720 -50.808170 
357.627258 -270.341644 593.210205 52.925903 -153.565460 271.026398 5.717831 
99.656975 205.860687 13.669068 168.066788 79.599106 -11.693203 50.394337 
353.789764 161.824493 -19.720602 -7.000741 50.236984 -27.674068 -42.048756 
147.153091 160.565399 -19.814150 -8.477256 38.502975 -8.287831 -52.058369 
212.693695 175.616104 52.272076 -118.616043 57.263161 14.587811 -80.534698 
56.310188 245.109085 69.793861 193.742050 96.176674 13.833124 71.115616 
120.250610 199.367310 213.100906 341.910522 69.009674 89.747482 137.741837 
96.297829 175.265533 13.781687 258.850250 56.429508 -5.741528 97.362434 
256.357849 941.212280 99.444153 336.590088 441.299591 26.482662 143.075272 
117.881424 221.164597 47.297058 79.667168 80.765953 1.421777 17.537897 
431.008728 45.777802 370.353149 39.776649 -1.801792 165.561111 -2.366159 
268.366425 -325.818604 557.051575 123.349266 -181.581833 252.751877 41.209614 
162.409729 -4.785056 418.759674 7.496387 -26.462814 187.298691 -17.741724 
10.925844 447.823486 188.921951 -165.622101 186.384857 82.778748 -101.074677 
0.763070 223.832184 78.120155 65.937134 79.937523 25.325909 6.461651 
127.812782 203.251373 -47.499935 178.363403 68.187683 -39.527119 66.739456 
286.423187 -108.491768 604.889709 17.013773 -61.515335 269.433655 -7.355916 
97.592079 10.342492 -265.526245 547.979675 -15.004632 -148.075882 240.594604 
253.110382 -128.418900 739.319580 33.783108 -71.290535 336.898010 -0.418599 
123.172760 150.205612 -22.918785 -16.769196 39.171368 -28.215338 -39.095303 
118.307701 207.399185 -19.881071 158.855911 73.212952 -23.440678 56.794418 
125.730492 650.737244 -488.188904 142.018066 297.721222 -255.978027 51.338890 
88.992325 661.455505 -580.624268 105.433472 304.465546 -300.999786 33.808681 
636.450989 207.887817 18.414953 163.833130 75.500633 -6.044836 60.551846 
112.216156 181.771088 45.132710 69.145088 63.125885 6.405768 15.912310 
144.707062 455.872528 -647.066895 -38.107185 202.288544 -340.005219 -39.164562 
159.213516 529.059448 -523.615784 180.836975 234.801575 -288.695984 80.581261 
4389.939453 511.522949 -152.522186 49.551296 234.215393 -89.863052 7.403979 
206.283768 429.988342 217.260681 -149.429108 185.144424 96.415970 -100.947502 
73.349792 238.200226 43.920059 129.601944 89.508308 4.716904 44.292278 
70.749405 11.459783 -264.677246 554.453369 -11.389208 -145.546387 253.270966 
117.398415 443.243439 140.434723 -212.461227 185.140198 58.702488 -123.431702 
85.661362 210.923981 28.593521 159.881424 76.116783 -32.432861 34.746944 
110.737534 481.794586 -687.441895 106.320686 214.465225 -352.247498 33.277569 
94.448181 247.745697 25.442879 123.310249 92.608063 -2.086908 42.520164 
120.370743 532.444885 -509.153717 171.738220 238.241150 -259.383392 53.043129 
394.793335 434.492279 224.521240 -154.675980 168.305283 92.869392 -102.231613 
161.324417 347.189362 56.131302 67.597122 147.660751 13.330034 9.957016 
59.866463 271.318726 69.802521 -53.182560 106.993126 14.362877 -42.954483 
305.729462 719.795471 -619.970581 159.246719 333.694336 -320.455566 60.084263 
65.340797 229.506516 32.880783 175.683136 82.042603 1.199446 64.553650 
147.143082 532.589661 -508.977386 171.780426 248.508118 -266.281586 88.381256 
230.377258 187.505920 -45.755917 167.429382 64.740799 -32.862858 64.522743 
78.570976 179.172577 -452.313354 190.734482 70.529213 -238.636230 69.579979 
228.877777 532.568054 -509.243530 171.966919 238.575500 -258.968475 52.103664 
60.043411 -36.188862 -192.282303 488.436829 -37.097614 -110.408134 216.028824 
53.884613 34.942078 -638.260742 525.091614 1.120086 -331.907898 231.737854 
267.287354 208.245468 99.614861 187.172867 75.465630 34.068665 71.733406 
187.195206 386.815063 43.567661 -114.362061 159.527954 10.603909 -80.085159 
169.399139 210.944611 28.550529 159.988266 72.651947 5.033686 73.845436 
83.262367 207.223999 -73.860367 179.407593 73.597610 -49.110283 67.656746 
69.780663 152.250717 -25.685978 526.637573 64.638359 -21.541998 225.296021 
69.456772 219.822052 43.122261 178.895416 81.493019 3.406654 65.799652 
363.029724 439.559204 222.624710 -163.550629 182.479614 100.681786 -95.263084 
297.279755 434.437256 222.978470 -157.512436 185.952530 100.649834 -86.485550 
200.807007 212.847458 -4.687567 156.435913 75.784698 -17.222542 58.734634 
482.519867 438.089050 224.839035 -156.225876 189.926849 96.997742 -110.000771 
878.992920 163.593781 -475.039368 108.393929 71.028069 -241.286194 35.418037 
64.875076 217.586441 -27.369843 16.962032 76.230484 -23.203596 -20.080568 
79.565643 131.848694 87.403870 -36.597775 36.396648 27.311819 -42.776054 
91.478004 12.284698 -264.299103 549.803894 -13.002809 -146.522690 248.977859 
416.669495 189.377487 -45.869473 165.338715 71.028259 -40.538624 63.263508 
1796.128174 419.653198 -614.657043 27.614941 182.731613 -320.622192 -10.051559 
28.107843 246.654480 -48.491600 2.407624 90.895325 -33.582283 -25.820459 
484.056702 795.629333 -37.472336 211.480347 370.763641 -35.183453 86.300293 
68.068390 -205.491486 -416.240295 107.082069 -107.724533 -218.403519 33.556324 
149.028412 -108.362228 605.533569 17.543261 -62.825649 278.775818 -9.778130 
73.449989 -461.015198 190.754898 319.918243 -243.771606 73.225143 135.430923 
70.636284 -161.558807 -403.390625 213.483688 -86.438911 -212.006836 84.370064 
47.528919 152.160965 -25.784483 526.692688 43.463017 -40.884373 243.935165 
590.201172 -182.636124 233.322739 254.554489 -109.398582 93.513618 104.335510 
493.939056 678.613342 -204.578857 285.311035 314.975555 -112.681610 119.902893 
75.403030 -184.085754 -405.607819 152.454849 -97.414627 -213.230423 55.128529 
112.514832 161.773941 -19.801504 -7.985953 71.450394 -4.101585 -10.493881 
118.057083 162.272507 -20.983133 -5.647533 51.203896 -11.584264 -37.918343 
356.559235 -309.862305 709.262695 -211.202896 -158.719421 322.194183 -117.557426 
379.326599 444.130798 143.343735 -198.077744 187.383530 61.106064 -120.148216 
22.829065 155.254517 -23.482203 529.415466 57.683723 -27.973354 234.805710 
1389.745850 -221.222656 -599.922119 -0.094959 -115.785057 -306.261017 -16.167267 
0.011308 147.738831 458.057495 -210.146347 45.206722 206.280685 -123.582436 
262.007996 51.032021 16.678343 61.914101 1.358207 -8.989660 14.261013 
103.113129 82.423866 -260.068390 453.129242 20.326515 -141.595169 198.884979 
146.191498 160.194000 -15.837317 -5.407825 45.786491 -31.139757 -16.021137 
80.920341 361.688202 -588.849854 43.780979 127.687103 -295.443115 5.625498 
81.332024 -34.381157 111.966736 132.777344 -41.225285 41.360210 36.635731 
583.475952 397.615173 209.158707 -142.325821 162.804977 91.693184 -94.376030 
154.906738 180.287308 -425.262695 -200.309830 64.505875 -226.753799 -113.416351 
12.415420 680.106079 -200.256470 293.160828 317.065155 -116.936096 118.531418 
119.699326 185.170898 10.945957 -79.634438 60.895123 -5.945910 -61.854832 
1424.098755 175.461563 -436.494415 129.619934 73.015038 -226.964279 46.554859 
446.227631 493.498383 103.792679 345.195984 224.297775 27.365210 147.044281 
90.691086 158.294296 -16.210161 -7.215946 56.221924 -31.452566 -33.204891 
2.330571 2.564400 184.586655 96.505951 -25.356606 74.239044 25.044743 
55.070248 67.264534 227.180008 84.515427 6.398354 96.719482 23.658663 
76.520386 469.926300 -429.526611 341.371338 211.957245 -226.552338 142.647858 
20.001036 67.398468 227.251923 84.593048 11.122805 102.111343 33.238831 
55.522301 473.429840 -454.787567 255.902084 213.523712 -239.311768 100.140411 
314.479767 444.774811 202.314056 182.097687 185.565796 86.995186 62.611465 
37.503315 67.278549 227.171829 84.406563 7.554626 92.294319 5.008373 
56.750633 445.313934 -356.855927 458.757477 200.443893 -190.970612 201.600510 
138.762451 477.087646 335.415833 288.829346 218.535950 137.276672 120.428177 
41.304741 195.784119 538.699219 9.196892 66.441391 244.321365 -18.282957 
141.501709 510.213257 318.798950 -256.455139 217.950073 142.746613 -147.492096 
115.196136 442.140900 -805.366882 358.252716 198.069077 -410.435852 150.797623 
73.143967 466.170135 406.434082 253.038467 214.435791 175.398499 103.921288 
100.655922 252.401779 -550.992065 290.467682 104.705238 -284.029541 117.271233 
135.501709 -401.691559 105.542694 21.721312 -213.232239 36.443874 -8.315718 
80.828850 88.506142 67.502144 87.316788 18.776314 15.182388 26.951586 
46.657139 94.350899 0.109137 -42.546368 20.090977 -9.616551 -43.857101 
81.537895 383.933289 390.251251 191.045609 173.325272 167.755463 72.165146 
479.260864 -443.530823 61.328102 4.255187 -237.755585 10.590648 -18.610893 
77.689499 216.448486 -462.442078 279.846436 87.119560 -240.530930 111.902840 
24.239553 -285.178986 155.863007 233.931122 -159.685577 58.792965 93.317780 
82.620506 726.640930 1.055516 238.120361 339.446777 -17.542833 95.395149 
149.729889 -375.516541 43.609322 53.255909 -197.597778 0.160638 10.333022 
183.634811 362.124207 128.044128 104.875877 148.337341 43.440475 32.343765 
100.346863 477.111206 335.870331 287.984039 215.494598 134.507217 113.232162 
1705.000488 327.224884 -430.620575 88.696266 149.855072 -223.817352 26.470545 
75.438171 451.986633 394.406311 275.520142 208.143387 169.293854 114.552086 
134.166367 -247.189651 -57.017845 112.471313 -135.816696 -48.981655 37.641815 
153.891678 -107.985535 550.661926 93.218376 -80.438721 250.784485 24.938343 
165.278229 351.739380 290.962891 217.757416 143.268234 129.579132 80.930145 
120.638214 -76.662796 -202.516006 221.323059 -45.266388 -115.978226 88.101364 
100.550026 81.418755 -147.981995 96.613098 30.305462 -89.573662 30.926323 
98.802231 286.538025 -322.382202 338.087830 119.754631 -173.497650 140.912704 
89.003670 476.564148 334.662018 287.749268 222.952835 153.087631 121.717163 
118.191467 -94.775223 -363.780640 187.777786 -54.457882 -193.261795 72.122108 
107.304390 289.140076 -120.686943 238.798569 128.228180 -78.837280 97.408058 
156.767715 176.200195 -411.679321 482.390381 71.017548 -217.111160 209.135315 
52.186195 38.292904 32.222816 115.185860 -0.676892 8.262517 34.145496 
11.967634 133.208282 -376.000549 84.007355 58.255215 -197.078400 23.840700 
335.565613 -119.825325 497.874329 92.289932 -87.681465 222.571075 25.519711 
1.124693 432.390778 222.060059 -161.946732 173.100922 90.509293 -99.371246 
64.482544 281.788696 -329.665283 338.521179 125.630096 -174.156982 139.902039 
77.626518 149.055450 180.629242 18.736256 49.807819 74.607048 -8.910580 
73.518410 477.110291 335.107849 288.726410 223.266541 119.004936 138.282349 
638.656555 335.232971 251.452347 547.151733 151.456512 108.966904 244.112320 
46.143299 145.087982 -69.148048 89.651230 49.083908 -51.213223 26.636477 
976.092346 433.141541 -198.099640 468.591614 200.709457 -112.272614 203.407913 
84.823288 477.293976 335.761780 288.677124 222.576935 157.635864 117.469643 
647.386108 295.515808 -230.958344 614.109314 126.359795 -131.192642 281.943848 
13.517016 439.669891 -269.395599 342.563660 202.390076 -146.854126 146.303177 
74.347672 451.868256 341.161743 255.745087 206.795700 143.487289 103.826309 
840.937256 344.077301 -129.530212 546.852173 152.581055 -76.090668 245.680496 
147.538956 325.106140 -62.868382 324.924408 151.946640 -51.445541 129.005905 
142.190292 357.862061 -18.086981 495.042267 161.993408 -29.138287 217.440430 
264.109192 38.829742 31.712803 114.731117 -6.562201 -2.502252 39.892868 
120.071922 -162.296600 129.753082 34.549770 -107.449249 50.055225 -6.211475 
76.161217 281.502472 -329.415955 338.533478 115.721313 -172.356140 141.532257 
76.976036 220.410950 76.335220 241.819168 82.308670 17.861788 92.968613 
61.064785 414.667908 -570.186279 -58.858315 195.752609 -295.210693 -45.920433 
123.390732 319.638092 -61.352295 332.356476 137.710785 -47.337769 148.526459 
320.418610 365.582367 -222.947128 594.159851 164.568130 -125.013054 267.963257 
784.554626 -152.762680 -3.767800 62.045292 -96.473671 -20.943357 9.788188 
21.851423 254.094025 157.062531 195.838425 96.407379 59.179314 76.380783 
193.834015 389.522797 210.899246 -150.870636 166.717377 90.984200 -90.381447 
969.363281 526.037231 -194.057495 463.800720 250.231567 -110.934006 201.047699 
156.460968 -57.880287 590.609192 49.826557 -52.588924 275.263306 1.331567 
77.741676 613.920349 141.049805 290.885742 282.935425 45.278515 119.462914 
123.976425 152.858414 -242.233353 96.055359 65.941605 -132.501923 29.863277 
60.271202 134.215088 -348.762238 123.369423 57.839043 -184.330780 41.631821 
21.650700 389.518005 210.967422 -150.676315 151.300537 93.800896 -106.278496 
887.028015 420.782379 -123.640137 529.924500 192.981323 -76.369034 235.381119 
75.968323 457.083618 -337.942291 250.972824 209.706848 -177.437149 103.087669 
89.870117 644.411987 -50.774609 419.354156 298.390045 -42.689640 179.205063 
68.626167 -36.245682 -402.109192 250.059952 -34.504295 -213.835999 99.051735 
71.739227 435.084198 -281.271454 333.334076 204.665100 -148.852539 143.462265 
38.020683 1.004898 170.630646 168.058456 -7.827946 63.305080 64.460518 
124.169930 209.930008 -456.679413 338.375946 89.157928 -246.217331 141.767410 
264.826538 -349.302246 281.229340 298.882172 -190.888474 116.902901 127.241882 
85.888573 -111.759315 64.441162 -34.564053 -76.576591 12.630525 -31.988670 
66.510353 -112.728073 70.167557 -16.379705 -76.812653 17.429543 -27.048716 
81.022583 210.189804 -457.688568 336.948700 86.493301 -238.524612 135.622299 
69.751152 435.708801 -280.997375 333.134491 194.629257 -151.382156 141.707642 
86.132500 550.680664 226.669128 452.362915 255.771790 87.584427 199.187378 
97.954041 550.841064 228.389175 452.101501 251.369537 87.847809 194.007675 
31.659452 -112.642982 70.194267 -16.397032 -77.189064 13.706258 -19.413570 
4.770376 445.394806 455.396942 167.721954 186.105713 207.899231 55.490112 
132.321228 79.979233 -50.513577 217.472824 33.400551 -43.769562 88.301506 
153.123032 209.912582 -438.171478 475.943268 87.280418 -233.341125 207.301300 
52.741608 53.889095 625.122681 -175.907379 10.030441 303.805206 -102.535789 
1.924156 148.639374 -274.222961 167.735275 61.867966 -146.987656 61.909218 
67.520256 66.053337 140.693283 265.339874 24.672894 45.931049 108.893898 
50.335018 53.897579 625.160339 -175.889465 -12.093216 270.223602 -110.256790 
76.453239 -35.966698 -40.251064 203.965256 -27.018620 -40.239944 79.423409 
66.376617 -175.886887 215.310760 145.460526 -93.027100 84.856644 53.945915 
87.056480 414.897552 -571.187439 -59.027077 177.304764 -301.810242 -41.899345 
87.300690 103.673073 34.539486 217.801224 27.270824 -1.945064 82.993599 
819.161682 433.290070 -542.062805 212.641373 198.429016 -274.789398 84.161636 
260.479523 179.085098 552.981506 252.667953 73.198036 244.903854 100.603020 
74.304886 124.722939 -123.447891 186.393845 52.139816 -81.035187 71.860092 
82.824120 32.112461 -97.683022 189.502533 4.480269 -65.737251 72.416290 
269.394226 50.949913 -59.133888 206.867950 14.784484 -46.873352 82.101257 
85.910988 23.761309 -64.234474 186.632965 -0.939969 -55.617599 77.196625 
72.449539 356.426514 241.227295 -112.514542 149.338516 102.748802 -76.005836 
70.306938 51.789829 -59.470688 207.307266 8.051543 -61.753529 76.594231 
41.682873 278.359283 -131.996429 223.517212 119.812569 -84.720276 86.138969 
56.941505 112.442307 151.641190 21.312027 29.934460 62.016819 -12.446199 
170.280548 25.711920 -58.478397 180.683975 2.781756 -44.916954 66.529793 
291.923828 -60.128521 2.119012 55.109848 -43.436943 -14.362164 3.842459 
0.375780 627.612244 33.166218 312.205963 291.111023 -7.287117 131.413589 
0.532096 -63.608849 304.445282 100.833229 -55.818829 132.385361 23.098906 
67.735664 -275.975769 -179.447876 -14.005626 -151.717026 -110.135223 -29.786608 
50.841267 122.898460 249.203659 -53.445526 31.529594 105.018822 -49.831692 
1.695474 205.609604 21.317091 167.566895 76.258514 -14.002212 61.173458 
80.787811 22.548840 122.922401 169.574692 -13.281267 41.839939 65.353348 
55.744156 175.942841 22.247555 7.937786 64.419136 -10.674394 -15.839737 
46.531673 75.092407 427.241791 10.683443 27.445312 186.616913 -11.242183 
60.539608 308.260529 -420.106201 157.349365 138.289291 -219.863327 58.878254 
95.799927 415.132874 -570.833374 -58.386806 195.784714 -293.314514 -45.338562 
131.288040 468.489227 55.008453 509.688232 214.555969 5.508816 224.135025 
157.399612 -60.353416 2.553736 54.967709 -67.836334 -15.937183 22.830658 
59.283676 52.954750 267.762329 88.688652 0.631473 118.204048 21.766468 
117.787422 448.238586 171.628555 418.249634 204.224243 60.548111 180.774887 
65.635529 466.491425 117.567551 332.142273 214.047180 34.436691 139.600876 
94.240639 254.937988 -821.245239 -3.316810 105.487587 -415.291077 -21.216757 
0.544295 57.046940 98.863548 221.905884 4.995747 29.868860 88.551155 
51.264919 124.213982 21.335243 -10.368830 51.735382 -7.613333 -19.703369 
262.512817 521.018188 255.347397 343.050903 238.428207 100.816666 147.317642 
70.211960 129.249557 524.062195 -35.106312 34.922817 237.349213 -41.194435 
7.887614 -247.696274 33.004936 222.259033 -141.798996 -2.141693 89.813774 
22.300619 279.539368 -372.074951 -107.782677 125.721588 -195.019226 -65.614998 
12.359972 57.226311 241.624359 80.392265 1.088623 101.512032 15.856510 
24.203976 -17.758821 193.410919 -160.786942 -30.099804 74.346985 -96.162514 
537.464050 279.688446 161.961151 91.273460 110.767387 58.529060 25.989952 
70.433212 290.478668 -416.199768 -165.318481 116.708397 -222.330017 -96.765068 
73.218353 271.462250 122.402496 77.854530 106.743706 39.803741 19.846571 
90.473351 85.497101 122.294815 90.078773 30.396473 36.442127 26.657820 
18.068111 -59.936180 166.026550 -147.891617 -52.263462 63.946339 -88.490028 
123.862427 225.822830 -748.799377 -4.872126 92.412498 -380.667908 -22.264378 
99.824585 -353.894501 137.645691 615.176453 -194.578796 53.989132 270.107239 
243.673981 264.805054 82.695168 -3.753667 100.801605 25.511547 -24.816734 
37.143799 301.320404 -427.114014 -157.509384 121.225899 -226.671768 -93.570503 
48.063465 -309.424377 124.104362 658.839233 -173.528290 47.417816 291.040070 
34.806248 245.721100 -391.461792 -208.357132 94.420135 -209.804581 -118.189888 
45.250736 -409.873932 139.420746 660.091187 -221.426041 54.717491 291.745575 
1.330295 66.913963 -43.835197 65.726868 8.934923 -35.700748 15.762979 
24.528809 178.827408 428.512543 177.028229 58.799824 195.346466 59.875656 
0.900133 380.842896 -650.024963 341.108307 167.432480 -336.932953 142.016876 
124.505707 262.272858 -744.675964 17.695274 110.956497 -378.573090 -11.814402 
69.224472 358.581512 -557.565979 239.299210 157.361145 -291.968445 92.913551 
83.407867 254.401932 -692.748352 151.572296 106.508011 -352.636719 54.396595 
7.251449 119.820381 -472.100006 -417.486267 48.356735 -243.172058 -215.431747 
65.311562 64.030258 -711.514465 -746.274292 20.535530 -359.605011 -375.204895 
38.383850 271.061249 -723.457703 73.028000 114.263519 -367.801178 15.257009 
62.074577 305.245728 188.129333 310.392822 118.228653 74.007286 131.384766 
131.208984 310.403564 -498.122864 -73.364952 129.854202 -269.710632 -61.785965 
61.997097 244.688324 -483.264862 32.998272 99.231598 -261.275696 -8.954448 
83.921585 215.485092 28.373428 348.675201 93.192467 -8.246364 147.353592 
112.892578 349.684998 -550.749268 39.259262 149.861832 -293.701843 -6.297862 
59.702557 305.227570 187.980423 310.624115 134.137482 76.152512 133.820541 
69.833115 -81.403572 112.009483 319.749481 -60.864834 34.267372 131.547333 
75.808640 187.495102 -45.896122 167.226959 53.630692 -36.095879 39.864883 
57.819809 304.898468 187.649155 310.618378 111.445404 77.660316 128.740799 
107.037369 412.409363 -471.903412 310.742157 183.248306 -247.189499 125.261520 
107.118011 258.222137 -500.704559 -57.902969 105.966911 -269.341034 -54.799965 
30.459953 239.497971 66.263229 250.220139 88.657822 16.476768 101.212494 
18.300615 49.877438 259.289429 85.748077 -3.183657 107.630165 18.104252 
74.597183 206.677216 298.509705 -115.224411 80.648643 122.543480 -70.821121 
23.653746 32.521706 235.897949 115.385910 -5.732515 94.079514 36.258511 
66.280327 472.514862 311.840729 508.443054 216.700562 128.390274 223.693756 
136.337479 207.096375 298.198944 -115.586044 76.000107 126.244499 -70.284386 
63.936752 115.641342 425.848450 -256.527710 31.531893 188.682129 -143.309830 
58.608295 127.785469 576.866272 -167.665924 34.587410 263.700226 -103.370140 
81.657898 300.728394 -521.032043 116.493027 129.779144 -268.910553 34.253654 
38.575058 -61.160748 166.396683 -148.037918 -51.320713 59.449219 -90.080635 
65.196602 417.570648 -613.450317 244.055954 184.050751 -317.732025 93.832466 
19.135468 241.927551 283.138336 117.439949 105.875015 114.004608 38.770061 
26.471992 115.628036 425.880981 -256.523438 19.602428 190.392380 -154.696594 
42.848022 294.601837 173.292496 308.870392 116.325928 67.055237 130.224091 
82.640366 264.590118 -644.848938 89.792694 112.549278 -330.586914 23.375309 
50.604042 410.771576 309.301331 319.023926 183.733246 124.823288 132.135498 
6.070574 -161.915848 -27.338469 106.278625 -101.918915 -33.295692 30.703215 
15.526692 292.175354 318.339691 194.439743 112.580620 142.454544 68.618034 
53.147491 366.203430 -405.633026 377.720245 160.044952 -214.029907 161.895508 
54.985695 384.696259 -345.684998 394.721954 169.227844 -184.227280 170.567200 
12.927618 237.520752 291.478149 108.176117 103.748444 117.688164 34.696266 
53.090912 372.685455 -551.215210 300.937134 163.315567 -286.420227 123.784325 
80.505234 699.001404 42.688450 447.821960 314.980621 -8.457514 212.108032 
46.066326 341.962311 -509.989594 349.957001 148.203278 -266.379517 148.383270 
5.149296 -402.761932 -212.299133 342.424408 -201.815140 -119.376404 146.517822 
43.455009 624.449158 239.294250 601.718445 282.951813 98.035698 270.060059 
42.379353 347.537201 -416.544159 360.643280 151.450241 -219.301788 153.851227 
164.623917 873.782104 341.451538 750.009399 406.802399 148.558243 343.071350 
43.036156 875.701721 340.631531 750.465393 406.027649 145.170609 346.836548 
41.602196 942.428101 441.180511 813.061462 440.454468 198.160690 375.082520 
44.451706 872.109070 199.443436 743.716248 398.349579 72.216675 346.252441 
35.625076 304.752838 187.699020 310.737427 114.230553 58.241203 128.639893 
67.976593 355.952087 -438.532593 -32.402332 159.481583 -234.322525 -31.469357 
21.172670 270.931152 276.363983 -60.222050 106.416061 116.188995 -45.550426 
89.582901 230.874451 253.710968 -148.032455 86.637482 104.372963 -88.177071 
48.360142 855.377258 150.593170 678.025879 396.961975 54.629852 308.741791 
14.478669 215.466034 250.953720 -41.029022 78.811813 103.620033 -35.901932 
44.738472 872.233276 335.445312 703.825256 405.762207 144.809067 321.195465 
54.453579 311.410309 -600.389648 348.750885 133.664780 -308.807709 148.015442 
57.233875 873.997498 326.801239 754.688354 406.616058 143.725494 345.058472 
43.577061 314.297363 -591.398438 348.603210 135.788101 -305.613953 148.356140 
69.822418 103.382484 -1597.531128 68.053490 38.749126 -787.905273 15.418748 
206.984268 -389.898499 170.683289 175.811813 -194.067657 60.630161 62.363346 
43.922905 314.726227 -591.098694 348.954865 133.073975 -309.038849 147.341843 
629.688477 368.765991 244.278488 -128.831436 153.809280 101.043304 -82.880554 
76.436028 200.977386 434.198608 -0.794311 83.017433 204.285416 -19.081589 
61.103882 194.428726 -23.778200 177.006088 64.419357 -25.361816 67.723549 
69.694527 141.144989 381.550018 5.015142 43.429741 165.983215 -14.017584 
45.338654 204.907318 447.256348 9.055794 75.341660 197.303772 -12.785085 
55.181625 200.940018 434.091553 -0.790222 59.837337 176.873734 -13.747123 
47.536610 306.686432 186.550537 310.748199 121.240463 69.728943 129.937408 
19.443785 -343.889679 -144.997269 473.086792 -173.284790 -86.790115 209.564972 
61.991425 116.962654 489.067688 -142.459930 29.951174 221.295502 -91.961815 
0.499420 353.002899 -490.787628 76.474930 155.356796 -254.467133 16.674633 
58.345268 353.986755 62.858547 350.702911 160.656998 7.699753 149.190659 
55.563148 450.765137 -242.057098 -135.551682 192.555328 -137.576126 -82.018097 
13.321988 332.264771 102.401451 372.573090 149.236435 26.780258 159.139313 
66.282188 211.122162 242.382675 -315.841217 76.918938 98.243721 -170.975433 
62.249969 357.472565 78.324654 367.396545 162.287155 14.813448 156.912262 
53.710258 197.360748 102.334526 303.503296 81.377075 27.170633 124.623405 
164.714447 872.112366 199.446838 742.753967 407.134247 81.740028 337.803040 
6.937255 -357.051636 -120.653946 322.292725 -179.994034 -74.525230 137.109436 
73.349869 454.809174 -652.840271 -30.736847 183.147415 -350.332275 -43.387489 
70.296432 207.100739 297.480408 -114.854424 70.654045 132.041901 -75.478477 
43.225937 268.895538 278.907684 121.775787 118.455193 112.111183 41.635056 
50.538952 249.491013 341.426819 -355.058075 95.893173 147.201447 -190.541687 
163.758759 172.844818 -632.434814 -338.981628 65.356575 -332.994690 -190.441818 
60.265537 279.240295 88.078880 344.564423 122.749001 20.122429 145.752731 
128.516937 58.090271 -282.315430 129.611481 15.463831 -156.262222 44.362045 
945.255188 256.913666 -144.661697 211.151398 112.218567 -89.202164 82.484100 
71.674301 217.389709 456.699463 2.387327 77.842758 207.040527 -22.468193 
82.797279 11.824522 237.509293 51.010082 -15.724005 95.007011 7.020471 
83.113449 216.379044 172.914062 -172.786896 79.162186 65.338333 -101.093750 
166.248413 442.781708 430.736633 -77.383293 202.984238 185.317963 -55.482193 
64.470947 75.360840 241.086609 -35.507759 14.061777 96.695633 -35.257839 
138.509689 97.893982 205.915070 279.397064 35.692322 76.119492 117.181831 
48.403816 356.440186 529.057495 62.344597 159.934891 234.348846 14.118863 
48.817394 475.849304 -630.747131 -46.469635 209.829758 -326.429260 -39.032619 
56.277931 434.525848 -562.336365 96.678604 193.363190 -291.557495 25.356270 
65.616898 369.827576 -748.956177 -37.847980 164.026825 -381.580933 -37.476704 
71.308464 166.749405 -778.958313 25.648830 64.246895 -395.128021 -8.131725 
48.741138 429.489929 -565.704163 112.135826 180.793472 -290.073181 39.134647 
87.769714 449.371582 -646.157227 -36.728355 197.903427 -327.001953 -35.524170 
60.549290 417.722748 153.550110 150.125793 192.244629 50.316273 50.663506 
51.601463 407.462830 -556.515625 124.448776 180.989761 -289.485535 38.453587 
99.764610 462.760986 -669.466797 -38.880009 204.470398 -339.594086 -34.402409 
0.731702 505.209564 -734.442993 82.666527 227.008743 -373.653992 18.333820 
51.587727 429.418488 -565.753540 112.144363 197.688568 -297.022949 23.105488 
52.450115 173.906693 181.225388 94.937469 73.629089 62.959217 34.163216 
241.780884 175.481369 160.633102 203.977081 59.306870 59.212502 80.211098 
170.921234 455.214020 -750.605225 59.981110 202.547424 -382.903229 7.458304 
40.703991 364.771423 -819.590332 -24.170061 158.431488 -417.471893 -32.551876 
37.134224 431.749329 -564.165161 113.888504 196.544189 -289.208191 36.097027 
43.707375 71.784012 275.179260 140.923782 12.946138 112.974762 49.105526 
171.668167 443.519287 -652.949585 -25.643061 178.906631 -337.334473 -29.215069 
98.606232 517.976196 -690.553833 -43.038666 231.142792 -353.883759 -41.048737 
134.178345 451.574097 -712.591003 -44.728428 200.610458 -364.868134 -41.833469 
116.686050 476.738251 -685.782715 145.201202 212.892410 -350.485718 48.302296 
144.480209 463.387268 -672.789917 -31.414726 207.719849 -345.828064 -38.017845 
50.946774 316.983246 233.990326 119.936165 119.562492 97.120605 40.081982 
49.155838 317.213928 233.707794 119.759254 120.357735 98.037346 32.530910 
296.873077 453.963806 -652.862427 -29.633083 210.366272 -334.587250 -36.544136 
79.656334 382.224426 314.233978 -174.521942 160.689468 131.598114 -102.418892 
108.458488 571.315369 -638.336426 56.442856 291.488983 -324.933777 32.300846 
75.346863 454.828857 -651.430359 -30.682796 195.688919 -334.512726 -37.497734 
87.149323 178.850464 575.550476 672.400208 74.693428 256.438202 303.377716 
82.791786 415.086731 -652.135498 -20.868559 182.315582 -335.530823 -29.734688 
84.552193 339.204437 351.082184 -346.925781 139.506821 151.807465 -185.524551 
86.051147 505.878784 -478.649261 472.839539 222.734146 -253.398697 197.584808 
31.793509 114.959572 -217.397278 74.223618 42.349556 -127.420532 18.336477 
604.847351 455.172974 -652.686096 -30.963884 200.390396 -334.888672 -37.172142 
45.988743 121.505905 482.870819 -145.356400 31.016888 218.326187 -90.864952 
74.996567 856.206848 229.784454 720.381714 397.794800 93.453232 329.522675 
144.224030 396.844635 -599.497681 -9.971257 172.768448 -308.598541 -22.999283 
60.786232 255.996368 80.122841 254.908218 94.874374 22.872892 102.844849 
139.671616 458.351929 -860.283020 132.364639 204.518250 -436.398804 41.670349 
62.809437 -387.749146 193.902740 8.054818 -208.402878 74.322388 -15.167699 
559.541382 -388.657288 169.188477 175.660492 -215.684372 62.946732 67.799011 
29.804800 505.850403 -478.656067 472.857330 239.770416 -260.947266 204.426193 
48.157383 316.852539 234.097168 119.891449 130.308212 103.167694 45.144375 
56.224331 97.813232 410.598969 -177.575150 20.783451 182.604492 -108.429466 
118.163933 698.881775 42.658882 447.725891 320.282562 -3.020651 172.232803 
100.990143 330.420654 313.264984 -197.144485 134.640732 127.484703 -96.324005 
90.364853 330.466949 313.327881 -197.236710 132.985474 144.295639 -137.704788 
44.845924 307.017029 283.025024 -296.850800 115.641014 114.116692 -153.833954 
45.231033 324.779541 230.151932 -277.738159 132.414169 92.639290 -151.147202 
38.875130 307.147827 283.136627 -297.062714 130.456512 123.850639 -169.534378 
87.437660 66.511810 132.287140 -104.776497 9.258337 46.624931 -70.018097 
123.479584 398.839294 -573.315979 126.030060 178.007095 -296.463623 38.245365 
115.886803 873.398254 328.386963 684.383606 406.088867 142.915558 311.320709 
119.519524 663.849304 151.425980 444.675720 301.424438 46.896519 186.937088 
50.075497 148.365570 190.091415 145.439423 46.815926 74.430908 49.121620 
67.146324 66.427872 136.950974 -110.040794 17.496206 43.967266 -69.271446 
78.043159 362.445770 -417.800323 287.126099 157.941284 -225.903198 109.396835 
56.557663 206.203873 105.494209 104.899902 76.077934 31.362411 30.383738 
67.303940 376.068878 -750.866882 -32.078739 164.999481 -382.040894 -37.160736 
32.202789 213.012070 444.428802 3.709030 73.579941 195.905823 -21.283190 
39.409492 266.006683 335.564667 181.978104 118.323837 138.798553 68.447243 
57.608898 347.895660 164.545532 317.903564 139.601913 64.357178 133.676743 
153.285522 230.836456 479.861908 -9.055027 82.687416 215.851807 -26.987511 
34.221272 85.175621 164.447327 4.590487 28.802389 56.126976 -15.642042 
26.605986 -368.644196 134.382812 157.540176 -202.125580 45.838074 58.422474 
181.709488 201.634476 412.332458 -99.003548 75.659637 180.406174 -65.102203 
66.465370 129.973068 523.186340 -38.586422 35.289829 237.136902 -39.991333 
79.214508 205.594818 358.666656 -52.189690 75.227043 153.120941 -43.390896 
240.843140 46.808414 103.829330 82.741272 1.095769 30.750793 22.076138 
265.813446 610.877563 533.424866 -605.065247 271.377991 240.610931 -312.699738 
87.705757 377.958069 495.021271 -184.595306 158.273010 222.225586 -105.658791 
0.173782 410.061127 384.322235 -423.130524 172.554169 167.807434 -224.374176 
91.522942 300.214661 -691.734985 -47.561089 126.065193 -362.419220 -48.058720 
49.935513 110.591553 358.715973 98.468979 27.700684 156.329834 26.976738 
0.139583 688.870178 55.665424 774.188538 316.445648 10.143738 353.536530 
91.993164 54.713722 377.863831 257.399445 14.078638 160.143860 106.487923 
10.253804 173.918335 181.249435 94.889313 73.692131 71.288025 11.142790 
90.321053 283.498260 221.501572 389.398773 123.239197 84.654892 172.408493 
65.518250 301.446960 -303.388824 383.670837 129.991867 -170.129944 155.276764 
70.950996 274.421448 219.959778 391.069489 121.439491 84.278755 172.782333 
352.268219 509.008636 -603.296997 -28.728458 223.957169 -318.484558 -41.453209 
72.883339 307.415955 -115.809784 -316.517456 123.060898 -83.081635 -163.848495 
820.657593 303.562836 -520.438904 -50.558403 127.557816 -277.364075 -48.884628 
67.675674 263.737305 96.299210 -258.697876 102.381767 28.824009 -141.561417 
92.771973 273.439240 411.664612 180.442490 106.031624 182.613174 65.959877 
85.662308 307.558807 -115.735352 -316.492645 125.169586 -71.014641 -174.249680 
111.536644 207.237869 -645.969177 -55.180450 78.867302 -341.282745 -51.568310 
45.838337 -236.949005 243.795013 260.997589 -133.552383 98.931114 106.962349 
30.523638 43.089573 216.632431 -625.349365 11.575490 82.232979 -317.885254 
68.733963 306.472992 -115.234497 -318.358185 122.657684 -74.577522 -173.208435 
1.191690 6.429485 228.810608 -582.391174 -6.052775 87.982948 -297.062592 
12.752829 -59.999687 35.068714 2.143412 -55.322609 4.173306 -16.806219 
15.033041 -60.003700 35.067841 2.146377 -49.596992 -2.282207 -19.729523 
76.745354 465.008057 -173.875076 356.801849 206.732025 -102.105179 151.519058 
5.928207 530.994080 239.159729 -162.592819 229.614899 98.708504 -98.840332 
15.286290 272.123474 -152.365509 68.595528 118.431442 -93.506523 16.514299 
159.714890 868.759766 -188.169830 589.688049 405.932312 -111.956207 265.455597 
51.425461 438.910797 365.060364 90.373840 200.108582 153.710007 26.021788 
40.541481 485.119232 -675.795105 101.358330 217.333160 -347.510559 26.100080 
43.735207 306.480194 282.881531 -296.825043 121.595085 119.237000 -160.771500 
72.193840 259.075745 -965.119141 509.172272 109.365707 -488.599121 224.310287 
25.468006 76.485527 162.129425 -56.884449 14.008057 60.465527 -43.352322 
18.417517 307.075836 283.032684 -296.933899 134.266312 114.569290 -158.567276 
39.073723 895.751526 264.503021 772.788696 417.129913 111.352821 353.140503 
73.077148 515.719849 611.515442 -37.844986 237.994141 273.944794 -35.630695 
156.686325 -232.903442 100.260139 191.696182 -134.557526 30.536797 73.519188 
71.850296 -250.145889 172.661072 189.718964 -141.480011 63.575726 72.418228 
52.336506 287.428864 277.047089 233.189941 127.595551 110.747719 93.757057 
73.986946 -275.534851 278.893585 161.971268 -145.335861 125.066902 70.565208 
42.768158 -269.763824 144.203583 183.439087 -148.427841 52.130337 71.460678 
91.479935 352.462067 -667.222473 108.887016 154.024017 -341.755524 31.340145 
38.799126 -269.484619 144.402023 183.661789 -153.522995 46.893684 72.872391 
55.272972 444.795471 -771.305176 100.518288 199.027222 -391.944702 26.703997 
64.343338 551.553711 312.122681 -255.410950 241.851379 130.969940 -142.499908 
11.788527 365.561127 -753.942749 65.586800 160.786118 -384.398438 11.254994 
1.601488 358.565521 -289.568420 -64.497643 153.490997 -166.121017 -59.025665 
10.554440 -329.495728 39.429356 181.354813 -178.739227 -1.053749 69.607063 
3.027258 -330.991364 238.199051 347.774750 -180.163391 95.913063 149.700058 
39.299431 329.767273 -453.152710 -213.758865 138.827179 -245.519318 -130.019318 
101.319969 82.622925 570.625916 -87.284912 12.708068 260.315430 -64.886551 
32.865681 416.005707 236.394547 -468.984589 173.810455 91.097290 -246.040451 
13.581823 198.162613 388.229401 -73.582672 73.905830 168.565369 -53.934490 
26.231693 415.924377 236.400940 -468.991852 181.675995 102.165283 -245.759567 
18.970354 414.361633 238.058655 -469.040924 176.769135 95.846909 -245.916565 
91.266510 334.283691 -170.103241 346.497528 145.214355 -102.427635 147.569794 
1916.154907 254.550522 -710.430481 -288.429718 104.095070 -369.854584 -166.036346 
31.152767 -269.308685 145.128571 181.719589 -150.608597 51.497070 66.505569 
44.701530 533.439148 301.264008 -283.619781 233.451111 125.963966 -155.782928 
29.749029 566.723145 285.979828 -209.891785 249.250732 118.381752 -120.274940 
21.115097 439.863312 273.952942 102.147896 197.760086 108.166832 30.878769 
127.604347 409.669373 309.321045 316.112518 187.322906 126.561806 134.985016 
53.992771 -337.657471 179.984879 297.173889 -183.175217 67.444229 124.738235 
61.781948 231.586746 372.791473 161.963379 99.366768 158.017197 60.331158 
45.481712 280.469818 330.154419 175.777634 116.347206 144.467545 53.864273 
18.080914 -2.057114 99.581848 177.548813 -23.064348 28.384827 66.023262 
27.480629 -337.857666 180.748657 335.216034 -183.329514 67.831184 143.159912 
67.995972 -262.142548 169.925919 228.102386 -146.494308 63.197098 91.454681 
88.144463 352.186798 232.514587 141.829178 141.847198 94.991478 49.497295 
106.887146 -328.425781 291.195923 187.346100 -179.882370 119.714088 72.355492 
60.131882 317.521423 233.465134 119.146263 132.623672 84.000519 39.621124 
62.454609 718.141113 -132.358002 411.195099 332.453339 -86.273918 177.497025 
15.252312 360.582092 304.085175 103.988907 147.912537 130.102051 29.510847 
5.386392 -361.448578 7.776398 188.583466 -195.892456 -15.154507 71.125755 
68.699417 444.170380 111.333611 589.504944 202.855515 30.048962 260.598053 
63.600056 443.837646 111.408089 589.780701 170.428329 20.481112 257.338593 
48.167740 443.852875 111.362000 589.743103 214.409348 27.162825 241.487213 
1.435655 291.946777 489.986755 -197.613541 114.927849 221.121521 -116.004578 
73.989296 104.448967 585.215576 -17.880436 26.704865 264.013306 -26.231522 
79.244331 527.629211 471.422028 -133.491013 228.948959 210.513046 -82.073372 
64.430664 496.365356 449.149841 -78.387314 216.460571 202.632523 -56.851883 
50.283909 443.773926 111.388580 589.780212 186.699982 37.166492 275.244629 
70.316452 256.795013 -340.437469 84.600624 107.506271 -182.248703 20.427959 
335.042297 150.879791 178.958252 126.298035 47.582291 69.724770 41.401642 
46.823792 374.343475 -221.272003 -74.230728 156.529465 -126.297394 -53.197670 
42.490379 28.038328 -179.505585 16.463938 -9.315541 -101.258804 -13.219546 
63.966553 123.253380 -765.917480 93.962990 43.798576 -390.595245 23.737535 
50.375336 342.028809 -609.971252 90.714676 149.780380 -314.997253 23.516705 
228.422043 369.890991 -487.396240 80.796616 162.726746 -255.314697 17.928947 
8.171369 371.256866 -486.559357 80.621758 170.017273 -249.194473 18.943283 
72.411629 514.050232 520.556519 -37.677937 237.031372 229.516769 -35.621487 
85.009262 831.332153 -183.070648 74.923866 379.177307 -112.961121 13.321221 
79.740883 350.121613 241.978241 285.962219 157.279739 93.951218 120.793007 
62.581779 356.428833 -624.170837 79.574532 158.564529 -323.543762 16.759787 
111.428223 304.851044 449.168640 -227.826782 120.936058 201.588837 -130.488205 
469.834656 517.924255 560.450500 -197.047043 224.439880 255.310364 -116.054024 
63.839848 437.324829 274.230652 101.842506 199.920059 110.122124 31.995924 
51.699585 126.988190 -606.371338 39.253387 42.813549 -318.254364 -7.359932 
5.443982 126.548813 -606.260315 39.134888 42.880569 -320.265503 -4.739055 
8.310657 524.921814 359.418060 125.580750 225.709061 158.960083 40.527367 
68.712509 3.600720 -176.976883 32.546837 -21.835104 -99.962929 -5.032806 
86.655983 -275.525269 279.059113 162.103073 -160.584152 108.589439 51.740452 
85.626259 483.729095 -171.412308 300.642120 212.943771 -109.490242 118.678810 
156.268265 280.651398 330.016785 175.656082 125.631058 134.379837 71.401505 
75.814827 490.945892 378.810120 119.737770 223.717316 163.530350 37.311001 
81.383385 652.456482 -65.318260 53.705830 282.312561 -53.392944 0.788643 
78.033188 84.294907 658.163086 40.390911 12.049931 302.141357 -3.303060 
205.631744 -132.296661 259.570312 -208.295822 -87.302277 105.746719 -118.792053 
71.293076 443.359009 425.257721 539.041260 202.364380 181.878494 240.513458 
64.047142 488.283295 376.633942 117.154999 203.853668 160.995331 28.565639 
82.360924 480.633606 251.933716 -321.907654 203.908936 107.900665 -177.465149 
37.243172 302.764526 555.998474 348.821869 133.309906 248.961624 146.193832 
55.534805 283.842896 520.905334 367.561432 124.443321 229.745377 156.755981 
90.133919 490.486481 378.908020 120.824242 217.297974 187.130966 39.519211 
53.303806 302.983643 551.544495 351.819153 133.665771 242.757080 150.337494 
33.814537 858.040771 262.208038 657.547668 398.241791 109.702362 299.511230 
76.004379 175.325958 740.222473 275.389984 57.166801 343.174683 110.601631 
76.468529 490.108002 378.603271 118.870537 214.242401 163.581207 40.573170 
93.162010 490.503143 378.952576 120.777893 214.223297 171.265793 35.059017 
85.555984 490.039948 377.439484 120.832062 219.694855 161.589752 31.404652 
112.405029 7.284513 -19.911104 55.577396 -19.891235 -23.381474 6.424751 
100.330551 135.255188 221.297165 -93.685066 39.032318 90.862526 -65.215553 
57.442940 158.522202 -86.762695 95.631378 54.431423 -54.192795 25.419064 
48.833649 366.527771 -52.222656 191.886688 160.029495 -45.608582 71.777412 
85.825546 165.819016 155.585312 119.078049 54.423096 59.688179 37.802830 
57.821747 490.388336 378.628601 120.392769 215.894531 154.625839 13.624744 
86.812096 440.994812 419.555054 14.613195 185.997177 185.749054 -11.539102 
95.137115 490.386993 378.652344 120.407440 185.515869 162.798477 62.345032 
82.341576 723.544922 109.640396 683.278381 332.631561 34.187042 311.013214 
130.464798 368.757111 315.414490 28.809221 151.805542 135.092957 -7.672508 
76.906929 1033.488281 0.028854 935.355103 486.052307 -17.056839 434.533234 
53.582619 36.200966 -272.611511 576.129150 -1.658005 -153.161194 259.446686 
4.579572 -233.402405 105.310776 89.832283 -132.988159 32.174343 24.785652 
53.861111 1024.355225 -33.682644 981.995728 480.790497 -33.143272 455.551544 
93.618210 106.109901 149.936584 44.054630 25.180111 55.104378 -0.220511 
79.474350 260.056763 537.628357 -143.995605 104.187836 240.320999 -88.786728 
39.466320 189.302948 550.252686 -58.768467 68.916374 246.507645 -46.391468 
42.014290 -308.202637 -285.393799 273.586853 -168.403656 -156.976273 111.700142 
72.418617 480.486633 252.159576 -321.925415 212.521591 98.682182 -169.254852 
24.662563 269.927582 218.682465 182.519989 104.649277 89.071106 67.484314 
23.348927 261.478210 517.620850 -92.290291 104.141510 230.579132 -63.050964 
52.555458 1022.295410 -0.873360 923.198364 477.899963 -17.723156 425.685760 
103.537613 309.381317 450.181549 461.425171 137.084000 194.431152 202.126404 
77.889648 654.633667 -68.867424 55.092739 293.985077 -58.843479 4.080482 
68.215546 575.187866 -60.914608 488.962311 261.868439 -44.719238 201.550171 
53.423973 1029.126343 -26.639423 972.240479 482.819397 -30.196316 451.469971 
56.877922 652.321472 -65.370216 53.882614 300.335419 -59.142555 5.185719 
13.092669 -315.732574 -253.772690 258.663971 -172.098907 -141.386169 104.364647 
36.971954 963.290833 -171.242874 1136.382812 450.635010 -101.444473 532.511780 
119.285233 66.301094 136.668854 -109.972305 6.759211 46.081055 -71.038399 
22.497608 1153.390381 304.579285 932.546021 544.184204 133.175385 431.880676 
5.634943 -200.810928 86.293404 13.156343 -117.047264 22.687841 -11.883123 
54.348774 625.046265 362.250458 206.687225 275.868805 158.523239 81.594925 
11.363650 -299.586609 -314.592346 244.432175 -164.097305 -171.522720 97.301460 
62.130444 544.646729 5.394401 572.937988 248.184143 -19.259409 256.282440 
42.022739 575.212891 -60.991562 488.978394 265.375275 -64.706635 235.704239 
38.575890 585.516602 -90.813011 461.115692 268.238739 -66.769478 201.020096 
48.387611 530.859802 593.742371 -203.080215 245.357056 264.865417 -115.492867 
15.472865 551.163330 -23.260431 551.123291 251.312485 -33.279964 245.581558 
60.001228 491.004120 -364.515503 237.446594 220.400940 -196.637939 93.727715 
44.482758 124.922295 305.711578 79.608978 34.714878 130.919601 17.908260 
119.574165 750.205017 143.987167 718.814819 345.790100 50.385525 328.003357 
65.582733 293.343689 453.218872 244.257370 129.705002 196.501877 100.455040 
0.510772 671.051331 -497.479340 186.567963 307.312042 -261.144501 69.019363 
8.926437 -0.948931 -97.546135 408.809326 -19.020491 -66.562546 177.541260 
81.198402 315.305847 395.568756 -93.734360 125.246277 175.580307 -65.765060 
48.718613 496.289673 450.325958 -78.714928 209.134476 197.502426 -54.115486 
46.910927 673.067383 -259.818420 272.910400 308.316895 -145.158615 110.638672 
45.600132 218.388199 326.877716 159.533203 79.799225 141.478745 56.526199 
4.791934 331.246521 262.467529 44.513458 133.966782 111.401817 0.391253 
74.597282 332.677032 571.675049 572.476379 148.678955 253.371902 257.132538 
50.141876 917.968323 82.767281 -69.764473 421.844971 17.863367 -55.421841 
9.046296 -48.488602 -55.562931 408.539551 -42.200031 -46.064781 177.406860 
70.159775 626.526001 59.944164 -88.093697 267.234161 4.893471 -72.651947 
83.867813 256.080719 -217.135040 535.362671 106.764160 -126.578796 237.567200 
85.025925 462.956116 297.807129 -190.616577 199.070145 124.682404 -109.855179 
88.571342 429.392975 308.394836 442.430115 161.730286 136.638382 171.944229 
70.852707 843.850403 144.699417 706.541687 391.805664 52.915550 321.846252 
64.085243 229.318390 377.643890 -274.994415 86.147606 159.005371 -147.536377 
1.906251 99.408775 -320.989227 466.443420 31.202816 -174.138824 206.173035 
63.863388 418.938293 302.954926 432.065491 176.769073 129.866013 190.247665 
16.097797 182.100052 333.194427 231.721619 60.545231 145.320618 88.659172 
76.937080 228.961868 377.542297 -274.842987 107.777412 162.922012 -151.810760 
62.484032 -304.387787 39.292171 164.814728 -167.282028 0.313786 60.464378 
94.630882 608.497864 530.784851 -598.615356 272.186340 240.638824 -313.175659 
277.490356 339.834808 286.895447 23.528645 137.538483 121.699425 -8.507912 
97.847404 450.385681 338.823273 465.007050 190.978790 145.891556 204.403091 
51.463501 71.471390 90.488525 142.035583 9.134417 27.297586 47.052166 
1.546269 -173.610031 92.911163 147.351212 -104.103439 25.801626 52.937355 
71.399117 447.547241 -372.715454 473.550140 209.101028 -182.127914 210.390503 
23.859474 229.281815 475.964020 213.195602 84.397987 213.088776 83.262878 
86.445518 270.882507 -265.320038 515.468811 114.012299 -146.022537 230.230835 
147.508133 744.813782 291.569702 523.788757 343.367493 124.949654 231.758972 
37.107174 307.054413 431.916870 -116.525658 121.697578 192.456131 -77.932823 
26.065540 -329.479218 226.172485 256.379028 -180.977707 89.125519 103.843636 
302.880280 429.314087 308.309967 442.216675 185.503067 130.911163 199.442917 
89.119080 447.398529 -372.742218 473.496887 191.672974 -212.157562 206.730820 
73.512787 448.662262 551.114807 -450.684357 193.175003 247.997604 -237.023712 
90.331406 755.045593 76.666443 786.541687 348.423157 20.740555 359.652344 
41.769978 -245.318604 -24.047831 151.299942 -155.236191 -31.777733 63.362164 
1.107127 366.836334 -300.604553 392.773163 158.884918 -162.866028 169.688278 
79.214264 -265.200012 217.049850 302.083740 -148.524506 85.665565 126.748756 
43.231709 626.622864 59.919533 -88.167542 296.995819 21.071743 -61.632267 
47.914318 514.304321 78.490715 -30.640860 223.257980 13.566565 -38.075630 
19.180031 623.678711 57.194504 -79.288193 276.338867 2.764053 -61.484165 
38.448544 651.062500 82.031822 -65.239708 289.927704 15.159715 -55.225838 
63.948399 358.804871 574.003052 -24.221621 161.375748 255.632248 -29.502583 
87.089973 -244.143234 -23.420130 150.760010 -143.521118 -34.422092 63.753746 
52.926159 309.204071 -248.974045 530.213501 132.058075 -137.336197 237.196533 
53.331238 -211.271286 255.408478 339.750671 -121.231537 104.125404 145.479034 
31.589130 -238.520584 261.003448 344.778870 -134.406433 106.373894 148.021133 
21.215961 -212.574631 240.254501 336.090363 -121.934311 95.604546 143.405548 
4.974367 266.731445 -451.432465 146.687454 110.443573 -239.344727 47.779408 
76.978455 430.999969 310.332092 442.605377 188.014847 132.113571 199.397766 
46.192520 626.485291 59.758949 -88.186317 277.545593 -10.068709 -59.354023 
53.686966 317.009460 483.450958 582.321838 141.085770 210.545425 261.857941 
74.453445 444.239288 548.484680 -433.488251 191.668045 246.907822 -230.127365 
149.341019 534.584167 -227.469910 494.913849 240.828156 -126.506783 216.179916 
74.208115 219.458603 420.158569 220.381790 79.553864 185.760513 86.408340 
51.561954 333.853180 -624.391235 460.073090 139.946991 -330.166382 215.950745 
95.392937 565.965149 649.844666 -486.514404 250.522659 298.212189 -254.936142 
71.473450 534.503113 -139.265076 304.261322 240.531235 -87.996559 126.424644 
74.749321 124.945618 535.443909 131.395370 35.769947 241.715317 41.856850 
64.769165 103.368279 545.539368 124.656303 19.809229 249.197357 36.869858 
107.671982 280.970245 -417.539886 463.075256 116.566467 -220.277039 202.038864 
9.690271 351.819763 549.698242 569.426819 157.270721 243.458252 255.570648 
63.415401 -246.091858 -24.295559 150.815170 -136.274033 -30.704893 48.382980 
43.625675 494.361755 377.787170 120.105209 199.936829 172.438095 35.541019 
0.062296 769.676514 -122.267128 304.977539 351.937714 -84.891006 121.249626 
69.007294 406.531311 -159.701828 510.598206 172.568771 -82.179977 241.512787 
59.368408 94.981506 -443.468475 642.485901 32.025448 -231.176270 291.201630 
94.126114 406.440308 -159.841904 510.670227 182.605621 -101.889725 211.417145 
69.695915 260.044373 -379.792664 453.432465 109.054398 -200.963074 196.357529 
40.601494 92.380585 -443.904358 642.090942 19.494860 -233.492401 289.131439 
52.262566 565.996765 555.305054 -497.480103 249.081741 249.983444 -263.421326 
48.657787 565.732971 555.446167 -497.652557 244.996552 249.970200 -268.703094 
10.199003 344.851715 550.973877 568.323792 155.006973 244.150879 255.262344 
85.374245 -365.275330 240.790634 375.604553 -198.180923 96.133148 163.064896 
67.590889 779.082703 -57.571625 715.252625 360.190887 -44.717739 325.064697 
91.743050 386.040375 -220.791351 509.779205 169.290054 -121.987221 222.456696 
31.247051 565.833923 555.402649 -497.687714 259.967438 259.158417 -241.345642 
2.787684 -120.365349 250.287659 211.960861 -78.595947 101.076202 85.354393 
70.835396 -328.107910 165.248367 315.500153 -180.120056 59.927898 133.095200 
13.176255 4.844813 814.410767 606.579590 -12.045158 373.244263 273.524963 
19.508757 -237.430771 -26.741302 146.866043 -132.077316 -30.358799 48.599419 
29.025846 333.337402 -203.888733 550.381714 143.380020 -115.506554 242.404083 
127.989189 384.139740 -291.381409 245.701599 168.835251 -158.605087 95.029007 
68.696602 625.074829 303.137939 173.202225 275.807953 129.985916 65.413818 
360.742706 516.971069 -382.982544 369.685730 232.935104 -203.216599 155.992477 
26.244059 -245.200500 -22.099495 148.649902 -134.498566 -27.564186 50.868290 
82.062798 -245.354218 -23.964617 151.315002 -128.528015 -24.065441 45.078262 
23.580772 -173.216949 -57.511135 135.587494 -102.572189 -46.211777 46.570057 
56.493649 428.707764 458.182800 -467.975952 183.435944 205.069763 -244.261169 
57.136429 199.840439 -246.483902 176.440216 77.731659 -137.414673 65.082863 
43.493389 -26.098417 450.670624 228.572266 -40.119694 201.454865 90.273788 
87.049644 294.816986 -242.507782 587.289185 131.910324 -127.593826 263.727875 
41.778461 378.082794 501.509979 -1.587251 170.633438 220.612778 -18.581600 
26.767553 -432.714264 41.584267 121.768379 -233.924301 -0.676072 39.888474 
39.541252 -418.739471 49.957378 122.036316 -221.632462 6.681166 40.120754 
24.500504 36.169437 -272.531708 575.989807 -2.371363 -147.985458 254.215561 
26.853407 217.880173 -254.857971 173.282166 92.249985 -144.170883 62.547054 
23.467443 366.642578 -207.282166 102.939079 161.038254 -118.663788 29.037712 
11.106791 367.401215 -206.910629 103.354881 161.774490 -118.948189 30.133791 
7.854406 4.797445 886.674561 636.583069 -12.130015 408.885376 288.381134 
77.594208 216.298645 -150.907349 695.768616 86.580093 -91.483719 317.104309 
6.837758 410.873932 422.950775 -29.583387 187.135666 181.302368 -32.628963 
27.055861 587.143127 52.987713 169.720428 267.138000 5.317526 62.311653 
42.055523 26.890947 390.664246 347.188324 -14.254301 172.210052 147.731277 
71.706787 204.761246 438.945557 -70.262413 76.848587 192.472260 -52.357857 
54.142067 553.619385 623.556213 -9.036485 256.313995 279.564545 -22.124781 
60.661945 610.851990 683.827393 12.899321 284.737732 309.566711 -11.202904 
17.311131 -28.065428 -247.683380 575.322754 -33.173912 -139.414337 257.866241 
218.265869 248.506149 -107.215553 216.791077 101.721710 -73.434227 84.936478 
64.736183 409.487183 -168.540695 70.965279 181.716599 -101.593582 13.904566 
53.907871 458.931366 -34.539303 167.196777 203.156357 -37.478287 61.600643 
104.716331 300.840271 -188.098328 578.548950 128.872925 -109.306679 255.906464 
31.604322 448.189880 -28.066895 171.132645 199.262604 -35.144825 63.125542 
94.633018 351.224457 -204.877533 522.199402 152.520050 -115.531105 228.726303 
30.634035 708.589844 -178.461533 736.158020 325.520142 -103.891052 335.227936 
46.428192 241.615448 -106.176865 498.654999 98.916473 -69.741867 221.005630 
72.995682 405.087158 -354.633728 722.301025 179.438110 -189.665817 328.429413 
59.165215 251.877579 -341.266449 298.946838 104.398537 -184.768219 124.811012 
100.645317 -150.617737 256.303040 246.535492 -91.958633 104.035286 103.138016 
435.824066 335.433258 -623.838135 459.471375 143.385986 -323.565491 198.181839 
87.729073 352.568420 -260.616241 346.948303 153.213211 -144.884979 146.562088 
30.783834 262.391327 -57.295979 539.446777 108.999443 -45.415489 241.024506 
465.868225 185.281403 -506.052368 680.247131 71.558228 -265.712189 309.565369 
71.640839 277.600433 -592.412659 656.480530 117.078011 -308.413361 297.776794 
32.825832 -66.916000 502.701019 448.800232 -68.879440 232.367233 186.991379 
92.029915 320.295258 -645.702759 431.839630 138.323593 -333.401306 188.832550 
42.599388 -66.892204 502.691101 448.881927 -53.670315 223.352707 206.166199 
41.054035 -51.522705 485.197296 473.313202 -52.124275 218.923019 210.133286 
38.569141 339.012848 -548.526733 340.276733 146.611465 -286.535645 142.696075 
40.196835 -50.520271 486.134521 473.529053 -53.558090 219.585083 208.656403 
47.607861 70.320992 -318.772430 790.542908 14.647529 -173.833603 364.434235 
58.027988 396.892029 -540.029419 460.139099 173.945953 -279.910278 200.498199 
19.473955 325.023712 -553.528870 357.198730 140.189255 -289.243805 150.825653 
98.802933 577.252319 390.171356 -467.813416 255.747482 170.559662 -245.871002 
142.850403 -371.053741 148.207230 101.220322 -201.693359 52.309330 29.961985 
51.155262 -113.992348 203.159027 235.157990 -74.738632 76.601425 94.840302 
25.645586 667.816772 210.985886 -553.027344 299.778351 82.709290 -287.548370 
54.811012 334.872803 -607.049011 447.529785 143.782684 -317.806061 197.664902 
10.195048 716.144897 -322.495117 414.298279 326.702148 -181.698761 174.965820 
49.540207 -43.166317 349.887817 183.109116 -43.086906 163.266266 72.693214 
88.769470 -156.557739 -253.532043 1049.281494 -97.112038 -137.538116 490.249390 
23.506577 -114.121452 204.165710 235.201553 -75.580894 83.907928 95.425224 
39.744640 547.564758 461.718079 -621.626953 241.373840 206.492798 -321.443970 
72.402763 516.309143 -601.399048 515.206360 233.416687 -310.286743 228.048126 
60.271500 599.734436 -648.422852 473.040497 274.222137 -333.428162 207.309250 
19.712074 -38.410351 340.747589 195.624542 -36.736088 142.534088 79.580734 
16.611954 559.762329 471.421204 -639.227478 247.071930 211.036377 -329.553040 
50.809372 -43.121147 349.694794 183.085861 -38.570965 137.587494 64.834297 
35.608635 -82.304451 487.811005 207.141373 -60.432323 220.092133 81.539520 
17.334370 293.828217 -241.833328 587.419434 117.852531 -120.109512 261.247192 
19.540388 382.636322 352.921661 -941.944824 163.245392 154.555511 -474.859558 
96.496605 501.558380 525.568726 -622.233337 218.884720 237.425461 -321.669922 
16.717810 379.990234 332.878967 -1017.480896 161.985306 144.723526 -512.091980 
1.895488 816.162964 475.614624 -217.754883 372.221344 210.821915 -125.807312 
107.068443 -204.331100 251.051758 280.342651 -137.428757 91.952705 124.336006 
77.312355 -134.729507 292.345703 249.568527 -66.166557 129.144516 108.136230 
65.193329 336.316528 -396.678802 748.643982 145.043839 -207.462402 340.432312 
90.375259 595.309387 245.961700 -522.684875 263.866760 99.953979 -272.978607 
83.761116 442.486633 -48.651936 154.803986 196.211639 -44.241085 54.699024 
12.069915 303.282135 91.117920 94.270599 128.550995 24.236223 26.147152 
81.580597 -262.637207 161.278839 251.256912 -147.276382 58.594139 101.874275 
248.521179 208.609253 -84.861488 616.839722 82.539932 -57.989651 275.882355 
496.882629 -134.041550 292.201416 250.134567 -85.491417 123.418289 99.854240 
130.195602 295.707001 -242.335388 587.368469 123.273567 -135.218521 260.104523 
79.754967 517.603516 181.129745 -417.738892 225.839676 68.123558 -221.001434 
65.470093 172.614456 -144.375946 356.857117 62.707108 -88.918991 152.083664 
73.373032 170.838898 -144.469025 361.908783 64.999107 -87.596809 152.048126 
51.968983 61.818893 -511.345947 936.396790 10.752796 -264.492279 434.323914 
15.357460 88.253799 -527.877502 948.784424 22.591799 -271.978485 440.567352 
16.483122 87.662308 -528.825134 947.761780 23.611593 -273.270782 439.566620 
64.524239 81.441063 -246.441742 802.748169 20.174091 -138.872650 370.051147 
34.821014 125.142853 -484.741241 957.642456 41.520985 -251.477127 444.709869 
62.639069 532.271912 219.397842 -568.408997 235.212387 86.936211 -294.971954 
41.073368 164.173126 -251.653091 565.480103 61.275383 -139.810104 250.900131 
37.084770 172.644608 -144.274384 356.752808 68.188667 -86.695274 152.894516 
42.482704 162.458786 -260.505768 553.941711 60.489273 -143.099518 246.260712 
68.343918 381.802948 -287.123108 610.997864 166.981934 -155.810974 272.850739 
63.364250 -54.975227 -338.035645 933.624268 -47.151745 -179.088425 432.750092 
88.220032 335.342834 -624.547546 459.455933 150.751541 -316.488129 205.129532 
141.760284 -203.956253 287.864471 294.348114 -118.439873 118.857147 123.059067 
54.514130 518.720154 220.175934 -568.779541 224.918259 87.534203 -295.238892 
35.044270 587.138123 253.532089 -535.436523 260.952606 103.293999 -278.127686 
22.686947 170.022064 -116.831322 954.284729 64.050392 -74.354477 445.794067 
121.970467 262.687347 -611.115601 403.415253 110.479347 -315.707428 172.383881 
31.752316 172.739517 -144.825226 356.230530 66.770943 -87.349113 148.408417 
32.950184 230.852676 -358.336884 780.637756 93.426613 -188.877731 356.224823 
18.018478 169.233521 -455.872223 788.185791 63.187996 -236.680862 360.126862 
55.208889 245.177536 72.751869 524.420837 100.726646 17.932528 233.132736 
64.136292 141.672531 -244.918564 480.756866 50.193890 -136.927612 209.893524 
89.166351 592.891235 -300.591797 783.838806 270.828369 -163.296921 358.877045 
199.758713 393.648254 -206.985947 336.752991 172.946915 -118.382950 141.649307 
92.967461 302.785950 -493.113434 518.895325 128.532440 -259.137634 229.897064 
209.424362 220.669891 -295.237396 359.962372 89.194962 -161.586777 152.678009 
86.083862 359.284760 -284.318481 383.439575 156.110123 -155.967728 163.852737 
15.660768 505.278564 -429.814209 748.237854 228.453476 -226.824127 341.380157 
