8.114315 116.028526 -447.093292 -57.732830 64.167755 -410.945282 -84.136391 
531.228149 9.414654 -42.965057 650.772400 -20.300898 -82.146973 492.124603 
22.280993 32.325306 -501.167480 59.016396 3.366914 -454.055420 19.300709 
526.865051 3.426864 -29.679968 659.491089 -23.570406 -75.119522 496.955627 
1534.517212 -151.511627 -422.102264 -16.902344 -139.324341 -389.752167 -48.926994 
63.088520 179.172546 -270.343414 75.940987 124.770264 -266.682037 15.949894 
51.193348 115.525124 -205.651199 212.240784 72.186623 -218.382935 124.379097 
65.507515 180.961975 -253.861130 82.453896 130.241852 -259.712433 19.880568 
39.761818 135.545029 -220.721039 183.942429 89.007935 -230.986343 101.568871 
70.325806 178.361710 -267.813263 74.148315 110.525902 -258.936920 26.989714 
56.631363 178.590057 -267.539459 73.554901 108.355949 -238.554199 -0.307620 
66.639915 159.703629 -274.259277 54.262257 110.038254 -274.932129 0.406214 
66.582779 171.765640 -250.797791 23.308491 119.718033 -257.209534 -24.939087 
57.701401 183.463242 -270.169434 70.680054 125.716537 -264.461914 18.024231 
86.846504 131.139435 -253.072906 31.111267 83.111694 -257.889587 -21.559479 
41.976852 183.100327 -190.543503 65.952782 128.899536 -201.934662 8.576518 
68.855766 178.570374 -267.265137 73.608955 165.859619 -256.344879 -0.089405 
61.005081 178.653702 -267.308960 73.517166 129.043228 -261.520813 13.637541 
47.316391 180.172668 -267.670532 72.001793 129.287018 -279.234528 1.314795 
93.821617 129.327911 -266.340088 135.767120 80.835564 -268.639496 71.016289 
74.055054 168.420425 -268.329071 -109.454987 97.801781 -255.058365 -125.021881 
100.310783 141.812378 -237.588409 -68.934914 77.850258 -228.864594 -87.000259 
110.612358 179.016815 -267.240356 73.721779 134.811859 -279.301910 26.653166 
184.528137 178.636856 -267.264740 73.576744 112.752556 -282.563751 19.341103 
99.120575 178.631149 -266.738678 78.986618 126.881409 -269.332703 8.344520 
67.923553 165.054184 -259.321228 -97.885170 97.633774 -249.048553 -110.879951 
126.025848 141.084793 -236.919189 -68.535172 77.813431 -229.081497 -84.004341 
60.448421 168.716949 -269.060211 -109.422577 104.105354 -256.092651 -113.598312 
20.467089 95.795326 -269.460907 282.581451 55.698551 -266.097015 183.055984 
26.525383 -373.152802 -78.200813 562.703308 -330.721985 -110.993378 422.181366 
52.200424 -186.973877 -103.168083 385.945038 -178.101852 -128.313629 285.272736 
485.668579 -207.809052 -65.035675 400.967224 -204.170883 -93.617645 273.252808 
185.413422 -246.337097 -60.276207 406.445648 -241.662842 -88.782410 303.263062 
293.299286 -207.287552 -70.782539 396.701630 -198.453888 -99.297256 293.595093 
310.878052 -207.853973 -64.984215 401.148132 -181.787659 -92.430656 336.322998 
274.444092 -224.252090 -89.729279 385.307190 -212.365112 -113.744041 285.051971 
28.516537 36.749828 -213.094666 55.246399 11.602237 -223.910431 4.169569 
95.516441 -215.552139 -68.418587 381.718506 -205.095215 -96.210274 285.342987 
259.808319 163.606842 -292.801361 289.289124 101.700768 -273.812927 206.774002 
70.271927 259.873993 -330.120880 35.110664 176.513626 -339.485565 -9.227797 
682.207092 111.496864 -295.573090 231.610046 52.013668 -276.399780 152.425079 
96.639351 119.715057 -5.439457 17.030783 44.746120 -23.368958 -33.669361 
210.103180 114.816544 -5.214032 18.096073 45.460575 -24.351131 -30.988167 
272.319733 117.911888 -1.295194 19.176828 64.200500 -11.224811 -49.538086 
200.870361 119.152954 1.315203 19.050808 48.896412 -23.573675 -18.044533 
126.430672 106.726883 -9.417335 12.702862 50.188713 -22.422400 -32.164330 
225.697861 92.216576 9.865858 57.534935 30.495220 -9.211087 4.885957 
10.437791 96.524849 -269.137451 136.906769 51.953060 -262.306427 77.199936 
171.720657 155.500153 -13.446758 -5.526189 96.989075 -33.502338 -57.761681 
100.221527 162.308701 56.977386 131.681320 98.020088 15.471682 70.520767 
173.126587 117.510658 -1.172707 18.942253 33.605968 -52.126614 -20.512039 
103.717255 119.642326 2.098861 14.237236 66.681007 -1.880583 -57.456398 
357.627258 -135.151672 354.656616 47.913055 -153.712326 271.190399 5.665627 
99.656975 137.503586 25.669239 120.109413 76.027466 -13.977234 58.045238 
353.789764 117.696045 -1.075748 18.844229 59.876442 -0.980657 -2.498127 
147.153091 117.647644 -0.894027 19.044296 61.888165 -25.910616 -69.335701 
212.693695 125.256378 39.393120 -47.545341 57.177357 14.702898 -81.091202 
56.310188 161.642136 56.463493 132.078827 89.157776 12.331198 72.464447 
120.250610 138.688049 134.042480 220.600876 68.868530 89.967804 138.009125 
96.297829 125.682449 18.806362 172.978897 56.226654 -5.664825 97.888329 
256.357849 552.798340 76.119408 210.681686 441.503967 26.537134 143.112915 
117.881424 150.019028 45.954746 64.333199 80.953720 1.689007 17.261164 
431.008728 47.419098 224.579941 41.876911 -1.955765 165.777313 -2.417176 
268.366425 -165.958832 334.576355 87.069077 -181.772568 252.873886 41.253956 
162.409729 18.585117 253.843491 23.158670 -26.693838 187.556839 -17.879206 
10.925844 283.412994 116.620598 -76.446930 187.454376 81.342842 -101.710297 
0.763070 153.434357 55.669636 60.363438 80.110641 25.838192 6.126156 
127.812782 142.551117 -12.474087 118.991394 69.995506 -40.168625 68.316216 
286.423187 -53.954094 365.306122 24.209930 -62.193089 270.161377 -9.104226 
97.592079 23.582243 -135.056473 331.094116 -15.430066 -147.477814 246.856796 
253.110382 -65.655716 442.771362 34.157742 -71.367287 337.117767 -0.436848 
123.172760 118.152107 -0.708764 18.727169 30.273373 -46.987709 -28.730413 
118.307701 142.839127 1.084489 108.971214 73.650726 -24.281582 56.551254 
125.730492 388.609283 -262.906219 96.847168 298.095093 -256.044281 51.335533 
88.992325 393.410858 -315.693726 75.698280 304.791107 -301.134888 33.762241 
636.450989 141.512131 23.906923 110.740685 75.217575 -6.578782 60.276836 
112.216156 126.265106 39.381481 55.191219 63.006969 6.731550 15.774360 
144.707062 276.735168 -352.607452 0.597172 202.317657 -323.701141 -49.583195 
159.213516 319.734375 -276.824982 114.543472 229.244537 -277.657043 48.304214 
4389.939453 305.323395 -73.430550 43.083710 234.466599 -89.889565 7.270654 
206.283768 268.837494 134.352493 -62.562798 180.770844 92.098984 -96.632675 
73.349792 159.263947 39.529579 90.762405 89.986908 5.368075 43.905975 
70.749405 24.584402 -135.105682 332.768890 -11.676869 -146.696609 248.947784 
117.398415 280.247803 88.998070 -102.859734 185.410522 58.173958 -125.982964 
85.661362 145.394287 33.355682 106.907684 77.805054 -11.478578 67.427032 
110.737534 292.973846 -377.168457 76.948868 214.733002 -353.088867 33.484356 
94.448181 165.987045 27.293449 86.062302 93.329277 -2.118723 42.058746 
120.370743 319.956726 -276.916290 114.509262 236.505966 -264.065430 80.803047 
394.793335 276.152863 138.997772 -65.117744 165.548798 56.623436 -127.150986 
161.324417 217.135895 44.387207 58.880665 147.974518 13.372149 9.833022 
59.866463 177.111404 57.132710 -15.220003 107.133530 14.453070 -43.402363 
305.729462 426.037079 -337.921173 106.360695 333.982941 -320.621552 60.120998 
65.340797 156.647354 31.622757 118.502731 83.806313 1.716667 65.565735 
147.143082 319.921661 -276.893555 114.558479 258.343994 -257.836426 79.760551 
230.377258 130.316788 -12.708050 112.332375 70.860229 -49.268566 73.800850 
78.570976 117.191689 -242.256348 129.252609 70.294548 -238.777191 70.249016 
228.877777 321.704834 -276.868652 115.151833 238.187820 -269.841583 65.746681 
60.043411 -3.462614 -95.119225 298.273590 -37.322155 -110.416695 216.183670 
53.884613 34.006210 -346.127655 321.114502 0.980655 -332.084259 231.881271 
267.287354 141.872940 69.455109 123.957993 75.354530 34.574551 71.978981 
187.195206 246.381409 34.265278 -43.792328 159.664352 10.525747 -80.349586 
169.399139 145.464355 33.309784 107.409508 73.764534 1.001049 54.812332 
83.262367 142.361725 -30.259220 119.746635 73.839378 -50.118782 67.962936 
69.780663 103.510704 0.406229 321.888153 62.903973 -19.194403 220.090393 
69.456772 147.996567 39.568405 120.543709 81.803291 4.876463 67.028175 
363.029724 276.714996 136.999481 -75.516449 177.173935 94.118874 -97.252098 
297.279755 275.570099 134.852310 -74.528793 190.658356 101.869972 -107.561226 
200.807007 145.842041 10.797915 105.058540 76.649345 -18.084215 57.860191 
482.519867 276.205811 138.872375 -65.195976 198.235764 133.759628 -78.285141 
878.992920 101.327934 -262.354248 77.383522 70.361725 -242.239761 35.014584 
64.875076 150.218231 -6.857385 34.616688 77.003136 -23.457914 -20.031464 
79.565643 99.896469 63.258526 1.185941 36.187439 27.617825 -43.168770 
91.478004 21.543776 -136.635956 335.147858 -13.032121 -146.411453 246.028152 
416.669495 129.324066 -12.344600 112.499229 64.453377 -32.136795 49.540630 
1796.128174 258.670197 -332.821716 36.463425 183.267593 -319.599915 -9.782005 
28.107843 166.496552 -18.830727 25.213581 91.368828 -33.882191 -26.051865 
484.056702 469.249359 -6.523762 135.533081 371.062653 -35.148529 86.307373 
68.068390 -110.610107 -224.015839 77.570023 -107.958046 -218.480820 33.507458 
149.028412 -53.714123 364.751923 24.867777 -61.895351 278.005981 -6.711154 
73.449989 -246.402832 126.299484 200.703232 -244.033340 73.267548 135.539062 
70.636284 -85.407372 -216.779480 139.207840 -86.673912 -212.119965 84.452629 
47.528919 103.516289 0.411183 321.842590 45.462299 -43.850163 253.232483 
590.201172 -86.285431 151.081665 162.728546 -109.641663 93.352196 104.376602 
493.939056 401.326385 -105.381851 179.822754 315.293427 -112.771805 119.882370 
75.403030 -98.280640 -217.932587 103.930550 -97.637688 -213.315750 55.150539 
112.514832 119.211105 1.259349 18.857981 40.437069 -41.202774 -39.248188 
118.057083 119.564888 -0.846477 19.569134 56.030087 -13.501977 -10.395064 
356.559235 -170.153046 425.687805 -107.727814 -158.804947 322.295380 -117.626877 
379.326599 279.138550 89.656563 -92.430412 187.625412 60.845516 -119.968163 
22.829065 101.647385 -0.540229 321.649567 57.719101 -28.327242 232.863083 
1389.745850 -119.281448 -330.395996 14.141813 -115.924614 -306.311920 -16.194000 
0.011308 107.980591 276.450775 -101.312881 45.139450 206.503143 -123.806107 
262.007996 49.979759 24.590542 49.456055 0.963798 -8.988701 13.998094 
103.113129 64.622185 -135.439209 278.050079 20.087025 -141.666870 199.044891 
146.191498 119.443527 -0.829638 12.662554 47.800903 -10.718026 -32.451595 
80.920341 249.733292 -328.933838 38.723267 125.525734 -294.785736 6.227796 
81.332024 2.031066 75.511475 100.515572 -41.597988 41.518024 36.699574 
583.475952 254.319214 128.779510 -59.726189 162.639511 90.876465 -93.317413 
154.906738 123.592346 -225.722473 -100.374817 64.312584 -226.766068 -113.774391 
12.415420 400.783478 -98.477493 187.130768 317.639008 -114.315620 122.230583 
119.699326 131.560211 16.148540 -24.918839 60.957447 -5.864563 -62.634251 
1424.098755 111.278732 -236.914062 88.557564 72.813362 -226.577728 46.795052 
446.227631 296.010315 79.690796 215.740433 224.594101 27.422129 147.206192 
90.691086 119.131577 0.133117 19.524567 36.126331 10.621469 -8.385291 
2.330571 24.999577 119.173126 74.476967 -25.695044 74.473694 25.016876 
55.070248 60.694141 142.395187 67.650673 17.483725 94.942314 15.516603 
76.520386 283.335632 -230.085602 215.784805 212.147446 -226.764328 142.809601 
20.001036 60.500175 142.680298 67.614029 14.399875 92.282913 18.522978 
55.522301 285.429504 -244.172852 167.710770 213.796890 -239.378662 100.325287 
314.479767 281.374329 125.706329 126.978683 185.852661 87.136848 62.668781 
37.503315 60.654202 142.451553 67.687607 -10.997416 100.700256 24.697447 
56.750633 268.893738 -188.849258 281.378235 200.522934 -190.843033 201.509506 
138.762451 283.488739 211.911804 181.580246 224.915207 138.172455 117.105057 
41.304741 137.319763 323.556183 25.281080 66.434677 244.697281 -18.269636 
141.501709 318.362000 193.097290 -126.576752 218.107910 142.971756 -147.724350 
115.196136 267.816833 -444.089172 225.506500 198.143356 -410.694946 150.916733 
73.143967 277.389069 251.913132 161.600616 214.648209 175.873749 103.886833 
100.655922 160.291107 -300.935638 187.215347 104.620064 -284.333405 117.413452 
135.501709 -213.998474 73.410301 29.077255 -213.351837 36.628941 -8.418304 
80.828850 72.050629 54.067234 63.618763 18.588194 15.395107 26.889471 
46.657139 76.918137 8.563517 -3.724854 19.415377 -9.605443 -44.489475 
81.537895 231.383759 242.500183 127.517693 173.394989 168.103775 72.225777 
479.260864 -234.200287 52.023796 20.683174 -238.054169 10.545270 -18.754210 
77.689499 139.826721 -250.705902 181.318253 86.998940 -240.720886 112.044205 
24.239553 -144.485260 104.172752 151.774185 -160.155533 58.652542 93.423576 
82.620506 427.848999 16.451418 154.150360 339.663879 -17.428547 95.459999 
149.729889 -201.572876 43.502201 44.178074 -197.743195 0.062073 10.296286 
183.634811 231.466904 89.774239 76.418259 148.670166 43.558453 32.326279 
100.346863 283.021545 211.823608 181.445099 201.619904 134.342773 113.872650 
1705.000488 195.294754 -233.756668 65.428459 150.018951 -223.533737 26.383703 
75.438171 268.832336 245.270401 174.644501 208.156815 169.734558 114.744942 
134.166367 -127.551613 -13.828199 79.398865 -136.151337 -49.214817 37.491688 
153.891678 -37.165611 329.853699 71.243935 -80.530998 251.111832 25.017439 
165.278229 225.627441 176.839111 146.497772 143.366684 129.839355 81.040970 
120.638214 -36.726192 -100.411331 143.765091 -45.550236 -116.097679 88.183083 
100.550026 54.859146 -69.067612 69.431900 29.998314 -89.819321 30.832825 
98.802231 180.749176 -170.253922 214.069275 120.704849 -172.236938 140.944046 
89.003670 282.987732 210.714127 181.961792 226.018387 150.066284 122.405136 
118.191467 -46.765621 -193.672577 124.300812 -54.698509 -193.358170 72.148598 
107.304390 176.054535 -51.393517 152.838593 128.934875 -78.591553 98.108223 
156.767715 113.806900 -220.602890 298.253693 70.728432 -217.170181 209.403748 
52.186195 43.937702 32.143864 80.377960 -26.146296 -5.995434 57.296028 
11.967634 82.106415 -202.629654 63.128742 57.798641 -196.919479 23.564022 
335.565613 -42.606972 301.979401 69.826973 -87.843529 222.648987 25.525690 
1.124693 278.976318 140.894257 -65.950218 180.627686 87.279892 -93.496841 
64.482544 176.079926 -176.586258 214.548981 107.652641 -162.509521 141.303513 
77.626518 105.246925 114.857536 26.670259 49.741985 74.931190 -9.174977 
73.518410 283.336517 212.156052 181.365417 204.276978 145.569046 149.899033 
638.656555 201.972427 155.505737 332.236084 151.434479 109.121979 244.376236 
46.143299 102.024757 -23.973579 66.244408 48.722000 -51.528755 26.567270 
976.092346 256.476074 -99.238045 289.573059 200.809158 -112.449722 203.433624 
84.823288 283.164490 212.196976 181.425888 243.308594 137.867325 112.231544 
647.386108 184.385773 -115.536133 365.678070 126.160629 -131.052368 282.840393 
13.517016 261.417755 -140.330627 213.631470 202.780365 -146.418442 146.783508 
74.347672 269.915955 214.790314 164.472855 206.698685 143.782242 103.549202 
840.937256 209.893036 -62.646736 330.525513 152.327515 -75.877502 246.022705 
147.538956 194.614655 -18.554033 206.869614 152.612122 -48.590904 131.486694 
142.190292 215.313217 7.460985 303.615601 161.990036 -28.878845 217.657532 
264.109192 43.786121 32.467663 80.497833 -2.023520 0.390622 35.501652 
120.071922 -67.644302 85.648529 40.066624 -107.719650 50.214165 -6.351465 
76.161217 176.129120 -176.724243 214.563263 129.604660 -184.283951 140.743561 
76.976036 148.022705 60.517303 159.814011 82.189476 18.139091 93.504150 
61.064785 247.732513 -310.696198 -19.727753 188.558136 -289.826416 -41.653610 
123.390732 194.538971 -18.619617 206.881088 137.081070 -50.557850 146.089813 
320.418610 220.661041 -112.873039 358.180267 164.860260 -125.190002 268.449829 
784.554626 -67.743065 14.679676 53.468231 -96.815453 -20.989655 9.687090 
21.851423 169.206406 104.860786 128.542633 96.545692 59.522686 76.603027 
193.834015 245.430496 130.539337 -68.769119 162.922043 91.602547 -92.667885 
969.363281 305.671875 -96.437874 286.845581 250.686157 -110.925049 201.151489 
156.460968 -11.621474 348.302429 48.650131 -52.547283 275.491852 1.331089 
77.741676 364.835907 101.163956 185.747253 283.236450 45.393066 119.516106 
123.976425 94.896935 -125.584587 69.818207 65.750496 -132.633835 29.745802 
60.271202 83.449730 -186.600418 86.745857 57.464973 -184.197708 41.599998 
21.650700 245.323196 130.647583 -68.619354 156.489914 88.469666 -112.110855 
887.028015 250.841019 -56.569981 322.652740 193.308395 -75.978104 235.771332 
75.968323 272.467316 -181.781219 160.231705 209.913330 -177.506363 103.155540 
89.870117 381.720276 -13.231573 261.614532 298.683044 -42.623764 179.318802 
68.626167 -5.790245 -213.882614 162.858063 -34.760365 -213.965652 99.152458 
71.739227 259.522827 -148.933121 207.581543 192.765381 -149.452072 134.377045 
38.020683 7.994259 114.835243 111.292938 -8.105408 63.540058 64.566742 
124.169930 132.460815 -242.687653 215.716385 89.072861 -246.542191 141.649612 
264.826538 -181.225616 178.288513 186.864182 -191.147720 117.084862 127.365578 
85.888573 -44.280895 53.336784 -6.172439 -76.828484 12.610073 -32.653206 
66.510353 -44.888626 55.835255 5.210237 -75.042534 15.797534 -22.291027 
81.022583 132.678558 -243.573563 214.198639 86.278664 -238.323151 136.329620 
69.751152 259.621613 -149.025360 207.909317 207.266159 -151.152664 151.098816 
86.132500 328.005493 150.276810 279.702820 252.255920 94.459587 193.281982 
97.954041 327.367004 150.390549 278.931732 254.891403 82.056656 199.580994 
31.659452 -44.908077 55.794907 5.285700 -81.802612 17.733585 -29.296993 
4.770376 281.582306 272.306213 118.866898 186.222214 208.287979 55.555214 
132.321228 50.483559 -12.036671 139.578369 33.808712 -43.618732 88.864067 
153.123032 133.128098 -232.754807 293.429047 87.220337 -233.556290 207.544418 
52.741608 54.622860 372.227478 -82.264542 -3.927451 282.601196 -107.746765 
1.924156 94.286041 -144.843353 113.232742 61.616161 -147.078735 61.970501 
67.520256 44.427456 100.219345 169.416565 24.436188 46.082054 109.161148 
50.335018 54.576477 372.065338 -82.336830 2.379138 292.871735 -105.079201 
76.453239 -12.025856 -4.830315 134.001144 -27.471832 -40.264172 79.618698 
66.376617 -93.958481 140.594559 98.040642 -93.206154 84.974098 53.795589 
87.056480 248.828629 -309.168152 -19.428778 187.346771 -305.135315 -56.416283 
87.300690 79.801331 36.195187 144.640686 26.923338 -1.790579 83.341774 
819.161682 258.607910 -300.170654 138.483429 198.611237 -275.008484 84.431427 
260.479523 114.685722 337.377502 164.100525 73.164658 245.169632 100.702286 
74.304886 78.952103 -52.026737 123.112007 51.826237 -81.332817 71.985107 
82.824120 28.316874 -39.616215 125.744827 4.074137 -66.333176 72.508751 
269.394226 39.303005 -15.098237 135.507889 14.903170 -47.413708 82.670395 
85.910988 23.382656 -17.934038 119.463974 0.340871 -48.343239 67.397362 
72.449539 225.582947 150.831970 -46.243519 147.799347 102.624908 -74.408302 
70.306938 40.080063 -15.622399 135.890167 5.710417 -60.214653 76.006462 
41.682873 172.454025 -57.522606 147.480301 121.017258 -84.618515 86.732780 
56.941505 86.151459 96.985634 32.441624 29.784735 62.219360 -12.947888 
170.280548 24.241016 -17.573912 121.831543 1.115737 -48.714695 71.252937 
291.923828 -14.332760 15.576004 45.738319 -59.588570 -10.196655 12.356995 
0.375780 371.339478 39.548943 196.543503 291.391388 -7.204715 131.488510 
0.532096 -14.411274 187.877426 80.526649 -56.031425 132.578430 23.042929 
67.735664 -142.383011 -82.497200 12.244391 -151.943054 -110.223984 -29.891829 
50.841267 95.205566 156.697159 -9.526718 31.385159 105.267349 -50.016895 
1.695474 141.746399 27.243734 109.619682 69.826828 4.237247 67.342827 
80.787811 34.342072 86.024971 111.993362 -13.573081 42.060604 65.545052 
55.744156 119.176300 31.157293 21.878235 64.547188 -9.409996 -15.922856 
46.531673 50.969597 262.894653 20.619907 27.364206 186.956650 -11.366621 
60.539608 186.566879 -226.677124 105.315994 138.275864 -219.707138 59.500656 
95.799927 248.501144 -309.444611 -19.526922 191.413498 -293.330078 -36.586937 
131.288040 279.626831 50.111557 312.369324 214.702332 5.644690 224.359528 
157.399612 -14.407822 15.100304 46.129051 -38.689510 -23.773251 6.627452 
59.283676 52.579033 163.817474 69.612564 3.855602 118.829811 22.379326 
117.787422 268.481079 118.301758 259.083984 204.338562 60.671371 181.011078 
65.635529 278.230408 87.144096 209.318497 213.772049 34.755138 139.536362 
94.240639 162.138901 -455.648743 15.375167 105.406937 -415.691589 -21.276451 
0.544295 52.754414 72.522644 143.878708 4.710728 30.026615 88.833290 
51.264919 78.968460 27.835926 7.134537 51.027985 -7.155897 -20.165346 
262.512817 311.103607 166.576981 213.364243 238.698685 100.960327 147.444305 
70.211960 98.246437 315.148834 -1.382715 38.772446 234.514160 -39.076530 
7.887614 -122.828247 34.916050 143.161835 -142.034409 -2.214122 89.984528 
22.300619 168.917572 -200.486267 -49.927578 125.680161 -194.931168 -65.931610 
12.359972 56.418900 152.104797 66.510033 0.692263 102.036140 15.669879 
24.203976 8.794300 127.941177 -76.065659 -30.279799 74.471169 -96.436516 
537.464050 182.171036 110.346390 68.424477 110.881752 58.834351 25.927721 
70.433212 187.799408 -220.607742 -80.008957 116.647125 -222.175232 -97.196800 
73.218353 177.500412 87.418457 60.482239 106.818100 39.689308 19.588037 
90.473351 58.799873 90.087654 66.620522 30.262796 36.853565 26.656181 
18.068111 -14.533768 112.108994 -69.130577 -49.535255 62.454109 -88.657974 
123.862427 144.588669 -413.685211 14.769012 92.165863 -381.008057 -22.401197 
99.824585 -182.621796 90.114433 377.439545 -194.701416 54.051132 270.205780 
243.673981 176.037064 60.184521 18.185928 100.969627 25.678972 -25.100420 
37.143799 194.547821 -227.580536 -75.091019 121.485458 -226.839523 -93.787720 
48.063465 -156.696823 82.357849 402.671997 -173.603333 47.469204 291.191803 
34.806248 162.640823 -206.862793 -104.216194 94.392059 -209.744705 -118.563034 
45.250736 -214.969223 91.248680 403.321716 -221.570786 54.776680 291.870361 
1.330295 59.204079 -12.300055 51.894764 8.504499 -36.023289 15.646774 
24.528809 127.122208 256.493774 124.311813 58.686928 195.663391 59.951458 
0.900133 233.464127 -353.396790 216.077042 167.545731 -337.288361 142.174194 
124.505707 164.658157 -411.395630 28.091698 110.881187 -378.949219 -11.813562 
69.224472 220.145340 -300.523743 157.431885 157.240311 -292.266296 93.206329 
83.407867 160.732056 -382.282471 103.652596 106.348602 -353.043365 54.533535 
7.251449 77.292297 -258.098572 -227.829346 48.283791 -243.213730 -215.642288 
65.311562 45.967583 -395.047394 -416.048309 20.511562 -359.652954 -375.305725 
38.383850 170.563705 -399.644958 59.572563 114.113747 -368.215454 15.336987 
62.074577 199.176529 123.319107 195.437286 121.171593 66.891693 127.834328 
131.208984 196.040161 -261.049774 -18.564323 130.110001 -268.941437 -62.943928 
61.997097 157.510620 -253.311203 41.040203 98.814529 -261.361176 -9.418359 
83.921585 133.515335 35.594925 218.871201 93.076553 -8.145594 147.723312 
112.892578 217.837845 -292.240723 44.855103 149.791656 -293.870819 -6.449890 
59.702557 199.662033 123.526138 195.482208 113.953133 66.610748 130.024063 
69.833115 -27.779148 81.841515 203.905472 -61.041054 34.303623 131.775543 
75.808640 130.255478 -12.825405 112.059319 63.558067 -38.032227 85.843109 
57.819809 199.345123 124.393486 195.516159 117.412971 80.578056 132.561295 
107.037369 251.097168 -254.317566 200.426971 183.398743 -247.360458 125.493980 
107.118011 165.208755 -263.705078 -9.516342 105.310944 -269.272888 -55.252392 
30.459953 161.431564 51.765919 160.959656 88.787430 16.480402 101.738174 
18.300615 52.460941 163.748199 69.573746 -14.641972 107.242577 16.082468 
74.597183 140.186493 186.860947 -52.202564 82.968056 137.405991 -71.164810 
23.653746 37.684616 153.024826 83.437363 -6.063537 94.312004 36.370739 
66.280327 281.748901 198.789078 311.463196 216.879547 128.580002 224.065231 
136.337479 139.782120 186.747543 -52.352795 73.874748 122.258324 -72.077171 
63.936752 91.006386 259.310425 -127.396286 31.725718 189.542389 -142.834946 
58.608295 97.362076 344.729736 -76.639046 34.549461 263.942017 -103.540375 
81.657898 186.458405 -284.021423 86.013786 129.957336 -269.981171 35.127167 
38.575058 -15.604721 112.937889 -69.053680 -52.924393 60.261036 -90.362053 
65.196602 255.563019 -333.665436 161.367584 184.163940 -318.240540 94.166122 
19.135468 148.797684 182.721085 83.305252 105.762932 114.264862 38.815048 
26.471992 90.993622 259.337524 -127.394188 18.755959 188.878769 -156.644577 
42.848022 192.472824 114.539482 194.228943 115.697998 66.384956 130.338486 
82.640366 165.638214 -353.779999 69.204170 112.296913 -331.015778 23.423269 
50.604042 246.835052 198.770096 199.099640 192.140533 128.501740 141.324280 
6.070574 -72.106354 2.058443 79.134178 -102.255318 -33.561649 31.058018 
15.526692 193.042969 192.915771 133.944336 112.713417 142.673782 68.864906 
53.147491 225.320999 -217.228790 235.155212 160.171890 -214.194138 162.159531 
54.985695 235.739273 -183.492630 244.551682 169.323395 -184.425934 170.760498 
12.927618 146.278732 187.755371 77.701454 103.592422 118.120743 34.535057 
53.090912 228.938217 -299.072052 191.913239 163.399734 -286.686920 124.047447 
80.505234 419.191986 47.338074 281.986725 317.942108 -5.841626 194.480453 
46.066326 211.525635 -275.523926 219.296082 148.263550 -266.521454 148.618652 
5.149296 -225.095169 -107.227448 213.463898 -202.001144 -119.431473 146.562241 
43.455009 375.407959 152.979767 364.002319 283.079834 98.153793 270.236725 
42.379353 214.280350 -223.481918 225.198700 151.431549 -219.518936 154.007629 
164.623917 516.382080 211.066315 447.417786 407.303375 144.984177 347.286560 
43.036156 515.977234 210.813904 447.777100 404.600922 160.786346 331.055420 
41.602196 554.800964 266.765320 482.949341 440.544922 198.248871 375.169708 
44.451706 514.772705 128.597183 444.750214 401.158966 75.087242 336.292297 
35.625076 199.321457 124.266350 195.482742 133.762909 70.440811 136.998764 
67.976593 215.535431 -232.394257 -4.558183 159.688797 -234.127487 -31.888947 
21.172670 177.308594 174.035736 -20.103180 106.354515 116.413757 -45.648369 
89.582901 154.672607 161.833237 -70.317871 86.529579 104.456062 -88.508492 
48.360142 505.989899 102.514763 406.355927 397.144928 54.648018 308.702209 
14.478669 146.140884 159.696289 -9.387278 78.735558 103.817673 -36.036949 
44.738472 515.149231 207.921036 421.074158 405.837128 145.073212 321.479950 
54.453579 193.913879 -328.124847 218.459564 133.352524 -310.120819 148.121445 
57.233875 516.159180 200.689758 450.852325 406.697266 142.795547 345.547424 
43.577061 195.954041 -320.880585 218.347549 135.193481 -306.261658 148.134598 
69.822418 69.289467 -904.211792 54.486774 38.740604 -787.975586 15.415537 
206.984268 -204.183762 113.715637 117.427704 -225.290848 49.126926 71.928207 
43.922905 196.316010 -320.959717 218.898117 134.064941 -307.849182 147.847321 
629.688477 233.558472 155.118790 -55.870003 153.436096 101.702187 -82.980301 
76.436028 136.523590 264.431396 14.110345 72.641792 198.288544 -16.522856 
61.103882 137.794983 -1.802060 116.877304 64.385231 -24.424398 69.186775 
69.694527 102.963120 235.401352 17.378408 43.324474 166.211777 -14.096153 
45.338654 138.834503 273.392578 20.090216 74.727379 197.955643 -12.316837 
55.181625 136.616409 264.678741 14.099099 73.570183 185.001114 -17.785194 
47.536610 199.514526 123.826797 195.523804 121.508942 80.153152 129.711227 
19.443785 -191.344849 -68.611351 288.643433 -173.437500 -86.820305 209.602310 
61.991425 90.829514 294.018768 -61.610481 29.360054 222.080063 -91.732079 
0.499420 216.445709 -266.625305 61.952526 154.965317 -255.130692 16.264790 
58.345268 212.580917 56.088612 219.377365 160.734100 7.683712 149.302399 
55.563148 281.270935 -120.963936 -63.248474 192.686081 -137.652725 -82.373535 
13.321988 200.941513 78.767525 232.417725 149.226715 26.969011 159.456070 
66.282188 143.474380 155.906021 -165.269623 76.809700 98.306732 -171.289673 
62.249969 214.618210 65.214615 229.183823 162.403793 15.017859 157.277542 
53.710258 125.799995 78.353912 193.693893 81.231430 27.367388 125.008255 
164.714447 515.595154 129.489182 443.863831 406.575562 80.953812 340.697235 
6.937255 -198.584427 -55.052864 201.608459 -180.198196 -74.577431 137.175583 
73.349869 277.492523 -356.611145 2.898386 197.451843 -344.402924 -14.015365 
70.296432 141.207443 185.709259 -51.545338 71.776596 124.853195 -72.510689 
43.225937 164.642624 180.136017 85.135506 118.456146 112.424118 41.628891 
50.538952 165.129318 211.842545 -187.272141 95.827133 147.330643 -190.844360 
163.758759 115.395897 -339.387939 -171.291824 65.176422 -332.994873 -190.724152 
60.265537 171.227585 70.324959 216.188705 122.729866 20.253468 146.071503 
128.516937 44.594456 -144.768372 90.580864 15.150011 -156.372391 44.340343 
945.255188 158.176666 -65.994995 138.556290 112.162704 -89.677338 82.518448 
71.674301 148.728973 274.175232 22.148727 78.451454 208.369888 -22.453182 
82.797279 25.774233 153.826233 44.883553 -16.033697 95.221359 6.877456 
83.113449 146.760452 115.397621 -83.698326 79.038872 65.392075 -101.443535 
166.248413 264.118042 267.560089 -28.526434 203.090164 185.591446 -55.573982 
64.470947 63.071678 155.911880 -4.404546 13.827722 96.923080 -35.472088 
138.509689 66.546349 138.842773 176.187347 35.522987 76.359558 117.432892 
48.403816 215.670563 322.715332 49.910938 160.002670 234.666367 14.143634 
48.817394 290.657806 -343.795776 -11.597365 211.268066 -325.627594 -40.502113 
56.277931 264.147003 -305.824524 74.523766 193.963257 -291.408508 24.946238 
65.616898 225.786133 -413.057556 -4.544756 163.284790 -381.917938 -38.296043 
71.308464 110.280930 -431.135010 32.814201 64.056351 -395.446381 -8.158476 
48.741138 261.792236 -307.052612 84.550201 180.906525 -299.924561 32.954342 
87.769714 279.376923 -357.227722 2.543103 196.320831 -360.605377 -55.047962 
60.549290 248.451706 109.244415 105.536827 192.507507 50.405704 50.695137 
51.601463 248.141678 -301.895172 90.498703 181.121277 -289.162933 38.752205 
99.764610 282.175690 -369.464386 -7.115670 206.100311 -342.786682 -38.032509 
0.731702 305.304321 -405.451172 66.492142 227.390915 -374.149323 18.447222 
51.587727 261.840912 -307.103210 84.491791 202.239273 -285.899750 32.472347 
52.450115 109.103371 124.472725 68.313850 74.591782 65.936958 28.320312 
241.780884 123.341560 108.395729 133.279999 59.169537 59.573158 80.519630 
170.921234 276.910797 -413.446686 53.395638 202.709396 -383.474945 7.519368 
40.703991 225.343750 -452.050323 4.507613 158.429657 -417.934662 -32.641136 
37.134224 260.657684 -310.075317 82.719528 191.567184 -292.400024 32.810368 
43.707375 60.450169 175.651550 97.661835 12.782794 113.284546 49.241520 
171.668167 278.826965 -356.538025 0.843770 203.700470 -325.904144 -69.134651 
98.606232 314.292816 -378.924164 -6.802614 231.908585 -354.475922 -41.367893 
134.178345 275.000702 -391.079254 -7.752264 200.707077 -366.057312 -42.287357 
116.686050 289.311432 -377.206757 102.566437 213.122345 -350.908966 48.655350 
144.480209 279.914734 -366.666534 1.665340 209.435349 -351.194916 -37.208389 
50.946774 205.817566 151.068222 84.015518 134.875443 90.011536 40.591183 
49.155838 206.172821 151.078049 84.242668 123.222267 90.296272 30.302523 
296.873077 278.725372 -356.643524 1.032756 207.993866 -336.566956 -8.575939 
79.656334 240.787811 198.240265 -84.288795 160.778946 132.103180 -102.706848 
108.458488 314.600342 -352.310516 27.996002 292.141602 -325.212708 32.391071 
75.346863 275.963104 -354.216980 3.749202 189.785233 -335.722076 -33.997326 
87.149323 113.131821 349.834961 405.384613 74.669220 256.567200 303.501831 
82.791786 255.156464 -356.591431 5.432302 180.922745 -336.284912 -30.113649 
84.552193 216.421234 217.432251 -183.555634 139.527481 151.972549 -185.822769 
86.051147 305.930145 -253.873932 297.333038 225.860367 -257.646820 203.142365 
31.793509 77.787811 -105.213791 58.152252 42.083271 -127.569214 18.158022 
604.847351 278.382660 -356.735199 0.800050 194.106415 -336.439209 -39.216454 
45.988743 94.000450 290.969421 -65.128769 31.558422 217.800964 -91.629730 
74.996567 506.118958 147.484833 430.434967 397.837372 93.620148 329.528320 
144.224030 245.073441 -328.022980 10.661935 172.051758 -308.366821 -24.079441 
60.786232 172.407761 59.902077 164.240112 95.149055 23.125143 103.296242 
139.671616 278.345734 -476.131439 95.672386 204.604630 -436.744629 41.731472 
62.809437 -204.279236 128.450211 21.457245 -208.610596 74.456528 -15.320447 
559.541382 -204.228973 115.095093 117.276993 -204.555161 67.305214 64.306610 
29.804800 305.957672 -253.893585 297.354828 231.531448 -249.465942 189.274765 
48.157383 205.739243 151.121048 83.960861 121.378311 104.122459 46.215378 
56.224331 79.578720 249.848190 -82.079895 20.629906 182.769608 -108.645454 
118.163933 418.671143 47.177811 281.899414 318.680695 -4.688228 184.455154 
100.990143 212.809021 194.120804 -95.229118 135.388657 138.906799 -121.749878 
90.364853 212.553085 193.876648 -94.959488 131.914703 132.207123 -110.023445 
44.845924 198.235291 178.715057 -155.397095 118.194954 121.440552 -150.912476 
45.231033 208.281036 148.618729 -144.582870 132.368668 92.656746 -151.545456 
38.875130 198.140823 178.488815 -155.478394 121.413162 117.316963 -158.076370 
87.437660 58.308289 92.329033 -44.186787 9.522785 43.876041 -67.604454 
123.479584 242.252548 -312.250275 92.239601 177.848129 -296.942352 38.613899 
115.886803 515.992188 202.595963 410.482605 406.214294 142.953979 311.165100 
119.519524 398.512878 110.115067 280.125732 301.650665 47.012756 187.063431 
50.075497 107.281250 124.272598 101.875504 46.502045 75.299721 50.030861 
67.146324 57.080296 96.384438 -47.400196 9.303857 68.962891 -78.557510 
78.043159 223.433914 -218.968460 190.799576 158.012482 -226.017731 109.547226 
56.557663 139.267242 77.773468 78.205750 76.037155 31.700953 30.263437 
67.303940 230.639404 -414.394257 0.432636 165.546539 -382.775391 -36.709702 
32.202789 148.110123 272.315155 22.366444 73.528465 194.086273 -20.898624 
39.409492 162.181046 213.200943 121.563469 117.555016 139.388489 68.943253 
57.608898 224.961319 107.882637 200.189026 139.833923 64.438911 133.898254 
153.285522 158.018372 289.734070 14.727730 82.833328 216.338379 -27.076532 
34.221272 59.942539 114.957878 18.461168 28.497290 56.390835 -15.924925 
26.605986 -190.753586 94.195465 106.191605 -202.147491 45.432709 58.251987 
181.709488 135.080917 253.492889 -41.618156 75.584946 180.636383 -65.366943 
66.465370 99.266716 314.354767 -0.668861 31.049639 240.691116 -42.378139 
79.214508 139.416595 223.851379 -13.975105 75.167458 153.309692 -43.478260 
240.843140 46.001453 76.678848 63.354156 0.655432 30.985781 21.962263 
265.813446 371.782410 321.407898 -329.212982 272.138428 241.325378 -314.434479 
87.705757 238.661118 299.367950 -91.557655 158.326569 222.490265 -105.821175 
0.173782 258.206787 236.610687 -225.602539 172.590103 167.917603 -224.593521 
91.522942 189.350174 -372.671600 -5.186200 125.861206 -362.797150 -48.289387 
49.935513 86.240738 221.039490 74.702614 27.629604 156.626877 27.050039 
0.139583 410.385681 46.733421 463.014771 316.511719 10.158472 353.716248 
91.993164 42.357521 236.850235 163.636398 13.987480 160.385788 106.633591 
10.253804 109.026154 124.396454 68.403275 68.733276 58.933533 38.475044 
90.321053 174.708359 146.867111 237.640137 124.094246 85.026741 172.532104 
65.518250 187.066055 -153.637466 246.931107 129.931198 -170.228333 155.537354 
70.950996 168.032074 145.792648 238.833206 120.226692 84.307076 173.283173 
352.268219 311.629730 -323.091217 7.848367 224.764908 -318.309662 -41.719330 
72.883339 198.248886 -48.765003 -166.776703 125.038811 -75.106087 -163.410538 
820.657593 191.342316 -276.261841 -7.428331 127.463646 -277.634491 -49.203808 
67.675674 173.662796 70.941261 -133.992874 102.327240 28.803814 -141.926437 
92.771973 180.119217 250.828918 122.372787 106.070114 182.993073 66.026947 
85.662308 198.328384 -48.714592 -166.881607 120.895355 -77.950668 -159.707321 
111.536644 137.924118 -345.544678 -9.730172 78.617722 -341.567841 -51.765877 
45.838337 -119.225685 156.681961 166.846802 -134.083435 99.080963 107.044975 
30.523638 32.920216 144.253967 -345.569000 11.527893 82.266136 -318.035919 
68.733963 198.298203 -48.766384 -166.835602 125.933739 -74.525177 -192.749893 
1.191690 11.779945 151.372665 -320.911835 -6.119567 88.023613 -297.206421 
12.752829 -13.949671 34.421768 18.464336 -51.559017 0.991329 -19.453844 
15.033041 -13.956333 34.438633 18.466276 -53.255508 0.623816 -18.207418 
76.745354 282.998779 -84.039597 223.484756 206.973526 -102.059021 151.522949 
5.928207 328.723114 152.236877 -75.554680 230.197495 98.877609 -99.007217 
15.286290 167.892792 -70.009880 54.139565 118.474487 -93.712036 16.302843 
159.714890 511.469116 -89.634773 356.035400 406.114410 -111.984055 265.565094 
51.425461 262.792633 229.702240 67.509453 200.129669 153.983887 25.940769 
40.541481 293.650513 -370.189087 78.396927 217.902756 -346.903168 26.205721 
43.735207 198.124512 178.602539 -155.316589 130.386246 116.503876 -173.622940 
72.193840 162.833755 -535.085388 311.753357 109.355118 -488.763031 224.392914 
25.468006 64.240051 108.841003 -18.654354 13.785814 60.682201 -43.572071 
18.417517 197.135208 180.615311 -155.189941 125.868690 118.011475 -162.170441 
39.073723 528.627930 166.497742 461.966339 417.286224 111.403503 353.312744 
73.077148 306.255615 370.360596 -6.476615 238.074783 274.185059 -35.668377 
156.686325 -114.430672 73.413948 126.981369 -134.731369 30.465584 73.571854 
71.850296 -125.599594 116.656464 126.021675 -141.603470 63.735443 72.332573 
52.336506 175.163712 179.492874 150.608536 127.548393 111.011223 93.964119 
73.986946 -140.534103 176.724350 108.873734 -147.503128 111.600418 59.104546 
42.768158 -136.854614 100.284737 121.075272 -149.730469 49.406170 77.623314 
91.479935 216.974884 -366.276001 81.215813 153.882385 -342.317780 31.589598 
38.799126 -136.631744 100.504295 121.017761 -154.897659 46.137817 72.077950 
55.272972 269.624969 -426.208344 76.948044 199.100800 -392.466614 26.898264 
64.343338 338.577820 196.804443 -129.940903 242.270721 131.159485 -142.698547 
11.788527 224.096344 -415.486084 55.653805 160.707901 -384.924194 11.331351 
1.601488 223.476990 -143.362091 -12.441569 153.529694 -166.170181 -59.340862 
10.554440 -172.074890 40.385494 120.058563 -179.100861 -1.132263 69.722771 
3.027258 -172.384720 153.769119 215.957230 -180.338531 95.988495 149.923843 
39.299431 207.557312 -237.073608 -99.202560 138.939682 -245.541687 -130.409912 
101.319969 71.476418 341.446045 -30.137609 12.605572 260.574585 -65.017632 
32.865681 259.698303 152.808609 -252.530518 169.121948 102.699402 -246.936584 
13.581823 133.169846 239.847321 -26.095240 73.780899 168.695465 -54.006008 
26.231693 259.719574 152.838135 -252.531067 187.104279 88.367371 -245.216232 
18.970354 259.505798 150.803345 -252.430222 177.488297 95.004944 -246.122849 
91.266510 206.505371 -79.976288 216.585312 145.187897 -102.410164 147.708023 
1916.154907 162.953430 -384.907074 -142.242538 104.070480 -370.026825 -166.245026 
31.152767 -136.757767 100.463715 120.740601 -148.111481 56.011471 58.725922 
44.701530 327.904663 190.382324 -146.380295 233.717773 126.062630 -156.205368 
29.749029 347.253540 181.752930 -103.997978 249.615204 118.515747 -120.418129 
21.115097 262.487823 177.204147 73.865326 190.689713 116.711067 32.942745 
127.604347 245.722122 198.107239 198.673386 183.970535 125.410561 131.619965 
53.992771 -176.343201 120.604515 187.383850 -183.511063 67.524506 124.785027 
61.781948 144.184464 233.604767 108.862167 99.249931 158.386246 60.364922 
45.481712 171.754135 209.758530 116.401443 110.929787 150.193466 47.999516 
18.080914 18.376589 74.572128 119.360435 -23.437622 28.476236 66.269684 
27.480629 -176.421814 121.029694 209.106537 -183.628326 67.906754 143.515427 
67.995972 -133.150589 114.275566 147.631882 -146.711060 63.299118 91.428154 
88.144463 227.251312 148.837997 98.223083 142.154602 95.225929 49.630730 
106.887146 -170.024323 185.763626 123.672691 -180.174042 119.944366 72.344391 
60.131882 207.088486 147.770462 87.414131 124.759636 96.660721 40.176567 
62.454609 425.465668 -56.437580 254.952667 332.759338 -86.273918 177.624939 
15.252312 230.368805 189.478455 78.007332 148.044022 130.425018 29.548691 
5.386392 -188.956894 21.149441 125.965157 -196.183228 -15.256990 71.201141 
68.699417 274.194031 86.405174 361.685211 189.005035 33.369923 252.589539 
63.600056 274.202362 86.378075 361.906403 185.862152 28.264759 259.895630 
48.167740 274.444763 86.447868 361.691803 204.956879 32.733036 268.198975 
1.435655 190.809265 295.292328 -95.468300 114.913811 221.421051 -116.175102 
73.989296 80.971001 352.773651 5.214124 26.642147 264.324188 -26.261810 
79.244331 326.076660 286.103027 -61.227283 229.157333 210.700638 -82.182465 
64.430664 308.232819 272.569641 -29.279385 216.032608 200.343048 -56.069706 
50.283909 274.069794 86.231506 361.721161 195.574066 18.029537 258.653931 
70.316452 162.239868 -180.142059 66.674042 107.362717 -182.005447 20.293484 
335.042297 109.096077 117.455795 89.868591 47.345127 70.123306 41.400169 
46.823792 236.574936 -110.099968 -27.290859 156.547363 -126.382370 -53.553112 
42.490379 36.301853 -90.327827 28.194632 -9.498541 -101.453094 -13.494046 
63.966553 84.771637 -422.092102 73.063759 43.629074 -390.875885 23.765688 
50.375336 210.365402 -332.651550 69.902687 149.366547 -315.308990 23.838158 
228.422043 226.369232 -262.757416 64.993355 163.657639 -255.224838 17.948196 
8.171369 224.708557 -263.700104 65.317474 160.698334 -258.269287 16.940689 
72.411629 305.402405 318.488434 -6.326213 237.186493 229.775787 -35.635742 
85.009262 497.556610 -83.649109 63.221855 379.459595 -112.992996 13.263744 
79.740883 211.689209 159.213623 179.604523 157.351120 94.199097 120.968552 
62.581779 216.983032 -339.240631 64.749611 158.318436 -324.128326 16.944218 
111.428223 198.435165 271.680237 -112.916557 120.936157 201.838791 -130.713242 
469.834656 320.378448 335.708984 -94.882011 224.552322 255.476074 -116.159309 
63.839848 262.383789 177.752563 74.062782 202.585709 107.542130 31.292135 
51.699585 89.351906 -325.991180 45.508991 41.973953 -318.603271 -7.398529 
5.443982 89.572617 -326.216980 45.785305 47.661499 -320.426392 -5.460279 
8.310657 326.008636 219.562958 89.889137 226.505035 158.884430 40.600174 
68.712509 22.945686 -88.946373 37.022251 -22.200478 -100.136086 -5.163134 
86.655983 -140.145187 176.632385 108.956772 -159.102692 120.454308 61.330170 
85.626259 296.249237 -75.062706 196.212677 213.194382 -109.472672 118.692833 
156.268265 171.863129 209.678406 116.306007 127.410286 133.057816 73.121971 
75.814827 304.785706 231.926132 87.428009 196.513168 170.229843 50.717972 
81.383385 395.728271 -16.607584 51.580116 300.224121 -47.518375 0.796114 
78.033188 73.701294 392.182190 43.299194 12.020649 302.413757 -3.308802 
205.631744 -55.409966 166.479065 -103.689445 -87.469765 105.840317 -118.983803 
71.293076 265.246613 265.125031 327.325775 202.437195 182.102722 240.704407 
64.047142 304.907257 231.455734 86.792976 203.730499 169.809265 45.418961 
82.360924 297.602783 160.812805 -168.872620 210.504303 100.452454 -172.779709 
37.243172 185.491669 337.439270 219.647400 131.658112 245.577057 150.097656 
55.534805 174.343155 318.662659 229.556976 124.411774 229.932877 156.919174 
90.133919 304.552887 231.297760 87.392380 206.924408 182.538361 34.676773 
53.303806 185.301086 337.372711 219.829651 134.898743 245.612686 147.772949 
33.814537 507.539307 165.650406 393.958466 398.361145 109.761673 299.516541 
76.004379 125.025673 438.155426 178.040726 57.158577 343.384064 110.657707 
76.468529 304.818909 231.580582 87.358452 219.439362 182.874481 35.469109 
93.162010 304.771240 231.552658 87.430275 218.417374 160.300537 27.078762 
85.555984 304.797211 231.748230 87.373901 215.506256 157.995758 25.905272 
112.405029 24.926174 0.746283 49.991695 -20.271778 -23.607508 6.238224 
100.330551 100.960503 141.278976 -36.189396 38.882851 91.025742 -65.509720 
57.442940 110.683731 -38.895016 73.301338 54.246300 -54.680294 25.318062 
48.833649 225.611267 -12.107094 128.689621 160.289215 -45.555672 71.875839 
85.825546 117.870338 103.124840 85.859070 54.575676 59.518288 37.670193 
57.821747 304.703064 232.228806 86.895119 217.071014 150.824448 61.545773 
86.812096 277.261078 255.988678 24.781847 186.152451 186.045731 -11.580161 
95.137115 303.321014 231.171356 84.942596 208.297424 160.071045 32.165127 
82.341576 430.805420 79.549385 409.547363 332.717529 34.199955 311.121033 
130.464798 235.066513 196.371368 35.565163 152.089279 135.540680 -7.683017 
76.906929 605.633545 15.016849 552.848694 486.476624 -16.991190 434.927551 
53.582619 37.851330 -139.173248 349.074677 0.002070 -147.576660 261.418457 
4.579572 -116.281570 76.972351 68.060959 -133.241257 32.243179 24.673153 
53.861111 601.301025 -4.415620 580.939819 480.696930 -33.418949 456.022736 
93.618210 84.041008 101.340797 44.270287 24.935087 55.404186 -0.278096 
79.474350 168.372177 326.038025 -65.805206 104.196213 240.613007 -88.947563 
39.466320 128.657944 333.201202 -17.902550 68.927238 246.848511 -46.506630 
42.014290 -159.934143 -147.225479 175.268738 -168.608780 -157.058868 111.763313 
72.418617 297.444092 160.903183 -169.149200 205.316010 107.317795 -175.319916 
24.662563 177.828232 140.194748 123.068069 104.670609 89.363785 67.665436 
23.348927 169.819214 314.599396 -36.767136 104.177902 230.888962 -63.158092 
52.555458 601.847961 14.724945 548.728882 477.500305 -17.735260 425.204193 
103.537613 188.746567 278.998962 283.493835 137.071609 194.656830 202.291214 
77.889648 398.600983 -16.654119 51.480297 292.327209 -55.286152 2.297641 
68.215546 343.505402 -15.069388 300.235443 262.797943 -50.228867 214.847214 
53.423973 604.154297 -0.143769 575.027527 483.067780 -29.986967 451.273285 
56.877922 395.641235 -16.536160 51.506538 278.579102 -72.014969 7.322221 
13.092669 -164.205536 -129.344849 166.815475 -172.321564 -141.412567 104.389633 
36.971954 566.689270 -81.968933 667.740967 450.690094 -101.454926 532.593628 
119.285233 57.179062 96.294334 -47.363125 10.652420 34.281796 -68.383430 
22.497608 674.496460 187.374237 552.487427 544.257629 133.207031 431.941162 
5.634943 -97.691093 66.298447 23.686859 -117.374016 22.773035 -12.087454 
54.348774 382.187653 222.678101 134.866623 276.140381 158.724152 81.641869 
11.363650 -155.105743 -163.615128 158.798828 -164.300720 -171.628494 97.318344 
62.130444 326.174347 22.298361 347.303070 248.385178 -19.137129 256.558929 
42.022739 343.428558 -14.722724 299.798279 264.601318 -55.396694 214.692963 
38.575890 349.337250 -32.074997 284.174683 268.583435 -66.720078 201.130417 
48.387611 314.876160 360.417999 -101.374550 245.492432 265.502930 -115.691307 
15.472865 329.919891 5.999558 334.926788 251.552826 -33.207973 245.814911 
60.001228 296.936829 -191.443130 154.949066 220.722458 -196.729568 93.777031 
44.482758 94.401550 190.403198 63.856461 34.635738 131.198608 17.888544 
119.574165 445.867584 99.623146 430.118988 345.886108 50.457787 328.162720 
65.582733 179.191040 280.177612 155.807541 129.741562 196.831711 100.592712 
0.510772 400.477173 -267.633118 125.788536 307.681061 -261.244232 69.134758 
8.926437 15.870327 -38.971493 252.497620 -19.246946 -66.569260 177.752319 
81.198402 205.078430 240.954346 -35.821056 125.290359 175.866928 -65.877602 
48.718613 308.948120 274.030243 -29.824089 210.221771 201.068939 -55.288425 
46.910927 401.636932 -131.961533 175.539032 308.628937 -145.507751 110.646385 
45.600132 148.228592 202.278046 109.769722 79.608681 141.745102 56.576469 
4.791934 213.351013 164.442886 44.123756 133.970490 111.408150 0.507908 
74.597282 201.837189 348.623871 346.149200 148.675598 253.587708 257.266388 
50.141876 546.675415 67.033028 -20.969574 422.041840 17.903471 -55.488365 
9.046296 -11.274414 -15.026376 252.346283 -42.417728 -46.059402 177.612976 
70.159775 381.541504 55.413692 -30.114811 282.775421 3.030192 -76.091667 
83.867813 162.260529 -105.735893 326.265228 106.389786 -126.600555 237.669281 
85.025925 287.656891 187.911072 -93.823326 199.378723 125.151939 -110.184631 
88.571342 269.546570 191.625885 270.962463 188.769547 128.196762 198.692200 
70.852707 499.024139 98.146507 423.255280 391.906372 52.873528 321.985168 
64.085243 143.372131 235.722595 -142.863297 101.153610 161.938766 -150.837540 
1.906251 72.029709 -167.698746 284.945099 30.980433 -174.277313 206.358658 
63.863388 264.029388 188.965500 265.239746 174.962372 129.043503 188.558136 
16.097797 128.861740 205.211121 153.633789 60.427753 145.602310 88.851204 
76.937080 142.615814 235.713608 -142.990936 95.129341 160.808655 -149.542007 
62.484032 -157.078903 39.035233 111.595070 -167.561188 0.260583 60.495094 
94.630882 369.657074 319.706909 -324.751526 270.360992 238.926926 -308.778442 
277.490356 218.798355 179.730331 31.043665 137.553940 121.901413 -8.588111 
97.847404 282.220245 210.253082 284.994720 191.270355 146.404373 204.782883 
51.463501 63.532459 66.386597 100.544617 8.860639 27.518639 47.284103 
1.546269 -81.925873 70.186935 100.756981 -104.306938 25.856182 52.946255 
71.399117 271.651398 -197.628525 289.928467 197.843903 -203.823349 208.502625 
23.859474 155.020630 288.323822 139.893158 84.378319 213.432617 83.346153 
86.445518 170.630157 -136.732178 312.829437 113.786079 -146.266708 230.335098 
147.508133 442.596741 181.573578 319.807098 343.525665 125.070671 231.852295 
37.107174 199.950317 262.431091 -47.880562 121.726654 192.801697 -78.110901 
26.065540 -170.123672 147.703247 164.970108 -181.245361 89.229378 103.916664 
302.880280 269.505341 191.946442 271.209290 178.005249 133.801849 192.248764 
89.119080 272.105804 -197.684525 290.103943 201.038849 -195.407440 208.937531 
73.512787 278.635406 332.803497 -241.943344 193.272888 248.176117 -237.454453 
90.331406 448.399292 58.415283 469.988831 348.518890 20.748043 359.827545 
41.769978 -123.283607 2.296901 104.453072 -131.303040 -32.742718 49.815819 
1.107127 226.957565 -157.132080 243.334549 159.055878 -163.282455 169.993103 
79.214264 -134.396622 141.652466 190.455078 -148.803375 85.704254 126.995041 
43.231709 381.430145 55.532078 -30.132034 279.554810 -5.183234 -58.920940 
47.914318 317.733612 66.527931 2.902553 223.552353 13.633564 -38.172256 
19.180031 380.683685 54.995003 -26.101383 275.781372 2.132514 -58.510902 
38.448544 395.786255 68.632072 -16.629192 290.328156 15.322775 -55.256310 
63.948399 216.780533 348.941284 1.756193 161.432373 255.941055 -29.546740 
87.089973 -123.084244 3.771197 99.246834 -136.630280 -29.186073 54.827885 
52.926159 193.024323 -128.013351 321.464203 131.971237 -137.633560 237.244614 
53.331238 -104.539658 163.692688 211.570129 -121.364212 104.371017 145.915237 
31.589130 -120.122261 167.329971 214.391129 -134.741745 106.553345 148.379379 
21.215961 -105.199959 156.231812 209.776932 -122.137383 95.279366 143.714462 
4.974367 169.598587 -240.784363 104.455193 110.274033 -239.376358 48.327103 
76.978455 271.535522 193.973618 271.705170 188.274780 132.343262 199.494385 
46.192520 381.566650 55.565674 -29.844969 271.572418 17.729704 -58.555508 
53.686966 192.843445 298.110077 351.834625 141.085770 210.708893 262.028442 
74.453445 275.593323 331.163361 -231.042328 191.609512 247.000656 -229.960251 
149.341019 322.446442 -115.944450 304.445648 241.434402 -127.022018 216.783325 
74.208115 149.476166 256.577850 144.285080 79.482010 186.069031 86.567894 
51.561954 207.912933 -339.406647 283.233063 164.434875 -324.091217 205.947632 
95.392937 345.494904 387.375488 -262.141449 250.577698 298.358124 -255.021912 
71.473450 322.720947 -61.854107 192.987305 240.852280 -87.928543 126.486404 
74.749321 93.419540 322.664154 94.522995 35.951904 241.887573 41.973923 
64.769165 86.034225 326.107178 92.219917 19.482729 249.600845 36.829529 
107.671982 178.379608 -223.629990 285.188354 116.597389 -220.465561 202.299454 
9.690271 213.286194 335.447021 344.458069 157.627731 243.515060 255.732803 
63.415401 -122.442436 1.583829 104.469040 -129.972153 -31.277040 51.888042 
43.625675 312.143188 227.667892 88.386307 211.405106 169.061966 36.636211 
0.062296 459.861359 -47.567162 198.240646 352.245422 -84.891006 121.339340 
69.007294 249.817474 -77.358810 312.851959 177.832321 -89.995491 227.647003 
59.368408 71.065102 -239.990921 386.220276 25.788860 -231.295349 291.303802 
94.126114 249.341614 -77.301971 313.727875 178.728516 -96.823174 221.764633 
69.695915 164.109421 -202.915497 280.557587 108.961060 -201.031738 196.582718 
40.601494 69.130623 -238.402435 387.490753 28.211761 -233.572342 289.474915 
52.262566 345.744873 333.447388 -268.640106 248.204117 245.160278 -268.715729 
48.657787 345.875366 333.511658 -268.691650 249.907303 257.405365 -251.541107 
10.199003 208.491943 336.096954 343.672180 154.886810 244.219879 255.328003 
85.374245 -190.794662 156.164093 232.029831 -198.409882 96.217239 163.278229 
67.590889 462.064758 -18.219809 429.150085 360.334076 -44.722027 325.212280 
91.743050 237.086929 -113.281151 313.901978 169.240112 -122.452995 222.799393 
31.247051 345.377594 333.376556 -268.530518 254.047211 256.071869 -259.570312 
2.787684 -51.228340 161.326599 136.939789 -78.515953 101.123993 85.095360 
70.835396 -169.537735 112.556328 198.286179 -180.298981 59.806301 133.341919 
13.176255 15.455312 485.910431 365.845856 -12.075257 373.353180 273.592712 
19.508757 -122.734177 2.565508 104.165596 -146.172348 -32.432320 63.789894 
29.025846 207.209732 -102.190109 336.995514 143.251862 -115.653442 242.594330 
127.989189 235.526108 -151.777512 162.063034 168.947449 -158.679367 95.065659 
68.696602 382.254089 188.701050 115.638077 276.099976 130.121216 65.419289 
360.742706 311.881927 -204.092636 232.356689 233.229095 -203.371368 156.148758 
26.244059 -123.121170 1.784646 104.913345 -135.329178 -37.027958 50.121483 
82.062798 -122.576904 1.785476 104.653397 -150.383896 -25.375534 55.789913 
23.580772 -82.868347 -16.773785 94.569099 -102.811264 -46.408543 46.672878 
56.493649 267.273529 277.691376 -252.964386 183.452560 205.158157 -244.435104 
57.136429 131.543793 -125.524208 119.148712 77.384079 -137.495041 65.139191 
43.493389 9.241789 273.301361 149.091339 -40.217415 201.702225 90.385796 
87.049644 183.856644 -125.963882 357.390350 127.974670 -126.940437 261.151642 
41.778461 227.894653 307.260071 14.775363 170.716995 220.917572 -18.612242 
26.767553 -226.635880 42.280254 86.656181 -234.737259 -1.070474 39.915092 
39.541252 -223.677811 44.059376 86.715508 -221.572052 6.808583 40.164398 
24.500504 37.831921 -139.232742 349.053558 -6.005112 -160.558197 251.218231 
26.853407 136.646164 -127.887802 118.256157 92.501320 -144.502029 62.494705 
23.467443 224.984695 -102.603333 77.233261 166.308838 -120.003914 36.015938 
11.106791 224.944016 -102.625298 77.212906 150.578064 -116.540550 15.254654 
7.854406 15.480623 526.811279 382.791260 -12.154564 408.986450 288.440002 
77.594208 140.152008 -70.408791 416.582855 86.456879 -91.455742 317.479889 
6.837758 246.174988 263.297485 -0.860085 187.196976 181.597824 -32.652454 
27.055861 351.947174 48.261971 114.878349 267.445068 5.444396 62.333809 
42.055523 39.466877 239.041916 217.115631 -14.343225 172.419250 147.918137 
71.706787 137.147858 269.430878 -24.153612 76.810852 192.854614 -52.453793 
54.142067 328.005554 377.458801 10.428361 256.460541 279.791290 -22.110966 
60.661945 360.226257 411.343658 22.759655 284.854675 309.757446 -11.207785 
17.311131 1.244152 -125.007599 348.297119 -33.497776 -139.397369 258.137146 
218.265869 159.031723 -42.846161 141.927902 101.648483 -72.746979 85.273590 
64.736183 249.702454 -79.095528 58.735359 181.359543 -101.711456 13.897759 
53.907871 279.942444 -1.608138 112.941978 203.737183 -37.336433 61.728699 
104.716331 187.526352 -92.009331 353.253815 128.613541 -108.997238 256.174408 
31.604322 272.866730 2.686257 115.464798 199.210724 -34.672375 63.443317 
94.633018 217.060883 -103.123466 320.873871 152.367355 -115.781448 228.846375 
30.634035 422.076660 -87.029945 441.095032 325.662689 -103.916138 335.405945 
46.428192 154.654144 -44.842762 304.106140 98.676178 -69.630867 221.184814 
72.995682 247.150696 -187.682144 433.170898 179.527954 -189.784088 328.721954 
59.165215 160.063446 -178.626419 189.103195 104.242287 -184.886978 124.839104 
100.645317 -69.734329 164.761902 155.831589 -91.849014 103.986420 102.925964 
435.824066 208.370102 -339.491547 282.550568 138.107956 -326.593170 199.563660 
87.729073 217.753967 -133.087097 217.953094 153.199326 -144.967346 146.618240 
30.783834 166.532394 -17.408453 327.248230 108.829826 -45.195271 241.284790 
465.868225 122.331230 -272.171539 407.750031 71.497810 -265.857880 309.794708 
71.640839 174.561646 -320.927612 394.352783 117.096504 -308.610077 297.998566 
32.825832 -13.893628 302.683411 274.782318 -57.808109 225.726547 199.501755 
92.029915 198.640747 -352.065125 265.740845 138.133423 -334.072235 188.632782 
42.599388 -13.727909 302.559601 274.714203 -62.436447 228.859085 196.627457 
41.054035 -3.944397 292.798523 289.439514 -52.871891 220.213928 209.114136 
38.569141 209.960602 -296.304565 214.647949 146.712128 -286.750671 142.857117 
40.196835 -5.110059 292.561096 288.689697 -52.863277 218.490128 210.127151 
47.607861 57.463718 -165.780334 469.761169 14.556183 -173.900909 364.637695 
58.027988 243.759918 -293.649261 283.612610 174.119522 -280.077576 200.744812 
19.473955 201.661514 -298.922638 224.365829 140.172928 -289.426605 151.122421 
98.802933 352.161163 240.050552 -251.393585 255.845001 170.633957 -246.018250 
142.850403 -193.487366 102.164246 74.928314 -201.898926 52.348335 29.753857 
51.155262 -48.044495 134.057739 151.506638 -75.100700 79.946808 95.255600 
25.645586 403.965271 138.203247 -299.922241 299.902618 82.721123 -287.700958 
54.811012 208.315933 -327.814789 273.862061 143.866943 -316.717407 196.966446 
10.195048 428.544708 -162.567657 260.281433 326.983734 -181.799210 175.093292 
49.540207 -7.159476 217.340714 122.637077 -43.610447 161.077194 69.262550 
88.769470 -71.071869 -132.484421 617.825134 -97.187553 -137.578140 490.363586 
23.506577 -48.019611 134.071075 151.585373 -74.723129 76.446999 94.682007 
39.744640 335.146973 280.013977 -338.726929 241.373840 206.476776 -321.565369 
72.402763 310.847290 -328.277863 314.453491 233.569763 -310.478088 228.244583 
60.271500 358.350250 -354.932678 290.555023 274.390228 -333.606934 207.449829 
19.712074 -6.146915 215.431534 125.300461 -36.396687 141.903610 80.809006 
16.611954 342.313873 285.688782 -349.130676 247.149506 211.078384 -329.803711 
50.809372 -7.190680 217.521759 122.695114 -38.474068 140.529678 67.810989 
35.608635 -29.081364 294.050079 135.347992 -60.550583 220.317047 81.649139 
17.334370 184.191010 -126.849464 356.698547 116.947701 -141.719559 259.238037 
19.540388 238.962738 216.917847 -524.043030 163.251633 154.582901 -474.952942 
96.496605 308.950958 316.607483 -339.123779 218.864578 237.507248 -321.816101 
16.717810 237.441406 205.519684 -566.816284 161.990280 144.744141 -512.182861 
1.895488 488.558502 290.060364 -107.019226 372.364227 210.916245 -125.872742 
107.068443 -83.214935 169.969513 170.712021 -137.869980 92.491898 124.931503 
77.312355 -61.023273 181.954315 161.938919 -87.684326 119.116661 102.134552 
65.193329 208.674423 -214.070435 448.967438 145.069412 -207.584183 340.705933 
90.375259 363.029022 158.016495 -282.443329 264.060089 99.919998 -273.013519 
83.761116 269.782410 -9.728765 106.673042 196.324829 -44.218616 54.705837 
12.069915 190.051620 69.769379 71.278145 128.847412 24.298641 26.101566 
81.580597 -132.960098 109.747482 161.485107 -147.481308 58.506840 102.214371 
248.521179 136.033844 -33.870571 373.950439 82.373466 -57.877117 276.202515 
496.882629 -61.235554 182.914154 161.053574 -82.077728 125.473152 100.893478 
130.195602 184.726013 -126.820976 357.592926 125.647148 -134.813599 260.796295 
79.754967 318.824738 121.186676 -223.172119 225.952988 68.132088 -221.240280 
65.470093 114.726929 -66.975815 224.992676 63.538536 -85.572739 141.549622 
73.373032 114.552139 -67.262466 225.600189 60.829334 -89.510895 163.860641 
51.968983 52.387356 -278.569855 554.150391 10.666900 -264.549622 434.451050 
15.357460 67.359413 -287.848938 561.412903 22.069418 -272.297089 440.434296 
16.483122 67.821800 -288.900940 560.521667 24.116491 -273.213776 440.013428 
64.524239 63.716660 -124.222496 477.019073 20.093044 -138.889557 370.264984 
34.821014 88.605988 -263.423401 566.246521 41.515293 -251.532074 444.871765 
62.639069 325.040253 142.899475 -308.769073 236.105530 86.901138 -295.146271 
41.073368 110.321068 -128.654907 344.511688 61.074253 -139.720383 251.376205 
37.084770 114.802055 -66.920197 224.961548 74.737427 -91.056900 147.999313 
42.482704 109.318306 -134.487305 337.224579 60.238060 -143.344696 246.316650 
68.343918 234.792374 -149.891693 370.740540 167.169006 -156.138565 273.268982 
63.364250 -13.457847 -180.427521 552.760925 -47.217926 -179.140717 432.885925 
88.220032 208.433395 -339.971558 282.751678 163.182922 -307.471619 206.692459 
141.760284 -99.619171 183.112640 185.935394 -118.758675 119.281487 123.400986 
54.514130 321.041351 143.124710 -308.883728 223.981110 87.606674 -295.463593 
35.044270 357.525879 162.546112 -290.503448 260.845123 103.527229 -278.612610 
22.686947 113.655846 -51.399784 561.929932 64.043999 -74.345345 445.965759 
121.970467 165.516418 -333.176697 251.665009 110.337959 -316.030792 172.530838 
31.752316 115.419365 -67.646416 223.542282 65.654343 -84.953651 150.220078 
32.950184 148.650574 -192.092361 467.066010 93.394196 -188.952652 356.489838 
18.018478 113.647255 -247.561752 471.187866 63.135994 -236.768814 360.373840 
55.208889 156.569458 56.918858 319.164856 100.640724 18.078648 233.406693 
64.136292 97.573311 -124.406464 295.978210 49.991859 -136.972824 210.096619 
89.166351 354.509033 -156.865891 467.954376 270.947357 -163.354462 359.084229 
199.758713 241.410431 -102.810341 212.087860 173.063400 -118.391716 141.680878 
92.967461 189.659622 -265.014496 316.470673 128.582367 -259.297607 230.220856 
209.424362 142.259888 -153.018097 225.536057 88.968414 -161.645203 152.866653 
86.083862 221.889801 -147.005890 239.176102 156.148712 -156.136108 164.047211 
15.660768 304.205017 -230.168350 447.739258 228.556641 -226.936813 341.596741 
