8.114315 112.820366 -426.545807 -53.525764 64.155624 -410.973053 -84.146698 
531.228149 10.428965 -38.855904 626.169128 -20.271318 -82.219696 492.089630 
22.280993 32.157196 -478.464630 58.051277 3.357833 -454.076721 19.300442 
526.865051 4.606297 -25.925856 634.642883 -23.607258 -75.044479 497.016937 
1534.517212 -144.544876 -402.613739 -14.455859 -139.338135 -389.768585 -48.933056 
63.088520 172.929031 -256.964203 75.114418 124.964806 -268.480774 17.107681 
51.193348 111.916466 -194.732010 206.021301 72.159103 -218.389633 124.397331 
65.507515 174.450516 -240.877182 81.456421 130.217514 -259.644897 20.021326 
39.761818 131.095245 -209.171661 178.863739 88.990883 -230.991440 101.582954 
70.325806 172.975830 -253.945297 72.590721 118.371239 -290.467773 25.353577 
56.631363 172.542145 -254.226562 73.080521 137.238663 -284.037933 29.453800 
66.639915 154.203262 -260.511139 54.243145 109.976326 -274.993195 0.357484 
66.582779 165.780426 -237.937683 24.556763 119.690277 -257.206482 -24.992764 
57.701401 177.161469 -256.934845 69.790138 126.344429 -264.920349 17.574270 
86.846504 126.984810 -240.177704 32.190495 83.071884 -257.901794 -21.610506 
41.976852 176.655014 -180.447830 65.524155 128.898193 -201.887817 8.565781 
68.855766 172.574158 -253.174011 72.744370 125.716431 -275.282837 15.919406 
61.005081 172.265884 -254.035217 72.939850 100.955887 -270.943329 8.577195 
47.316391 173.584839 -253.701233 72.060532 135.444656 -279.064178 -4.351237 
93.821617 125.286377 -252.906830 132.215408 80.819534 -268.675537 71.055634 
74.055054 163.561996 -255.705765 -103.237587 97.012543 -249.711227 -122.627182 
100.310783 137.812561 -226.045227 -64.533554 82.745865 -233.438766 -89.100464 
110.612358 172.263535 -253.947067 72.775688 151.141647 -264.799408 27.325520 
184.528137 172.309128 -254.062164 72.885262 113.442139 -254.774857 6.800484 
99.120575 172.289093 -253.275864 78.542320 126.798141 -269.189178 9.406972 
67.923553 160.172897 -246.868927 -92.340714 97.623611 -249.041306 -110.897354 
126.025848 137.280212 -225.544495 -64.374527 73.887085 -225.447617 -82.385094 
60.448421 163.472778 -256.095795 -103.698708 105.072914 -262.682495 -116.638954 
20.467089 93.011002 -256.155243 273.428345 55.672897 -266.115631 183.082779 
26.525383 -356.615326 -72.651192 541.591248 -330.729706 -110.994141 422.188263 
52.200424 -178.068848 -96.751610 371.681122 -178.090012 -128.346573 285.274261 
485.668579 -198.015701 -60.353149 386.298340 -187.641907 -95.481285 303.052795 
185.413422 -234.252686 -55.837318 391.281464 -241.717239 -88.771759 303.283875 
293.299286 -197.366730 -65.802216 382.032898 -198.373291 -99.927429 293.145416 
310.878052 -198.114685 -60.380711 385.891174 -207.665894 -88.891411 290.286255 
274.444092 -213.632721 -84.040710 371.055481 -212.410233 -113.798500 285.034698 
28.516537 36.170696 -201.899292 55.038277 11.562249 -223.918259 4.155608 
95.516441 -205.295959 -63.608364 367.454529 -205.152771 -96.196487 285.215393 
259.808319 158.522415 -279.111176 278.949768 101.692749 -273.833221 206.802689 
70.271927 250.980637 -313.298981 35.641148 179.035355 -333.761047 -11.709218 
682.207092 108.896721 -281.751678 223.988281 51.991161 -276.426331 152.443024 
96.639351 117.444855 -4.205887 18.737196 46.109829 -26.029799 -34.568775 
210.103180 112.587540 -3.941359 19.653215 43.659721 -26.629246 -31.303791 
272.319733 115.093063 -0.399528 20.633490 50.413982 -14.396020 -31.547312 
200.870361 116.808525 2.559626 20.216099 43.356674 -31.853762 -35.423378 
126.430672 104.226921 -8.289520 14.316597 49.805607 -22.690928 -32.385307 
225.697861 90.692986 10.326373 57.290337 30.447824 -9.209345 4.897407 
10.437791 93.928223 -256.020996 133.045853 51.911411 -262.341400 77.235161 
171.720657 150.649658 -11.770971 -2.636517 97.033936 -33.529644 -57.826324 
100.221527 157.314896 56.099384 128.238602 102.419930 25.932737 61.569176 
173.126587 115.948967 -0.051358 19.671522 38.695419 -18.150490 -27.610979 
103.717255 116.292854 2.143722 17.173122 67.266754 0.222661 -60.408436 
357.627258 -127.465767 341.097656 47.629948 -153.727600 271.207184 5.660244 
99.656975 133.706299 26.366394 117.198631 75.864456 -13.907429 58.384388 
353.789764 114.696777 -0.051774 20.727335 56.611641 -22.078754 -20.536047 
147.153091 114.932617 0.125647 20.380638 43.455772 -40.525795 -47.464085 
212.693695 122.397644 38.657700 -43.489361 57.168568 14.714532 -81.148575 
56.310188 157.346405 56.030247 128.304352 81.450806 -6.185465 88.518517 
120.250610 135.245102 129.543625 213.699707 68.852600 89.989059 138.035828 
96.297829 122.871559 19.089409 168.083191 56.207298 -5.656941 97.939682 
256.357849 530.721924 74.792648 203.525314 441.524994 26.542755 143.116730 
117.881424 145.970871 45.869534 63.470810 80.970200 1.720214 17.232471 
431.008728 47.517273 216.290497 41.997856 -1.971382 165.799927 -2.422675 
268.366425 -156.869614 321.932922 85.006088 -181.792404 252.886459 41.258678 
162.409729 19.920403 244.465057 24.052973 -26.717911 187.583267 -17.893251 
10.925844 274.037628 112.556625 -71.359772 187.560608 81.213982 -101.776588 
0.763070 149.428085 54.375889 60.058193 80.142136 25.914278 6.082497 
127.812782 139.047409 -10.464112 115.572662 70.154198 -40.231186 68.434158 
286.423187 -50.780342 351.593658 24.829779 -65.197098 282.809784 -16.259670 
97.592079 24.364632 -127.684914 318.776672 -15.878331 -147.379089 245.796112 
253.110382 -62.087246 425.914886 34.179512 -71.375191 337.139984 -0.438851 
123.172760 116.055450 0.879160 20.379051 46.740791 -21.058966 -32.578564 
118.307701 139.155045 2.300030 106.144196 73.714699 -24.339983 56.527489 
125.730492 373.703918 -250.104080 94.280640 298.133850 -256.050751 51.335342 
88.992325 378.170380 -300.636353 74.010315 304.825104 -301.148834 33.757294 
636.450989 137.752457 24.236916 107.726280 75.169952 -6.621169 60.299809 
112.216156 123.114967 39.044014 54.402866 62.995369 6.767728 15.759591 
144.707062 266.651855 -336.499329 3.089875 200.880157 -320.468201 -50.092251 
159.213516 308.026215 -263.564606 111.176262 236.894531 -255.530746 83.454948 
4389.939453 293.598541 -68.936073 42.720512 234.492889 -89.892700 7.256811 
206.283768 259.808258 129.753494 -57.737637 180.393799 91.861061 -96.369690 
73.349792 154.763351 39.259590 88.568130 90.038506 5.431727 43.864773 
70.749405 25.147036 -127.771950 320.295074 -10.813465 -146.659485 250.065094 
117.398415 270.976562 86.090279 -96.555069 185.453583 58.139008 -126.205643 
85.661362 141.593994 33.757465 104.024940 74.097992 -2.825690 49.889515 
110.737534 282.236572 -359.512054 75.274300 214.765396 -353.176880 33.494408 
94.448181 161.318848 27.399446 83.960457 93.400780 -2.119926 42.013817 
120.370743 307.760803 -263.502960 111.094910 228.062851 -274.685699 55.392536 
394.793335 267.640594 134.672882 -59.704475 173.944534 92.388847 -104.471596 
161.324417 209.736343 43.718491 58.389309 148.007797 13.377694 9.820908 
59.866463 171.754044 56.409779 -13.048777 107.145424 14.463776 -43.447292 
305.729462 409.337860 -321.890289 103.354713 334.013092 -320.638733 60.124802 
65.340797 152.453018 31.535879 115.222031 83.969955 1.758927 65.663239 
147.143082 307.772583 -263.493896 111.157623 249.028702 -273.449066 59.699421 
230.377258 126.549240 -10.356990 108.694855 90.094086 -50.799641 66.533577 
78.570976 113.677544 -230.317520 125.738708 70.270500 -238.787109 70.309715 
228.877777 309.665039 -263.380035 111.819420 243.412964 -269.635681 67.583389 
60.043411 -1.595928 -89.598595 287.464264 -37.345680 -110.417458 216.199600 
53.884613 33.957550 -329.523041 309.520874 0.966036 -332.102448 231.896149 
267.287354 138.105545 67.725075 120.358444 75.341354 34.628799 72.003601 
187.195206 238.398010 33.739174 -39.774166 159.678635 10.518512 -80.377151 
169.399139 141.726990 33.336086 104.425873 75.785828 -2.944570 63.516689 
83.262367 138.669098 -27.751108 116.348007 73.858170 -50.206539 67.984055 
69.780663 100.745178 1.909099 310.182404 49.970795 -38.627106 232.193466 
69.456772 143.905579 39.321251 117.189293 81.834869 5.010972 67.150314 
363.029724 267.832397 132.258804 -70.624298 178.093277 95.379204 -98.394981 
297.279755 266.061340 129.806061 -69.160477 189.744247 100.139069 -107.224060 
200.807007 142.007477 11.704045 102.167824 76.735565 -18.162102 57.766445 
482.519867 266.477631 133.398468 -60.519432 191.713501 104.827377 -96.428818 
878.992920 97.811546 -250.240173 75.633583 70.292618 -242.330719 34.981628 
64.875076 146.366257 -5.683870 35.618080 77.077591 -23.483028 -20.025475 
79.565643 98.087631 61.876881 3.345386 36.166832 27.648619 -43.209625 
91.478004 22.201962 -129.311661 322.838745 -13.294548 -146.560852 246.336655 
416.669495 126.346237 -10.775490 109.839561 56.688988 -32.059349 57.907139 
1796.128174 249.508286 -316.834930 36.949532 183.230591 -319.860535 -9.674870 
28.107843 161.926971 -17.135860 26.516747 91.418098 -33.912701 -26.075331 
484.056702 450.694702 -4.766422 131.217896 371.093628 -35.145012 86.308159 
68.068390 -105.211624 -213.092072 75.894608 -107.981995 -218.488602 33.502449 
149.028412 -50.741619 351.242798 24.887615 -56.157001 253.759079 7.013263 
73.449989 -234.200394 122.635849 193.925964 -244.060333 73.271965 135.550156 
70.636284 -81.073067 -206.173096 134.985077 -86.697975 -212.131592 84.461067 
47.528919 100.673164 1.798636 310.207245 64.949776 -15.017115 235.586319 
590.201172 -80.802574 146.414383 157.510040 -109.673050 93.333115 104.384987 
493.939056 385.561005 -99.742966 173.829102 315.327057 -112.777908 119.885498 
75.403030 -93.398201 -207.266693 101.173286 -97.660591 -213.324402 55.152763 
112.514832 116.782104 2.612767 20.348362 59.383678 -4.038805 -7.575828 
118.057083 116.564316 0.102381 19.849699 62.428661 -18.948689 -1.806918 
356.559235 -162.212372 409.571747 -101.846313 -158.813660 322.305939 -117.633911 
379.326599 269.757446 86.615059 -86.432182 187.645340 60.814075 -119.961006 
22.829065 98.790588 0.890310 310.008972 56.563545 -28.888800 232.761826 
1389.745850 -113.484856 -315.079224 14.951584 -115.938667 -306.316498 -16.196783 
0.011308 105.723816 266.124878 -95.122017 45.132576 206.526382 -123.829178 
262.007996 49.932545 25.039913 48.756882 0.924082 -8.987148 13.968756 
103.113129 63.618443 -128.356079 268.098297 20.061977 -141.674469 199.061310 
146.191498 117.041931 -0.285849 14.342266 48.291607 -11.025256 -34.777958 
80.920341 243.483475 -314.205322 38.404816 124.303116 -294.286469 6.549726 
81.332024 4.111913 73.435204 98.680466 -41.636406 41.533234 36.707626 
583.475952 246.188843 124.237495 -55.062153 162.575150 90.799706 -93.243034 
154.906738 120.377144 -214.383667 -94.685173 64.293167 -226.766830 -113.811455 
12.415420 384.902130 -92.765846 181.014648 317.657318 -114.149803 122.414574 
119.699326 128.511856 16.441566 -21.785196 60.963783 -5.856498 -62.712612 
1424.098755 107.638596 -225.586075 86.217300 72.790520 -226.544205 46.814732 
446.227631 284.779846 78.319725 208.379593 224.624603 27.428205 147.223099 
90.691086 116.627594 -0.667906 20.001831 69.973381 11.622462 -12.550263 
2.330571 26.285200 115.448830 73.226471 -25.730320 74.499016 25.014599 
55.070248 60.209358 137.644165 66.739769 7.670496 86.867050 15.762557 
76.520386 272.727722 -218.746796 208.643692 212.167435 -226.786270 142.826004 
20.001036 60.498203 137.481064 66.557487 -2.027697 103.194557 28.826580 
55.522301 274.739197 -232.203857 162.693787 213.824707 -239.387283 100.343498 
314.479767 272.081696 121.349159 123.845291 185.882782 87.150917 62.674362 
37.503315 60.250740 137.733124 66.720833 12.115618 106.795830 18.828665 
56.750633 258.868713 -179.307739 271.303741 200.527512 -190.831711 201.500305 
138.762451 272.084442 205.137634 175.476868 215.610123 144.900162 113.174232 
41.304741 133.997925 311.320496 26.194510 66.434296 244.736115 -18.268263 
141.501709 307.455231 185.948410 -119.189987 218.124252 142.992020 -147.746735 
115.196136 257.910675 -423.553894 217.960495 198.151031 -410.721741 150.929184 
73.143967 266.656036 243.118271 156.406525 214.669479 175.923416 103.882973 
100.655922 155.060394 -286.717499 181.344086 104.611191 -284.364563 117.427406 
135.501709 -203.331055 71.578217 29.498402 -213.361282 36.652378 -8.427821 
80.828850 71.121712 53.296906 62.274521 18.568577 15.418534 26.880737 
46.657139 75.949005 9.043826 -1.498780 19.349510 -9.607096 -44.554329 
81.537895 222.713715 234.094086 123.906174 173.402344 168.139725 72.231438 
479.260864 -222.296738 51.496616 21.621269 -238.086700 10.539851 -18.770012 
77.689499 135.476913 -238.669632 175.715332 86.986488 -240.739807 112.058586 
24.239553 -136.476440 101.240540 147.102783 -160.202698 58.634853 93.434792 
82.620506 410.865967 17.322571 149.377411 339.687103 -17.417299 95.467117 
149.729889 -191.685181 43.499359 43.663391 -197.755402 0.050783 10.294381 
183.634811 224.032501 87.596046 74.802177 148.704483 43.570633 32.323959 
100.346863 272.381897 205.205841 175.619431 236.115402 141.345871 129.877197 
1705.000488 187.793533 -222.580780 64.109589 150.036682 -223.500046 26.370001 
75.438171 258.425842 236.782593 168.906937 208.157578 169.781158 114.764687 
134.166367 -120.743172 -11.366903 77.524681 -136.186783 -49.237270 37.475063 
153.891678 -33.138840 317.297211 69.992714 -80.540276 251.148468 25.025452 
165.278229 218.458862 170.346497 142.445038 143.376770 129.865219 81.050957 
120.638214 -34.447956 -94.606125 139.355301 -45.579418 -116.109703 88.191292 
100.550026 53.360023 -64.576019 67.890556 29.965706 -89.843201 30.823458 
98.802231 174.712372 -161.643982 207.021591 120.768051 -172.159454 140.950607 
89.003670 271.734650 203.397491 175.782059 224.131668 143.179718 124.447594 
118.191467 -44.030079 -184.004608 120.693596 -54.723202 -193.368103 72.151306 
107.304390 169.605881 -47.464691 147.931229 129.016006 -78.560829 98.190468 
156.767715 110.271240 -209.744736 287.783112 70.697189 -217.176605 209.431992 
52.186195 44.520447 32.857559 78.139954 -2.518342 -12.107610 36.508366 
11.967634 79.217659 -192.784149 61.951221 57.750446 -196.905365 23.536819 
335.565613 -38.214394 290.846588 68.550575 -87.859978 222.656494 25.525976 
1.124693 269.876312 136.478134 -61.258244 183.252716 89.333427 -94.229523 
64.482544 170.079163 -167.990524 207.524368 113.511345 -190.896378 145.065140 
77.626518 102.759857 111.110161 27.129725 49.734974 74.963890 -9.204129 
73.518410 272.551727 204.664246 174.962067 222.457916 146.640121 115.159546 
638.656555 194.401016 150.049194 320.016846 151.432190 109.138176 244.403290 
46.143299 99.589561 -21.396214 64.916130 48.683689 -51.566265 26.566666 
976.092346 246.435776 -93.615021 279.401550 200.817551 -112.469353 203.434387 
84.823288 272.360107 204.951660 175.490295 204.099533 125.017822 127.789398 
647.386108 178.078262 -108.984283 351.534088 126.136581 -131.020325 282.929382 
13.517016 251.277847 -133.010544 206.291275 202.814590 -146.381500 146.824005 
74.347672 259.581940 207.600433 159.296204 206.684875 143.814240 103.516556 
840.937256 202.277374 -58.853413 318.223877 152.298508 -75.854996 246.057434 
147.538956 187.307404 -16.094748 199.978531 162.514160 -32.301956 138.146637 
142.190292 207.213852 8.904276 292.733032 161.989273 -28.852421 217.680710 
264.109192 44.031708 32.366100 78.598450 -6.741825 1.607075 39.626247 
120.071922 -62.257591 83.137398 40.384556 -107.747658 50.231384 -6.365541 
76.161217 170.174469 -167.904526 207.490677 124.551414 -160.396088 137.596771 
76.976036 143.913513 59.609631 155.137466 82.177994 18.167759 93.559074 
61.064785 238.342239 -296.140656 -17.632830 187.183685 -292.285950 -42.120987 
123.390732 187.297821 -16.127760 199.953674 125.257019 -70.015213 138.184235 
320.418610 212.417221 -106.613014 344.756409 164.893814 -125.209541 268.502228 
784.554626 -62.901451 15.729265 52.984123 -96.850716 -20.993898 9.676821 
21.851423 164.378525 101.883781 124.711922 96.560051 59.557751 76.625290 
193.834015 237.296555 125.996452 -64.010582 162.275787 90.396942 -97.079239 
969.363281 293.136261 -90.891304 276.786987 250.735016 -110.925819 201.163330 
156.460968 -8.994154 334.526794 48.583755 -52.545647 275.517334 1.327889 
77.741676 350.672699 98.894066 179.771866 283.267853 45.404747 119.522232 
123.976425 91.609894 -118.952545 68.331238 65.729469 -132.647598 29.733963 
60.271202 80.577438 -177.390625 84.666084 57.425335 -184.185638 41.597252 
21.650700 237.437103 125.893089 -64.093384 160.378448 99.136276 -74.269241 
887.028015 241.174835 -52.772190 310.863586 193.341583 -75.933037 235.812103 
75.968323 261.971802 -172.905182 155.074234 209.934296 -177.514267 103.162323 
89.870117 366.784973 -11.100549 252.648468 298.713348 -42.617050 179.330734 
68.626167 -4.051568 -203.184143 157.900482 -34.787121 -213.978897 99.162903 
71.739227 249.373779 -141.618561 200.853439 204.432648 -148.260696 140.981262 
38.020683 8.400217 111.657707 108.064247 -8.133163 63.562420 64.575546 
124.169930 128.012360 -230.378754 208.607452 88.848679 -245.763702 142.669830 
264.826538 -171.667511 172.433716 180.495163 -191.174622 117.103836 127.378296 
85.888573 -40.438843 52.706215 -4.538133 -76.854202 12.610339 -32.719963 
66.510353 -41.049408 54.988972 6.479268 -81.219704 15.568130 -24.483208 
81.022583 128.357666 -231.628616 207.421432 86.582420 -239.546295 134.818909 
69.751152 249.782654 -141.304306 200.363815 195.308655 -152.416367 144.312988 
86.132500 315.334564 145.578262 269.964996 254.297028 93.355003 195.937592 
97.954041 314.672272 146.265549 269.016388 253.141708 83.053185 197.285767 
31.659452 -40.998566 55.025341 6.425901 -68.917816 18.270308 -24.687023 
4.770376 272.271393 261.890564 116.089035 186.235489 208.328003 55.561848 
132.321228 48.790970 -9.856462 135.133423 33.898075 -43.588715 88.937653 
153.123032 128.767136 -221.076416 283.050720 87.215057 -233.578583 207.568771 
52.741608 54.581905 357.722260 -76.969849 -8.035755 280.229584 -106.884872 
1.924156 91.205841 -137.488754 110.134041 61.589924 -147.087692 61.977280 
67.520256 43.206223 97.914864 163.957901 24.412703 46.097286 109.187263 
50.335018 54.706627 357.813812 -76.985023 6.667634 295.401825 -106.011818 
76.453239 -10.651136 -2.817059 130.019928 -27.517445 -40.266079 79.638306 
66.376617 -89.297745 136.345245 95.351250 -93.224625 84.986450 53.779449 
87.056480 239.273697 -294.120911 -16.761747 192.661377 -298.507202 -50.717216 
87.300690 78.456039 36.284328 140.472733 26.888634 -1.774983 83.377197 
819.161682 248.676987 -286.419434 134.261185 198.629852 -275.031860 84.460182 
260.479523 111.027428 325.118591 159.065125 73.161011 245.196762 100.712448 
74.304886 76.361618 -47.959393 119.512459 51.793728 -81.361031 71.998055 
82.824120 28.114178 -36.298100 122.119209 4.033052 -66.392044 72.519218 
269.394226 38.625050 -12.749623 131.408554 12.243261 -46.920559 81.275627 
85.910988 23.379082 -15.511486 116.126755 -0.217112 -48.570946 66.048668 
72.449539 218.196518 145.701370 -42.526508 147.654510 102.598419 -74.270874 
70.306938 39.543961 -12.525482 131.955704 15.621306 -62.170940 81.477669 
41.682873 166.400711 -53.291054 143.142624 121.114746 -84.645561 86.778488 
56.941505 84.662636 93.874344 33.090317 29.767382 62.233475 -13.000241 
170.280548 24.180979 -15.140537 118.252998 1.293503 -48.614388 71.910568 
291.923828 -11.731701 16.008759 45.453064 -43.113754 -16.245768 4.515855 
0.375780 356.769562 39.908970 189.968491 291.420685 -7.196493 131.496765 
0.532096 -11.609174 181.247894 79.374611 -56.052895 132.598343 23.037504 
67.735664 -134.785400 -76.985725 13.739249 -151.966614 -110.233116 -29.902714 
50.841267 93.636665 151.433075 -7.025404 31.371092 105.292511 -50.035862 
1.695474 138.251297 26.971327 106.276741 70.038071 6.727211 66.261841 
80.787811 35.021446 83.921303 108.715599 -13.602638 42.084045 65.564087 
55.744156 115.949066 31.625166 22.675051 64.539673 -9.304191 -15.950895 
46.531673 49.601582 253.546707 21.188578 27.356092 186.991074 -11.380498 
60.539608 179.653122 -215.692322 102.339302 138.275101 -219.686722 59.567947 
95.799927 239.076721 -294.629272 -17.561382 187.471741 -297.761597 -41.640160 
131.288040 268.890747 49.828995 301.151062 214.716843 5.658510 224.383118 
157.399612 -11.769558 16.432199 45.181961 -69.327477 -12.565777 21.123583 
59.283676 52.407875 157.931534 68.513695 1.734706 116.961151 21.487198 
117.787422 258.263794 115.267876 250.032471 204.349884 60.683796 181.035950 
65.635529 267.543152 85.405617 202.342178 213.745804 34.784504 139.534424 
94.240639 156.868515 -434.863220 16.439157 105.398842 -415.732727 -21.282787 
0.544295 52.519585 71.020897 139.436340 4.682220 30.043459 88.862053 
51.264919 76.418419 28.193041 8.144003 50.972469 -7.128904 -20.213369 
262.512817 299.168182 161.528564 205.991364 238.726715 100.975586 147.457260 
70.211960 96.329834 303.405334 0.585946 37.959896 235.170547 -39.614975 
7.887614 -115.725891 35.026939 138.662018 -142.058792 -2.221295 90.002060 
22.300619 162.634003 -190.740463 -46.630192 125.674385 -194.921921 -65.964188 
12.359972 56.385120 147.001602 65.726929 0.658658 102.088852 15.654305 
24.203976 10.308737 124.217270 -71.243149 -30.297934 74.484024 -96.464661 
537.464050 176.626526 107.403885 67.128242 110.892975 58.866245 25.921093 
70.433212 181.967499 -209.499344 -75.148033 116.642166 -222.160400 -97.240532 
73.218353 172.159836 85.434166 59.503521 106.825188 39.678913 19.561028 
90.473351 57.287041 88.243706 65.287666 30.251177 36.905701 26.656372 
18.068111 -12.076909 109.003601 -64.694901 -48.741287 61.726192 -88.783997 
123.862427 139.980927 -394.633423 15.889434 92.140572 -381.043121 -22.415882 
99.824585 -172.886688 87.411713 363.929413 -194.713898 54.057644 270.216187 
243.673981 170.987930 58.900150 19.441696 100.987045 25.696058 -25.130610 
37.143799 188.473007 -216.238388 -70.401001 121.510605 -226.855392 -93.811104 
48.063465 -148.016098 79.984344 388.112061 -173.610962 47.474567 291.207367 
34.806248 157.921280 -196.375427 -98.287109 94.389465 -209.738602 -118.601799 
45.250736 -203.890045 88.509727 388.728210 -221.585587 54.782963 291.883148 
1.330295 58.779984 -10.498116 51.112759 8.458683 -36.054504 15.633003 
24.528809 124.188164 246.709702 121.314156 58.673733 195.697159 59.960270 
0.900133 225.086914 -336.531647 208.967972 167.557953 -337.325165 142.190552 
124.505707 159.114639 -392.447266 28.682404 110.873894 -378.987732 -11.813515 
69.224472 212.284012 -285.908905 152.770798 157.226929 -292.294464 93.238281 
83.407867 155.414932 -364.629120 100.925598 106.332253 -353.085663 54.547264 
7.251449 74.878357 -245.937332 -217.046707 48.276127 -243.218307 -215.663757 
65.311562 44.942192 -377.063385 -397.283051 20.509083 -359.657532 -375.316345 
38.383850 164.858444 -381.233551 58.805523 114.098846 -368.258148 15.344795 
62.074577 193.481628 120.338280 188.887558 126.450569 74.419151 136.900528 
131.208984 189.533920 -247.604858 -15.414407 130.138245 -268.859070 -63.054016 
61.997097 152.570984 -240.243164 41.512398 98.766403 -261.370331 -9.470506 
83.921585 128.861450 36.001923 211.484009 93.062897 -8.134444 147.761459 
112.892578 210.348831 -277.546509 45.178013 149.790619 -293.893585 -6.466655 
59.702557 193.281265 120.193001 188.926315 104.249001 64.177757 145.021606 
69.833115 -24.726646 80.126427 197.316162 -61.059189 34.307686 131.799149 
75.808640 126.433510 -10.361325 108.612457 47.013763 -34.356770 61.906517 
57.819809 193.403320 119.996689 188.972321 117.821564 88.408966 119.950562 
107.037369 241.926636 -241.948792 194.151688 183.414764 -247.378784 125.516884 
107.118011 159.944839 -250.241379 -6.752572 105.244400 -269.265259 -55.299366 
30.459953 156.991699 50.941944 155.871536 88.799683 16.483212 101.789635 
18.300615 53.125534 158.201660 68.704521 -7.876685 113.468666 18.968151 
74.597183 135.997803 180.724579 -48.805126 71.496918 122.558556 -73.151474 
23.653746 37.988647 148.308502 81.618515 -6.098241 94.336319 36.381630 
66.280327 270.904816 192.359467 300.259064 216.894135 128.600845 224.105835 
136.337479 136.139694 180.210571 -48.644032 78.958374 131.245407 -71.664238 
63.936752 89.614159 249.845886 -120.045914 27.424202 193.695984 -144.966614 
58.608295 95.634781 331.531464 -71.461563 34.545471 263.967224 -103.558006 
81.657898 179.959854 -270.519409 84.255676 129.974426 -270.100006 35.198200 
38.575058 -12.948359 109.916443 -64.535896 -53.329456 60.613647 -90.340080 
65.196602 246.354340 -317.752075 156.658279 184.177292 -318.294189 94.204048 
19.135468 143.509949 177.007172 81.364334 105.751106 114.291122 38.818985 
26.471992 89.587967 249.862122 -120.063896 29.105001 178.907333 -151.579224 
42.848022 186.689316 111.221703 187.711914 115.641266 66.325439 130.350449 
82.640366 160.024033 -337.227844 68.033058 112.271568 -331.060089 23.427382 
50.604042 237.125610 192.279068 192.009979 197.326447 131.991287 141.940781 
6.070574 -66.992729 3.737181 77.580307 -102.289993 -33.588272 31.096184 
15.526692 187.407150 185.781357 130.500427 112.719902 142.703278 68.879257 
53.147491 217.311661 -206.518646 227.046646 160.185120 -214.211441 162.186752 
54.985695 227.272705 -174.270752 236.012909 169.333588 -184.446579 170.780136 
12.927618 141.099854 181.848160 75.975128 103.576607 118.164207 34.518581 
53.090912 220.768250 -284.737793 185.710251 163.409134 -286.713806 124.074654 
80.505234 402.893036 47.464138 272.659515 312.956879 -5.532990 173.449875 
46.066326 204.112869 -262.196899 211.864639 148.269897 -266.535492 148.642593 
5.149296 -214.994659 -101.255920 206.135101 -202.020218 -119.437012 146.566818 
43.455009 361.253906 148.071793 350.489136 283.093048 98.165955 270.255035 
42.379353 206.708939 -212.505371 217.497589 151.429260 -219.541611 154.024094 
164.623917 495.976440 203.769714 430.111572 408.391510 146.623550 345.345917 
43.036156 495.900177 202.951630 431.000183 400.487762 154.688766 338.523468 
41.602196 532.773376 256.853210 464.190186 440.554077 198.258102 375.178864 
44.451706 494.764771 124.897667 427.867462 399.140228 72.879700 339.361633 
35.625076 193.349869 120.097580 188.988831 100.371986 86.629196 109.134315 
67.976593 207.550507 -220.688431 -2.962669 159.711044 -234.104355 -31.932226 
21.172670 171.990906 168.214508 -17.820494 106.348106 116.437111 -45.659088 
89.582901 150.346741 156.610153 -65.891563 86.519302 104.464485 -88.543159 
48.360142 486.132111 99.782440 390.920135 397.163727 54.649971 308.698395 
14.478669 142.204117 154.505112 -7.585079 78.727760 103.837830 -36.051304 
44.738472 494.857635 200.666656 404.999969 405.844757 145.103195 321.508301 
54.453579 187.246902 -312.616119 211.052948 133.330261 -310.230591 148.131943 
57.233875 495.824707 193.551819 433.573486 406.706421 142.720520 345.591522 
43.577061 189.270660 -305.577423 211.051407 131.591385 -306.011749 143.078979 
69.822418 67.352364 -864.813599 53.715824 38.739674 -787.981689 15.415194 
206.984268 -193.231277 111.755508 113.855347 -202.325699 32.047665 67.872375 
43.922905 189.536316 -305.558075 211.395325 137.668793 -308.073303 152.893250 
629.688477 225.887436 150.032059 -51.720570 153.405609 101.766388 -82.997192 
76.436028 132.832520 254.994049 14.990604 74.265915 194.467270 -17.342213 
61.103882 134.575089 -0.583030 113.414368 64.413208 -24.336180 69.331535 
69.694527 100.797134 227.090027 18.083418 43.312939 166.235321 -14.104633 
45.338654 135.099396 263.493195 20.705563 74.678932 198.024948 -12.297236 
55.181625 133.021042 254.768204 14.914629 71.266121 190.294952 -16.700090 
47.536610 193.369766 120.275101 188.940857 151.397095 51.902138 135.388565 
19.443785 -182.672653 -64.270226 278.163696 -173.453354 -86.823456 209.606125 
61.991425 89.362831 282.913147 -57.024559 29.306541 222.143311 -91.704552 
0.499420 208.698196 -253.867004 61.140244 154.935242 -255.203613 16.226110 
58.345268 204.544113 55.704472 211.911804 160.741623 7.682124 149.315659 
55.563148 271.636536 -114.081100 -59.128880 192.700409 -137.661041 -82.410851 
13.321988 193.479965 77.418541 224.444107 149.224426 26.988970 159.490005 
66.282188 139.633743 150.990936 -156.704330 76.798813 98.313347 -171.321854 
62.249969 206.497482 64.463257 221.318939 162.415146 15.038469 157.316238 
53.710258 121.738800 76.984978 187.442642 81.215004 27.387888 125.045952 
164.714447 495.252441 125.426712 426.846771 407.140930 81.548592 339.890045 
6.937255 -189.574112 -51.323895 194.749634 -180.219193 -74.582611 137.182098 
73.349869 267.852295 -339.446320 3.284633 184.437012 -339.462036 1.268664 
70.296432 137.563370 179.508362 -47.950378 74.035400 123.266266 -71.294868 
43.225937 158.719162 174.514053 83.054207 118.456528 112.454933 41.627262 
50.538952 160.338058 204.475601 -177.729156 95.820679 147.343979 -190.875122 
163.758759 112.137573 -322.737549 -161.754913 65.157722 -332.996399 -190.753586 
60.265537 165.090576 69.311920 208.884293 122.726257 20.267765 146.104858 
128.516937 43.837761 -136.949768 88.363762 15.117235 -156.383865 44.338375 
945.255188 152.569061 -61.509911 134.430313 112.153580 -89.727859 82.524780 
71.674301 144.801270 263.742645 23.272440 78.692841 209.046997 -22.509123 
82.797279 26.576681 149.064590 44.540043 -16.064726 95.243454 6.862766 
83.113449 142.808426 112.127663 -78.625290 79.026268 65.397522 -101.479530 
166.248413 253.963364 258.279694 -25.747490 203.101303 185.620453 -55.583752 
64.470947 62.380878 151.065216 -2.630384 13.804358 96.946358 -35.494762 
138.509689 64.770615 135.024185 170.315109 35.506104 76.383720 117.457581 
48.403816 207.670380 310.981323 49.203693 160.009689 234.699219 14.146235 
48.817394 280.091248 -327.516144 -9.568453 211.397797 -325.556274 -40.656803 
56.277931 254.447479 -291.255432 73.277290 194.022247 -291.390900 24.911966 
65.616898 217.623352 -393.960419 -2.628288 163.228806 -381.957916 -38.363342 
71.308464 107.078575 -411.362518 33.222218 64.036858 -395.479279 -8.161358 
48.741138 252.185654 -292.485779 82.871193 201.173294 -295.298889 26.571516 
87.769714 269.411804 -339.162323 5.026285 201.683807 -360.923248 -45.016438 
60.549290 238.825684 106.723763 103.001846 192.534271 50.418659 50.701725 
51.601463 239.085587 -287.438049 88.560425 181.133179 -289.133057 38.780266 
99.764610 271.867828 -352.317566 -5.207500 206.215912 -343.087585 -38.295998 
0.731702 293.933472 -386.742462 65.569511 227.430176 -374.200989 18.459232 
51.587727 252.255264 -292.407379 82.892349 183.254852 -290.083435 38.720901 
52.450115 105.436272 121.235733 66.827766 74.093468 65.221092 29.637560 
241.780884 120.383438 105.416183 129.253235 59.156109 59.609951 80.551170 
170.921234 266.775909 -394.271484 53.019508 202.725708 -383.534119 7.525589 
40.703991 217.422913 -431.152100 6.139898 158.428894 -417.982605 -32.650398 
37.134224 251.081436 -295.447052 81.082352 191.486115 -292.728821 32.677280 
43.707375 59.811459 169.986557 95.199425 12.765918 113.316460 49.255257 
171.668167 268.261017 -340.081940 2.702360 221.050003 -337.207794 -3.520461 
98.606232 302.695251 -361.198853 -4.733375 231.987122 -354.537628 -41.402218 
134.178345 264.966309 -372.773346 -5.636728 200.714706 -366.179565 -42.334530 
116.686050 278.654694 -359.660034 100.132782 213.146332 -350.953430 48.690495 
144.480209 269.440063 -349.088654 3.524522 209.544785 -351.937897 -37.157211 
50.946774 199.526596 146.229431 81.923546 117.516281 101.089066 35.208405 
49.155838 199.748352 146.514740 82.483711 131.849701 92.887291 39.739746 
296.873077 268.397552 -339.938049 2.532866 209.868515 -326.448914 -51.346622 
79.656334 232.748367 191.633957 -79.152748 160.790543 132.150955 -102.735672 
108.458488 299.990784 -336.048767 26.375975 292.234314 -325.250916 32.410805 
75.346863 266.522125 -337.472321 5.386512 187.834366 -334.036255 -31.317972 
87.149323 109.398659 337.005371 390.208221 74.666565 256.580536 303.514374 
82.791786 246.113861 -339.775238 6.938982 180.780930 -336.358917 -30.154259 
84.552193 209.444916 209.833374 -174.263748 139.529770 151.989380 -185.852982 
86.051147 294.574005 -241.096085 287.350708 223.283051 -255.321533 200.376221 
31.793509 75.684311 -98.834953 57.244781 42.055920 -127.584686 18.140106 
604.847351 268.728363 -339.875366 2.773079 189.710007 -339.656036 -40.476990 
45.988743 92.421402 280.080750 -60.545223 31.603678 217.771622 -91.714058 
74.996567 486.227600 142.803436 413.958527 397.841949 93.636749 329.529846 
144.224030 236.472519 -312.605499 11.868534 171.982254 -308.354614 -24.185846 
60.786232 167.649658 58.745220 159.074203 95.177124 23.149729 103.341003 
139.671616 268.116241 -454.293060 93.585747 204.613525 -436.780396 41.737816 
62.809437 -193.848328 124.727074 22.223656 -208.632019 74.470306 -15.336279 
559.541382 -193.884705 111.546013 114.052635 -213.093857 73.633812 65.811485 
29.804800 294.561493 -241.116577 287.384735 239.055176 -256.260376 197.355103 
48.157383 199.461914 146.313080 81.971642 130.869247 90.128128 42.016884 
56.224331 78.547615 240.709564 -76.647079 20.613873 182.786743 -108.667892 
118.163933 403.009918 47.525082 272.406036 322.119141 -4.887315 198.805283 
100.990143 205.741577 187.110901 -89.352394 135.561417 135.779312 -114.036392 
90.364853 206.290955 187.336777 -89.220840 131.699554 135.769577 -118.719650 
44.845924 192.063705 172.777283 -147.345032 115.184700 121.173111 -148.030563 
45.231033 201.663300 143.986160 -137.004608 132.364853 92.658913 -151.585251 
38.875130 191.888138 172.604736 -147.300797 131.652008 124.474258 -163.192520 
87.437660 57.830727 90.141617 -40.810936 9.581404 43.615170 -67.427452 
123.479584 233.360596 -297.401978 90.307991 177.831161 -296.989777 38.650043 
115.886803 495.680359 195.448746 394.924744 406.227509 142.957031 311.149506 
119.519524 383.430145 107.764153 270.772095 301.673401 47.024609 187.076492 
50.075497 104.956932 120.505547 99.371826 46.470306 75.384415 50.117764 
67.146324 56.543617 93.855476 -43.743805 8.268065 58.894157 -75.848221 
78.043159 215.532913 -207.667572 185.321671 158.020279 -226.030441 109.561279 
56.557663 135.465408 76.187531 76.692841 76.032463 31.735764 30.251259 
67.303940 222.361099 -395.253937 2.267372 165.583466 -382.843475 -36.679634 
32.202789 144.442734 262.640137 23.407248 73.086243 192.667618 -20.701876 
39.409492 156.304886 206.230087 118.115112 117.490425 139.443802 68.992462 
57.608898 217.969086 104.660553 193.493469 139.856598 64.447861 133.920380 
153.285522 153.876297 278.915619 16.081753 82.848442 216.386459 -27.084431 
34.221272 58.518398 112.137695 19.258076 28.467859 56.415909 -15.951748 
26.605986 -180.646164 91.924820 103.279396 -202.149780 45.394119 58.235363 
181.709488 131.301315 244.460495 -38.349140 75.577461 180.659988 -65.394150 
66.465370 97.691437 302.337555 1.434728 31.890102 240.056381 -41.823635 
79.214508 135.658356 216.185364 -11.800956 75.161896 153.328583 -43.487919 
240.843140 45.969807 75.129051 62.256371 0.609626 31.005114 21.949661 
265.813446 358.173370 309.339935 -313.487213 272.222748 241.393158 -314.604858 
87.705757 230.744858 288.242798 -86.266190 158.332138 222.517227 -105.838272 
0.173782 249.576828 228.214523 -214.372116 172.593918 167.928864 -224.615784 
91.522942 183.057449 -354.530945 -2.771151 125.839355 -362.836548 -48.312984 
49.935513 84.859444 213.207382 73.349922 27.622246 156.657837 27.057066 
0.139583 394.559265 46.225323 445.328949 316.518372 10.159965 353.734833 
91.993164 41.658390 228.830215 158.304504 13.978247 160.410507 106.648285 
10.253804 105.271889 121.136078 66.843803 71.198235 62.896568 31.502403 
90.321053 168.501953 142.614929 229.012817 124.164268 85.062889 172.548080 
65.518250 180.569855 -145.126114 239.153702 129.923111 -170.239410 155.561874 
70.950996 162.023285 141.576645 230.167923 120.125557 84.315758 173.330276 
352.268219 300.389282 -307.176300 9.934967 224.844528 -318.291748 -41.744911 
72.883339 192.138123 -44.946033 -158.325943 136.837082 -84.942001 -170.537766 
820.657593 184.969009 -262.379395 -4.967267 127.454834 -277.663300 -49.239326 
67.675674 168.546524 69.500832 -126.895615 102.321686 28.802193 -141.963882 
92.771973 174.815262 241.678345 119.071388 106.074951 183.032242 66.033859 
85.662308 192.086990 -44.956890 -158.241501 131.059387 -80.477043 -182.901459 
111.536644 133.993805 -328.465546 -7.141357 78.591667 -341.598145 -51.787010 
45.838337 -112.520271 151.727432 161.494019 -134.134018 99.096519 107.055168 
30.523638 32.343910 140.140198 -329.666290 11.522953 82.269577 -318.051178 
68.733963 192.096802 -44.933002 -158.308838 100.761162 -60.960400 -156.384323 
1.191690 12.086096 146.972031 -306.050720 -6.126458 88.027840 -297.220978 
12.752829 -11.329341 34.393494 19.405361 -56.455086 2.429165 -16.318487 
15.033041 -11.328335 34.388817 19.405415 -49.150005 -0.571683 -20.944584 
76.745354 272.650269 -78.936928 215.908768 206.999405 -102.054886 151.523712 
5.928207 317.211853 147.292679 -70.603821 230.256302 98.896767 -99.025497 
15.286290 161.969330 -65.323624 53.324947 118.479301 -93.736580 16.281534 
159.714890 491.162720 -84.035561 342.757202 406.133240 -111.986870 265.576294 
51.425461 252.785919 222.002243 66.212456 200.135849 154.015671 25.936062 
40.541481 282.754181 -352.845428 77.085495 217.950790 -346.840759 26.252850 
43.735207 192.029831 172.666000 -147.394394 124.599052 110.011520 -172.185730 
72.193840 157.366531 -510.646912 300.533051 109.353973 -488.779938 224.401459 
25.468006 63.551353 105.806374 -16.475216 13.764321 60.704102 -43.593815 
18.417517 190.856064 174.687897 -147.083450 125.294159 119.075081 -162.085297 
39.073723 507.764954 160.927048 444.299713 417.302307 111.408707 353.330688 
73.077148 294.350708 356.650970 -4.693098 238.082520 274.210114 -35.672432 
156.686325 -107.693634 71.890961 123.302475 -134.749542 30.458784 73.577362 
71.850296 -118.519096 113.469292 122.405342 -141.616287 63.751541 72.324356 
52.336506 168.787018 173.941681 145.909912 127.543213 111.038887 93.984917 
73.986946 -132.767532 170.980545 105.947762 -163.125702 120.023689 59.391071 
42.768158 -128.987778 98.092445 117.460464 -153.591476 48.375511 68.187859 
91.479935 209.281403 -349.158691 79.635735 153.867737 -342.375671 31.613573 
38.799126 -129.326263 97.840240 117.228683 -147.816605 52.506344 72.941269 
55.272972 259.670135 -406.583679 75.602638 199.107727 -392.520264 26.917589 
64.343338 326.462921 190.246078 -122.805458 242.314728 131.182144 -142.720703 
11.788527 216.061066 -396.238647 55.087051 160.699829 -384.978027 11.338582 
1.601488 215.800293 -135.053680 -9.473728 153.532745 -166.176804 -59.373249 
10.554440 -163.118912 40.442299 116.572090 -179.138260 -1.139844 69.734161 
3.027258 -163.367218 148.969604 208.460587 -180.356750 95.996307 149.946671 
39.299431 200.609985 -224.796387 -92.681030 138.952576 -245.544510 -130.451340 
101.319969 70.846313 328.416779 -26.886396 12.594836 260.601349 -65.031288 
32.865681 250.844437 147.973572 -240.220200 172.433624 102.726761 -246.787170 
13.581823 129.481232 231.412262 -23.394743 73.767708 168.709183 -54.014065 
26.231693 250.861145 148.030457 -240.222458 183.017929 88.877983 -245.486694 
18.970354 250.632858 146.071136 -240.124008 177.411957 94.270355 -246.110947 
91.266510 199.246414 -74.855873 209.199921 145.185608 -102.408257 147.721634 
1916.154907 157.750183 -366.404266 -133.929550 104.067810 -370.044861 -166.267075 
31.152767 -129.324310 97.726562 117.670044 -151.731201 49.477623 70.571251 
44.701530 316.218414 184.078918 -138.568817 233.743118 126.075455 -156.249832 
29.749029 334.771851 175.826416 -97.976746 249.652618 118.529831 -120.432327 
21.115097 252.904922 171.495178 72.260063 192.588959 112.572029 31.620562 
127.604347 236.564087 191.862122 192.100983 181.910065 124.059784 131.406052 
53.992771 -167.166855 117.228088 181.144531 -183.546127 67.532013 124.790306 
61.781948 139.222305 225.684555 105.843979 99.237144 158.424164 60.367916 
45.481712 165.621094 202.858551 113.101364 108.471893 151.216431 56.644573 
18.080914 19.549355 73.148033 116.046318 -23.473566 28.487305 66.295967 
27.480629 -167.239639 117.634102 201.929825 -183.660004 67.914505 143.551971 
67.995972 -125.814308 111.110275 143.060349 -146.734055 63.309273 91.425865 
88.144463 220.142807 144.075989 95.741241 142.186218 95.250328 49.643986 
106.887146 -161.014877 179.765717 120.055595 -180.204056 119.968445 72.343246 
60.131882 200.848358 142.942032 85.399956 124.845688 96.476662 40.388630 
62.454609 408.827484 -52.123920 246.070847 332.790558 -86.273918 177.638077 
15.252312 222.966690 182.956345 76.529518 148.056610 130.458801 29.553360 
5.386392 -179.147003 21.912552 122.404907 -196.213287 -15.267394 71.209038 
68.699417 264.619720 84.925270 348.836243 171.642471 35.441147 271.644684 
63.600056 264.585388 84.909248 348.820953 197.988556 32.711052 230.117325 
48.167740 264.592773 84.938278 348.697968 216.178467 33.780392 281.028320 
1.435655 185.064331 284.220551 -89.659088 114.912590 221.451752 -116.192673 
73.989296 79.638908 339.556488 6.527294 26.635576 264.356232 -26.264996 
79.244331 314.617310 275.568359 -57.117897 229.178711 210.719315 -82.193382 
64.430664 297.439941 262.568359 -26.482094 215.674149 199.726212 -55.825844 
50.283909 264.489777 85.019531 348.801331 193.253036 8.631081 258.127350 
70.316452 156.871826 -171.042435 65.659676 107.346786 -181.978760 20.280848 
335.042297 106.729317 113.948624 87.798737 47.323395 70.163597 41.399860 
46.823792 228.747177 -103.780540 -24.612255 156.548889 -126.392067 -53.591351 
42.490379 36.777225 -85.254684 28.870058 -9.517337 -101.472893 -13.523413 
63.966553 82.590630 -402.548126 71.875099 43.611572 -390.905060 23.768461 
50.375336 202.898315 -316.886169 68.709984 149.319901 -315.337311 23.870790 
228.422043 218.182327 -249.997330 64.096512 163.825058 -255.185547 17.922165 
8.171369 216.743179 -250.746948 64.455383 157.758331 -259.924377 17.606480 
72.411629 293.543274 306.998566 -4.544384 237.201385 229.802689 -35.637474 
85.009262 478.583557 -77.999542 62.558857 379.488556 -112.996231 13.258060 
79.740883 203.821777 154.503067 173.555923 157.355438 94.226028 120.987236 
62.581779 209.067673 -323.032654 63.902020 158.297363 -324.190796 16.955091 
111.428223 192.388107 261.588074 -106.380272 120.936539 201.864120 -130.736557 
469.834656 309.151031 322.934326 -89.073753 224.565338 255.494400 -116.170334 
63.839848 252.269760 172.332855 72.484337 201.991119 108.938675 31.729105 
51.699585 87.240692 -310.090729 45.919918 43.125359 -318.340057 -7.888164 
5.443982 87.316566 -309.904022 45.671856 36.389423 -323.317719 -0.933019 
8.310657 314.681580 211.619232 87.858955 226.585052 158.877213 40.606544 
68.712509 24.056664 -83.939087 37.280735 -22.239258 -100.153656 -5.176891 
86.655983 -132.523254 170.748657 105.865791 -145.802368 113.300392 61.065037 
85.626259 285.589447 -69.589378 190.278534 213.220535 -109.469666 118.694984 
156.268265 165.662872 202.847275 112.911804 128.144547 132.796021 70.608681 
75.814827 294.520996 223.010651 85.443413 206.174728 168.440048 45.400269 
81.383385 381.170593 -13.654058 51.361553 282.557709 -50.191292 -3.865610 
78.033188 73.100098 377.060730 43.464752 12.017478 302.441986 -3.309346 
205.631744 -51.036057 161.187317 -97.739746 -87.486839 105.850060 -119.003601 
71.293076 255.123947 256.018585 315.289642 202.444061 182.125580 240.723785 
64.047142 294.268402 223.166092 85.509171 234.609512 171.087357 -2.204738 
82.360924 287.144562 155.589722 -160.384155 207.304855 100.156235 -181.959000 
37.243172 178.758301 325.110687 212.283478 120.118011 248.956589 155.951706 
55.534805 168.122147 307.166351 221.710907 124.408340 229.952072 156.935959 
90.133919 294.181427 223.334320 85.284607 211.446701 183.374725 40.455757 
53.303806 178.661026 325.125641 212.342056 142.969559 243.301804 143.699661 
33.814537 487.620483 160.161819 378.983490 398.373352 109.767738 299.518066 
76.004379 122.167702 420.986237 172.507889 57.157814 343.405945 110.663551 
76.468529 294.097443 223.098480 85.607124 196.625015 166.768326 67.361649 
93.162010 294.151459 223.033081 85.500389 212.398300 171.324020 26.475163 
85.555984 294.130341 223.009537 85.572906 209.550385 153.334930 42.142792 
112.405029 25.940716 1.927223 49.680244 -20.310606 -23.630423 6.219732 
100.330551 99.016724 136.727280 -32.913166 38.867844 91.042397 -65.539841 
57.442940 107.971947 -36.159801 72.035622 54.222996 -54.728962 25.309563 
48.833649 217.596054 -9.829428 125.095566 160.317886 -45.550991 71.887505 
85.825546 115.141220 100.149307 83.975914 54.590027 59.504112 37.656185 
57.821747 293.904907 224.326691 84.101624 215.462509 162.256561 52.518749 
86.812096 267.953217 246.685623 25.360977 186.169296 186.076111 -11.584826 
95.137115 292.957703 223.181732 83.413963 206.084595 159.506775 28.800739 
82.341576 414.170288 77.839638 393.991119 332.726685 34.201214 311.132080 
130.464798 227.461365 189.593109 35.949303 152.118393 135.587021 -7.683857 
76.906929 581.307922 15.866197 531.101562 486.550232 -16.982384 435.001099 
53.582619 37.934727 -131.590302 336.128571 -1.173239 -152.296631 260.953522 
4.579572 -109.618881 75.360161 66.827583 -133.267166 32.250343 24.661129 
53.861111 577.265381 -2.743996 558.137085 480.687775 -33.446396 456.070007 
93.618210 82.794815 98.569756 44.284374 24.911083 55.438152 -0.284059 
79.474350 163.162827 314.006805 -61.357403 104.196976 240.642929 -88.964340 
39.466320 125.211594 320.857605 -15.576921 68.928383 246.883469 -46.518497 
42.014290 -151.503311 -139.371780 169.680969 -168.630081 -157.067261 111.769974 
72.418617 287.101196 155.764771 -160.210205 208.983994 107.672272 -164.954422 
24.662563 172.594467 135.725800 119.684303 104.673523 89.394157 67.683533 
23.348927 164.609863 303.054596 -33.608955 104.181549 230.920563 -63.169235 
52.555458 577.975342 15.611810 527.470520 477.415375 -17.739559 425.106506 
103.537613 181.892319 269.265839 273.379059 137.070511 194.679688 202.308167 
77.889648 383.962891 -13.889196 51.365948 293.203644 -55.316402 2.277739 
68.215546 330.335083 -12.440275 289.379669 264.446503 -56.258156 219.629639 
53.423973 580.002686 1.355071 552.462830 483.092743 -29.966364 451.254517 
56.877922 381.089142 -13.763610 51.396118 302.812958 -68.112885 13.991707 
13.092669 -155.588898 -122.273926 161.595444 -172.344650 -141.414856 104.392303 
36.971954 544.155090 -76.896149 641.111328 450.696198 -101.456070 532.602783 
119.285233 56.689018 94.057495 -43.785900 11.140182 40.166206 -70.120354 
22.497608 647.280884 180.713776 530.891663 544.265930 133.210083 431.947266 
5.634943 -91.821587 65.159431 24.291754 -117.407173 22.782410 -12.108580 
54.348774 368.379883 214.741470 130.784897 276.168365 158.744629 81.646957 
11.363650 -146.890411 -155.033585 153.932800 -164.321869 -171.639374 97.320236 
62.130444 313.753693 23.254915 334.473755 248.405609 -19.124781 256.587219 
42.022739 330.246063 -12.144790 289.246490 261.999542 -45.573372 206.988754 
38.575890 335.906616 -28.739086 274.118927 268.617828 -66.716263 201.142105 
48.387611 302.601990 347.141602 -95.589523 245.494324 265.555725 -115.710373 
15.472865 317.341003 7.659783 322.634888 251.577194 -33.200939 245.838699 
60.001228 285.899689 -181.606140 150.260040 220.755829 -196.738647 93.782547 
44.482758 92.669884 183.842545 62.962063 34.627556 131.227417 17.886147 
119.574165 428.573273 97.100105 413.709686 345.895935 50.465179 328.179260 
65.582733 172.704529 270.335693 150.777618 129.745377 196.866211 100.607109 
0.510772 385.092499 -254.571426 122.331589 307.718781 -261.254456 69.146400 
8.926437 16.833252 -35.643169 243.609375 -19.270485 -66.569641 177.774078 
81.198402 198.813171 232.160294 -32.526878 125.294891 175.895996 -65.889473 
48.718613 298.424286 263.954468 -27.051128 210.746384 201.937744 -55.625008 
46.910927 386.204193 -124.685104 170.006195 308.662872 -145.550797 110.647148 
45.600132 144.248871 195.190338 106.940742 79.584892 141.768860 56.579483 
4.791934 206.652405 158.871902 44.098103 133.972015 111.411606 0.517293 
74.597282 194.403107 335.943817 333.286041 148.674835 253.609818 257.280121 
50.141876 525.574402 66.137848 -18.194996 422.062225 17.907598 -55.495060 
9.046296 -9.152973 -12.723443 243.465195 -42.440308 -46.058640 177.634247 
70.159775 367.679657 55.177334 -26.586830 282.479156 -3.854909 -67.308884 
83.867813 156.942062 -99.405785 314.381683 106.348755 -126.602463 237.679092 
85.025925 277.686798 181.652481 -88.313301 199.406372 125.195518 -110.216850 
88.571342 260.569031 185.146835 261.444489 210.015762 113.350075 208.486359 
70.852707 479.428802 95.502922 407.155518 391.917053 52.868973 321.999115 
64.085243 138.009735 227.660812 -135.457855 110.686516 154.925507 -133.680252 
1.906251 70.481285 -158.984451 274.627106 30.957069 -174.292099 206.377747 
63.863388 255.286072 182.515549 255.816620 174.767807 128.954254 188.365662 
16.097797 125.840614 197.930283 149.190475 60.415356 145.631149 88.871788 
76.937080 138.113434 227.643066 -135.399048 87.174362 166.683243 -163.882416 
62.484032 -148.700165 39.022289 108.570015 -167.589935 0.255173 60.498318 
94.630882 356.144012 307.764557 -309.323212 270.156525 238.766922 -308.349274 
277.490356 211.921219 173.634521 31.473293 137.555527 121.922447 -8.597047 
97.847404 272.656036 202.931519 274.754700 191.300690 146.455933 204.821106 
51.463501 63.090111 65.010056 98.179863 8.832983 27.541023 47.306530 
1.546269 -76.710014 68.893753 98.109581 -104.327911 25.862146 52.946693 
71.399117 261.923523 -187.907501 279.606964 205.576218 -192.316116 210.384705 
23.859474 150.801575 277.651825 135.725983 84.375328 213.469345 83.354012 
86.445518 164.941605 -129.418289 301.312103 113.761650 -146.292130 230.345627 
147.508133 425.420380 175.319687 308.213470 343.542084 125.083206 231.862015 
37.107174 193.863586 252.790070 -43.974575 121.729538 192.837067 -78.129234 
26.065540 -161.060730 143.241577 159.774490 -181.272842 89.239723 103.924026 
302.880280 260.479187 185.286865 261.475891 171.426315 137.708206 189.359039 
89.119080 261.921021 -187.535965 279.572357 194.883102 -204.691345 207.500717 
73.512787 268.970490 320.395050 -230.069641 193.282394 248.193985 -237.495590 
90.331406 430.973755 57.377735 451.996613 348.528839 20.748806 359.845551 
41.769978 -116.540070 3.805888 102.003647 -138.647217 -27.735529 48.121197 
1.107127 219.004578 -148.966827 234.834167 159.074142 -163.325439 170.021194 
79.214264 -126.955788 137.367798 184.104599 -148.831375 85.708504 127.020271 
43.231709 367.698608 55.188667 -26.664619 269.248749 27.206949 -62.728733 
47.914318 306.555023 65.845886 4.811370 223.583954 13.640104 -38.180511 
19.180031 366.896729 54.889793 -23.188148 275.701752 2.076585 -57.997871 
38.448544 381.269043 67.865540 -13.866323 290.369659 15.339345 -55.258789 
63.948399 208.708633 336.143158 3.233649 161.437958 255.973022 -29.551565 
87.089973 -116.251389 5.227646 96.513733 -136.685715 -29.072842 54.497486 
52.926159 186.426422 -121.130875 309.602020 131.960983 -137.666138 237.249191 
53.331238 -98.471138 158.473465 204.273224 -121.377983 104.399155 145.959656 
31.589130 -113.384308 162.001602 206.971313 -134.776291 106.572029 148.415588 
21.215961 -99.092522 151.468826 202.590485 -122.159126 95.238586 143.743011 
4.974367 164.085587 -228.815369 102.037254 110.252731 -239.375275 48.392422 
76.978455 262.081635 187.311539 261.720184 189.919052 134.256073 199.878693 
46.192520 367.333801 55.371147 -26.978352 281.815552 -2.090682 -68.608803 
53.686966 185.789307 287.575134 338.733429 141.085052 210.725571 262.045837 
74.453445 266.013855 318.812897 -219.544830 191.604156 247.010757 -229.946106 
149.341019 310.372986 -109.592293 293.605347 241.501251 -127.063644 216.834930 
74.208115 145.502777 247.273514 139.956161 79.474869 186.101364 86.584671 
51.561954 200.251083 -323.335571 272.531006 140.646103 -318.563416 218.546799 
95.392937 332.965576 372.457916 -249.390427 250.583344 298.373383 -255.030731 
71.473450 310.677765 -57.457855 186.662537 240.886520 -87.921440 126.492928 
74.749321 91.621025 310.570038 92.423851 35.990780 241.896057 41.991959 
64.769165 85.061447 313.625641 90.378769 19.425987 249.653397 36.817856 
107.671982 172.549225 -212.606201 275.071991 116.600441 -220.485428 202.326279 
9.690271 205.404037 323.270508 331.671204 157.660034 243.522369 255.749023 
63.415401 -115.330605 3.295717 102.032433 -142.936768 -28.136856 55.450684 
43.625675 301.563110 219.218979 86.552856 211.798828 168.893158 36.702354 
0.062296 442.248535 -43.322548 192.173752 352.276520 -84.891006 121.348938 
69.007294 240.880417 -72.843109 301.558716 179.506454 -90.763466 224.276047 
59.368408 69.771828 -228.422424 371.657349 25.937805 -231.443237 291.214874 
94.126114 240.437988 -72.470657 302.573914 177.527390 -96.336136 224.263672 
69.695915 158.662033 -192.863571 270.727875 108.951019 -201.039566 196.606079 
40.601494 67.726700 -226.728653 373.012390 27.951473 -233.382492 289.656281 
52.262566 333.135712 320.831238 -255.570648 246.725250 252.287308 -258.067841 
48.657787 333.205719 320.821259 -255.668015 266.182587 264.874420 -263.501923 
10.199003 200.748108 323.886871 330.906677 154.877625 244.225983 255.335281 
85.374245 -180.873413 151.352997 223.865295 -198.433548 96.226173 163.300262 
67.590889 444.047180 -15.983633 412.889984 360.348907 -44.722527 325.227539 
91.743050 228.624405 -107.157234 302.760712 169.236603 -122.506081 222.841385 
31.247051 333.278595 320.891052 -255.633453 231.203781 232.564346 -258.790619 
2.787684 -47.302776 156.269836 132.685684 -78.506752 101.130035 85.066933 
70.835396 -160.522522 109.566368 191.618378 -180.316910 59.794533 133.367126 
13.176255 16.059143 467.242828 352.164825 -12.078411 373.364227 273.599457 
19.508757 -115.464516 4.026129 101.098053 -144.728424 -26.745462 59.105167 
29.025846 200.047256 -96.407051 324.864777 143.239838 -115.667877 242.613312 
127.989189 227.078842 -143.842941 157.309921 168.959106 -158.687195 95.069092 
68.696602 368.447937 182.194702 112.367355 276.129974 130.135086 65.420052 
360.742706 300.219788 -193.923920 224.548767 233.259811 -203.387405 156.164749 
26.244059 -116.157700 3.653258 102.179199 -141.005936 -37.294815 58.887722 
82.062798 -115.674751 3.041423 101.754921 -135.209045 -31.759609 52.603592 
23.580772 -77.727211 -14.452862 92.235268 -102.836548 -46.428661 46.682777 
56.493649 258.099945 267.434418 -240.742096 183.454086 205.167267 -244.452927 
57.136429 127.676041 -118.649361 115.891594 77.323479 -137.492859 65.149376 
43.493389 11.252915 263.215302 144.571686 -40.227734 201.728226 90.397209 
87.049644 177.565659 -119.697914 344.344330 122.822083 -123.742867 260.576721 
41.778461 219.358887 296.212708 15.706058 170.725800 220.948929 -18.615593 
26.767553 -214.894043 42.336506 84.660332 -234.950180 -1.188986 39.915539 
39.541252 -212.601349 43.717445 84.707214 -221.478271 6.874518 40.171036 
24.500504 37.949673 -131.650269 336.216553 -3.440328 -150.268997 252.368561 
26.853407 132.019318 -120.661270 115.131775 92.578781 -144.561966 62.480576 
23.467443 216.764389 -96.713257 75.654625 163.035980 -117.969841 30.261806 
11.106791 217.214172 -96.564522 75.981064 157.487061 -120.884804 27.402723 
7.854406 16.088423 506.363678 368.368652 -12.157137 408.997131 288.446106 
77.594208 135.829193 -65.835892 400.707611 86.444031 -91.452904 317.519409 
6.837758 236.815247 254.216858 0.772575 187.203415 181.628510 -32.653980 
27.055861 338.574371 47.989429 111.761742 267.477081 5.456896 62.336391 
42.055523 40.184258 230.420624 209.719437 -14.352279 172.440781 147.937424 
71.706787 133.307220 259.787323 -21.530659 76.807014 192.893600 -52.464252 
54.142067 315.182068 363.469543 11.533863 256.475250 279.814911 -22.109587 
60.661945 345.983704 395.855988 23.320034 284.866669 309.777527 -11.208295 
17.311131 2.919863 -118.037895 335.389435 -33.531166 -139.395142 258.165405 
218.265869 153.949020 -39.210426 137.663422 101.652489 -72.681435 85.309822 
64.736183 240.635330 -74.009766 58.040321 181.320663 -101.722847 13.900640 
53.907871 269.754120 0.258305 109.855164 203.796463 -37.321045 61.742340 
104.716331 181.096298 -86.560463 340.444580 128.586746 -108.955872 256.205688 
31.604322 262.905792 4.418750 112.291870 199.211212 -34.626579 63.474190 
94.633018 209.442825 -97.333702 309.430908 152.352814 -115.810165 228.860214 
30.634035 405.792480 -81.834328 424.324677 325.677460 -103.918808 335.424286 
46.428192 149.720978 -41.361538 293.046570 98.650452 -69.618294 221.203049 
72.995682 238.173950 -178.192703 416.734131 179.537277 -189.796265 328.752380 
59.165215 154.851608 -169.381622 182.860825 104.226746 -184.898300 124.841774 
100.645317 -65.142197 159.563232 150.686234 -91.838661 103.975464 102.886444 
435.824066 201.316940 -323.373260 272.635712 145.187408 -320.132996 198.872070 
87.729073 210.094055 -125.838943 210.622238 153.197800 -144.975861 146.623581 
30.783834 161.091110 -15.149268 315.183563 108.812050 -45.171684 241.312012 
465.868225 118.756516 -258.878082 392.259308 71.491501 -265.873138 309.818604 
71.640839 168.706848 -305.497040 379.451813 117.098412 -308.630615 298.021881 
32.825832 -10.731933 291.208801 264.909821 -52.940407 222.423309 202.107956 
92.029915 191.734619 -335.359863 256.310272 138.114731 -334.139191 188.614548 
42.599388 -10.814536 291.260834 264.803589 -66.211479 231.444733 194.630020 
41.054035 -1.321709 281.783936 278.969543 -52.030262 220.366287 209.698090 
38.569141 202.624344 -281.967407 207.504807 146.722794 -286.772919 142.873764 
40.196835 -2.445366 281.640076 278.196808 -53.730106 218.357986 209.575119 
47.607861 56.736130 -157.085129 451.529327 14.546569 -173.907776 364.658997 
58.027988 235.053253 -279.644745 273.575378 174.138168 -280.094696 200.770294 
19.473955 194.653152 -284.451202 216.808960 140.171402 -289.445587 151.152985 
98.802933 339.368195 231.518860 -239.091949 255.855072 170.641586 -246.033295 
142.850403 -183.392105 99.546600 73.441093 -201.920013 52.352348 29.732016 
51.155262 -44.285961 130.116302 146.780899 -73.353813 70.119667 95.659271 
25.645586 388.968933 134.066589 -285.536255 299.915405 82.722267 -287.716675 
54.811012 201.122559 -311.980957 264.015045 143.877945 -316.632477 196.911118 
10.195048 412.194702 -153.477921 251.525955 327.012634 -181.809006 175.106613 
49.540207 -5.114051 209.877594 119.256386 -34.939739 131.073227 70.911713 
88.769470 -66.212288 -125.605530 593.307312 -97.195038 -137.582016 490.375427 
23.506577 -44.291313 130.127228 146.770508 -78.514984 97.811707 93.817848 
39.744640 323.077271 269.689880 -322.647217 241.373840 206.475250 -321.577789 
72.402763 299.168213 -312.753571 303.039917 233.585709 -310.498016 228.264877 
60.271500 344.629547 -338.251770 280.182098 274.407623 -333.625488 207.464386 
19.712074 -4.330463 208.342911 121.250481 -36.247341 141.614288 81.226440 
16.611954 329.957306 275.135803 -332.638977 247.157379 211.082703 -329.829315 
50.809372 -5.133217 209.915314 119.227623 -47.015396 169.954178 66.051575 
35.608635 -26.053534 283.033234 131.264816 -60.562958 220.340210 81.660515 
17.334370 178.363281 -119.728760 343.976624 117.248329 -141.585327 247.963364 
19.540388 230.800812 209.189270 -500.294250 163.252396 154.585953 -474.962402 
96.496605 298.007355 304.733093 -323.031860 218.862289 237.515640 -321.831360 
16.717810 229.342041 198.282440 -541.205933 161.991043 144.746429 -512.192017 
1.895488 469.939728 279.513489 -100.725517 372.379089 210.926010 -125.879433 
107.068443 -76.320534 165.343445 164.464157 -137.906418 92.551086 124.986534 
77.312355 -56.767300 176.303558 156.509720 -79.001915 104.581711 119.183792 
65.193329 201.420395 -203.691299 431.931946 145.072464 -207.596771 340.734222 
90.375259 349.825439 153.020767 -268.792816 264.079468 99.917328 -273.018097 
83.761116 259.964905 -7.517872 103.937904 196.338181 -44.217091 54.707451 
12.069915 183.608521 68.554115 69.973267 128.877655 24.306513 26.097239 
81.580597 -125.585426 106.822372 156.373596 -147.502060 58.498878 102.249268 
248.521179 131.915497 -30.977013 360.139313 82.356087 -57.865032 276.236023 
496.882629 -57.112019 176.591507 156.058960 -83.416016 127.790588 98.251328 
130.195602 178.370026 -120.023170 344.516174 129.012299 -137.281448 262.574432 
79.754967 307.527130 117.780151 -212.109497 225.964676 68.133179 -221.264755 
65.470093 111.445602 -62.945702 217.675186 58.318520 -82.250908 158.969910 
73.373032 111.461746 -62.288471 217.532608 65.408638 -100.095139 151.176422 
51.968983 51.854233 -265.343536 532.427979 10.658019 -264.555725 434.464355 
15.357460 66.258942 -274.241028 539.384583 21.950792 -272.009277 440.709076 
16.483122 66.613136 -275.233002 538.526672 24.228750 -273.506683 439.790741 
64.524239 62.712200 -117.278221 458.504761 20.084488 -138.891083 370.287292 
34.821014 86.530029 -250.847107 544.004150 41.514721 -251.537704 444.888550 
62.639069 313.230133 138.554886 -294.010773 236.309738 86.891388 -295.161224 
41.073368 107.267937 -121.669174 331.941498 61.052296 -139.712753 251.423294 
37.084770 111.368607 -62.931969 217.689468 73.993790 -75.269592 144.255219 
42.482704 106.307060 -127.319481 324.907684 60.211952 -143.368713 246.325165 
68.343918 226.433609 -142.084000 357.075897 167.188721 -156.171585 273.313324 
63.364250 -11.096785 -171.470612 531.117859 -47.224747 -179.146057 432.900055 
88.220032 200.675491 -323.471100 272.333771 142.183746 -342.852386 202.995789 
141.760284 -93.680374 177.147507 179.764420 -118.793564 119.321037 123.435570 
54.514130 309.847626 138.743912 -294.110168 223.755692 87.621262 -295.490631 
35.044270 344.482666 157.369064 -276.571960 260.835968 103.548882 -278.659302 
22.686947 110.453789 -47.682419 539.633789 64.042854 -74.344452 445.983734 
121.970467 160.000168 -317.374695 243.037704 110.323776 -316.064972 172.546158 
31.752316 112.114197 -63.378235 216.082550 66.557579 -85.804695 148.155701 
32.950184 143.981384 -182.644119 449.240692 93.390884 -188.960358 356.517365 
18.018478 110.490570 -235.722748 453.168243 63.130634 -236.778107 360.399445 
55.208889 151.537109 56.014553 307.494293 100.631714 18.093834 233.435043 
64.136292 95.074265 -117.557556 285.473480 49.970333 -136.977402 210.117569 
89.166351 340.962280 -148.697861 450.000122 270.959564 -163.360428 359.105682 
199.758713 232.757172 -96.890694 205.003204 173.076248 -118.392479 141.683167 
92.967461 183.230652 -252.049973 304.959442 128.587341 -259.314117 230.254349 
209.424362 137.811951 -144.935516 217.892303 88.945198 -161.651306 152.885559 
86.083862 214.081879 -139.198593 230.972992 156.152527 -156.154068 164.066147 
15.660768 292.776184 -218.821350 430.658569 228.567444 -226.948517 341.619141 
