8.114315 54.378040 -49.860867 23.728735 63.096157 -413.871735 -85.452682 
531.228149 28.546877 37.483837 176.359924 -18.827887 -86.045013 490.701691 
22.280993 29.286982 -62.517731 40.411469 2.477841 -456.075012 19.153038 
526.865051 26.784889 41.574902 178.875839 -25.636019 -70.949989 500.588013 
1534.517212 -16.724014 -45.601463 30.444117 -140.879684 -391.424683 -49.412167 
63.088520 58.980423 -7.454505 58.597847 123.633881 -281.991760 34.560322 
51.193348 46.519169 5.316462 91.784874 69.352470 -219.519882 126.303619 
65.507515 56.012562 -5.177866 60.245968 125.037689 -251.613861 29.573816 
39.761818 50.154289 2.374912 85.635963 86.483185 -232.146469 102.827545 
70.325806 58.893227 -6.609829 58.369297 141.109390 -298.005005 6.411019 
56.631363 57.934227 -6.516947 58.921589 140.274017 -260.752502 3.852596 
66.639915 55.312550 -7.583345 54.082809 103.388077 -278.324677 0.899903 
66.582779 57.123043 -3.529793 49.327019 116.251343 -253.037460 -30.306274 
57.701401 57.632282 -7.688545 57.816124 128.378326 -293.114716 1.794583 
86.846504 51.894226 -4.372272 52.896805 78.995293 -256.278473 -23.557701 
41.976852 58.652557 3.710180 57.626038 128.573883 -200.803452 9.217790 
68.855766 58.712311 -7.060987 58.106556 107.027916 -263.391571 31.172873 
61.005081 58.366188 -6.619781 58.508266 106.860611 -250.303146 27.816309 
47.316391 58.332695 -7.058886 58.457977 129.771561 -263.590881 12.149204 
93.821617 51.750835 -6.521828 66.375542 78.525421 -270.445892 74.232346 
74.055054 71.370934 -22.106430 7.131922 104.018433 -257.530029 -120.304939 
100.310783 66.657028 -16.205359 14.442835 72.051994 -222.592941 -106.427040 
110.612358 58.608452 -6.770458 58.301476 135.567642 -290.284149 4.071261 
184.528137 58.561161 -6.753320 58.279766 120.694817 -258.782166 23.720203 
99.120575 57.544834 -6.739386 61.612629 122.673759 -270.995819 32.445778 
67.923553 70.927399 -19.175976 9.602789 97.941322 -248.131058 -113.368843 
126.025848 66.545654 -16.082695 14.286706 81.102425 -234.385101 -74.315125 
60.448421 71.310112 -21.318892 7.593596 98.430138 -255.850891 -129.963287 
20.467089 42.626801 -12.198505 105.374809 53.180405 -267.909271 185.190445 
26.525383 -53.829086 28.916664 155.142059 -331.408569 -111.004036 422.771301 
52.200424 -15.602470 21.563322 110.717766 -173.962845 -133.506790 284.118744 
485.668579 -17.466646 25.521437 113.380859 -206.178802 -92.988342 299.741577 
185.413422 -16.512375 24.609623 113.048668 -228.638016 -78.584167 304.405609 
293.299286 -16.749121 24.630287 113.007324 -175.929352 -90.651001 308.110229 
310.878052 -18.475634 23.491680 112.117355 -210.929398 -99.927559 293.132111 
274.444092 -18.299221 21.573214 110.811226 -216.812241 -122.726318 281.064941 
28.516537 26.472168 3.166787 51.444756 7.833778 -224.829956 3.700663 
95.516441 -17.008169 24.145586 109.243591 -205.613571 -94.577820 272.529022 
259.808319 65.724121 -28.155378 88.953598 99.604538 -275.868744 211.390350 
70.271927 83.943489 -21.339571 44.984066 191.075684 -303.353821 -17.495329 
682.207092 61.833706 -28.274666 84.202766 50.383663 -278.568207 152.039169 
96.639351 67.796349 15.198692 49.407169 60.624199 -23.774874 -48.250095 
210.103180 68.354462 17.518867 46.577518 71.116753 -13.255151 -53.362347 
272.319733 68.532402 17.447788 46.733841 34.432312 -7.497619 -31.631552 
200.870361 68.223755 17.649319 46.684696 68.570122 -2.993897 -67.952019 
126.430672 64.033607 15.924639 46.624321 30.151669 -34.008026 -40.837093 
225.697861 64.177330 18.703436 52.517490 23.547153 -9.773361 7.027499 
10.437791 47.274651 -15.296516 61.631222 48.393238 -265.130524 80.110100 
171.720657 68.190369 17.509466 49.198620 48.936649 -24.502939 -16.043013 
100.221527 70.076561 42.361698 61.813744 97.311180 17.355671 75.913353 
173.126587 68.771194 17.855021 47.014828 10.146281 -45.648979 -63.253490 
103.717255 69.379944 18.157913 47.158806 92.417114 -4.978318 -26.173607 
357.627258 13.520787 92.585960 42.554222 -154.848938 272.781097 5.149929 
99.656975 65.916756 37.948269 60.676445 71.481857 -9.981656 66.935776 
353.789764 68.723083 17.799583 47.064041 64.293434 -46.699932 -16.981005 
147.153091 68.362282 17.623932 46.574211 66.517014 -35.068176 20.848139 
212.693695 70.279732 24.938414 32.052090 56.240780 16.074244 -86.916229 
56.310188 69.356628 41.530544 62.425854 95.918678 19.321714 74.153542 
120.250610 72.499008 46.818764 86.776901 68.400299 91.654297 140.732178 
96.297829 71.627235 23.876431 77.647011 56.670856 -3.643275 100.641533 
256.357849 126.248962 50.378441 72.478348 443.660065 27.122101 143.588806 
117.881424 71.654266 43.463036 48.291557 82.009262 5.355408 15.207987 
431.008728 49.662479 64.057846 44.368881 -3.394040 168.015656 -3.233287 
268.366425 9.929682 90.268822 47.124146 -183.871399 254.031174 41.978130 
162.409729 44.855377 72.263184 40.721375 -28.659138 190.111816 -19.298344 
10.925844 100.288246 40.229454 23.565489 196.069580 74.790413 -110.957329 
0.763070 73.647469 29.389271 55.321838 93.570099 30.845043 5.537598 
127.812782 70.995659 27.997728 50.963226 86.208298 -47.642788 71.657669 
286.423187 6.289082 101.343536 32.700012 -57.253548 279.697113 10.010530 
97.592079 36.836765 6.257023 94.149696 15.411602 -132.136475 267.603821 
253.110382 3.400645 116.973976 34.632816 -72.173607 338.971588 -0.677253 
123.172760 68.836670 18.193182 47.263329 13.659639 7.611348 -29.905046 
118.307701 70.710320 23.942137 54.027321 79.522964 -24.451712 63.715237 
125.730492 99.996452 -15.690956 47.302223 302.572937 -256.486084 51.397072 
88.992325 98.415779 -24.757401 43.250690 308.942139 -302.738342 32.974762 
636.450989 70.107948 30.045198 51.668850 65.467644 -0.910840 59.358143 
112.216156 65.756271 31.947731 40.537350 61.600983 10.314837 12.235356 
144.707062 84.309784 -31.016256 31.663277 217.817154 -348.298767 -38.082588 
159.213516 88.136917 -18.772629 48.997051 252.841431 -289.288727 64.751198 
4389.939453 78.411079 13.444101 36.426708 237.393753 -90.773926 5.297357 
206.283768 96.535469 42.140724 29.627571 132.998138 92.446358 -37.779083 
73.349792 71.130478 32.734669 49.750366 95.401505 14.963987 35.035091 
70.749405 36.866188 6.272405 94.121033 -44.687469 -157.423065 258.657196 
117.398415 99.741051 33.039413 22.650623 194.159317 59.176163 -139.303284 
85.661362 71.026390 32.005783 51.957676 82.887550 17.954422 47.298439 
110.737534 84.844574 -34.850677 44.396786 218.661316 -359.515625 35.007763 
94.448181 74.424957 29.202291 46.459686 99.227257 -1.249471 37.250835 
120.370743 87.312500 -17.532043 49.787571 238.742889 -282.637085 59.670467 
394.793335 98.265953 42.709026 28.902533 183.421326 93.373238 -98.612694 
161.324417 73.350945 31.151243 49.669189 154.261978 16.207493 7.949480 
59.866463 73.611221 42.898506 27.614481 107.203590 15.710221 -47.172401 
305.729462 102.985603 -28.098602 48.249439 337.519135 -322.579651 60.536964 
65.340797 72.339882 29.286736 53.043335 99.850578 3.279886 76.386703 
147.143082 88.286316 -19.012888 48.972614 243.498306 -263.700134 68.684189 
230.377258 65.798706 25.729929 53.915989 62.343658 -38.482220 54.167671 
78.570976 50.052433 -11.663354 60.521248 66.925514 -240.041382 73.207504 
228.877777 87.350876 -17.420807 49.648304 241.117920 -248.698471 78.620125 
60.043411 33.143169 11.431785 89.295219 -40.068501 -110.319313 217.643021 
53.884613 33.420624 -25.247908 96.998772 -0.635839 -333.843201 233.377914 
267.287354 69.434471 34.607697 53.916489 74.429054 42.574909 75.347366 
187.195206 91.884094 24.141155 34.419579 162.309235 10.925769 -83.131615 
169.399139 70.976204 31.565102 51.534138 86.733070 18.148701 59.945942 
83.262367 70.363625 19.727749 53.931923 77.580658 -56.673550 71.347839 
69.780663 49.373501 27.945894 96.067688 53.496040 -25.753101 240.924423 
69.456772 68.780594 32.175671 53.126183 78.742432 16.221149 79.141472 
363.029724 99.252319 42.389057 26.991146 197.376083 100.386047 -122.931335 
297.279755 98.111977 42.978695 29.886248 190.724167 115.958633 -77.028877 
200.807007 69.947250 30.202129 51.544273 96.803238 -39.239861 63.177135 
482.519867 96.481224 42.279076 29.578775 197.817688 81.453590 -118.105865 
878.992920 34.920578 -26.907650 44.012901 64.729637 -248.052856 34.026299 
64.875076 74.363304 16.406979 53.712692 83.253609 -26.584249 -17.630272 
79.565643 65.366570 35.854259 43.807301 34.711617 31.079695 -47.050442 
91.478004 36.840214 6.259654 94.118187 -28.399393 -156.255722 221.022522 
416.669495 68.374245 25.003119 52.708130 61.316685 -43.605301 67.827965 
1796.128174 83.740921 -24.324053 44.904362 181.854233 -320.441925 -9.989116 
28.107843 77.241753 14.525814 50.748703 95.881142 -36.597412 -25.697784 
484.056702 110.436378 27.338028 52.196995 374.279694 -35.103779 86.632294 
68.068390 -5.890686 -13.016909 45.350307 -110.153885 -219.103851 33.028477 
149.028412 6.239064 101.421204 32.555920 -74.183090 264.854004 -46.266075 
73.449989 -10.284303 55.487629 69.651894 -246.682205 73.755112 136.615067 
70.636284 -1.226957 -11.829653 57.525089 -88.869812 -213.117767 85.190750 
47.528919 49.531361 28.118530 96.228691 52.384415 -30.482821 230.580688 
590.201172 20.337360 61.410995 61.676956 -113.664772 91.244041 106.015198 
493.939056 96.351326 3.526361 64.015625 318.365723 -113.318687 120.552940 
75.403030 -3.542732 -11.897130 50.664082 -99.748024 -214.026428 55.322773 
112.514832 68.665016 19.412334 47.439503 67.034363 3.675638 -41.110901 
118.057083 68.234169 17.423191 45.838203 66.401878 -3.646020 -34.223515 
356.559235 -16.714102 114.453659 5.932690 -159.574387 323.134094 -118.213264 
379.326599 97.792458 31.752691 23.494745 188.387512 57.228230 -121.408501 
22.829065 49.856770 27.868795 95.282509 58.653606 -27.392914 232.159897 
1389.745850 -7.131158 -34.727161 29.840906 -116.886711 -306.464264 -16.559887 
0.011308 64.556664 76.626747 18.723442 44.787022 208.675232 -126.487030 
262.007996 49.863987 33.172531 36.783829 -2.097046 -8.469841 9.943348 
103.113129 45.880253 1.452380 85.598778 16.935154 -142.534561 200.485443 
146.191498 67.802536 17.122477 48.543869 77.925232 -44.994301 -50.721611 
80.920341 83.383919 -24.119167 44.381207 189.570740 -334.148438 45.707851 
81.332024 42.952282 35.121304 64.789764 -44.443207 42.888237 38.330139 
583.475952 96.316116 41.885548 29.544434 169.288834 102.171844 -104.790634 
154.906738 61.915833 -6.905840 10.282059 63.012150 -226.621979 -117.442566 
12.415420 93.854202 10.034463 67.351738 319.790802 -110.285355 126.618813 
119.699326 72.579185 21.615065 37.249722 61.211475 -4.439420 -69.498573 
1424.098755 41.736580 -18.645611 43.186489 69.018478 -226.160675 47.101845 
446.227631 78.584023 53.062473 73.183556 227.005798 28.312895 150.141068 
90.691086 67.244041 18.328856 47.552601 10.360071 -18.937176 -29.011852 
2.330571 50.574947 46.633656 50.248283 -28.610880 77.299171 25.722639 
55.070248 54.012138 49.099613 49.358829 4.705554 98.093864 21.090065 
76.520386 78.105644 -10.754708 77.612503 214.481232 -228.833969 144.270981 
20.001036 53.933956 49.050671 49.217957 -2.775495 94.614243 11.715714 
55.522301 78.484520 -12.875727 70.526253 216.422516 -240.932968 101.724358 
314.479767 101.300117 41.321735 66.365707 188.990662 88.251793 63.486023 
37.503315 53.892197 49.031662 49.169369 10.982976 97.587097 19.497757 
56.750633 75.489594 -4.733396 87.033676 199.894379 -191.611771 201.853394 
138.762451 70.057671 75.476364 64.118851 223.278961 171.716476 127.523933 
41.304741 73.205200 86.545830 42.867344 66.718086 248.316193 -18.053762 
141.501709 107.372017 54.782055 16.500307 220.601669 144.335968 -149.969101 
115.196136 76.427170 -47.129387 79.576881 198.932266 -413.475494 152.188431 
73.143967 69.776115 80.973686 61.479141 216.642487 181.460724 103.226952 
100.655922 59.575600 -25.844784 73.678719 103.287987 -287.311218 118.033554 
135.501709 -5.947798 41.436283 37.891842 -225.673218 -1.266124 -8.070852 
80.828850 54.605209 38.650486 38.056984 16.354595 17.731358 24.576317 
46.657139 59.562206 17.886797 40.653725 13.850273 -9.992769 -50.465080 
81.537895 63.832371 79.282692 57.725109 173.693405 172.395584 72.267174 
479.260864 -5.595716 41.385681 38.001045 -225.126465 11.873733 -10.224897 
77.689499 56.204456 -17.963924 72.838295 85.344994 -242.762604 113.551308 
24.239553 10.934135 48.104053 61.312195 -163.039703 56.601303 94.917976 
82.620506 99.470818 33.060535 61.827858 342.484222 -16.820301 96.455902 
149.729889 -6.202023 41.993740 37.571484 -240.519638 29.787262 -23.694118 
183.634811 87.207603 47.431610 45.256336 151.883759 44.963074 32.332066 
100.346863 69.939598 75.272453 64.055023 226.631424 154.005386 138.501617 
1705.000488 50.374172 -18.334145 40.572144 149.717606 -224.254105 23.832317 
75.438171 68.025703 80.295708 63.452286 207.406876 175.209671 116.835274 
134.166367 4.669388 34.026260 43.616848 -139.451736 -50.240036 35.976192 
153.891678 41.171658 85.758575 46.347733 -94.444878 279.188568 44.279839 
165.278229 86.908195 51.001221 68.115921 146.043472 131.991058 81.439621 
120.638214 7.892315 11.875998 58.501957 -48.266418 -117.052940 88.765953 
100.550026 26.700407 18.038706 39.933155 26.738667 -91.348579 29.511185 
98.802231 63.463093 -4.892642 77.842941 122.887596 -170.473663 141.964844 
89.003670 70.021156 75.332153 64.022491 210.908615 114.228600 94.262100 
118.191467 6.574677 -6.863064 54.617283 -56.958385 -194.217148 72.368431 
107.304390 50.298935 23.130711 56.526123 132.028259 -67.280289 98.127304 
156.767715 46.364246 -10.754943 95.473320 67.365189 -219.014832 212.389877 
52.186195 50.458141 32.342812 42.584885 -21.141752 10.599657 49.385311 
11.967634 27.466740 -12.752615 40.918793 53.180824 -196.826614 21.712431 
335.565613 41.343269 85.559967 46.134335 -70.575333 244.640930 12.136316 
1.124693 96.920486 41.499969 28.951056 184.461121 84.353592 -60.519352 
64.482544 61.606983 -7.136086 78.031433 119.580246 -168.993301 140.493027 
77.626518 57.477398 41.870636 36.303009 48.567837 77.641075 -12.698330 
73.518410 70.035904 75.523125 64.075745 203.735809 138.397522 102.506409 
638.656555 55.919651 49.815815 95.787056 150.952591 110.808739 247.015808 
46.143299 56.485863 26.474533 40.691105 42.370678 -52.521893 24.653259 
976.092346 62.607117 10.737650 92.382668 208.060089 -107.427841 245.098450 
84.823288 70.381645 75.593536 64.156876 240.039307 154.188034 134.843445 
647.386108 63.181618 10.302968 92.812210 199.216614 -114.906548 171.469864 
13.517016 65.200684 0.487468 71.390816 203.995682 -145.371017 148.617767 
74.347672 70.059769 75.377876 64.109375 210.922485 105.033096 114.568886 
840.937256 63.212784 9.685882 92.377823 201.035233 -106.992409 235.005905 
147.538956 54.146374 29.047165 72.826233 154.329346 -40.903065 139.343109 
142.190292 59.025513 34.748989 92.991943 161.719879 -26.639933 220.217667 
264.109192 50.481735 32.945732 42.534298 -7.063121 -1.756729 37.460083 
120.071922 36.911846 36.707775 46.481709 -109.863960 52.328579 -7.277183 
76.161217 61.449936 -7.302369 78.090355 114.546478 -186.806152 144.550522 
76.976036 68.894913 42.383343 68.443016 81.755440 20.594090 97.796188 
61.064785 65.550797 -22.993767 25.458544 191.776016 -282.462433 -51.845779 
123.390732 54.095356 28.964668 72.793686 133.217850 -57.867134 143.963242 
320.418610 60.656322 8.752940 97.199112 165.148071 -130.538147 280.983826 
784.554626 26.495424 34.980083 44.373196 -100.120003 -20.887003 8.400809 
21.851423 75.666016 46.649944 54.156494 98.428535 62.621307 78.365768 
193.834015 91.532005 42.686882 24.914078 154.122787 90.212509 -105.541550 
969.363281 63.271374 10.584826 92.905777 152.211945 -105.200401 244.716354 
156.460968 41.293228 85.456886 46.158138 -80.617638 210.570663 10.244426 
77.741676 90.746643 57.061512 70.193130 286.521149 46.939831 120.693672 
123.976425 32.034035 2.703335 41.402596 62.966434 -133.717804 28.364273 
60.271202 28.959902 -8.987833 46.640850 53.393196 -184.090836 41.458992 
21.650700 91.644035 42.670116 25.042507 153.958191 99.396851 -78.486809 
887.028015 63.494701 15.143028 94.130539 196.857834 -64.414627 241.113876 
75.968323 69.425797 -10.265785 60.502460 211.829269 -178.605011 104.267372 
89.870117 92.780754 27.768677 88.260139 301.648071 -42.219292 180.874939 
68.626167 28.399004 -7.110712 66.925514 -37.563400 -215.177155 100.228485 
71.739227 66.226288 -3.605590 70.190529 204.258118 -148.531952 136.232346 
38.020683 16.352152 53.132587 48.964458 -10.025236 64.822983 63.965446 
124.169930 47.991791 -7.389796 80.424721 86.325012 -247.064407 144.611893 
264.826538 3.879401 64.831764 63.665539 -194.006393 119.235603 128.544785 
85.888573 30.432074 41.002949 26.802395 -79.135300 13.931960 -38.512665 
66.510353 30.322922 39.716206 28.968161 -77.635971 16.779427 -23.366419 
81.022583 48.379406 -8.746688 79.391907 84.330956 -241.766922 135.988617 
69.751152 66.199463 -3.449339 69.741051 198.235260 -155.750626 150.804153 
86.132500 82.085861 64.989899 88.665787 255.259369 81.369568 202.012817 
97.954041 82.620369 65.716019 89.070312 254.748611 95.158173 197.948029 
31.659452 30.247890 39.682701 29.004585 -84.875481 17.670235 -28.450603 
4.770376 101.455948 70.473022 65.048347 188.242432 211.303650 56.638283 
132.321228 24.633144 32.045010 55.266823 -11.088989 -55.587982 79.256241 
153.123032 49.062313 -6.915568 92.669724 86.372520 -235.232285 209.385742 
52.741608 55.527073 93.936165 20.730957 -2.586983 286.939789 -109.282524 
1.924156 35.491329 -2.732654 53.253410 58.555443 -147.764877 62.706486 
67.520256 21.273373 55.482086 63.570538 23.213175 46.269241 111.207581 
50.335018 55.696529 94.208466 20.797640 -0.784755 293.062347 -106.622650 
76.453239 15.454143 34.040104 56.742134 -31.247860 -40.276276 81.379532 
66.376617 -3.597792 58.271858 46.552246 -95.185104 86.798180 51.695332 
87.056480 65.530060 -23.283442 25.005932 194.034866 -299.095032 -39.056107 
87.300690 54.583057 37.541965 63.461414 23.948330 0.067539 86.215355 
819.161682 66.667198 -34.082832 56.289894 199.036697 -278.605164 87.266151 
260.479523 44.187996 100.176262 66.702087 72.635391 247.690247 101.552902 
74.304886 29.595337 26.976965 53.394321 49.854935 -83.301491 72.715294 
82.824120 25.250061 25.674166 55.478855 0.821209 -71.619156 73.997383 
269.394226 24.692596 32.092224 55.292126 36.441422 -41.860806 96.923630 
85.910988 24.690197 29.618246 54.229263 -8.372973 -57.400524 73.891090 
72.449539 85.679459 53.433434 23.769855 139.473602 91.634933 -72.757912 
70.306938 24.820196 31.888327 55.388199 -0.430868 -43.299706 67.247589 
41.682873 53.851498 26.216675 61.317547 124.719765 -87.735420 96.908989 
56.941505 57.873577 36.591057 45.732948 27.737570 64.264305 -15.182940 
170.280548 24.704426 29.644398 53.994785 -3.754667 -50.305222 62.840706 
291.923828 36.837242 29.796932 36.397362 -49.697437 -10.867718 0.887081 
0.375780 89.438988 46.344601 69.386154 294.564331 -6.617198 132.808914 
0.532096 40.094753 59.484661 58.356689 -57.562840 134.403061 23.091679 
67.735664 4.807847 24.082811 41.346245 -154.420776 -111.162888 -30.992249 
50.841267 65.190483 54.536083 39.202530 30.398708 107.803406 -52.119850 
1.695474 67.258026 32.713520 55.564220 70.340363 -12.125156 67.727531 
80.787811 48.110134 44.907177 48.369671 -16.354944 44.095848 66.835144 
55.744156 57.375240 39.076927 38.196640 62.680309 -6.589573 -20.078573 
46.531673 24.830181 81.754288 32.011349 25.952919 189.343552 -13.064993 
60.539608 53.538280 -16.139908 46.837940 136.325623 -215.760818 62.412582 
95.799927 66.111298 -23.461281 24.974932 183.978745 -305.597137 -55.950565 
131.288040 72.142525 44.348778 95.272850 215.804321 6.991034 227.013336 
157.399612 36.513031 30.245832 36.317410 -64.459404 -24.222679 21.146811 
59.283676 53.701736 50.733173 49.432587 -4.677294 122.121475 21.169882 
117.787422 71.107040 59.421486 83.785011 204.823227 62.414696 183.710968 
65.635529 72.385712 53.124527 74.287346 211.962372 36.466759 142.197250 
94.240639 60.585457 -53.559982 36.069038 104.817307 -419.665833 -22.032877 
0.544295 48.837086 43.111950 57.546558 2.112286 31.978010 91.022591 
51.264919 30.551352 34.492741 27.652061 48.365219 -6.630073 -24.287693 
262.512817 80.165115 68.712715 70.787178 240.809052 103.200829 148.804810 
70.211960 64.163910 85.665024 38.108368 32.532692 241.936340 -41.923508 
7.887614 14.819613 37.181641 55.935871 -144.704636 -2.432330 91.504799 
22.300619 47.932869 -12.532887 14.418013 123.933693 -194.682526 -68.942482 
12.359972 55.810719 52.649677 51.283211 1.162166 106.335686 17.183414 
24.203976 38.393528 55.768963 17.639839 -31.683376 75.829651 -99.119789 
537.464050 74.939857 52.798515 43.582905 111.812119 62.233444 25.100248 
70.433212 75.318382 -6.476839 14.804610 116.723053 -221.431931 -101.443657 
73.218353 74.305084 49.366955 42.282272 107.080894 38.077312 16.225943 
90.473351 30.280428 53.443768 41.046169 27.383774 39.880219 25.643450 
18.068111 35.019753 53.700218 18.136301 -55.088627 52.297718 -96.355698 
123.862427 56.228809 -45.186359 36.788391 89.736107 -384.609558 -24.475578 
99.824585 5.528831 37.797920 116.453094 -195.702911 54.694675 271.246063 
243.673981 78.159859 34.959209 43.157406 103.248138 27.996349 -28.270103 
37.143799 76.865158 -8.204401 15.963470 123.638039 -228.827927 -96.385864 
48.063465 10.988455 36.428185 121.307487 -174.211960 47.934925 292.752960 
34.806248 71.568428 -4.571514 11.113031 94.511894 -209.411850 -122.482773 
45.250736 -0.835188 38.228485 121.361931 -222.773941 55.473141 293.219177 
1.330295 52.065609 22.981102 37.316666 4.346808 -37.513088 12.683278 
24.528809 70.785728 66.932838 66.121605 57.692692 198.106491 61.400860 
0.900133 71.425369 -27.051249 78.519119 169.469101 -340.930817 143.421783 
124.505707 57.779133 -44.832249 39.465218 110.562767 -382.607727 -11.454114 
69.224472 68.554710 -18.009094 66.775047 157.287323 -294.209198 95.601593 
83.407867 58.477051 -40.592468 50.746365 104.774666 -357.371735 55.535019 
7.251449 30.876600 -23.276430 -19.267698 47.562675 -243.770874 -217.453918 
65.311562 26.231781 -47.867767 -53.653854 20.267612 -360.113464 -376.195709 
38.383850 60.737354 -43.326767 44.626095 113.092239 -372.411346 15.800935 
62.074577 82.747581 52.783772 68.529533 125.438400 74.013695 139.183105 
131.208984 69.627487 -3.473914 43.866352 133.818481 -261.799194 -66.539986 
61.997097 64.169861 -2.632198 51.302864 94.754692 -255.232254 -11.419258 
83.921585 44.116814 43.156219 75.525490 91.120270 -6.806942 150.624100 
112.892578 72.333298 -8.069278 51.737446 154.882248 -294.894165 -7.871995 
59.702557 82.759193 52.754978 68.513542 109.366669 82.349014 124.872421 
69.833115 31.539059 48.613647 76.192070 -62.742550 34.974052 134.062714 
75.808640 65.725189 25.635555 53.659218 51.974411 -33.550503 68.734207 
57.819809 82.692307 52.740479 68.430031 115.939171 86.112259 120.488541 
107.037369 73.709358 -15.133869 78.854439 185.274902 -249.588989 127.368523 
107.118011 64.813950 -4.267513 44.971512 101.551285 -266.960510 -58.605228 
30.459953 75.386909 35.661312 61.658577 90.866852 17.804628 106.211281 
18.300615 53.768143 50.666565 49.418884 -0.137760 119.176697 20.751947 
74.597183 67.413765 63.941704 17.839539 81.972549 136.815216 -66.914978 
23.653746 44.269352 61.447914 48.171391 -8.836061 96.351036 36.961628 
66.280327 72.315071 74.174316 94.466217 217.242462 130.775742 226.733032 
136.337479 67.456177 63.353546 17.883753 73.713966 129.161057 -64.271538 
63.936752 64.299316 76.162506 14.884607 27.159462 187.427658 -151.389603 
58.608295 64.129776 89.412636 23.702560 33.961903 266.638916 -105.439926 
81.657898 60.960152 -21.413887 51.237980 129.660492 -276.120758 37.736649 
38.575058 35.382214 53.638485 18.197697 -53.294754 66.204132 -90.334648 
65.196602 77.364975 -25.542467 69.566742 186.376968 -321.751129 97.350685 
19.135468 46.995152 71.890648 45.717228 104.664276 116.728416 39.609890 
26.471992 64.328079 76.157066 14.911269 26.899815 200.255463 -144.605698 
42.848022 82.005074 51.712425 68.283165 109.662598 59.439114 129.639236 
82.640366 57.808300 -33.309868 46.553299 110.227318 -335.390564 23.457832 
50.604042 67.555290 76.063828 70.610817 185.181061 127.935707 140.151840 
6.070574 27.355940 34.953808 48.104862 -105.030731 -34.831402 36.357887 
15.526692 84.193840 54.517189 67.298195 113.584961 146.388885 68.936188 
53.147491 70.431496 -10.061770 78.043114 161.628632 -216.277237 164.580444 
54.985695 71.975441 -5.039961 79.301300 171.586563 -186.560776 172.565948 
12.927618 46.629906 72.808876 44.743408 102.231339 122.359642 33.034351 
53.090912 70.965561 -21.813686 71.645531 164.851700 -289.298523 125.940384 
80.505234 111.059143 52.064407 99.776360 298.042786 -11.060162 180.426773 
46.066326 68.279045 -18.082893 75.399796 149.117416 -267.003723 149.872452 
5.149296 -29.737417 8.137691 71.941895 -203.720566 -119.846436 146.886490 
43.455009 101.946892 57.984203 102.788048 284.163208 99.265381 272.125854 
42.379353 68.208115 -11.061911 76.232674 151.249557 -222.050171 155.175446 
164.623917 123.282410 67.538048 115.107910 408.186432 151.451965 344.472382 
43.036156 124.531693 66.245758 116.138893 406.558380 148.417267 348.663544 
41.602196 129.444183 75.230293 120.687157 441.580414 199.260605 376.177612 
44.451706 123.083481 51.601273 116.277290 403.265106 75.685944 336.785370 
35.625076 83.597206 53.702068 69.411133 119.520264 70.380905 129.860184 
67.976593 61.083187 -7.095238 27.449701 160.005692 -232.581757 -37.066868 
21.172670 74.809891 61.158287 24.254683 105.925179 118.620178 -47.168594 
89.582901 71.309296 60.860008 15.924109 86.456200 105.091621 -92.068748 
48.360142 122.313423 49.734543 108.514740 398.971863 54.807213 308.583069 
14.478669 70.325829 59.064041 25.759361 78.132210 105.621201 -37.736473 
44.738472 123.366699 66.980705 110.332565 406.452118 149.793640 322.647705 
54.453579 65.480942 -26.888668 75.314758 132.909073 -317.353516 148.658875 
57.233875 123.494003 64.004463 116.565948 407.502136 139.433853 348.703613 
43.577061 65.821251 -24.702568 75.454788 132.598999 -310.925781 147.198837 
69.822418 31.926683 -143.655746 39.620617 38.641193 -788.643433 15.370272 
206.984268 -1.334084 52.977592 53.539360 -227.275009 58.253868 70.928085 
43.922905 66.086655 -24.331520 75.528542 138.717285 -305.195831 150.819168 
629.688477 85.760696 55.687088 24.772800 153.414841 106.617798 -85.317741 
76.436028 66.367767 78.346481 30.935146 87.646675 188.478348 -23.497871 
61.103882 73.882568 22.870535 50.227871 73.937180 -30.520512 66.508888 
69.694527 61.460857 74.497452 31.197123 41.942139 168.085434 -14.995378 
45.338654 67.014114 80.843285 31.728998 74.804893 203.888184 -11.541188 
55.181625 66.408630 78.291313 30.917894 51.313683 201.740112 -10.785204 
47.536610 82.836327 52.763485 68.577774 142.149750 64.758362 148.807587 
19.443785 -23.600687 15.248075 86.306564 -175.037766 -87.146225 209.888626 
61.991425 63.418983 78.887611 26.311670 26.455727 224.157822 -89.855354 
0.499420 67.614220 -18.614735 46.798634 152.565247 -263.534973 14.281398 
58.345268 57.416916 48.670227 74.928391 160.449219 7.855505 150.714706 
55.563148 94.897163 12.080361 17.137169 194.891663 -138.533417 -86.074814 
13.321988 57.106171 52.195812 77.749062 148.131821 29.847385 162.786804 
66.282188 69.573547 60.879112 0.748627 75.996948 99.010376 -174.249969 
62.249969 57.735523 50.214149 76.482170 162.677292 17.473335 161.108154 
53.710258 47.844994 51.459045 72.337006 79.348145 29.406982 127.545235 
164.714447 124.003738 52.603710 115.661880 408.068512 80.776894 342.696167 
6.937255 -24.219097 17.016758 69.111313 -182.119476 -74.933731 137.591766 
73.349869 81.445312 -31.230457 35.309483 251.383362 -336.822388 -47.419445 
70.296432 67.392578 63.502544 17.857401 68.571289 119.954399 -101.672752 
43.225937 50.314804 71.000092 45.051380 118.564919 115.137848 41.125229 
50.538952 72.792114 69.351089 -2.429046 95.283173 148.707382 -193.594818 
163.758759 52.962967 -17.992853 13.483118 63.061470 -333.313049 -194.010757 
60.265537 53.015484 50.388996 74.509567 121.370003 22.101110 148.749100 
128.516937 30.770277 6.385063 47.816704 11.755795 -157.288193 44.269203 
945.255188 50.567436 21.699701 58.531590 108.277939 -93.967186 85.043716 
71.674301 73.956589 76.214943 43.024403 75.795319 205.218430 -22.205944 
82.797279 41.914528 61.443607 38.609875 -18.564428 97.330009 4.910501 
83.113449 70.747108 52.171555 15.019567 78.151436 65.900887 -104.862740 
166.248413 67.884636 87.776451 25.360468 204.115814 188.410873 -56.831581 
64.470947 50.193169 61.872498 30.380180 12.143446 98.944847 -37.865032 
138.509689 32.590115 64.647675 62.382061 34.644817 78.334045 119.166489 
48.403816 61.119736 95.460617 36.204956 160.396729 238.142883 14.347999 
48.817394 84.315155 -30.771696 31.010353 220.849518 -319.832794 -58.354153 
56.277931 75.622253 -25.065477 51.402061 195.431213 -303.778046 36.975574 
65.616898 69.059372 -43.516415 33.572147 160.626358 -386.145508 -42.438614 
71.308464 48.905300 -48.751369 40.762474 62.264717 -398.817017 -8.508680 
48.741138 75.797134 -25.005085 51.250832 201.819901 -285.409149 29.051939 
87.769714 80.624359 -30.148762 35.016693 200.934616 -297.950806 -46.997520 
60.549290 62.218643 60.128426 56.326263 193.496277 53.179527 51.924568 
51.601463 73.179718 -23.455025 52.557354 181.383987 -287.230347 41.033909 
99.764610 81.800819 -33.284641 34.353203 213.570145 -363.340027 -57.958847 
0.731702 84.992950 -43.177807 48.402599 230.952713 -379.344666 19.694004 
51.587727 75.953682 -24.935774 50.885910 200.654800 -293.956543 26.380634 
52.450115 38.420177 61.113873 39.902649 69.517334 65.712524 28.967926 
241.780884 66.468689 50.073040 54.857582 58.733799 63.124187 83.635078 
170.921234 80.940987 -42.018036 46.004475 204.145218 -389.251678 8.065251 
40.703991 72.456993 -47.597012 36.221981 158.610458 -422.945007 -33.555187 
37.134224 75.953712 -25.120178 51.059666 174.102859 -289.432526 44.880718 
43.707375 48.507919 65.656700 49.843060 11.136349 115.786133 50.743134 
171.668167 81.092567 -30.934498 35.588684 175.408722 -365.305634 16.346497 
98.606232 88.677170 -35.443352 33.885880 239.426682 -360.331818 -44.463356 
134.178345 81.324265 -34.590328 34.286766 200.305099 -383.833435 -50.212711 
116.686050 83.079643 -37.497673 54.867264 215.518860 -355.564941 51.628094 
144.480209 80.724876 -34.980011 35.740238 216.567078 -347.779816 -35.652981 
50.946774 83.929581 57.887016 46.963020 126.624405 114.325844 44.835197 
49.155838 83.899971 58.006756 47.298290 133.826279 96.040779 37.718319 
296.873077 81.261917 -31.147442 35.597984 236.272644 -335.394501 -26.708380 
79.656334 85.291069 69.823822 15.452151 162.173752 135.498123 -105.252640 
108.458488 79.257462 -30.281225 34.632793 205.240479 -338.436279 -46.050861 
75.346863 82.035629 -30.158155 35.911976 193.433044 -320.369232 -12.535557 
87.149323 41.143047 101.946815 112.220261 74.357086 257.796265 304.651886 
82.791786 81.238052 -31.138220 35.550114 254.179138 -324.664642 -45.941032 
84.552193 81.710854 70.401833 -3.572003 139.870880 153.521881 -188.504272 
86.051147 86.058533 -6.819617 104.163544 234.904724 -258.184357 201.868118 
31.793509 37.807022 18.215858 40.990234 39.257904 -128.693649 16.599876 
604.847351 81.221069 -31.009995 35.593819 194.036865 -346.615906 -39.200054 
45.988743 63.080933 80.417961 25.222029 31.565018 222.006805 -98.400269 
74.996567 122.059303 56.800911 112.382065 398.601990 94.888870 329.924652 
144.224030 81.359138 -31.147755 35.618759 137.819000 -285.961639 -73.843010 
60.786232 79.915459 37.099339 63.646885 98.112000 24.945084 106.758255 
139.671616 80.694473 -53.834709 55.251526 205.510910 -440.316376 42.378170 
62.809437 -2.469108 56.280243 36.620934 -210.745926 75.811592 -17.000053 
559.541382 -0.421457 54.823242 53.083416 -208.247528 65.013329 65.068649 
29.804800 86.074234 -6.806252 104.138718 213.939545 -254.872513 203.059052 
48.157383 84.024323 57.851238 46.961979 117.908791 91.547325 31.454533 
56.224331 60.069328 73.094742 23.305504 18.840975 184.117859 -111.006920 
118.163933 111.158348 52.105602 99.676392 335.576447 -0.371698 196.073547 
100.990143 83.686691 62.461288 17.543459 132.959030 136.458664 -116.186089 
90.364853 83.853676 62.273857 18.191895 134.337601 140.133011 -123.170013 
44.845924 78.815407 64.240723 0.835411 132.970612 97.474129 -153.024567 
45.231033 80.554924 59.152813 2.486852 132.588425 92.844604 -154.695038 
38.875130 78.790169 64.275803 0.810719 114.153267 123.510887 -175.051987 
87.437660 48.246357 50.790813 22.593586 22.698967 45.900242 -79.080482 
123.479584 71.025681 -24.828022 54.381962 176.482819 -299.703033 40.982750 
115.886803 123.665710 64.674210 110.518188 407.693024 142.515289 310.210907 
119.519524 106.971680 64.484253 99.311089 303.042725 48.233482 188.411316 
50.075497 63.221039 49.749126 51.781227 42.213608 83.458565 58.100182 
67.146324 48.048973 50.844090 22.599375 -1.542308 52.146458 -80.107880 
78.043159 70.766396 -0.505557 84.824577 158.794037 -227.738144 110.828804 
56.557663 65.886681 46.500767 49.312817 78.369026 33.745239 28.032667 
67.303940 70.427704 -43.650272 35.510712 166.818298 -388.012024 -35.865849 
32.202789 74.513306 76.542816 43.300201 80.254906 207.192017 -19.811451 
39.409492 49.837440 77.647049 54.078922 114.010529 143.122986 72.470436 
57.608898 89.640976 45.585880 70.773651 141.974792 64.265961 134.281433 
153.285522 77.750343 79.998833 40.994987 84.319199 220.070084 -27.665060 
34.221272 33.068508 60.057209 34.406300 26.008196 58.209309 -18.246761 
26.605986 4.386098 51.057743 50.305626 -202.434616 43.155128 57.051277 
181.709488 62.278954 78.686096 22.099703 75.097534 182.365829 -68.387627 
66.465370 66.176849 84.000526 38.580948 36.319267 239.091415 -39.951595 
79.214508 66.941772 75.527214 28.264494 75.289268 154.556870 -44.957790 
240.843140 46.179173 46.386734 42.464504 -2.301699 32.894341 20.552702 
265.813446 108.233559 88.787994 -25.980299 270.852081 242.051270 -314.463898 
87.705757 85.726952 84.069992 10.974740 159.016632 224.877930 -107.588600 
0.173782 91.557541 74.311943 -8.378651 173.059616 168.995270 -226.557098 
91.522942 68.413879 -21.642754 41.942421 124.079498 -366.461334 -50.428581 
49.935513 59.758835 69.143173 48.496681 27.159050 159.711853 27.269627 
0.139583 104.794594 36.899048 121.248741 317.171143 10.274480 355.532227 
91.993164 29.086100 81.520180 60.404095 12.940159 162.849365 107.964157 
10.253804 38.349415 61.061291 39.935112 82.573433 74.084793 26.660227 
90.321053 53.552467 64.064659 70.722626 118.368149 87.267700 175.182999 
65.518250 62.471550 11.344680 96.536247 116.910088 -178.064468 162.514847 
70.950996 54.198231 63.973938 70.780815 125.406235 87.049667 175.137268 
352.268219 93.058998 -16.147903 48.557846 231.614746 -317.661102 -43.402138 
72.883339 78.792305 24.762918 -1.293209 126.810822 -72.644951 -165.444733 
820.657593 68.309723 -7.722299 41.055534 128.201508 -279.725677 -53.243191 
67.675674 75.023361 43.145473 3.811025 102.020874 28.948576 -145.364273 
92.771973 77.691223 73.556900 58.612465 106.977478 185.410065 65.581772 
85.662308 78.879539 24.573771 -1.126884 130.254654 -84.603142 -165.462280 
111.536644 62.587536 -15.089083 40.860813 77.524040 -345.363464 -54.967861 
45.838337 11.172434 60.722614 63.316029 -137.762741 100.479568 107.959839 
30.523638 21.911406 64.783264 -38.335297 11.040992 82.623680 -319.321564 
68.733963 78.813332 24.702814 -1.240267 113.228188 -69.638412 -193.502426 
1.191690 17.843767 66.329010 -33.796947 -6.777728 88.450897 -298.402588 
12.752829 37.244873 33.056419 37.653496 -58.022270 3.309574 -19.903429 
15.033041 37.244942 33.051804 37.654156 -51.368103 6.947479 -25.059404 
76.745354 82.556557 14.382772 77.190575 210.263443 -101.818512 152.361343 
5.928207 105.410698 56.309479 20.438717 234.244202 101.051880 -100.719795 
15.286290 53.866192 21.762367 39.017590 114.247421 -99.538605 12.495147 
159.714890 119.128738 18.493015 99.499672 407.988922 -112.239998 266.720154 
51.425461 69.432495 80.302643 42.489033 201.064194 157.523422 26.338560 
40.541481 82.620476 -35.250053 51.924294 220.663406 -350.060242 29.685087 
43.735207 78.761925 64.356163 0.830401 116.832489 135.795380 -165.678757 
72.193840 57.338383 -63.027096 95.007172 109.205292 -490.504761 225.294373 
25.468006 51.228615 49.801472 23.752819 13.960126 62.343777 -44.548000 
18.417517 78.456139 64.236282 0.703629 136.756470 126.893295 -163.663254 
39.073723 125.579155 58.870777 120.579269 418.830048 111.924805 355.279541 
73.077148 76.366364 105.186134 28.064993 238.577515 276.659271 -36.302753 
156.686325 16.026615 44.120838 55.856644 -136.686523 30.269886 74.098564 
71.850296 11.331897 54.803158 56.366783 -142.764099 65.128311 71.843163 
52.336506 52.247238 71.753822 59.499756 126.633934 113.474319 95.619476 
73.986946 8.250394 63.907070 50.904388 -153.934555 115.778893 57.694267 
42.768158 9.611793 52.166157 53.174725 -153.652451 45.445580 73.675903 
91.479935 68.791267 -34.599766 50.355919 152.842316 -347.946503 32.069267 
38.799126 9.611126 52.178322 53.159534 -154.179672 52.190025 65.687866 
55.272972 77.358566 -46.257427 50.611248 199.613647 -397.512543 28.225451 
64.343338 104.029678 69.670158 8.267622 244.823273 133.227005 -144.554230 
11.788527 69.187096 -42.815125 44.601654 160.068619 -389.970123 11.609861 
1.601488 75.600586 17.453920 45.452374 151.256729 -168.998962 -59.558422 
10.554440 1.609019 41.616959 52.568878 -182.541336 -1.628825 70.382919 
3.027258 2.100139 60.956806 70.779198 -182.510895 96.773727 151.922211 
39.299431 72.966812 -0.170392 27.574566 140.532425 -245.594116 -134.187164 
101.319969 59.567692 89.374359 32.912865 11.506860 263.202454 -66.132233 
32.865681 88.533691 59.493893 -14.393735 167.875931 87.727661 -247.613571 
13.581823 62.287846 76.768120 26.236788 72.425583 169.466476 -54.918732 
26.231693 88.669006 59.623653 -14.404082 186.051010 111.522079 -247.765320 
18.970354 88.627571 59.617821 -14.389010 182.221802 90.852852 -250.949158 
91.266510 66.384735 18.783016 73.761436 145.477097 -102.007469 148.943329 
1916.154907 62.610214 -27.368170 18.753311 103.577522 -372.202362 -168.955276 
31.152767 9.577055 52.123211 53.184380 -151.279816 52.725430 68.189377 
44.701530 101.935997 68.377754 5.206795 235.243256 127.434509 -159.233871 
29.749029 105.538948 66.976151 12.497950 252.639496 120.252518 -121.704803 
21.115097 70.876167 71.174232 43.686180 204.048660 111.202621 31.726379 
127.604347 66.025497 75.755569 67.662666 184.919617 129.158951 136.499680 
53.992771 1.586788 55.323135 66.806793 -187.138992 67.860359 125.596672 
61.781948 48.749893 79.871521 50.548790 97.650848 162.196838 60.532299 
45.481712 52.194824 76.974892 51.087513 135.717697 131.450790 54.776173 
18.080914 41.667870 46.651649 54.912560 -26.059134 30.409235 67.840210 
27.480629 1.590890 55.345009 69.783180 -187.285751 68.406769 146.940659 
67.995972 9.021441 53.025467 59.444359 -149.443954 63.601986 91.283203 
88.144463 89.281029 56.391296 50.038422 145.602356 97.444046 50.902271 
106.887146 4.524991 69.423416 53.902897 -182.952423 122.589531 72.085342 
60.131882 85.138718 56.405140 46.889942 130.917221 91.515488 43.598122 
62.454609 103.652924 26.809504 83.236946 335.647400 -86.214882 178.994690 
15.252312 87.182442 62.840862 49.163837 149.898819 133.738388 30.905458 
5.386392 1.064938 36.096268 57.057983 -199.204636 -16.120020 72.108795 
68.699417 87.702446 58.654137 111.101631 189.345078 17.710064 263.847900 
63.600056 87.738426 58.606266 111.194946 184.900574 32.506218 256.845795 
48.167740 87.668388 58.582878 111.085220 207.286591 40.761505 263.452576 
1.435655 79.930382 80.932251 17.052263 115.048363 224.219955 -117.869514 
73.989296 55.436916 96.936455 30.642529 25.756975 267.542023 -26.788578 
79.244331 104.456390 82.417198 18.307940 231.167221 211.786041 -83.098267 
64.430664 101.418755 78.717407 24.609337 215.845520 200.151703 -55.663788 
50.283909 88.374626 58.526764 110.587921 197.903229 31.641960 263.013580 
70.316452 58.958447 -5.175467 47.321213 106.526314 -179.466064 19.221464 
335.042297 63.873360 48.832775 50.056870 45.433479 74.213760 40.334652 
46.823792 85.403893 12.187205 25.555609 158.018326 -128.004639 -59.751362 
42.490379 45.706059 7.997890 42.077824 -5.652079 -103.451630 -20.346382 
63.966553 43.076904 -44.195118 50.069519 41.913357 -393.976379 24.042213 
50.375336 65.758568 -26.005453 48.029602 152.090546 -323.504333 21.963867 
228.422043 67.597664 -16.245953 47.428532 164.975082 -256.651886 19.303383 
8.171369 69.778503 -15.335154 46.682400 164.647736 -255.036453 20.405054 
72.411629 76.229202 96.134392 28.141365 238.279404 232.383102 -36.139591 
85.009262 130.709442 25.459658 50.528255 382.280304 -113.248932 12.958465 
79.740883 59.906231 67.695854 62.460674 156.784500 96.554260 122.509369 
62.581779 65.711441 -26.433142 47.078831 152.325439 -325.113159 18.981998 
111.428223 81.702187 76.351318 13.765344 121.194016 204.090256 -132.951996 
469.834656 103.375618 88.702744 17.471689 225.864410 257.550415 -117.226494 
63.839848 68.840187 70.901413 43.256367 199.476639 113.312492 31.749372 
51.699585 48.890484 -17.016588 52.635387 41.499874 -324.276428 -6.182966 
5.443982 48.516777 -17.108335 52.771656 37.587246 -327.574493 -1.755326 
8.310657 105.667885 66.359154 50.652500 233.577713 158.621964 40.470455 
68.712509 45.415020 8.031381 42.278526 -29.526464 -100.926521 -4.259919 
86.655983 8.754926 63.862846 51.068943 -157.147659 120.766945 60.263672 
85.626259 89.879242 30.431358 81.461967 215.911987 -108.787735 120.059731 
156.268265 52.339062 76.836143 51.213840 120.570984 142.147629 71.380951 
75.814827 100.673668 69.721199 50.583126 215.329239 160.138824 7.657662 
81.383385 114.055634 38.021782 48.697647 291.924469 -65.521645 7.262719 
78.033188 62.172249 99.684135 46.501804 11.795147 305.311798 -3.306514 
205.631744 29.376623 64.109383 11.591101 -88.984215 106.863792 -120.940353 
71.293076 69.766281 88.894867 94.623909 202.884705 184.102051 242.380676 
64.047142 100.576385 69.638527 50.696426 208.129761 190.024567 7.308580 
82.360924 96.396362 60.685955 -0.415785 215.917587 97.873138 -169.710419 
37.243172 56.488461 99.756508 75.917709 139.449661 250.966034 143.616226 
55.534805 54.380253 96.349907 77.748489 123.936226 231.655975 158.484756 
90.133919 100.669464 69.717247 50.538509 194.436295 148.958252 51.788841 
53.303806 56.335686 99.706284 76.067413 129.971786 246.559219 153.852646 
33.814537 122.814278 59.590427 104.909401 399.763550 110.369759 299.631500 
76.004379 69.858498 106.266182 71.118584 57.316822 345.638550 111.254936 
76.468529 100.941559 68.378685 50.970982 216.474915 175.832443 39.804260 
93.162010 100.729050 69.785004 50.637897 196.264191 176.965790 43.473236 
85.555984 100.856010 69.640678 50.711452 248.779236 177.830383 67.304413 
112.405029 45.338905 23.977142 44.352810 -23.741079 -25.089142 4.759163 
100.330551 63.744656 53.066025 27.706125 37.774353 92.573227 -68.311279 
57.442940 59.208141 15.030685 48.942238 49.044964 -59.551258 25.226448 
48.833649 70.030624 31.765221 58.756172 164.542572 -44.721783 76.647095 
85.825546 65.035217 45.933952 49.790741 54.041901 58.083714 37.138397 
57.821747 101.612885 70.438370 51.391640 213.913147 166.563477 35.436882 
86.812096 97.198685 75.769356 36.090229 188.017502 188.843506 -12.188843 
95.137115 100.525406 69.568619 50.683399 210.069473 167.840424 35.056984 
82.341576 109.522217 46.528465 109.043388 333.597809 34.201935 312.344452 
130.464798 87.598000 64.489899 42.967369 155.052399 140.108276 -7.299650 
76.906929 137.944504 31.502327 135.188156 489.451324 -0.614727 422.528778 
53.582619 39.806335 7.285785 98.888832 -4.158292 -153.028168 259.704773 
4.579572 12.865709 45.690159 44.563831 -135.512802 32.947319 23.223146 
53.861111 137.445938 28.652918 139.490616 483.448212 -33.220158 456.882294 
93.618210 60.459679 47.112984 44.878384 22.950531 58.330753 -2.326021 
79.474350 67.793190 93.162071 20.443058 104.389786 243.541901 -90.863670 
39.466320 62.138695 94.200378 27.248978 68.825920 250.145798 -47.689674 
42.014290 3.279287 4.524416 67.246460 -170.793045 -157.834610 112.566948 
72.418617 96.496857 60.542824 -0.382325 201.672455 112.019081 -184.633133 
24.662563 76.698929 53.249035 57.341290 105.593338 92.292465 69.430328 
23.348927 69.203308 91.076302 24.447113 104.625450 234.148148 -64.370049 
52.555458 137.943008 31.512630 135.176636 475.489410 -40.871208 444.402374 
103.537613 56.505341 90.653885 87.899330 136.922714 196.671494 203.852173 
77.889648 114.651627 37.999413 48.747898 296.683563 -51.232224 1.003097 
68.215546 88.547691 35.347782 92.257698 265.373444 -49.434429 215.456970 
53.423973 137.592621 28.136513 140.262421 481.895050 -30.934988 453.357819 
56.877922 114.640556 37.999744 48.752541 297.451752 -49.089458 -2.195650 
13.092669 2.637400 7.153477 66.012466 -174.736206 -141.452087 104.704712 
36.971954 131.635803 15.962522 153.587616 451.290558 -101.579445 533.500244 
119.285233 48.671139 50.239182 22.627089 2.725049 44.687359 -66.767937 
22.497608 149.093063 58.754848 135.510208 545.076599 133.525131 432.627441 
5.634943 16.276464 44.090668 35.837963 -120.081749 23.734081 -14.157269 
54.348774 115.072815 69.052254 55.953434 278.826447 160.598923 82.215492 
11.363650 3.944193 2.256546 64.842209 -166.435364 -172.715759 97.521111 
62.130444 86.044746 40.492374 99.075737 250.049210 -17.980896 259.301392 
42.022739 88.726196 34.826263 92.264214 266.367554 -53.636951 219.956467 
38.575890 89.450829 32.274708 89.775215 271.195618 -66.614052 202.599030 
48.387611 77.934685 103.468300 10.598516 245.801636 267.962585 -116.941971 
15.472865 86.649811 37.912792 97.172668 253.546158 -32.742298 248.113449 
60.001228 83.198303 -1.396814 64.285408 223.730820 -197.662048 94.691887 
44.482758 61.163834 63.186272 46.702671 34.076679 133.613876 17.330877 
119.574165 111.867821 50.764599 113.046410 346.769745 51.139000 329.903961 
65.582733 53.985538 89.431465 58.384235 129.468750 200.079742 101.920555 
0.510772 102.701859 -15.304068 58.805992 311.351868 -262.249268 70.317909 
8.926437 35.010044 25.252865 80.471596 -21.744446 -66.382011 179.773941 
81.198402 84.024239 70.615555 28.041292 126.170326 178.475052 -67.135941 
48.718613 102.834335 79.539909 24.122757 214.673141 205.780884 -57.014198 
46.910927 102.275093 9.631276 68.331726 315.289764 -148.015549 113.107407 
45.600132 71.642151 65.165565 55.100510 79.432869 143.789536 56.941708 
4.791934 83.920990 56.694813 43.615627 135.064819 112.857590 -0.232510 
74.597282 58.376423 103.410614 97.578712 148.585953 255.663635 258.523041 
50.141876 138.925598 49.659481 32.718418 424.098541 18.326508 -56.033260 
9.046296 30.195267 29.385063 80.461754 -44.747238 -45.813461 179.628113 
70.159775 111.815323 50.615829 33.584084 283.215088 3.172673 -70.268890 
83.867813 61.141541 16.167351 96.508232 96.935608 -122.347816 242.713089 
85.025925 94.756874 66.374573 13.159730 201.245834 127.697037 -112.679901 
88.571342 93.980507 63.709721 83.212296 185.515015 142.135880 194.368439 
70.852707 120.576096 47.248127 112.229446 393.050720 52.260075 323.249451 
64.085243 48.713455 79.834953 2.204654 95.822670 164.284760 -156.074768 
1.906251 42.786526 0.912843 85.369789 27.235128 -176.451248 208.064163 
63.863388 94.165192 63.465546 82.905098 169.906570 140.510025 182.853027 
16.097797 70.805092 64.007149 67.343880 59.773239 148.334015 91.217613 
76.937080 48.675671 79.533844 2.856561 98.129852 161.547882 -149.612167 
62.484032 5.285691 38.899437 53.131882 -170.407593 -0.169372 60.902710 
94.630882 110.611351 87.704300 -25.071865 277.393463 239.909302 -313.652588 
277.490356 85.948090 61.592239 39.610573 138.385513 124.139076 -9.977330 
97.847404 96.942085 67.845970 86.505310 194.190369 150.893600 208.365677 
51.463501 55.642757 39.323494 54.484718 5.959596 29.707666 48.827801 
1.546269 19.222620 45.057846 49.709114 -106.381783 26.769878 52.456123 
71.399117 78.785622 -4.677306 87.788208 195.416473 -196.564468 208.821884 
23.859474 73.599655 81.453339 59.423714 84.805954 217.836960 83.271156 
86.445518 61.618603 5.270354 90.369560 108.941086 -153.128784 229.980927 
147.508133 110.686531 60.576004 95.832512 345.475067 126.364883 232.803772 
37.107174 82.403130 75.634109 27.913439 122.363571 195.813049 -79.707726 
26.065540 5.396369 61.428551 64.528557 -183.696976 89.446228 104.766998 
302.880280 93.927513 63.649799 82.764030 182.256790 130.397522 196.923615 
89.119080 78.454498 -4.736237 87.670021 208.992584 -206.233673 214.778152 
73.512787 91.926697 92.925941 -11.988377 194.069122 249.748398 -240.504349 
90.331406 111.848297 38.377068 122.339958 349.491669 20.805386 361.573395 
41.769978 11.958085 31.960854 51.208481 -141.531189 -42.967445 56.432575 
1.107127 72.961578 1.336962 78.863297 161.667862 -166.414200 171.130173 
79.214264 9.820147 58.851768 67.318077 -151.327072 86.072975 129.509506 
43.231709 112.266136 50.722034 34.017578 282.985931 2.984774 -66.647362 
47.914318 101.172043 53.192284 39.739655 227.249008 14.922065 -37.610092 
19.180031 112.268768 50.564232 34.095654 283.219849 10.745478 -69.466339 
38.448544 114.624023 53.454571 36.693024 294.614166 17.134148 -55.049072 
63.948399 60.893612 101.202591 30.402029 161.711472 259.186462 -30.175673 
87.089973 10.566148 31.174257 49.983501 -145.437210 -28.789797 44.152275 
52.926159 65.953316 6.256000 92.404015 133.020309 -150.640259 238.251129 
53.331238 12.913732 62.795986 69.912704 -123.266106 101.844887 148.708771 
31.589130 10.726569 64.030220 70.382996 -138.375580 108.764008 151.827560 
21.215961 13.119800 63.980034 70.122360 -122.751175 105.204681 149.357986 
4.974367 62.525600 -10.332476 55.438427 118.067657 -238.703003 56.215385 
76.978455 96.512817 65.429001 83.756668 188.997238 133.435913 200.455063 
46.192520 112.111740 51.137959 34.262917 278.383728 8.614111 -59.606514 
53.686966 56.716038 94.403282 98.585930 140.953018 212.237427 263.633484 
74.453445 90.800079 92.556793 -9.334065 191.194534 248.101944 -229.396149 
149.341019 88.197929 7.104671 94.461250 245.813263 -128.169159 219.542084 
74.208115 72.920700 76.244225 60.393192 79.074104 189.467407 86.869797 
51.561954 69.091576 -26.747292 87.150848 127.362267 -332.505859 186.012711 
95.392937 103.552635 99.104034 -15.843185 251.145813 299.882141 -255.863144 
71.473450 89.488068 22.877935 70.755867 244.160568 -87.581200 127.560379 
74.749321 62.956242 86.508011 55.240677 33.282734 242.749756 42.188148 
64.769165 62.583050 86.897980 55.083878 21.923462 255.343735 37.260078 
107.671982 65.798637 -10.387684 89.353165 116.893211 -222.675781 204.863312 
9.690271 60.597275 100.238937 97.324471 159.637421 244.520218 257.147064 
63.415401 12.355091 31.370867 51.245140 -143.417435 -24.464645 59.026794 
43.625675 103.803886 66.385750 52.097462 222.940781 164.416824 39.607525 
0.062296 119.270828 34.340012 80.919601 354.922058 -84.793106 122.318764 
69.007294 76.162636 13.761280 95.608742 189.441605 -85.930809 227.372009 
59.368408 45.421150 -15.480288 105.443718 26.407269 -235.084946 291.591248 
94.126114 75.735535 13.472501 96.138832 183.569351 -98.123596 230.656891 
69.695915 59.225903 -8.630361 90.297630 107.739624 -202.816589 199.004257 
40.601494 44.113632 -14.258507 106.422096 22.167540 -231.308914 294.638336 
52.262566 104.162529 89.660194 -17.318951 244.155807 259.306458 -268.211823 
48.657787 104.172676 89.799057 -17.323830 262.493896 246.607880 -250.805695 
10.199003 59.165966 100.288551 97.091545 154.397751 244.827454 256.175842 
85.374245 1.229024 63.079700 73.952644 -200.809998 97.337616 165.461288 
67.590889 114.002853 24.953806 114.965096 361.748322 -44.815418 326.723724 
91.743050 73.181305 6.427785 97.440887 174.423996 -128.548737 229.206238 
31.247051 103.917961 90.026741 -17.327463 243.652115 253.410309 -264.636963 
2.787684 24.318136 63.543392 55.632416 -77.662315 102.258522 80.951057 
70.835396 4.846710 55.051361 69.032036 -181.991699 59.190281 135.816086 
13.176255 27.185383 125.369659 101.674545 -12.419064 374.417236 274.206848 
19.508757 11.398903 30.522108 50.887341 -138.103073 -30.644016 49.049919 
29.025846 68.351357 9.263851 101.941132 147.937317 -115.387268 250.815948 
127.989189 72.176277 1.518398 70.304535 170.663483 -159.351196 95.198212 
68.696602 115.123314 62.825153 52.473907 279.024597 131.380096 65.605980 
360.742706 86.072754 -7.466867 81.299942 236.474472 -204.937592 157.785828 
26.244059 11.222128 32.298958 50.759499 -138.661057 -32.521358 57.635426 
82.062798 12.090300 31.443581 51.096378 -137.763748 -30.534510 61.395618 
23.580772 16.974714 28.457382 49.392509 -105.611664 -48.242847 46.731892 
56.493649 90.202599 79.506065 -16.680422 183.606018 206.018341 -246.101913 
57.136429 54.257275 9.086017 56.720264 79.368011 -140.019257 65.071106 
43.493389 48.263931 78.002579 61.620277 -41.098633 204.404037 91.555450 
87.049644 63.592144 3.815186 104.496605 112.004211 -136.163422 269.418091 
41.778461 62.941605 93.317207 32.851925 171.484192 224.180267 -19.195835 
26.767553 -5.258098 40.030785 47.919453 -216.677536 3.318585 38.024845 
39.541252 -5.219246 40.026726 47.909706 -238.715408 2.603657 42.383659 
24.500504 39.893074 7.397890 99.075111 -0.994635 -150.179657 267.396240 
26.853407 54.292912 8.977609 56.714439 81.414696 -145.814636 64.733833 
23.467443 69.472099 12.523620 49.056416 161.986191 -123.409752 31.428528 
11.106791 69.114120 12.850981 48.312611 161.765961 -122.268372 29.404175 
7.854406 27.273294 131.899551 104.309959 -12.438182 410.003815 288.999542 
77.594208 57.032143 17.785650 109.203613 85.102158 -91.284752 322.322540 
6.837758 65.356537 87.349007 30.707554 187.915436 184.644302 -33.042057 
27.055861 93.083321 42.769123 54.651196 270.791504 6.397429 62.739639 
42.055523 53.517597 72.149796 73.936127 -15.261656 174.645447 149.777039 
71.706787 63.093334 82.452568 26.718447 76.599640 196.697174 -53.288696 
54.142067 80.225334 106.901077 31.748018 257.546967 282.164917 -22.119659 
60.661945 85.089363 111.942360 33.592201 285.823547 311.878326 -11.319604 
17.311131 34.349152 9.436497 98.506905 -36.865238 -138.985077 261.166748 
218.265869 60.535908 26.358761 58.559818 102.092896 -70.449028 90.872719 
64.736183 75.515213 19.146559 44.847179 180.392609 -101.151291 16.901487 
53.907871 81.842308 34.051258 53.074886 210.889893 -35.597038 62.789150 
104.716331 63.969555 11.955790 104.302620 126.990593 -105.400269 265.669983 
31.604322 80.304466 35.121185 53.578259 201.676285 -29.796940 66.124619 
94.633018 69.719604 9.486502 98.991257 157.218887 -119.381630 236.928146 
30.634035 107.472771 13.312316 117.008713 327.076904 -104.192902 337.160828 
46.428192 60.115891 21.872526 90.275162 95.581451 -66.309357 222.530060 
72.995682 73.683029 -4.259733 115.220360 180.514832 -190.962128 331.944214 
59.165215 59.797028 0.026336 68.547554 102.885506 -185.829239 125.461601 
100.645317 19.427370 64.430199 58.190617 -96.060699 106.330345 95.292412 
435.824066 68.752846 -26.561472 87.693810 146.089447 -321.436249 204.231903 
87.729073 69.924721 6.992994 76.387268 153.533264 -145.728577 146.833878 
30.783834 61.926434 25.549793 93.740906 107.323792 -41.725864 244.195312 
465.868225 53.490559 -15.249974 108.205261 70.815483 -267.503326 312.477753 
71.640839 61.516792 -22.617790 106.211586 117.315369 -310.849091 300.572083 
32.825832 44.774376 82.585419 83.765778 -60.646000 229.185822 200.664688 
92.029915 65.677521 -28.198715 84.039780 137.812210 -340.283447 187.196411 
42.599388 44.861534 82.505692 83.531677 -62.642475 230.347519 196.974365 
41.054035 46.239552 81.036316 85.819267 -54.657173 220.473694 210.873138 
38.569141 68.111328 -19.001245 76.417831 147.828125 -289.925659 144.661362 
40.196835 46.929604 80.385223 86.729568 -51.724503 220.709412 212.946259 
47.607861 43.661774 2.191809 117.354530 13.407285 -174.564178 367.078857 
58.027988 75.212074 -22.986038 89.284660 176.803802 -281.679932 203.458740 
19.473955 66.448349 -19.183571 77.844139 139.716080 -291.264709 153.915680 
98.802933 105.041435 75.213371 -13.647182 256.808319 171.357590 -247.394653 
142.850403 1.829349 51.573730 46.767807 -203.900101 52.517876 27.193192 
51.155262 24.189528 58.235981 59.768513 -73.894302 74.833679 93.970734 
25.645586 114.253708 58.346031 -21.925669 301.221893 82.843918 -289.240356 
54.811012 69.083817 -23.317528 84.569023 146.138611 -313.447388 194.661026 
10.195048 112.361877 13.049533 91.001686 329.552368 -182.412521 176.419006 
49.540207 32.109299 72.486504 54.991127 -37.150578 156.054840 76.176170 
88.769470 22.873882 0.363084 144.349289 -97.837723 -137.906601 491.612427 
23.506577 24.178413 58.202419 59.721458 -74.271881 82.165955 96.286362 
39.744640 102.205345 80.796593 -28.115858 241.453476 206.332047 -322.855927 
72.402763 85.062820 -28.196365 93.720222 235.315292 -312.511719 230.307556 
60.271500 93.148285 -32.564674 90.023872 276.200134 -335.496796 208.924377 
19.712074 32.165352 72.539055 55.040016 -55.868462 140.626617 52.079376 
16.611954 103.634644 81.909554 -30.279688 247.922638 211.444153 -332.289825 
50.809372 32.112755 72.571480 54.888538 -39.902290 151.572723 72.517731 
35.608635 29.670723 80.887688 56.321663 -62.040604 222.822662 82.279549 
17.334370 62.260174 4.456511 105.893196 125.637856 -141.380402 269.747345 
19.540388 81.405151 67.678696 -65.489433 163.331238 154.860306 -475.888611 
96.496605 97.793869 87.217773 -28.214012 218.648087 238.325577 -323.343048 
16.717810 81.107193 65.792465 -72.335480 162.061569 144.951675 -513.133728 
1.895488 128.883179 86.295090 14.600099 373.817535 211.900482 -126.500549 
107.068443 23.681189 63.758938 61.690994 -95.431206 129.211487 104.522835 
77.312355 23.063765 63.947880 60.627796 -95.781975 127.665916 101.800369 
65.193329 68.601410 -13.454700 119.520058 145.476974 -208.871140 343.554474 
90.375259 107.781433 61.607491 -18.826931 265.835175 99.981262 -273.787506 
83.761116 79.849564 32.986622 53.745953 199.216965 -44.487541 55.916458 
12.069915 65.227203 45.871292 46.275242 129.980392 26.825365 24.144522 
81.580597 9.834405 53.408379 62.061764 -149.458420 58.171066 105.431549 
248.521179 56.956818 21.646378 106.574974 80.661545 -56.148521 280.072906 
496.882629 23.349607 64.392677 61.141163 -87.620285 123.094383 107.077324 
130.195602 63.420551 4.369673 104.540604 132.388245 -141.990845 266.430878 
79.754967 100.514236 55.404995 -9.125642 227.070724 68.307495 -223.458435 
65.470093 52.800503 17.316437 77.797195 68.256950 -93.319954 156.424576 
73.373032 53.041523 17.712631 77.538139 63.337254 -82.843575 152.377899 
51.968983 42.304440 -23.134796 134.588364 9.751770 -265.199921 435.835602 
15.357460 44.769375 -24.546976 135.913467 21.250742 -273.790710 441.962585 
16.483122 45.718349 -25.161018 135.564957 25.029634 -274.383392 442.036713 
64.524239 44.546539 9.835926 119.155479 19.059155 -138.981644 372.819122 
34.821014 48.558331 -20.561232 136.541245 41.454277 -252.117233 446.626251 
62.639069 100.667183 58.807285 -23.375341 228.855804 91.101173 -293.018585 
41.073368 51.997646 6.089155 100.870003 57.969669 -139.679306 256.133453 
37.084770 52.901600 17.463114 77.887367 50.719719 -91.377350 152.363861 
42.482704 51.858536 4.371937 99.174660 56.971302 -145.711060 248.485168 
68.343918 72.994194 1.472470 105.929283 169.338348 -158.726120 278.081268 
63.364250 32.268242 -7.437033 134.685364 -47.915611 -179.653244 434.408813 
88.220032 68.370880 -26.803965 87.580124 162.097275 -349.935608 216.610031 
141.760284 15.734179 67.137894 66.132095 -121.762573 122.970169 126.259865 
54.514130 100.698967 58.770782 -23.415981 233.227646 83.116730 -302.142548 
35.044270 105.966576 62.241333 -20.705973 260.341644 104.950928 -282.176117 
22.686947 51.900509 20.317074 131.117889 63.768017 -74.198387 448.061554 
121.970467 59.314480 -27.070667 84.344887 104.147972 -322.953491 184.541290 
31.752316 51.604397 18.380308 78.453850 61.269382 -83.637749 154.500793 
32.950184 58.596001 -9.568418 122.394981 93.132912 -189.773560 359.365784 
18.018478 52.843182 -18.840189 122.819138 62.639656 -237.894562 362.957794 
55.208889 59.670456 39.101845 93.265648 99.765465 19.859053 236.182007 
64.136292 49.938484 7.873324 92.746880 46.689110 -137.407516 212.212982 
89.166351 92.753014 0.904512 120.935486 272.209320 -163.904160 361.237244 
199.758713 74.002167 11.436975 75.323776 175.193710 -118.301491 142.027466 
92.967461 65.480743 -14.380880 93.520058 128.940002 -261.260193 233.638123 
209.424362 56.934723 3.121971 77.647728 86.729462 -162.438980 154.058258 
86.083862 71.049446 4.115171 80.534615 157.433029 -157.999588 165.088684 
15.660768 83.387367 -10.901349 117.559151 229.708496 -228.099121 343.960358 
