8.114315 63.566254 -109.748734 11.401439 63.575108 -412.414246 -84.726830 
531.228149 25.772501 25.128695 247.548874 -19.370102 -84.562691 491.162659 
22.280993 29.682539 -128.567688 43.197639 2.907694 -455.113342 19.252924 
526.865051 23.133293 31.153439 251.342712 -24.835131 -72.575989 499.146637 
1534.517212 -37.081062 -102.288872 23.294632 -140.064194 -390.603943 -49.216099 
63.088520 76.683403 -46.293079 61.178120 109.285156 -248.862396 40.095776 
51.193348 56.701027 -26.463816 110.009918 70.730972 -218.895706 125.308571 
65.507515 74.490067 -41.938499 64.281853 128.764557 -255.195801 26.416275 
39.761818 62.813805 -31.222675 100.496010 87.888458 -231.417038 102.194328 
70.325806 76.894249 -46.542194 60.822285 101.461136 -300.799011 6.801784 
56.631363 76.585960 -45.623550 59.977116 134.956238 -272.785034 6.964365 
66.639915 70.479958 -47.893444 54.253490 105.711380 -278.056641 0.953465 
66.582779 74.136612 -40.242405 44.957611 117.743629 -253.755737 -29.848101 
57.701401 76.930786 -48.916943 58.851440 133.930527 -279.096130 10.157971 
86.846504 63.514652 -41.581116 49.476856 80.938812 -257.155731 -23.673565 
41.976852 77.344467 -25.393101 58.922703 129.062057 -200.725769 8.779524 
68.855766 76.386238 -45.684265 61.584366 131.705048 -266.471497 13.377450 
61.005081 76.657486 -46.169197 61.000809 83.210281 -281.779205 14.930025 
47.316391 76.766861 -46.225368 60.923115 131.619934 -306.287872 -16.682541 
93.821617 63.261627 -45.681271 77.032639 79.916954 -269.811676 72.911636 
74.055054 85.974571 -58.676189 -10.397154 97.002747 -252.530807 -126.998566 
100.310783 77.898102 -49.465878 1.266989 77.238876 -228.819473 -92.511208 
110.612358 76.668892 -46.078873 61.012123 150.830032 -241.449646 20.754326 
184.528137 76.661781 -46.149876 60.971920 128.749893 -273.638702 25.292067 
99.120575 75.466103 -45.946030 65.758186 124.249466 -269.996490 25.537951 
67.923553 85.081238 -55.195747 -6.709777 97.456810 -248.640015 -111.945839 
126.025848 77.677933 -49.312218 1.970153 77.170639 -229.609299 -82.465240 
60.448421 86.040108 -59.238976 -10.684766 105.574173 -260.670898 -116.372017 
20.467089 50.450005 -50.994869 132.154007 54.444057 -267.185730 184.269104 
26.525383 -101.857903 12.820236 216.421936 -331.101593 -111.011101 422.506165 
52.200424 -41.134464 2.509717 152.025269 -177.067139 -130.255157 285.163208 
485.668579 -45.859066 11.929966 157.028778 -189.737457 -93.415245 296.797913 
185.413422 -46.887199 12.109462 157.222412 -254.101410 -82.147865 310.399719 
293.299286 -47.117622 11.292899 156.355667 -194.510056 -100.797966 296.852936 
310.878052 -48.313160 9.539727 154.945541 -201.984756 -92.622772 297.858246 
274.444092 -49.544579 4.303023 151.827118 -214.570877 -117.049133 283.816437 
28.516537 27.755455 -29.388510 51.976662 9.595985 -224.311264 3.701224 
95.516441 -46.887699 10.333641 149.338333 -206.249802 -95.641853 279.121033 
259.808319 80.324890 -68.031326 119.332390 101.200859 -274.680145 208.479813 
70.271927 111.332893 -66.783607 42.596130 186.520920 -321.175110 -14.920881 
682.207092 69.135811 -68.581772 106.392395 50.852310 -277.706390 153.278122 
96.639351 76.412674 14.816174 41.656914 37.653835 28.493177 -24.663033 
210.103180 76.248764 14.614109 42.544357 37.761906 -53.378883 1.883692 
272.319733 76.256454 14.445884 42.234303 43.331650 2.739969 -17.892712 
200.870361 76.253914 14.447729 42.534081 52.207474 -5.161127 -36.728870 
126.430672 69.127068 11.344218 40.931786 38.627686 -29.794960 -37.927731 
225.697861 67.918022 17.366211 53.368088 27.390335 -9.005169 5.508308 
10.437791 54.432541 -53.628998 73.148857 50.057743 -263.825409 78.895073 
171.720657 75.722420 14.120255 44.058147 57.774899 -19.193216 -56.178577 
100.221527 83.600471 44.588699 72.746895 91.997955 18.781645 71.003532 
173.126587 75.933975 14.485614 42.302544 48.813210 18.118423 -51.039242 
103.717255 77.976173 15.446416 42.482571 36.106560 -28.216770 -35.184784 
357.627258 -8.906118 132.068039 43.331612 -154.482574 271.984161 5.451283 
99.656975 76.366562 36.367733 70.186493 72.636925 -11.577687 64.400566 
353.789764 76.275520 14.472836 42.265446 87.600044 -55.429607 -43.389835 
147.153091 76.095459 14.294813 42.808983 26.182150 -49.442177 -64.432533 
212.693695 78.482117 27.191032 19.697975 56.754379 15.260913 -84.015266 
56.310188 84.204010 44.459553 72.930031 104.059776 12.017303 78.208344 
120.250610 82.404724 60.045486 107.076660 68.316910 90.871208 139.448792 
96.297829 79.789757 23.284958 92.142685 55.907772 -4.368931 99.412331 
256.357849 190.488266 54.285572 93.275688 442.587921 26.825426 143.327103 
117.881424 83.489822 44.098351 50.547749 81.411888 3.631788 15.902210 
431.008728 49.223312 88.338081 43.940250 -2.734254 166.991486 -2.768300 
268.366425 -16.641695 127.058395 53.172699 -182.818222 253.493927 41.548489 
162.409729 40.774612 99.721832 37.988964 -27.771294 188.833694 -18.543045 
10.925844 128.403015 51.239189 7.919342 192.249451 76.988441 -105.831581 
0.763070 86.502357 33.674164 55.829117 85.181160 28.503904 3.451688 
127.812782 83.011421 21.530846 61.471008 80.357140 -43.945042 72.756279 
286.423187 -2.738499 140.966324 31.593390 -62.050941 275.690704 -6.867399 
97.592079 34.731503 -15.011506 129.963593 0.170936 -145.447693 259.165710 
253.110382 -7.030877 166.057648 34.544773 -71.775475 338.155060 -0.556222 
123.172760 76.726013 13.840235 42.194366 81.218651 3.166736 -3.171818 
118.307701 81.728615 20.611094 62.809353 73.797272 -21.781570 58.178200 
125.730492 143.655670 -52.869438 54.753315 300.155334 -256.331848 51.358807 
88.992325 143.018280 -68.578690 48.080551 306.695435 -301.868500 33.485729 
636.450989 80.490204 29.307076 60.828224 72.643898 -5.674720 62.415741 
112.216156 74.754028 33.329163 42.510719 62.357311 8.873224 14.488079 
144.707062 115.378510 -81.300224 26.553135 211.109833 -345.887939 -32.298630 
159.213516 123.766838 -58.487896 58.749622 237.571701 -273.066162 66.214088 
4389.939453 112.705444 0.335773 37.308083 235.893234 -90.179962 6.508113 
206.283768 122.654846 55.555183 15.935528 187.700165 136.402466 -127.059731 
73.349792 84.760178 34.308857 55.387848 92.858475 8.738837 40.998669 
70.749405 34.735664 -15.008136 129.956528 -24.464664 -141.824509 215.836243 
117.398415 127.438644 41.503212 2.849009 188.980896 57.937595 -134.266464 
85.661362 82.820145 32.875626 59.639690 81.679794 -3.748736 59.753483 
110.737534 116.391724 -86.708870 49.393578 216.763062 -356.359131 34.070812 
94.448181 88.580620 28.982121 52.117805 96.580635 -1.721976 40.016056 
120.370743 122.324226 -55.585922 59.794342 238.017212 -261.471252 94.771652 
394.793335 122.803940 56.856422 14.518458 189.326416 105.649094 -98.268898 
161.324417 95.315826 33.299084 50.962715 150.076706 14.066696 9.275296 
59.866463 89.167099 45.124065 20.918917 107.333984 15.090515 -45.446766 
305.729462 151.762497 -74.782135 57.010101 335.638184 -321.541321 60.329548 
65.340797 86.014534 29.788666 63.549938 91.001732 3.172790 70.180992 
147.143082 123.773895 -58.619400 58.723263 249.168961 -269.042450 69.220413 
230.377258 75.100121 20.111309 61.938290 74.602936 -37.571838 62.029224 
78.570976 59.909836 -46.382816 71.046738 68.720779 -239.102936 72.117126 
228.877777 122.290504 -55.748222 59.843250 243.364487 -268.090332 54.711845 
60.043411 27.460112 -4.573938 120.798027 -38.609882 -110.415298 216.972214 
53.884613 33.399193 -73.583481 130.776566 0.190901 -332.995087 232.646530 
267.287354 80.260872 40.341808 64.635056 74.772820 37.774731 73.170052 
187.195206 115.255692 25.690256 22.466177 160.542389 10.480436 -81.848869 
169.399139 82.760254 33.380348 59.835487 77.871559 11.239498 54.430382 
83.262367 81.459702 11.746608 63.971359 75.757004 -53.625580 68.194504 
69.780663 57.300983 23.883724 130.177704 63.873447 -20.883318 238.429993 
69.456772 80.590294 34.024677 64.068405 82.480400 10.497547 72.901421 
363.029724 127.105186 56.880108 10.088367 188.775574 99.397804 -112.801956 
297.279755 124.185371 57.921059 16.714304 171.434906 93.015778 -99.199440 
200.807007 81.890869 26.647734 58.879524 81.149162 -22.702742 52.486153 
482.519867 122.467690 55.706059 15.763571 169.776718 80.740662 -103.199707 
878.992920 44.500175 -62.692635 48.958771 67.111473 -245.787338 34.207321 
64.875076 86.182327 12.703870 50.954258 80.314552 -24.808142 -19.634975 
79.565643 70.466133 40.205620 37.130459 35.417915 29.322372 -45.295322 
91.478004 34.350777 -15.267116 130.441971 -23.610949 -153.222351 260.757446 
416.669495 77.095284 18.911261 62.449547 58.226315 -39.950005 66.438461 
1796.128174 110.025055 -70.743980 43.757481 183.103836 -320.426605 -7.135728 
28.107843 90.940269 9.334997 46.873928 93.712738 -35.304802 -27.064816 
484.056702 164.570328 22.257496 64.741135 372.671844 -35.019176 86.422241 
68.068390 -21.777794 -44.765362 50.158642 -109.133026 -218.838608 33.256916 
149.028412 -2.992213 141.429184 30.875101 -63.490959 270.214844 -12.430891 
73.449989 -45.944599 66.160683 89.417274 -245.397476 73.505150 136.096359 
70.636284 -14.027735 -42.695023 69.849869 -87.847992 -212.672180 84.855507 
47.528919 57.402931 23.956343 130.174240 44.837334 -40.086250 224.878357 
590.201172 4.059713 74.751465 76.970619 -111.409103 92.464981 105.118202 
493.939056 142.376617 -12.871582 81.456429 316.776367 -112.925606 120.124275 
75.403030 -17.924059 -42.905869 58.679886 -98.764290 -213.719360 55.249783 
112.514832 77.727966 16.760151 41.471588 56.974735 -34.599270 -37.130310 
118.057083 76.826561 15.151722 43.560429 66.124657 -24.126520 -5.839638 
356.559235 -39.823074 161.277725 -11.186641 -159.222458 322.766144 -117.952515 
379.326599 125.095253 40.207588 5.981826 188.203278 59.059322 -120.391518 
22.829065 57.869507 23.935703 129.733765 49.663273 -27.122425 243.826691 
1389.745850 -24.053131 -79.166130 27.458691 -116.537682 -306.468719 -16.349001 
0.011308 71.049751 106.809280 0.510895 44.841839 207.713699 -125.017067 
262.007996 49.669197 31.917542 38.413620 -0.779040 -8.772661 12.135448 
103.113129 48.490383 -19.171309 114.621086 18.705009 -142.067902 199.868179 
146.191498 77.729271 14.612026 40.010117 52.822289 -2.114884 -47.775669 
80.920341 110.664833 -70.900429 43.689999 137.942184 -304.298340 -27.167686 
81.332024 36.611916 41.286339 70.271721 -43.244457 42.237381 37.424809 
583.475952 122.824654 55.751152 15.219508 177.974106 88.999062 -78.447594 
154.906738 71.089165 -39.774548 -6.595953 63.482231 -226.724167 -115.660309 
12.415420 140.113419 -6.003834 85.624344 318.534180 -110.964958 125.539764 
119.699326 81.481377 20.858509 27.429289 61.346916 -5.490447 -66.380493 
1424.098755 51.937016 -51.408669 50.022423 71.192497 -225.876343 47.184479 
446.227631 111.446289 57.120499 94.791023 226.161499 27.786839 148.286423 
90.691086 71.394737 14.838269 42.812538 38.404995 -25.719658 -33.444443 
2.330571 46.526955 57.732891 53.934158 -27.379095 75.957588 25.269697 
55.070248 54.831036 63.189919 52.004951 14.542460 99.804794 18.881456 
76.520386 109.100838 -43.854504 98.474556 213.262436 -227.863220 143.590332 
20.001036 54.920563 63.207272 52.134136 -3.715837 96.810188 19.969095 
55.522301 109.760231 -47.734528 85.226372 215.167801 -240.051834 101.118774 
314.479767 128.574677 54.079224 75.522324 187.450104 87.782562 62.949623 
37.503315 54.760086 63.176487 51.989849 -0.338497 93.645317 18.770262 
56.750633 104.493996 -32.439392 116.241486 200.211411 -190.780945 201.254807 
138.762451 101.985832 95.803284 81.659492 232.835587 155.124146 123.559448 
41.304741 82.849426 122.403946 40.242088 66.410835 246.591705 -18.167982 
141.501709 139.247528 75.655777 -5.153079 219.282822 143.685791 -148.877319 
115.196136 105.239128 -106.965347 101.591217 198.541229 -412.090088 151.561569 
73.143967 101.112061 107.031898 76.478340 215.679443 178.528839 103.585770 
100.655922 74.625351 -67.382332 90.783409 104.098923 -285.871338 117.897530 
135.501709 -38.219582 43.018803 36.422905 -225.889435 20.077499 -13.160551 
80.828850 57.074631 41.126587 41.744022 17.500788 16.607136 26.012552 
46.657139 61.789680 16.462835 33.571835 16.448887 -9.720842 -47.620117 
81.537895 89.050560 104.139961 68.219460 174.028458 170.654251 72.523514 
479.260864 -38.769531 43.284863 36.216915 -229.988251 14.427790 -13.753990 
77.689499 68.660179 -53.071198 89.244522 86.271172 -241.687241 112.838478 
24.239553 -12.618547 56.373306 75.006332 -161.973022 57.415703 94.109978 
82.620506 149.002701 30.612350 75.767845 340.988739 -16.975679 95.913803 
149.729889 -39.264858 44.148510 35.644371 -218.603622 2.348051 -4.597217 
183.634811 109.108307 53.889771 49.937435 150.405136 44.240303 32.260418 
100.346863 102.162369 96.206261 81.704018 205.070831 158.707062 116.204056 
1705.000488 72.109619 -50.771412 44.124908 150.170624 -223.282547 24.976885 
75.438171 98.160202 105.450905 80.299950 208.009842 172.314255 115.738403 
134.166367 -15.432648 26.764410 48.884930 -137.996292 -49.951714 36.610470 
153.891678 29.039423 123.327049 50.572018 -81.608253 254.303406 26.178005 
165.278229 107.903542 70.067673 79.926468 144.146011 130.994659 81.460052 
120.638214 1.000319 -5.063424 71.355415 -46.992634 -116.644600 88.541862 
100.550026 30.702726 4.845052 44.277458 28.247288 -90.711967 30.266764 
98.802231 81.232399 -29.618580 98.380760 122.274254 -170.645142 141.427948 
89.003670 102.229454 96.166992 81.569595 209.963577 127.410782 118.688957 
118.191467 -1.596690 -34.993031 65.103645 -55.908806 -193.834442 72.280060 
107.304390 69.436333 12.528790 71.263390 131.232864 -76.621185 102.043663 
156.767715 56.257103 -42.406235 126.154091 68.900169 -217.801193 210.978104 
52.186195 49.477036 32.322334 48.087917 -19.091766 -1.210359 49.559746 
11.967634 35.352558 -41.275021 44.124802 55.299030 -196.647354 22.432367 
335.565613 29.644817 119.366119 48.907280 -88.828903 222.308228 25.449242 
1.124693 122.489777 56.524715 14.088047 216.849579 80.906204 -105.486336 
64.482544 78.612167 -32.801868 98.647400 115.334106 -174.604630 142.050842 
77.626518 64.570923 53.017567 34.615311 49.204800 76.373665 -10.908208 
73.518410 102.156784 96.303535 81.678947 245.825104 133.757965 108.413185 
638.656555 77.835159 65.811401 131.497421 151.256165 109.967178 245.742615 
46.143299 62.814400 18.823835 44.414051 44.922802 -53.006874 26.357635 
976.092346 91.812889 -6.724792 122.809608 200.327271 -113.933235 203.023132 
84.823288 102.137291 96.310661 81.647911 217.543198 122.341225 147.554077 
647.386108 81.428780 -8.303466 133.023941 123.463341 -131.161179 285.019348 
13.517016 94.781311 -20.599176 92.886536 203.927811 -145.500839 147.957977 
74.347672 100.902008 96.394989 80.324226 201.988159 146.331863 97.421768 
840.937256 85.482590 -0.731692 128.357895 149.894867 -74.617149 247.608597 
147.538956 75.158043 21.885221 93.204208 151.790115 -32.161613 151.362854 
142.190292 82.493446 30.807989 124.816902 161.914642 -27.614420 218.948563 
264.109192 49.193768 32.950687 48.310410 -5.670030 0.004025 37.545635 
120.071922 21.045345 44.217274 45.447136 -109.061279 51.320030 -6.980209 
76.161217 78.514244 -33.121830 98.721397 120.205444 -178.682144 141.802551 
76.976036 80.750008 45.280056 82.469864 81.798615 19.508255 95.946121 
61.064785 93.617439 -66.138733 17.620037 193.106308 -306.201599 -48.507217 
123.390732 75.192001 21.914322 93.198761 138.014923 -69.784203 126.362251 
320.418610 84.889832 -9.870256 137.213089 167.493790 -127.064636 272.707367 
784.554626 12.102980 31.930485 45.658413 -98.590286 -21.086905 9.148552 
21.851423 89.844032 55.608952 65.456337 97.352501 61.185345 77.604660 
193.834015 114.084251 55.869282 10.311092 158.433823 89.198898 -101.437157 
969.363281 99.316620 -5.431269 121.770813 254.568054 -111.191040 201.350296 
156.460968 31.412292 121.981415 47.691982 -51.719383 277.727325 0.160526 
77.741676 132.157516 63.787510 87.638191 284.930664 46.037422 120.034981 
123.976425 41.290104 -16.652071 45.581512 64.452309 -133.282318 29.126762 
60.271202 36.864391 -35.665928 52.658310 55.342873 -183.936356 41.527130 
21.650700 114.225937 55.795456 10.317315 142.134155 104.960876 -80.619644 
887.028015 91.899109 5.020655 128.793793 195.116287 -72.647179 237.862289 
75.968323 100.068169 -36.106869 75.554916 210.948303 -177.993469 103.541290 
89.870117 136.402328 21.638649 114.408577 300.237213 -42.336899 179.995377 
68.626167 23.070158 -38.263264 81.414459 -36.173615 -214.605576 99.701950 
71.739227 94.961533 -25.614164 90.666924 203.154617 -151.290176 145.149078 
38.020683 14.963384 62.492088 58.296574 -9.234404 64.340317 64.576889 
124.169930 60.665928 -43.290619 101.124481 88.091125 -247.876389 140.744400 
264.826538 -24.127855 82.023811 82.259750 -192.560501 118.110313 128.000809 
85.888573 19.045458 42.938427 21.440977 -78.074577 13.001510 -35.829712 
66.510353 18.825012 42.171730 25.397404 -84.333878 16.357090 -25.902779 
81.022583 60.657467 -43.478645 99.372810 84.995926 -238.138031 140.092590 
69.751152 95.792854 -25.397854 90.790489 198.588013 -151.083282 140.736694 
86.132500 119.325012 77.289230 117.955421 257.345428 87.624580 201.107468 
97.954041 119.342033 78.941269 117.545380 252.760101 88.410339 195.639465 
31.659452 18.776621 42.184090 25.350128 -66.835548 18.282911 -22.148775 
4.770376 128.661682 101.013565 73.210472 187.188080 210.089279 56.035049 
132.321228 27.336079 25.201700 67.839424 21.077484 -70.546860 108.903763 
153.123032 61.653339 -40.962799 122.957329 87.055252 -234.531097 208.544403 
52.741608 55.462482 135.900116 5.071903 0.968764 286.911530 -109.605431 
1.924156 44.118572 -24.132757 62.319000 60.155987 -147.459930 62.371059 
67.520256 24.662075 62.250111 79.604530 23.511602 46.705284 110.209045 
50.335018 55.335598 136.125900 5.281399 -3.605408 290.723083 -104.666206 
76.453239 11.062621 28.198954 68.470634 -29.562708 -40.287785 80.540726 
66.376617 -17.295641 70.751343 54.152454 -94.100235 85.624054 52.878868 
87.056480 93.819855 -66.449684 18.309973 189.944061 -295.461761 -52.173542 
87.300690 58.161259 37.460682 75.860558 25.257629 -0.969702 84.973465 
819.161682 95.545570 -74.310661 68.848022 199.191132 -276.599060 86.056549 
260.479523 54.745373 135.991669 81.396683 72.927254 246.501389 101.181343 
74.304886 36.856171 14.977352 63.926319 50.384171 -82.404793 72.533615 
82.824120 25.482821 15.504282 66.134048 2.206611 -69.087547 73.155586 
269.394226 27.282797 25.225382 67.799706 23.965137 -34.673187 85.896935 
85.910988 24.141964 22.315947 63.897171 26.318743 -6.542744 54.298798 
72.449539 106.055878 67.351501 13.465653 141.893005 98.869522 -70.690277 
70.306938 27.341166 25.144764 67.772896 -9.442842 -55.458366 39.095100 
41.682873 71.987419 13.360771 75.111687 125.204483 -89.109039 93.391975 
56.941505 61.987480 45.808079 43.581474 28.769270 63.047970 -14.558190 
170.280548 24.136467 22.307594 63.921398 -17.203457 -71.110603 76.023369 
291.923828 29.014952 27.664581 37.576271 -53.599422 -6.069654 2.761985 
0.375780 132.007401 45.359814 88.595947 292.958008 -6.872354 132.072922 
0.532096 31.794798 78.905441 61.685280 -56.971718 133.573975 22.908348 
67.735664 -17.477402 8.005247 36.898327 -153.179764 -110.687538 -30.450556 
50.841267 69.633026 70.056267 31.739367 30.810957 106.515129 -51.027527 
1.695474 77.793854 30.751627 64.923431 74.493889 -14.568412 62.011593 
80.787811 45.849392 51.229340 58.022717 -15.031424 43.217525 66.342201 
55.744156 66.497597 38.051651 35.444691 63.312290 -7.431817 -18.071775 
46.531673 28.653648 109.139091 30.176611 26.693106 188.500183 -12.331822 
60.539608 73.296555 -47.379246 55.725197 136.256027 -214.980316 60.757397 
95.799927 92.414642 -66.478546 18.200970 186.264069 -292.528351 -43.142975 
131.288040 103.396118 45.306061 128.073517 215.337646 6.329056 225.655701 
157.399612 28.596298 27.847750 37.753700 -53.793289 -32.150726 21.341761 
59.283676 53.325649 68.015366 52.463459 -1.437328 121.895103 22.199631 
117.787422 100.800583 68.383179 110.313477 204.724701 61.394329 182.392822 
65.635529 103.202202 58.341892 94.776947 212.916290 35.729271 140.561050 
94.240639 75.802750 -114.250015 32.909039 105.052620 -417.751312 -21.631414 
0.544295 49.248199 47.664848 70.675728 3.353976 30.988214 90.157150 
51.264919 37.649818 33.529278 24.281992 49.366405 -6.720036 -22.446316 
262.512817 115.016876 83.568207 92.298660 239.993164 101.929718 148.060867 
70.211960 68.960289 120.572823 32.047073 33.591515 239.817902 -41.661198 
7.887614 -6.039195 36.814869 69.150436 -143.300644 -2.499192 90.837448 
22.300619 65.990517 -40.755623 4.546525 124.960190 -194.601486 -67.472130 
12.359972 55.991634 67.873894 53.696186 1.051130 104.017220 16.166716 
24.203976 33.846344 66.705177 3.375238 -31.100475 75.141251 -97.838783 
537.464050 91.114914 61.676308 47.258564 111.370201 60.523426 25.527563 
70.433212 92.217468 -38.597904 0.260499 116.444656 -221.618393 -99.472481 
73.218353 89.833153 54.994057 44.793541 107.064392 39.187737 18.046495 
90.473351 34.345470 59.156479 44.818520 28.563366 39.016125 26.260424 
18.068111 27.940117 62.009148 4.766809 -48.544704 61.075584 -90.153152 
123.862427 69.338608 -100.800522 33.346531 90.903152 -382.804535 -23.278175 
99.824585 -22.812508 45.704700 155.739120 -195.271881 54.399357 270.724060 
243.673981 93.009399 38.897911 39.182648 101.913559 26.637079 -26.761204 
37.143799 94.686707 -41.314972 2.099518 122.395432 -228.017761 -95.050354 
48.063465 -14.249712 43.362984 163.691605 -173.942795 47.737797 291.986084 
34.806248 85.258522 -34.942101 -6.484082 94.364525 -209.501938 -120.563011 
45.250736 -33.095711 46.244453 163.820282 -222.262390 55.134815 292.536041 
1.330295 52.841644 17.573357 39.309711 6.144040 -37.093437 14.459458 
24.528809 79.177696 95.605347 74.971794 58.084270 197.303467 60.791454 
0.900133 95.896927 -76.338402 99.282997 168.329407 -339.171387 142.972061 
124.505707 73.814659 -100.162605 37.773907 110.626572 -380.855255 -11.762745 
69.224472 91.336761 -60.581184 80.573372 156.998581 -293.212463 94.775452 
83.407867 73.735382 -92.229713 58.768394 105.544113 -355.233673 55.142212 
7.251449 37.800564 -58.598835 -50.732742 47.893269 -243.482742 -216.655655 
65.311562 29.180529 -100.066391 -108.168747 20.385557 -359.899689 -375.792755 
38.383850 77.166885 -97.153816 46.906345 113.484550 -370.372864 15.649776 
62.074577 100.463875 63.765583 87.806992 123.100136 54.128746 122.026009 
131.208984 88.902992 -41.629295 34.205498 132.152756 -264.510803 -66.428215 
61.997097 77.876694 -39.667202 49.630638 94.231293 -255.837112 -11.575668 
83.921585 57.413143 42.112301 97.268822 92.120903 -7.481124 149.429108 
112.892578 94.688034 -50.823818 50.531471 153.357697 -295.174194 -8.645924 
59.702557 100.434029 63.773750 87.838905 117.016869 77.798225 146.001862 
69.833115 22.508850 53.649933 95.541000 -61.942280 34.580044 132.980408 
75.808640 75.274300 20.136074 61.989265 53.751770 -48.717636 34.429749 
57.819809 100.421249 63.984158 87.747993 128.198959 74.127708 147.821243 
107.037369 100.489876 -51.224457 97.248474 184.293411 -248.421280 126.496292 
107.118011 79.649734 -43.056950 36.483086 102.774376 -268.194214 -58.196308 
30.459953 88.452393 38.164509 76.888405 89.605659 16.936161 104.178375 
18.300615 53.336143 68.117035 52.498272 -3.999537 106.940651 16.943300 
74.597183 78.496902 82.419510 7.139884 71.851532 112.683983 -63.889977 
23.653746 43.091305 75.358788 53.506733 -7.629014 95.576294 36.688614 
66.280327 103.806564 93.052818 127.255150 217.132965 129.765656 225.677231 
136.337479 78.141846 81.943558 7.295518 74.814674 131.353973 -72.486412 
63.936752 68.250404 103.814064 -6.655940 27.822104 185.691864 -150.120667 
58.608295 69.087120 127.959465 8.497456 34.315315 265.284973 -104.467262 
81.657898 79.799721 -61.308502 56.637093 130.059189 -274.279053 36.824875 
38.575058 27.344172 62.849003 4.961974 -54.983936 61.511276 -91.521088 
65.196602 104.299591 -72.077347 83.596497 185.295288 -320.346649 96.247147 
19.135468 62.219448 88.696831 51.415833 105.228943 115.419998 39.114162 
26.471992 68.275116 103.798225 -6.639135 26.294971 201.477188 -142.978256 
42.848022 98.243500 60.772415 87.207512 113.274673 63.881794 130.797592 
82.640366 73.866623 -81.766136 49.961124 111.138565 -333.290253 23.517200 
50.604042 94.389687 94.494896 90.679977 184.930099 126.541336 137.030975 
6.070574 12.194842 29.898483 53.116219 -104.002953 -34.690594 33.392773 
15.526692 100.581589 75.529594 77.345184 112.844650 144.166336 69.283554 
53.147491 93.803238 -41.341339 101.822601 160.878891 -215.278366 163.558258 
54.985695 96.743279 -31.996378 104.272652 170.035309 -185.419449 171.816620 
12.927618 61.516113 90.355148 49.585911 102.934288 120.093994 33.682076 
53.090912 94.802246 -63.649738 89.855888 164.061554 -287.991516 125.270576 
80.505234 157.281921 51.335163 127.033569 327.988037 -1.885447 186.330276 
46.066326 89.859138 -56.812061 97.133865 148.641663 -267.069855 149.685638 
5.149296 -59.210960 -9.226380 93.229568 -202.929108 -119.677139 146.752884 
43.455009 143.115219 72.336403 142.167023 283.715607 98.760956 271.185303 
42.379353 90.141212 -43.156776 98.699364 151.286148 -220.833252 154.756210 
164.623917 182.479034 89.345795 165.041443 408.334198 149.514847 344.445984 
43.036156 183.213135 87.887093 166.426666 403.271484 150.301468 345.003510 
41.602196 193.427917 104.078392 175.188309 441.050751 198.740662 375.658905 
44.451706 181.932480 63.049713 164.907898 408.492676 82.138184 335.187592 
35.625076 100.415596 63.828072 87.774216 128.069626 85.325722 110.583572 
67.976593 84.321381 -40.816818 22.252615 160.392349 -232.637726 -34.823311 
21.172670 90.178535 78.272316 17.487461 106.060913 117.589691 -46.331768 
89.582901 83.821594 76.076714 2.720515 86.242828 104.828773 -90.330284 
48.360142 180.089020 57.677147 153.258636 398.083618 54.747002 308.585876 
14.478669 81.674309 74.310028 20.362768 78.375946 104.791145 -36.855480 
44.738472 182.275513 88.483643 157.126205 406.150696 147.214706 322.608429 
54.453579 84.748276 -72.646423 96.870247 132.872879 -314.247437 148.587723 
57.233875 182.552490 84.309875 167.009949 407.149658 140.549088 347.304291 
43.577061 85.756775 -69.125313 97.296341 134.501038 -308.389587 148.574066 
69.822418 37.533997 -257.982697 41.851448 38.692196 -788.328979 15.394732 
206.984268 -33.668732 62.035061 63.606216 -219.548340 64.865982 68.323524 
43.922905 85.419640 -69.129356 96.861443 135.860138 -306.376801 148.836792 
629.688477 107.968124 70.967735 12.479867 152.991104 104.449844 -84.303017 
76.436028 76.860733 106.444992 28.329136 71.901985 205.930405 -16.717777 
61.103882 84.207115 18.539196 59.823677 69.139473 -28.764149 66.284737 
69.694527 67.602249 98.809967 29.056282 42.645256 167.325241 -14.579175 
45.338654 77.814896 110.185326 30.033638 74.316589 201.237335 -11.810285 
55.181625 76.914330 106.331360 28.303682 73.204117 175.837860 -19.344988 
47.536610 100.552551 63.534576 87.850868 109.604324 88.359436 124.594948 
19.443785 -48.916180 2.624567 116.729187 -174.263748 -86.992470 209.755997 
61.991425 67.323883 111.358269 13.237811 27.467020 223.638367 -90.419785 
0.499420 89.776375 -56.463203 48.942657 153.181152 -259.189697 15.208351 
58.345268 80.716347 49.797424 96.740616 160.833328 7.703092 150.162338 
55.563148 123.050659 -7.972342 4.798749 193.654800 -138.118164 -84.349907 
13.321988 78.641365 56.370937 101.210281 148.833420 28.110304 161.149857 
66.282188 80.620819 75.205894 -24.401352 76.336380 98.659363 -172.862274 
62.249969 81.330017 52.628239 99.691589 162.744476 16.108368 159.322433 
53.710258 59.427769 55.641514 90.750610 80.267418 28.432514 126.547966 
164.714447 182.985687 64.188225 165.317688 405.640503 79.032333 342.071869 
6.937255 -50.552448 6.162194 89.049866 -181.230835 -74.797249 137.437180 
73.349869 111.014915 -80.587189 30.379259 228.753494 -338.572510 -8.907516 
70.296432 78.361351 82.307587 7.029633 79.206039 137.701202 -84.267097 
43.225937 67.502686 87.572479 51.040176 118.519333 113.832901 41.465385 
50.538952 86.629173 90.855568 -30.392765 95.534042 148.023926 -192.312500 
163.758759 62.201801 -66.306824 -14.502475 64.167252 -333.118347 -192.311356 
60.265537 70.685333 53.510735 95.987541 122.197029 21.121475 147.630600 
128.516937 32.611012 -16.394299 54.239365 13.397093 -156.935455 44.297935 
945.255188 66.460541 8.211476 70.718460 110.650803 -92.217834 83.443947 
71.674301 85.308571 106.089195 40.008968 64.297287 205.826782 -30.681257 
82.797279 39.304409 75.464935 39.434486 -17.471046 96.275230 6.125143 
83.113449 82.103745 61.706848 -0.049515 78.474991 65.658386 -103.240936 
166.248413 97.439140 114.988647 17.178686 203.631744 187.114365 -56.137730 
64.470947 52.010155 76.142380 24.988712 12.833222 98.023293 -36.689453 
138.509689 37.618435 75.931839 79.603195 34.812973 77.452942 118.461006 
48.403816 84.376427 129.849243 38.277866 160.345535 236.443863 14.270168 
48.817394 115.966698 -77.511528 23.594988 216.476669 -323.301270 -47.881145 
56.277931 104.415833 -67.148415 54.465397 196.345428 -290.154816 23.016148 
65.616898 92.426880 -99.334114 27.562634 161.574936 -384.092316 -40.709427 
71.308464 58.003735 -106.437340 39.544594 63.102474 -397.142181 -8.324306 
48.741138 103.956215 -67.932129 56.302181 207.771301 -289.379517 30.511602 
87.769714 110.358910 -76.021873 29.654829 205.675201 -324.863983 -33.169395 
60.549290 90.282654 67.697876 63.807930 193.488281 51.474995 51.363655 
51.601463 99.497856 -65.140839 58.409855 181.513931 -287.819366 39.888138 
99.764610 112.308563 -85.172188 26.806025 208.796722 -354.158325 -47.980984 
0.731702 118.342751 -97.968636 51.206032 229.297791 -376.812958 19.076937 
51.587727 103.952400 -67.889809 56.332935 178.679153 -298.247253 40.990849 
52.450115 48.933170 70.806931 44.070091 71.943314 66.281761 28.204548 
241.780884 74.972557 59.076149 66.850586 58.679783 61.381443 82.076752 
170.921234 110.485786 -98.225899 47.152027 203.476547 -386.474396 7.808431 
40.703991 95.439178 -108.710457 31.394157 158.445114 -420.435974 -33.110847 
37.134224 103.390778 -67.047455 57.041332 193.862869 -293.232758 35.606983 
43.707375 50.189724 82.358131 57.119122 11.924566 114.748199 49.857109 
171.668167 111.207344 -80.478737 30.435925 197.761322 -286.261047 -57.821484 
98.606232 123.097229 -87.454567 27.559517 235.888107 -357.535217 -43.029194 
134.178345 110.385452 -89.252724 27.548100 200.664673 -372.974365 -44.791275 
116.686050 114.233887 -88.862587 62.238934 214.368561 -353.285889 50.261894 
144.480209 112.151634 -84.327156 30.261320 215.717056 -333.979340 -38.594112 
50.946774 102.406342 72.298523 52.638515 135.532104 89.402466 35.358158 
49.155838 102.299484 72.283325 52.538467 117.318565 104.228600 33.363132 
296.873077 111.048035 -80.074493 30.477259 201.231659 -279.848114 -30.092373 
79.656334 108.757980 89.361008 0.288599 161.574570 134.117371 -104.068611 
108.458488 111.167267 -80.229706 30.644400 172.319565 -354.456909 31.107807 
75.346863 109.378387 -80.107475 31.322113 201.710022 -355.893097 -48.941067 
87.149323 51.939106 139.279068 156.350449 74.522667 257.219543 304.119751 
82.791786 109.491783 -80.057037 30.617393 157.240341 -336.824493 -33.493015 
84.552193 101.975113 92.600929 -30.801170 139.676193 152.790131 -187.262314 
86.051147 119.259804 -44.070206 133.365585 232.606308 -255.808167 198.508392 
31.793509 43.624855 -0.403441 43.469963 40.754276 -128.252014 17.437925 
604.847351 111.014015 -80.204010 30.460054 217.965393 -378.263306 -42.480175 
45.988743 67.735786 112.349327 11.138637 32.441181 218.917694 -95.919205 
74.996567 179.818680 70.516022 160.198517 398.168671 94.352760 329.671844 
144.224030 104.860390 -75.244576 31.551786 168.362366 -307.790192 -27.735519 
60.786232 94.014793 40.651009 79.000710 96.624687 24.160643 105.246368 
139.671616 110.455055 -117.532967 61.369225 205.059784 -438.572449 42.058594 
62.809437 -32.939011 67.217117 34.229126 -209.702240 75.151939 -16.147297 
559.541382 -30.661940 63.979362 62.582230 -208.918747 62.038181 65.838806 
29.804800 119.228821 -44.055275 133.352097 216.417908 -258.718048 207.702637 
48.157383 102.031044 72.415489 52.553482 125.401123 101.814659 45.272301 
56.224331 62.877998 99.755096 7.307541 19.758772 183.616760 -109.833572 
118.163933 157.652435 51.432056 127.281891 313.750061 -6.919917 191.104752 
100.990143 102.984650 82.207634 0.749860 128.878784 131.953735 -111.302933 
90.364853 103.273232 82.443634 0.541922 138.552521 142.862167 -125.414124 
44.845924 96.544144 81.495338 -22.764591 116.957474 119.278305 -153.277985 
45.231033 99.760124 72.610626 -19.831244 132.371185 92.778572 -153.328125 
38.875130 96.636032 81.515221 -22.993702 125.855743 124.440613 -164.762711 
87.437660 49.211758 57.192062 12.389568 6.218378 55.476158 -73.996201 
123.479584 96.654137 -68.201935 60.206913 176.949295 -298.774536 39.720482 
115.886803 182.716629 85.368317 155.517441 406.935760 142.859100 310.486450 
119.519524 150.883194 71.415459 126.567032 302.640472 47.572296 187.705139 
50.075497 69.573692 61.484993 59.823738 44.752773 79.281029 53.854534 
67.146324 49.430016 57.534599 12.157164 5.493703 43.261765 -74.071068 
78.043159 93.746910 -33.445690 100.824089 158.491104 -226.826553 110.063133 
56.557663 76.972733 51.349434 53.546120 75.918816 33.218540 29.641596 
67.303940 94.585434 -99.719254 30.296152 166.432556 -385.694214 -36.054146 
32.202789 85.318275 106.095894 40.013382 105.789536 203.030014 -0.615841 
39.409492 66.469772 98.273857 64.463142 115.269928 141.581421 70.956131 
57.608898 110.086006 54.919235 90.181046 140.280807 64.731537 133.997757 
153.285522 89.906784 111.768173 37.011589 83.536774 218.385529 -27.346825 
34.221272 36.933918 68.429695 31.848993 27.150061 57.409103 -17.177040 
26.605986 -24.957943 57.375652 58.620834 -202.311264 43.943268 57.557529 
181.709488 73.189629 105.075737 12.333595 75.288940 181.722809 -66.724854 
66.465370 71.387589 118.596619 32.771744 35.645271 238.281326 -40.155758 
79.214508 77.831291 97.908783 21.821680 75.034958 154.137695 -44.103577 
240.843140 45.952003 51.070511 45.510891 -1.015682 31.875814 21.314140 
265.813446 147.564453 123.809822 -71.488808 271.652618 241.113785 -313.390839 
87.705757 108.754395 116.585464 -4.553747 158.659836 223.778839 -106.734108 
0.173782 116.629326 98.772713 -41.154514 172.807190 168.478851 -225.658127 
91.522942 86.446495 -74.653114 34.712173 124.672043 -364.864258 -49.439613 
49.935513 63.692612 92.191765 52.452641 27.148603 158.317795 27.248281 
0.139583 150.758179 38.384907 172.726532 316.857452 10.226088 354.652588 
91.993164 31.008938 105.024841 76.007805 13.476864 161.579727 107.358147 
10.253804 48.799736 70.745499 44.027031 77.467422 68.108948 31.949339 
90.321053 72.108330 76.653381 95.970627 127.959656 87.003410 173.107529 
65.518250 80.682594 -13.855159 119.160645 129.015442 -171.283142 155.952026 
70.950996 70.707382 76.475037 96.180344 114.351189 84.919182 175.462296 
352.268219 126.352470 -62.234318 42.323898 228.323700 -317.891235 -42.641701 
72.883339 96.779182 13.711725 -26.220184 125.323845 -88.715904 -176.591660 
820.657593 86.862816 -48.219765 33.469433 127.672844 -279.001434 -51.544674 
67.675674 89.820808 47.330727 -17.133278 102.095215 28.814518 -143.764999 
92.771973 93.116058 100.334427 68.164131 106.091019 184.124817 66.100113 
85.662308 96.810120 13.648679 -26.289562 123.730103 -69.620781 -173.229950 
111.536644 73.798798 -65.026871 33.029144 77.326050 -343.436005 -53.158493 
45.838337 -8.679857 75.237793 78.936531 -136.244629 99.830742 107.551407 
30.523638 23.532068 76.748962 -84.589546 11.275340 82.448845 -318.748993 
68.733963 96.802040 13.498805 -26.429716 122.425323 -71.025131 -167.077850 
1.191690 16.887255 79.136932 -77.021996 -6.464902 88.243378 -297.877106 
12.752829 29.404827 33.528114 34.459965 -52.169231 3.307813 -22.459684 
15.033041 29.409712 33.542847 34.454380 -55.019356 1.092210 -20.177464 
76.745354 112.902527 -0.390260 99.220207 208.575500 -101.927834 151.685165 
5.928207 139.255463 70.875443 5.887977 232.712921 100.024269 -100.023758 
15.286290 70.700493 7.403773 41.020763 117.996239 -97.558571 15.246209 
159.714890 178.209625 2.228085 138.124893 407.073456 -112.121544 266.144043 
51.425461 98.566322 102.984894 46.265221 200.652832 155.753525 25.871094 
40.541481 114.522034 -85.828041 56.148571 219.484177 -347.888275 28.670242 
43.735207 96.695030 81.598175 -22.989487 130.545212 117.212524 -168.759216 
72.193840 73.180420 -134.076920 127.636276 109.288300 -489.641022 224.841858 
25.468006 53.162312 58.802364 17.314079 13.131581 61.753468 -44.325455 
18.417517 96.947060 81.900826 -22.530251 118.229507 111.611855 -166.907471 
39.073723 186.247299 75.078171 172.008789 418.091492 111.668816 354.275360 
73.077148 110.944489 145.200851 22.832727 238.382523 275.464478 -35.939396 
156.686325 -3.708543 48.504368 66.580170 -135.695938 30.241514 73.850990 
71.850296 -9.322023 64.193703 66.798500 -142.213135 64.489174 72.027840 
52.336506 70.653259 88.113205 73.304428 127.158707 112.335831 94.888824 
73.986946 -13.703364 80.903358 59.667076 -152.663208 119.441818 62.087013 
42.768158 -12.569377 59.352547 63.279179 -163.201019 39.487236 68.064117 
91.479935 90.974503 -84.825668 55.053265 153.195236 -345.231262 32.410816 
38.799126 -12.532900 59.387341 63.287193 -145.657593 55.712555 70.412018 
55.272972 106.282631 -103.695862 54.662807 199.382355 -395.121613 27.711336 
64.343338 139.444290 88.919807 -12.629637 243.806381 132.393021 -143.787643 
11.788527 92.417496 -99.158867 46.284798 160.328537 -387.572113 11.578584 
1.601488 97.604576 -6.930768 36.644394 152.977341 -167.287827 -61.000031 
10.554440 -24.727859 41.398373 62.756824 -180.959778 -1.421074 70.159607 
3.027258 -24.261145 74.956001 92.731766 -181.335648 96.387665 151.011658 
39.299431 93.319199 -35.740601 8.288085 140.200821 -245.252274 -132.260742 
101.319969 61.282455 127.428429 23.357170 12.048023 261.906860 -65.704094 
32.865681 114.356201 73.569992 -50.336456 165.094849 81.749222 -245.215073 
13.581823 72.847565 101.341621 18.308123 73.081703 169.340668 -54.494473 
26.231693 114.328682 73.533272 -50.334755 179.536163 107.284218 -249.553970 
18.970354 114.258148 73.491043 -50.328011 195.480942 106.138977 -248.159698 
91.266510 87.459282 3.968505 95.302200 145.241501 -102.262459 148.309738 
1916.154907 77.656715 -81.236771 -5.617446 103.883713 -371.039185 -167.491959 
31.152767 -12.502832 59.420071 63.291679 -145.642471 56.879131 72.069183 
44.701530 135.993378 86.808273 -17.778490 234.606552 126.851852 -157.984055 
29.749029 142.075699 84.355156 -5.094142 251.468353 119.504456 -121.036110 
21.115097 100.317451 87.179893 48.275070 202.165741 109.715759 31.538506 
127.604347 92.952591 94.382080 87.335823 186.207352 127.977692 135.229218 
53.992771 -25.397329 65.156136 84.979034 -185.354141 67.770905 125.142021 
61.781948 62.981476 103.233200 59.327026 98.500778 160.334625 60.519409 
45.481712 70.238235 97.080917 60.835255 136.754822 129.457428 53.282986 
18.080914 37.985989 50.987274 64.704597 -24.882086 29.526052 67.283058 
27.480629 -25.407536 65.251724 90.953453 -185.420807 68.242607 145.323975 
67.995972 -12.526741 62.256855 72.684708 -148.026138 63.655552 91.338829 
88.144463 110.251129 70.435593 57.363537 143.911911 96.424423 50.253826 
106.887146 -21.895109 87.084625 64.370354 -181.659622 121.246925 72.250801 
60.131882 103.874847 69.806824 53.191235 128.022064 93.110870 43.225670 
62.454609 152.206665 14.304455 109.130188 334.278870 -86.257523 178.290756 
15.252312 108.829010 82.090767 53.596382 148.846512 132.069595 30.366583 
5.386392 -27.693584 33.789909 67.472977 -197.719498 -15.742038 71.634880 
68.699417 115.969521 62.821728 148.776337 203.566498 17.012804 254.651550 
63.600056 116.008339 62.836605 148.767365 192.080917 45.919346 271.885529 
48.167740 115.725639 62.890766 149.043823 176.308060 29.498356 264.662079 
1.435655 96.596283 113.334816 0.025246 114.884628 222.919281 -117.081665 
73.989296 59.215248 135.603439 26.789619 26.256468 266.011841 -26.436874 
79.244331 137.893890 113.106987 6.295154 230.203278 211.482574 -82.673370 
64.430664 132.766556 107.763344 16.511717 216.525681 200.681488 -56.066380 
50.283909 115.904541 62.866318 148.920105 197.493851 23.932646 250.349152 
70.316452 74.406113 -31.267141 50.174656 106.674301 -180.535736 19.834925 
335.042297 70.536659 59.424007 55.973598 46.334412 72.210014 41.074471 
46.823792 108.182648 -6.304904 17.197012 156.693665 -127.139877 -56.141598 
42.490379 44.311771 -6.890487 39.683575 -10.185332 -102.353043 -15.308429 
63.966553 49.223923 -101.187637 53.542088 42.740082 -392.407745 23.892162 
50.375336 87.857735 -73.035942 50.643810 152.815506 -327.197632 10.562411 
228.422043 91.508835 -53.369774 50.195782 164.846329 -255.529266 18.937325 
8.171369 93.258286 -52.395908 49.739197 159.063431 -256.386902 21.988173 
72.411629 110.739288 129.723724 22.929663 237.796051 231.125763 -35.815845 
85.009262 186.025223 9.046277 52.411968 380.916473 -113.148872 13.034433 
79.740883 82.677238 81.609787 80.170898 157.196976 95.558212 121.871651 
62.581779 87.871956 -73.204712 50.312046 153.132935 -318.807922 28.383009 
111.428223 99.257401 105.855354 -5.425834 120.998627 203.037552 -131.905899 
469.834656 136.072540 125.959229 0.515327 225.230698 256.514343 -116.728714 
63.839848 97.794403 87.228218 47.885647 199.865677 111.988312 32.024010 
51.699585 54.893543 -63.953587 51.664951 41.847481 -321.943451 -8.072226 
5.443982 54.747215 -63.688316 51.331894 39.926388 -324.469299 -4.693147 
8.310657 139.267151 89.357361 56.543381 230.335693 158.629501 40.706768 
68.712509 41.687767 -6.616553 41.441704 -24.409504 -100.903465 -5.859528 
86.655983 -14.205209 81.036789 59.571651 -156.586517 115.753159 57.704273 
85.626259 121.079582 14.630469 98.798492 214.610336 -109.112534 119.218910 
156.268265 70.297539 97.005493 61.030216 120.253227 141.065002 71.689423 
75.814827 131.674271 94.130142 56.285057 199.753601 188.569580 30.890282 
81.383385 156.911316 30.073175 48.976997 280.877197 -60.545696 3.984138 
78.033188 63.886318 143.831970 46.019108 11.861748 303.871643 -3.332605 
205.631744 16.531542 79.561050 -5.864802 -88.291061 106.351425 -119.988853 
71.293076 99.170067 115.513123 129.705414 202.706558 183.185486 241.616760 
64.047142 131.365631 94.068451 56.401371 206.322632 158.078857 43.986107 
82.360924 126.736572 75.773994 -25.870758 212.341171 106.656837 -161.498398 
37.243172 75.789986 135.709656 97.619667 133.029007 246.091141 150.467911 
55.534805 72.374268 129.873627 100.667358 124.202103 230.861435 157.750320 
90.133919 131.674225 94.121727 56.294632 181.302841 139.555801 52.927723 
53.303806 75.808899 135.574158 97.703529 134.270966 247.730331 148.348099 
33.814537 180.716629 75.567886 148.350540 399.030334 110.065491 299.569702 
76.004379 78.156143 156.290619 87.225067 57.176678 344.532837 110.957832 
76.468529 130.836014 93.407402 55.681881 216.930328 157.968460 44.136288 
93.162010 131.656830 94.120605 56.261391 250.857162 186.367188 50.710739 
85.555984 132.200745 94.891914 56.373970 200.995178 160.772034 28.724453 
112.405029 42.035717 20.378119 45.099785 -22.101246 -24.574755 5.422318 
100.330551 69.258057 66.426399 17.913015 38.223568 91.833740 -66.982216 
57.442940 66.609215 6.578473 52.600891 52.300644 -57.234287 25.208565 
48.833649 93.724884 25.205793 69.531929 162.342606 -45.420074 73.058647 
85.825546 72.981247 54.460484 55.145863 54.963013 59.036057 37.025452 
57.821747 130.942825 93.923996 55.572170 205.316788 182.651047 16.507002 
86.812096 124.382942 103.042473 34.348854 187.092148 187.536560 -11.880360 
95.137115 131.579697 94.230240 56.375561 223.829376 177.575500 25.885956 
82.341576 157.859039 51.492245 154.278992 333.179260 34.239254 311.713226 
130.464798 109.965385 84.620041 41.875160 153.657120 137.905975 -7.670275 
76.906929 208.039124 29.036526 197.701614 474.398132 -17.900961 421.524933 
53.582619 39.422127 -14.692340 136.670654 -2.557538 -151.382782 259.007660 
4.579572 -6.697075 50.439167 47.996929 -134.474716 32.609013 23.985201 
53.861111 207.257050 23.385826 206.328018 479.937195 -35.413406 459.267303 
93.618210 63.871758 55.465225 44.651974 23.922997 57.051167 -1.072281 
79.474350 82.918236 128.351395 7.356631 104.264503 242.094971 -89.848038 
39.466320 72.130455 130.337708 20.385607 68.941620 248.565155 -47.093731 
42.014290 -21.394266 -18.330158 83.531326 -169.714005 -157.464203 112.136765 
72.418617 126.740944 75.697685 -25.985407 204.563202 101.203728 -191.474319 
24.662563 91.951096 66.514221 67.352730 104.886414 90.928093 68.701828 
23.348927 84.346664 124.869995 15.169505 104.360306 232.418472 -63.737877 
52.555458 208.071640 29.030174 197.745377 496.353882 -15.976375 445.339355 
103.537613 76.366142 119.093254 117.397118 137.003891 195.741287 203.124924 
77.889648 157.204529 29.714088 49.194622 290.285919 -55.940151 -0.437959 
68.215546 127.039604 27.736162 123.824867 264.709442 -50.381996 212.500748 
53.423973 207.692505 24.137465 205.280594 484.654877 -28.344456 449.489502 
56.877922 157.123260 29.698999 49.175766 315.848206 -51.275040 5.236982 
13.092669 -22.596411 -13.360920 81.179863 -173.527817 -141.484955 104.536011 
36.971954 197.047546 1.239040 230.906570 450.992401 -101.515114 533.046936 
119.285233 50.037518 57.288654 11.662336 12.856862 41.444267 -70.270554 
22.497608 228.094208 78.103027 198.211182 544.666565 133.371201 432.277008 
5.634943 -1.036443 47.494610 33.871323 -118.886070 23.284307 -13.144013 
54.348774 155.393066 92.264778 67.850403 277.530060 159.715561 81.928146 
11.363650 -20.101007 -22.740232 78.974396 -165.393250 -172.170532 97.420052 
62.130444 122.243454 37.836277 136.560730 249.333206 -18.549273 257.963409 
42.022739 127.118286 27.645046 123.356651 264.877808 -53.550659 221.577454 
38.575890 128.682663 22.609909 119.084465 270.091461 -66.669647 201.809219 
48.387611 113.561104 142.240601 -6.310006 245.618378 266.974884 -116.375778 
15.472865 123.343323 33.149754 133.053574 252.682434 -32.928669 246.990311 
60.001228 115.521606 -30.013866 77.967018 222.326492 -197.161270 94.148994 
44.482758 66.113899 82.458702 49.238148 34.188480 132.472061 17.605883 
119.574165 162.115860 58.153210 160.807144 346.364960 50.820572 329.024231 
65.582733 72.781799 118.316269 73.115822 129.705109 198.590820 101.333412 
0.510772 147.694580 -53.285961 68.949638 309.553986 -261.738312 69.712578 
8.926437 31.964931 15.613023 106.460274 -20.483107 -66.534897 178.831253 
81.198402 102.271538 96.386780 18.359180 125.625298 177.205383 -66.514557 
48.718613 133.733871 109.186104 15.934115 211.843399 203.117874 -55.952980 
46.910927 147.803238 -11.844744 84.652222 312.779419 -148.224915 112.015236 
45.600132 83.145950 85.907112 63.344772 79.314095 142.495941 56.787781 
4.791934 103.441628 72.984566 43.654358 134.326523 111.968765 0.508578 
74.597282 79.926361 140.398895 135.015579 148.641113 254.677643 257.937347 
50.141876 200.334213 52.298512 24.613358 423.087097 18.113359 -55.794094 
9.046296 23.805630 22.727011 106.428383 -43.588326 -45.978905 178.677795 
70.159775 152.663727 51.394352 24.447388 283.454468 -1.334544 -71.503235 
83.867813 75.712097 -1.947875 131.257462 102.892830 -126.129196 238.310379 
85.025925 123.868385 84.814545 -3.088658 200.420807 126.751030 -111.588615 
88.571342 120.364922 82.922028 110.617485 184.111572 119.265396 200.666428 
70.852707 177.519348 54.855427 159.050476 392.474640 52.598877 322.654999 
64.085243 63.124947 103.168510 -19.298164 101.122925 162.281845 -151.136093 
1.906251 46.949776 -24.575686 115.482826 29.606560 -175.236725 207.330246 
63.863388 118.841949 84.204948 111.719994 179.121201 136.092834 197.766464 
16.097797 79.471535 85.437813 80.480522 59.834629 147.103561 90.024185 
76.937080 62.534664 103.261383 -19.620401 94.453667 161.976349 -151.809387 
62.484032 -19.305147 38.889133 61.943913 -169.015152 0.009124 60.682732 
94.630882 150.525146 122.578888 -70.594414 273.420807 241.071594 -314.233734 
277.490356 105.962311 79.493744 38.229015 137.808899 122.990929 -9.224650 
97.847404 124.984634 89.559311 116.578468 192.794830 148.869125 206.695633 
51.463501 56.629089 43.536720 61.513504 7.414406 28.612202 48.200443 
1.546269 3.880603 48.894325 57.350754 -105.384178 26.252775 52.839603 
71.399117 107.701431 -34.063766 118.306107 207.573486 -201.976669 213.126022 
23.859474 85.850204 112.823532 71.531029 84.437027 215.357071 83.467964 
86.445518 77.693825 -16.424328 123.825027 112.096664 -147.966476 230.814987 
147.508133 160.688431 78.849213 129.556595 344.398834 125.739174 232.378372 
37.107174 100.104782 103.900795 16.410788 121.884621 194.343338 -79.036263 
26.065540 -21.149429 74.418274 79.669456 -182.597519 89.603226 104.251556 
302.880280 120.461571 82.835213 111.008774 180.364120 137.305664 191.454514 
89.119080 108.015106 -33.774708 118.396431 195.971878 -199.915283 208.616913 
73.512787 120.035515 129.077835 -46.751820 193.699341 249.014587 -239.182434 
90.331406 162.485107 41.392086 174.696838 349.022766 20.782957 360.730011 
41.769978 -7.568987 25.978350 59.274364 -137.928604 -33.152355 56.488281 
1.107127 96.273544 -22.701111 103.657402 160.164017 -165.254517 170.864792 
79.214264 -12.023923 71.319412 85.991570 -150.152267 85.913376 128.271698 
43.231709 152.928055 51.445255 24.398163 268.071869 13.005949 -54.459892 
47.914318 133.972809 55.268349 34.248524 225.415359 13.978109 -38.108353 
19.180031 152.753006 51.277100 24.361965 291.130768 4.484170 -68.595734 
38.448544 157.166046 55.854134 28.693459 292.508820 16.163923 -55.241871 
63.948399 84.339729 138.649200 26.055130 161.659683 257.590149 -29.843821 
87.089973 -10.093637 27.080540 56.702644 -140.581833 -27.984621 47.944458 
52.926159 84.977837 -14.610579 126.882057 131.195633 -140.436478 237.424805 
53.331238 -4.876918 77.647469 91.357468 -122.235092 103.088730 147.342026 
31.589130 -9.179813 79.699936 92.257179 -136.534805 107.596992 150.165192 
21.215961 -4.675830 78.855713 91.578682 -122.797737 100.152870 146.861816 
4.974367 79.278908 -44.757740 63.551628 111.908997 -237.140305 54.527756 
76.978455 123.542252 84.542709 112.671959 184.203766 130.532898 198.417694 
46.192520 152.788483 51.820911 23.955969 281.495117 7.009738 -68.052544 
53.686966 77.162170 125.117416 136.749451 141.040024 211.519470 262.878998 
74.453445 118.538818 128.485031 -42.608791 191.379181 247.553223 -229.554596 
149.341019 123.698372 -11.458749 126.195343 244.081543 -127.898369 218.367981 
74.208115 84.374084 103.569725 73.079956 79.195938 187.786270 87.394447 
51.561954 90.309433 -73.769341 117.598763 163.843719 -331.133728 182.585281 
95.392937 139.945267 142.523514 -52.909767 250.868134 299.134094 -255.463120 
71.473450 124.761345 10.169177 89.186325 242.620804 -87.693581 126.839493 
74.749321 67.304626 122.083130 61.143028 28.324120 246.563583 39.916653 
64.769165 66.317528 123.191826 60.712120 27.770075 247.478668 39.614090 
107.671982 82.732681 -42.579330 118.955338 116.729897 -221.545212 203.639389 
9.690271 83.679588 135.650055 134.556183 158.839920 243.998886 256.493713 
63.415401 -8.602713 27.124622 59.447525 -137.767441 -39.009201 57.657364 
43.625675 135.863113 90.312920 57.749500 219.604080 165.548264 38.502750 
0.062296 170.633026 22.039583 98.614540 353.704285 -84.856453 121.837189 
69.007294 102.804825 0.603240 128.947403 179.469528 -95.771713 230.540237 
59.368408 49.295307 -49.448704 147.665680 26.887920 -233.700241 290.937744 
94.126114 102.429001 -0.372031 129.022827 184.016418 -92.706764 224.456726 
69.695915 74.902771 -37.936413 119.051178 108.379349 -201.674728 197.801422 
40.601494 47.495358 -47.805538 148.981750 24.191387 -231.488892 292.711914 
52.262566 140.425369 126.510574 -54.993187 260.005035 258.596405 -262.461792 
48.657787 140.519089 126.459053 -55.355488 251.695862 255.294998 -254.730377 
10.199003 81.571754 135.761017 134.200897 154.608002 244.510895 255.748764 
85.374245 -27.787973 77.141190 97.854576 -199.626678 96.733086 164.397949 
67.590889 166.399521 18.460461 162.277420 361.073120 -44.759739 325.985199 
91.743050 98.162643 -12.029652 130.449417 170.704468 -126.052025 226.259933 
31.247051 140.386963 126.451065 -55.031200 232.837692 239.069199 -266.790283 
2.787684 13.026954 78.307182 67.578995 -78.031410 101.559387 83.316391 
70.835396 -21.469112 63.646626 88.621544 -181.148193 59.366230 134.598282 
13.176255 25.399460 179.617538 141.410873 -12.244983 373.910950 273.923309 
19.508757 -8.189255 27.052145 58.506283 -134.249466 -19.854811 59.254402 
29.025846 89.610413 -7.406598 137.810715 145.472321 -114.706177 244.710388 
127.989189 96.832458 -21.558132 84.087265 169.615997 -159.050919 95.052162 
68.696602 155.462448 81.825920 61.977684 277.611420 130.791931 65.499512 
360.742706 120.224182 -37.119160 104.107780 234.856750 -204.183777 156.957977 
26.244059 -8.624562 27.273159 60.367893 -146.957703 -27.816689 65.586868 
82.062798 -8.401508 27.332027 59.466053 -141.523331 -27.780224 53.111019 
23.580772 1.781471 21.535992 56.195309 -104.196892 -47.375336 46.965069 
56.493649 116.819504 109.344559 -52.299007 183.534470 205.611237 -245.313583 
57.136429 65.983452 -11.436285 66.099129 88.138542 -145.704498 63.358402 
43.493389 42.347633 107.536873 74.838387 -40.623398 203.175400 90.904060 
87.049644 82.119102 -15.618091 142.980118 127.661415 -141.753128 263.740631 
41.778461 87.783463 125.689461 30.093367 171.192856 222.592041 -18.886436 
26.767553 -38.411114 40.511490 53.787121 -227.334335 3.117897 40.066742 
39.541252 -38.454994 40.449402 53.771603 -229.101562 3.285570 40.494183 
24.500504 39.529743 -14.809425 137.074753 -1.667216 -153.360352 262.992889 
26.853407 65.985695 -11.437201 66.098732 66.682953 -130.465317 66.990135 
23.467443 92.837082 -5.010212 53.372932 160.631699 -119.635895 28.547165 
11.106791 92.600945 -4.636898 52.701225 162.503159 -120.577538 31.651934 
7.854406 25.482092 191.308823 146.193008 -12.293717 409.514435 288.737427 
77.594208 69.428543 4.548986 155.708771 85.775337 -91.320206 319.684753 
6.837758 92.579811 113.991859 25.933613 187.597153 183.121323 -32.798069 
27.055861 132.211914 43.654121 63.723877 269.167633 5.934482 62.501022 
42.055523 51.344307 97.376740 95.575485 -14.796751 173.522293 148.866562 
71.706787 74.207947 110.797058 19.005951 76.655029 194.726364 -53.045773 
54.142067 117.533058 147.717957 28.545332 257.097290 281.014496 -22.074205 
60.661945 126.498955 157.075073 31.957733 285.400970 310.821930 -11.244578 
17.311131 29.146822 -10.738125 136.246307 -35.192242 -139.230530 259.642395 
218.265869 75.439438 16.106377 71.491005 102.948151 -70.755066 87.751259 
64.736183 101.524185 4.408324 47.163021 179.354736 -101.878807 15.096540 
53.907871 112.080833 28.804173 62.148857 206.991150 -36.542824 62.386028 
104.716331 82.395775 -3.388337 142.397171 127.339226 -106.242378 260.518311 
31.604322 109.395142 30.555696 63.062939 199.980682 -32.506958 64.876297 
94.633018 92.159470 -7.715543 132.879974 153.127350 -117.848976 231.211319 
30.634035 154.842026 -1.783826 165.825897 326.401154 -104.054070 336.317749 
46.428192 74.104126 12.042977 122.506851 97.158203 -68.599754 222.038864 
72.995682 99.814888 -31.901545 163.214523 180.014435 -190.395752 330.326416 
59.165215 74.772041 -26.884329 86.697800 103.545433 -185.396729 125.020378 
100.645317 5.742066 79.647423 72.308113 -93.256622 104.087944 98.975906 
435.824066 89.709106 -73.897400 117.077171 142.282303 -329.462524 205.156021 
87.729073 92.151451 -14.107166 97.672180 153.163651 -145.367035 146.777222 
30.783834 77.528557 19.315786 129.028244 107.900291 -43.775059 242.753311 
465.868225 63.787933 -53.965645 153.395294 71.158707 -266.661713 311.090820 
71.640839 78.517532 -67.592804 149.681229 117.200348 -309.704651 299.250122 
32.825832 35.963375 115.734856 112.344696 -57.924202 225.603088 187.827896 
92.029915 85.590889 -77.287849 111.257210 137.371536 -337.274841 187.968903 
42.599388 35.891609 115.793556 112.438881 -63.564037 231.036972 206.241226 
41.054035 38.445160 112.864433 116.439392 -52.800293 218.713013 211.688095 
38.569141 89.507317 -60.866089 97.294563 147.322769 -288.006989 143.644135 
40.196835 39.320381 112.428162 117.363319 -53.315056 221.281418 209.787247 
47.607861 45.659100 -23.092859 170.470184 14.020794 -174.243881 365.798431 
58.027988 100.712814 -63.766087 118.666458 175.265991 -280.923584 202.070526 
19.473955 86.742905 -61.343788 100.053146 140.069763 -290.396210 152.620636 
98.802933 142.239655 100.031593 -49.465916 256.345917 171.015915 -246.754425 
142.850403 -27.658092 59.190083 50.827652 -202.955948 52.514339 28.546251 
51.155262 13.388508 69.523560 73.528328 -76.362915 87.048965 94.409554 
25.645586 157.875259 70.353729 -63.802910 300.567810 82.786339 -288.497986 
54.811012 90.154282 -68.858276 112.855797 144.766068 -314.516113 195.422058 
10.195048 160.050018 -13.381582 116.528740 328.383453 -182.181473 175.780777 
49.540207 26.096464 94.412445 65.167999 -41.173164 151.206985 65.330818 
88.769470 8.713591 -19.621010 215.578583 -97.529739 -137.759613 490.976196 
23.506577 13.393009 69.517715 73.538483 -71.039047 59.285828 96.755363 
39.744640 137.210861 110.721024 -74.875961 241.399017 206.404388 -322.218842 
72.402763 119.106850 -73.424843 127.027496 234.421463 -311.504089 229.282730 
60.271500 133.120346 -81.131981 120.255913 275.296570 -334.560059 208.195587 
19.712074 26.314011 94.444069 65.143860 -38.916412 150.541595 63.845100 
16.611954 139.551163 112.554962 -78.359940 247.542603 211.276672 -331.087250 
50.809372 26.165352 94.411011 65.266701 -41.334656 149.688583 78.560425 
35.608635 20.740818 113.085541 68.251572 -61.255226 221.522720 82.174744 
17.334370 80.927681 -16.012308 144.148117 131.867233 -141.177963 256.740356 
19.540388 105.084709 90.122246 -134.455444 163.290222 154.727371 -475.439331 
96.496605 129.507004 121.741699 -75.035194 218.755661 237.931198 -322.593597 
16.717810 104.603111 86.802116 -146.700699 162.024994 144.852875 -512.670471 
1.895488 183.027328 116.979805 -3.717530 373.113739 211.418320 -126.203506 
107.068443 10.705734 83.421257 76.878685 -84.797791 136.333527 108.592613 
77.312355 9.860663 80.904305 76.925316 -93.706451 126.152519 98.424026 
65.193329 89.675529 -43.686562 169.217422 145.247314 -208.231522 342.160278 
90.375259 146.255997 76.097404 -58.490997 264.988525 99.901833 -273.374603 
83.761116 108.569809 26.540861 61.766109 197.382767 -44.355625 55.000076 
12.069915 84.066063 49.663254 49.934105 129.869186 25.423515 25.755514 
81.580597 -11.758526 61.850189 77.222450 -148.518311 58.265965 103.922523 
248.521179 68.718513 13.415683 147.010025 81.464783 -57.145782 278.039764 
496.882629 10.203259 81.977821 76.374954 -91.815681 118.305748 106.086121 
130.195602 81.067093 -16.161814 143.116791 121.787933 -134.908783 265.251099 
79.754967 133.393982 65.301491 -41.441853 226.532257 68.211525 -222.435379 
65.470093 61.823765 5.081100 100.154755 62.764099 -81.714310 165.514725 
73.373032 62.328346 4.191808 99.784180 64.690170 -87.832016 152.207275 
51.968983 43.757244 -61.560204 197.725601 10.207468 -264.867340 435.143982 
15.357460 47.927166 -64.236298 199.890991 22.257463 -273.698090 440.702911 
16.483122 49.269997 -64.847023 199.613785 24.017551 -273.189209 441.492676 
64.524239 47.358074 -10.314648 173.098816 19.612049 -138.955093 371.483185 
34.821014 54.571499 -57.093124 201.227264 41.482288 -251.823715 445.748505 
62.639069 134.164398 71.479721 -66.386795 236.137787 92.736214 -289.386505 
41.073368 60.558666 -14.149677 137.792648 59.725517 -139.551773 253.660767 
37.084770 61.783752 5.107349 100.143951 59.026764 -98.415054 135.521606 
42.482704 60.279072 -16.647579 135.080200 58.779140 -144.482407 247.110733 
68.343918 97.451241 -21.454008 146.052704 168.211884 -157.629791 275.712189 
63.364250 25.350060 -33.465176 197.609009 -47.568233 -179.400650 433.638947 
88.220032 90.237129 -73.855476 117.311028 147.701431 -300.902161 204.457932 
141.760284 -1.805919 84.815430 84.330490 -120.381027 121.164589 124.953529 
54.514130 134.119492 71.426956 -66.453499 224.414459 81.080139 -304.282654 
35.044270 143.730835 77.411850 -61.491543 260.523956 104.372566 -280.611664 
22.686947 61.161510 9.550123 195.991821 63.935017 -74.288696 446.960754 
121.970467 75.197372 -73.544952 109.977173 109.911400 -318.163696 173.474701 
31.752316 61.010151 5.915418 100.561882 68.486259 -88.787079 150.401398 
32.950184 72.108994 -37.049301 174.380600 93.241798 -189.352936 357.927521 
18.018478 61.945011 -53.283066 175.342285 62.869507 -237.294128 361.703278 
55.208889 74.165428 41.893005 127.400726 100.153687 18.879000 234.852707 
64.136292 56.888252 -12.031943 123.426842 48.672821 -137.189774 211.155441 
89.166351 132.170456 -22.839993 173.225159 271.585419 -163.646011 360.179932 
199.758713 99.298920 -5.725360 95.888298 173.962234 -118.388435 141.740158 
92.967461 84.163971 -52.170452 127.252159 128.785828 -260.193787 231.935867 
209.424362 69.603142 -20.389603 99.958694 87.821907 -161.972565 153.674225 
86.083862 93.787849 -18.725859 104.444435 156.469269 -157.140900 164.752274 
15.660768 116.645653 -43.927753 167.332230 229.127533 -227.532349 342.773712 
