0.202999 -0.218276 1.089649 -0.980426 -1.561873 -1.309850 -2.175102 
0.583882 0.872994 1.768825 0.969116 8.965861 0.820679 8.796583 
0.585149 -0.243975 0.003080 -1.206246 -7.431000 1.769070 -8.450772 
0.085689 -1.509054 0.639363 1.654685 -7.692613 13.382353 2.474168 
0.090936 -0.839773 0.571576 0.331505 -9.161375 -6.958720 5.417265 
0.457888 -0.982699 -0.199488 0.125126 8.300679 -6.053773 -15.760076 
0.179449 -0.846897 -1.267837 -0.816410 0.048481 5.440390 1.780053 
0.103175 0.792796 -1.929486 -0.201783 -3.298494 -5.243290 5.734754 
0.199182 3.740241 -1.484692 0.792452 11.321974 -8.149500 2.704801 
0.109107 0.554501 -2.114604 1.192423 -2.248362 -0.305266 4.520438 
0.232498 -0.676429 0.892598 -0.310702 -6.338290 8.898553 4.797875 
0.683878 -1.270952 0.145426 -1.507860 -7.845194 -7.052330 2.284055 
1.809017 -0.259473 0.312950 0.148311 -5.356143 -2.108442 4.374685 
0.133767 2.778758 1.518870 0.019995 12.286516 3.115764 6.026612 
0.207935 -1.443863 1.978977 -1.221548 -1.125711 10.143087 3.085414 
5.586845 -0.026373 0.505078 -0.018628 -10.987127 -0.340552 10.878324 
0.099031 0.012714 1.307062 0.724986 -1.609670 11.093753 -6.980470 
0.095457 -0.733278 0.155430 -0.041914 4.170651 7.700850 -13.528786 
0.166412 0.094951 -0.292853 -1.487080 -4.503097 -10.461685 -0.047989 
0.401973 0.071708 -2.160901 0.748765 4.701238 -5.566782 10.002517 
0.149690 -1.407323 0.135465 0.466566 -7.895176 -3.802293 -8.578380 
0.135040 0.691132 0.306805 0.379082 -2.256215 -6.528498 3.789474 
0.230700 0.394706 1.099382 -0.852769 -8.729937 3.955713 6.914758 
0.296048 -0.514641 1.327184 0.482409 -6.399837 16.921618 -3.343273 
0.089040 -0.289087 0.596242 -0.445125 -10.889330 11.636352 -1.523657 
0.218861 1.688328 -0.693491 -0.461188 3.152809 4.065188 2.536474 
0.780326 0.707942 -1.312210 -1.185838 -3.992370 -5.807452 0.135991 
0.110177 1.148232 1.865134 0.842194 -2.099436 1.930658 8.834178 
0.308745 2.155056 -2.757192 -1.353076 8.737119 -17.042060 -5.156798 
0.930095 -0.581700 -0.051137 0.407137 -7.338436 -4.992061 6.000800 
0.154448 0.073915 0.408844 0.399680 -12.008550 -12.671982 0.084573 
0.449860 -0.869133 0.083615 0.752859 -6.065581 -16.660198 -2.168516 
0.194281 0.834083 0.501996 -0.667311 3.739573 7.889653 -9.693601 
0.121470 -1.604206 -0.086938 1.303021 -9.056093 -7.221794 -5.887018 
0.388680 -0.404628 0.729793 0.806528 -7.861605 -6.315486 14.193302 
0.552874 -0.200606 -2.514223 1.397092 -6.389334 -5.576950 10.101707 
0.107074 0.011641 -0.605881 0.056200 -5.638530 1.243897 -15.712185 
0.218546 1.010497 2.139799 0.115313 -3.703494 2.432813 -1.660759 
0.118025 -0.697945 -0.635779 0.865997 2.472163 3.432096 6.816019 
0.176826 -0.935009 0.548792 -0.040609 -1.017587 6.558138 -14.923191 
0.123628 -0.277892 0.463529 0.343197 2.834623 8.002408 21.883906 
0.103987 2.228636 -0.094091 3.676535 14.032947 5.461016 15.057694 
1.612405 -0.422452 0.419780 -0.536618 2.622934 5.262628 -0.759221 
3.952128 -0.308848 1.488178 0.874915 2.974968 -9.562392 4.631104 
0.090817 -0.320260 -0.029491 0.173303 -16.215765 4.851555 2.773504 
0.094271 -0.864814 -0.900399 0.473143 -14.341541 -4.460821 2.269668 
0.105198 -1.493869 -0.410210 -1.405169 -10.420133 1.518719 4.459083 
0.122132 -0.000464 0.443822 -0.000197 4.366123 9.300311 -1.619460 
0.167817 -1.061237 -0.134486 0.787969 -4.654766 16.653346 4.966156 
0.138488 -0.473678 -3.279543 0.126623 1.294246 -10.457258 6.253103 
0.701272 3.435732 0.423480 -1.123258 21.113785 1.429432 1.168898 
0.367183 -0.007638 -0.717543 1.338425 -1.273986 -6.302757 -7.086807 
0.116639 -0.461673 0.731736 0.444336 -3.377917 15.861527 10.979478 
0.156405 -0.962473 0.296920 -1.158969 0.848020 -0.602213 3.428895 
0.118162 -1.443021 0.864976 0.310066 -9.547208 -2.220307 -3.810615 
0.151293 -0.432419 0.345651 -1.143095 -3.411468 4.346967 4.074127 
1.456612 -0.194541 0.335240 1.332251 0.467990 1.044951 -2.642177 
0.095248 -0.299047 -0.465615 0.249661 -7.028248 3.702221 11.198610 
0.298886 -0.904748 0.636639 1.271347 -3.618251 1.388779 -0.889260 
0.512636 -0.466915 -0.827914 0.723629 -2.242020 -8.268303 -4.739684 
0.121466 2.155966 -2.731583 -3.209048 11.657407 -10.861135 -10.414727 
0.863813 0.398529 0.214244 0.058207 4.859503 11.801759 12.883615 
0.283593 -0.104321 0.514845 1.014451 7.192606 7.816106 8.430129 
0.114183 -1.673313 1.002939 0.412497 -5.512119 -5.898261 7.045996 
0.387857 -0.589977 0.067404 -0.868048 0.306615 9.278461 -3.607108 
0.102340 -1.163919 -1.533208 2.204385 -5.728567 -9.258682 5.162542 
1.423034 1.564665 0.862958 -0.252696 3.329316 -9.473934 -1.531708 
0.118440 0.007239 -0.196289 -0.507384 -10.945261 7.770533 -14.659843 
0.087317 -0.735089 0.763470 1.162423 -0.376228 4.848418 -3.688077 
0.115648 -0.264658 0.515038 1.262889 -0.675625 11.957338 -6.024302 
0.335498 0.815994 -1.485584 -0.582008 4.560422 1.310177 -10.683757 
0.109210 -0.461317 -0.486730 0.579838 4.338981 -9.181084 21.328183 
5.398343 -1.024284 -0.177733 -0.032429 8.714641 0.352803 -4.093640 
0.438696 0.146724 -0.781531 -0.958062 7.571290 3.326963 -1.880703 
0.102783 -0.802987 -0.133237 0.582334 -7.308884 10.002226 -7.406772 
0.317653 0.514338 3.145003 -2.300873 -3.725060 16.741079 -6.865672 
0.117399 -0.383597 -0.119647 0.197408 5.118838 -13.951263 -9.288896 
0.135796 3.114352 -1.332687 0.800478 9.276969 -11.324810 3.679677 
0.139152 -0.657925 -0.680065 0.030815 -6.996282 -13.002296 -8.731938 
0.081844 -1.004195 0.565534 -0.471063 -10.756785 1.701843 2.386605 
0.210768 -0.522375 0.002167 1.173826 -0.461397 3.918030 15.561835 
0.087151 0.811133 -0.443243 3.604122 8.968045 -4.017240 14.763218 
0.247564 -1.163364 -1.945620 -0.766481 -8.987669 -4.537034 -8.712156 
0.118055 -0.219795 -0.182178 -1.812336 -5.984397 7.625850 -0.720515 
0.133708 0.117464 0.614392 0.155923 2.125898 21.108672 7.909044 
0.137951 0.508648 0.386463 -0.026477 3.486030 -3.827453 12.999986 
0.295736 0.116933 2.067085 0.363312 -6.190574 -0.345623 2.346078 
0.093592 0.376425 -0.280050 -0.491307 -2.649722 -1.787552 2.893473 
0.180968 -1.068749 -0.749024 0.802554 -9.732425 -11.841391 2.526093 
1.058781 -0.789242 0.809164 0.966111 -12.763180 -0.651292 7.687941 
0.086350 -0.121683 0.047237 -0.100427 1.285114 -13.125587 2.748445 
0.263354 -0.916918 1.481360 -0.002767 -5.508055 12.000936 -2.780775 
0.556778 -0.954105 0.091391 1.165219 -12.060628 8.904832 6.251504 
0.139284 -1.308813 0.229846 0.891260 -11.712843 -4.535255 1.694672 
0.478468 -1.052080 -0.311166 0.899065 -9.145561 -1.076705 10.802697 
0.165293 -0.627797 0.958398 -0.113903 -1.814390 -4.213374 4.693272 
0.493788 0.613526 -0.027789 -0.807902 -1.423526 2.007812 7.482085 
0.252788 -0.661238 0.420633 1.389006 -13.445075 0.947161 13.789573 
1.145613 -0.526725 -1.366776 0.636342 -10.341388 0.958110 -3.225700 
0.388183 -0.033943 1.317432 1.559790 1.056124 3.336510 -2.062853 
0.094407 -0.872767 0.986541 0.450062 -3.234178 0.953442 -0.485616 
0.126740 -0.524192 0.118584 0.316750 -0.017279 -20.178548 -1.627225 
0.323270 0.002567 0.733898 -0.341488 3.381881 5.194555 10.224833 
0.198042 -1.975845 2.884005 0.299181 -12.407582 7.059850 4.412737 
1.167561 0.119171 0.782202 -0.946816 -5.800515 11.187469 -6.652503 
2.697368 0.242421 -0.216894 0.817948 -8.110926 -2.907455 -1.417378 
0.376011 -1.537349 0.371391 0.046888 2.872043 7.438550 6.543666 
0.588263 -0.573857 0.871525 -1.085164 -2.671088 9.109586 -0.823603 
0.138650 -0.362665 0.819084 1.182155 -12.259199 -5.281954 13.253959 
0.373816 -0.175343 0.748150 -0.764790 -3.320541 1.382217 -15.393367 
0.401930 -0.420256 0.424222 -0.774779 -0.939037 -7.322834 11.545261 
0.263064 -0.247400 -0.337252 0.574882 -13.616983 -2.888387 -1.654438 
0.459762 -0.445654 1.050782 1.205510 9.382982 11.380876 0.081428 
0.328088 -0.906265 -0.559864 -0.003583 0.615721 -6.833344 6.044494 
0.860282 -0.659824 -0.499662 0.260311 11.193779 6.312640 -0.171434 
0.273055 -0.673982 -0.374391 0.496837 -8.743271 10.653742 -7.302648 
0.396253 -0.755656 0.710201 0.119469 7.029712 12.328934 7.284799 
0.246288 -0.745820 -0.549402 0.289540 0.910990 -11.874271 -5.955853 
0.730294 -0.420569 -0.122449 -0.014674 6.897327 -4.376103 -1.979842 
0.278430 -0.800044 -0.589393 -0.009707 4.552917 -12.850896 -8.102131 
0.151503 -0.204313 -0.582833 -2.230539 -3.759072 3.896480 -7.859952 
0.100432 0.035617 0.874669 0.639762 -15.438148 1.287064 6.238529 
0.082624 -0.780448 1.217809 -0.311533 7.859533 12.348383 -5.281969 
0.114711 1.324487 -1.390171 -1.692866 0.329341 -10.212556 -0.964982 
0.192666 -1.400537 0.198877 -1.146778 -12.170597 4.171181 4.280314 
0.287114 1.185440 -1.610926 -0.371711 2.789617 -2.178574 -11.053010 
0.585359 -0.574120 -0.396968 0.958308 -12.491942 -6.065469 -6.941979 
1.376095 -0.090330 0.449882 0.211822 -20.923546 9.907833 3.029477 
0.431641 0.424659 0.423462 -0.771073 -8.854753 15.607831 3.305287 
0.136683 -0.357833 -0.448675 0.117976 1.769264 -1.459313 -10.686780 
0.323241 -0.943578 0.052764 -0.589107 -15.853315 7.811249 3.026669 
0.391024 -0.144064 0.592373 -0.199999 12.940103 -0.296833 5.814574 
0.112116 -0.395770 -0.250332 0.222526 -2.945238 -12.006538 10.236679 
0.116547 0.028593 -0.122087 0.541179 -7.551452 -12.859808 5.574132 
0.952396 -1.155490 0.267472 0.266375 -5.409047 11.982274 4.100268 
0.374161 0.399211 -0.947132 0.081329 6.503545 1.724545 7.867138 
0.178419 -1.602144 0.493231 -0.103198 -8.852331 4.980859 -2.645882 
0.192961 -0.748142 0.257951 -2.099142 -10.147151 -5.498550 -6.127846 
0.763069 -0.049219 -0.072048 0.962850 -0.460580 -2.988766 -7.137892 
0.181019 -1.950073 -0.384479 0.011410 -11.347724 -6.621135 -9.586900 
0.393969 2.293919 3.675557 0.771734 11.840973 20.672087 8.254432 
0.408300 -0.863317 0.218943 0.070939 -11.159017 3.569746 5.607622 
0.506972 -0.759934 -0.929909 -0.395196 -10.429092 -0.085594 7.794416 
0.168852 -0.198673 0.396016 1.052490 -13.178413 16.821152 0.627563 
0.196085 0.662591 -0.366378 0.042075 -1.092466 -1.467351 -0.671311 
0.836938 0.450188 -0.092663 -0.679154 -12.897526 11.530230 -1.143668 
0.701221 -0.451694 -1.013378 -0.477227 -7.675833 1.866999 -1.938040 
0.263429 -0.995654 -0.079666 0.118718 -16.187381 15.006297 -4.840594 
0.151360 -0.211455 -1.234223 2.292472 -10.004111 -4.890101 4.091017 
0.449375 -0.567023 -0.570823 0.024859 -11.253839 2.345985 2.351070 
0.108928 1.311615 -0.935388 1.245465 -0.803673 -11.718945 0.542809 
0.090465 0.730986 0.586011 -0.939737 2.900240 5.984854 -13.922364 
0.531060 -0.701942 1.916817 2.594072 -9.161790 8.967988 4.583968 
0.272013 -1.405510 0.011131 0.591457 -0.028126 -4.793750 -9.455272 
0.127889 -1.300173 0.045196 0.233085 -13.155665 3.750557 6.180827 
1.070260 0.091737 0.564523 0.348028 1.256790 5.889246 -1.353453 
0.111702 -0.580715 0.461811 1.510461 5.004471 -2.915150 14.556031 
0.275275 1.497107 -0.156183 0.526898 0.930270 6.046831 -0.904692 
0.433814 -1.267055 0.378270 0.605282 -2.903135 10.958155 3.315015 
0.121123 -1.004381 0.612723 -1.419375 -6.401645 10.915015 -0.593851 
0.604561 -0.402028 0.485394 1.306106 8.439054 -10.846708 7.942346 
0.672200 -0.104989 0.716879 1.713327 -11.307169 4.304197 1.321519 
0.485099 0.482577 2.329197 1.205449 -1.387771 1.959272 6.475357 
0.088968 -1.707722 0.976354 0.025368 7.416052 5.277543 2.763785 
0.372330 -0.459696 -0.484184 0.275109 3.324149 7.574755 6.778337 
0.427499 0.965043 -1.184611 1.869035 9.538145 -5.426655 -0.202339 
0.148166 -0.128956 -1.409380 -0.434314 -9.164778 0.341882 4.014169 
0.205405 -0.075113 -1.445940 -0.509126 0.509682 1.873126 6.487023 
0.273438 0.210814 1.169772 -0.170780 -11.859652 8.342287 -0.863561 
0.257004 0.976938 1.423141 -2.367512 1.753413 13.519536 -7.375516 
0.083821 -0.427843 -0.284965 0.292183 1.557772 1.749144 -16.592550 
0.673429 0.013994 0.148886 0.304022 -1.255659 7.691420 -20.207473 
0.093338 0.304680 -0.465631 0.753812 0.128040 12.886037 -9.123745 
0.097693 -0.466430 0.650772 1.231801 -5.415577 -1.213154 -2.149965 
0.081727 0.213026 1.175151 0.444055 -1.676378 7.701878 -3.201317 
0.417045 -0.573995 0.292387 0.123517 -17.851331 1.242905 8.747908 
0.387177 0.746973 0.078151 0.021387 6.343701 3.951440 0.986816 
0.350927 -0.505271 1.418360 -0.167218 6.511092 13.704757 -1.689252 
0.081891 -1.060755 -0.095565 -0.079673 -5.051372 2.180617 21.798511 
0.111530 -0.822195 0.302654 2.133038 -1.076735 -1.770245 4.090588 
0.729211 -0.091410 0.379369 0.256074 -9.979146 -5.809662 2.243989 
0.081209 -1.422949 0.049195 -0.643004 -10.205481 3.926662 -15.231167 
1.066327 -0.555814 0.409870 1.410101 -10.048198 -10.185463 9.320314 
0.844840 -0.472689 0.666598 -0.022217 5.853150 0.999042 -7.395210 
0.286414 -0.657689 0.581998 -0.928884 -9.437582 7.949037 -6.200562 
0.108220 -0.157181 -0.571111 -0.240019 -14.651140 -0.526380 0.785937 
0.106446 1.700439 0.329229 -0.044037 4.626924 9.241550 0.313354 
1.618982 -1.340232 3.216940 -0.659395 -11.580243 9.608486 -6.264935 
0.126190 -0.351860 -0.311992 -0.044153 8.541038 -1.801126 15.874770 
0.666898 -0.840309 0.339533 -0.313466 -7.511842 2.931282 -3.114772 
0.355266 -1.309328 0.306044 0.773458 -11.311177 3.199404 -0.057853 
0.365762 -3.349814 -6.497651 -0.435171 -18.882215 -31.120033 -4.749181 
0.430606 -0.822286 0.142080 0.022496 -12.403716 -14.874584 -1.361431 
0.100431 1.316886 -0.253675 0.547296 8.645416 9.521250 -7.384242 
0.189647 -1.017151 0.755339 -0.462832 4.268848 4.297942 -5.950314 
0.132254 -0.423171 -0.633339 0.450431 5.904070 3.177049 -8.649567 
0.500139 -1.842046 -0.274270 -1.611327 -10.294795 3.563216 -0.700386 
0.175237 -1.119402 1.345819 -0.877690 -10.681232 0.119921 1.113874 
0.123696 -0.920680 -0.683728 0.157722 -2.978706 -9.251216 -11.127943 
0.195281 -0.664103 -0.125536 -1.470521 -0.236220 8.586977 -1.818430 
0.599939 -2.848874 -0.045097 -0.326153 -13.385001 5.439454 -8.265596 
0.192741 -0.670713 0.213775 0.266234 -1.563867 9.863502 -10.724777 
0.200778 0.570121 -0.648466 0.046844 -13.230123 -9.365249 -1.551150 
0.177472 -0.441964 -0.682593 -1.563607 -4.110661 9.217671 -7.190672 
0.127855 0.301251 -1.339625 -0.176193 -2.175576 3.629236 -6.854685 
0.220526 -0.198506 -0.296821 0.635993 -3.554237 8.218955 -9.122977 
0.627642 0.533490 -0.013994 0.225964 -6.863855 7.234628 -6.884095 
0.637465 -1.342554 1.090564 0.766379 -5.207420 5.252044 2.866113 
0.169117 0.245006 -0.365215 -0.131002 -0.947218 12.387452 15.424979 
0.114784 0.068988 -0.608374 -0.323060 2.343849 10.461699 -3.323198 
0.135557 0.033965 0.699019 0.737411 -4.799759 -4.458967 -4.768770 
0.579415 0.012890 0.465045 1.027540 13.154815 7.516849 2.350180 
0.624848 1.946057 1.849241 -0.240346 7.840691 7.340582 3.806025 
0.385484 -1.483884 0.353759 1.366477 1.036848 -7.018673 4.868085 
3.082417 0.073013 0.293063 -0.116934 10.393090 0.754047 0.807887 
0.310489 0.196887 0.078541 1.851904 1.520618 9.549923 7.220808 
0.457154 -0.107876 0.103484 -0.545122 -7.523940 -6.679429 2.190222 
0.279294 -0.038754 -0.025317 -0.759882 8.107826 -0.699005 -4.616383 
0.089763 -0.159676 -0.154260 -1.172976 -6.550351 6.368410 -1.021573 
1.249225 -1.130007 0.580183 0.805073 -0.351643 -8.848594 4.238790 
0.163561 0.741983 -0.770847 -0.294723 -5.047609 4.479577 -3.066163 
1.702665 -0.234668 0.475886 1.024678 2.515555 -3.384130 -7.355475 
0.087567 0.710945 1.603192 -0.189816 3.333668 -1.373134 1.445405 
0.192231 -0.744468 0.004819 -0.026149 -9.117420 -12.715718 -0.978850 
0.122081 -1.067068 -0.505916 -0.572458 -15.191344 2.001456 5.398552 
0.088452 -0.213914 0.846624 0.304029 -3.830150 13.017379 -10.832787 
0.470758 -1.166535 -2.434954 0.848199 -2.270695 -2.756771 6.063291 
0.196106 -0.643778 0.348470 0.160135 -5.984352 -3.840967 -6.690317 
0.163499 2.294211 -3.374762 -0.978698 13.057816 -15.110642 2.511092 
0.080867 3.019793 2.502925 -3.063152 20.379617 15.457363 -10.620039 
0.223604 -1.527088 0.139001 0.514424 -1.374342 4.289784 -7.684616 
0.155926 -1.078525 0.091744 0.683012 6.015281 -3.441496 -10.173598 
0.238387 -0.796510 -0.314887 -0.589011 -6.024735 -11.325095 8.580831 
0.106154 -0.760931 -0.182773 -0.399955 -7.006446 3.839754 10.621068 
0.169911 0.463873 -0.579122 0.521787 -1.365922 -5.567479 14.197913 
0.113329 0.923010 0.882476 1.376563 -3.927186 -0.531928 12.371775 
0.192419 1.613398 -3.002222 -0.980218 2.715498 -17.137006 -6.963775 
0.594225 0.235232 0.757896 0.854933 -0.452227 7.232594 9.651002 
0.085164 -1.143629 -0.140865 0.298334 -0.824814 -1.722914 18.328342 
0.117057 -0.566780 1.072958 0.713353 -3.841345 -0.024630 5.483025 
0.205043 -0.294896 0.801285 -0.306638 -7.751388 -3.201591 4.094939 
0.234649 1.347641 -0.121793 0.248588 8.734198 8.288444 -5.333747 
0.487672 0.087355 0.798541 1.522764 -2.776461 -2.148943 3.829911 
0.223182 -1.197746 -0.538305 0.167285 -6.836916 7.572155 5.610137 
2.476904 -0.269966 -0.286321 -1.217579 5.844205 10.001645 -3.048428 
0.441734 -0.022772 0.583433 0.278917 -17.961239 -3.548152 -3.367724 
0.230397 -0.988399 -0.522190 -0.271930 -12.149842 -5.281388 -10.602874 
0.689100 3.764805 2.032714 -2.526623 19.730888 6.484408 -8.574570 
0.815528 -2.726215 0.429794 1.170316 -7.486508 -3.037530 8.766431 
0.161492 0.223891 -0.052324 -0.377770 -7.357825 -12.092969 2.391298 
0.542296 2.871682 -1.201466 -0.520186 5.850525 -6.640891 0.507841 
0.146522 -1.480286 -0.463015 -0.144264 -9.026148 -3.898429 -15.051284 
0.256037 -1.093191 -0.730591 -0.699887 6.756704 -6.487580 4.236411 
0.887681 -0.472710 0.649450 1.026211 7.022469 11.997603 -9.585598 
0.101372 -0.279793 0.036573 -0.512021 -3.890918 -8.616235 -0.340991 
0.141931 -1.059706 -0.073999 -0.177311 -13.679942 -12.922830 -2.781569 
0.178446 -0.692592 0.693315 0.511185 8.477949 -5.759560 -4.671684 
0.083374 -0.346665 0.163002 0.595518 -13.932159 7.666334 9.512797 
0.376685 0.066074 0.291130 0.167545 4.912963 8.281341 -24.505865 
0.585808 -1.200565 -1.083828 0.914263 -10.028058 6.929215 3.493419 
0.102075 0.548698 1.394316 0.137598 0.382996 1.370386 -5.862970 
0.086694 2.381353 1.805203 0.113039 11.838268 6.233344 4.556383 
0.654455 -0.132724 0.304105 -0.625581 -3.324078 5.245025 -2.585413 
0.442796 -1.127508 0.228812 0.476342 0.862217 0.987062 15.319717 
0.103990 -0.132596 0.248835 0.084251 8.466067 -12.646157 13.315240 
0.137893 -1.387763 -0.049183 -0.031670 0.754733 8.113747 2.415579 
1.044939 0.383969 0.253263 -0.169132 -14.296324 1.568866 4.907541 
1.025335 0.608125 0.211712 -0.485632 -1.031365 8.076256 3.649817 
0.472835 -2.078016 0.553810 0.905689 -8.332628 4.961730 -6.679641 
0.672168 -3.046737 1.124499 1.280456 -12.629723 0.033737 12.577875 
0.208490 -2.100361 -1.884512 -0.230529 -2.818569 -8.943856 -0.600534 
0.292610 -1.346506 2.311422 1.304424 -3.585530 5.653193 10.487004 
0.111344 -0.328517 -0.018262 1.594466 -1.302887 6.624799 -1.354325 
0.466067 -0.103430 0.875829 0.000634 -11.809991 3.409017 -12.499191 
0.112109 -0.660564 -0.508691 0.256665 -1.637846 12.704232 -1.583402 
1.021373 -0.455808 0.050203 -0.111207 10.674396 -0.263621 -10.280689 
0.247245 -3.005201 -0.798079 1.940910 -17.995628 -1.138075 8.984801 
2.937998 -3.178874 -1.228217 0.858210 -8.908814 -6.777415 9.207526 
0.112201 -0.736705 -0.442369 -0.320027 -10.352682 9.954265 4.547869 
0.941373 -0.063007 -0.115400 0.152986 -9.816181 -11.335243 1.842183 
0.186332 1.174806 -0.009701 -1.028745 0.236225 3.888359 4.499328 
0.206312 -0.063941 0.778129 0.671588 7.629005 0.593488 9.017330 
0.087521 -0.488461 -0.422196 -0.449682 -6.961974 -12.498227 -9.002636 
0.337060 -0.762402 -0.403984 0.057064 -7.318118 16.852368 4.958394 
0.506829 0.979537 0.557738 1.317815 4.089141 4.753100 -2.388168 
2.506229 -0.673063 1.524145 -0.002319 -13.092214 -3.977817 5.838076 
0.109658 -0.361329 -0.051476 -0.732388 -10.241325 1.074722 5.752190 
0.093631 -1.130135 0.861814 0.561000 2.514600 -0.707002 0.988675 
0.994606 -0.284409 0.319422 0.334974 -18.233306 7.582597 -10.768277 
0.184780 1.859439 2.817613 -0.074210 2.905251 7.788495 -1.524986 
0.113864 -0.315226 0.797708 0.634149 -4.573496 0.560690 5.222821 
0.500571 3.327322 -0.431909 -1.888967 18.404017 4.562395 -7.610330 
0.375402 0.067447 -0.042138 -0.613274 -8.484862 6.957876 -13.036505 
0.121279 -0.298652 0.033135 -1.039965 -13.888551 2.116110 -5.458721 
0.437171 0.381821 0.071176 -0.883791 -7.383733 -2.378488 6.180264 
0.420529 -0.643903 0.846104 -0.057231 -9.264741 0.825993 4.003702 
0.140832 -0.597888 0.755782 0.157883 -5.669310 4.204877 -11.015524 
0.317286 -0.816851 -0.039541 0.350655 -4.033788 -13.495451 5.566090 
0.092539 1.014950 -0.704517 -0.139907 -8.189547 -3.294908 9.158405 
4.198783 0.230715 0.396056 0.408112 -4.497059 -0.425977 3.914171 
0.435794 -1.894795 0.143670 0.243313 -12.104061 -3.277136 -3.033701 
0.299195 -0.761889 -0.404484 0.601976 -3.613432 10.419710 6.675000 
0.366428 -1.094192 -0.030541 1.169725 5.696496 -4.981701 10.623567 
0.300202 -0.660546 -0.150019 0.244247 0.548564 -8.748885 12.066115 
0.585186 -0.456899 0.807986 1.561476 -3.818003 12.242548 4.142280 
0.524509 -0.320312 0.149014 -0.015128 7.395904 19.151631 -6.001522 
0.292083 0.404134 1.861649 1.043312 0.605383 -2.986531 10.321376 
0.107699 -0.711333 1.772003 2.325000 -6.876475 1.108568 9.758939 
0.744916 -0.698364 2.944519 0.674871 0.366833 12.626296 0.252951 
0.131940 -1.386056 2.701958 0.399904 -7.646453 7.071725 1.932059 
0.104491 -2.304680 -0.332116 2.343908 -13.394838 2.920664 9.963450 
0.504475 -1.305017 0.426495 0.606457 -4.065859 1.370459 0.983555 
0.159200 -0.206664 0.653938 -0.564902 4.100924 4.343207 4.684665 
0.144224 0.595746 3.570971 -0.400225 -2.170682 13.756967 4.538532 
0.221063 -1.332708 -0.145644 -0.130437 -6.616832 -8.130520 14.218643 
0.339783 -0.425160 -0.160472 0.783245 0.366776 10.848612 4.925408 
2.985742 1.523022 0.813512 -0.249574 -0.076032 14.991718 -4.308750 
0.098040 0.113324 0.884350 -0.528313 -0.409500 3.484109 7.536579 
0.364111 -0.972109 0.443952 -0.534462 2.607991 8.370779 3.436520 
0.144886 0.376869 0.263767 -0.442346 -10.212324 -5.782118 -6.220763 
0.360597 -0.193643 0.311926 0.067854 2.295911 -10.708105 12.202244 
0.254317 -1.365991 -0.208772 -0.938041 1.096282 -6.668506 7.279969 
0.555913 -0.055936 1.072175 0.069633 -12.483091 4.973274 0.578342 
0.416651 -2.987897 -0.458101 -0.601058 -8.432026 -5.333405 -5.107355 
0.151008 -0.179907 1.728431 1.598400 0.371366 0.060909 -1.839880 
0.577563 -0.027899 0.067983 0.051222 -3.058709 -5.786740 17.111643 
0.141965 1.915250 0.471723 4.030329 5.051453 -0.409832 20.294233 
0.120024 -1.442278 0.729547 0.350185 -6.430861 2.758344 -2.971316 
0.182852 1.883851 -0.503988 0.025374 7.428807 5.366929 -2.016398 
0.189724 -0.346788 0.534652 -1.313917 -6.894323 3.686371 0.788984 
0.150160 -0.005604 -1.585421 2.415247 -4.189697 -6.691558 11.200758 
1.373741 -4.592322 -0.431484 2.064373 -19.193790 2.264034 8.336694 
0.283453 -0.181812 0.377268 0.028722 -13.415568 5.652848 -12.109612 
0.170281 0.038413 1.239056 0.873225 8.594056 11.144856 -1.753069 
1.505698 0.550043 -0.564888 -0.047553 8.359797 -11.470596 -4.146714 
0.360047 -0.909517 -0.122306 -0.261751 9.435763 -4.115327 9.509629 
0.588861 -1.106805 1.012758 0.728103 -3.297407 13.340554 7.150250 
0.381565 -1.163069 0.883568 0.532130 0.106407 13.422879 -1.337013 
0.166121 -0.429053 -0.760306 0.176245 -0.922813 8.352885 2.768719 
1.652096 -1.177977 1.011844 0.115087 -9.219721 3.988684 -0.196334 
0.215498 3.356451 -2.273226 0.794057 15.312220 -5.186528 0.533284 
0.524663 -0.393469 -0.370961 -0.188371 -5.439625 -9.427731 -11.318637 
0.489037 -1.418793 0.780713 0.291878 -2.150791 -4.458757 8.942741 
0.247044 -1.124718 0.086578 -0.624246 -1.191708 -4.593680 -11.785809 
0.408569 0.630293 0.492043 -0.669762 4.046650 -4.211853 -10.895185 
0.429966 -0.461145 -0.481838 -0.060828 7.835733 -15.027649 0.860415 
0.205030 1.342917 -1.361738 -0.123643 -2.358275 -4.043587 -3.181902 
0.104504 -0.566529 0.303992 0.344136 -10.049636 -2.562987 17.685578 
1.704172 0.187131 -0.316123 -1.615613 -4.761166 7.162609 1.160699 
0.208973 0.614243 0.550916 -0.828272 -3.878034 -8.551978 6.230630 
4.631110 -1.342975 1.056096 1.559202 0.873099 -5.308816 6.186863 
0.135103 -0.280523 0.067586 0.019025 1.962115 11.299841 13.926739 
0.169606 0.244209 1.363897 -0.325844 -7.157144 0.353960 -10.047801 
0.567692 -1.725393 -1.022010 -0.301382 -3.449509 -7.829178 6.108553 
0.214292 -0.682258 0.362446 2.244980 -8.086616 5.965108 5.715914 
0.450345 0.026761 0.986468 1.203370 0.605896 4.637974 12.681904 
0.407103 -0.370272 -0.233365 0.186404 -0.697651 -0.576093 -10.106366 
0.846636 -0.946033 -0.774263 0.282975 -1.780073 -2.778731 7.556036 
0.123163 1.165696 -1.373380 -2.564490 2.212569 -6.980723 -5.929098 
0.120648 -0.666535 -0.241415 -0.572184 -5.417203 -11.301230 10.731393 
0.387333 -1.262191 0.402282 0.890039 -10.792259 -11.346643 2.039601 
1.095352 -1.330935 0.172451 0.512204 -10.679326 -4.360475 -9.105762 
0.212730 0.003768 -0.314007 0.298511 -15.303027 -5.147625 11.500633 
1.575080 -0.329929 0.620759 1.623731 0.865485 -9.143313 5.350274 
0.102042 -0.030263 -0.046407 1.042053 -10.869238 -2.372268 -0.385996 
0.606266 -0.188823 -0.060264 0.015000 0.332847 -10.493677 6.508581 
0.250734 -2.120792 -0.583021 0.433536 -22.286729 -2.649281 6.849031 
0.184902 -0.446744 1.656057 0.331912 2.084319 13.183452 1.556540 
0.348863 -0.130664 1.662688 -0.097765 12.733759 2.687377 2.471422 
0.127948 -0.225564 -1.059575 0.867025 -11.009703 0.462993 -2.315301 
0.127545 1.090933 0.987891 3.094739 -0.836618 10.065380 12.530398 
0.089378 0.758802 0.139010 0.409004 -7.219441 -10.152855 -6.614311 
0.220514 0.617367 0.026731 -0.291704 -2.696648 -6.998721 -11.695255 
0.195396 -0.620625 -0.771179 -0.673944 -17.023592 3.472458 -3.036223 
4.245083 -1.113140 0.161468 -0.024798 2.879710 12.222578 -2.045466 
0.095817 0.147514 -0.122336 -0.219402 3.347346 -3.430509 11.283472 
0.569763 -1.116625 -0.119647 0.452306 4.277047 -4.962553 -0.496721 
1.098164 -0.579256 0.637302 -0.412334 0.411200 -1.670583 0.600795 
0.538990 0.014715 0.430966 0.544436 -9.300942 -4.796652 -2.335386 
1.288776 -1.206756 0.013195 0.078115 11.410254 -1.247364 -2.069075 
0.193816 -0.500276 0.003380 -0.658107 -7.658157 -6.584260 -0.802519 
0.378483 -1.005056 0.460597 0.416419 -14.924072 -14.792852 2.807775 
0.130333 0.360116 0.386108 0.170398 5.665183 -11.868720 -3.411893 
0.235233 -0.375533 -0.614053 0.275574 -3.335601 -4.464284 12.388477 
0.474050 -1.111439 0.136520 -0.008784 -17.113775 -1.082672 15.689144 
0.170650 -0.932689 -0.339912 0.196482 -5.702452 11.377478 -8.420998 
0.551803 -0.270938 -0.239293 0.299387 16.635478 8.088019 -6.782112 
0.131497 0.175189 -0.354617 -0.480279 -8.693506 -9.390748 -3.494191 
0.367063 -1.096804 -0.528641 0.227417 7.694104 -3.301788 10.102071 
0.237052 0.010434 0.282202 0.237674 3.166554 11.794209 5.128493 
0.979329 0.526252 0.081341 -0.630869 -2.613696 5.244277 -13.811456 
0.113309 0.492674 1.257163 0.024840 -7.580220 6.498809 0.329172 
0.202812 1.959935 0.701153 -0.622204 9.612739 1.658624 8.281088 
0.145792 0.087960 1.152520 0.092015 -6.323888 -4.758372 2.740511 
0.206856 -0.597366 -3.998230 -2.154784 -7.890655 -19.735719 -10.405240 
0.534870 0.048329 0.979143 0.301300 2.752393 -0.442763 4.934036 
0.091732 -0.702535 -0.502254 0.913800 5.110336 -4.965696 -6.166083 
0.094435 -0.718425 0.953939 0.397458 -5.795993 7.815332 -13.398707 
0.106821 -0.385504 0.962101 0.599725 -0.835595 6.560434 10.103018 
0.443043 0.726698 0.644312 0.114982 -5.041265 1.110693 11.022830 
0.087582 -1.060794 0.329138 0.188588 -4.088236 8.283863 14.497064 
0.159466 0.358019 -0.190738 0.178545 5.384711 0.910899 -8.967822 
0.829727 -0.714656 0.617249 -0.077680 -4.320418 3.451922 15.706006 
0.093662 -0.136790 -0.088806 1.096190 6.797158 -8.110442 -6.578039 
1.055006 -0.780765 0.150743 0.578162 7.360906 -9.848605 14.679431 
0.290595 -0.044544 0.986147 1.432622 -8.194510 12.495423 2.133699 
0.226020 1.304205 -2.731151 4.744629 10.823165 -12.057949 20.860517 
0.258652 -0.077278 -0.306431 0.182022 -1.557659 -10.718598 10.935478 
0.504080 -0.647799 0.079030 0.859168 -14.030079 9.659338 0.710668 
0.133644 -1.176564 -1.042769 -3.187503 -9.582218 -11.159313 -12.673508 
0.102367 -0.967600 -0.102925 -0.257856 -2.097199 9.157702 2.107807 
0.102733 0.584799 -0.089006 1.143736 -6.012289 -5.746753 4.611836 
0.406103 -0.407761 -0.219302 -0.820858 -2.610465 3.106386 -1.679621 
0.170184 -0.408491 0.105961 -1.148214 5.441225 11.396111 4.090051 
0.080956 0.877497 2.791173 -1.054186 -0.330875 13.938960 -6.448417 
0.171393 -0.853085 0.713694 -0.252817 4.173760 -11.805562 -5.029981 
0.103884 0.084386 0.477233 -0.232750 9.842724 3.569713 0.198300 
0.287723 -0.387375 0.538411 -0.269955 -12.883128 4.243811 -2.163242 
0.707610 -0.543719 0.402817 1.400676 -2.837559 9.496832 -7.205639 
0.161798 -1.093317 -0.492358 0.813511 -6.522146 2.032021 -0.485731 
0.495528 -1.911378 2.654017 0.703631 -5.063897 4.173687 0.516157 
0.081729 0.152437 0.821202 1.530768 -13.565234 1.386828 6.803700 
0.498673 0.207154 0.732142 -0.881687 -5.840749 8.840180 -5.057764 
0.189760 -0.623126 -0.283907 1.478050 2.126072 -5.283634 7.069867 
0.174582 1.006280 0.345180 1.158402 -8.093981 -2.232254 5.047622 
1.913197 -1.107397 1.408770 0.214275 -7.519894 -0.994207 1.229303 
0.156957 -0.400678 0.940683 -0.540676 1.798994 -5.226182 1.547212 
0.318637 -0.455460 -0.453512 0.000494 -0.564370 7.151766 20.204387 
0.384886 0.035654 1.442648 -0.068954 11.026567 10.613146 -4.147940 
0.094543 -0.893773 1.300309 -2.387062 4.073384 9.055998 -6.915304 
0.093801 -0.012112 -0.514807 -0.911161 -12.288396 5.786444 -9.617169 
0.259589 0.093072 0.713035 1.565795 -3.263517 -3.300650 2.252091 
0.331382 -0.293441 0.448285 -0.073857 -2.650098 13.566718 2.513323 
0.597086 -0.505946 1.792527 -0.023477 7.765013 4.677103 3.056059 
0.244466 -0.439087 0.920391 -0.652444 2.991911 3.299597 -8.622865 
0.409757 -1.067202 0.782627 1.453248 -9.396239 13.230188 -2.958020 
0.703460 0.376596 0.319128 0.786738 8.394737 -8.980136 -5.870421 
0.129081 -0.537811 0.519480 0.560523 -11.748392 -0.572848 -4.361285 
0.592856 0.613583 1.382421 0.449921 -6.885129 11.182222 -4.649434 
0.598064 -0.973333 0.090856 1.631102 -9.792335 -2.505335 1.520099 
0.315326 -1.935514 0.956501 0.846851 -10.396170 -0.045225 -0.459196 
0.830552 -1.236875 0.409408 0.503378 -11.369120 -0.035906 8.248821 
0.107798 -0.650030 0.666366 0.256476 1.760998 -7.704515 -12.407225 
1.282747 0.685829 -0.721262 -1.177250 6.765537 5.497482 -5.323051 
0.179704 -0.751564 0.803526 1.145240 -5.553014 13.195023 2.761250 
0.226650 -0.578868 -0.669069 0.050773 -11.611966 10.318639 -7.325638 
0.213577 0.340633 1.729922 0.011038 0.746864 4.694980 -3.304354 
0.360054 -1.242121 -0.320341 -0.255693 0.471315 1.133012 3.622552 
0.590465 0.585385 0.307430 -0.531271 -6.215998 1.746913 -0.860926 
0.323997 -0.532080 3.243817 -1.685621 -3.285313 17.854412 -1.290664 
0.080856 1.083458 -0.209842 0.857349 4.857694 10.883739 -6.203920 
0.143920 0.024520 1.215563 0.279694 -4.626424 -11.670926 3.203459 
0.128165 0.406441 0.787538 0.674013 -14.193121 3.414777 1.558230 
0.371144 0.081828 -0.272739 -0.221025 -1.269264 -14.305437 7.840839 
0.145470 -0.042173 0.489914 -1.221716 11.330928 -5.475378 2.482737 
0.092657 -0.075438 0.785958 0.140936 -1.217699 -8.375761 2.245040 
0.587126 2.587196 -1.406206 -2.013567 15.582926 -9.859522 -3.361187 
0.235289 -1.086797 0.113950 -0.273585 -2.009604 -8.036945 -8.228273 
0.569180 -1.047793 0.245544 -0.127898 -10.365527 15.856255 6.797333 
0.093590 -1.023625 0.766042 0.385401 -4.725633 4.176353 -12.553592 
0.249342 -0.031212 0.328054 0.954972 -0.652096 13.488738 13.856561 
0.543855 2.303517 -0.792154 0.240187 7.175528 -5.907325 5.857707 
0.236315 2.655181 3.776194 -2.314757 14.342372 24.059116 -7.076652 
0.136931 0.357688 -1.114663 0.704568 -0.194220 -9.393892 11.927330 
0.109437 -1.105000 -0.195457 -0.676547 -2.303025 12.052603 -6.676415 
0.915698 0.063554 -0.361028 -0.786923 -9.120249 -7.853723 -2.486822 
0.125769 0.128240 -0.180726 0.085995 -1.279339 8.950756 12.561268 
0.182221 -0.771482 0.245667 -0.003234 -0.398540 16.779914 0.100742 
0.624303 -0.830913 0.237582 0.442408 5.883691 8.485353 5.929799 
0.123119 -1.884427 0.794132 0.493126 -3.430023 1.770332 1.429984 
0.093277 -0.061047 -0.664463 0.429532 -8.897530 -1.107790 -3.692783 
0.126609 -0.017254 0.033978 1.093880 9.097487 14.059150 -3.840416 
0.342755 -1.403943 2.091234 0.202906 -10.967423 8.114606 -0.623254 
0.887808 1.190669 -1.385676 0.379915 -0.503632 3.789884 1.391078 
0.718573 0.043309 -0.402828 -0.387476 10.118516 5.242947 11.742800 
0.789225 -0.005347 0.756549 -0.199573 -1.591836 -11.544385 2.801689 
0.126531 -0.723945 0.485939 0.591979 -17.871229 -1.152105 -6.000228 
0.685572 -0.324832 0.463191 -0.186648 -7.269853 -4.480404 0.465828 
0.342997 -0.399402 0.166365 -0.154936 -22.222398 10.139129 6.163249 
1.141486 -0.679463 0.443229 -0.220798 -14.853405 -8.196129 -10.223537 
0.181571 0.066837 0.151147 1.249946 2.973615 -0.784359 0.014315 
0.271737 0.077347 0.117528 0.418086 0.933185 -0.660476 -11.499538 
2.465276 -0.859086 0.121913 -0.249027 4.554918 -2.181513 0.267033 
0.132761 0.337820 0.592689 0.803733 -3.044884 3.803886 16.965973 
0.088416 -1.362016 0.135373 0.264730 -16.794084 5.456445 -6.742053 
0.089291 -0.517307 -0.052791 0.547569 4.310645 -4.970151 -5.131333 
0.263350 -0.973172 -0.045415 -0.495963 -7.624634 1.019429 3.903694 
0.423754 0.661879 1.122573 1.317301 -2.976132 15.014013 1.353356 
0.178200 -2.569836 -0.387553 0.006127 -2.648852 4.351150 1.047567 
0.269147 -0.193309 0.324274 -0.834673 5.688357 19.000310 -1.056518 
1.218772 0.328630 -0.322650 0.461525 12.155366 5.086854 -4.464607 
0.195759 0.171895 -1.773235 0.995466 -4.795420 -5.194272 -3.241187 
0.310560 0.378461 0.112102 0.169155 -9.460404 -4.127829 -9.026031 
0.132928 -0.486294 0.238241 0.218261 4.550376 -9.140325 12.868980 
0.130606 -0.083308 -0.708189 -0.673404 2.414378 -10.614672 -6.478665 
0.180981 0.722400 3.418255 2.788729 0.930346 18.141144 14.666589 
8.040799 -0.814804 -0.307281 0.049943 -8.837315 4.225296 -5.505419 
0.080873 -1.487981 -0.018890 -0.272868 -8.015459 -11.013849 -6.800432 
0.337684 0.553282 0.089680 2.057008 2.894587 -5.928787 0.367652 
0.727006 -1.801043 0.757464 1.171245 -0.917072 -3.968462 6.166112 
0.130102 -0.693456 -0.939198 0.331850 -1.694831 -3.642818 -5.732920 
0.107057 -0.493317 0.601952 1.689571 -0.197274 16.800649 3.106687 
1.352041 0.256135 0.040485 -0.649356 3.962043 -2.368704 6.798732 
0.108970 -0.230668 0.422428 -0.532808 10.528175 2.325395 2.787430 
0.148499 1.782897 0.490818 -1.469842 1.002103 -3.347644 -2.366919 
0.263983 -0.359636 0.308555 0.146237 -15.166733 9.394199 9.492164 
0.240265 0.040025 1.369332 0.523152 3.236984 -0.855387 3.794020 
0.217954 -0.553865 -0.439655 -0.102300 -3.071770 9.945929 13.233563 
0.444167 0.071917 -0.791507 -0.209638 -0.909554 -11.245496 5.882647 
2.752555 -0.254879 1.216666 -1.557632 -3.959851 5.142082 1.410289 
0.266546 0.692071 -0.125470 -0.743513 -5.812005 -1.361659 7.685521 
0.104305 -0.291779 0.399349 0.669063 16.224714 -5.802879 -0.500732 
0.144490 0.878553 1.542242 -1.535786 -4.093865 5.469388 -9.396912 
0.094619 -0.255128 0.667857 -0.087085 -4.735886 11.806031 6.168404 
0.144851 0.799953 0.177327 0.967165 4.900466 -5.596774 -7.406113 
0.132290 -1.241305 1.081381 1.319843 -8.453867 11.622155 -4.613914 
0.524424 -0.505593 0.384872 0.840877 -8.655153 8.405260 6.579565 
2.804970 2.492162 0.581329 0.593479 8.077807 1.237817 4.550061 
0.151725 -1.064160 0.052015 -0.334657 -10.609565 -4.581709 -0.233823 
0.691052 -1.700243 -0.972264 0.170153 -0.881298 -8.009134 -4.632373 
0.123125 -2.860412 -1.347265 -1.286468 -10.371163 -0.543209 -3.703474 
0.095501 0.019448 0.589199 0.233543 -7.544638 -4.893716 -4.766350 
0.082472 -0.068603 0.337032 -0.343499 -4.711743 1.615089 -12.588529 
0.088000 0.803969 0.234147 0.587916 2.429114 2.737733 -8.586934 
0.106567 -0.339840 -0.101272 0.216421 9.423749 -9.902542 -9.109087 
0.083960 -1.250499 -0.595173 1.702753 -8.083247 2.379484 4.067364 
0.444394 -0.095588 1.009750 1.096033 -1.062107 -0.578361 2.750662 
2.968598 -0.051570 0.057229 0.500167 -0.263577 5.344881 8.101698 
0.118415 0.284712 0.047107 -0.284638 15.373214 1.244882 5.891504 
0.123056 -0.264172 0.868548 1.149684 2.973745 10.270722 0.251267 
0.111967 0.189890 0.727827 0.194557 13.756176 -5.404943 1.928442 
0.095336 -0.131475 0.024886 0.573943 1.449715 4.049621 12.376303 
0.085245 -0.683775 0.324230 -0.233004 4.661250 3.898141 1.352128 
0.219520 -1.134043 0.014499 -0.298643 10.734992 8.149747 -3.548168 
0.269315 -0.713416 -0.487169 1.231037 0.253842 10.425078 -4.172519 
0.084729 0.605892 -0.040130 0.605432 -1.598315 5.800420 -3.861114 
0.193296 0.376433 0.950445 1.016769 -0.929000 17.165691 -2.450628 
3.042533 -0.170852 -0.956873 0.311295 2.092392 4.701703 12.738059 
1.417540 1.870545 1.852521 -0.033784 3.500041 1.608315 4.166276 
0.348250 0.495542 0.566861 0.426303 -0.764065 4.298677 -3.289893 
0.189420 0.873889 0.464934 0.647240 1.618063 3.312292 -4.997379 
0.222484 -0.435230 0.475452 -0.572529 -11.045047 5.842580 -2.392444 
0.319069 0.349348 0.266849 0.493200 -5.410291 -3.445867 15.350406 
0.092091 0.293787 0.198629 -0.365409 -0.165484 8.333652 -14.541741 
0.486369 0.446247 -1.032554 0.109208 -8.489978 -0.682049 4.268810 
0.293964 -0.063301 0.942619 -0.326817 -7.180303 -4.651471 2.779759 
0.150389 -0.393410 0.783772 0.489579 4.352674 -2.059077 0.311053 
0.098254 -1.237859 -0.026466 1.185435 -5.238315 -1.616832 7.549748 
0.129777 -0.167228 0.272577 -0.144106 -7.644792 -3.751741 -8.779786 
0.089968 -0.149096 0.813743 -0.803427 -13.472469 -6.507887 -6.100634 
0.178187 0.067394 0.179790 0.152380 -15.651029 3.017694 9.110667 
0.446547 0.051209 0.153197 -0.234056 -0.585867 -7.479625 -4.936720 
2.596189 -2.742479 -2.230034 -0.363093 -11.918687 -7.734725 3.818710 
0.941679 0.051215 -0.055184 1.098478 -1.612462 -6.965938 5.593874 
0.357477 -0.179663 -0.817064 0.138843 2.882960 -6.621092 -6.874830 
0.233141 -1.636276 0.514582 -0.107358 -4.273553 -1.453248 -6.198643 
0.109886 0.523811 -0.161491 0.488525 5.939479 0.844675 6.137524 
0.103385 0.423765 0.071510 1.208529 -1.730740 -8.466053 3.774283 
0.307529 -1.382068 -1.664695 -2.041708 -2.115729 -8.171490 -1.527974 
0.224214 -0.573412 -0.180542 -2.975590 3.253503 -7.052037 -11.801613 
0.688471 -0.814056 0.806807 0.098552 -13.811164 5.803479 7.517580 
0.121886 0.447538 -0.639831 0.912625 -3.875357 6.530002 8.397309 
2.036878 2.160637 -1.671139 -0.775620 2.487824 -3.944028 -5.600909 
0.108772 -0.181607 1.249814 -0.140897 0.508226 -5.350981 -8.681132 
0.087214 -1.073037 -2.250353 -0.967438 0.633765 -6.756545 2.809930 
1.095005 -0.217845 -0.403980 -0.518822 -7.485319 -3.800526 6.039297 
0.462444 0.045405 -0.103283 -1.223258 -2.910654 2.095257 -2.607954 
1.195467 -0.574154 1.217327 -0.221072 -6.423191 1.994409 -3.616329 
0.124532 0.915979 0.823518 -0.336542 3.189341 7.565726 -7.155947 
0.239527 -1.276388 -0.171228 0.957324 -9.487351 4.644318 1.026697 
0.513647 -0.225640 -0.375436 0.087920 -17.774450 4.458575 -2.740062 
2.322161 0.720578 0.312267 -0.612135 2.612086 6.820501 12.795703 
1.749945 -0.011265 -0.362339 0.222419 -4.444579 6.105575 -10.959280 
6.427225 -0.089133 0.976261 -0.027909 4.660521 -1.244307 0.703581 
0.187473 -0.626545 0.244386 0.927911 -1.442513 7.442995 2.498766 
0.080411 -1.261013 1.537694 1.082935 0.013271 0.407809 -0.721543 
0.084886 -0.724033 0.139387 -0.200310 4.238156 6.661165 2.628255 
0.210734 0.605631 -1.201240 0.163175 3.377168 -10.142554 6.082169 
1.039799 0.117638 0.622563 1.595292 -9.675271 4.869511 4.218398 
0.589256 0.134433 0.463166 0.066293 -16.015181 8.754656 -6.184273 
0.193774 -1.235182 -0.302973 0.983056 -1.341185 -13.041987 5.266612 
0.204408 0.814301 -0.121958 0.296372 3.150299 4.408953 11.271518 
0.203976 -1.445704 0.081545 -0.569268 3.461777 -4.212869 -6.358695 
0.100379 -0.307950 -0.219214 0.182462 -8.559420 -3.278065 3.875684 
0.224716 -0.493791 0.637897 1.489350 -8.851644 10.224298 -5.671570 
0.736908 -1.168874 2.112516 0.218861 -11.445779 4.902160 -0.840693 
0.183623 0.770768 0.207136 -0.326828 -8.758291 -3.695385 10.660097 
5.763363 -0.393260 0.224322 0.202523 1.212706 21.525879 1.392517 
0.155563 -0.114690 0.650121 0.572725 -6.260507 3.060831 -5.239963 
0.205052 -1.399100 -0.150878 1.157631 -0.623913 -10.385519 3.678869 
0.256881 -0.632085 -0.652574 1.194113 -0.715685 7.702063 9.710647 
0.383592 -0.137790 -0.454512 -1.169354 -5.334966 8.622291 -11.315576 
0.115189 -1.429590 1.682756 1.068912 -3.066457 0.956961 15.117760 
0.144188 -0.985473 0.930278 -0.199645 1.184309 4.471993 -4.158284 
0.208231 -0.719791 0.255066 1.363336 1.369091 -3.214042 -2.224728 
0.523071 0.419340 0.003557 0.790089 9.256465 6.408197 3.176968 
0.460238 0.884338 0.087053 1.208939 6.560895 2.515669 -9.366666 
0.500482 -0.801317 0.563516 0.923864 -8.338235 -5.798258 16.722964 
0.190881 1.896569 0.402386 1.813191 12.457097 -2.698895 2.503070 
0.095002 -0.325459 -0.682408 -0.072582 -4.691724 2.372691 1.858764 
0.282526 -1.278877 0.012503 0.579932 -15.552274 5.009934 -5.388804 
7.200905 -1.350545 0.589890 0.363037 -1.543730 1.022508 -12.761121 
0.639887 -0.627718 -0.272056 -0.620001 9.116342 -7.151428 1.076819 
0.088337 -0.085258 0.147707 0.335399 -4.509559 16.232896 4.449497 
3.427020 -0.113873 0.434076 0.075519 -11.921153 7.601891 -13.353512 
0.286232 -0.793053 0.143898 0.817277 0.559472 11.779845 -2.193213 
0.111446 -1.193491 0.562749 0.418811 -7.490984 -4.997757 -11.799233 
0.194955 -1.401688 -0.190668 0.146198 -0.932836 -4.696510 -6.079232 
0.190041 -0.502820 0.290572 -0.193100 10.344902 -2.532593 7.454128 
0.170109 -0.974902 -0.471556 -0.254664 4.709316 -6.244294 -11.403468 
0.162386 -0.774156 1.043578 -0.337764 3.136672 0.234623 -0.233691 
1.166044 1.298239 1.168411 2.732619 2.054434 12.420589 11.108897 
0.584740 0.626660 -0.100330 0.256171 -16.304282 -2.420997 -4.243166 
0.396613 -0.954859 -0.837014 -1.120515 -6.699354 9.628613 -0.246762 
2.418064 0.101288 0.264536 0.243260 6.772277 -1.860359 -1.084052 
1.010429 0.616801 -0.278858 -0.245890 -3.541348 0.489043 -5.336258 
2.532142 0.115457 -0.425900 0.276190 23.203310 -0.571079 1.034834 
0.107929 -0.303840 -0.471722 -0.119905 -17.943376 -13.101386 -11.249572 
0.167175 0.343521 0.067612 0.540706 9.714363 2.032769 15.768522 
0.254952 1.649946 -0.263855 -1.166985 -0.019484 6.892660 -4.895975 
0.429694 0.932030 1.174054 0.384707 1.153771 6.872555 -5.593421 
0.496826 0.579644 0.703866 1.285433 0.672263 8.262347 6.169507 
0.121547 0.559778 -3.294653 -0.037579 -1.301222 -17.212660 -3.622830 
0.215928 -0.998002 2.449884 -0.690212 -7.709481 13.969489 -7.911916 
0.270339 -0.892817 -1.076752 -0.419672 -0.404890 -10.036651 -2.890358 
0.080083 0.506364 -0.070746 0.021204 -2.459892 -3.985729 -14.294944 
0.272801 -0.504193 0.648372 0.243732 -17.747236 3.897881 -5.317755 
0.248941 0.708573 0.375660 -0.567654 1.114855 11.074947 -15.877244 
0.198171 -0.206717 0.663070 0.115502 4.798162 9.531615 10.533802 
0.125940 -0.801610 1.682328 0.225767 -6.830292 3.629944 -0.997433 
0.397489 -0.530651 0.325060 -0.364379 -8.487504 6.816475 -10.952077 
0.109822 2.228025 -0.234836 -0.824553 6.765082 -3.740072 -7.385007 
1.950578 0.412584 -0.783860 0.616986 1.913541 -2.888219 -2.447585 
0.085723 -0.080257 0.279181 0.770536 -4.524342 -5.493614 -6.732704 
0.261677 -0.403209 0.057964 0.599977 -11.248425 -4.135183 -4.763113 
0.410668 0.140084 -0.200198 0.493568 -1.608227 -15.114072 -12.646097 
0.278253 0.387685 0.536936 0.634028 -7.849026 6.946926 -7.233767 
0.362834 -0.554840 1.214187 0.525538 3.652619 1.903288 -1.290567 
0.191416 5.150177 1.259610 -0.557858 25.364661 11.437868 -4.073080 
0.204516 0.929646 -0.193159 -0.260794 -5.297047 5.802902 9.999020 
0.119244 -0.664340 -0.800620 -0.043246 -5.641242 -10.091507 -16.589597 
0.394798 -0.007602 0.087647 0.929797 -4.393539 5.728124 5.505295 
0.108074 -0.454609 0.825603 -0.504390 -1.972156 -3.389388 8.954455 
1.687457 2.375333 3.446343 0.682626 10.313044 11.560539 6.635311 
0.142585 -0.180738 0.910361 0.632203 -3.483807 4.431440 5.825868 
0.999592 -0.711894 0.249208 0.601485 2.569034 -9.710716 6.791971 
0.835224 1.102854 1.141169 0.142054 -7.534348 11.205238 2.833818 
0.133760 -1.146160 -0.302102 0.760149 5.104638 11.330606 3.947406 
2.914902 1.214737 -0.698721 0.180406 -1.077885 0.107696 0.674434 
0.289537 -1.046708 0.022633 0.089212 8.328826 12.267534 8.246858 
0.111589 -0.427586 -0.080851 -0.310394 -0.238297 -8.859757 -8.073386 
0.666435 -0.134240 1.031044 0.547465 -4.966080 -5.505697 -1.052784 
0.118124 0.183589 0.606097 -0.003973 -8.787663 2.596490 -8.587746 
0.082017 -0.555768 0.383664 -0.505601 6.060271 -7.303402 -2.437297 
0.384643 0.687100 0.784704 -0.094947 1.161285 11.682690 2.710497 
0.170390 -1.245939 0.226250 0.283814 2.538586 -5.660618 -6.509578 
0.164634 0.232340 -0.082353 0.579364 -0.095068 0.535914 -6.988965 
0.710018 -0.581390 1.270683 0.760846 4.938585 -4.586617 -1.803229 
0.490174 -0.329604 0.731062 -0.482969 0.383760 2.351784 7.261382 
0.209872 -0.674552 1.299342 0.346264 -1.152492 6.687649 -13.165530 
0.191407 -1.708301 -0.851114 -2.085532 -0.033973 1.660602 -8.440093 
0.086220 1.093849 -0.247196 1.087325 -3.622411 -1.294118 5.487229 
0.253249 -1.328517 1.189075 0.251688 -11.234650 1.249539 -0.249074 
0.443660 -0.793044 -0.103498 0.234240 -7.977171 -9.793877 -5.462518 
1.478874 -0.636588 0.452316 0.203737 -13.576574 -13.135128 -7.202525 
0.997008 -1.524022 -0.352206 0.139070 -4.469082 4.126984 2.064867 
0.119733 -0.044590 0.042712 -0.818080 6.355421 -7.379857 12.007512 
0.155712 -0.109180 0.820656 -0.570426 8.639023 5.851955 -12.026207 
0.248140 1.660915 0.525575 0.272482 0.886500 4.075034 1.740621 
0.211986 -1.292910 -1.686443 2.490884 -6.278972 -7.432654 3.360708 
3.164370 -0.319709 0.193434 1.183638 -8.347658 -5.018462 6.329082 
7.811175 0.016804 -0.367950 0.205947 -5.145223 1.539907 4.008487 
0.119711 0.645827 0.255079 0.044088 1.764417 4.796844 -13.840273 
0.081905 -0.679459 1.724886 0.519695 -5.410139 -5.549268 1.732045 
0.128974 -0.654171 -0.617907 -0.214640 4.593277 7.546511 -7.804058 
0.098410 -0.278535 0.448430 0.190769 10.588655 -7.614295 7.231650 
0.208666 0.495712 0.771695 1.279872 9.868084 5.404089 -1.424888 
0.338702 0.638047 -0.935737 1.502642 6.958334 2.938477 7.718240 
0.270406 0.850351 0.000211 -0.109868 8.495651 9.209842 12.463864 
0.261780 -0.142896 -0.080317 0.651514 -3.250462 -3.040045 -1.252304 
0.198271 -0.365816 0.462026 -0.540408 -7.526805 -1.983273 6.099730 
0.547947 0.996660 0.715494 0.565130 0.818179 5.505471 -0.401980 
0.084496 -0.702892 -0.353046 0.870686 -0.985490 -16.465218 -2.871939 
0.547853 -0.462161 0.074482 0.307699 -1.397007 9.178591 11.572855 
0.124445 -1.211416 0.978383 0.033340 -6.075724 2.991960 -7.799155 
0.573077 -0.215061 -0.113434 0.078348 -4.979123 -0.041088 -2.899757 
0.415176 0.148478 -0.632571 0.319012 -7.367196 8.649279 6.714267 
0.878922 -0.638841 -0.827250 0.101311 -2.959849 -1.713775 16.421398 
0.094683 -0.355608 0.240545 -1.171707 2.334941 -8.695499 8.850488 
3.025229 -0.112018 1.832053 -0.416417 8.325635 -1.677521 -1.702271 
0.102725 -0.650327 -0.685458 0.911471 3.021058 3.727621 6.486106 
1.385436 -2.206220 1.245833 0.864619 -0.959059 10.255516 4.218416 
0.188343 0.694409 -0.007856 0.826373 -8.289414 5.860994 1.519349 
0.308804 0.228437 -0.293384 -0.682603 -6.242302 -2.914905 -3.655444 
0.266901 2.165774 0.831960 0.612931 10.117520 -4.009717 1.955099 
0.352073 -0.732850 -0.202423 0.267587 -8.098379 1.373508 23.054008 
0.588656 1.465302 -0.910265 -1.512726 7.401170 -0.514169 -0.822665 
0.105091 -0.270990 0.283376 -0.310045 2.004109 -6.255465 -1.078599 
0.147682 1.037407 -0.631266 0.601477 -3.195305 -6.404629 13.479004 
0.179358 -1.274890 0.907720 0.724997 -4.381471 0.099867 9.701592 
0.522896 -0.311280 -0.430605 -0.227599 -15.267317 9.735928 5.438497 
0.141510 0.527968 -0.252067 0.115529 -10.164987 6.525719 7.029979 
0.105633 0.116590 0.130995 1.020533 -2.520715 -0.020505 2.742201 
1.115389 -0.564929 0.218617 0.772142 -9.530005 7.183987 -1.302704 
0.100224 2.473292 -1.937629 -0.844788 4.403369 -7.006688 -9.421508 
3.043771 1.919540 -0.523249 -2.089286 5.669180 -2.025183 -2.194538 
1.677124 -0.145448 0.548536 -0.405667 -11.689323 17.959267 -3.005511 
0.154714 -1.444832 -0.757054 -0.520447 7.633239 0.938975 0.807312 
0.509531 -0.502198 0.034686 -0.182339 -11.257320 -9.460424 -0.619633 
0.118595 -0.692728 0.482256 -0.131135 -17.678608 2.355409 -11.325054 
0.192470 0.573956 -0.433158 0.550255 -10.120418 0.949313 -1.727155 
0.156661 0.060044 0.482380 1.602051 -1.498982 14.128835 -3.584177 
0.269171 -1.106421 -0.121637 -0.030120 -3.635589 -4.107953 16.117966 
0.275015 -1.047538 0.233570 -0.228659 4.690143 -8.719041 0.729008 
0.133107 -0.683744 0.375659 0.617311 -3.124299 -1.604023 -5.887433 
0.116244 -0.466458 -0.024128 0.071599 -10.761882 21.374760 -4.949744 
0.262815 -0.780053 -0.756034 -0.293062 0.178775 9.682171 -9.542802 
0.152197 -1.832134 0.499385 -0.795963 -11.822046 1.407044 6.004070 
0.591538 0.253915 -1.364797 -2.426489 -4.020517 -2.215152 -13.388015 
0.273814 0.432381 1.066427 0.071266 0.624691 7.632360 -2.055542 
1.296377 -0.929855 1.663977 0.390612 -6.168387 1.591878 -2.498489 
0.625099 -0.070837 0.739690 1.281806 -4.225600 11.473150 0.244743 
0.953431 -1.725701 -1.024884 1.931298 -3.345136 -3.062275 7.124036 
1.362864 0.783199 -0.361177 -0.301638 3.395762 -5.615702 2.905098 
0.388981 -1.151895 0.076958 0.127616 2.941556 -3.546502 -11.194327 
0.178332 3.059409 0.099204 0.478986 14.004963 6.266697 6.812604 
0.372184 -0.140820 0.048206 -0.384500 3.472158 14.718431 -2.582123 
1.884918 -1.344679 0.127129 0.646984 8.700954 -0.497983 5.355279 
0.093160 -0.326943 -0.238840 0.192774 4.215361 12.242626 14.542441 
0.093696 -0.363995 0.806367 -0.078293 -10.042093 9.359253 -9.254441 
0.080850 1.931700 -2.393046 1.974619 2.411589 -13.019088 8.604902 
0.277717 -0.032367 -2.342066 2.193380 0.732823 -2.223724 11.602775 
0.330199 -0.503641 0.507328 -0.512301 5.059525 -8.638202 -8.040765 
1.020862 -0.082826 -0.572294 -0.056864 -14.525161 -1.874643 1.628283 
0.554068 -0.390474 -0.568753 0.007051 6.751745 -12.584450 -6.413205 
0.410517 -1.008971 0.113019 0.359634 -14.092369 5.830290 -12.622837 
2.241100 -1.340033 0.775519 -0.145389 5.380089 2.483939 -4.188596 
0.769947 0.419229 0.496389 -0.732934 6.198274 10.405524 2.225891 
0.085466 -1.528277 -0.726856 -0.136130 -9.912005 2.249025 4.041845 
0.645582 0.183903 -0.276461 -0.578697 6.071616 -4.264221 6.682848 
0.291207 2.401747 -0.071237 -0.799336 8.897553 -1.746276 -2.360963 
0.780826 0.208615 2.454252 0.664272 -9.844311 8.633018 3.614960 
0.178041 -0.061333 0.495998 -0.166692 2.114026 -6.390173 -8.599893 
0.111657 -0.701556 0.431194 0.232317 -10.645861 -3.599197 -12.021952 
0.141933 0.580214 -0.162694 -0.680679 2.287247 1.628983 -1.214564 
0.503658 -1.196574 -0.601351 1.468607 -8.774497 -0.164224 4.849149 
0.266518 -0.656057 -0.835857 -0.968744 -12.444975 3.312424 4.293888 
0.136578 1.284406 0.603841 0.339227 -1.756970 2.806449 -2.746666 
0.126498 -0.606414 -0.894724 -0.102690 6.017989 4.958052 5.691212 
0.081261 2.324727 -0.276491 0.077597 5.527538 -10.684039 -0.719444 
0.167252 -0.227039 0.326973 0.069859 -1.010361 0.455576 7.081861 
0.607244 -0.495466 2.309495 0.414575 1.154194 -1.142211 -1.935740 
0.266741 -0.181047 -0.806271 0.754340 5.821187 -9.719730 -6.259351 
0.157175 -1.983997 -0.736588 1.799279 -17.294207 0.091967 1.755846 
0.366807 0.247947 0.478344 -0.138465 -8.093040 10.683388 10.849334 
1.030213 -0.301845 0.145551 -0.855237 -3.199763 -3.569523 -4.068847 
0.140945 2.247814 0.864887 1.005211 3.277287 -2.587122 7.745016 
0.288794 -0.687261 0.681646 -0.326193 4.134873 2.707555 11.240368 
0.182724 -0.226026 -0.414376 -0.066257 20.338923 8.011617 2.708573 
0.115248 -1.256056 0.850107 0.790185 6.094684 -7.071071 3.597644 
1.012019 0.246819 0.494995 -0.458371 0.350129 -2.180114 1.619039 
0.292049 0.134014 -0.135661 0.220742 3.506878 7.334663 -10.722211 
3.273691 -0.455733 -0.055135 -0.320130 -9.236841 -1.107593 -2.717768 
0.507219 -1.437002 -0.233385 1.638183 -4.741049 -11.289686 3.757658 
0.325723 0.209624 0.275171 -0.378911 14.896011 -6.273402 2.049753 
0.153073 1.824489 1.180687 -4.445883 10.403744 -0.148040 -24.898219 
0.229855 -0.092896 -0.012249 -0.580043 -13.906471 -5.536592 -3.187940 
0.196589 -0.057694 0.409957 0.319639 -7.080347 -1.974409 -1.909026 
0.095001 -0.785250 0.374706 -0.561451 -3.043781 -0.060303 12.384289 
0.458870 0.235180 0.549358 0.293141 11.766512 10.628735 7.440431 
0.085890 -0.217775 2.414403 1.976754 3.561230 3.707177 12.943498 
0.170408 -1.165207 0.974506 0.974304 -0.524250 -0.844929 8.270530 
0.130084 -0.521759 0.907597 -0.140692 -4.500994 3.798759 3.859578 
1.384359 0.234421 0.677272 0.053513 -4.425423 -2.741508 -10.981791 
0.642711 -0.097280 -0.147247 0.241453 2.739385 -9.878226 -1.849425 
0.176254 0.389128 1.453117 0.704995 3.237723 15.524303 -0.048327 
0.156623 -1.383404 0.232407 0.505455 4.315009 13.312234 -0.249597 
0.874755 -0.650015 0.308545 0.113079 2.952948 7.067968 -7.718717 
0.628183 0.041775 -0.509291 -0.119188 -5.560218 10.127893 -9.654484 
0.127719 0.240712 -0.464530 1.974003 -9.304228 0.013058 10.766864 
0.209256 -1.121153 0.744942 -0.595053 -1.641075 5.166251 -7.392461 
0.393003 -0.689352 -0.038453 0.019133 -17.808944 -5.153441 8.280080 
0.395444 -1.254435 -1.568567 0.155041 2.235318 1.827602 6.181236 
0.150757 1.440099 -0.870728 1.402421 9.929160 0.670256 2.371914 
0.613619 1.747179 -0.620366 -2.314714 9.289200 -6.264872 -8.820934 
0.371705 -0.351640 1.292491 0.460460 -15.975011 3.501718 -3.495999 
0.128172 -0.778633 1.005631 1.325433 -7.510292 -2.518952 5.058486 
1.227367 -1.428417 2.508135 1.223012 -0.445826 10.991117 6.449345 
1.287495 -0.189095 0.465052 0.128771 9.016725 3.651374 -2.050442 
0.285623 -0.524513 -1.160967 -0.705621 6.431922 -1.345592 -0.389378 
0.186793 -0.355305 0.595677 -0.139024 1.484042 -5.590415 10.014285 
0.151928 -1.558546 0.000070 0.348738 -11.346547 6.235545 7.008041 
0.107729 -0.126512 0.966781 -0.045110 -4.368182 22.243422 13.364482 
0.789450 -0.642620 -1.062439 -0.600674 -5.678990 -11.359503 -5.298747 
0.417882 0.991779 -0.125369 0.814311 -7.453744 -3.782638 12.731506 
0.415458 -0.626801 -3.815734 -0.237407 -5.561056 -13.499946 3.687192 
0.510419 -1.456832 1.079650 0.258502 -12.703190 -0.304796 -3.839975 
0.130425 -0.821091 0.569686 -0.418304 -2.752811 9.747728 -6.549068 
0.312402 0.611314 -1.249071 0.347605 0.482268 -13.356580 3.424303 
0.489643 -0.241904 0.837003 -3.090871 -3.785801 5.252184 -7.981565 
0.449688 1.182323 1.400240 0.469162 0.788671 9.447747 -8.349561 
4.640213 -1.980011 -4.848649 -6.226644 -7.500769 -23.050045 -32.740842 
0.102329 0.372201 1.098511 0.212656 -0.900864 7.050360 -12.804290 
0.088752 -1.542597 1.247915 -0.041505 2.538966 8.374069 -5.392832 
0.124181 0.764945 -1.059207 0.044500 -0.839300 4.952483 -6.253191 
0.142677 -1.323152 0.543635 0.498709 -7.861328 8.943312 11.877444 
0.646196 -0.160712 0.246373 -1.386020 7.587856 -8.392517 -1.521529 
0.112694 -0.534263 -0.774881 -0.325268 4.853183 7.731819 -4.720860 
0.176104 -0.832940 0.251586 -0.224369 -2.485276 11.307894 -4.722380 
0.106965 -0.796957 0.845112 1.182673 0.559854 8.975464 -1.105057 
0.330430 0.104902 -0.399630 0.131279 12.281159 -15.782976 5.505686 
1.059937 0.064088 0.035775 -0.392571 -13.495438 5.977101 8.547451 
0.446854 -0.350871 -0.494679 0.242772 -5.397152 -9.113528 16.205164 
0.249843 -1.185348 1.557926 0.458071 -5.467382 0.897569 -3.102431 
0.126972 0.173855 0.470352 0.814488 3.792876 1.804047 7.973047 
0.148713 0.555925 -0.114852 0.135364 -7.561895 3.183795 -9.342081 
0.153845 0.610080 0.780217 -0.327327 -9.363196 -4.869156 1.302972 
1.523067 -0.015142 -1.094022 -0.219938 -1.695200 3.200198 -1.819304 
1.665441 -0.216362 0.782793 -0.519071 -8.266258 12.026093 10.972907 
0.167356 -0.678551 1.209482 0.859604 -11.785859 -0.082675 -0.913753 
1.433413 2.975191 -2.539595 0.044197 7.659257 -13.297076 1.532792 
0.264805 -1.528001 -0.945130 0.485943 -5.058123 8.417774 2.607560 
0.110793 0.167216 0.797513 -1.223982 1.764364 -0.296536 -1.340570 
0.180061 0.024140 -0.140415 0.323679 0.221606 11.025092 0.845509 
0.195410 -0.168682 0.307889 -1.232256 -0.842600 0.858051 10.638250 
0.091610 1.222266 0.560740 1.502626 -5.765125 -1.386279 9.826418 
0.100160 -0.805606 1.515023 0.547375 -1.799479 12.551500 -0.691384 
0.329612 -0.005129 0.656137 -0.731440 5.035302 3.342508 -7.319573 
0.174903 -1.215917 -1.109090 -0.655184 -6.903294 8.627470 -3.543428 
0.088879 -0.074825 0.035147 -0.219257 7.329852 -6.367724 -7.578691 
1.382242 0.770334 -0.991933 -0.400409 6.578822 -1.783152 11.562953 
0.137418 -1.079774 -0.083173 0.080979 -0.924352 4.331844 12.721924 
0.550522 0.149002 -1.222181 0.897476 9.590852 1.889754 4.643277 
0.977405 -0.971698 -0.192756 0.370424 1.882618 -13.721390 9.105655 
1.078071 -0.042346 0.553925 -0.055864 -3.289531 -13.988534 -4.184926 
0.158053 1.562760 -2.592936 0.115279 10.867933 -10.325342 1.709716 
0.173348 -0.519300 0.360697 0.213385 -10.059672 3.847081 6.692783 
0.082934 0.148861 0.510485 -0.797263 -14.384310 4.464650 -11.268377 
0.136636 -0.777974 -0.177985 0.457632 6.014003 7.222940 -10.563559 
0.143734 -1.433509 -0.517677 0.634604 -9.815140 -5.167442 12.239274 
0.441192 0.373204 -0.154808 0.475906 -4.344479 -7.315698 5.066368 
0.419927 0.618805 -0.403096 -0.795447 1.861070 8.315858 -4.261850 
0.233936 -0.788746 -0.239643 -0.486637 10.395366 -4.453445 -5.135119 
0.472655 0.160464 -0.009141 0.275105 -0.559539 11.189798 14.124996 
0.114863 0.614197 0.013080 -0.729488 6.130666 -3.384423 9.431097 
0.090134 -0.845172 -0.142137 -0.135922 -6.992075 -14.538312 -2.679969 
0.541043 2.303898 -0.360697 1.053062 6.430497 -1.014501 10.099530 
0.282572 -1.042260 0.592963 1.002460 3.966497 9.549221 -2.972081 
0.115642 0.918321 -1.055580 0.058672 -5.508782 2.985271 0.215759 
0.081355 -2.692245 0.989150 -0.941709 -12.945314 6.819477 3.336080 
0.367829 -0.536758 1.206196 -0.233547 0.567403 15.289410 -10.696076 
0.139629 0.084049 -0.090003 0.204405 -10.674077 15.717584 -0.256140 
1.352784 0.629376 0.221042 -0.180522 -4.691255 5.578143 4.397789 
0.125255 0.209189 -0.506414 0.405351 -9.581267 6.490133 8.760212 
0.401327 -0.257368 -0.713246 2.712847 -1.353330 0.205205 5.983197 
0.285734 -0.573514 -2.062671 0.109700 6.656324 -4.440591 4.966767 
0.395651 1.402987 -0.242779 0.295470 -2.230689 4.479432 5.494656 
0.293098 -1.245128 0.638472 -0.629936 -2.830576 8.088443 -16.038315 
0.087827 0.731051 -0.335630 0.345942 -0.242836 -11.751680 -7.400554 
0.145431 0.140223 0.862556 -0.977730 11.947748 5.391561 1.661367 
0.180115 -1.712582 0.769578 0.727789 1.248742 -4.295004 8.898012 
0.096200 -0.219261 0.493242 -0.037185 -5.500147 0.803613 -2.856024 
0.666776 -2.020357 -0.589955 1.801485 -6.733109 2.956700 5.662866 
0.204329 -0.766877 -0.123476 -0.231458 2.118042 4.534159 -12.035709 
0.115895 -0.582795 0.820995 -0.924244 -5.593129 -1.485279 -2.081071 
0.093908 0.112491 1.011562 0.983603 -3.999548 12.855443 2.322158 
1.218377 0.331099 0.583686 -0.803881 7.570232 -6.128215 -11.605885 
1.577937 -1.054559 -0.072271 0.061538 -2.145990 0.053564 8.677086 
0.624013 -0.359411 0.774222 -0.633186 2.278048 6.979985 4.117589 
0.094581 -0.225272 -0.851736 -0.086906 -16.846492 -3.110402 -4.637004 
0.082735 -0.325566 0.158481 1.191201 2.989918 1.254311 5.057051 
0.117562 -0.707902 0.473962 -0.779344 -7.884842 15.089549 6.957481 
0.104059 -0.312088 0.985214 0.037004 -2.999765 9.341642 13.434989 
1.175398 -1.595787 -0.922314 1.318488 -11.021051 -4.816748 -3.065800 
0.164169 1.710237 2.239635 -1.523487 5.173259 1.961787 -8.570811 
0.291452 0.157555 -0.304514 0.261996 -5.683025 5.768182 14.963989 
0.206673 -0.696700 -0.561547 -0.039760 6.544613 13.782001 -0.575659 
1.289324 2.052785 3.035980 0.303022 11.811226 15.127219 -6.182276 
0.086315 0.138828 0.213011 0.227097 14.781290 -4.687290 -5.431568 
0.235153 -0.343515 -0.635264 -0.558627 -1.077015 7.825808 -1.952610 
0.115719 2.232867 -2.011918 -2.671675 12.413818 -10.477381 -9.040811 
0.363410 -0.181019 0.924396 0.489223 -9.574493 1.873860 -2.907879 
1.751386 0.977602 -0.728239 0.482285 -8.135990 -5.883226 3.230902 
0.207984 0.968390 0.711679 -0.476693 0.572292 5.134288 2.469844 
0.102911 1.109907 -0.916155 0.954477 2.201732 6.693063 8.853139 
0.178659 0.134969 -0.760427 -0.193798 3.307003 -6.940741 -12.484042 
1.266026 0.316516 -0.366099 0.364523 15.396296 3.355362 10.529413 
0.304509 -1.113673 -0.025595 -0.585418 -6.094695 9.169982 1.446753 
0.111776 0.217141 0.158039 0.212814 6.743009 -7.430531 3.614586 
0.518423 -1.998120 -1.472313 2.913463 -6.239925 -11.745426 13.861771 
0.412206 -1.497604 1.144224 0.043867 -3.724479 9.361360 -8.138061 
0.151101 0.091959 0.596464 1.663796 -6.229219 -3.203177 14.100796 
0.220913 -0.424847 -0.841612 0.026836 -9.014167 -7.202545 -4.221921 
1.412488 -0.519038 0.170917 0.495756 -7.011816 2.763302 7.919410 
13.278585 -0.371178 -0.519915 -0.183445 7.757592 -3.336480 -3.842433 
1.463321 -0.268364 1.618409 0.864018 -0.368217 6.215826 3.727629 
0.120159 0.534255 0.780529 -0.223557 -10.485520 4.879205 -8.911417 
0.365350 -0.031598 -0.198228 0.096198 -4.182116 17.729522 -2.013331 
0.105973 0.496238 1.008327 1.097325 5.259390 8.360920 1.740679 
0.295892 0.786141 1.079383 0.509299 4.793301 7.688103 -4.587915 
0.206326 0.473305 0.300378 0.415958 -5.187141 -3.017801 -1.779641 
0.093712 0.114190 0.266521 0.268097 21.634270 -13.884810 -5.348435 
0.095148 -0.757064 0.633066 -0.504376 -3.990754 -7.643120 -9.704332 
0.206538 -2.120402 -1.249551 0.645567 -13.080085 2.666775 1.575680 
0.086877 -1.199254 -0.495930 -0.849473 -7.324419 -1.632990 -2.858369 
0.089099 -0.689888 -0.648284 -0.138701 -0.104128 11.716249 -13.531092 
0.510706 -0.295052 0.645851 1.212791 8.289861 -5.195653 2.392244 
0.209703 2.883110 -1.011891 -0.871622 9.508868 0.244864 -1.038866 
0.558090 -0.274282 -1.180747 0.195204 1.671581 -6.312952 -7.111250 
0.094925 0.018288 0.579812 0.240155 -6.050731 -0.165987 10.354975 
0.169485 -0.041863 -0.073877 0.654644 -2.062022 15.586041 10.345512 
1.190304 -1.436388 -1.907649 0.626449 0.611924 -4.356601 1.288200 
0.229716 -0.236363 0.439157 -0.038817 10.004344 18.693629 10.949684 
0.590880 -0.668543 0.779203 -0.213709 10.894221 0.762350 2.099302 
0.480535 -1.676319 -0.029041 0.479575 -8.551257 -4.585058 1.850998 
0.234429 -0.765475 0.079879 0.660061 7.782892 5.887913 3.597328 
0.582021 -1.452115 1.107788 -1.820167 -0.966188 3.637374 -8.663741 
0.189197 -0.748761 0.617042 0.207295 -12.779394 12.527256 0.564244 
0.259575 0.941692 0.047454 -0.263560 3.574779 -3.720540 13.142832 
0.447006 -0.630901 0.934423 -0.328967 5.537707 -3.841454 4.754447 
0.147887 0.175368 -0.598701 0.018994 -10.250098 1.112198 -4.616502 
0.231699 -0.307958 0.130118 0.653412 -7.112053 11.640332 -3.287698 
0.453708 -0.526663 0.666937 -0.080964 -7.264254 9.446363 -9.804555 
0.920339 0.064780 1.474370 -1.308503 7.008604 0.279501 1.182552 
0.955703 -0.864908 0.283755 0.771022 -2.022653 -7.119488 -3.841628 
0.084577 -0.553906 -0.158960 0.689510 -3.423388 8.003800 3.302568 
0.160624 0.125019 0.373023 0.360415 -1.492253 -12.057634 -10.994643 
1.172148 -0.141014 -0.049722 0.386495 -4.637331 1.016912 7.864599 
0.760534 0.759772 3.263871 1.733857 6.695144 9.415071 13.574622 
0.114553 1.116128 -0.044755 0.558061 6.879313 11.601288 -2.454096 
0.117572 1.713749 -3.060536 -0.496225 5.623693 -16.359417 -3.841915 
0.762149 3.889030 5.752486 -2.675301 21.801040 30.404404 -8.135094 
0.232792 -1.054949 1.237395 0.462908 -13.181028 8.411796 6.774135 
0.215009 -0.651607 -0.118980 0.110167 -1.054682 -0.774947 -5.486458 
2.204810 -0.061834 0.488008 0.090447 -4.586215 -17.757460 -0.451223 
0.129032 -0.399367 -2.733476 6.423309 3.262702 -16.806142 33.676142 
0.374042 -1.277505 -0.451325 0.220951 -16.242339 -5.022797 -1.634420 
0.205433 -1.442825 1.495385 0.409347 -6.777803 4.975887 -12.052943 
0.160079 -1.207351 1.300196 -0.362333 -4.662123 7.329810 -8.208272 
0.136090 -0.239926 -0.419361 1.003655 13.432440 -3.584245 0.500446 
0.119841 -0.426887 0.584683 1.439239 -9.791573 -6.590865 2.046055 
0.201503 -0.877974 -1.250297 2.041895 1.533546 -6.271787 0.349566 
0.611073 -1.029898 0.193997 -0.621314 -1.883251 8.167236 3.119922 
0.115016 1.530170 -1.697247 -2.255807 4.820992 -10.432254 -4.156378 
0.399244 1.400902 -1.151246 0.978705 2.448104 0.643464 4.876905 
0.131342 -0.122113 0.725000 -0.109053 7.915713 2.172645 19.271653 
0.174201 -0.140285 0.743062 2.116652 -2.584580 14.166578 3.207875 
0.089275 0.891799 0.112930 0.211788 -5.979838 -0.785313 2.830895 
0.438872 -0.044173 0.689271 -0.582260 -14.710244 1.370661 -4.305768 
0.085636 -0.230530 -0.793871 -0.860341 -10.308042 1.475125 -0.966166 
0.582912 -0.520621 0.470855 0.038327 5.173028 -4.390847 8.353941 
0.240412 -1.842350 -0.080410 2.237970 -0.108369 0.776870 12.665642 
0.226021 -1.052200 0.289530 0.847598 -12.594631 -0.137204 -9.703780 
0.107205 -0.298653 -0.334640 0.666709 0.671467 5.524738 -2.654633 
1.102835 0.367471 0.577413 0.960853 -3.648731 1.124784 -5.592638 
0.266126 -1.611476 0.641998 -1.027117 -5.150280 -5.032708 -1.866256 
0.409423 -1.086637 1.214601 -0.517108 -5.903681 -6.999632 5.920789 
0.089384 0.695668 -0.991940 -0.022048 -2.709359 -3.361651 7.389153 
0.113871 -0.253622 0.744893 0.454810 -10.377516 6.013388 0.821412 
0.746267 -0.411559 1.269969 -0.641648 -3.820885 -9.952995 0.717374 
0.219386 0.858447 -1.855780 -0.596586 10.423977 -2.685859 1.012506 
0.439077 -1.202288 0.096126 -0.073246 1.213314 -2.213858 17.248626 
1.444015 -1.100726 0.854319 0.568583 -9.228744 7.315462 10.300196 
0.102731 -0.120279 0.724953 0.022213 -20.585597 10.081301 -5.557276 
0.202560 1.195713 0.949487 1.238696 7.660603 5.720659 -4.801075 
0.091773 0.239476 -0.470410 0.077917 -1.449727 2.124283 -4.006224 
0.159646 -0.268852 -0.475497 0.517679 8.863528 -7.355322 19.217299 
0.210510 -0.406512 -0.489778 0.012252 10.287201 7.982148 -10.523533 
0.129464 -0.564481 0.024902 0.404615 -9.957116 8.117531 -4.522328 
0.235395 -0.188008 0.991956 0.108052 5.318989 2.812199 -1.850921 
0.392760 -0.957135 -0.305499 0.665166 -2.112824 7.787899 7.716743 
0.340464 0.051300 0.830546 0.453845 -6.841361 -8.116588 15.260637 
0.558675 0.714560 1.006476 -0.668093 -6.104847 5.553195 -3.603743 
0.269181 -0.090844 0.182946 1.297720 -5.153171 6.663816 -7.515735 
0.080832 -0.074315 0.514580 1.775170 -4.482105 -4.344841 1.392832 
0.161454 -0.985162 0.293543 0.302820 6.588337 0.878710 8.380992 
3.272843 0.026491 -0.072189 0.013710 2.342660 -8.516154 2.328483 
0.126733 -1.156170 -0.415808 0.190763 -10.722550 14.642528 7.019649 
0.147442 -0.810879 -4.144758 -0.431118 -2.035885 -19.014314 1.310680 
0.234874 -0.576331 -0.145296 1.269114 1.048541 -7.648264 4.899037 
0.088322 -0.915422 0.838950 -1.355875 -8.740588 2.562425 3.894586 
0.124823 -0.702397 0.589837 1.304556 -2.208242 4.455283 11.310867 
0.134972 0.695060 0.736212 -0.047690 -9.219772 -5.693145 -5.397379 
0.114632 -0.526690 0.550545 -0.659575 0.170278 -6.941291 -0.498194 
0.145861 0.205036 0.735143 -0.515104 -8.560968 5.699057 0.691000 
0.263366 -0.608986 0.647548 1.625545 -1.916240 0.859375 6.993827 
0.973808 -1.028816 0.776099 0.201585 0.355052 -3.308178 4.594188 
1.966409 -0.474527 -0.053411 0.683284 4.703679 -5.451071 4.060397 
0.137245 0.028122 0.089651 0.979277 -11.046652 0.959980 8.940750 
0.175886 0.180651 0.021427 0.476891 1.083959 7.251194 -8.816249 
0.427154 0.230973 -0.413068 -0.278348 1.887219 12.104670 -7.380166 
0.305641 0.075480 -0.787769 0.249684 2.568616 6.129265 7.274208 
0.126873 -0.507857 0.648289 -0.345107 -1.782646 0.786080 -7.490622 
0.202129 1.522042 -0.242790 2.661809 0.027547 2.444664 12.883231 
0.103947 -1.091664 0.629117 0.537190 -15.423325 -12.040935 1.269145 
0.160192 1.469477 0.306867 0.595852 1.740997 11.773033 -2.161556 
0.087931 -0.205688 0.771403 1.273929 1.897073 5.251060 2.167767 
0.201166 -0.817049 -0.812495 0.748856 3.181257 1.910221 -3.524083 
0.129271 -0.824070 1.084606 -0.393579 5.635223 9.252382 1.256243 
0.244547 0.417895 0.092067 0.607242 1.647817 1.705571 -9.715112 
