0.202999 -0.109597 0.688024 -0.238913 -0.492507 13.726901 -15.887974 
0.583882 -0.168232 1.313633 0.037549 13.765040 11.692585 10.846727 
0.585149 0.179995 -0.040665 0.317205 5.643411 -3.048008 -21.089398 
0.085689 -0.517742 -0.509440 0.915688 -14.679774 9.373809 14.824959 
0.090936 -0.009058 0.502488 -0.236162 -3.105301 14.109712 -0.027919 
0.457888 -0.933862 0.696318 0.867237 -9.626569 -8.693743 -1.766587 
0.179449 -0.690206 -1.366213 -0.721307 -3.567415 -3.592351 -3.902377 
0.103175 0.927462 -1.133673 -0.648417 0.928646 -12.678713 3.418616 
0.199182 2.581545 -0.697848 0.517846 14.641774 -9.234200 3.444150 
0.109107 0.665501 -1.845530 0.671109 0.020228 -6.109948 7.012500 
0.232498 0.130417 -0.426875 0.098157 -11.060556 7.212198 -15.268389 
0.683878 -0.354407 0.727730 -1.288961 -12.090571 -4.864377 -7.992521 
1.809017 -0.068367 0.189098 -0.083609 -4.853304 -0.622906 -0.827277 
0.133767 1.443092 1.135051 -0.497800 17.839084 5.760608 4.865111 
0.207935 -1.181485 0.864480 -1.300616 -5.140421 14.403325 -2.081632 
5.586845 0.053414 -0.025673 -0.216862 12.366707 10.065603 -9.697444 
0.099031 -0.134033 -0.209908 0.745791 3.852394 18.044031 11.459146 
0.095457 -0.437565 -0.255629 0.529775 -10.628663 -3.953787 5.506696 
0.166412 0.372903 0.628212 -0.934188 -0.371699 -8.209525 -12.963494 
0.401973 -0.382573 -1.262697 -0.215316 4.996016 -16.112086 10.520901 
0.149690 0.024529 0.548408 0.727633 -19.504586 1.816837 10.736877 
0.135040 -0.075605 0.441670 -0.050243 19.784958 10.759961 3.262017 
0.230700 0.895060 0.423162 -1.071335 -1.921563 10.089090 -2.118793 
0.296048 0.096795 -0.600894 0.239005 -6.904049 15.221371 12.215788 
0.089040 0.225607 -0.433909 0.384521 6.643544 3.055353 -7.857061 
0.218861 1.077563 -0.883551 -0.564167 10.668114 -0.827837 -0.810567 
0.780326 0.864851 -0.520805 -0.943092 1.610956 -11.610604 -6.193617 
0.110177 1.106340 1.440360 -0.035794 3.676344 7.942632 10.071575 
0.308745 1.255431 -1.074779 -0.807711 11.778240 -20.613950 -7.375848 
0.930095 0.257491 0.159962 -0.252516 2.480736 2.257489 1.882565 
0.154448 0.322437 0.653567 -0.132214 7.819797 7.711436 4.903040 
0.449860 -0.177845 1.275546 0.375900 -7.150219 -4.337581 9.996112 
0.194281 -0.364142 -0.369935 0.365768 18.910594 3.547055 -6.437263 
0.121470 -0.365877 0.464159 1.178123 -16.231955 -3.967147 11.926561 
0.388680 0.121136 0.401384 -0.669507 -0.468736 13.919080 9.685150 
0.552874 0.355052 -1.762440 0.380819 -5.505433 -11.908146 12.231003 
0.107074 0.039758 0.324863 0.704204 4.674578 -13.651760 5.966492 
0.218546 1.164317 1.655992 0.266180 0.787658 8.497061 -1.424220 
0.118025 -0.531837 -0.216915 -0.207252 -8.204133 -15.277246 12.173994 
0.176826 -0.329300 -0.277449 0.874630 -11.056369 6.043226 0.588240 
0.123628 0.066844 -0.441433 -0.989021 -5.507010 7.100465 4.026033 
0.103987 0.874596 -0.569407 2.183064 15.999205 4.720608 18.454198 
1.612405 -0.252283 -0.071189 0.412445 -5.769203 -0.309216 -12.969728 
3.952128 -0.386826 1.791837 0.231860 0.594090 2.931773 8.538348 
0.090817 0.359287 -0.076918 -0.021072 8.165849 -4.021009 2.759114 
0.094271 -0.206736 0.309587 -0.383372 8.088169 -14.998147 3.620909 
0.105198 -0.354407 -0.426683 -1.444217 -14.302068 -1.345579 -4.733728 
0.122132 -0.516057 -0.129176 0.068975 -0.766978 -1.313432 -1.766111 
0.167817 -0.148601 -0.948112 -0.156244 -12.315291 -1.980112 13.201965 
0.138488 -0.573217 -2.132704 -0.432387 0.705449 -15.367450 5.805228 
0.701272 1.338091 0.270426 -1.148100 25.840050 2.150322 -1.452767 
0.367183 0.016407 0.127004 1.445936 0.807560 -10.823287 6.165688 
0.116639 0.389906 -0.531855 -0.218172 -6.860212 2.654720 -0.499139 
0.156405 -0.739726 0.278942 -0.935281 -6.453600 1.130345 -9.334168 
0.118162 -0.039710 0.311328 0.452466 -16.944438 16.053967 6.102726 
0.151293 -0.011935 -0.072421 -0.752652 -4.868647 4.046101 -15.471364 
1.456612 -0.412720 0.165465 0.745624 2.756053 2.025710 17.252336 
0.095248 -0.083222 0.177234 -0.173286 4.518427 -14.170389 -12.626107 
0.298886 -0.262416 0.258200 0.591149 -8.914977 7.835639 19.317426 
0.512636 -0.204050 0.482660 0.303395 -1.801642 -13.446788 18.063099 
0.121466 1.049096 -1.678767 -2.185387 12.811005 -12.544402 -12.432939 
0.863813 -0.624090 -0.427272 -0.367191 8.362135 0.221492 -5.882707 
0.283593 -0.714861 -0.269639 -0.289009 0.460877 2.799382 15.732777 
0.114183 -0.618902 1.061114 -0.189310 -17.203227 6.451820 4.632517 
0.387857 -0.247024 -0.400977 0.309583 -8.946257 -5.618112 -16.886515 
0.102340 -0.571994 -0.503683 1.493419 -7.619490 -13.965643 11.966814 
1.423034 0.860747 1.346690 -0.024686 11.629150 -1.768961 -3.202797 
0.118440 0.273576 -0.290266 0.951566 4.243431 -7.006154 -9.206887 
0.087317 -0.521073 0.202021 0.761242 -4.734776 6.803519 14.059776 
0.115648 0.001416 -0.345846 1.020805 -1.453123 6.307411 11.680093 
0.335498 0.203035 -1.178655 0.457876 8.882313 -9.909549 -11.057564 
0.109210 -0.246929 0.318242 -0.847341 -8.611180 -7.857252 2.253503 
5.398343 -0.294932 0.238456 0.285806 -18.190869 -6.172102 -5.731361 
0.438696 -0.537800 -0.555029 -0.228480 3.750509 -9.971815 -14.647668 
0.102783 0.146461 -0.382823 0.381979 -10.844652 -8.616946 12.751014 
0.317653 0.811180 1.502821 -1.564159 -2.474580 19.720000 -9.856998 
0.117399 -0.408007 0.624772 0.228182 -3.929370 4.991641 7.338360 
0.135796 2.096449 -0.242757 0.420836 13.976317 -12.627444 4.834919 
0.139152 -0.035721 0.716847 -0.009089 -3.496712 -5.168583 -0.436839 
0.081844 0.351599 -0.040789 0.210113 -7.168251 11.178415 -15.650863 
0.210768 -0.105739 -0.060570 -0.733426 -10.823505 -4.027454 12.871960 
0.087151 -0.050106 -0.046892 2.067742 9.957945 -4.726498 20.171521 
0.247564 -0.238226 -1.147265 0.130282 -11.139931 -15.425292 -10.321734 
0.118055 0.338028 -0.776263 -1.296687 -6.328840 4.729702 -11.082064 
0.133708 -0.683353 -0.943950 -0.165597 1.088310 4.688493 1.317185 
0.137951 -0.467284 0.102570 -0.326984 6.954546 10.885724 -12.360826 
0.295736 0.533715 1.686586 0.142762 -2.495607 9.101856 2.446270 
0.093592 0.076268 0.334433 -0.226224 10.535084 -2.369399 -9.537410 
0.180968 0.051745 0.652582 -0.185814 -8.087895 -10.645757 15.072033 
1.058781 0.335902 0.154559 -0.195798 -3.823737 16.237582 13.042541 
0.086350 -0.013044 0.241091 0.578281 3.290345 8.239249 -0.488365 
0.263354 -0.047695 -0.298145 0.022852 -14.736078 19.527252 6.171774 
0.556778 0.173197 -0.225323 -0.282589 -2.134363 -8.972255 21.011518 
0.139284 0.007918 0.327054 -0.088958 -11.935392 8.458959 21.829741 
0.478468 0.082132 0.199882 -0.531554 -14.410451 -5.472524 5.149911 
0.165293 -0.111409 0.407321 -0.038546 -7.460630 22.841330 -6.580115 
0.493788 0.195319 0.024782 -0.808745 10.706014 -1.660014 -8.844407 
0.252788 0.657840 0.263040 -0.128879 -4.862628 4.439354 17.532635 
1.145613 0.392289 -0.882780 0.672333 -8.402401 -12.330157 3.344152 
0.388183 -0.212854 0.694489 1.302106 2.718773 10.600487 9.152953 
0.094407 -0.255066 0.053127 0.094235 -9.407346 24.212971 9.510787 
0.126740 -0.213256 1.195928 0.046451 -3.882960 0.086224 3.270563 
0.323270 -0.329224 -0.159892 -0.363390 -2.720051 8.174919 -14.134507 
0.198042 -0.715912 2.013550 -0.086085 -15.579682 13.173775 3.755456 
1.167561 0.005777 -0.371651 0.278531 14.611884 8.684568 -10.626661 
2.697368 0.154873 0.214139 0.182030 14.395771 -2.638440 15.142326 
0.376011 -0.891746 -0.310144 -0.223955 -17.611686 5.337770 -2.172289 
0.588263 -0.062275 -0.136293 -0.119696 -8.569547 7.185052 -25.575728 
0.138650 0.434434 0.581181 -0.349469 -0.798051 12.537447 15.560756 
0.373816 -0.024076 -0.241131 0.889032 0.287214 13.363826 -8.996231 
0.401930 -0.245784 0.796421 -1.091833 -2.653294 -0.185157 -3.316159 
0.263064 0.467189 0.312485 0.035606 3.081204 -4.528973 7.455223 
0.459762 -0.998860 -0.229760 0.546666 -1.187020 12.509186 15.623676 
0.328088 -0.048770 0.543216 0.243864 -14.307719 -7.948445 -8.805799 
0.860282 -0.897698 -0.089205 0.005312 -8.088187 -13.919662 1.421926 
0.273055 0.207655 -0.515323 0.412018 -8.323546 -9.592518 9.076802 
0.396253 -1.034298 -0.529247 -0.128082 -4.460822 9.767603 -3.389589 
0.246288 -0.143928 0.517316 -0.196121 -13.540010 7.042947 13.909331 
0.730294 -0.554218 0.147941 0.333896 -12.324473 -3.764250 -0.064872 
0.278430 -0.146484 0.750587 0.245267 -12.436440 -5.173517 6.552402 
0.151503 0.146536 -0.796889 -1.166003 -3.881548 -0.328039 -16.599647 
0.100432 0.713641 0.113020 -0.216358 3.485097 13.459262 8.499775 
0.082624 -0.675652 -0.440128 0.413924 -15.194225 17.167497 -6.625918 
0.114711 1.143368 -0.316974 -1.416441 4.164505 -13.160477 -5.314992 
0.192666 0.006005 -0.161747 -0.986678 -17.858528 3.505524 -10.406783 
0.287114 0.719941 -1.091144 0.647661 7.950413 -10.265600 -10.078746 
0.585359 0.461602 0.478256 0.754799 -7.031203 -9.104148 11.841191 
1.376095 0.299749 -0.420053 0.028937 11.459458 2.526297 -0.918781 
0.431641 0.810247 -0.766716 -0.546610 1.344577 9.256299 -7.205832 
0.136683 -0.530432 0.389703 0.065611 -0.361232 -12.101936 1.612963 
0.323241 0.536066 -0.331764 0.050547 -8.810321 -3.975261 -15.253262 
0.391024 -0.774724 0.112610 0.098086 -4.790417 8.684547 -12.212090 
0.112116 -0.014475 0.753790 0.055988 2.485356 0.760898 -10.916899 
0.116547 0.050786 0.861953 -0.396068 5.986027 -0.444431 7.669729 
0.952396 0.164092 -0.375917 -0.063877 -19.349640 -7.522581 -0.442736 
0.374161 -0.523991 -0.344523 -0.354405 9.150354 -15.955970 -1.448699 
0.178419 0.003676 -0.091107 0.258381 -21.917777 -0.403661 1.763559 
0.192961 0.180999 0.764062 -1.177894 -7.219450 -5.863254 -12.447268 
0.763069 -0.138452 0.416471 0.755515 3.090799 -3.654616 13.767535 
0.181019 -0.109793 0.377607 0.501978 -26.384710 -5.653154 8.403172 
0.393969 1.277812 1.660620 -0.064450 12.270315 23.803363 9.492096 
0.408300 0.461872 -0.103376 0.029741 -4.658357 -2.431211 -5.433303 
0.506972 0.388847 -0.181387 -0.540076 -10.704110 -14.900840 -7.320086 
0.168852 0.540164 -0.780725 0.194821 -1.459180 5.264408 16.234481 
0.196085 -0.074555 0.106977 -0.010989 18.624290 -7.911642 1.906259 
0.836938 1.103735 -0.715649 -0.175121 -1.033871 2.491254 -8.634610 
0.701221 0.095621 -0.292969 0.101015 -2.512937 -25.404113 -9.364562 
0.263429 0.025729 0.498786 0.077311 -5.494892 -5.926565 6.316366 
0.151360 0.647582 -0.631513 1.655260 -8.164250 -8.619598 10.689650 
0.449375 0.030875 0.473357 0.065585 4.984789 -12.942924 -3.966947 
0.108928 1.076942 0.256187 0.948799 7.350672 -13.702615 6.940076 
0.090465 -0.354169 -0.175497 0.559557 18.251199 4.816592 -9.004843 
0.531060 0.137442 0.968115 1.949956 -8.980911 12.096466 10.297541 
0.272013 -0.511215 0.696769 0.907677 -19.173615 -3.483739 1.779103 
0.127889 0.421920 -0.160337 -0.034536 -14.384867 -5.308085 -6.097727 
1.070260 -0.193207 -0.463742 -0.151027 0.094692 4.015294 3.201962 
0.111702 -0.615208 0.173482 -0.314265 -10.170530 10.642389 17.729604 
0.275275 0.914407 -0.573338 0.393555 12.765051 1.216653 4.942806 
0.433814 -0.195568 -0.236111 -0.153740 -23.566351 -6.610749 7.892397 
0.121123 -0.244959 -0.400482 -0.832485 -10.374024 9.530072 -14.577885 
0.604561 -0.831387 0.947084 0.079618 -1.504544 3.625164 17.051945 
0.672200 0.709952 0.160847 0.938255 -4.522655 7.639826 16.171973 
0.485099 0.493901 1.871296 0.482047 1.392237 8.772883 9.392008 
0.088968 -1.829865 0.278845 -0.098323 -4.760259 9.258713 -0.060004 
0.372330 -0.354945 0.193633 -0.146988 -11.197859 -17.475502 -5.807234 
0.427499 -0.027536 -0.520455 1.621875 12.100810 -9.619066 6.994187 
0.148166 0.566668 -0.905228 -0.588412 -4.976523 -11.801606 -1.268290 
0.205405 -0.155124 -1.109423 -0.832717 1.119833 -9.532093 -0.083211 
0.273438 0.498898 -0.206400 0.098910 10.717917 18.327614 -4.173218 
0.257004 0.707350 0.107190 -1.468944 4.692062 15.366680 -13.508982 
0.083821 -0.315397 0.113520 0.793192 -2.985316 -9.813038 7.084577 
0.673429 -0.207210 -0.256719 1.240113 3.786195 0.213583 -1.746440 
0.093338 0.064761 -1.184594 1.035712 3.917246 2.922674 2.028212 
0.097693 -0.069424 0.153419 0.590553 -2.296494 10.146580 18.883973 
0.081727 -0.039485 -0.114384 0.403435 6.652880 13.182952 11.317529 
0.417045 0.522022 0.043893 -0.286250 2.571728 3.530530 -1.316023 
0.387177 -0.589143 -0.061998 0.091542 12.650479 -5.076099 -5.819192 
0.350927 -0.642594 -0.360762 0.378191 -5.257943 13.408536 -9.308696 
0.081891 -0.064360 -0.074417 -1.017151 -14.463964 -1.852982 -0.328078 
0.111530 -0.593514 0.428299 1.259220 -4.523486 0.086792 17.568331 
0.729211 -0.051843 -0.038158 -0.141163 13.841948 6.759968 1.809473 
0.081209 0.361318 0.024127 0.326608 -18.901827 -8.475021 1.821815 
1.066327 0.339406 0.390782 -0.122372 3.311910 14.494718 23.543978 
0.844840 -0.584338 -0.054374 0.254140 -4.894910 -3.768138 0.718551 
0.286414 0.280719 -0.244119 0.449835 -2.203004 6.718120 -17.216782 
0.108220 0.424478 0.289576 0.274672 6.689109 -14.681978 -6.876809 
0.106446 0.809664 -0.393004 0.018552 16.127013 5.856814 -4.096458 
1.618982 -0.229734 2.113452 -0.029552 -12.656975 15.842819 -7.725078 
0.126190 -0.726115 -0.079914 -0.397636 -3.616610 -6.219575 -7.685594 
0.666898 0.221746 -0.070187 0.417900 -7.879182 1.385837 -3.708379 
0.355266 0.041975 0.099139 -0.132334 -16.399877 1.230773 18.652323 
0.365762 -1.609568 -3.615516 -0.000381 -19.471893 -32.509410 -4.801356 
0.430606 0.431198 0.784672 0.116298 -7.859492 3.817679 -0.028157 
0.100431 0.096767 -0.858167 0.889934 17.009645 1.505260 1.384906 
0.189647 -0.543403 -0.085942 0.371740 -23.257305 10.164832 -4.838681 
0.132254 -0.677156 -0.100990 0.518536 -3.335504 -14.888193 9.001484 
0.500139 -0.691261 -0.515671 -1.253420 -15.243871 1.199498 -8.355210 
0.175237 0.027222 0.952003 -0.585342 -13.216113 10.206340 -8.644592 
0.123696 -0.032475 0.609485 0.205880 -10.416639 -8.517851 11.937128 
0.195281 -0.462371 -0.734087 -0.724439 -4.615767 2.734351 -15.715498 
0.599939 -1.250471 -0.469914 0.460159 -23.725404 2.519246 -8.044756 
0.192741 -0.073417 -0.349682 0.359752 -9.677245 -3.989096 10.689105 
0.200778 1.048747 0.484493 0.147153 2.908964 -11.708958 -0.685917 
0.177472 -0.032608 -1.178055 -0.479976 -4.288587 -0.206442 -16.346190 
0.127855 0.291868 -1.097178 0.440742 2.549312 -9.447487 -5.447735 
0.220526 -0.000067 -0.374538 0.584739 -0.747105 -8.395633 11.350940 
0.627642 0.361415 -0.296714 0.526661 11.660949 -4.136132 1.625670 
0.637465 -0.267925 -0.009657 0.086724 -18.369355 16.224420 7.604284 
0.169117 -0.075627 -0.939160 -1.004031 4.866457 0.067855 3.751102 
0.114784 -0.414253 -0.557589 0.290235 5.413449 -13.394127 -5.092353 
0.135557 0.078177 0.484874 0.525042 5.248840 10.691594 11.469960 
0.579415 -0.973797 -0.190259 0.110514 1.044982 2.222732 18.410172 
0.624848 1.003242 1.031970 -0.438533 13.731641 11.456086 0.329210 
0.385484 -1.111667 0.870879 0.502104 -10.569065 -2.641122 13.661262 
3.082417 -0.616046 -0.082684 0.315333 -1.635702 6.368122 -3.991896 
0.310489 -0.100162 -0.551585 0.624661 4.617982 0.897463 21.678952 
0.457154 0.181458 0.289516 0.205543 7.706856 7.685517 -13.454266 
0.279294 -0.432201 0.319891 0.584941 -1.518957 -4.605061 -15.242121 
0.089763 0.276725 -0.410550 -0.372240 -0.855837 -4.227517 -17.114976 
1.249225 -0.668416 0.770759 0.074181 -12.029047 7.474732 8.527145 
0.163561 0.725930 -0.716152 0.111504 5.865166 -7.346641 -5.188738 
1.702665 -0.489756 0.530808 0.992084 2.440356 3.990101 10.298664 
0.087567 0.126127 1.288144 -0.214768 9.437878 9.533215 -0.764502 
0.192231 0.187451 0.491977 0.176262 5.044936 1.635167 1.813542 
0.122081 0.513880 -0.157845 -0.340541 -13.138881 -10.105068 -12.021697 
0.088452 0.091572 -0.638019 0.492478 -1.214048 10.947882 9.002777 
0.470758 -0.885460 -1.932643 0.238877 -4.144972 -8.866787 7.266564 
0.196106 0.112899 0.120222 0.055983 -2.187319 8.571702 9.914391 
0.163499 1.035843 -1.882862 -1.162885 14.834970 -18.179728 1.158689 
0.080867 1.102191 1.046193 -2.016649 22.059897 16.799281 -12.964435 
0.223604 -0.425573 0.108284 0.569163 -21.522867 -3.997400 11.780927 
0.155926 -0.977058 0.562249 0.877899 -10.210096 -4.859132 5.456897 
0.238387 0.172546 0.658426 -0.238856 -10.779239 -2.632423 -16.029963 
0.106154 0.142906 -0.130579 -0.362286 -5.834382 -9.474437 -15.699037 
0.169911 -0.278666 0.395552 -0.552881 13.543564 -10.988983 -1.177069 
0.113329 0.870742 0.691088 0.010499 6.868178 5.940713 16.533057 
0.192419 1.272804 -1.280076 -0.295931 5.529479 -21.544930 -8.285962 
0.594225 -0.305247 -0.147072 -0.599483 11.351577 4.687002 10.080683 
0.085164 -0.191201 0.046275 -0.612945 -18.199159 -3.516922 -4.405816 
0.117057 -0.136654 0.200029 -0.158898 -7.858785 23.024824 10.032287 
0.205043 0.189010 0.120361 0.068972 3.463016 18.238833 -12.058240 
0.234649 0.017085 -0.622987 0.520362 19.890213 -2.314547 2.363487 
0.487672 0.114141 0.612750 0.666538 3.602965 6.914774 18.335221 
0.223182 0.211664 -0.246237 -0.049764 -17.313103 -16.382065 -4.826715 
2.476904 -0.635615 -0.842607 -0.312615 0.392873 0.087098 -17.461326 
0.441734 0.663578 0.133011 0.195268 5.385593 9.453056 3.335942 
0.230397 0.581286 -0.080630 0.394784 -9.582116 -6.686131 0.263496 
0.689100 1.891152 1.401366 -1.688588 21.768666 7.627313 -10.159870 
0.815528 -1.678647 0.658378 0.267137 -17.111991 -1.050691 10.909207 
0.161492 -0.069813 0.625486 0.064457 13.718208 4.563632 -11.509496 
0.542296 2.146646 -0.536108 -0.534422 10.701650 -8.001289 -0.457109 
0.146522 0.064424 0.386786 0.623924 -19.584121 -10.353793 5.937928 
0.256037 -1.264482 0.118159 -0.634963 -4.076430 -10.604167 -5.968082 
0.887681 -0.816787 -0.436686 1.283570 0.342164 9.868019 4.411137 
0.101372 0.073122 0.410397 0.372706 -0.172448 7.804591 -11.245907 
0.141931 0.480359 0.425281 0.267795 -11.097203 9.138416 -1.317328 
0.178446 -1.153422 0.618282 0.492981 -1.999954 6.590337 4.409343 
0.083374 0.368629 -0.294382 -0.839223 1.624076 -0.513640 11.086356 
0.376685 -0.261913 -0.286132 1.325520 3.637967 4.862010 -1.693641 
0.585808 -0.108292 -1.235635 0.353991 -13.099136 -5.150779 8.766618 
0.102075 0.105285 0.656369 0.539294 10.218416 17.510584 -0.116016 
0.086694 1.046180 1.106555 -0.304703 18.521299 9.935561 4.230388 
0.654455 -0.140716 -0.147300 0.397030 5.658945 0.250507 -8.360748 
0.442796 -0.196135 -0.046278 -0.544328 -20.958836 3.097605 -1.157832 
0.103990 -0.532457 0.938923 -0.353152 0.607430 2.101221 -3.043005 
0.137893 -0.165675 -0.141363 0.245441 -24.815980 -14.363027 -5.131972 
1.044939 0.787883 -0.100567 -0.356254 6.054466 4.522850 -1.901075 
1.025335 -0.032070 -0.278475 -0.260944 14.471162 -3.061631 -11.572533 
0.472835 -0.835264 0.091170 1.189368 -19.829189 4.680343 2.804600 
0.672168 -1.627383 1.003557 0.073571 -19.790277 3.490513 13.490869 
0.208490 -1.644882 -0.875708 -0.135881 -8.271794 -13.654777 -1.605449 
0.292610 -0.956546 1.538695 0.241684 -6.409621 13.114465 12.394409 
0.111344 -0.196074 -0.358011 1.077488 -2.008613 -0.947175 13.506276 
0.466067 0.233912 -0.156375 0.744314 5.628862 15.114941 0.241646 
0.112109 -0.404018 0.141592 0.000056 -11.385153 -17.151132 1.425221 
1.021373 -0.510473 0.074979 0.306488 -17.399375 -6.131827 13.806321 
0.247245 -1.154329 -0.619795 0.993176 -23.706701 -2.071254 11.226740 
2.937998 -2.157613 -0.520558 -0.010311 -14.452322 -8.941673 9.696316 
0.112201 0.280756 -0.516387 0.055699 -6.252826 -11.423775 -8.631420 
0.941373 -0.081731 0.552076 0.079742 9.087153 5.788103 -0.973981 
0.186332 0.792112 -0.310575 -1.101481 8.201673 2.521124 -3.573806 
0.206312 -0.405043 0.122873 -0.418410 -6.951415 13.510720 2.624924 
0.087521 0.307102 0.803766 0.646846 -6.472031 -6.733822 -5.534568 
0.337060 0.239543 -0.366614 -0.088391 -10.660363 -16.252194 -4.661342 
0.506829 0.205851 0.085741 1.058506 13.093254 5.081663 11.137484 
2.506229 0.467894 1.316778 -0.444335 -10.510087 8.435768 2.537621 
0.109658 0.533763 0.205605 -0.150452 -1.695643 -3.369905 -18.114829 
0.093631 -0.515420 0.189977 0.265776 -22.031384 15.552057 4.204382 
0.994606 0.643801 -0.150586 0.535557 3.058392 1.217554 2.686207 
0.184780 1.469435 1.961152 0.105020 6.322220 11.396308 -2.361066 
0.113864 -0.048598 0.038487 -0.266452 -0.367393 18.612135 1.946309 
0.500571 1.502677 -0.811941 -1.110579 22.386475 3.308777 -10.019033 
0.375402 0.114615 -0.110156 0.727548 8.575096 -6.304307 -5.875946 
0.121279 0.555205 -0.000524 0.283716 2.175286 -1.134161 -19.783642 
0.437171 0.616428 0.088910 -0.570127 4.473411 2.011741 -11.747390 
0.420529 0.169888 -0.137698 0.033676 1.866321 20.399674 -5.610433 
0.140832 0.231881 -0.171846 0.383988 -5.518058 9.390298 10.940091 
0.317286 0.060914 0.597915 -0.035574 -8.194688 6.851611 -3.761460 
0.092539 1.288888 -0.180706 -0.776691 2.297061 -7.336868 4.148406 
4.198783 -0.229210 -0.118157 -0.170179 4.102769 8.815433 -0.567443 
0.435794 0.024571 0.152304 0.229627 -23.679311 7.301807 10.151443 
0.299195 -0.151551 -0.306573 -0.561773 -7.946676 -12.499408 9.651759 
0.366428 -0.889244 0.465336 -0.265301 -13.874861 -2.360227 15.689198 
0.300202 -0.019281 0.359496 -0.286342 -10.259786 4.239171 -9.367043 
0.585186 0.159769 -0.118143 0.226370 -5.407900 5.011487 28.228826 
0.524509 -0.293782 -0.397756 -0.231946 -5.707455 -10.215197 5.275175 
0.292083 0.202544 1.754084 -0.028878 3.874168 6.371982 12.410627 
0.107699 -0.058388 1.458942 1.199469 -7.269245 6.934454 15.486059 
0.744916 -0.653576 1.462366 0.558680 -2.139194 21.292764 3.188270 
0.131940 -0.555536 1.745040 0.218956 -11.597727 15.286406 1.899041 
0.104491 -0.902722 -0.530626 1.192821 -18.153662 0.508031 16.701303 
0.504475 -0.423193 0.108371 0.197766 -5.615264 3.243806 -2.744905 
0.159200 -0.315491 -0.112323 -0.100191 -9.137458 10.967968 -16.678948 
0.144224 0.739104 2.138196 -0.763790 -0.702243 18.241414 3.069064 
0.221063 0.055522 0.487747 -0.563035 -19.175567 -1.388382 -7.266334 
0.339783 -0.239730 -0.244496 -0.448733 -6.309713 -12.117031 13.133776 
2.985742 1.045771 -0.503846 0.242564 13.082048 12.191595 -6.610453 
0.098040 -0.169094 -0.097087 -0.282051 6.241025 13.710760 -20.695338 
0.364111 -0.488163 -0.342791 0.029733 -15.971971 3.217964 -15.244877 
0.144886 0.415126 0.388769 0.382248 11.992366 5.222844 -7.567647 
0.360597 -0.238877 0.462363 -0.147382 -1.811064 13.476599 -10.526908 
0.254317 -1.101504 0.438812 -1.178611 -6.785734 -6.741346 -2.179611 
0.555913 0.028585 -0.339376 -0.036505 12.132133 17.906078 -1.315473 
0.416651 -1.938557 0.067950 -0.051019 -15.802207 -6.041031 -7.043047 
0.151008 -0.250478 1.451499 1.475936 1.117591 6.041783 4.962228 
0.577563 -0.065111 0.363476 -0.465401 3.971123 3.885023 -9.185328 
0.141965 1.383334 0.497313 2.064791 7.087121 -0.001547 23.435990 
0.120024 -0.144224 -0.105912 0.513579 -17.785741 7.964837 10.455538 
0.182852 0.770457 -0.770138 0.205037 18.083997 -2.127342 -1.345054 
0.189724 0.217662 0.029965 -0.680266 -3.722227 7.043203 -17.289101 
0.150160 0.326423 -0.787408 1.164348 -2.522765 -11.937695 17.597171 
1.373741 -2.735846 -0.618136 1.255128 -22.036973 1.679881 9.657475 
0.283453 0.395237 -0.190956 0.786491 0.637047 4.483575 2.023206 
0.170281 -0.747218 -0.191352 0.418457 3.447965 14.127731 16.207731 
1.505698 -0.727502 0.607597 -0.004643 7.768114 -5.316998 4.584498 
0.360047 -0.969423 0.357701 -0.273699 -9.602100 -4.085472 -7.727404 
0.588861 -0.306546 -0.531884 -0.159980 -16.506348 9.809639 9.313555 
0.381565 -0.551174 -0.467241 0.229547 -16.596438 7.966242 9.705181 
0.166121 -0.203317 -0.326286 -0.193396 -4.181576 -19.705911 0.732138 
1.652096 0.087372 -0.063932 0.113352 -15.166676 15.348829 2.113533 
0.215498 1.855859 -1.719333 0.707328 18.008980 -7.411476 1.545361 
0.524663 -0.212172 0.323726 0.524194 0.440569 -6.101606 5.224714 
0.489037 -0.521425 0.601124 -0.304095 -17.885432 9.896820 2.023988 
0.247044 -0.236675 -0.004318 0.630430 -12.799169 3.731110 -2.931163 
0.408569 -0.479649 0.092815 0.453380 17.260576 13.337072 -2.952660 
0.429966 -0.376752 0.279252 0.328864 -5.200199 1.398914 -0.616053 
0.205030 1.243299 -0.715129 0.187398 5.825875 -10.881874 -3.205211 
0.104504 0.610147 0.044775 -0.612512 -8.114882 5.002083 -1.973410 
1.704172 0.503982 -0.817943 -1.293505 -2.080759 3.213860 -8.399214 
0.208973 0.599411 1.031280 -0.954059 3.465361 -1.812918 -2.891348 
4.631110 -1.156975 1.277994 0.674146 -5.620347 1.310279 13.345873 
0.135103 -0.318066 -0.322597 -0.287352 -3.461845 -5.790331 -10.959090 
0.169606 0.451470 0.702869 0.639663 4.585095 14.917940 -7.499402 
0.567692 -0.980348 -0.024999 -0.621969 -14.436324 -13.427975 -1.164182 
0.214292 0.082356 -0.151221 1.214615 -8.125037 4.799373 18.833868 
0.450345 -0.235492 -0.015893 -0.385081 -0.861307 16.853763 14.588580 
0.407103 -0.240015 0.217000 0.029352 -2.734195 -6.928905 13.084511 
0.846636 0.013461 0.309964 -0.128564 -12.716185 0.996013 1.613548 
0.123163 0.893580 -0.646238 -1.843063 3.945911 -9.227779 -10.695173 
0.120648 -0.021622 0.643496 -0.590919 -7.777448 -4.448580 -12.474976 
0.387333 -0.001429 0.963335 0.090782 -13.035334 4.215585 12.955614 
1.095352 -0.013803 0.518289 0.689352 -15.153702 0.793880 7.942092 
0.212730 0.161125 -0.041387 -0.478323 8.719660 -9.319524 -2.706532 
1.575080 -0.418414 1.025543 0.468790 -0.087953 3.255115 19.782651 
0.102042 0.408059 0.535427 0.286682 4.026512 -1.761215 16.592233 
0.606266 -0.525740 0.408869 0.210169 6.935727 12.932852 -3.968534 
0.250734 0.350995 0.024572 -0.026836 -17.588846 0.027559 -0.209105 
0.184902 -0.338827 -0.288588 0.043659 -8.586141 24.266344 3.592903 
0.348863 -1.058053 0.792714 0.232716 4.231993 17.111688 -6.279920 
0.127948 0.612383 -0.592058 0.672592 -5.335590 -11.390757 7.146374 
0.127545 1.072104 0.048251 1.723381 2.036824 10.554253 18.626575 
0.089378 0.684583 0.905064 0.662764 8.179219 -4.436498 1.398194 
0.220514 -0.127484 0.527586 0.604350 18.322356 1.458683 -3.284660 
0.195396 0.710327 -0.410722 0.148784 -7.849898 -12.483049 -12.381344 
4.245083 -0.774837 -0.694697 0.414618 -11.092339 1.151883 -2.607877 
0.095817 -0.319564 0.331809 -0.085598 -2.628462 -0.190724 -19.516424 
0.569763 -0.435914 0.352291 0.126278 -24.265457 1.487597 3.753282 
1.098164 -0.021448 -0.041838 0.273081 -11.617593 16.740481 -7.816411 
0.538990 -0.021093 0.456198 0.009625 13.549017 3.773282 14.399369 
1.288776 -0.970842 0.140758 0.241212 -15.432551 -2.303733 -1.413490 
0.193816 0.143418 0.260302 0.293223 0.162829 8.145937 -15.987240 
0.378483 0.498175 0.987420 -0.054585 -13.601493 5.362089 5.481217 
0.130333 -0.704357 0.561353 0.193771 9.631489 11.434225 3.267467 
0.235233 -0.153335 0.511575 -0.381390 -4.881651 -8.407527 -6.892745 
0.474050 0.094754 0.192823 -0.384984 -11.411267 2.299229 -10.061901 
0.170650 0.190577 -0.251853 0.144337 -10.140274 -19.734812 12.115416 
0.551803 -1.221188 -0.304892 0.021795 1.087873 -5.066586 7.338757 
0.131497 0.096162 0.513269 0.229448 13.907032 2.425853 -8.003201 
0.367063 -0.814854 0.361930 -0.350320 -14.182010 -11.500611 -1.248377 
0.237052 -0.060270 -0.346318 -0.375860 0.246864 -3.940222 -0.097382 
0.979329 -0.054611 -0.115648 0.667671 15.532005 -1.904353 -6.064306 
0.113309 0.558067 0.118429 0.054516 10.666018 17.788411 -1.089913 
0.202812 0.772424 0.453057 -1.176143 16.770812 4.210332 2.423573 
0.145792 0.150777 0.694927 -0.064846 6.208596 16.501143 -1.424897 
0.206856 0.123709 -2.091393 -1.146484 -7.853852 -22.816194 -12.116852 
0.534870 -0.586922 0.082380 0.124862 4.985411 15.312835 -14.329202 
0.091732 -0.800188 0.335837 0.782025 -6.038022 -12.204388 10.296547 
0.094435 -0.055176 -0.164213 1.057518 -7.027120 12.513506 2.215895 
0.106821 0.090208 -0.182771 -0.126071 -5.772146 8.815037 -5.189569 
0.443043 0.430547 0.211903 -0.672588 11.504155 8.827263 2.506473 
0.087582 -0.127961 -0.481945 -0.599812 -14.160904 4.841893 -2.224782 
0.159466 -0.766632 0.086746 0.267115 6.218031 -11.196262 9.589697 
0.829727 0.190841 -0.039423 -0.469085 -8.682700 9.687083 -14.117223 
0.093662 -0.584380 0.795822 0.903258 1.655150 -5.541983 10.889129 
1.055006 -0.768957 0.609413 -0.658754 -8.363952 0.559638 6.764480 
0.290595 0.504570 -0.330424 0.595636 -4.439766 12.074905 18.712500 
0.226020 0.298719 -1.589017 2.774800 11.314739 -13.280388 22.809923 
0.258652 -0.198607 0.453327 0.020987 4.185606 4.063364 -4.933050 
0.504080 0.440483 -0.261832 -0.123297 -1.424113 -3.607971 16.486155 
0.133644 -0.259666 0.021120 -1.839562 -10.654615 -12.156812 -18.130851 
0.102367 -0.072248 -0.082066 0.411589 -15.234113 -12.696087 -6.260943 
0.102733 0.458772 0.427116 0.208029 12.860046 -1.781017 15.721063 
0.406103 -0.025602 -0.024092 0.248722 -5.857092 -11.315866 -20.825640 
0.170184 -0.684446 -0.825449 -0.863993 -0.148764 7.342356 -10.026767 
0.080956 0.793163 1.302260 -0.358883 3.155108 19.831723 -9.362992 
0.171393 -0.688944 1.085454 0.462962 -7.225637 4.819103 -8.146470 
0.103884 -0.710880 -0.111513 0.168672 -7.119042 5.632561 -2.786845 
0.287723 0.221069 -0.095092 0.514028 6.128484 5.667203 -3.594080 
0.707610 -0.286605 -0.067169 1.238447 -3.194146 4.364845 11.483463 
0.161798 -0.057932 -0.013116 0.172282 -16.544801 -16.021974 16.660079 
0.495528 -1.303481 2.058370 0.615890 -8.556914 9.470867 1.597413 
0.081729 0.920208 0.360378 0.451421 -1.525734 8.599342 16.600500 
0.498673 0.119715 -0.357797 0.384886 12.430298 4.658852 -14.093683 
0.189760 -0.736689 0.247819 0.129485 2.159736 1.667385 17.412157 
0.174582 1.292641 0.470581 0.428156 2.429178 0.179908 10.847250 
1.913197 -0.111752 0.841517 0.147746 -14.051104 17.783295 0.055186 
0.156957 -0.390554 0.631417 -0.067390 -3.299962 15.346017 -12.585997 
0.318637 0.481726 0.710456 0.069608 0.116592 -8.521142 -7.382167 
0.384886 -0.689795 -0.343055 0.285777 -0.225578 16.829482 -5.479122 
0.094543 -1.167970 0.386216 -1.506664 1.239795 10.979180 -13.116523 
0.093801 0.709871 -0.479121 0.377202 -1.061789 -7.743783 -14.888627 
0.259589 0.086948 0.561634 0.612814 3.867663 9.978839 17.455612 
0.331382 -0.131432 0.118618 0.197280 -0.618122 -6.913719 -2.563779 
0.597086 -0.922075 0.717426 -0.121236 -1.273164 19.106598 -2.308323 
0.244466 -0.296657 -0.055016 0.478905 -5.817400 11.347604 -3.159479 
0.409757 0.041129 -0.404673 1.042160 -12.932285 8.841079 14.263599 
0.703460 -0.725690 0.801880 0.546191 11.131799 1.926542 11.348673 
0.129081 0.379026 0.228044 0.329129 -2.083682 6.466587 12.095554 
0.592856 0.654249 -0.091655 0.562343 9.237661 19.983099 3.735515 
0.598064 0.069343 0.357251 0.762167 -10.414252 -1.415837 21.403598 
0.315326 -0.516588 0.621773 0.642004 -21.467167 10.519315 8.214642 
0.830552 0.108768 -0.018572 -0.255131 -17.781993 14.318976 -8.651927 
0.107798 -0.547861 0.670548 0.910302 -3.266134 7.053852 1.670339 
1.282747 -0.116430 -0.785385 -0.279889 10.736938 -7.558977 -14.902813 
0.179704 0.010013 -0.442359 0.140665 -11.303848 4.834228 22.129628 
0.226650 0.423643 -0.484366 0.338118 -5.880180 -13.173839 3.005349 
0.213577 -0.029533 0.676427 0.312495 8.069074 21.811029 -1.998276 
0.360054 -0.258761 0.031891 0.122477 -20.769111 -5.511878 -11.993789 
0.590465 0.316602 -0.089219 0.008686 16.987156 5.236369 -10.935665 
0.323997 -0.219779 1.455716 -1.440466 -3.607435 22.012412 -4.924991 
0.080856 0.264361 -0.950576 1.055924 12.063910 3.922343 2.585507 
0.143920 0.188241 1.598394 -0.061176 0.561858 2.555132 3.365820 
0.128165 1.040477 0.121180 0.239095 1.412467 10.072270 7.072815 
0.371144 -0.219031 0.939556 -0.123171 5.290524 -4.130274 -9.477342 
0.145470 -0.945064 0.695117 -0.830681 6.318132 1.198674 -11.103755 
0.092657 -0.291234 0.271178 -0.076251 -5.547701 26.501247 -0.681612 
0.587126 1.033619 -0.413621 -1.591485 18.779018 -12.603516 -6.518951 
0.235289 0.002179 0.206193 0.474963 -15.417906 8.378082 1.604135 
0.569180 0.304013 -0.776523 0.052795 -13.636729 -0.122021 -7.469067 
0.093590 -0.444173 0.099590 0.954702 -7.922699 7.292875 3.151588 
0.249342 -0.167462 -0.601602 -0.569137 2.801438 0.620802 10.496650 
0.543855 1.321225 -0.152973 -0.277132 16.267610 -8.384836 4.350315 
0.236315 1.291358 1.514813 -1.611565 15.978823 25.998444 -8.854142 
0.136931 -0.156574 0.487169 -0.365506 12.739579 -19.249975 0.505042 
0.109437 -0.263873 -0.700413 0.425895 -15.208744 -4.277369 -12.055134 
0.915698 0.219913 0.454543 0.266521 13.326999 -4.141354 -15.417184 
0.125769 -0.334969 -0.180011 -0.223471 4.703840 -12.542015 -6.028829 
0.182221 0.461929 -0.310092 0.177180 -14.471216 -11.443348 -0.510429 
0.624303 -0.838866 -0.651929 -0.307731 -6.744139 6.872356 5.246672 
0.123119 -0.891989 0.356363 0.257241 -20.358423 8.789687 5.030618 
0.093277 0.147316 0.235631 0.063127 10.381667 -12.975753 9.220432 
0.126609 -0.811813 -0.780292 0.635866 6.432371 2.329969 12.286638 
0.342755 -0.114708 0.836937 0.257169 -17.117954 23.875260 1.434953 
0.887808 0.996863 -1.421725 0.189695 4.920605 -3.500019 2.692666 
0.718573 -0.865207 -0.354231 -0.669651 5.610630 -4.672119 -5.526368 
0.789225 -0.219257 0.830361 0.122577 2.838195 11.606322 -9.500156 
0.126531 0.587861 0.110872 0.491603 -4.788152 7.975016 9.460653 
0.685572 0.057605 -0.010196 0.214374 7.572204 13.659429 -2.573320 
0.342997 1.049552 -0.347900 -0.163705 -6.992445 1.275443 -3.782724 
1.141486 0.599316 0.443880 0.730038 -6.947735 8.504645 -5.606681 
0.181571 -0.399276 0.255623 0.382293 4.842558 0.693101 23.263593 
0.271737 -0.294983 0.157656 0.408876 1.502652 -0.546433 15.154759 
2.465276 -0.241756 0.127507 0.323616 -21.798756 -9.969144 -3.922234 
0.132761 -0.484409 -0.097851 -0.572022 14.289778 6.474879 -0.696678 
0.088416 0.610643 -0.162248 0.032387 -14.440114 -0.578184 10.529639 
0.089291 -0.100815 0.459323 -0.278550 -3.448334 3.294718 7.901522 
0.263350 0.188679 0.139553 0.119320 -12.129255 -8.873690 -17.396496 
0.423754 0.483005 -0.391479 0.738039 8.749132 13.738213 15.575600 
0.178200 -2.013044 -0.677225 -0.044075 -9.322122 1.495311 -0.415581 
0.269147 -0.326355 -1.016614 -0.009411 -15.216100 5.847065 -5.410790 
1.218772 -0.909967 0.058931 -0.037914 4.994165 -14.274086 9.329060 
0.195759 0.496820 -0.967115 1.080073 -1.719698 -13.089747 2.384660 
0.310560 0.137841 0.348840 0.578393 13.672946 2.083061 3.702524 
0.132928 -0.270061 0.515090 -0.381984 -7.223939 6.122202 -6.280120 
0.130606 -0.372183 0.704686 0.519839 4.399463 -9.444479 -11.830823 
0.180981 0.593357 1.650322 1.349987 2.285684 21.387993 17.573733 
8.040799 0.121378 -0.230625 0.103970 -3.327687 -7.520866 1.457471 
0.080873 0.178067 0.508339 0.408716 -20.846607 5.136568 -1.975386 
0.337684 0.136928 0.615213 1.613877 6.121619 -4.721564 10.267864 
0.727006 -1.254086 0.921012 0.376905 -12.272617 1.443248 10.499502 
0.130102 -0.250433 0.332164 0.234329 -4.270710 -19.173948 10.303595 
0.107057 -0.367631 -0.676759 0.610932 -1.798237 8.538151 21.165108 
1.352041 -0.273133 0.195540 -0.209653 3.923987 2.477450 -21.450206 
0.108970 -0.700551 -0.083882 0.391249 -10.975391 4.787384 -17.910496 
0.148499 1.473483 0.726705 -1.076089 6.202487 -1.444254 -6.528201 
0.263983 0.285367 -0.534722 0.011302 3.640593 -0.264300 -3.652780 
0.240265 -0.425159 0.673984 0.041930 4.236416 19.013807 5.273461 
0.217954 0.213439 -0.169400 -0.085043 -3.013219 -15.074668 -10.617154 
0.444167 -0.263622 0.709193 0.139359 5.705441 -8.681694 -14.394503 
2.752555 0.086907 0.541093 -1.275900 -3.248647 9.996013 -8.846743 
0.266546 0.605572 0.134317 -0.909771 6.960221 -2.875409 -4.787735 
0.104305 -1.399747 0.488991 0.226958 3.888453 4.154641 7.854723 
0.144490 1.049011 0.841165 -0.456691 1.563155 10.381688 -14.676845 
0.094619 0.033274 -0.375673 0.354433 -4.555672 -4.214936 -11.466167 
0.144851 -0.104847 0.575227 1.079866 13.428449 -0.956746 7.467132 
0.132290 -0.273060 -0.123595 1.224724 -13.836052 12.497260 8.751573 
0.524424 -0.038183 -0.457237 -0.396232 3.184870 2.080035 11.873309 
2.804970 1.457575 0.414330 0.127162 16.009692 2.941378 5.694401 
0.151725 0.338224 0.197097 0.471486 -12.316219 5.070671 -4.532625 
0.691052 -1.046902 0.100405 0.479197 -16.458279 -15.571963 -0.002769 
0.123125 -1.754197 -1.203629 -0.843017 -14.528057 -2.914886 -6.459579 
0.095501 0.136791 0.097971 0.362646 8.619396 12.879941 3.947828 
0.082472 -0.157062 -0.111758 0.758218 2.591652 3.719805 0.141378 
0.088000 -0.080701 0.000879 0.712085 15.194054 1.413660 11.439732 
0.106567 -0.459624 0.167535 0.192001 -17.738435 10.311827 -0.327285 
0.083960 -0.382330 -0.553302 0.903191 -11.154893 -5.274306 14.746373 
0.444394 -0.137533 0.410576 0.271267 2.181572 16.795341 17.923120 
2.968598 -0.183542 0.126692 -0.337389 -0.290631 -5.136554 -2.991340 
0.118415 -0.994667 0.130969 0.142166 3.311963 -2.378878 -14.625334 
0.123056 -0.377429 -0.327645 0.652326 -1.516475 9.926916 14.906423 
0.111967 -0.657282 0.311259 -0.140942 -3.220552 16.004205 -1.198985 
0.095336 -0.175247 0.122057 -0.117502 -0.165527 -4.831921 -7.700686 
0.085245 -0.498329 0.009386 0.425852 -8.329340 -4.935219 -17.723660 
0.219520 -1.016346 -0.433524 0.499633 -12.681120 0.431685 -8.545511 
0.269315 -0.609107 -1.071937 1.147778 -2.554067 2.007405 5.392359 
0.084729 0.010604 -0.119866 0.362364 12.585378 -8.652451 13.798886 
0.193296 0.215468 -0.682730 0.624102 5.641696 12.866065 13.489594 
3.042533 -0.357031 -0.453240 -0.697442 1.192455 -15.080608 4.830991 
1.417540 1.345541 1.509670 -0.404074 8.507897 6.268717 3.369033 
0.348250 -0.343916 0.190574 0.004003 12.772166 -4.162927 13.653211 
0.189420 0.029779 -0.005252 0.575655 17.434943 6.530211 12.579692 
0.222484 0.130044 -0.309723 0.389635 4.136786 5.913872 -7.516432 
0.319069 -0.236266 0.221730 -0.790950 11.090128 6.291142 4.214417 
0.092091 -0.422239 -0.296566 0.730785 9.834534 -2.257455 -1.058107 
0.486369 0.749267 -0.417313 -0.194577 3.114636 -13.085912 1.297640 
0.293964 0.149396 0.469647 0.031858 5.175761 17.911651 -9.992554 
0.150389 -0.353010 0.111936 -0.025539 -12.503966 18.544358 6.221596 
0.098254 -0.222610 0.111127 -0.148573 -18.806327 1.901632 13.815323 
0.129777 0.129030 0.129017 0.406122 6.050451 7.508436 3.455227 
0.089968 0.702203 0.728001 0.290299 -2.232057 8.296752 -14.537131 
0.178187 0.268620 0.009635 -0.352043 13.717077 0.747176 -2.913389 
0.446547 -0.583926 0.163544 0.212057 1.069701 14.542466 4.879107 
2.596189 -1.514916 -1.378497 -0.660231 -15.596996 -11.550741 2.296429 
0.941679 -0.130923 0.476665 -0.224512 4.300573 6.228162 17.972247 
0.357477 -0.447452 0.563230 0.024043 -4.905842 -10.740622 8.757789 
0.233141 -0.450820 0.258467 0.505791 -14.373226 14.265372 -5.462900 
0.109886 -0.707936 0.135966 -0.280351 8.835335 -5.799586 2.107256 
0.103385 0.080024 0.669906 0.232395 10.776704 0.841217 18.638377 
0.307529 -1.098483 -0.797473 -1.723714 -4.440092 -10.957117 -6.039334 
0.224214 -0.818693 0.465091 -1.658771 1.598530 -6.790307 -18.040303 
0.688471 0.502098 -0.346933 -0.072266 -4.517395 11.920178 -6.651878 
0.121886 0.293456 -0.629572 -0.222301 8.089038 -10.218865 13.102222 
2.036878 1.766692 -1.179348 -0.213417 6.670303 -7.220647 -6.777436 
0.108772 -0.275005 0.804833 0.594742 1.946702 14.595097 -3.456513 
0.087214 -1.041736 -1.406693 -1.090506 -1.692550 -12.093913 -0.652386 
1.095005 0.272046 0.358054 -0.058024 -1.330711 -7.309634 -16.237161 
0.462444 0.119166 -0.058205 -0.144016 6.972090 -7.114619 -24.140936 
1.195467 -0.077724 -0.242036 0.198504 0.248012 23.025223 1.193786 
0.124532 -0.216281 -0.269403 0.276541 21.054993 9.627450 -1.615226 
0.239527 -0.033312 -0.159151 0.082336 -17.418290 -11.753142 18.881225 
0.513647 0.211269 0.324377 0.813498 3.205967 -10.572418 0.862208 
2.322161 -0.002051 -0.341666 -1.095265 10.801448 6.185017 -3.489350 
1.749945 -0.073805 0.379850 -0.150147 5.565213 -22.308040 11.889641 
6.427225 -0.492473 0.024149 0.305343 -0.436537 21.712053 -10.507924 
0.187473 -0.183327 -0.206050 -0.248123 -7.620927 -2.960892 18.668495 
0.080411 -1.176672 1.068892 0.885477 -0.487110 9.298915 7.867831 
0.084886 -0.694916 -0.205350 0.278506 -11.628247 -4.289858 -9.142936 
0.210734 -0.187892 0.425321 -0.126242 11.095710 -16.262924 -12.627449 
1.039799 0.552354 0.115713 0.592500 2.378737 6.984313 19.015123 
0.589256 0.194999 -0.278388 0.495125 11.944716 1.802028 1.532919 
0.193774 -0.470260 0.965694 0.025412 -15.006030 -6.780115 13.114952 
0.204408 -0.210864 -0.104387 -0.525951 15.766311 -8.389762 -1.460129 
0.203976 -0.969923 0.347854 0.430293 -15.689067 0.445760 -13.652762 
0.100379 -0.047520 -0.236840 0.083600 -0.880832 2.379123 4.502206 
0.224716 0.274773 -0.294926 1.236247 -5.875007 9.332736 11.383453 
0.736908 0.000349 1.153671 0.304704 -12.738081 18.467739 -0.549056 
0.183623 0.858180 0.397665 -0.952956 4.928614 -0.260466 2.334821 
5.763363 -0.633976 -0.923218 -0.181687 1.006182 1.253817 2.770545 
0.155563 0.006687 -0.002903 0.277213 9.654374 8.705043 14.204173 
0.205052 -0.588810 0.805708 0.327572 -18.939241 -4.672378 13.965615 
0.256881 -0.405526 -0.729199 -0.176170 -4.296859 -8.529587 18.752731 
0.383592 0.127399 -0.649069 0.372091 1.066686 -9.223129 -18.951658 
0.115189 -0.841671 1.197338 -0.379798 -10.762811 10.671866 14.706935 
0.144188 -0.316443 -0.043866 0.449290 -17.963564 13.028462 -3.217028 
0.208231 -0.541104 0.481538 0.826467 -4.911618 1.413076 15.468294 
0.523071 -0.760428 -0.107028 -0.180170 7.965881 -7.197004 13.959337 
0.460238 -0.036787 -0.058649 1.572080 12.739561 0.622006 3.018427 
0.500482 0.193227 0.622026 -0.576153 -9.888318 8.133923 7.628187 
0.190881 0.535032 0.598298 1.361439 18.027632 -0.775940 8.905399 
0.095002 0.150211 0.315141 0.078774 -8.353609 -14.397321 1.308450 
0.282526 0.486393 -0.097992 0.181427 -14.631421 -3.054354 14.962352 
7.200905 -0.531153 0.229427 1.077810 -14.951414 5.677427 0.821629 
0.639887 -0.896424 0.470105 0.112621 -7.584791 -5.270211 -15.864834 
0.088337 0.078961 -0.319248 0.195160 -3.355979 1.077203 -4.227289 
3.427020 0.538634 -0.255286 0.740247 0.444095 4.273605 1.692726 
0.286232 -0.399732 -0.458918 0.190341 -9.588753 -3.419408 14.718527 
0.111446 -0.392144 0.578700 0.931229 -11.165601 6.702378 2.118876 
0.194955 -0.156983 0.336640 0.216366 -22.430012 4.583585 8.547875 
0.190041 -0.824618 0.177343 -0.034527 -6.837901 4.190127 -11.644544 
0.170109 -0.611881 0.591332 0.578413 -17.048801 -6.121321 0.220487 
0.162386 -0.463962 0.291986 0.159552 -15.095387 16.718641 -13.420236 
1.166044 0.974392 -0.010453 1.517756 5.851358 13.256693 16.548481 
0.584740 1.385429 0.166283 0.426604 -1.372890 -2.652174 0.711021 
0.396613 -0.186193 -1.353371 -0.735770 -9.545810 0.611999 -8.029665 
2.418064 -0.446855 0.393922 -0.053240 -2.495041 3.815446 -2.829858 
1.010429 -0.093694 0.105801 0.186967 22.729197 -7.682064 -0.657024 
2.532142 -1.369111 0.044512 -0.012686 3.656931 -6.963941 0.111341 
0.107929 0.426839 0.801996 0.692448 0.674023 -9.626620 -1.221956 
0.167175 -0.612134 -0.038283 -0.810972 4.053900 -0.443527 4.861394 
0.254952 1.362406 -0.800211 -0.549066 7.004207 4.184775 -8.866733 
0.429694 0.410389 0.259008 0.777006 12.173004 13.899479 0.558843 
0.496826 -0.072872 -0.160946 0.076052 13.495930 9.218437 22.839441 
0.121547 0.619635 -1.514491 0.287857 0.535015 -23.152725 -3.300799 
0.215928 -0.175066 0.817449 0.206176 -1.555503 20.534914 -9.359599 
0.270339 -0.343199 0.540142 0.347509 -7.476713 -19.171539 -10.708296 
0.080083 -0.262230 0.248898 0.787959 14.770927 -1.340097 3.935193 
0.272801 0.678969 -0.251012 0.169203 -1.121968 10.553944 4.729173 
0.248941 -0.221966 -0.510859 0.643978 16.651779 -0.367430 -6.400476 
0.198171 -0.078975 -0.519919 -0.058092 -4.745586 2.369430 -8.849770 
0.125940 -0.126727 0.667629 0.286604 -7.442967 20.927566 1.546428 
0.397489 0.307544 -0.253238 0.504396 -1.713054 3.287917 -0.210438 
0.109822 1.292892 0.135132 -0.050115 16.051948 -3.343098 -10.147781 
1.950578 -0.169380 0.150330 0.193699 9.351069 -17.118979 16.614161 
0.085723 -0.090498 0.380072 0.479233 4.682263 5.466099 15.898334 
0.261677 0.322630 0.338216 0.224727 1.506683 1.384449 13.150700 
0.410668 -0.291226 0.990982 0.730703 8.329600 -6.480482 7.161155 
0.278253 0.353275 -0.304573 0.594747 6.711845 10.109725 11.090377 
0.362834 -0.623241 0.343401 0.372086 -8.674139 20.429512 1.184255 
0.191416 2.743800 0.202987 -0.177199 28.120733 11.806015 -4.332868 
0.204516 0.767565 -0.518462 -0.874934 7.536334 1.163257 2.609374 
0.119244 0.068919 0.799400 0.504636 -6.555198 -13.902810 6.489692 
0.394798 -0.136855 -0.080767 -0.323784 9.375562 -7.155743 15.197093 
0.108074 -0.122265 0.490480 -0.597073 -4.832615 11.590378 -8.905146 
1.687457 1.302830 2.266629 0.077796 13.302385 15.029791 6.730067 
0.142585 -0.172806 -0.311645 -0.266261 5.894799 18.091461 1.847069 
0.999592 -0.361687 0.552967 -0.313252 -12.522996 7.407077 4.311947 
0.835224 1.322168 -0.120215 -0.101425 5.136104 15.650669 1.308072 
0.133760 -1.010060 -0.797841 0.039538 -8.933698 -1.609026 9.750623 
2.914902 0.826058 -0.376573 0.126213 10.613562 -8.026670 0.935615 
0.289537 -0.620111 -0.597584 0.176894 -13.495990 -3.248189 -5.133398 
0.111589 0.108544 0.217092 0.294709 4.538987 -0.397550 -8.486748 
0.666435 0.080120 0.753614 0.247298 2.631509 13.994968 8.037337 
0.118124 -0.143890 -0.308761 0.452108 10.077444 9.122688 6.462739 
0.082017 -0.276688 0.369501 0.404392 -10.229797 15.567197 -9.803372 
0.384643 -0.267486 -0.356183 -0.133643 16.977817 4.335759 -5.358445 
0.170390 -0.577832 0.521078 0.725289 -16.210612 2.407963 1.987884 
0.164634 -0.261424 0.096784 0.323731 8.246777 -8.566402 18.484756 
0.710018 -0.793440 1.154642 0.583700 -0.755374 7.983790 5.725851 
0.490174 -0.108632 -0.144707 -0.253517 -9.534044 10.359130 -18.585668 
0.209872 -0.353178 0.112395 1.072625 -3.656368 17.002203 1.434234 
0.191407 -1.555300 -0.902002 -1.120746 -3.893031 -0.840895 -13.038634 
0.086220 0.938646 -0.030026 0.265515 9.201458 -3.042144 12.555485 
0.253249 0.072627 0.235960 0.187168 -15.662123 23.927862 4.650057 
0.443660 0.225650 0.446763 0.049458 -7.744908 4.568075 8.120747 
1.478874 0.566659 0.819682 0.422031 -7.883154 5.379495 1.889994 
0.997008 -0.124594 -0.009666 0.131156 -25.351815 -14.854669 -3.001630 
0.119733 -0.606713 0.643630 -1.102552 4.356503 -4.746280 -4.631711 
0.155712 -0.856939 -0.288294 0.607469 6.034173 8.860541 -3.301872 
0.248140 1.105803 0.063158 0.013854 12.599084 6.871687 3.819376 
0.211986 -0.664973 -0.878317 2.000319 -7.651381 -10.572032 8.098153 
3.164370 0.284131 0.410145 -0.117128 -2.349744 6.961875 17.765388 
7.811175 -0.103735 0.402389 -0.170306 4.056541 -19.064364 4.421008 
0.119711 -0.249644 0.019031 0.644196 12.284269 -0.668565 7.326250 
0.081905 -0.262128 1.696991 0.452115 -0.200381 4.655325 -0.152815 
0.128974 -0.412256 -0.065142 0.492774 -9.911657 -19.280790 0.284456 
0.098410 -0.552266 0.252186 -0.283108 -7.885778 8.843268 -5.053808 
0.208666 -0.602530 0.002457 0.747793 9.595235 10.334160 18.162359 
0.338702 -0.163423 -0.843347 0.452028 9.868391 -7.841950 16.231849 
0.270406 -0.418842 -0.490158 -0.689902 11.904978 1.301915 -7.102882 
0.261780 -0.097883 0.288483 -0.203561 12.478448 -5.423858 21.273654 
0.198271 0.167948 0.049092 -0.003575 0.534160 13.752113 -16.361639 
0.547947 0.189655 0.003970 0.327911 22.052110 9.812119 8.710628 
0.084496 -0.374362 1.112294 0.379420 -5.746220 -8.696217 11.372356 
0.547853 0.271355 -0.371186 0.229238 0.945098 -9.639058 -1.436261 
0.124445 0.129386 0.088216 0.410308 -13.833494 18.647865 5.332898 
0.573077 -0.036054 0.319628 -0.304877 8.041889 -0.955823 4.002793 
0.415176 0.178706 -0.480121 -0.351374 6.858582 -11.472779 4.392290 
0.878922 -0.003084 0.220999 -0.771646 -8.893941 -15.794900 -2.783633 
0.094683 -0.384223 0.891702 -1.331306 -1.063634 -4.400024 -4.352092 
3.025229 -0.842131 1.459882 -0.061031 6.211715 10.164642 -5.972413 
0.102725 -0.563364 -0.211000 -0.227544 -9.667414 -16.743521 13.751331 
1.385436 -1.738638 0.172189 0.389681 -10.453587 12.613768 6.377264 
0.188343 0.815382 -0.357674 0.251041 6.487043 0.297602 11.838683 
0.308804 0.155879 0.555523 0.161992 11.359326 -4.676693 -14.852482 
0.266901 0.958504 1.038516 0.347192 17.602960 0.535533 4.152931 
0.352073 0.252822 -0.226264 -1.026323 -10.453063 -2.700498 3.689499 
0.588656 0.601711 -0.719277 -1.218486 12.319924 -4.157694 -6.598792 
0.105091 -0.332219 0.069644 0.213976 4.446669 11.875545 -2.850219 
0.147682 0.816899 -0.066810 -0.615758 9.887649 -7.701284 9.757827 
0.179358 -0.165258 0.221152 -0.188773 -22.246840 14.653308 3.030135 
0.522896 0.434407 -0.533350 -0.030249 -1.202423 -10.862601 -5.661201 
0.141510 0.688355 -0.417341 -0.373500 6.444731 -3.477829 1.962661 
0.105633 -0.220687 0.121096 -0.103053 6.758111 0.916385 17.976932 
1.115389 0.252688 -0.262645 -0.079288 0.196476 -0.538387 17.311626 
0.100224 1.860548 -1.147479 0.025451 9.670979 -10.493696 -8.959664 
3.043771 1.237241 -0.307582 -1.725959 9.583181 -2.693059 -6.533917 
1.677124 0.257343 -0.775527 0.472947 3.649086 4.541093 -9.665987 
0.154714 -1.684604 -0.581320 -0.307916 -2.488629 -4.499076 -4.721980 
0.509531 0.466859 0.241867 0.352971 -0.146671 6.054465 -2.926824 
0.118595 0.704935 -0.299694 0.623185 -6.241651 8.171287 -3.336450 
0.192470 0.858171 -0.203782 0.391739 5.176205 -4.867855 4.899625 
0.156661 0.014133 -0.662139 1.295140 2.208382 9.419183 10.303488 
0.269171 0.076155 0.206751 -0.238716 -16.954772 0.276589 -12.963283 
0.275015 -0.453733 0.429619 0.280140 -19.902555 8.154080 -8.468051 
0.133107 -0.286865 0.209457 0.346499 -4.084627 6.262169 18.256833 
0.116244 0.405961 -0.739017 0.306931 -4.551750 -6.088652 -0.071184 
0.262815 -0.370371 -0.674368 0.613412 -8.340810 -11.671693 -6.557205 
0.152197 -0.359537 0.261643 -0.929554 -20.483537 4.208953 -5.834196 
0.591538 0.564307 -0.992645 -0.980627 -2.110827 -7.298379 -19.050026 
0.273814 -0.372713 -0.297148 0.040562 12.764589 12.778959 5.681432 
1.296377 -0.196278 0.889016 0.457250 -9.286381 17.527264 2.603841 
0.625099 0.009393 -0.373868 0.465501 2.125280 7.311149 20.944108 
0.953431 -1.282534 -0.631369 0.995812 -7.575778 -4.694647 14.675626 
1.362864 -0.289837 0.373100 0.001563 17.109397 -1.271171 -9.642426 
0.388981 -0.498122 0.250798 0.521035 -17.513756 -2.670003 11.168142 
0.178332 1.519878 -0.437326 -0.153734 21.401203 4.978355 6.766152 
0.372184 -0.635513 -0.479755 0.567712 3.639437 -6.338457 -9.040270 
1.884918 -1.186543 0.192721 -0.110090 -13.030109 0.399097 7.518907 
0.093160 -0.989173 -0.541068 -0.634729 2.564899 -3.361597 1.973758 
0.093696 0.239886 -0.552031 0.318491 3.024379 8.721669 4.672216 
0.080850 1.607827 -1.100865 1.103617 5.315936 -15.712347 10.908197 
0.277717 -0.112721 -1.965035 1.010251 0.985436 -6.754439 14.567369 
0.330199 -0.495553 0.668130 0.453970 -5.543244 11.152734 -10.518411 
1.020862 0.447184 0.349202 0.125650 8.342049 -12.744090 -1.809130 
0.554068 -0.544213 0.157555 0.440253 -8.154932 -2.810647 -2.641982 
0.410517 0.588663 -0.159192 0.593612 -15.523354 0.105959 7.436631 
2.241100 -1.070535 0.198548 0.425448 -13.918652 9.720125 -5.415142 
0.769947 -0.447418 -0.390776 -0.060998 6.344134 3.470278 -18.716567 
0.085466 -0.048306 -0.320794 -0.160327 -21.510094 -14.984564 -6.831359 
0.645582 -0.306472 0.334179 -0.172823 -1.846330 -5.045067 -21.890654 
0.291207 1.296511 0.090138 -0.466862 16.793244 -1.562162 -5.783457 
0.780826 0.951606 1.333127 0.270681 -5.473946 16.390326 5.220417 
0.178041 -0.168123 0.442167 0.512148 2.904616 8.761791 2.961802 
0.111657 0.566820 0.237038 0.475316 -10.000944 8.953478 8.393717 
0.141933 -0.295243 -0.106440 0.152491 11.382033 -12.941948 -16.117413 
0.503658 -0.186443 -0.246263 0.520571 -14.054275 -11.050159 19.139156 
0.266518 0.499559 -0.701179 -0.862965 -11.188716 -6.782658 -6.828147 
0.136578 0.908714 0.205325 0.435684 11.741149 6.388563 1.447804 
0.126498 -0.704668 -0.440810 -0.273705 -5.958415 -12.841005 -3.009759 
0.081261 1.494526 0.685807 0.213171 13.716319 -7.997497 -3.537294 
0.167252 -0.113153 0.017658 0.168934 -0.425422 1.787368 -1.980725 
0.607244 -0.570546 1.999172 0.543727 0.067248 8.667702 -0.375865 
0.266741 -0.630684 0.411338 0.362538 -4.868375 3.724429 16.561868 
0.157175 -0.258116 -0.577720 1.325871 -20.457107 -4.946830 10.375076 
0.366807 0.189573 -0.481245 -0.385187 8.030946 4.963698 -8.374972 
1.030213 0.035110 0.160124 0.427896 0.790894 8.778966 -16.068870 
0.140945 1.699280 0.983789 0.194845 9.521416 0.451536 9.757638 
0.288794 -0.427529 0.019069 -0.521493 -10.423886 10.081725 -9.278386 
0.182724 -0.717599 0.804738 -0.103827 -5.122537 -11.567627 -8.994568 
0.115248 -1.232303 1.051948 0.215413 -6.477695 2.923730 6.848361 
1.012019 -0.200166 -0.103512 0.176521 6.652553 15.305255 -9.998212 
0.292049 -0.748905 -0.225738 0.220703 7.374878 -12.189960 8.183848 
3.273691 0.046954 0.136162 0.555395 2.221799 -0.615757 -3.004372 
0.507219 -0.688505 0.817460 0.810873 -13.308146 -8.088230 16.633780 
0.325723 -1.012170 0.378229 0.349101 2.410818 5.985830 -13.619615 
0.153073 0.835429 1.162929 -2.079033 11.559909 0.870112 -27.702759 
0.229855 0.469065 0.386842 0.258248 7.094811 1.493511 -9.579986 
0.196589 0.044150 0.013142 -0.465730 5.999957 10.291056 3.622546 
0.095001 -0.114950 0.208438 -0.796827 -10.316304 3.587566 -9.574989 
0.458870 -0.963016 -0.620477 -0.144368 6.131445 7.101447 0.970617 
0.085890 -0.540001 1.827669 0.617834 3.209776 10.388572 17.469644 
0.170408 -0.364654 0.367883 -0.057123 -19.391143 18.020011 13.194172 
0.130084 0.072089 -0.246439 0.044649 -5.741810 18.525477 -4.097324 
1.384359 -0.195675 0.070617 0.445644 11.057825 13.839685 10.004792 
0.642711 -0.317661 0.339269 -0.217289 -1.013724 15.307457 12.167391 
0.176254 -0.511071 -0.141071 0.242463 15.276536 9.861489 15.315716 
0.156623 -0.895001 -0.616702 0.321333 -15.584524 4.797033 5.757359 
0.874755 -0.439479 -0.235257 0.033530 -8.434480 -5.100223 10.172644 
0.628183 -0.048259 -0.188405 0.565062 4.066253 -16.073647 0.858931 
0.127719 0.844943 -0.269709 0.576978 -0.862226 -5.216685 20.913734 
0.209256 -0.373493 -0.160537 0.502811 -14.292011 7.576271 -7.530160 
0.393003 0.664663 0.303001 -0.078667 -2.025730 1.240867 -3.864144 
0.395444 -1.247871 -1.375791 -0.368477 -2.748847 -6.175503 4.971930 
0.150757 0.291022 -0.722788 0.921207 15.791829 -5.495109 9.823309 
0.613619 0.879197 -0.018273 -1.275822 11.207872 -6.634538 -14.572283 
0.371705 0.665111 0.226974 0.478369 -1.865501 18.686430 4.369840 
0.128172 -0.016250 0.682668 0.351845 -6.827676 12.790381 17.589992 
1.227367 -1.195994 1.214453 0.531198 -6.203147 18.706593 7.521173 
1.287495 -0.326760 -0.167611 -0.011374 -6.171834 -1.410080 -0.464957 
0.285623 -0.839453 -0.472921 -0.262213 -2.606198 -13.538497 -10.240769 
0.186793 -0.238840 0.241228 -0.173991 -4.942236 13.892482 -16.222900 
0.151928 0.373278 -0.080294 -0.148536 -20.443803 -8.799752 -4.074049 
0.107729 0.255021 -0.838888 -0.194533 1.213533 11.233059 -6.495219 
0.789450 -0.051582 0.572349 0.386238 -5.541047 -17.234337 -8.793098 
0.417882 1.069966 0.213195 -0.478713 6.251808 -2.585909 12.828069 
0.415458 -0.115652 -2.433642 -0.552991 -5.625282 -17.452973 3.061446 
0.510419 0.130562 0.401397 0.417039 -16.994434 18.176576 3.720701 
0.130425 0.014138 -0.423497 0.544579 -12.392566 2.145576 -6.354546 
0.312402 -0.099048 0.505280 -0.123189 21.876513 -15.866646 6.447577 
0.489643 0.099050 0.321270 -2.154162 -3.621552 6.116205 -13.286534 
0.449688 0.706221 0.264059 1.019946 11.011038 15.567032 -1.618276 
4.640213 -1.287680 -2.724985 -3.214520 -7.782044 -23.773865 -33.634188 
0.102329 -0.111338 -0.124839 0.825491 9.927118 16.250543 5.113644 
0.088752 -1.079005 0.081168 0.441472 -17.463184 14.073614 -0.900903 
0.124181 0.510145 -1.022791 0.536573 6.414602 -6.550633 -3.577570 
0.142677 -0.028789 -0.280064 -0.377136 -22.217243 5.202057 -2.488847 
0.646196 -0.738884 0.854666 -0.605330 3.624642 -2.805055 -15.622103 
0.112694 -0.562789 -0.395128 0.325303 -5.501979 -16.342428 -4.958377 
0.176104 -0.023380 -0.380239 0.810481 -13.626111 -4.640275 -8.826617 
0.106965 -0.501871 -0.094091 0.593830 -8.104353 7.044272 18.206368 
0.330430 -0.805740 0.791668 0.108335 -1.500517 -5.398026 -0.440535 
1.059937 0.645395 -0.201720 -0.430336 2.381716 -1.115468 -7.585925 
0.446854 0.017874 0.622069 -0.564820 -3.168187 -6.442925 -3.501517 
0.249843 -0.325829 0.920107 0.549787 -12.811932 14.012767 1.557547 
0.126972 -0.334029 -0.085387 -0.469328 -0.613241 7.765669 8.565602 
0.148713 0.152683 -0.139272 0.688405 12.942843 -6.575398 2.701465 
0.153845 0.932147 0.793377 -0.226956 2.341424 4.246027 -3.379491 
1.523067 -0.079056 -0.479061 0.076595 1.996005 -20.668946 -3.178764 
1.665441 0.303810 -0.583789 -0.497410 -0.373035 12.222850 -11.891930 
0.167356 0.352955 0.655370 0.452294 -7.590749 14.506774 10.724255 
1.433413 2.155070 -1.233096 -0.098780 11.074557 -15.727481 1.621875 
0.264805 -0.741416 -1.273538 0.146721 -11.962354 -2.411548 4.618576 
0.110793 -0.146442 0.475351 -0.476393 4.537353 10.282831 -17.904851 
0.180061 -0.289146 0.220918 -0.046944 8.465884 -14.727931 7.644900 
0.195410 -0.157841 0.201550 -1.644123 -0.202896 1.445098 -1.554713 
0.091610 1.392461 0.585118 0.369420 2.970444 1.655458 14.920124 
0.100160 -0.385204 -0.173377 0.142855 -5.918752 16.992813 15.195369 
0.329612 -0.562134 0.038739 0.553802 3.558499 5.128047 -9.934060 
0.174903 -0.359076 -1.441678 -0.130000 -11.263048 -2.728769 -7.462848 
0.088879 -0.445108 0.289657 0.150613 2.607428 8.253917 5.895976 
1.382242 -0.143685 -0.448495 -1.113731 11.831004 -10.326718 1.526993 
0.137418 -0.359077 0.034374 0.123740 -14.614227 -7.448510 -17.029027 
0.550522 -0.751953 -0.866958 0.186456 8.086646 -11.887341 10.727377 
0.977405 -0.554350 0.795697 -0.461701 -11.232813 -4.328114 2.641654 
1.078071 -0.144194 0.979582 0.375243 5.016066 6.020891 -0.957397 
0.158053 0.459806 -1.426336 -0.041688 13.759591 -16.788658 1.536744 
0.173348 0.277075 -0.020430 -0.221898 6.246175 2.665933 -1.208710 
0.082934 0.687215 -0.112279 0.621023 6.770320 7.833424 -14.564062 
0.136636 -0.750117 -0.305122 0.725408 -6.867735 -4.656591 5.230036 
0.143734 0.228561 0.306900 -0.307679 -21.777764 -5.810935 -3.206749 
0.441192 -0.330407 0.385187 -0.247586 15.873710 6.195637 0.557937 
0.419927 0.010094 -0.627175 0.034734 11.514808 -8.480096 -13.892294 
0.233936 -0.570610 0.294080 0.653843 -22.152332 -7.198466 -7.858239 
0.472655 -0.461503 -0.485150 -0.452604 6.745211 -4.027638 -1.588049 
0.114863 -0.190660 0.280491 -0.801447 10.446395 -0.415433 -10.660261 
0.090134 0.173070 0.633619 0.149004 -8.927556 5.259136 1.713993 
0.541043 1.408962 -0.201748 0.030580 15.347934 -2.813446 12.402593 
0.282572 -0.904786 -0.196271 0.560826 -8.813451 4.273255 12.267635 
0.115642 1.072718 -0.926206 0.056456 2.573136 -6.237786 -0.095606 
0.081355 -1.257927 0.292186 -1.078022 -19.394118 8.486150 -1.496133 
0.367829 -0.457535 -0.535142 0.430447 -3.093885 15.851578 2.391064 
0.139629 -0.197219 -0.827929 0.008738 8.165371 -5.112323 4.599432 
1.352784 -0.033140 -0.087804 -0.230164 18.286878 -4.308915 -7.934627 
0.125255 0.176339 -0.186085 -0.467352 10.814655 -12.962550 3.470817 
0.401327 -0.141902 -0.631128 1.901017 -1.202596 -2.392139 12.669056 
0.285734 -1.080478 -1.272636 -0.311720 3.525493 -13.540374 3.839148 
0.395651 1.042569 -0.518323 -0.160972 11.038064 0.055582 3.239597 
0.293098 -0.112976 -0.325302 0.645576 -19.356059 6.672687 -0.813314 
0.087827 -0.107366 0.686683 0.514039 17.182969 -5.199081 6.977789 
0.145431 -0.839817 -0.059006 -0.322274 4.521867 12.429719 -17.387604 
0.180115 -1.234320 0.847103 -0.148783 -12.135320 3.323756 8.681800 
0.096200 -0.064588 -0.385325 0.057820 -1.441653 6.922887 4.013701 
0.666776 -1.097397 -0.639533 1.127594 -13.952651 -5.479722 9.546476 
0.204329 -0.185431 -0.026997 0.462006 -11.359101 -10.965325 7.017628 
0.115895 0.022267 0.382331 -0.010610 -2.371519 16.732289 -19.098162 
0.093908 0.003634 -0.425670 0.102608 4.872862 9.350586 19.880155 
1.218377 -0.724261 0.239188 0.573559 7.480637 18.428610 -2.390139 
1.577937 -0.374468 0.010947 0.106195 -19.089419 -7.556173 -12.145024 
0.624013 -0.174966 -0.257912 -0.097751 -9.743766 7.678677 -16.600829 
0.094581 0.601785 0.360909 0.368428 3.771374 -17.384720 -2.010657 
0.082735 -0.014639 0.417964 -0.257247 1.292162 9.506900 22.158614 
0.117562 0.219906 -0.777268 -0.519683 -9.808622 7.924335 -12.354143 
0.104059 0.107367 -0.413385 -0.316051 -1.397954 12.502548 -12.072765 
1.175398 -0.371838 -0.233498 1.257223 -15.831744 -10.969915 6.713013 
0.164169 1.122866 1.918752 -0.641322 8.020694 5.690443 -10.994280 
0.291452 -0.416173 -0.129756 -0.339459 7.088816 -11.657573 -5.440321 
0.206673 -0.645825 -0.748888 0.110027 -7.030877 -8.378369 -0.778051 
1.289324 0.858821 1.510322 0.828221 15.121525 19.296678 -4.615868 
0.086315 -0.490818 0.230241 -0.282536 -4.306094 6.989843 12.157544 
0.235153 -0.205703 -0.558234 0.168925 -3.414082 -13.152800 -9.643789 
0.115719 1.023240 -0.973934 -1.738031 14.513957 -12.783616 -12.144845 
0.363410 0.190141 -0.007419 0.225218 6.051733 15.227554 8.992538 
1.751386 1.246837 -0.036650 -0.097642 2.768871 -6.612905 9.864901 
0.207984 0.230602 -0.019579 -0.292976 20.060567 10.825293 -10.383863 
0.102911 0.626542 -1.195736 -0.027354 8.591131 -1.990760 11.682257 
0.178659 -0.107416 0.769930 0.429744 4.991797 -13.541117 4.668157 
1.266026 -0.273858 0.496358 -0.737718 2.810534 -10.030242 -0.387984 
0.304509 0.046468 -0.345312 0.104859 -19.047406 -9.779023 -14.496869 
0.111776 -0.536818 0.251844 0.044151 -6.302456 9.503677 -3.719914 
0.518423 -1.323552 -0.317122 1.478613 -9.475120 -13.848635 18.698533 
0.412206 -0.392204 -0.126302 0.646173 -22.040865 13.581616 2.108412 
0.151101 0.326398 0.382007 -0.208421 10.767455 10.590789 20.483444 
0.220913 0.097406 0.635583 0.134649 2.233954 -13.885309 5.792518 
1.412488 0.098103 -0.144983 -0.411587 -2.715951 -0.492449 -2.944298 
13.278585 -0.582991 0.454450 0.482628 -7.759209 -11.903834 -0.468431 
1.463321 -0.757656 0.572874 0.234091 1.151214 20.115542 10.281577 
0.120159 0.724676 -0.065706 0.588492 9.411917 11.468273 -6.529463 
0.365350 0.148146 -0.026916 0.451260 5.696418 -15.292716 5.880367 
0.105973 -0.332535 -0.116188 0.267132 7.956251 11.473944 22.506026 
0.295892 -0.226515 -0.030302 0.418964 17.371271 14.226710 14.306788 
0.206326 -0.174948 0.309560 0.141643 17.094077 6.276043 9.088220 
0.093712 -1.249126 0.582903 -0.096120 5.394381 3.804080 1.874631 
0.095148 0.157204 0.353951 0.499693 -8.913281 15.683470 -4.135778 
0.206538 -0.671905 -1.210446 0.399483 -18.800508 -5.317939 4.455894 
0.086877 -0.051308 0.072514 0.105697 -18.587400 -13.212322 -18.856852 
0.089099 -0.311157 -0.658914 0.875940 -6.091762 -9.180039 -5.545297 
0.510706 -0.907161 0.562553 0.393740 0.099731 8.072760 15.601314 
0.209703 1.837682 -0.967783 -0.699629 14.013149 -1.596824 -3.041370 
0.558090 -0.290275 0.360793 0.320300 -0.015046 -21.944440 10.328601 
0.094925 0.089173 -0.089312 -0.392619 2.773682 10.082469 -8.791998 
0.169485 0.062008 -0.242696 -0.715846 1.425917 -10.448805 7.865296 
1.190304 -1.315646 -1.219233 0.431394 -4.051903 -11.341324 3.221680 
0.229716 -0.500896 -0.808343 -0.108515 -6.875148 -7.071002 -0.491742 
0.590880 -0.864109 0.099495 0.061815 -10.741262 12.284972 -8.036968 
0.480535 -0.118076 0.271952 0.111143 -19.579469 5.779812 9.179996 
0.234429 -0.626310 -0.081098 -0.239325 -15.308423 -3.503256 8.254282 
0.582021 -1.159908 0.641072 -0.756591 -6.788162 7.158751 -15.579210 
0.189197 0.424421 -0.548412 -0.487257 -4.524482 4.821599 7.020961 
0.259575 -0.096511 0.296214 -0.951944 16.276547 -0.217630 -1.700858 
0.447006 -0.706496 0.585220 -0.191705 -6.733075 12.529047 -8.770277 
0.147887 0.086812 0.152534 0.310137 14.519027 -14.562951 2.573596 
0.231699 0.053369 -0.187178 0.029610 10.080008 -16.331990 3.993027 
0.453708 0.231081 -0.446277 0.281025 -1.798489 4.054253 6.730644 
0.920339 -0.592776 1.134710 -1.102266 6.495307 7.420960 -6.333688 
0.955703 -0.320368 0.566854 0.379677 -8.504936 5.994902 13.167529 
0.084577 0.175358 0.026897 -0.358636 -10.278702 -15.734468 6.491588 
0.160624 -0.064370 0.679891 0.515763 6.357961 7.577642 7.158337 
1.172148 -0.146394 0.179683 -0.388359 -2.560549 -8.879484 -8.035583 
0.760534 0.099618 2.221032 0.419749 7.933392 14.530847 15.389361 
0.114553 -0.042839 -0.749722 0.421095 16.816531 -0.970922 6.997206 
0.117572 1.105567 -1.400645 -0.126793 8.424694 -21.100721 -4.409057 
0.762149 1.876527 2.945789 -1.912416 22.574769 31.496185 -8.796642 
0.232792 0.284152 -0.240809 -0.260260 -8.144062 20.146936 2.091407 
0.215009 -0.232174 0.086208 0.032910 -7.518511 -9.414757 3.270305 
2.204810 -0.061340 0.701976 0.052582 5.331915 12.153292 -1.393892 
0.129032 -0.692837 -1.178474 3.300750 3.114268 -17.511346 35.322410 
0.374042 0.620984 0.276707 -0.199778 -12.486887 -6.793867 5.697503 
0.205433 -0.490154 0.591003 1.244932 -13.489414 15.302876 -2.878079 
0.160079 -0.259824 -0.134743 0.358421 -17.009716 20.353338 1.015177 
0.136090 -1.093413 0.336441 0.199121 -0.635097 -10.124301 15.181009 
0.119841 0.297597 0.764780 0.649313 -4.791515 5.054333 16.042969 
0.201503 -0.942315 -0.515238 1.738114 -0.658578 -9.937384 7.137671 
0.611073 -0.229313 -0.367234 -0.019374 -16.849762 -1.630520 -14.387651 
0.115016 0.999917 -0.634223 -1.722268 7.131629 -13.286312 -8.334941 
0.399244 0.905849 -0.960587 0.369757 9.265723 -6.018441 8.684004 
0.131342 -0.588029 -0.040812 -1.077928 1.212650 10.802307 1.037657 
0.174201 0.031876 -0.537923 1.294997 -0.932660 12.176394 16.016172 
0.089275 0.631471 0.125884 -0.076517 13.579977 0.583428 2.284830 
0.438872 0.367873 -0.106630 0.294511 10.079615 12.667859 -10.534043 
0.085636 0.494465 -0.399899 -0.277767 -1.978324 -11.475318 -12.439345 
0.582912 -0.223672 0.251488 -0.149283 -12.692690 9.025981 -10.333122 
0.240412 -1.596004 -0.110023 0.826917 -6.815599 -0.387018 18.678587 
0.226021 0.351760 0.252581 0.915321 -14.010852 2.725905 11.306768 
0.107205 -0.284166 -0.045387 0.017160 -3.431071 -16.602508 14.391609 
1.102835 0.226176 0.200057 0.867402 6.578570 7.049036 10.397229 
0.266126 -0.783641 0.887863 -0.504278 -13.990603 1.497052 -10.416872 
0.409423 -0.298160 1.430387 -0.712933 -10.370234 2.619634 -1.715925 
0.089384 0.467096 -0.193384 -0.490517 9.687497 -14.498367 0.173311 
0.113871 0.133280 -0.335706 -0.198119 10.144345 8.481647 6.715936 
0.746267 -0.049502 1.683275 -0.324792 -3.789734 1.119668 -6.822427 
0.219386 -0.203207 -1.250431 -0.556269 12.571694 -12.161819 -2.549447 
0.439077 -0.336896 0.137386 -0.747647 -16.835423 0.606465 -3.721550 
1.444015 0.302283 -0.190215 -0.087751 -15.078153 8.163290 -2.504682 
0.102731 0.574755 -0.683974 0.525191 3.942038 11.426639 -3.062036 
0.202560 0.159728 0.240635 1.305368 14.962474 10.057549 5.916149 
0.091773 -0.075220 0.076667 -0.140449 3.417572 -15.984879 -2.303895 
0.159646 -0.803291 0.436159 -0.743188 -0.467741 -9.220021 3.545191 
0.210510 -0.586451 0.183836 0.192066 -14.685739 -18.942262 1.186432 
0.129464 -0.157734 0.448750 -0.182231 -7.768280 -22.238641 0.804044 
0.235395 -0.475242 -0.049736 0.289954 7.522380 20.401090 -16.481802 
0.392760 -0.049160 -0.170136 -0.415082 -16.450687 -12.277172 6.737156 
0.340464 0.093613 0.660632 -0.874392 4.182144 10.118388 8.470762 
0.558675 0.724149 0.131906 -0.034935 9.344237 13.345430 -10.119357 
0.269181 0.151726 -0.213390 1.248713 -0.515643 1.866285 8.333013 
0.080832 0.235418 0.769507 0.986100 -1.163277 0.919617 16.036429 
0.161454 -0.557180 -0.247124 -0.185281 -18.795419 5.361288 -2.426905 
3.272843 -0.255422 0.347114 -0.101262 -5.141686 11.449599 1.591311 
0.126733 0.308504 -0.682744 -0.245725 -16.272176 -10.739688 1.078879 
0.147442 -0.596934 -2.268475 -0.523496 -2.815614 -22.898847 0.524850 
0.234874 -0.440228 0.611744 0.035753 -5.146872 -1.362945 20.631531 
0.088322 0.046311 0.449798 -1.209564 -12.153866 4.988556 -7.782723 
0.124823 -0.129152 -0.002168 -0.328522 -11.938086 6.939600 19.879322 
0.134972 0.933579 0.844295 0.407129 3.685544 3.288008 -4.017286 
0.114632 -0.182867 0.409137 0.258519 -6.030154 17.008261 -15.783685 
0.145861 -0.046919 -0.228070 0.123521 13.372459 9.858134 -14.736820 
0.263366 -0.201139 0.286040 0.249610 -4.395306 10.673576 25.336517 
0.973808 -0.352553 0.481258 0.013103 -16.003632 16.652185 -1.232714 
1.966409 -0.391088 0.305131 -0.200600 -13.833184 0.108891 3.452278 
0.137245 0.203649 -0.053294 -0.433087 13.122395 0.222577 13.426135 
0.175886 -0.291986 -0.214139 0.278672 4.995529 -6.465271 14.801357 
0.427154 -0.380833 -0.472306 0.592773 7.280225 -12.007567 -5.223924 
0.305641 -0.420325 -0.354892 -0.418784 5.850844 -16.109794 4.034800 
0.126873 0.056290 -0.116547 0.254510 -4.927239 11.357038 4.753450 
0.202129 1.369402 -0.418028 1.306468 4.134290 1.095836 17.408293 
0.103947 0.386094 0.983271 0.075657 -14.282802 7.287887 6.504843 
0.160192 0.830233 -0.700888 0.558980 13.001707 8.172435 4.182278 
0.087931 -0.578073 -0.110845 0.360386 1.568857 5.856547 23.262436 
0.201166 -0.776145 -0.420644 0.611055 -5.406276 -10.873500 7.831330 
0.129271 -0.638831 -0.204604 0.166529 -14.477390 14.089676 -14.264168 
0.244547 -0.272862 0.009637 0.660691 9.176202 -2.211585 13.100464 
