0.202999 -0.173238 1.082349 -0.861130 -1.412554 1.858754 -5.782769 
0.583882 0.580804 1.713270 0.689623 10.553030 2.989593 9.833178 
0.585149 -0.022249 -0.044123 -0.869705 -7.342331 1.160139 -14.454736 
0.085689 -1.248154 0.235473 1.536550 -9.710889 13.581692 5.555142 
0.090936 -0.514623 0.709193 0.145328 -12.423139 -1.860031 6.827165 
0.457888 -1.143200 0.045606 0.513584 2.876829 -10.406061 -9.951224 
0.179449 -0.830732 -1.388003 -0.840320 -1.098506 2.604752 -0.132489 
0.103175 0.877086 -1.739492 -0.369304 -2.266621 -7.457215 5.379325 
0.199182 3.389150 -1.235869 0.708815 12.115818 -8.447411 2.878768 
0.109107 0.612843 -2.081468 1.045048 -1.627902 -1.928414 5.302377 
0.232498 -0.461102 0.532976 -0.390114 -6.632982 15.414197 -0.408978 
0.683878 -1.012513 0.355313 -1.534589 -9.373621 -6.868174 -0.564028 
1.809017 -0.074472 0.339451 -0.004120 -5.536143 2.451979 5.612812 
0.133767 2.390658 1.416810 -0.159546 13.641509 3.719211 5.921631 
0.207935 -1.395207 1.654330 -1.295747 -2.150742 11.503659 1.818557 
5.586845 0.206955 0.454945 -0.263657 -4.958126 3.832562 6.165859 
0.099031 0.030091 0.914289 0.897717 0.540400 15.274530 -4.216129 
0.095457 -0.799332 -0.075611 0.356253 -0.378783 7.643492 -11.473200 
0.166412 0.222307 0.024261 -1.436565 -3.842058 -10.656779 -3.612775 
0.401973 -0.073648 -1.960515 0.440696 4.977317 -7.902957 10.518252 
0.149690 -1.076663 0.277704 0.715222 -13.974946 -5.650804 -6.664737 
0.135040 0.660254 0.480920 0.242588 4.446355 -4.814951 5.194292 
0.230700 0.625614 0.939768 -1.017432 -6.678978 6.554061 4.055224 
0.296048 -0.319514 0.747461 0.557113 -6.670999 21.878851 -1.019136 
0.089040 0.049640 0.207058 -0.290845 -10.848562 14.294770 -8.621885 
0.218861 1.560351 -0.800635 -0.525865 5.397280 3.022373 1.745211 
0.780326 0.810644 -1.110170 -1.165350 -2.773822 -7.686599 -1.558016 
0.110177 1.187958 1.781859 0.567311 -0.538097 3.638747 9.470628 
0.308745 1.884711 -2.234945 -1.192545 9.320210 -17.815157 -5.572605 
0.930095 -0.277223 0.123576 0.164843 -13.899976 -3.099254 8.366412 
0.154448 0.368404 0.680064 0.278888 -5.972961 -5.701815 6.823686 
0.449860 -0.653635 0.593490 0.750258 -7.544241 -16.215655 1.988954 
0.194281 0.637745 0.222902 -0.338876 9.375873 10.944144 -12.232032 
0.121470 -1.292130 0.138581 1.439849 -11.866032 -7.608728 -3.418194 
0.388680 -0.163921 0.847558 0.320877 -7.808221 -0.442059 18.166187 
0.552874 -0.010184 -2.325136 1.083814 -6.286346 -7.089504 10.791850 
0.107074 0.125679 -0.470779 0.488788 -1.832980 -9.292234 -11.379588 
0.218546 1.103476 2.039102 0.165753 -2.480373 4.279158 -1.693671 
0.118025 -0.740968 -0.679229 0.606098 0.180490 -0.828199 10.610401 
0.176826 -0.840897 0.292958 0.414732 -4.754675 10.169035 -14.197941 
0.123628 -0.255195 0.159173 -0.332384 -3.980184 11.593181 19.225635 
0.103987 1.800729 -0.256685 3.214691 14.513306 5.366994 15.770859 
1.612405 -0.459965 0.254930 -0.419237 -0.178993 5.931518 -7.242619 
3.952128 -0.342892 1.717752 0.705186 0.614823 -5.215675 6.490400 
0.090817 0.122741 -0.149772 0.077490 -11.526709 2.945040 2.643274 
0.094271 -0.403394 -0.679376 0.357606 -16.061077 -11.018270 5.819330 
0.105198 -1.158322 -0.443260 -1.504897 -11.913144 0.675445 2.116082 
0.122132 -0.194431 0.217512 0.057749 6.829014 8.037250 -0.431729 
0.167817 -0.857796 -0.587729 0.579523 -8.945228 12.989243 9.094753 
0.138488 -0.511453 -2.947860 -0.060895 1.213520 -11.696800 6.237379 
0.701272 2.787532 0.379059 -1.152977 22.154718 1.542117 0.776003 
0.367183 0.019550 -0.494803 1.499780 -0.536483 -8.485804 -3.609086 
0.116639 -0.308826 0.185830 0.062511 -10.065134 19.797348 11.302051 
0.156405 -0.957870 0.307948 -1.205554 -1.163726 -0.099448 -0.263670 
0.118162 -1.082835 0.856880 0.417768 -14.622459 3.246863 -3.676168 
0.151293 -0.312607 0.207017 -1.194309 -4.455358 4.680482 -0.754911 
1.456612 -0.233056 0.305634 1.313635 1.853146 0.805471 3.754613 
0.095248 -0.113867 -0.450145 -0.113485 -4.845664 -4.887950 10.863606 
0.298886 -0.757791 0.574740 1.233129 -6.303870 2.758422 3.748127 
0.512636 -0.388504 -0.510020 0.804475 -3.012909 -13.036711 -0.284187 
0.121466 1.802009 -2.400110 -2.890090 11.950032 -11.254378 -10.870567 
0.863813 0.141538 -0.121746 -0.296989 11.870529 10.045334 9.217717 
0.283593 -0.340031 0.236987 0.725192 7.673084 10.388977 11.375919 
0.114183 -1.444136 1.135867 0.196526 -9.644001 -2.827110 7.193875 
0.387857 -0.567234 -0.198038 -0.663302 -1.904629 8.071942 -10.344600 
0.102340 -0.985465 -1.238864 2.029666 -6.188836 -10.415633 6.561470 
1.423034 1.409988 1.083151 -0.193940 6.459289 -6.356414 -2.292977 
0.118440 0.280249 -0.378256 0.007861 -6.352803 4.477934 -19.300070 
0.087317 -0.695867 0.587690 1.193737 -2.259621 6.830662 1.373042 
0.115648 -0.195461 0.153956 1.367424 -4.223060 10.069874 -0.492240 
0.335498 0.658838 -1.487594 -0.248720 5.943495 -1.290050 -11.466273 
0.109210 -0.539378 -0.181710 -0.127453 -1.003107 -6.902109 21.567614 
5.398343 -1.116118 -0.073478 0.065824 -4.608716 -3.957490 -0.940073 
0.438696 -0.095679 -0.832817 -0.850256 8.456745 -0.082075 -5.430654 
0.102783 -0.539764 -0.379754 0.716782 -10.006947 6.302440 -1.309356 
0.317653 0.623004 2.631851 -2.085346 -3.502231 17.495793 -7.535011 
0.117399 -0.478391 0.298576 0.392428 1.358543 -11.931354 -3.509429 
0.135796 2.821470 -0.986870 0.686167 10.299875 -11.738200 3.953274 
0.139152 -0.420214 -0.159393 0.197548 -7.622744 -18.463616 1.475611 
0.081844 -0.614348 0.475360 -0.466959 -15.586491 4.227697 -3.028412 
0.210768 -0.483626 -0.079301 0.614699 -2.117700 1.367168 22.031725 
0.087151 0.537458 -0.319762 3.145545 9.283460 -4.221879 15.868638 
0.247564 -0.882253 -1.779039 -0.492730 -9.767942 -6.697836 -9.547838 
0.118055 -0.038331 -0.403304 -1.743160 -6.096690 7.073171 -3.877828 
0.133708 -0.092728 -0.084342 -0.061862 11.680373 22.843909 5.902776 
0.137951 0.294496 0.457067 -0.389750 11.185932 -0.998580 10.092727 
0.295736 0.288937 2.034119 0.290191 -5.255100 2.535565 2.484073 
0.093592 0.389501 -0.173844 -0.527004 2.343932 -6.190821 -0.430002 
0.180968 -0.736858 -0.335232 0.673610 -12.502532 -15.850391 6.738889 
1.058781 -0.386021 0.773640 0.682617 -13.925628 3.207922 11.376707 
0.086350 -0.098601 0.356456 0.072520 -5.761617 -3.594108 -14.561348 
0.263354 -0.720527 1.059205 0.098439 -7.615405 16.457573 -3.849495 
0.556778 -0.556681 -0.153596 0.899429 -14.357207 7.169724 11.761026 
0.139284 -0.904474 0.366530 0.747997 -14.491114 -3.946277 8.143077 
0.478468 -0.732785 -0.234752 0.498220 -12.458603 -3.991991 16.388439 
0.165293 -0.529044 1.004485 -0.220966 -4.791808 1.134862 1.953767 
0.493788 0.604297 -0.065790 -0.956504 1.927971 0.140241 2.399494 
0.252788 -0.200265 0.401024 0.917636 -16.740907 0.910737 17.920979 
1.145613 -0.210293 -1.338352 0.708975 -10.695703 -2.942499 -1.595375 
0.388183 -0.075838 1.182732 1.579560 1.715726 5.643028 0.803605 
0.094407 -0.751214 0.883720 0.439034 -5.135528 6.023933 1.341273 
0.126740 -0.462374 0.675726 0.296263 -3.458268 -16.451861 2.468869 
0.323270 -0.137549 0.504111 -0.573309 5.669604 10.006173 4.961301 
0.198042 -1.591066 2.652377 0.167544 -13.264312 8.437753 4.352729 
1.167561 0.290320 0.407970 -0.653801 -6.448390 11.240033 -12.138367 
2.697368 0.424783 -0.090078 0.780877 -3.747016 -5.420301 3.790884 
0.376011 -1.528924 0.138099 -0.124749 -3.480252 8.111995 4.739949 
0.588263 -0.472447 0.566035 -0.993914 -4.334644 11.247348 -5.429327 
0.138650 0.003840 0.918627 0.738075 -11.848137 -1.106430 16.336531 
0.373816 -0.082951 0.601867 -0.199878 -2.746181 8.308317 -21.632424 
0.401930 -0.375761 0.619455 -1.026957 -1.731796 -5.554813 5.614363 
0.263064 0.149239 -0.183448 0.523086 -11.872551 -7.049704 5.059838 
0.459762 -0.710953 0.656074 1.146542 7.824603 14.889592 4.175571 
0.328088 -0.814087 -0.246900 -0.132836 -7.035512 -13.134362 1.779474 
0.860282 -0.917778 -0.592893 0.201043 5.624938 -0.712378 3.698980 
0.273055 -0.387746 -0.617325 0.634018 -10.070122 5.263823 -1.810266 
0.396253 -0.899116 0.280238 -0.086769 2.489979 16.550868 5.844901 
0.246288 -0.692004 -0.120107 0.350572 -4.646241 -15.646161 2.027203 
0.730294 -0.581219 0.027817 0.093364 3.319478 -4.014577 -4.910135 
0.278430 -0.804299 -0.080414 0.236006 -4.252364 -18.805051 -7.025375 
0.151503 -0.090973 -0.689057 -1.962407 -3.799489 3.138086 -10.083975 
0.100432 0.446504 0.762679 0.400360 -11.360387 6.298695 9.571456 
0.082624 -0.966958 0.776805 -0.114517 4.265096 17.052773 -8.113422 
0.114711 1.301656 -1.068417 -1.646640 1.240702 -11.270377 -2.181113 
0.192666 -1.000795 0.073179 -1.229542 -14.427323 4.150652 1.091284 
0.287114 1.079896 -1.515675 -0.034163 4.278162 -4.251841 -11.409357 
0.585359 -0.188569 -0.167699 1.086071 -12.987608 -9.093401 -1.392798 
1.376095 0.346332 0.122630 0.095725 -9.294405 10.644616 3.132199 
0.431641 0.660672 -0.033264 -0.798072 -6.779890 14.082932 -0.536995 
0.136683 -0.391369 -0.308850 0.344131 1.827331 -8.115891 -2.187469 
0.323241 -0.428916 -0.175586 -0.584352 -18.171651 7.133451 -3.302601 
0.391024 -0.510357 0.519501 -0.286664 11.182564 4.401045 0.442299 
0.112116 -0.268387 0.150690 -0.064151 -5.504213 -14.379772 7.711292 
0.116547 0.164667 0.325852 0.289738 -2.452045 -17.828822 9.082432 
0.952396 -0.912056 -0.121930 0.111724 -10.529794 13.472469 6.526257 
0.374161 0.163989 -0.925422 -0.144348 9.364675 -3.435012 6.979462 
0.178419 -1.261555 0.331128 0.008759 -14.392269 6.261691 -4.721803 
0.192961 -0.436237 0.420349 -1.877980 -10.620919 -5.288888 -8.719531 
0.763069 -0.040287 0.063944 1.094772 0.167971 -5.904227 -1.206636 
0.181019 -1.539765 -0.163950 0.302207 -16.514875 -8.204411 -9.525343 
0.393969 1.947546 3.030472 0.511663 10.632465 22.075618 9.275233 
0.408300 -0.441096 0.064993 -0.081080 -16.371617 6.500538 3.303367 
0.506972 -0.397293 -0.841938 -0.586427 -13.357661 -5.983211 4.394326 
0.168852 0.151743 -0.098737 0.954541 -10.289370 15.669918 6.670844 
0.196085 0.599625 -0.280550 0.049252 5.200575 -4.469881 0.501806 
0.836938 0.789461 -0.381311 -0.590322 -9.255989 8.094615 -4.644280 
0.701221 -0.221507 -0.988184 -0.376870 -7.625962 -3.669654 -4.859543 
0.263429 -0.389547 -0.290392 0.116201 -8.821868 -16.404876 -3.009407 
0.151360 0.086294 -1.071971 2.145393 -9.809558 -5.940611 5.765122 
0.449375 -0.224647 -0.448087 -0.095529 -9.443600 -10.218621 3.237194 
0.108928 1.309267 -0.568056 1.207990 1.055052 -12.749866 2.037399 
0.090465 0.582599 0.373973 -0.464819 7.314896 8.365892 -17.766346 
0.531060 -0.425072 1.634399 2.435634 -9.279852 9.871794 6.027792 
0.272013 -1.319465 0.221588 0.799431 -5.504641 -7.992181 -4.509931 
0.127889 -0.813053 -0.070431 -0.014147 -17.890607 4.709207 8.675462 
1.070260 0.017531 0.265854 0.271020 3.226089 13.124323 6.232104 
0.111702 -0.678402 0.526845 0.981442 1.759555 -1.405454 20.261999 
0.275275 1.420161 -0.331131 0.537354 4.267632 5.556144 0.273071 
0.433814 -1.114284 0.044677 0.463619 -7.327854 11.462789 6.261295 
0.121123 -0.790828 0.274013 -1.352890 -7.808346 11.584594 -3.957457 
0.604561 -0.631951 0.770057 1.007881 6.506228 -7.921534 11.694795 
0.672200 0.219588 0.568377 1.604498 -10.220276 5.503513 5.929534 
0.485099 0.513035 2.243312 0.996890 -0.622891 3.807349 7.441508 
0.088968 -1.867767 0.788438 -0.043458 3.337082 7.136314 1.840569 
0.372330 -0.544015 -0.570282 -0.006268 2.371186 -4.411622 10.487030 
0.427499 0.665034 -1.005586 1.852324 10.463963 -6.537912 1.388290 
0.148166 0.137861 -1.363317 -0.536069 -8.494900 -3.430783 2.634682 
0.205405 -0.095725 -1.446772 -0.675852 0.803142 -1.747324 4.672322 
0.273438 0.506604 0.843135 -0.118910 -7.602302 13.363543 -2.521034 
0.257004 0.915053 1.008559 -2.126947 2.404845 14.127843 -8.726732 
0.083821 -0.444722 -0.268733 0.681763 0.032994 -2.420382 -9.202927 
0.673429 -0.014411 -0.075424 0.812598 2.123723 6.386774 -13.297054 
0.093338 0.264612 -0.798445 0.960107 2.317173 9.361406 -4.782182 
0.097693 -0.290468 0.621530 1.212070 -6.094978 3.955386 4.245048 
0.081727 0.216200 0.870972 0.507162 1.595743 12.790392 -0.773665 
0.417045 0.012396 0.225159 -0.112924 -18.311173 2.649322 6.317316 
0.387177 0.456568 -0.031225 -0.011940 13.201625 3.118828 1.250733 
0.350927 -0.669672 0.921404 -0.093608 3.886296 19.423978 -3.339366 
0.081891 -0.829683 -0.142150 -0.598243 -9.924972 0.296373 13.921537 
0.111530 -0.777311 0.355874 1.964640 -1.928285 -1.728007 7.229735 
0.729211 0.196642 0.397476 0.065415 -7.446370 3.950600 6.180742 
0.081209 -1.030340 -0.059482 -0.114270 -17.098295 3.807324 -20.510638 
1.066327 -0.212783 0.620674 1.049519 -11.617750 -4.109779 14.339555 
0.844840 -0.600385 0.535622 0.181168 2.328286 7.066463 -6.337251 
0.286414 -0.339235 0.319230 -0.654602 -11.782909 9.463875 -12.582951 
0.108220 0.222496 -0.465441 -0.185289 -10.655410 -6.490511 -4.300228 
0.106446 1.515654 0.055362 -0.051227 7.819156 8.897567 0.156113 
1.618982 -0.986493 2.909481 -0.465737 -12.006977 10.955283 -6.656791 
0.126190 -0.584742 -0.309818 -0.419239 6.690594 -0.611833 7.351593 
0.666898 -0.559259 0.201083 -0.136740 -11.179317 6.067605 -8.412108 
0.355266 -0.922050 0.218350 0.684356 -13.677704 1.608573 6.061119 
0.365762 -2.781487 -5.559944 -0.292412 -19.012705 -31.409703 -4.768405 
0.430606 -0.395093 0.536502 0.077307 -16.441263 -10.979973 -2.048951 
0.100431 1.006921 -0.525643 0.742579 11.991676 8.403139 -5.407013 
0.189647 -1.084222 0.578847 -0.232567 -0.160117 7.536184 -9.334598 
0.132254 -0.582067 -0.637327 0.640633 4.516888 -2.930138 -3.918290 
0.500139 -1.511205 -0.374589 -1.564006 -11.777562 3.097345 -2.522860 
0.175237 -0.774486 1.306762 -0.874061 -12.260769 2.537157 -1.447465 
0.123696 -0.742497 -0.313058 0.436551 -9.272982 -14.916387 -6.246805 
0.195281 -0.637993 -0.372594 -1.359253 -1.518575 7.807940 -5.661003 
0.599939 -2.416101 -0.205861 -0.071844 -15.586009 5.241501 -8.679269 
0.192741 -0.553895 -0.088170 0.521066 -5.805387 9.350435 -5.696781 
0.200778 0.888509 -0.309269 0.087494 -8.002402 -12.716602 -1.242688 
0.177472 -0.312358 -0.932071 -1.302516 -4.488090 7.281655 -10.261561 
0.127855 0.343927 -1.387443 0.037056 -0.660818 -0.449166 -7.215408 
0.220526 -0.103430 -0.475847 0.810312 -2.674453 3.698235 -2.730277 
0.627642 0.653697 -0.215065 0.401595 -1.670661 5.372781 -4.702069 
0.637465 -1.135551 0.871934 0.645418 -8.863014 9.751931 5.218787 
0.169117 0.196415 -0.684157 -0.535542 3.391055 8.429330 11.462562 
0.114784 -0.033933 -0.826976 -0.151305 4.456511 3.967206 -7.502502 
0.135557 0.145464 0.774259 0.818963 -2.399362 -0.486665 -0.748401 
0.579415 -0.411124 0.212061 0.906411 13.565317 8.943675 5.833359 
0.624848 1.688206 1.615892 -0.337280 9.318816 8.189979 2.689923 
0.385484 -1.473683 0.561477 1.175103 -1.807960 -6.716083 7.966735 
3.082417 -0.274321 0.261092 -0.059178 9.833275 3.291139 -4.030265 
0.310489 0.134128 -0.195396 1.581918 2.673154 8.573448 10.902332 
0.457154 0.085669 0.307391 -0.509636 -5.064129 -6.448861 -4.763948 
0.279294 -0.288806 0.018141 -0.522737 8.146998 -2.243989 -11.468501 
0.089763 0.022729 -0.328839 -1.072326 -5.757861 4.947504 -5.849771 
1.249225 -1.079447 0.798332 0.609380 -2.906776 -5.132406 8.420971 
0.163561 0.844220 -0.863021 -0.185323 -1.734062 1.582690 -4.195648 
1.702665 -0.321377 0.549192 1.187552 3.064594 -2.439429 -3.007933 
0.087567 0.581657 1.601764 -0.222105 5.273827 1.525923 0.674567 
0.192231 -0.411223 0.352935 0.042307 -13.650287 -9.643405 -3.270568 
0.122081 -0.563351 -0.517408 -0.665866 -18.180649 -1.340343 0.538216 
0.088452 -0.092494 0.370198 0.565656 -4.044944 18.131192 -6.022291 
0.470758 -1.091470 -2.327851 0.659702 -2.747390 -4.420658 6.497790 
0.196106 -0.400485 0.400711 0.316844 -9.939454 0.296937 -3.211429 
0.163499 1.896089 -2.911339 -1.050948 13.500147 -15.818353 2.285728 
0.080867 2.403007 2.034962 -2.738442 20.757431 15.755002 -11.056252 
0.223604 -1.353809 0.050908 0.693420 -9.184214 1.514748 -3.700335 
0.155926 -1.204903 0.216481 0.909008 2.292811 -4.620712 -4.801102 
0.238387 -0.554652 0.058864 -0.725013 -9.619983 -12.900680 0.708596 
0.106154 -0.509982 -0.259352 -0.626924 -9.576421 0.947369 4.374871 
0.169911 0.416746 -0.351548 0.062040 5.175558 -9.706512 16.133196 
0.113329 1.005190 0.878090 0.976001 -1.426218 0.912966 14.304981 
0.192419 1.525065 -2.474506 -0.766816 3.208799 -18.092933 -7.275112 
0.594225 0.199104 0.482879 0.498759 2.470321 11.191100 15.304809 
0.085164 -1.018678 -0.108984 -0.261116 -8.114744 -0.928428 14.058373 
0.117057 -0.439410 1.014670 0.508764 -4.594458 4.323598 8.151557 
0.205043 -0.056183 0.805744 -0.360436 -7.766959 2.966603 -0.831992 
0.234649 1.030970 -0.367600 0.399412 12.460640 7.987952 -4.499640 
0.487672 0.145144 0.813755 1.358451 -1.151814 1.234973 7.085224 
0.223182 -0.897658 -0.666120 0.004404 -13.433899 0.742414 4.876333 
2.476904 -0.436226 -0.559850 -1.059606 5.172674 8.117401 -7.487768 
0.441734 0.441412 0.561206 0.311100 -11.565115 3.641215 0.380079 
0.230397 -0.499384 -0.289701 0.112183 -23.153655 -6.874094 -12.252546 
0.689100 3.166013 1.834827 -2.264616 20.209382 6.721556 -8.910527 
0.815528 -2.471622 0.518915 0.896100 -9.580519 -2.887834 9.518503 
0.161492 0.363986 0.321524 -0.385024 -1.930346 -12.131126 -2.314927 
0.542296 2.678582 -0.995683 -0.533109 7.067868 -7.079197 0.344727 
0.146522 -1.123521 -0.283488 0.318164 -15.234344 -8.473003 -14.157541 
0.256037 -1.253223 -0.498001 -0.780264 3.838066 -8.876657 1.080451 
0.887681 -0.652318 0.267726 1.257369 4.874548 12.789154 -5.404651 
0.101372 -0.151757 0.302898 -0.392524 -5.506080 -8.773349 -7.834290 
0.141931 -0.594835 0.309156 -0.033865 -17.594737 -11.418712 -5.822632 
0.178446 -0.924788 0.800802 0.604959 7.090320 -1.277398 -1.642810 
0.083374 0.064816 -0.086777 0.170543 -11.012066 8.821600 20.039208 
0.376685 -0.014202 0.081099 0.776097 3.863211 7.275419 -15.760575 
0.585808 -0.876033 -1.248308 0.783600 -11.557403 3.921690 5.229323 
0.102075 0.497964 1.297734 0.310889 3.047916 5.132295 -5.574225 
0.086694 2.003714 1.606333 -0.024721 13.423721 7.048190 4.632002 
0.654455 -0.039940 0.138012 -0.439009 -2.925879 5.447835 -10.105538 
0.442796 -1.072755 0.174399 -0.013931 -5.448295 3.070299 16.203494 
0.103990 -0.349769 0.650085 -0.233050 5.397088 -11.349252 8.004963 
0.137893 -1.265523 -0.256413 -0.063174 -9.122628 5.365217 -0.745611 
1.044939 0.729389 0.178478 -0.288510 -8.469721 4.064494 3.323783 
1.025335 0.565100 -0.021931 -0.552127 3.985191 7.543032 0.204853 
0.472835 -1.779557 0.401180 1.083225 -11.610541 5.174043 -4.984442 
0.672168 -2.645112 1.115250 0.895079 -14.238315 0.635316 13.114028 
0.208490 -1.999401 -1.596993 -0.208492 -3.969435 -10.245950 -0.869068 
0.292610 -1.236116 2.126115 0.973381 -3.631000 6.850459 11.479124 
0.111344 -0.289783 -0.193690 1.567166 -1.302541 5.052034 3.124543 
0.466067 0.192893 0.712060 0.321535 -7.991974 9.083310 -9.139050 
0.112109 -0.715464 -0.594702 0.251633 0.244420 -2.212265 2.597892 
1.021373 -0.711381 0.027909 0.228516 5.782584 2.051874 -11.311997 
0.247245 -2.449165 -0.757752 1.659716 -19.137635 -1.587093 9.807639 
2.937998 -2.893290 -1.016175 0.578028 -10.186218 -7.375520 9.467196 
0.112201 -0.365355 -0.660021 -0.343355 -12.989323 4.346787 -2.640350 
0.941373 0.144084 0.247738 0.070049 -3.041323 -12.696889 2.988178 
0.186332 1.128597 -0.121713 -1.130502 2.846256 3.561232 2.237273 
0.206312 -0.306384 0.699388 0.330956 7.319859 4.155087 14.651896 
0.087521 -0.252481 -0.007686 -0.042851 -9.547216 -15.862824 -16.754240 
0.337060 -0.489606 -0.708836 -0.073503 -10.990958 4.011850 3.400419 
0.506829 0.817794 0.406756 1.352275 6.772938 5.268272 0.223586 
2.506229 -0.270595 1.580404 -0.174607 -13.285031 0.184196 5.913287 
0.109658 -0.047521 -0.059585 -0.810022 -10.721142 -0.551406 -0.584686 
0.093631 -1.113632 0.769713 0.487156 -2.494304 5.604763 2.749871 
0.994606 0.256640 0.067467 0.539157 -16.388790 7.866571 -3.014698 
0.184780 1.761635 2.569957 -0.024384 3.653400 8.758175 -1.800264 
0.113864 -0.180386 0.716726 0.416403 -3.875840 4.572086 10.538367 
0.500571 2.762611 -0.566837 -1.653660 19.291268 4.415872 -8.103778 
0.375402 0.279463 -0.199095 -0.143537 -4.631940 3.139402 -17.821082 
0.121279 0.113208 -0.020290 -0.794251 -13.203552 1.143315 -11.359566 
0.437171 0.571958 0.145263 -0.976333 -5.693765 -1.726155 -1.416425 
0.420529 -0.324398 0.729865 -0.153894 -12.047393 6.854341 1.965435 
0.140832 -0.378041 0.530749 0.448617 -8.923775 10.052104 -7.761527 
0.317286 -0.617831 0.346911 0.138154 -9.367472 -11.235964 7.804137 
0.092539 1.210137 -0.575982 -0.396555 -4.824723 -5.193113 7.919757 
4.198783 0.237355 0.367145 0.220015 3.995756 2.783712 7.911236 
0.435794 -1.445349 0.241383 0.335950 -18.231627 -2.798188 -3.351749 
0.299195 -0.608598 -0.631491 0.320768 -6.577001 3.693829 12.277887 
0.366428 -1.218379 0.135944 0.785633 2.153584 -6.271089 15.157816 
0.300202 -0.604553 0.107142 -0.128595 -4.834590 -8.026942 10.814238 
0.585186 -0.313840 0.410083 1.374427 -5.344732 13.849421 9.010464 
0.524509 -0.401229 -0.364513 0.213620 -2.884733 16.145493 0.084359 
0.292083 0.369316 1.915601 0.715637 1.698616 -0.557478 11.487719 
0.107699 -0.501900 1.721791 2.010040 -7.074997 2.308574 11.297991 
0.744916 -0.705666 2.537231 0.661713 0.084316 14.633028 0.664835 
0.131940 -1.144987 2.462128 0.340745 -8.456685 8.987097 2.006195 
0.104491 -1.886383 -0.415225 2.025208 -14.537228 2.589986 11.363432 
0.504475 -1.118389 0.388174 0.512228 -8.039618 0.388821 3.886267 
0.159200 -0.310736 0.508401 -0.606994 3.168771 5.747357 -1.751404 
0.144224 0.656407 3.141301 -0.532855 -1.855238 14.924009 4.281316 
0.221063 -1.011172 0.118004 -0.473087 -13.870646 -8.883274 8.411179 
0.339783 -0.426316 -0.418516 0.535312 -0.404754 6.178367 11.830281 
2.985742 1.489710 0.373352 -0.114034 2.680396 14.883808 -4.773440 
0.098040 0.088789 0.698447 -0.685922 1.762073 8.887049 2.494613 
0.364111 -0.987828 0.163930 -0.556059 -1.599414 10.231727 -2.234765 
0.144886 0.610535 0.407378 -0.205701 -4.800169 -3.470498 -9.382748 
0.360597 -0.237512 0.572268 -0.212106 0.545273 -5.632014 7.160503 
0.254317 -1.357630 0.001919 -1.110362 -1.613385 -7.253758 4.236703 
0.555913 0.225891 0.788840 0.023670 -6.097448 13.024358 1.180268 
0.416651 -2.710028 -0.292640 -0.439270 -10.168230 -5.684416 -5.695767 
0.151008 -0.194912 1.696216 1.623390 0.621189 2.068461 0.173700 
0.577563 0.013153 0.244453 -0.379637 -0.196634 -5.786622 11.029421 
0.141965 1.757954 0.483327 3.411294 5.459214 -0.358558 21.008247 
0.120024 -1.138146 0.538821 0.483719 -12.958059 8.840781 -6.127281 
0.182852 1.622763 -0.653425 0.087402 10.112665 4.493110 -2.116435 
0.189724 -0.138701 0.401748 -1.272130 -6.656112 5.084292 -3.639390 
0.150160 0.116777 -1.369112 2.059396 -3.949326 -7.786500 12.581519 
1.373741 -4.006780 -0.498025 1.809855 -19.870641 2.163927 8.645102 
0.283453 0.240714 0.114366 0.489935 -8.378352 11.197392 -10.660359 
0.170281 -0.239385 0.847799 0.883944 9.560637 15.147843 1.256726 
1.505698 0.206220 -0.166009 0.093823 15.498552 -14.727572 -5.114826 
0.360047 -1.122696 0.029933 -0.434862 4.215632 -5.867943 2.506803 
0.588861 -0.979689 0.541179 0.470317 -5.214091 17.887171 9.526092 
0.381565 -1.104449 0.413732 0.553792 -2.389829 17.274336 -0.408418 
0.166121 -0.380271 -0.884895 0.064863 -2.424228 0.082700 4.232490 
1.652096 -0.864710 0.810692 0.134551 -11.383328 9.688130 -0.940321 
0.215498 2.887176 -2.110838 0.774858 15.995538 -5.665053 0.760686 
0.524663 -0.277431 -0.143282 0.201904 -1.703542 -7.648319 -13.659526 
0.489037 -1.276139 0.855831 0.040781 -7.058046 -0.634997 7.901336 
0.247044 -1.002743 0.211463 -0.185702 -8.008858 -2.707159 -17.961015 
0.408569 0.439557 0.568303 -0.296297 9.297369 -0.676567 -13.996106 
0.429966 -0.573996 -0.107513 -0.084760 1.136754 -9.447822 -2.470288 
0.205030 1.384664 -1.213208 -0.024029 -0.371486 -5.884562 -3.446728 
0.104504 -0.182181 0.313805 -0.211642 -15.785568 2.845918 15.724683 
1.704172 0.317281 -0.517206 -1.602990 -3.944344 6.221728 -1.943142 
0.208973 0.682485 0.773845 -0.957470 -0.844501 -6.385148 2.595967 
4.631110 -1.343632 1.191727 1.337353 -0.847873 -3.666721 8.577691 
0.135103 -0.340528 -0.216444 -0.330811 1.665262 7.310470 8.139285 
0.169606 0.421176 1.288638 -0.003041 -4.525150 4.708427 -11.267308 
0.567692 -1.582075 -0.754936 -0.468512 -6.177214 -10.042916 5.042414 
0.214292 -0.434604 0.184157 2.027757 -8.407226 5.882156 8.868782 
0.450345 -0.024037 0.800621 0.771307 2.712889 7.941835 16.237291 
0.407103 -0.340674 -0.151698 0.398373 -1.100363 -4.262885 -2.679388 
0.846636 -0.824110 -0.585646 0.036847 -6.852375 -10.269890 8.313210 
0.123163 1.092689 -1.155098 -2.370619 2.669414 -7.586226 -7.041670 
0.120648 -0.483340 0.084403 -0.810534 -6.810610 -10.825739 4.689829 
0.387333 -0.890521 0.724470 0.748053 -13.402271 -9.495978 7.427842 
1.095352 -0.960258 0.315812 0.735559 -14.061609 -4.912520 -5.316450 
0.212730 0.280898 -0.312850 -0.110211 -4.402920 0.160961 11.754570 
1.575080 -0.364702 0.862806 1.384978 1.210756 -6.675366 10.408514 
0.102042 0.253696 0.150878 0.979319 -7.045105 -8.456820 5.350030 
0.606266 -0.204924 0.300962 -0.103233 2.188481 -14.945679 -1.468622 
0.250734 -1.398024 -0.477688 0.219029 -26.449006 -4.788094 7.600703 
0.184902 -0.506546 1.192768 0.275086 1.712588 17.896595 2.283950 
0.348863 -0.516798 1.515807 -0.103146 11.310265 6.942140 -4.304651 
0.127948 0.098064 -1.019917 0.892918 -10.380389 -3.078066 0.606864 
0.127545 1.108904 0.683066 2.699185 -0.329981 10.251590 13.906943 
0.089378 0.892705 0.436308 0.578621 -1.918966 -9.640941 -4.670452 
0.220514 0.610413 0.263815 0.058779 3.707549 -7.843721 -11.305982 
0.195396 -0.100733 -0.813658 -0.513074 -17.111660 -0.914558 -7.629558 
4.245083 -1.124993 -0.274770 0.104904 1.103688 12.458226 -7.550313 
0.095817 -0.014483 0.015946 -0.462404 6.722029 -6.076511 4.313624 
0.569763 -1.155378 0.065455 0.403840 -2.120064 -6.861897 3.174272 
1.098164 -0.539791 0.611686 -0.334374 -3.344192 3.445466 -5.838698 
0.538990 0.250880 0.521102 0.503517 -5.078278 -1.010898 3.847082 
1.288776 -1.387044 0.053026 0.129528 1.254794 -0.944948 -1.759052 
0.193816 -0.242984 0.211237 -0.532890 -9.510744 -7.196272 -7.648675 
0.378483 -0.522446 0.848640 0.306031 -17.185672 -10.452122 4.513875 
0.130333 0.063438 0.672298 0.272457 12.272303 -6.690486 -2.804557 
0.235233 -0.301764 -0.346255 -0.141585 -0.228068 -13.095574 12.824443 
0.474050 -0.795344 0.211965 -0.375855 -12.931887 0.434003 8.373418 
0.170650 -0.659320 -0.583923 0.355955 -12.023706 4.564818 -2.235392 
0.551803 -0.739575 -0.404276 0.392634 13.802737 2.713439 1.282045 
0.131497 0.369761 -0.017834 -0.319125 -3.972596 -12.702765 -7.286095 
0.367063 -1.234734 -0.337758 -0.084631 1.038318 -9.525512 9.462395 
0.237052 -0.082040 -0.012064 0.070509 4.330818 9.981849 5.097709 
0.979329 0.545600 -0.046186 -0.169936 1.691708 3.272329 -16.482855 
0.113309 0.668715 1.003056 0.020996 -4.009621 10.437188 -0.057577 
0.202812 1.639091 0.643693 -0.854734 11.784806 2.223087 7.156931 
0.145792 0.221946 1.196051 0.007688 -2.806929 1.625001 2.651705 
0.206856 -0.360002 -3.397113 -1.837633 -7.931711 -20.373672 -10.757680 
0.534870 -0.073196 0.885071 0.104583 5.114949 7.295638 8.373059 
0.091732 -0.826423 -0.304342 1.030992 3.042766 -8.054045 -1.501172 
0.094435 -0.522303 0.650471 0.762257 -7.394840 12.100300 -10.502234 
0.106821 -0.343063 0.680876 0.254872 -2.729553 12.625373 12.731599 
0.443043 0.795874 0.579195 -0.215637 0.463483 3.063984 10.513642 
0.087582 -0.871268 0.024098 -0.241232 -8.439876 10.390569 13.497872 
0.159466 0.068557 -0.196678 0.410762 13.256638 -0.581076 -5.186820 
0.829727 -0.513429 0.460027 -0.496620 -8.808457 6.453983 11.313895 
0.093662 -0.337263 0.198648 1.201936 6.379128 -10.815714 -0.573874 
1.055006 -0.942384 0.425759 0.089664 3.147036 -7.786057 16.479426 
0.290595 0.187514 0.570460 1.321697 -7.171239 14.879426 5.641727 
0.226020 0.977545 -2.365668 4.112845 10.958376 -12.321077 21.280044 
0.258652 -0.014935 0.012870 -0.079661 0.335362 -12.153030 6.247559 
0.504080 -0.203934 -0.168049 0.733071 -15.104636 6.481545 7.698378 
0.133644 -0.884804 -0.702831 -2.791630 -9.877886 -11.509362 -13.782112 
0.102367 -0.823276 -0.314539 -0.227000 -7.578391 4.888183 -4.593923 
0.102733 0.713332 0.095695 0.950661 -2.328361 -6.460327 8.258556 
0.406103 -0.314563 -0.278985 -0.681592 -3.518219 0.696572 -7.777094 
0.170184 -0.550954 -0.232351 -1.196544 4.086619 11.040720 -0.807986 
0.080956 0.878751 2.353936 -0.851416 0.286964 15.267080 -7.097787 
0.171393 -0.912403 1.001193 -0.059892 0.141959 -7.131523 -7.701745 
0.103884 -0.249737 0.304374 -0.090934 11.322885 11.072309 -10.302168 
0.287723 0.019376 0.353807 -0.075196 -12.272755 8.802530 -10.541872 
0.707610 -0.473625 0.226965 1.526218 -2.882448 5.474623 -1.461440 
0.161798 -0.849515 -0.499051 0.769341 -9.784793 -1.660127 3.737589 
0.495528 -1.744954 2.508282 0.684365 -6.053531 5.579936 0.770596 
0.081729 0.510340 0.741927 1.277046 -10.543415 3.826041 10.162710 
0.498673 0.283428 0.420453 -0.663939 4.386315 17.958323 -11.922880 
0.189760 -0.671122 -0.096238 1.198619 0.893186 -7.236574 11.745962 
0.174582 1.203322 0.407142 0.976386 -5.012362 -1.857464 7.064360 
1.913197 -0.845305 1.378921 0.180481 -9.948421 3.072118 0.979312 
0.156957 -0.439798 1.014979 -0.524667 0.754846 0.044051 -2.708220 
0.318637 -0.036680 -0.174494 -0.237491 -15.215693 -16.116627 -0.436302 
0.384886 -0.316955 1.025413 0.061407 11.817723 18.343725 -3.891515 
0.094543 -1.008960 1.018937 -2.155993 3.563975 9.706526 -8.537272 
0.093801 0.332397 -0.636254 -0.558657 -10.413749 2.193376 -13.710978 
0.259589 0.165219 0.787112 1.427273 -1.427581 -1.705015 7.392324 
0.331382 -0.135796 0.009574 -0.069153 -6.330516 13.874873 -1.303228 
0.597086 -0.722345 1.575116 -0.105347 6.286236 9.561855 2.287379 
0.244466 -0.497305 0.740669 -0.317959 0.906872 9.065303 -13.710307 
0.409757 -0.756934 0.371920 1.483035 -11.395993 14.080937 1.272319 
0.703460 0.065910 0.568121 0.892046 12.009885 -7.095635 -1.170175 
0.129081 -0.173948 0.477926 0.623607 -12.243548 3.223252 0.205579 
0.592856 0.781317 0.999412 0.573248 -4.224574 14.431070 -3.427666 
0.598064 -0.655956 0.176757 1.524570 -11.411823 -3.282408 5.790723 
0.315326 -1.577568 0.932837 0.842551 -13.529501 1.813517 0.772041 
0.830552 -0.849623 0.390968 0.231266 -15.179873 1.817798 10.043805 
0.107798 -0.668922 0.815863 0.588413 -0.357947 -2.469354 -9.595226 
1.282747 0.458320 -0.858556 -0.979354 8.364079 3.507196 -7.994213 
0.179704 -0.553517 0.366347 1.008918 -7.584282 15.568532 6.782575 
0.226650 -0.207983 -0.849015 0.234762 -12.503863 2.029328 -5.006483 
0.213577 0.291461 1.535347 0.113475 2.599650 8.400640 -3.507239 
0.360054 -1.164691 -0.297933 -0.297514 -5.635297 -2.571026 -1.047863 
0.590465 0.709909 0.216927 -0.465630 -1.451322 3.957272 -3.975153 
0.323997 -0.432315 2.693392 -1.636865 -3.369875 18.879058 -2.004676 
0.080856 0.890304 -0.517796 1.007881 7.904783 9.534824 -3.758724 
0.143920 0.131509 1.483232 0.169719 -2.566405 -6.419054 3.899150 
0.128165 0.766812 0.638558 0.588132 -9.790040 6.262608 4.092382 
0.371144 0.060164 0.204625 -0.378145 2.736462 -17.251099 1.773776 
0.145470 -0.387551 0.630476 -1.229477 11.451754 -3.688637 -1.937086 
0.092657 -0.065745 0.942035 0.013247 1.732185 -1.163201 5.264477 
0.587126 2.107820 -1.103224 -1.903418 16.415838 -10.369177 -4.024235 
0.235289 -0.904586 0.301464 0.050558 -9.322275 -4.011999 -11.955552 
0.569180 -0.668556 -0.237691 -0.258074 -14.949387 15.340271 0.914004 
0.093590 -0.876386 0.610739 0.727329 -5.221314 6.429017 -9.635763 
0.249342 -0.043617 -0.082407 0.457020 1.398263 13.313422 19.545395 
0.543855 2.061148 -0.605325 0.062762 9.078562 -6.563720 5.948461 
0.236315 2.220154 3.048385 -2.098074 14.678425 24.483576 -7.390931 
0.136931 0.331675 -0.763274 0.317179 2.306716 -14.392341 13.893558 
0.109437 -0.975010 -0.517190 -0.404066 -6.477349 8.992828 -11.467225 
0.915698 0.305266 -0.080636 -0.621476 -6.933686 -10.715824 -8.772161 
0.125769 0.061857 -0.406460 -0.204404 4.581906 5.120734 6.347388 
0.182221 -0.693069 -0.276083 0.047265 -7.592652 18.514434 -2.552464 
0.624303 -0.937921 -0.026616 0.223028 1.254493 9.163175 9.482261 
0.123119 -1.715395 0.718951 0.444085 -7.916172 3.241710 1.799768 
0.093277 0.177571 -0.522882 0.460934 -6.327595 -8.370919 1.787496 
0.126609 -0.294254 -0.349619 1.107674 9.474791 11.025483 2.670164 
0.342755 -1.046399 1.809026 0.223638 -12.930878 10.852651 -0.763477 
0.887808 1.180052 -1.467734 0.331162 1.190571 1.673741 1.860711 
0.718573 -0.293143 -0.491990 -0.659922 11.542018 0.736929 6.243759 
0.789225 -0.012864 1.010284 -0.209870 1.917458 -5.143873 -1.906552 
0.126531 -0.166706 0.462087 0.706641 -18.942186 2.515772 -1.423277 
0.685572 -0.080104 0.522691 -0.130521 -8.150457 1.454743 -4.166728 
0.342997 0.247325 -0.119428 -0.247787 -19.932660 7.344215 1.742068 
1.141486 -0.191087 0.628452 0.139166 -17.242121 -3.433327 -12.515706 
0.181571 -0.066808 0.186938 1.163177 5.658161 -1.691451 6.062456 
0.271737 -0.040112 0.125162 0.640403 5.326232 -0.377039 -4.220522 
2.465276 -0.941588 0.165138 -0.169348 0.487441 -0.509021 -5.051802 
0.132761 0.345956 0.424988 0.228343 4.227178 7.991720 21.534494 
0.088416 -0.755987 -0.017120 0.411972 -22.961394 4.811297 -2.091206 
0.089291 -0.448745 0.155972 0.538695 -5.752154 -7.680866 8.104130 
0.263350 -0.688321 -0.060673 -0.523934 -10.972392 0.246280 -1.993308 
0.423754 0.716639 0.644644 1.240226 -0.501412 16.813204 3.919725 
0.178200 -2.456775 -0.508347 -0.022249 -4.903436 3.656274 0.841008 
0.269147 -0.403521 -0.228420 -0.697022 6.979460 17.546367 -8.157279 
1.218772 -0.111348 -0.410979 0.492633 16.130137 0.195149 2.795756 
0.195759 0.306682 -1.583418 1.074267 -4.148320 -7.478246 -1.961924 
0.310560 0.541204 0.242645 0.413281 -1.264339 -4.282134 -6.789763 
0.132928 -0.523397 0.450796 -0.165615 -1.073778 -5.434621 11.612388 
0.130606 -0.177046 -0.304876 -0.409109 3.830810 -16.335985 -11.301937 
0.180981 0.691306 2.864381 2.340243 1.160214 18.819496 15.265157 
8.040799 -0.471178 -0.363505 0.177765 -15.403085 -1.195812 0.702323 
0.080873 -1.139321 0.302221 -0.018599 -15.395360 -9.640139 -10.015427 
0.337684 0.448752 0.270458 2.006933 4.063274 -6.081057 3.051634 
0.727006 -1.729567 0.861700 0.956680 -3.958108 -2.890257 8.128887 
0.130102 -0.610991 -0.732881 0.466094 -3.875001 -10.406594 -2.804890 
0.107057 -0.473424 0.104063 1.505589 -0.894106 15.688462 9.312802 
1.352041 0.101029 0.118898 -0.762665 6.038571 -2.934467 0.434595 
0.108970 -0.558760 0.324144 -0.476703 9.772202 5.214619 -6.918630 
0.148499 1.731065 0.585858 -1.380794 2.478192 -2.960922 -3.588450 
0.263983 0.085001 -0.017363 -0.049941 -9.696894 12.543918 1.977385 
0.240265 -0.084026 1.324050 0.390936 4.921123 4.057740 4.985368 
0.217954 -0.271920 -0.594449 -0.310606 -10.466813 0.570188 1.887309 
0.444167 0.051124 -0.361421 -0.322661 2.290911 -17.200180 1.046456 
2.752555 -0.135728 1.040968 -1.559765 -3.945423 6.563595 -1.308513 
0.266546 0.796036 -0.058579 -0.919309 -1.134060 -2.967059 3.986114 
0.104305 -0.767942 0.531148 0.612856 15.133794 -3.011364 3.882301 
0.144490 0.984761 1.359271 -1.231512 -2.926685 6.774588 -10.914127 
0.094619 -0.100033 0.230352 -0.216727 -4.853108 16.471599 0.436962 
0.144851 0.597788 0.343376 1.143788 8.653813 -5.528969 -4.175188 
0.132290 -0.973392 0.712425 1.427958 -9.659590 12.930543 -1.981867 
0.524424 -0.237339 0.095351 0.565983 -9.217258 10.553820 11.842975 
2.804970 2.223740 0.540656 0.451814 9.891831 1.496684 4.903694 
0.151725 -0.678369 0.202206 -0.173726 -14.270753 -4.918219 -9.686513 
0.691052 -1.628027 -0.695160 0.306275 -4.127654 -10.520812 -4.336990 
0.123125 -2.534227 -1.322375 -1.165765 -11.405798 -1.138033 -4.367197 
0.095501 0.202141 0.571473 0.341040 -4.983365 3.992713 -1.692692 
0.082472 0.007733 0.256677 0.150922 0.981708 4.105442 -17.520906 
0.088000 0.656472 0.147882 0.805066 7.439130 2.936722 -5.670127 
0.106567 -0.608082 0.198308 0.351900 7.118211 -7.579432 -0.170178 
0.083960 -0.990905 -0.646516 1.539575 -9.198656 0.995526 6.896082 
0.444394 -0.075894 0.969528 0.964111 -0.128027 3.401544 6.294112 
2.968598 -0.084322 -0.078409 0.124427 1.377694 2.277091 17.113659 
0.118415 -0.234553 0.031550 -0.384111 18.063276 -0.398331 -0.561797 
0.123056 -0.358206 0.491842 1.101356 1.628494 14.748767 1.815756 
0.111967 -0.263922 0.775920 0.076790 15.089821 1.116646 5.958644 
0.095336 -0.023583 -0.054548 0.101880 -7.328661 -0.231988 9.910466 
0.085245 -0.765975 0.209216 -0.231375 0.349598 4.349637 -2.081589 
0.219520 -1.345783 -0.205825 -0.103985 2.886225 6.459023 -9.034119 
0.269315 -0.705033 -0.762566 1.299763 -0.725791 7.915909 -0.542836 
0.084729 0.568327 -0.196530 0.673525 4.152409 4.293452 -0.704614 
0.193296 0.380435 0.386686 1.044928 -0.513168 19.736733 0.556259 
3.042533 -0.242910 -0.998748 -0.085605 2.539916 -2.023381 13.216550 
1.417540 1.746081 1.785474 -0.161832 4.852455 2.923058 4.314924 
0.348250 0.409539 0.388479 0.475407 6.621155 7.467133 0.547923 
0.189420 0.758906 0.351299 0.762197 6.146747 4.243576 -2.503322 
0.222484 -0.110333 0.227661 -0.381287 -10.586368 9.454668 -9.937719 
0.319069 0.347925 0.373882 -0.002959 5.630346 -2.500700 16.140464 
0.092091 0.214591 -0.052387 0.124833 6.116792 8.211873 -17.148895 
0.486369 0.653041 -0.952840 -0.012293 -5.158596 -4.586118 3.742667 
0.293964 0.114426 0.985915 -0.337726 -4.438903 1.706355 -1.923349 
0.150389 -0.503903 0.768316 0.431383 2.925351 3.274270 3.652740 
0.098254 -1.028055 0.047509 0.881787 -8.541193 -3.431926 12.864287 
0.129777 0.055441 0.358959 0.156619 -5.040730 -0.644257 -9.904845 
0.089968 0.235933 0.936229 -0.541822 -11.850805 -1.558210 -11.013395 
0.178187 0.408802 0.118250 -0.095577 -7.159225 1.703194 7.312623 
0.446547 -0.041095 0.398308 0.021820 7.706594 -5.807091 -10.789545 
2.596189 -2.372023 -1.984858 -0.474047 -12.811927 -8.647839 3.556916 
0.941679 0.047670 0.162711 0.836433 1.568481 -7.528652 11.760996 
0.357477 -0.277818 -0.505770 0.310294 3.810208 -14.829836 -3.525988 
0.233141 -1.414259 0.534352 0.100578 -10.416719 -0.252558 -7.301928 
0.109886 0.237224 -0.150477 0.255132 13.341138 -1.573284 9.586433 
0.103385 0.426208 0.330636 1.030340 1.694635 -8.847106 8.126111 
0.307529 -1.310338 -1.406656 -1.979476 -2.686987 -9.040756 -2.660373 
0.224214 -0.667917 0.032859 -2.599844 3.020298 -7.161243 -13.308543 
0.688471 -0.341856 0.541378 -0.115880 -17.448748 11.856818 6.427632 
0.121886 0.513746 -0.788268 0.602388 -0.249140 3.021832 12.028891 
2.036878 2.070349 -1.540198 -0.602039 3.563559 -4.808361 -5.973016 
0.108772 -0.199269 1.306269 0.134622 0.837820 1.522719 -9.218730 
0.087214 -1.084393 -2.024423 -1.039907 0.096333 -8.323733 1.990604 
1.095005 -0.005668 -0.243678 -0.601590 -6.543199 -7.030771 -0.309825 
0.462444 0.112821 -0.154155 -1.073386 -1.646235 1.152803 -7.620991 
1.195467 -0.349160 1.057853 -0.077205 -8.566252 8.830945 -6.088242 
0.124532 0.754521 0.549221 -0.105090 7.926718 11.821838 -7.616471 
0.239527 -0.959016 -0.286829 0.861946 -12.106363 2.634889 5.451711 
0.513647 0.201303 -0.318504 0.387291 -4.154862 -7.296096 -13.860503 
2.322161 0.566063 0.094307 -0.928951 7.403895 7.721697 8.441046 
1.749945 0.070900 -0.401484 0.170097 11.476708 -6.868103 16.268461 
6.427225 -0.236300 0.902883 -0.027802 4.894874 5.957744 -0.794442 
0.187473 -0.544650 0.021002 0.754265 -4.011419 7.241361 9.127592 
0.080411 -1.238215 1.486490 1.081008 -1.539463 3.072290 0.810359 
0.084886 -0.841183 -0.057918 -0.196215 2.759626 6.567360 -3.231229 
0.210734 0.475192 -0.821443 -0.032304 5.321773 -15.167952 6.784327 
1.039799 0.362851 0.474661 1.411135 -6.871744 5.122650 8.251810 
0.589256 0.444626 0.181373 0.267278 -4.928950 9.375693 -6.653921 
0.193774 -1.117209 0.135998 0.772656 -5.937368 -15.924333 9.020526 
0.204408 0.622039 -0.230841 -0.051815 9.414490 3.287759 12.484421 
0.203976 -1.475005 0.205218 -0.328647 -1.645810 -3.904304 -9.658304 
0.100379 -0.043063 -0.036103 0.090547 -7.938263 -9.419980 -2.018212 
0.224716 -0.216668 0.326644 1.578400 -9.179299 10.394953 0.027893 
0.736908 -0.808841 1.920040 0.244787 -12.574679 8.082758 -0.884013 
0.183623 0.939182 0.305407 -0.619512 -2.776108 -2.717824 8.542951 
5.763363 -0.441324 -0.413375 0.083511 4.645707 19.143376 7.151557 
0.155563 0.055949 0.494293 0.649597 -4.950316 7.236969 0.167606 
0.205052 -1.328943 0.178062 0.994741 -4.230004 -11.490282 7.414482 
0.256881 -0.597362 -0.833376 0.847677 -1.675779 4.136785 13.423775 
0.383592 0.008298 -0.669910 -0.769105 -4.375896 5.688692 -15.472833 
0.115189 -1.311102 1.617341 0.598248 -4.948425 3.513464 16.167852 
0.144188 -0.962085 0.736058 -0.034188 -2.971855 8.318922 -7.025542 
0.208231 -0.723470 0.361322 1.358741 -1.097473 -3.626224 2.622546 
0.523071 0.070228 -0.179189 0.627863 14.056334 4.358427 7.714414 
0.460238 0.646804 0.018347 1.445622 9.199269 1.994944 -6.299475 
0.500482 -0.523797 0.693299 0.364367 -10.212433 -2.446950 20.474877 
0.190881 1.501962 0.481163 1.720139 13.907223 -2.528821 3.772305 
0.095002 -0.229623 -0.577346 -0.108129 -1.897093 -8.488384 -0.484135 
0.282526 -0.751634 -0.095237 0.672340 -19.652563 2.543508 -0.321728 
7.200905 -1.219141 0.523106 0.724199 -7.155485 3.276388 -10.729923 
0.639887 -0.862667 -0.018958 -0.561255 6.272036 -9.257081 -5.045739 
0.088337 -0.039656 -0.304648 0.175219 0.768248 13.433556 6.728263 
3.427020 0.218308 0.192641 0.448377 -8.989042 8.409051 -10.136209 
0.286232 -0.765227 -0.181592 0.790573 -2.543434 9.778228 3.853191 
0.111446 -0.981629 0.675830 0.724773 -7.186133 -2.559725 -8.370743 
0.194955 -1.248827 -0.000576 0.297410 -9.433807 -7.659623 -3.384944 
0.190041 -0.766403 0.333686 -0.335306 6.928482 0.048221 1.729867 
0.170109 -1.038157 -0.189812 0.143265 1.720418 -13.407252 -13.423568 
0.162386 -0.819673 0.965633 -0.287876 -0.249998 4.999682 -3.078633 
1.166044 1.225486 0.789956 2.381935 2.839904 12.810032 12.327719 
0.584740 1.020576 -0.015417 0.360567 -10.426245 -3.054507 -2.838228 
0.396613 -0.732828 -1.093300 -1.072089 -8.044228 7.368031 -2.938948 
2.418064 -0.156969 0.363999 0.202693 7.984510 -2.926048 4.326850 
1.010429 0.651483 -0.258839 -0.070313 1.773725 -2.179342 -6.350886 
2.532142 -0.589488 -0.221745 0.097199 25.809231 -4.721901 1.992090 
0.107929 0.134595 -0.049814 0.237805 -11.565742 -15.263946 -12.185494 
0.167175 -0.066266 0.025266 0.014266 18.221964 0.992752 17.948748 
0.254952 1.622613 -0.464412 -1.002264 1.888307 6.429993 -6.091647 
0.429694 0.849338 0.932831 0.539865 4.633719 9.144191 -4.706768 
0.496826 0.506887 0.439616 1.049156 4.739140 9.190078 9.792518 
0.121547 0.594688 -2.760754 0.071493 -1.002859 -18.446329 -3.641258 
0.215928 -0.756199 1.999329 -0.438896 -8.512645 16.264306 -8.922011 
0.270339 -0.834736 -0.704758 -0.297485 -3.733335 -15.010024 -5.629704 
0.080083 0.476620 0.066951 0.446545 4.828530 -5.374278 -13.105493 
0.272801 0.042929 0.436350 0.342528 -18.188852 10.135003 -0.706717 
0.248941 0.593603 -0.007888 -0.082986 6.154060 13.824283 -16.050022 
0.198171 -0.288263 0.256798 -0.186266 -0.285883 16.956404 6.932125 
0.125940 -0.585495 1.508060 0.256243 -7.495120 8.012028 -1.044567 
0.397489 -0.214433 0.094483 0.049174 -13.366824 7.838093 -15.681449 
0.109822 2.000128 -0.117422 -0.593775 8.519499 -4.092255 -7.993977 
1.950578 0.311403 -0.635138 0.645062 4.900153 -7.098818 0.773878 
0.085723 0.019985 0.416377 0.902384 -1.488555 -3.189199 -2.291750 
0.261677 -0.069884 0.179873 0.648283 -11.039663 -3.575041 1.489699 
0.410668 0.122334 0.275391 0.775367 2.839528 -15.623018 -6.318962 
0.278253 0.541547 0.299186 0.791928 -2.511970 8.589270 -3.307426 
0.362834 -0.651939 1.096551 0.541176 2.868521 6.182815 0.194342 
0.191416 4.381333 0.914949 -0.434792 25.923639 11.542712 -4.134102 
0.204516 1.009868 -0.347854 -0.536548 -0.264848 4.376948 8.284029 
0.119244 -0.447319 -0.367164 0.410358 -7.972502 -19.321395 -10.918299 
0.394798 0.091958 -0.067002 0.688948 -1.795012 4.168584 11.176235 
0.108074 -0.372544 0.859183 -0.699078 -3.277773 1.162889 3.920084 
1.687457 2.053225 3.091600 0.483683 11.338326 12.198144 6.573522 
0.142585 -0.087003 0.705020 0.392944 -2.177112 9.403711 10.208751 
0.999592 -0.754642 0.497228 0.332116 0.200963 -6.853614 10.899752 
0.835224 1.285719 0.775563 0.054875 -4.589467 13.100355 3.003912 
0.133760 -1.237000 -0.592602 0.593362 0.968604 7.985215 7.080511 
2.914902 1.196023 -0.673812 0.162713 2.341219 -1.926152 0.431666 
0.289537 -1.118138 -0.387014 -0.058026 -2.208824 10.540347 -0.220870 
0.111589 -0.202149 0.045121 -0.317951 -10.295027 -2.825915 -4.856404 
0.666435 -0.005130 1.121875 0.536211 -3.801027 -0.732151 1.771515 
0.118124 0.310642 0.447860 0.284096 0.560449 9.162165 -9.777372 
0.082017 -0.660186 0.580261 -0.336542 0.276738 -5.319070 -8.739104 
0.384643 0.574785 0.390683 -0.157670 6.722566 14.563325 1.599599 
0.170390 -1.217890 0.388184 0.474586 -4.159995 -5.144178 -6.507121 
0.164634 0.162588 -0.082884 0.717536 4.714045 -0.386753 -2.181014 
0.710018 -0.707803 1.353870 0.780837 3.410849 -0.969712 0.560149 
0.490174 -0.315670 0.591075 -0.632680 -0.739240 7.378482 2.092887 
0.209872 -0.605146 1.031488 0.717463 -3.462686 11.090369 -10.875943 
0.191407 -1.694002 -0.891706 -1.812382 -0.959065 1.022183 -9.790381 
0.086220 1.158734 -0.196572 0.889182 -0.620552 -2.065645 7.724509 
0.253249 -0.943536 1.083013 0.257207 -14.378945 6.001628 -0.197622 
0.443660 -0.491089 0.196492 0.335848 -11.768125 -9.497698 -1.325351 
1.478874 -0.191373 0.765382 0.376871 -15.369820 -7.697276 -4.276417 
0.997008 -1.295457 -0.424632 0.075934 -11.134269 0.209863 2.116704 
0.119733 -0.247527 0.263777 -1.082471 6.798389 -7.204317 5.733527 
0.155712 -0.387702 0.539154 -0.145481 8.564864 12.190746 -16.933590 
0.248140 1.591058 0.397903 0.211625 3.872240 4.449638 2.388558 
0.211986 -1.098956 -1.450475 2.373376 -6.656931 -8.316107 4.515859 
3.164370 -0.079226 0.354289 0.917212 -7.379083 -5.267439 11.574284 
7.811175 0.057111 -0.402621 0.188821 -0.408283 0.876787 -1.587830 
0.119711 0.478510 0.104302 0.443885 9.733204 4.791173 -12.220774 
0.081905 -0.509379 1.829334 0.455742 -5.947565 -1.372279 2.348628 
0.128974 -0.708569 -0.717180 0.070960 -0.523336 -1.441878 -10.379337 
0.098410 -0.533414 0.553443 -0.065225 6.624347 -0.203974 8.758303 
0.208666 0.164045 0.583323 1.274436 12.238331 6.909896 1.540339 
0.338702 0.410500 -0.997353 1.238663 8.224853 1.032252 9.949315 
0.270406 0.518577 -0.267232 -0.458609 12.671904 8.090051 9.703135 
0.261780 -0.050618 0.051336 0.574768 -3.106557 -5.487994 5.916084 
0.198271 -0.155305 0.474512 -0.613909 -7.313237 0.713356 -1.188883 
0.547947 0.912751 0.527968 0.554496 4.954840 7.019330 1.175782 
0.084496 -0.638334 0.181903 0.875843 -3.405816 -18.592969 2.714189 
0.547853 -0.159619 -0.243495 0.090413 -12.317668 12.933779 3.393593 
0.124445 -0.873404 0.854468 0.287666 -14.851390 6.486974 -6.925397 
0.573077 -0.065807 -0.051469 0.195344 -3.141664 -4.782160 -1.760563 
0.415176 0.301609 -0.774932 0.088184 -2.824450 1.116208 8.195657 
0.878922 -0.508247 -0.641253 -0.372393 -5.948142 -10.085783 14.192300 
0.094683 -0.403347 0.492632 -1.362607 0.309786 -8.030359 3.584815 
3.025229 -0.368164 1.829045 -0.343660 8.637028 2.008549 -3.210815 
0.102725 -0.721283 -0.730722 0.655353 1.495509 -0.998484 10.671369 
1.385436 -2.141012 0.919661 0.728006 -3.478752 11.463093 4.872776 
0.188343 0.877794 -0.172411 0.735094 -3.946670 5.017369 4.514629 
0.308804 0.356377 -0.152658 -0.501274 -2.796710 -7.075858 -7.888469 
0.266901 1.837801 0.939830 0.546263 11.851532 -3.133217 2.517836 
0.352073 -0.454722 -0.265241 -0.397678 -10.757569 2.372541 17.926443 
0.588656 1.225280 -0.882121 -1.469589 8.629038 -1.393697 -2.112249 
0.105091 -0.303506 0.445305 -0.174777 -0.364160 -3.522633 -7.925741 
0.147682 1.082817 -0.462057 0.169320 -0.155531 -5.178986 14.434329 
0.179358 -1.083599 0.837373 0.401662 -8.130108 4.423624 11.400909 
0.522896 0.037428 -0.674580 -0.263964 -10.156812 5.016675 -1.329906 
0.141510 0.747593 -0.411554 -0.086507 -4.403078 3.554761 6.365184 
0.105633 0.120326 0.118327 0.856284 3.066281 0.518661 8.492644 
1.115389 -0.263098 0.001461 0.716577 -10.530267 6.854056 5.206283 
0.100224 2.323159 -1.712911 -0.557346 5.685529 -8.020510 -9.716714 
3.043771 1.732849 -0.459600 -2.010055 6.824552 -2.237199 -3.148917 
1.677124 0.168630 -0.008719 -0.210740 -8.169893 18.571834 -9.581464 
0.154714 -1.630153 -0.754352 -0.513081 4.564063 -0.859137 -1.728651 
0.509531 -0.126717 0.307364 -0.049369 -12.600998 -8.354616 -10.692863 
0.118595 -0.108078 0.369122 0.220027 -18.928761 10.394933 -12.138910 
0.192470 0.808084 -0.424016 0.562319 -5.709101 -1.554178 0.836413 
0.156661 0.083750 0.068532 1.641887 -0.145862 13.505348 0.945062 
0.269171 -0.865042 -0.005833 -0.353202 -10.572172 -4.353937 6.629890 
0.275015 -1.097938 0.430883 -0.175618 -0.758505 -4.732915 -3.992404 
0.133107 -0.568019 0.378174 0.718921 -4.550372 0.877042 -0.990940 
0.116244 -0.123271 -0.562193 0.213004 -11.362343 12.527224 -3.961566 
0.262815 -0.727589 -0.947799 0.027993 -3.423398 2.759931 -11.331896 
0.152197 -1.434594 0.447810 -0.943431 -14.680849 2.064622 3.682327 
0.591538 0.371132 -1.285668 -2.004566 -3.770218 -3.118280 -14.800841 
0.273814 0.341204 0.763665 0.133208 5.927355 12.830635 -2.027071 
1.296377 -0.724267 1.555555 0.451885 -7.554098 5.672405 -1.577273 
0.625099 0.022843 0.364527 1.210050 -1.883940 13.254991 4.943149 
0.953431 -1.609713 -0.916137 1.694639 -4.446468 -4.248007 8.695816 
1.362864 0.598144 -0.150856 -0.351798 9.232578 -8.584171 0.450395 
0.388981 -1.126837 0.169231 0.408715 -4.171264 -2.349261 -8.142429 
0.178332 2.617530 -0.086835 0.272443 15.527920 6.120128 6.954030 
0.372184 -0.275211 -0.352195 -0.195815 5.472665 11.113797 -10.526654 
1.884918 -1.511423 0.153993 0.431962 2.193302 -1.011302 8.452220 
0.093160 -0.545166 -0.529439 -0.246635 11.614566 5.283520 11.618544 
0.093696 -0.033580 0.424794 0.202102 -10.752328 16.703689 -8.351851 
0.080850 1.850790 -1.992573 1.708760 3.014669 -13.702489 9.141935 
0.277717 -0.056023 -2.259851 1.832546 0.842786 -3.300969 12.469875 
0.330199 -0.622141 0.754781 -0.240426 2.118857 -6.475901 -9.169162 
1.020862 0.302637 -0.415844 -0.041777 -9.907568 -8.551084 -2.639786 
0.554068 -0.589040 -0.134414 0.114921 4.189369 -11.448569 -2.405095 
0.410517 -0.519163 -0.040401 0.663091 -18.362101 4.241415 -6.849889 
2.241100 -1.431456 0.662876 0.014847 0.550013 5.005377 -6.329574 
0.769947 0.186972 0.162559 -0.724909 9.520107 11.784957 -3.168205 
0.085466 -1.174267 -0.744813 -0.237172 -13.785427 -1.323282 2.506273 
0.645582 -0.025253 -0.110576 -0.705417 7.547630 -6.661711 1.211916 
0.291207 2.109102 -0.017978 -0.719531 10.690686 -1.800632 -3.006081 
0.780826 0.493341 2.161276 0.549109 -9.056562 10.949333 4.055650 
0.178041 -0.070386 0.601793 0.195007 0.283040 -0.488630 -12.250719 
0.111657 -0.311046 0.492355 0.521685 -14.080732 -0.337720 -7.151424 
0.141933 0.396794 -0.286265 -0.567636 8.352481 3.814394 -6.260979 
0.503658 -0.912047 -0.570377 1.281062 -10.218641 -1.965468 7.787949 
0.266518 -0.270255 -0.892139 -1.046071 -13.123632 0.324878 0.873082 
0.136578 1.285504 0.506852 0.409014 1.734848 3.680834 -1.840273 
0.126498 -0.748473 -0.928953 -0.244123 3.345702 -2.366094 3.583479 
0.081261 2.129237 0.047951 0.099582 7.591507 -10.934134 -0.749443 
0.167252 -0.129533 0.287190 -0.067609 -0.508971 4.473367 2.024908 
0.607244 -0.527845 2.302179 0.468123 0.997602 1.643239 -1.633714 
0.266741 -0.363375 -0.449970 0.874315 6.322776 -13.865201 -1.186009 
0.157175 -1.448942 -0.724279 1.722622 -18.364108 -0.752211 3.489358 
0.366807 0.383216 0.127568 -0.405329 -1.322399 12.131356 6.959711 
1.030213 -0.185007 0.246269 -0.633860 -4.366312 -3.080077 -11.065484 
0.140945 2.126615 0.932994 0.760103 4.865488 -1.903238 8.591276 
0.288794 -0.735408 0.547921 -0.585607 -0.718014 6.088374 5.709981 
0.182724 -0.637441 -0.167198 -0.315712 6.578728 -17.237485 3.889191 
0.115248 -1.373331 1.019431 0.634248 1.627407 -3.912838 6.262300 
1.012019 0.170315 0.520867 -0.433639 4.556616 0.723092 -3.979241 
0.292049 -0.066576 -0.353981 0.444545 8.492764 6.612555 -3.690462 
3.273691 -0.170847 0.004668 -0.113799 -9.741385 -3.277830 -10.862068 
0.507219 -1.267042 0.116155 1.482987 -6.628779 -12.009670 6.801662 
0.325723 -0.299678 0.427677 -0.319023 17.563463 -3.175185 -6.042330 
0.153073 1.508880 1.183100 -3.690701 10.650090 0.000972 -25.479908 
0.229855 0.294241 0.172427 -0.389097 -11.044362 -6.416503 -9.443605 
0.196589 0.140883 0.359023 0.244414 -6.146783 5.671452 3.963018 
0.095001 -0.644507 0.355464 -0.842637 -6.238922 1.301339 6.393687 
0.458870 -0.237288 0.126023 0.074531 17.332326 15.729862 7.906947 
0.085890 -0.325595 2.282204 1.571417 3.614316 5.180596 14.110384 
0.170408 -1.115742 0.946784 0.672361 -2.680621 3.478301 12.081204 
0.130084 -0.361785 0.703162 -0.202673 -6.519744 9.742862 -0.752782 
1.384359 0.258839 0.656072 0.370544 2.234860 4.137925 -9.513882 
0.642711 -0.143360 0.148662 0.274133 0.717732 -8.819526 1.283436 
0.176254 0.256814 0.934472 0.677932 5.808757 19.307199 2.156405 
0.156623 -1.404088 -0.138187 0.525771 -2.128383 10.589605 0.157683 
0.874755 -0.664908 0.055441 0.325416 -1.765962 9.750724 -5.370762 
0.628183 0.115335 -0.682541 0.197556 -0.234249 0.790764 -10.512752 
0.127719 0.505301 -0.448426 1.611255 -8.211920 -1.139797 13.487997 
0.209256 -1.014482 0.549236 -0.309888 -5.725372 7.935723 -11.797477 
0.393003 -0.099679 0.128185 -0.162023 -20.634665 -5.114102 2.594747 
0.395444 -1.300379 -1.584220 -0.028722 0.809499 -0.772840 6.025052 
0.150757 1.118181 -0.875037 1.308518 11.549125 -0.463982 3.939474 
0.613619 1.470703 -0.424965 -2.022992 9.048480 -6.671297 -10.566815 
0.371705 0.112990 1.107920 0.544299 -14.150857 9.207174 -1.929142 
0.128172 -0.534890 1.034399 1.121400 -8.664141 0.786791 8.579436 
1.227367 -1.400491 2.151714 1.018583 -1.527873 12.820845 7.225918 
1.287495 -0.371299 0.245195 0.136617 3.855832 9.961337 1.411335 
0.285623 -0.704005 -1.058997 -0.650184 5.313745 -5.391690 -3.229647 
0.186793 -0.365388 0.670870 -0.373931 -0.369690 0.526921 5.181504 
0.151928 -1.104080 -0.170238 0.110187 -20.262919 4.840597 11.176774 
0.107729 0.083135 0.329543 -0.275076 -7.464769 23.416178 4.657237 
0.789450 -0.460612 -0.657890 -0.382472 -6.153454 -16.069621 -9.915453 
0.417882 1.156542 -0.005826 0.402365 -3.324100 -4.098386 14.610163 
0.415458 -0.459125 -3.397049 -0.346715 -5.612671 -14.450585 3.590489 
0.510419 -1.013552 1.028360 0.366126 -16.734817 3.953844 -3.210363 
0.130425 -0.664937 0.228088 -0.146983 -7.742730 13.393652 -11.327123 
0.312402 0.560221 -0.791199 0.229282 3.253312 -17.317332 4.494565 
0.489643 -0.128326 0.675551 -2.831963 -3.781552 5.514830 -9.321648 
0.449688 1.122065 1.087731 0.706649 3.320666 11.392719 -7.379364 
4.640213 -1.754229 -4.155017 -5.241705 -7.554784 -23.200403 -32.931882 
0.102329 0.339145 0.815396 0.572019 3.202817 11.911353 -10.725308 
0.088752 -1.561023 0.949273 0.138089 -1.447416 11.486954 -6.419243 
0.124181 0.750671 -1.156689 0.230725 1.707138 1.515685 -6.018117 
0.142677 -1.057739 0.322287 0.116940 -11.714461 8.195082 12.397068 
0.646196 -0.384204 0.490479 -1.267805 7.230809 -7.809125 -6.242027 
0.112694 -0.646497 -0.892838 -0.129034 2.591725 0.097502 -7.923923 
0.176104 -0.745132 -0.134397 -0.044118 -4.740055 13.615061 -7.897800 
0.106965 -0.773661 0.532907 1.156156 -2.287560 11.400388 2.714144 
0.330430 -0.368317 0.068300 0.129321 15.384923 -16.218856 -1.316812 
1.059937 0.412668 -0.124647 -0.575189 -9.453039 4.669257 3.654212 
0.446854 -0.216666 -0.139135 -0.251888 -3.166296 -14.233227 13.933442 
0.249843 -0.983547 1.477510 0.531918 -8.011862 4.481644 -1.831331 
0.126972 0.019243 0.379800 0.488357 6.193943 4.509295 14.157082 
0.148713 0.655802 -0.177106 0.430187 2.803802 3.009505 -9.488677 
0.153845 0.830340 0.877721 -0.339480 -5.416511 -1.655806 -0.363965 
1.523067 0.014677 -1.107174 -0.140863 -0.157356 -2.463736 -3.410863 
1.665441 0.026479 0.370123 -0.752908 -7.828697 15.137190 4.146706 
0.167356 -0.311016 1.167212 0.836690 -12.368275 3.079484 2.392594 
1.433413 2.735206 -2.131900 -0.002067 8.375883 -13.904720 1.552295 
0.264805 -1.338446 -1.155352 0.394132 -7.538661 5.529286 3.463504 
0.110793 0.096411 0.778162 -1.121414 2.942199 1.673747 -5.453139 
0.180061 0.100112 -0.424234 0.143956 -11.852106 -7.354513 3.169006 
0.195410 -0.159634 0.277754 -1.492807 0.021612 1.046983 6.515701 
0.091610 1.361676 0.594949 1.180780 -3.470318 -0.852534 11.597285 
0.100160 -0.726817 1.078841 0.543583 -3.813342 16.732236 1.020015 
0.329612 -0.206607 0.523586 -0.441699 7.292982 6.130639 -11.874782 
0.174903 -0.979925 -1.325002 -0.523523 -8.759873 5.686695 -5.173495 
0.088879 -0.282163 0.225698 0.076081 4.542468 -5.773866 -9.514225 
1.382242 0.537741 -0.894546 -0.722095 8.899521 -4.780068 9.792315 
0.137418 -0.995898 -0.143649 -0.167975 -8.584650 -0.002212 7.767601 
0.550522 -0.151806 -1.227246 0.725632 10.515658 -1.531738 6.858529 
0.977405 -0.975553 0.229700 0.035504 -1.532798 -13.000113 12.019966 
1.078071 0.024962 0.837145 0.165222 0.044390 -10.387210 -6.048131 
0.158053 1.226436 -2.265155 0.063249 11.582330 -11.601445 1.757368 
0.173348 -0.151979 0.191150 -0.019164 -15.794517 5.553058 8.587243 
0.082934 0.538543 0.357629 -0.386626 -10.543554 6.096907 -15.883258 
0.136636 -0.900767 -0.338072 0.700078 1.792456 3.321552 -5.675802 
0.143734 -1.069094 -0.309081 0.228200 -14.836901 -9.396741 15.572835 
0.441192 0.399812 0.084291 0.273742 2.859399 -8.925244 8.244324 
0.419927 0.518016 -0.612520 -0.619235 4.835981 5.509468 -7.436773 
0.233936 -1.037380 -0.061965 -0.235982 5.595590 -7.023633 -12.108105 
0.472655 0.051060 -0.331794 -0.136693 7.709756 9.337153 11.529962 
0.114863 0.389192 0.125460 -0.944609 8.076894 -4.107727 4.540282 
0.090134 -0.587591 0.289346 0.008590 -10.748175 -13.273685 -6.002915 
0.541043 2.086197 -0.324576 0.739683 8.172450 -1.411549 10.806973 
0.282572 -1.117861 0.290726 1.016343 0.986061 10.282256 2.185966 
0.115642 1.045727 -1.101930 0.054829 -3.040834 0.126654 0.054584 
0.081355 -2.280174 0.776716 -1.028910 -14.577167 7.353411 2.416687 
0.367829 -0.558145 0.732199 0.102898 -0.831662 18.392500 -11.499010 
0.139629 0.218156 -0.563122 0.190704 2.701121 13.235716 1.532180 
1.352784 0.660405 0.057031 -0.294148 2.819610 4.814754 2.932199 
0.125255 0.397701 -0.593614 0.090703 -2.811468 -0.495947 11.341935 
0.401327 -0.217687 -0.710171 2.507973 -1.293356 -0.429141 7.717010 
0.285734 -0.767270 -1.891233 -0.038040 6.203625 -7.037792 4.856567 
0.395651 1.414168 -0.368556 0.126822 1.540183 3.948204 5.656177 
0.293098 -1.088444 0.363143 -0.093635 -8.585285 10.621414 -19.378817 
0.087827 0.653636 0.043654 0.532173 5.570200 -13.172229 -4.754886 
0.145431 -0.227406 0.643818 -0.947515 12.472257 8.786472 -3.624648 
0.180115 -1.686006 0.870263 0.441872 -3.018021 -2.284432 9.908850 
0.096200 -0.028881 0.349768 0.088777 -4.288474 9.694641 -3.526157 
0.666776 -1.794302 -0.670493 1.610255 -8.378942 2.357428 7.113083 
0.204329 -0.760979 -0.238022 0.202701 -4.231237 3.274192 -14.964407 
0.115895 -0.392379 0.820340 -0.796531 -7.014790 1.759814 -6.625014 
0.093908 0.194024 0.574537 0.865323 -1.102448 16.393605 5.870553 
1.218377 0.059239 0.711341 -0.385773 10.392293 -1.520682 -16.597183 
1.577937 -0.986116 -0.120354 -0.152645 -2.770297 1.377884 3.256759 
0.624013 -0.394002 0.509919 -0.651623 -0.157836 10.339540 -3.050737 
0.094581 0.247528 -0.636689 0.077830 -13.886086 -11.326530 -6.326249 
0.082735 -0.276947 0.310556 0.920959 -3.569600 -6.398257 12.361318 
0.117562 -0.432858 0.009949 -0.898582 -10.198623 15.561883 0.771946 
0.104059 -0.164144 0.627444 -0.324437 -5.661399 14.616474 9.525579 
1.175398 -1.240844 -0.753318 1.384345 -12.640459 -6.480099 -1.201035 
0.164169 1.543820 2.168215 -1.256206 5.939963 2.835489 -9.260445 
0.291452 0.118726 -0.445561 -0.124310 5.169194 2.089664 9.970909 
0.206673 -0.813552 -0.849445 -0.001029 1.509893 5.484751 -1.870110 
1.289324 1.688870 2.570124 0.487723 12.482994 15.970867 -6.094378 
0.086315 -0.095517 0.486894 0.141948 4.508990 -4.423616 6.442197 
0.235153 -0.312513 -0.793687 -0.419234 -0.850142 2.641119 -6.967447 
0.115719 1.853492 -1.690580 -2.391481 12.899257 -10.970811 -9.674504 
0.363410 0.085117 0.792271 0.528819 -7.777657 7.100108 0.570984 
1.751386 1.177430 -0.519133 0.359661 -5.072776 -7.844137 5.083608 
0.207984 0.891867 0.529736 -0.522658 4.660792 7.010123 0.448354 
0.102911 1.013579 -1.088800 0.665265 4.213491 4.698758 10.375378 
0.178659 0.001076 -0.408108 0.230828 0.405439 -20.493232 -14.469349 
1.266026 -0.007079 -0.235921 -0.149211 4.457470 -10.213885 18.413060 
0.304509 -0.861743 -0.272443 -0.543403 -10.617517 6.926323 -4.369997 
0.111776 -0.125159 0.420961 0.119045 14.635232 -7.084672 2.730109 
0.518423 -1.802969 -1.111993 2.483640 -6.807746 -12.296931 14.848894 
0.412206 -1.319006 0.810098 0.299821 -8.365798 12.989673 -8.605619 
0.151101 0.306946 0.653936 1.155008 -6.311580 -0.212103 19.021430 
0.220913 -0.161233 -0.485563 0.145592 -8.109163 -16.852742 -3.676848 
1.412488 -0.294175 0.058255 0.146107 -7.116155 2.935091 16.312806 
13.278585 -0.597507 -0.333266 0.012516 5.531228 -9.659019 -10.648187 
1.463321 -0.421519 1.382096 0.730040 6.923637 8.207949 5.555754 
0.120159 0.781789 0.573473 0.061067 -5.724814 8.684821 -9.575987 
0.365350 0.161404 -0.520370 0.325418 -5.755860 -0.314773 -7.504426 
0.105973 0.297216 0.713702 1.003097 8.058955 11.465432 4.729553 
0.295892 0.593241 0.810441 0.621991 8.236989 10.389743 -2.730670 
0.206326 0.502726 0.376987 0.420562 3.247411 -1.841664 1.541629 
0.093712 -0.487489 0.544127 0.156426 18.440423 -6.158780 6.549564 
0.095148 -0.562627 0.781680 -0.138220 -8.730445 -1.908289 -13.760946 
0.206538 -1.701425 -1.306055 0.590107 -14.893121 1.011284 2.157590 
0.086877 -0.936055 -0.416649 -0.707136 -10.319295 -3.802764 -6.885186 
0.089099 -0.620877 -0.869431 0.274347 -3.846854 3.042151 -13.139923 
0.510706 -0.546552 0.740837 1.082852 8.375410 -1.122999 6.420219 
0.209703 2.580923 -1.014121 -0.833731 10.667737 -0.122685 -1.518068 
0.558090 -0.309935 -0.883544 0.380590 0.927122 -13.381390 -4.795819 
0.094925 0.111964 0.486941 -0.101432 -0.558772 6.355546 11.638937 
0.169485 0.000927 -0.474247 0.217109 -2.898765 8.844504 20.509079 
1.190304 -1.439182 -1.748231 0.580547 -0.465900 -6.306328 1.787219 
0.229716 -0.480644 -0.118735 -0.269650 6.101701 18.922986 3.792359 
0.590880 -0.933451 0.686281 -0.231410 6.670820 5.157064 -1.048622 
0.480535 -1.325313 0.139556 0.414547 -14.509874 -6.706782 2.322147 
0.234429 -0.941071 -0.063818 0.467104 3.633769 3.933435 9.213344 
0.582021 -1.406513 0.986543 -1.534369 -2.133938 4.477946 -10.434349 
0.189197 -0.285929 0.178117 0.162970 -18.172342 15.906121 3.820910 
0.259575 0.744182 0.163976 -0.629300 9.661827 -3.884046 10.718340 
0.447006 -0.759682 0.971431 -0.412395 2.924978 1.103206 0.799785 
0.147887 0.385792 -0.525528 0.173357 -3.505571 -5.551375 -5.119334 
0.231699 -0.105534 -0.194051 0.642257 -6.497924 9.231251 3.836142 
0.453708 -0.264056 0.317125 0.242144 -10.540608 14.600718 -9.297983 
0.920339 -0.153794 1.432799 -1.312738 7.459034 2.520693 -0.918214 
0.955703 -0.756072 0.472280 0.804543 -5.127312 -5.541761 1.589511 
0.084577 -0.412869 -0.329065 0.498753 -5.734724 3.816070 9.843235 
0.160624 0.146705 0.665828 0.581892 0.539839 -6.685173 -4.472429 
1.172148 -0.046423 -0.033344 0.127473 2.611772 1.377364 6.437378 
0.760534 0.553998 2.966204 1.318822 7.032203 10.489294 14.108577 
0.114553 0.849601 -0.380504 0.607495 10.937962 10.540515 -0.540849 
0.117572 1.537495 -2.555691 -0.379171 6.159487 -17.349564 -3.964777 
0.762149 3.232599 4.837053 -2.429526 21.969683 30.636894 -8.258030 
0.232792 -0.630155 0.917661 0.240566 -15.177611 13.297483 7.944251 
0.215009 -0.570389 -0.084599 0.238633 -5.293856 -0.469023 -1.682511 
2.204810 0.054647 0.832500 0.041334 -2.663404 -6.012681 1.250352 
0.129032 -0.497133 -2.227183 5.408409 3.252882 -16.954817 34.003179 
0.374042 -0.688601 -0.228762 0.222887 -23.597690 -9.487955 2.522468 
0.205433 -1.197965 1.298603 0.757219 -9.486041 8.186971 -10.988437 
0.160079 -1.022289 1.027201 -0.084873 -7.912630 11.141395 -10.363066 
0.136090 -0.641107 -0.252352 0.914932 12.760689 -7.486135 5.654923 
0.119841 -0.146712 0.750351 1.319272 -8.607958 -4.247088 6.199569 
0.201503 -0.918214 -1.044164 2.006160 1.129660 -7.462999 2.083579 
0.611073 -0.913726 -0.057715 -0.624536 -6.151467 8.316330 -3.183617 
0.115016 1.377264 -1.373681 -2.117989 5.395212 -11.161816 -5.076338 
0.399244 1.301118 -1.148329 0.815839 4.234494 -0.891445 6.002805 
0.131342 -0.351409 0.573359 -0.614005 6.995983 7.347151 14.782181 
0.174201 -0.068435 0.310467 1.969276 -2.197461 14.562775 6.682927 
0.089275 0.986824 0.132460 0.117638 -0.409770 -0.503134 3.348092 
0.438872 0.343685 0.579650 -0.385546 -10.339574 6.549420 -8.678355 
0.085636 0.072790 -0.784585 -0.779252 -9.613577 -2.137729 -4.234309 
0.582912 -0.600794 0.546530 -0.193257 -0.053186 -0.617623 6.557030 
0.240412 -1.820680 -0.100499 1.832239 -1.418957 0.552604 14.419084 
0.226021 -0.625363 0.294273 1.053715 -15.613577 -0.279019 -4.173177 
0.107205 -0.313176 -0.427400 0.653468 0.536044 0.661527 3.651402 
1.102835 0.421600 0.519329 1.071102 0.080699 2.892516 -1.789392 
0.266126 -1.421182 0.777446 -0.936102 -7.558602 -3.909061 -4.222156 
0.409423 -0.875865 1.378961 -0.657133 -8.050109 -3.983245 3.463218 
0.089384 0.732821 -0.840264 -0.232540 0.240005 -6.769412 6.516918 
0.113871 0.050607 0.482509 0.358285 -9.409416 11.894622 6.002264 
0.746267 -0.291671 1.512891 -0.617837 -4.080567 -6.382389 -2.243271 
0.219386 0.532513 -1.743452 -0.615585 11.296394 -4.885843 0.213788 
0.439077 -1.096207 0.145118 -0.489108 -7.202769 -0.758375 11.026796 
1.444015 -0.800168 0.571977 0.237848 -11.552696 11.645377 11.465860 
0.102731 0.392849 0.282587 0.191717 -12.054993 17.299900 -6.704097 
0.202560 0.930881 0.760726 1.355552 10.047569 6.903444 -2.835399 
0.091773 0.100323 -0.405634 0.219510 17.791128 -8.420947 -1.785349 
0.159646 -0.524795 -0.171616 -0.110344 8.911359 -10.075910 18.196143 
0.210510 -0.647206 -0.585920 0.216492 5.802113 -3.223507 -4.424746 
0.129464 -0.257435 -0.193140 0.400561 -9.987809 6.051906 4.984393 
0.235395 -0.290984 0.815461 0.081969 1.401247 8.300359 3.551745 
0.392760 -0.832097 -0.475313 0.365845 -6.816768 3.098938 12.504963 
0.340464 0.193765 0.975641 -0.049321 -2.232753 -0.942258 17.314540 
0.558675 0.852260 0.800127 -0.527224 -2.947971 8.199412 -5.818579 
0.269181 0.032875 0.008153 1.436402 -3.338532 5.059588 -1.922552 
0.080832 0.052872 0.645857 1.658668 -4.155561 -4.045171 6.353230 
0.161454 -1.118372 0.200737 0.047734 1.038755 6.121146 8.496415 
3.272843 -0.114907 0.224193 -0.004224 7.073266 -11.244677 -0.238623 
0.126733 -0.755613 -0.769158 -0.011790 -16.020763 7.941049 5.798365 
0.147442 -0.747620 -3.561575 -0.468291 -2.197151 -19.903718 1.157792 
0.234874 -0.587491 0.114093 1.041712 -0.444074 -9.451224 10.399674 
0.088322 -0.633325 0.742935 -1.426261 -10.029983 3.848099 0.737324 
0.124823 -0.588019 0.437715 0.906418 -5.263824 5.542113 15.044725 
0.134972 0.898740 0.860894 0.110295 -4.631247 -2.658063 -5.246477 
0.114632 -0.485363 0.710765 -0.546306 -2.862167 -3.258214 -6.899069 
0.145861 0.386964 0.497158 -0.478931 -2.956414 9.944060 -3.553511 
0.263366 -0.518564 0.600064 1.340499 -3.994789 2.375739 12.138944 
0.973808 -0.983325 0.839015 0.077387 -4.610282 -1.114221 3.132842 
1.966409 -0.592201 0.135601 0.471390 2.725274 -6.280276 10.044841 
0.137245 0.290365 0.055635 0.626591 -6.202760 1.039172 14.689936 
0.175886 0.071246 -0.169725 0.667343 4.072469 5.460903 -2.906882 
0.427154 0.103150 -0.688816 0.006874 6.409772 5.462205 -11.350964 
0.305641 -0.044502 -0.863592 0.016171 5.283562 -1.027798 8.071456 
0.126873 -0.422587 0.553510 -0.064312 -5.289333 5.294029 -11.467525 
0.202129 1.508678 -0.312540 2.258083 0.907860 2.186665 14.066571 
0.103947 -0.621978 0.940325 0.448352 -16.262581 -7.959644 4.391782 
0.160192 1.370035 -0.048486 0.643417 4.986606 11.842864 -0.908949 
0.087931 -0.292396 0.546069 1.135155 5.470582 11.128306 7.182530 
0.201166 -0.881999 -0.808596 0.809761 1.054767 -2.139234 -0.477147 
0.129271 -0.938110 0.746702 -0.374170 1.825083 13.222293 -2.679842 
0.244547 0.282160 0.034722 0.831695 7.015455 2.206840 -4.867725 
