0.202999 -0.117086 0.839512 -0.432108 -0.395773 9.445197 -12.865781 
0.583882 0.016725 1.446500 0.178090 13.347320 8.921128 11.009630 
0.585149 0.208198 -0.035650 0.018289 -0.603508 -0.966969 -22.965129 
0.085689 -0.707102 -0.371912 1.097183 -13.576072 11.078981 12.594467 
0.090936 -0.010899 0.560217 -0.186483 -5.782093 7.010649 4.322000 
0.457888 -1.049783 0.564908 0.824845 -7.652933 -10.266777 -3.668546 
0.179449 -0.730487 -1.389145 -0.764633 -2.966543 -1.890989 -2.928725 
0.103175 0.933219 -1.288819 -0.599218 0.052752 -11.355920 4.036138 
0.199182 2.771608 -0.816988 0.563672 13.986396 -9.028952 3.309483 
0.109107 0.664417 -1.919840 0.759941 -0.378960 -5.094577 6.617405 
0.232498 -0.040281 -0.243973 -0.047187 -11.546882 14.686303 -12.487853 
0.683878 -0.524427 0.625638 -1.385506 -11.576659 -5.814393 -6.119970 
1.809017 -0.173889 0.152017 -0.101962 -3.614917 -0.316197 -0.455920 
0.133767 1.667143 1.202133 -0.424520 16.649331 5.128971 5.369319 
0.207935 -1.245963 1.048523 -1.321413 -4.370330 13.780820 -1.037356 
5.586845 0.221102 0.126836 -0.280419 8.859615 10.489455 -5.665593 
0.099031 -0.082408 0.037751 0.866474 3.929128 19.412163 6.705173 
0.095457 -0.565424 -0.276288 0.586499 -8.594878 -0.322121 1.913972 
0.166412 0.359729 0.497871 -1.078724 -1.565781 -9.516917 -10.559867 
0.401973 -0.308664 -1.457562 -0.062625 5.063891 -13.645689 10.922144 
0.149690 -0.126028 0.556930 0.818241 -16.895246 0.281039 6.871151 
0.135040 0.152973 0.554204 -0.023389 16.351548 5.635235 2.880605 
0.230700 0.860595 0.556332 -1.081380 -3.113927 9.541791 -0.607376 
0.296048 0.001418 -0.363534 0.381682 -7.504186 20.405026 9.630681 
0.089040 0.327993 -0.329461 0.325499 3.527850 7.188109 -9.359631 
0.218861 1.207017 -0.884110 -0.566866 9.347133 0.346083 -0.049573 
0.780326 0.865780 -0.666210 -1.021226 0.161720 -10.698349 -4.924960 
0.110177 1.144372 1.534034 0.096374 2.469424 6.693395 10.057850 
0.308745 1.404884 -1.338176 -0.907039 10.964325 -19.765783 -6.888726 
0.930095 0.225507 0.136627 -0.223237 -6.900238 -3.191312 1.821887 
0.154448 0.382396 0.728404 -0.053678 4.217625 3.549338 6.619862 
0.449860 -0.276424 1.196890 0.506983 -7.567819 -7.844722 9.161816 
0.194281 -0.147637 -0.312127 0.266971 19.415814 7.810212 -9.230449 
0.121470 -0.580228 0.403713 1.299100 -16.145764 -5.175919 8.019213 
0.388680 0.100471 0.569456 -0.499944 -2.374987 11.565580 14.292866 
0.552874 0.278321 -1.908762 0.535006 -5.818999 -10.568167 11.886928 
0.107074 -0.077202 0.346377 0.982550 0.220915 -12.498524 7.057405 
0.218546 1.170463 1.764184 0.248732 -0.037565 7.516947 -1.583960 
0.118025 -0.622137 -0.386480 -0.057792 -4.195847 -11.730446 14.009059 
0.176826 -0.474958 -0.183512 0.837405 -10.265565 7.961261 -3.510318 
0.123628 -0.010851 -0.332613 -0.919141 -5.933687 8.721460 6.157336 
0.103987 1.082320 -0.503242 2.415721 15.608616 4.989210 17.597450 
1.612405 -0.341391 -0.039457 0.172006 -5.890335 5.317505 -15.815347 
3.952128 -0.377269 1.819826 0.342977 0.696302 1.126885 8.393058 
0.090817 0.418051 -0.120809 0.199658 1.194413 -1.915660 5.839807 
0.094271 -0.085112 0.161340 -0.280581 8.598920 -16.986615 10.887335 
0.105198 -0.540268 -0.445440 -1.485469 -13.847024 -0.848360 -2.776197 
0.122132 -0.453733 -0.123313 0.028625 4.819364 4.154324 0.710865 
0.167817 -0.313968 -0.948857 0.014408 -12.602016 1.611792 13.326320 
0.138488 -0.564656 -2.327413 -0.356800 0.843597 -14.396704 5.936141 
0.701272 1.590968 0.372778 -1.309683 24.367207 2.674699 -2.535497 
0.367183 0.025559 -0.015618 1.508624 0.407654 -10.926432 3.756112 
0.116639 0.278841 -0.479411 -0.219278 -9.810481 6.064735 1.191413 
0.156405 -0.970763 0.427903 -1.158878 -8.078518 3.059337 -9.924901 
0.118162 -0.275376 0.514543 0.481368 -18.247455 13.068236 0.907614 
0.151293 -0.093777 -0.027435 -0.929740 -5.511793 4.388845 -11.345816 
1.456612 -0.375709 0.186741 0.955922 2.805389 2.205109 13.209279 
0.095248 -0.071892 -0.001077 -0.285317 1.084943 -12.935684 -10.075368 
0.298886 -0.406065 0.338330 0.815086 -9.981887 6.328685 14.629615 
0.512636 -0.240027 0.296946 0.500841 -3.018416 -16.938939 13.678886 
0.121466 1.216532 -1.841357 -2.348609 12.603067 -12.191987 -12.025803 
0.863813 -0.379983 -0.355021 -0.393240 13.473747 3.464000 -0.390974 
0.283593 -0.680362 -0.214732 -0.065240 4.695628 5.275121 18.250870 
0.114183 -0.679402 1.428874 -0.165453 -13.777494 10.595155 4.086143 
0.387857 -0.291507 -0.434078 0.051866 -3.381328 -0.334650 -19.839711 
0.102340 -0.591462 -0.699305 1.631811 -5.827770 -13.518074 9.926168 
1.423034 0.990991 1.293693 -0.069599 10.102766 -3.595352 -3.165130 
0.118440 0.329752 -0.365636 0.808329 3.449089 -4.891669 -12.578683 
0.087317 -0.581983 0.313299 0.883658 -3.289035 6.557596 9.421667 
0.115648 -0.019844 -0.245479 1.150196 -2.196356 7.638432 8.655772 
0.335498 0.348016 -1.279600 0.307560 8.627498 -7.185614 -11.529881 
0.109210 -0.355295 0.205464 -0.765010 -7.264601 -9.020613 6.896250 
5.398343 -0.470116 0.104911 0.198944 -19.074282 -7.991320 -7.411674 
0.438696 -0.443437 -0.644528 -0.365530 6.151154 -6.029843 -12.469525 
0.102783 0.021219 -0.458718 0.558854 -11.200436 -5.091440 9.801640 
0.317653 0.773284 1.757587 -1.689040 -2.848658 19.126770 -9.169237 
0.117399 -0.376942 0.592786 0.415305 -2.147731 -1.875054 7.534551 
0.135796 2.269839 -0.406650 0.479599 12.855311 -12.452415 4.556935 
0.139152 -0.075512 0.579168 0.080918 -4.589685 -10.674153 0.130783 
0.081844 0.106173 0.076625 -0.025969 -16.568462 10.578939 -17.314600 
0.210768 -0.241763 -0.123637 -0.521498 -9.900670 -2.998258 19.148153 
0.087151 0.084011 -0.108778 2.324517 9.870069 -4.621441 18.891639 
0.247564 -0.392210 -1.327584 0.001122 -11.142533 -12.709782 -10.385953 
0.118055 0.251275 -0.712341 -1.423811 -6.374918 5.455938 -9.252193 
0.133708 -0.649243 -0.871102 -0.146604 7.432415 6.629357 0.944857 
0.137951 -0.355455 0.132589 -0.461981 11.128516 8.772212 -7.836136 
0.295736 -0.416824 0.952348 0.451500 -11.878551 -8.057134 5.047123 
0.093592 0.209418 0.127747 -0.266613 13.889011 -17.184549 -11.011307 
0.180968 -0.106370 0.442043 0.043057 -11.296516 -17.716882 15.766704 
1.058781 0.235178 0.372282 -0.004976 -9.676040 15.107759 15.051105 
0.086350 0.180034 0.196313 0.614800 4.838005 -2.128960 -5.759297 
0.263354 -0.237638 -0.027253 0.102454 -14.263403 23.265917 7.073885 
0.556778 0.133166 -0.310156 0.023694 -5.913652 -3.477249 26.442410 
0.139284 -0.222599 0.448854 0.074205 -20.703074 4.409763 14.420740 
0.478468 -0.112761 0.121855 -0.414511 -15.346705 -6.855718 12.628189 
0.165293 -0.262898 0.625968 -0.292695 -9.981790 7.800054 -9.426086 
0.493788 0.336419 -0.066767 -0.843938 9.064678 -2.329409 -4.005231 
0.252788 0.558615 0.316037 0.109355 -9.625545 3.218584 18.295415 
1.145613 -0.147631 -1.010187 0.777733 -13.880541 -8.439901 0.785134 
0.388183 -0.187719 0.822899 1.413862 2.526703 9.470731 6.961053 
0.094407 -0.393387 0.361603 0.216217 -11.735472 19.273045 9.796061 
0.126740 -0.256718 1.157852 0.112583 -3.677771 -4.416410 4.148417 
0.323270 -0.212229 -0.233198 -0.536084 3.135289 3.695976 -10.105227 
0.198042 -0.919317 2.171787 -0.037940 -15.022068 11.712637 4.004666 
1.167561 0.187245 -0.211795 0.104164 11.883817 12.359817 -16.699151 
2.697368 0.390927 0.172387 0.391933 11.463193 -3.049697 13.277075 
0.376011 -1.079917 -0.217586 -0.238950 -13.367404 7.219490 -0.097326 
0.588263 -0.160532 0.011458 -0.450317 -7.334575 12.358540 -21.998530 
0.138650 0.438211 0.674661 -0.103626 -4.239894 9.303240 17.965723 
0.373816 -0.023625 -0.058893 0.739161 -0.275144 14.960675 -13.698510 
0.401930 -0.273087 0.776751 -1.116203 -2.245043 -1.586735 -1.316855 
0.263064 0.483494 0.240162 0.148003 -0.647076 -5.599319 8.365331 
0.459762 -0.987249 -0.059537 0.745502 2.404212 13.130694 13.973548 
0.328088 -0.250089 0.413315 0.096879 -14.773236 -12.425986 -11.001872 
0.860282 -0.628738 0.225946 0.362253 -11.974442 -34.755469 10.364125 
0.273055 0.082756 -0.615820 0.498477 -9.559655 -5.802234 6.345454 
0.396253 -1.083248 -0.400577 -0.165050 -1.642068 11.113069 -2.528185 
0.246288 -0.329048 0.600194 0.000266 -13.086573 -0.904441 15.573757 
0.730294 -0.655327 0.273605 0.382880 12.065318 1.644115 -2.321475 
0.278430 -0.319340 0.643109 0.325180 -12.915763 -10.088875 4.767834 
0.151503 0.078474 -0.799885 -1.369503 -4.165276 0.804029 -14.842182 
0.100432 0.717098 0.289094 -0.091816 -0.696944 12.987414 10.023018 
0.082624 -0.855146 -0.206849 0.301237 -11.791953 19.974043 -8.201704 
0.114711 1.189004 -0.486840 -1.478632 3.310314 -12.816061 -4.607695 
0.192666 -0.225980 -0.115583 -1.103037 -17.598155 3.631633 -7.270045 
0.287114 0.814819 -1.217613 0.512944 6.915369 -8.767272 -10.751573 
0.585359 0.326091 0.340308 0.896134 -9.535709 -11.114146 8.983290 
1.376095 0.209672 -0.459268 0.082939 4.888177 6.164220 0.084899 
0.431641 0.816417 -0.634984 -0.634611 -0.223117 10.719223 -6.067771 
0.136683 -0.328970 0.317157 -0.054123 13.126948 -6.879242 -0.301870 
0.323241 0.393497 -0.361561 -0.136123 -13.264270 -0.857380 -14.335936 
0.391024 -0.803879 0.197048 -0.031258 0.573315 8.230908 -9.167142 
0.112116 0.013839 0.738287 -0.092251 0.689405 -4.248810 -9.039222 
0.116547 -0.018410 0.729439 -0.113023 1.932349 -8.400855 14.273830 
0.952396 -0.083679 -0.439578 -0.063563 -19.622112 -0.161296 1.435701 
0.374161 -0.402910 -0.519226 -0.400477 10.507520 -13.577728 -3.291471 
0.178419 -0.292069 -0.032828 0.233793 -22.861974 5.523872 -3.303236 
0.192961 0.076250 0.676425 -1.336385 -9.083619 -8.160398 -12.052999 
0.763069 -0.122285 0.324847 0.902929 1.956698 -5.492657 9.264677 
0.181019 -0.489966 0.270979 0.554071 -27.674972 -7.801376 1.590669 
0.393969 1.428422 1.964690 0.062798 11.405454 22.909735 9.546363 
0.408300 0.393523 -0.100502 -0.022101 -9.653087 -1.024011 -4.974041 
0.506972 0.224719 -0.364491 -0.635485 -12.658597 -13.843096 -4.490339 
0.168852 0.504124 -0.691858 0.401656 -3.679899 8.102568 15.443299 
0.196085 0.128146 0.020340 -0.023774 15.859901 -7.095540 -0.209976 
0.836938 1.078564 -0.672699 -0.284368 -2.824989 3.975134 -7.947982 
0.701221 -0.029747 -0.565660 0.033239 -7.727733 -17.885045 -6.616772 
0.263429 -0.024476 0.355792 0.222146 -5.578976 -10.953868 6.442059 
0.151360 0.538659 -0.739871 1.787498 -8.710442 -7.995432 9.456234 
0.449375 0.099511 0.269179 0.051884 1.955382 -15.671601 -4.619323 
0.108928 1.156214 0.073439 1.025138 5.444907 -13.908622 5.503583 
0.090465 -0.105827 -0.089921 0.414129 18.786465 8.220637 -13.458154 
0.531060 0.019488 1.124389 2.076536 -9.130847 11.585797 9.143687 
0.272013 -0.754334 0.624881 0.906505 -17.464902 -6.271661 -0.895264 
0.127889 0.203888 -0.198731 -0.096765 -20.172885 -2.884409 -4.354372 
1.070260 -0.188783 -0.383673 -0.120840 1.049580 8.705282 4.748225 
0.111702 -0.721299 0.308797 -0.060219 -5.516462 10.010714 21.176711 
0.275275 1.069848 -0.565658 0.445437 10.893439 2.526903 3.615161 
0.433814 -0.483077 -0.261701 -0.052299 -20.089224 -1.317183 9.323629 
0.121123 -0.373862 -0.263600 -1.004002 -9.561442 10.478710 -11.337168 
0.604561 -0.832332 0.967079 0.310290 0.943062 0.027708 17.078675 
0.672200 0.635721 0.264301 1.132396 -6.447597 7.514298 13.761726 
0.485099 0.498873 1.973966 0.605243 0.707034 7.453497 9.078859 
0.088968 -1.875558 0.400586 -0.096222 -2.820865 8.957765 0.377796 
0.372330 -0.471986 -0.025203 -0.202710 -6.717219 -16.148121 -1.736911 
0.427499 0.128058 -0.643881 1.702778 11.694883 -8.970553 5.302570 
0.148166 0.488542 -1.048249 -0.594548 -6.146271 -9.834751 -0.194854 
0.205405 -0.146090 -1.217118 -0.824359 1.025768 -7.695706 1.285858 
0.273438 0.620501 0.034924 0.056477 6.027527 19.039380 -3.946119 
0.257004 0.759442 0.317347 -1.633192 3.947367 15.263455 -12.044715 
0.083821 -0.265523 -0.235516 0.753059 0.141353 -10.094075 -0.027074 
0.673429 -0.231031 -0.289813 1.275018 3.962658 2.431968 -1.766918 
0.093338 0.117333 -1.135678 1.053518 3.652944 4.580453 0.743949 
0.097693 -0.112281 0.262944 0.818924 -3.245235 8.834629 14.022719 
0.081727 0.074964 0.065019 0.529479 6.490209 18.450857 7.870830 
0.417045 0.533243 0.080672 -0.295295 -1.685249 3.725540 0.725861 
0.387177 -0.369254 -0.085798 0.043042 19.273509 -1.508630 -4.924596 
0.350927 -0.666072 -0.090308 0.248142 -0.696459 21.855726 -11.768846 
0.081891 -0.254711 -0.102871 -0.991247 -13.887078 -1.874043 3.094148 
0.111530 -0.607768 0.437121 1.500236 -3.200933 -0.433442 15.357688 
0.729211 0.125743 -0.030353 -0.088590 12.788952 2.349193 5.084498 
0.081209 0.076034 -0.054217 0.347552 -23.339104 -6.701187 -0.982669 
1.066327 0.357976 0.437056 0.145290 -2.427660 6.792650 22.213815 
0.844840 -0.539040 0.034157 0.254828 4.449100 3.906878 -0.150285 
0.286414 0.163577 -0.154426 0.236985 -10.001624 8.876649 -18.386563 
0.108220 0.464322 0.018974 0.167792 0.308202 -16.009142 -8.674717 
0.106446 1.017729 -0.311906 -0.005806 14.048215 6.219756 -1.174341 
1.618982 -0.399432 2.307834 -0.131763 -12.674742 14.303726 -7.463828 
0.126190 -0.744131 -0.158079 -0.486427 -0.278107 -5.473733 -4.982088 
0.666898 0.153462 -0.115043 0.285765 -10.425039 0.870569 -8.406891 
0.355266 -0.178318 0.112177 0.114548 -17.444421 0.051698 18.213044 
0.365762 -1.863929 -4.037670 -0.064259 -19.338105 -32.160978 -4.808570 
0.430606 0.258652 0.710621 0.078313 -12.392518 -2.713440 0.209094 
0.100431 0.301008 -0.839197 0.924530 16.176882 3.195879 -0.163723 
0.189647 -0.801460 0.075559 0.280371 -15.473763 12.170444 -7.820382 
0.132254 -0.632711 -0.257242 0.618678 0.937230 -11.378641 4.980826 
0.500139 -0.876217 -0.506597 -1.348610 -14.314409 1.737431 -6.742750 
0.175237 -0.143431 1.103266 -0.684389 -13.288994 8.323193 -6.862106 
0.123696 -0.183359 0.448615 0.360797 -11.459751 -14.348485 9.801339 
0.195281 -0.514031 -0.663769 -0.913975 -3.425609 4.984667 -13.164456 
0.599939 -1.549162 -0.433986 0.354874 -21.478841 3.582134 -8.603548 
0.192741 -0.161289 -0.295735 0.423153 -8.544505 2.540678 6.178045 
0.200778 1.065753 0.319366 0.139952 0.296291 -12.781443 -0.761042 
0.177472 -0.084587 -1.172226 -0.697305 -4.499757 1.795561 -15.446487 
0.127855 0.313746 -1.208863 0.375609 1.468824 -7.552614 -6.055595 
0.220526 0.000214 -0.466930 0.707839 -1.170512 -5.441982 7.641229 
0.627642 0.388400 -0.355539 0.532297 6.780242 -1.287896 -0.474193 
0.637465 -0.498703 0.265282 0.194841 -15.160882 24.565330 12.549863 
0.169117 -0.012413 -0.925674 -0.942799 4.782879 1.819278 5.460323 
0.114784 -0.295965 -0.674846 0.222555 7.576249 -7.506834 -6.239140 
0.135557 0.207625 0.609327 0.441406 5.198668 7.314902 1.097012 
0.579415 -0.943885 -0.146837 0.351519 4.896346 4.219615 18.271268 
0.624848 1.072183 1.254109 -0.389457 11.175223 11.234319 1.647244 
0.385484 -1.232345 0.823568 0.672117 -8.379375 -4.022252 12.606131 
3.082417 -0.622912 -0.033433 0.288137 2.296998 11.002212 -4.873932 
0.310489 -0.034584 -0.516078 0.889300 4.503597 3.858877 18.648818 
0.457154 0.275673 0.379055 0.042702 5.500232 6.711400 -13.827154 
0.279294 -0.454464 0.242404 0.332376 -3.254468 -7.529893 -22.864860 
0.089763 0.242776 -0.440737 -0.604898 -1.946281 -1.812644 -15.468247 
1.249225 -0.822312 0.847250 0.226676 -10.057964 3.794233 9.964166 
0.163561 0.786516 -0.791802 0.044611 4.095286 -4.774788 -5.255461 
1.702665 -0.496822 0.655854 1.036259 2.528648 2.969539 6.155696 
0.087567 0.244680 1.392757 -0.234381 8.827464 7.187970 -0.573739 
0.192231 0.105150 0.516076 0.161508 -0.765314 -3.057235 -2.078607 
0.122081 0.307294 -0.256899 -0.480272 -16.821713 -8.146550 -8.952927 
0.088452 0.067944 -0.469702 0.592528 -2.233279 14.202691 6.368035 
0.470758 -0.939197 -2.040682 0.333917 -3.786357 -7.722137 7.130425 
0.196106 0.063590 0.221625 0.189934 -6.139472 6.045339 8.693159 
0.163499 1.226748 -2.115633 -1.147552 14.469837 -17.501987 1.503910 
0.080867 1.388875 1.261738 -2.176057 21.676960 16.472992 -12.239756 
0.223604 -0.714284 0.074744 0.648487 -19.515123 -2.322248 4.693028 
0.155926 -1.084882 0.596126 0.918987 -7.095016 -4.475215 2.911634 
0.238387 -0.004641 0.574887 -0.439898 -13.269473 -7.485737 -12.910583 
0.106154 0.022051 -0.238409 -0.550979 -8.934536 -4.894631 -10.870560 
0.169911 -0.080488 0.228187 -0.507682 14.764895 -13.438293 5.746566 
0.113329 0.943644 0.754624 0.231735 4.432612 4.310156 16.617322 
0.192419 1.337715 -1.552365 -0.415040 4.765915 -20.481254 -8.167921 
0.594225 -0.146444 -0.066062 -0.412573 12.569551 7.423619 18.075149 
0.085164 -0.419101 0.031297 -0.642051 -16.071283 -3.486373 1.137502 
0.117057 -0.239236 0.531946 -0.034403 -8.295435 21.872516 9.910464 
0.205043 0.144200 0.315184 -0.126153 -2.072532 16.866943 -11.899184 
0.234649 0.280949 -0.638696 0.531211 19.114927 1.089223 -0.184486 
0.487672 0.155219 0.759024 0.821542 2.212038 6.090914 13.608373 
0.223182 -0.091994 -0.425990 -0.058732 -19.378152 -13.453684 -0.545194 
2.476904 -0.618079 -0.835082 -0.520761 1.922274 2.071553 -14.912814 
0.441734 0.731931 0.246136 0.195073 1.527178 8.515759 1.597091 
0.230397 0.533656 -0.001350 0.393510 -12.181459 -4.488665 -1.269223 
0.689100 2.172126 1.495184 -1.815551 21.298720 7.282146 -9.725214 
0.815528 -1.896696 0.631388 0.404665 -15.360074 -1.850424 10.680594 
0.161492 0.116826 0.646495 -0.072390 12.344952 -1.456034 -9.707752 
0.542296 2.274450 -0.642227 -0.541549 9.668104 -7.808412 -0.229912 
0.146522 -0.209935 0.233526 0.671013 -20.666187 -12.375936 1.260068 
0.256037 -1.278885 -0.024503 -0.715186 -1.665392 -10.572347 -4.444563 
0.887681 -0.807225 -0.307297 1.330198 1.432705 10.669684 2.436466 
0.101372 0.037075 0.447812 0.204533 -2.970866 2.985860 -14.619588 
0.141931 0.296621 0.528920 0.218853 -15.615633 5.466992 -3.890758 
0.178446 -1.152789 0.699887 0.542046 1.038806 5.341504 3.356179 
0.083374 0.377505 -0.293178 -0.671991 -0.420404 0.473585 14.273030 
0.376685 -0.251824 -0.233011 1.231214 2.058742 2.892964 -7.148863 
0.585808 -0.288272 -1.279340 0.462689 -13.182315 -2.619880 8.072082 
0.102075 0.185067 0.890260 0.580024 7.644388 15.219163 -0.508553 
0.086694 1.267149 1.179615 -0.261352 16.264594 7.703264 3.987321 
0.654455 -0.050533 -0.083089 0.226570 5.146432 5.461005 -14.811583 
0.442796 -0.447272 0.005936 -0.513754 -17.928724 3.909928 4.921509 
0.103990 -0.529033 0.954599 -0.387383 1.338157 -0.707515 -1.120065 
0.137893 -0.400981 -0.288764 0.162025 -22.352898 -9.549373 -7.213520 
1.044939 0.829332 -0.044588 -0.378918 2.536489 4.897407 -0.632035 
1.025335 0.051202 -0.326156 -0.259923 10.765066 -3.581949 1.386667 
0.472835 -1.087950 0.138123 1.251813 -18.466294 4.572418 1.086686 
0.672168 -1.874781 1.038166 0.256256 -18.179277 2.546932 13.673396 
0.208490 -1.742249 -1.046573 -0.151803 -6.980969 -12.751894 -1.338075 
0.292610 -1.047452 1.693505 0.399789 -5.563704 11.131190 12.236529 
0.111344 -0.208963 -0.386427 1.209782 -1.702298 0.340595 10.407609 
0.466067 0.292755 0.042214 0.723599 3.420351 15.735120 -3.793194 
0.112109 -0.481189 -0.066801 0.000902 -5.542516 -15.116529 4.374083 
1.021373 -0.707402 0.066096 0.436760 -11.334715 -0.161046 6.288672 
0.247245 -1.468716 -0.649651 1.134127 -22.888511 -1.668910 12.093370 
2.937998 -2.337153 -0.634962 0.120960 -13.211189 -8.580711 9.769896 
0.112201 0.185472 -0.636159 -0.065822 -8.106606 -6.762197 -7.272063 
0.941373 0.083323 0.708659 0.093237 7.055297 5.082607 -1.081920 
0.186332 0.892991 -0.277699 -1.129533 7.023685 2.808065 -1.936967 
0.206312 -0.459375 0.351715 -0.312843 -2.379361 13.430334 9.174903 
0.087521 0.212813 0.700859 0.556441 -8.281680 -9.525538 -7.648889 
0.337060 -0.009360 -0.537389 -0.099661 -17.073921 -10.018601 -1.069565 
0.506829 0.360664 0.163502 1.191734 11.854879 5.144320 7.935517 
2.506229 0.321884 1.413359 -0.404652 -11.382474 6.569612 3.444902 
0.109658 0.482565 0.180545 -0.391876 -6.232855 -3.943296 -15.597694 
0.093631 -0.686275 0.392361 0.403822 -13.097527 9.567519 13.771968 
0.994606 0.665338 -0.109403 0.529575 -0.137322 2.284509 0.159817 
0.184780 1.548839 2.109981 0.073902 5.605845 10.804933 -2.387614 
0.113864 -0.068845 0.313987 -0.257141 -2.269664 17.078573 4.835933 
0.500571 1.787812 -0.760264 -1.238887 21.471735 3.814392 -9.435267 
0.375402 0.213869 -0.163352 0.622841 6.475855 -3.948729 -10.257240 
0.121279 0.550365 -0.019922 0.023493 -2.691164 -0.979573 -20.302780 
0.437171 0.632281 0.091514 -0.657837 0.934105 1.677221 -7.948137 
0.420529 0.089753 0.138916 -0.028107 -8.218799 20.140534 -5.970133 
0.140832 0.166629 0.008310 0.479618 -7.536936 13.030989 6.022023 
0.317286 -0.033241 0.655812 -0.058632 -9.935057 1.497168 -1.487447 
0.092539 1.305648 -0.275537 -0.711931 0.654217 -7.078146 5.217857 
4.198783 -0.123862 0.048142 -0.293884 7.360993 11.079459 -2.075398 
0.435794 -0.305832 0.250111 0.338131 -26.345640 5.336579 6.403877 
0.299195 -0.258080 -0.451704 -0.406640 -7.731056 -9.445452 13.749909 
0.366428 -1.042011 0.424915 -0.035050 -9.824644 -3.972962 17.884451 
0.300202 -0.156250 0.417270 -0.315808 -13.111993 -2.015269 -2.138910 
0.585186 0.067700 -0.153080 0.543703 -6.377669 1.244541 21.661132 
0.524509 -0.341109 -0.465898 -0.105111 -3.034262 -4.126884 8.298109 
0.292083 0.251852 1.821818 0.132973 3.340020 4.568459 12.463865 
0.107699 -0.168080 1.498344 1.411096 -7.618501 5.151372 14.324250 
0.744916 -0.686396 1.728859 0.595428 -1.634108 19.434955 2.345861 
0.131940 -0.686813 1.922546 0.257594 -10.228826 13.293801 2.079881 
0.104491 -1.124249 -0.522604 1.421020 -16.917124 1.327437 15.466977 
0.504475 -0.376091 0.095608 0.099994 -3.255155 0.429174 2.985030 
0.159200 -0.277922 0.059352 -0.231491 2.987212 12.504833 -10.928788 
0.144224 0.726375 2.367253 -0.720120 -1.057300 17.296237 3.465225 
0.221063 -0.214592 0.430576 -0.620190 -19.861407 -4.488033 -2.187591 
0.339783 -0.310726 -0.377446 -0.231298 -3.882894 -7.543928 17.772290 
2.985742 1.215327 -0.373626 0.159737 10.898241 12.683256 -7.020553 
0.098040 -0.090861 0.166819 -0.507691 6.813549 18.296116 -11.893585 
0.364111 -0.660945 -0.288801 -0.212458 -12.225791 5.607608 -14.406894 
0.144886 0.568353 0.457362 0.325562 9.068423 2.852173 -8.077160 
0.360597 -0.296107 0.594779 -0.258981 -1.057759 7.025944 -5.469741 
0.254317 -1.181789 0.344394 -1.199803 -5.664134 -7.088394 -0.727683 
0.555913 0.198089 -0.078429 -0.021716 10.365356 21.179591 2.621766 
0.416651 -2.135365 -0.011094 -0.142758 -14.191122 -6.030601 -6.755603 
0.151008 -0.234955 1.521547 1.529994 1.131024 4.990146 3.760405 
0.577563 -0.019115 0.376815 -0.395459 2.618783 -0.011715 2.278372 
0.141965 1.477831 0.490676 2.349756 6.600944 -0.199653 22.557961 
0.120024 -0.426177 0.040377 0.595264 -18.364702 11.573351 3.815140 
0.182852 0.995707 -0.792396 0.186056 16.332713 -0.186888 -1.713160 
0.189724 0.165719 0.140380 -0.883192 -5.280175 6.937602 -13.322229 
0.150160 0.299912 -0.968364 1.413857 -2.951078 -11.516729 16.659571 
1.373741 -3.024889 -0.600369 1.378439 -21.494572 1.783027 9.365553 
0.283453 0.389248 -0.209538 0.746246 -0.490842 6.475868 -1.367710 
0.170281 -0.657791 0.020106 0.606100 8.180156 17.360451 12.219640 
1.505698 -0.593873 0.510235 0.071607 12.055792 -9.235221 6.033333 
0.360047 -1.124228 0.323584 -0.341894 -7.429178 -4.234255 -5.266848 
0.588861 -0.507841 -0.362072 -0.036181 -13.859234 15.324702 9.748975 
0.381565 -0.753388 -0.337492 0.358637 -13.844888 11.526392 8.916716 
0.166121 -0.169410 -0.483581 -0.334367 -0.828102 -14.924760 -1.556751 
1.652096 -0.141609 0.154058 0.193944 -19.866860 15.990924 5.381676 
0.215498 2.087483 -1.811468 0.725841 17.467341 -6.889409 1.327403 
0.524663 -0.338500 0.304510 0.558807 -3.185697 -6.514868 -0.196734 
0.489037 -0.692375 0.711971 -0.228774 -14.287785 6.605504 5.552530 
0.247044 -0.381641 0.060941 0.575120 -12.005472 5.369194 -7.943254 
0.408569 -0.191038 0.228320 0.365595 17.290194 13.228894 -9.558159 
0.429966 -0.506249 0.160186 0.194986 -5.449982 3.542768 -11.682896 
0.205030 1.334899 -0.867543 0.151763 4.603414 -9.893060 -3.332283 
0.104504 0.476814 0.119939 -0.613551 -10.535589 4.599452 1.480072 
1.704172 0.474119 -0.769976 -1.397793 -2.498148 4.118010 -6.952590 
0.208973 0.636062 0.992938 -0.975453 2.511899 -3.047119 -1.434278 
4.631110 -1.218927 1.282693 0.842972 -4.394307 -0.063541 12.113361 
0.135103 -0.289376 -0.605946 -0.126973 0.047653 -9.609687 0.944172 
0.169606 0.484605 0.934519 0.549844 2.456718 13.328592 -8.626058 
0.567692 -1.152738 -0.188051 -0.631006 -12.290129 -12.770294 0.653766 
0.214292 -0.035126 -0.075328 1.441096 -8.821712 5.595120 15.944845 
0.450345 -0.209860 0.199760 -0.160438 5.387249 15.524846 21.187312 
0.407103 -0.272950 0.162757 0.194520 -3.276031 -8.233771 15.331082 
0.846636 -0.206762 0.182990 -0.150845 -17.547180 -20.642805 -1.082806 
0.123163 0.934109 -0.760238 -1.965464 3.500935 -8.748817 -9.480198 
0.120648 -0.161710 0.568016 -0.694797 -8.483908 -6.889281 -7.094530 
0.387333 -0.199879 1.002175 0.245721 -15.235313 -0.025988 12.094759 
1.095352 -0.363825 0.638116 0.740722 -18.213433 0.779344 2.203441 
0.212730 0.254612 -0.159455 -0.408616 3.809025 -6.136237 6.094739 
1.575080 -0.345178 1.051764 0.751176 1.534573 0.622070 18.450405 
0.102042 0.444946 0.491973 0.497403 1.177913 -4.810728 14.769403 
0.606266 -0.446998 0.568657 0.186252 8.171132 8.457611 -2.224360 
0.250734 -0.024995 -0.005645 0.014476 -23.663219 0.225850 2.416208 
0.184902 -0.432105 0.061009 0.100472 -5.498686 28.204820 5.248200 
0.348863 -0.959793 0.994738 0.129012 7.574113 14.684445 -6.337272 
0.127948 0.526214 -0.699712 0.765564 -7.162416 -8.616245 5.656977 
0.127545 1.094985 0.184045 1.952355 1.214000 10.483780 17.245865 
0.089378 0.783000 0.832743 0.670157 6.363733 -6.204518 0.127010 
0.220514 0.138431 0.542107 0.564658 16.923208 -0.682814 -5.825789 
0.195396 0.603975 -0.556991 -0.014109 -9.759244 -10.271918 -12.250724 
4.245083 -0.912182 -0.665899 0.372729 -9.143975 3.601533 -3.738166 
0.095817 -0.368032 0.389997 -0.308969 -0.940014 -0.650252 -14.261049 
0.569763 -0.727186 0.380289 0.229008 -19.311652 -1.742643 7.346411 
1.098164 -0.176131 0.170454 0.135014 -11.314286 15.095466 -12.852828 
0.538990 0.133610 0.467264 0.181517 11.535653 -0.878702 12.472100 
1.288776 -1.118239 0.080386 0.258361 -10.390189 -1.933424 -1.142074 
0.193816 0.235238 0.417491 0.074831 0.315269 8.602332 -19.124312 
0.378483 0.303404 1.036075 0.020572 -15.545948 2.493424 5.866056 
0.130333 -0.548710 0.713122 0.266245 13.313436 8.283792 4.855254 
0.235233 -0.210139 0.350059 -0.425891 -5.099113 -13.827692 -0.802630 
0.474050 -0.036152 0.280965 -0.479442 -12.936799 2.208866 -4.515672 
0.170650 0.047298 -0.581098 -0.003253 -7.800990 -12.843987 -6.285168 
0.551803 -1.182007 -0.360973 0.123581 4.170931 -3.485070 7.674023 
0.131497 0.172564 0.537714 0.115592 8.278150 -4.104708 -10.340469 
0.367063 -0.998596 0.224714 -0.329671 -11.576747 -11.807982 1.887592 
0.237052 -0.046856 -0.379343 -0.270806 0.209043 1.683340 5.054337 
0.979329 0.116451 -0.127051 0.558825 14.125999 0.118006 -11.023564 
0.113309 0.656784 0.367955 0.036352 5.082494 17.424063 -1.100676 
0.202812 0.991640 0.503939 -1.113616 15.733245 3.669821 4.430601 
0.145792 0.173195 0.850665 -0.024765 2.745669 10.507966 1.897824 
0.206856 0.007502 -2.392298 -1.303939 -8.057667 -22.167059 -11.729728 
0.534870 -0.500136 0.285768 -0.051003 10.017747 15.796911 -9.939446 
0.091732 -0.793926 0.173388 0.876968 -1.244032 -12.484770 6.774733 
0.094435 -0.151931 -0.001561 1.059746 -7.478554 13.136810 -1.461914 
0.106821 0.030238 -0.022722 -0.166900 -7.244727 13.068061 -1.968910 
0.443043 0.570530 0.327560 -0.604872 8.977060 7.966905 5.780604 
0.087582 -0.319874 -0.396113 -0.609127 -14.303469 6.921188 1.285185 
0.159466 -0.715794 -0.017447 0.405155 11.716282 -8.450885 8.274201 
0.829727 0.006496 0.105559 -0.623140 -11.372695 9.687205 -8.081871 
0.093662 -0.579369 0.729274 1.032984 2.355762 -7.892312 8.448303 
1.055006 -0.870468 0.611885 -0.550273 -6.365392 -0.666191 9.170862 
0.290595 0.444678 -0.160184 0.827359 -5.057541 13.524249 16.418135 
0.226020 0.447675 -1.764211 3.075004 11.246479 -13.047202 22.423991 
0.258652 -0.195396 0.502507 -0.023819 4.196185 -0.759874 -6.336070 
0.504080 0.397974 -0.295358 0.108833 -6.115026 -1.200525 17.002528 
0.133644 -0.396794 -0.144889 -2.068364 -10.386915 -12.165569 -16.814032 
0.102367 -0.564444 0.121460 0.219846 -29.365533 -5.879442 1.680718 
0.102733 0.538167 0.485881 0.374293 6.406313 -0.488439 12.932500 
0.406103 -0.076800 -0.197301 0.015305 -3.841089 -9.727060 -18.954512 
0.170184 -0.677815 -0.718892 -0.985708 0.927690 8.732842 -8.161162 
0.080956 0.827265 1.552853 -0.459815 2.043679 18.328119 -8.594340 
0.171393 -0.672672 1.208970 0.409345 -5.258205 3.226335 -8.088981 
0.103884 -0.659272 0.001684 0.013512 0.117879 7.741568 -2.723067 
0.287723 0.262238 0.055788 0.414292 1.319357 7.993605 -7.747651 
0.707610 -0.317237 -0.015510 1.375200 -3.270566 4.245722 8.598157 
0.161798 -0.240268 -0.190929 0.400300 -14.163666 -11.792869 13.369058 
0.495528 -1.412158 2.175257 0.637836 -7.952227 8.472966 1.380687 
0.081729 0.879829 0.469342 0.656613 -4.392356 7.708506 15.321615 
0.498673 0.262349 -0.269342 0.175867 7.996370 8.883857 -18.137795 
0.189760 -0.577735 0.204063 0.462991 8.338479 6.795261 12.969517 
0.174582 1.305631 0.469453 0.566921 0.471999 -0.449531 10.107006 
1.913197 -0.305179 1.071920 0.127993 -14.008721 13.618814 -0.742871 
0.156957 -0.468899 0.772242 -0.252563 -2.228914 9.086752 -11.344044 
0.318637 0.458567 0.590133 -0.058044 -3.584499 -10.993732 -8.266097 
0.384886 -0.651400 -0.069677 0.219774 5.246461 22.617748 -4.078593 
0.094543 -1.143181 0.530184 -1.669900 2.008828 10.756428 -11.922122 
0.093801 0.675157 -0.565629 0.181121 -3.511267 -5.496812 -15.632808 
0.259589 0.145238 0.727257 0.779810 3.019226 10.071862 13.010754 
0.331382 -0.080690 0.010031 0.165827 1.115200 -6.344543 0.515907 
0.597086 -0.914426 0.965105 -0.134282 1.483439 16.849440 -1.176115 
0.244466 -0.393307 0.079390 0.413361 -6.561850 13.383744 -8.495146 
0.409757 -0.025895 -0.329002 1.273735 -10.673990 8.543065 13.263996 
0.703460 -0.563680 0.803908 0.678174 12.867610 -1.134803 9.124831 
0.129081 0.284194 0.312045 0.456868 -7.202649 4.148741 8.050737 
0.592856 0.732681 0.164495 0.615339 4.764824 19.534181 2.877110 
0.598064 -0.098270 0.339364 1.007918 -12.563562 -2.120330 16.698582 
0.315326 -0.790645 0.735084 0.724797 -19.299653 7.522397 5.469415 
0.830552 -0.130339 0.164135 -0.307071 -18.764754 12.813363 -0.799635 
0.107798 -0.592010 0.722288 0.899797 -2.089890 2.025277 0.128991 
1.282747 0.014748 -0.856052 -0.480018 10.203645 -4.047173 -13.583714 
0.179704 -0.123998 -0.362473 0.417061 -10.071189 9.340702 19.937906 
0.226650 0.263460 -0.621184 0.335165 -10.126741 -9.548792 0.985911 
0.213577 0.066740 0.928580 0.282524 7.003734 16.931774 -3.167307 
0.360054 -0.448609 -0.029063 -0.030491 -16.987876 -4.270305 -8.668057 
0.590465 0.398515 0.037236 -0.092308 6.379290 7.744493 -8.786826 
0.323997 -0.265842 1.737208 -1.497085 -3.531021 21.144368 -3.987514 
0.080856 0.449059 -0.744834 0.999209 11.963104 7.850903 -0.740756 
0.143920 0.189782 1.609766 -0.013116 -0.087464 0.460822 3.625539 
0.128165 1.037874 0.260336 0.328893 -1.382423 9.736694 6.521693 
0.371144 -0.146999 0.821141 -0.223190 5.287762 -9.596170 -6.879918 
0.145470 -0.858331 0.704365 -0.966228 7.563647 0.276359 -9.174857 
0.092657 -0.213855 0.590974 -0.162788 4.534834 15.623009 -4.419705 
0.587126 1.272894 -0.574057 -1.674248 18.332034 -11.916846 -5.794688 
0.235289 -0.173022 0.247647 0.499130 -14.148556 2.514679 -1.784764 
0.569180 0.113690 -0.756395 -0.049888 -14.999339 4.102720 -7.280454 
0.093590 -0.544649 0.175750 0.897985 -6.773197 7.937247 -2.494069 
0.249342 -0.129093 -0.572580 -0.401573 2.538577 4.103337 13.214481 
0.543855 1.531677 -0.302595 -0.226175 14.315892 -8.498482 4.832174 
0.236315 1.499113 1.853874 -1.722143 15.585035 25.575823 -8.334676 
0.136931 -0.002587 0.214287 -0.321926 12.212844 -23.198775 6.830297 
0.109437 -0.443841 -0.738369 0.260235 -14.118701 -0.703649 -13.350380 
0.915698 0.344269 0.348983 0.022941 7.396638 -7.472858 -17.564521 
0.125769 -0.262751 -0.374753 -0.303304 5.107490 -9.356859 -2.702282 
0.182221 0.193072 -0.355652 0.149787 -21.703214 -5.983912 -2.110543 
0.624303 -0.913713 -0.548252 -0.231072 -4.048526 8.706578 6.680205 
0.123119 -0.685835 0.049340 0.369336 -3.122175 5.870398 3.798896 
0.093277 0.316169 0.140322 0.259340 8.111337 -11.908613 10.943940 
0.126609 -0.731951 -0.741290 0.788561 7.514318 4.413330 10.517499 
0.342755 -0.262131 1.112745 0.437735 -17.644088 18.951059 5.005688 
0.887808 1.054873 -1.464292 0.223069 4.099387 -2.292902 2.526980 
0.718573 -0.725853 -0.425651 -0.727409 8.329160 -3.783527 -2.965409 
0.789225 -0.180645 0.955720 -0.011941 3.090724 6.851333 -7.679311 
0.126531 0.507668 0.217441 0.597605 -8.105780 7.841509 7.148835 
0.685572 0.113908 0.161285 0.161370 2.214299 12.613085 -5.532644 
0.342997 0.940164 -0.322562 -0.205837 -9.531401 2.084406 -2.760690 
1.141486 0.495717 0.544215 0.645598 -9.464988 6.677222 -7.646373 
0.181571 -0.395550 0.249619 0.583270 2.816141 -1.217279 15.977732 
0.271737 -0.314970 0.066438 0.560803 -0.568579 -2.257506 8.660242 
2.465276 -0.602016 0.150174 0.175436 -23.040148 -2.940598 -8.260902 
0.132761 -0.276978 -0.004630 -0.550700 17.104653 7.469491 4.794319 
0.088416 0.383291 -0.156590 0.171790 -19.778124 1.205608 10.406765 
0.089291 -0.080252 0.316895 -0.191844 -2.893461 -6.047245 12.305101 
0.263350 -0.016983 0.030295 -0.118127 -16.900399 -8.109329 -16.684510 
0.423754 0.588854 -0.189664 0.920071 7.564938 16.524207 10.855267 
0.178200 -2.128126 -0.649721 -0.047614 -8.567438 2.313360 0.017354 
0.269147 -0.528722 -0.920460 -0.082503 -16.037850 9.491591 -6.263351 
1.218772 -0.802541 -0.116867 0.099586 10.097549 -12.422847 10.952121 
0.195759 0.464677 -1.122213 1.101976 -2.585022 -11.615097 1.130768 
0.310560 0.285023 0.162100 0.631624 9.681903 -5.126127 0.341620 
0.132928 -0.210876 0.493341 -0.408007 -1.139681 -0.768633 0.077829 
0.130606 -0.306675 0.571703 0.357317 4.893929 -12.913434 -14.107453 
0.180981 0.585198 1.941600 1.556993 1.548559 20.667953 16.736420 
8.040799 0.079376 -0.284914 0.080988 -4.356996 -3.083799 -0.615989 
0.080873 -0.035838 0.612095 0.363433 -21.633162 2.433144 -3.770280 
0.337684 0.218660 0.547942 1.733961 5.737288 -5.270728 8.450530 
0.727006 -1.396454 0.922139 0.513042 -9.987846 0.090076 10.148047 
0.130102 -0.326717 0.019511 0.344705 -8.392183 -23.918131 4.183023 
0.107057 -0.443721 -0.520530 0.879030 -1.177818 10.965728 18.205654 
1.352041 -0.237980 0.185308 -0.460761 6.318027 0.201367 -15.333806 
0.108970 -0.778606 0.029727 0.142033 -3.223314 6.904994 -18.217285 
0.148499 1.544344 0.702900 -1.157601 5.178995 -1.917292 -5.831561 
0.263983 0.319777 -0.551186 0.018664 0.738743 2.508263 -2.757446 
0.240265 -0.368333 0.890191 0.106623 5.595776 14.110686 5.750416 
0.217954 -0.013233 -0.078417 -0.073277 -3.301675 -8.303038 -11.785368 
0.444167 -0.199802 0.602435 -0.066498 6.364692 -12.999628 -14.411781 
2.752555 0.036417 0.668096 -1.376874 -3.497256 9.324532 -6.711115 
0.266546 0.668746 0.193793 -1.016193 5.424987 -1.933616 -3.657323 
0.104305 -1.325514 0.533527 0.331038 6.910090 2.972573 7.654938 
0.144490 1.049777 0.996162 -0.634981 -0.049773 9.805485 -13.623611 
0.094619 0.053960 -0.289083 0.394919 -4.939624 -0.799189 -12.720946 
0.144851 0.066739 0.556717 1.149385 12.786476 -2.305149 4.269486 
0.132290 -0.451083 0.028102 1.320685 -12.748061 13.149693 6.090185 
0.524424 0.019759 -0.388443 -0.206498 2.150039 7.667880 15.513930 
2.804970 1.650638 0.453563 0.184808 14.135059 2.491781 5.416456 
0.151725 0.006990 0.258493 0.343170 -18.931568 3.583286 -9.914683 
0.691052 -1.063612 -0.192020 0.426930 -7.777523 -15.054193 -0.628433 
0.123125 -1.923133 -1.254877 -0.937733 -13.477253 -2.807745 -6.054043 
0.095501 0.218538 0.234105 0.349087 5.334451 10.775102 -0.969877 
0.082472 -0.080628 0.047676 0.589783 3.856697 4.492873 -7.824854 
0.088000 0.116006 0.052091 0.826124 14.352574 2.726708 6.100257 
0.106567 -0.676247 0.316244 0.183525 -10.809386 8.202210 2.944404 
0.083960 -0.515554 -0.596958 1.090888 -10.226923 -3.231589 12.564469 
0.444394 -0.103626 0.545587 0.546871 1.625222 10.621378 16.755125 
2.968598 -0.064713 -0.078371 -0.375262 0.210285 -7.950110 1.557777 
0.118415 -0.914509 0.090681 -0.039740 8.070180 -2.695595 -12.680703 
0.123056 -0.392574 -0.181631 0.826178 -0.269419 12.438175 11.329756 
0.111967 -0.651144 0.520401 -0.140680 2.328360 14.400275 2.075106 
0.095336 -0.163033 0.152628 -0.228234 5.407705 -3.700046 -5.014717 
0.085245 -0.573518 -0.024779 0.144636 -4.121086 0.538729 -21.174932 
0.219520 -1.157842 -0.427688 0.365515 -9.594282 1.864304 -9.797957 
0.269315 -0.630663 -0.715037 1.118166 -1.390968 8.060207 1.726452 
0.084729 0.128753 -0.283979 0.511871 10.358880 -6.994556 10.590681 
0.193296 0.277688 -0.493622 0.785069 4.268513 15.679045 10.982318 
3.042533 -0.328672 -0.643275 -0.612214 1.906629 -12.610778 7.775905 
1.417540 1.449220 1.582372 -0.358576 7.552379 5.388006 3.690531 
0.348250 -0.225620 0.168238 0.210697 8.525664 -3.383149 14.266229 
0.189420 0.240847 0.118035 0.704078 14.578979 9.217660 7.028353 
0.222484 0.157073 -0.218804 0.233220 2.264418 8.726364 -12.778053 
0.319069 -0.080173 0.305503 -0.706906 11.710164 5.355561 8.492358 
0.092091 -0.271820 -0.280568 0.688172 10.807647 0.920823 -5.389220 
0.486369 0.778671 -0.571462 -0.170203 0.853877 -11.194198 2.403347 
0.293964 0.234040 0.647407 -0.063869 3.199363 11.320547 -7.427565 
0.150389 -0.499115 0.396623 0.063035 -8.732168 18.436423 10.013006 
0.098254 -0.484553 0.159294 0.023089 -16.284654 3.343437 16.466470 
0.129777 0.167235 0.326843 0.334964 1.484675 6.529838 -2.095447 
0.089968 0.770427 0.745369 0.116306 -0.244030 2.952872 -13.166464 
0.178187 0.407128 0.014607 -0.369942 7.948886 0.925698 1.050146 
0.446547 -0.506542 0.266951 0.253853 13.271315 10.193533 4.096075 
2.596189 -1.705624 -1.529095 -0.612793 -14.698481 -10.779049 2.895313 
0.941679 -0.075472 0.509911 -0.000912 3.000014 -1.332168 20.129539 
0.357477 -0.408529 0.027148 0.307423 1.639842 -16.776660 11.713169 
0.233141 -0.651651 0.474487 0.308315 -17.379681 7.886647 -10.060789 
0.109886 -0.567620 0.073433 -0.232835 13.068036 -5.149473 5.702848 
0.103385 0.198449 0.715730 0.263935 8.314434 -2.739009 13.712568 
0.307529 -1.154815 -0.935584 -1.795659 -3.974400 -10.499147 -5.131933 
0.224214 -0.794220 0.374145 -1.890297 2.062680 -6.981401 -16.835922 
0.688471 0.412312 -0.172619 -0.154935 -9.219654 14.408398 -4.849129 
0.121886 0.300129 -0.751892 -0.102588 4.592792 -6.469198 13.095243 
2.036878 1.847429 -1.267700 -0.299488 5.843476 -6.558981 -6.593465 
0.108772 -0.230594 0.973752 0.517641 2.030506 12.032130 -6.223024 
0.087214 -1.062211 -1.558388 -1.093338 -1.212552 -11.188584 0.084835 
1.095005 0.227622 0.238202 -0.300331 -7.531475 -10.873391 -11.880056 
0.462444 0.116838 -0.078573 -0.473782 -1.710396 -0.174354 -21.183221 
1.195467 -0.063700 0.089634 0.205960 -0.067128 27.101481 -1.665646 
0.124532 0.067292 -0.123990 0.218471 21.655107 13.877656 -6.028746 
0.239527 -0.255104 -0.260693 0.323792 -16.013538 -5.020238 16.958814 
0.513647 0.245596 0.140342 0.795877 1.511019 -12.189663 -2.712926 
2.322161 0.142457 -0.260780 -1.113872 10.410313 6.724104 -0.486371 
1.749945 -0.026941 0.099017 -0.035848 1.575141 -25.086824 16.218446 
6.427225 -0.472599 0.305137 0.157859 5.232951 17.798683 -9.105048 
0.187473 -0.283346 -0.191078 0.035972 -7.044498 3.510479 21.993332 
0.080411 -1.169703 1.181882 0.973272 0.754749 8.784919 5.726109 
0.084886 -0.659973 0.054042 0.164005 1.231332 -0.224872 3.192187 
0.210734 0.075848 0.165316 -0.156749 16.729132 -25.701731 4.550976 
1.039799 0.536980 0.231955 0.829792 -1.080038 7.082930 16.337575 
0.589256 0.337741 -0.230390 0.481671 9.506648 4.764059 -1.672001 
0.193774 -0.646305 0.834260 0.204436 -13.387788 -11.286980 13.668716 
0.204408 0.234671 0.023191 -0.238277 21.970172 2.049751 7.916755 
0.203976 -1.138218 0.334366 0.236828 -11.505494 -1.634904 -14.538507 
0.100379 -0.168555 -0.228016 0.161321 -2.872765 7.586846 4.387500 
0.224716 0.192350 -0.166847 1.361715 -6.760062 10.022105 8.650911 
0.736908 -0.255994 1.375972 0.281197 -15.036428 15.127289 -1.050185 
0.183623 0.908468 0.395830 -0.909479 3.375448 -0.657727 3.754548 
5.763363 -0.608970 -0.891628 -0.146861 2.602138 4.394450 3.300707 
0.155563 0.157791 0.099013 0.384129 7.975992 7.806688 8.465632 
0.205052 -0.820123 0.718815 0.510627 -16.471699 -8.398357 12.286360 
0.256881 -0.459256 -0.822103 0.074021 -3.978609 -5.451539 18.589081 
0.383592 0.125079 -0.744171 0.112218 -0.170813 -4.829259 -19.932263 
0.115189 -0.976235 1.327681 -0.179583 -9.470378 9.061039 15.703604 
0.144188 -0.597528 0.154593 0.340762 -19.098488 18.210374 -9.332621 
0.208231 -0.582828 0.564989 1.044820 -2.979008 2.221083 14.160453 
0.523071 -0.626884 -0.191558 0.015673 12.524481 -4.892961 15.741270 
0.460238 0.126989 -0.051160 1.597936 12.252586 0.860750 0.683284 
0.500482 0.068051 0.732191 -0.457289 -11.246178 5.491398 10.477309 
0.190881 0.762293 0.589936 1.458221 17.026260 -1.417509 7.141124 
0.095002 -0.013802 0.056768 0.122181 -12.665910 -17.171090 0.153066 
0.282526 0.253805 -0.124614 0.363986 -20.135679 -1.387554 12.837153 
7.200905 -0.719340 0.311297 1.049033 -13.352427 5.490393 -2.888850 
0.639887 -0.939132 0.384886 -0.093742 -2.327494 -7.001620 -14.542902 
0.088337 0.134219 -0.298503 0.001976 2.873269 -8.435858 -8.962213 
3.427020 0.569523 -0.219105 0.765129 -1.646137 4.690389 -0.389536 
0.286232 -0.488125 -0.535681 0.380243 -7.411094 -0.458865 13.456424 
0.111446 -0.555790 0.662179 0.936445 -11.799634 5.013793 0.785569 
0.194955 -0.478330 0.342213 0.343376 -24.875546 -2.586681 6.717165 
0.190041 -0.865093 0.235309 -0.161833 -1.726735 4.171298 -8.676196 
0.170109 -0.674431 0.537487 0.430258 -7.828211 -8.757273 -7.271822 
0.162386 -0.705355 0.320757 0.111922 -8.654237 9.511961 -7.689042 
1.166044 1.043731 0.165336 1.726454 4.938398 13.305449 15.322920 
0.584740 1.352759 0.129730 0.429768 -3.444057 -2.794858 -0.055568 
0.396613 -0.311776 -1.333994 -0.835947 -9.425559 2.350107 -7.007048 
2.418064 -0.482402 0.428516 -0.063681 0.295001 -0.759363 -0.265159 
1.010429 0.163324 -0.047458 0.125665 18.523334 -10.134957 -5.966654 
2.532142 -1.297532 -0.042603 -0.007400 6.998004 -6.132903 0.693781 
0.107929 0.418371 0.649441 0.653726 -1.264047 -12.305786 -3.556462 
0.167175 -0.538193 -0.049055 -0.713433 6.144345 -0.195961 8.438946 
0.254952 1.444523 -0.738939 -0.663264 5.704984 4.929330 -8.260860 
0.429694 0.538173 0.478579 0.737096 9.100985 13.242460 -3.000662 
0.496826 0.105819 0.037219 0.341843 11.508289 13.695995 19.385343 
0.121547 0.616288 -1.808783 0.191330 -0.006132 -21.832281 -4.572437 
0.215928 -0.204203 1.095188 0.041338 -2.322093 20.621376 -9.200539 
0.270339 -0.461514 0.253026 0.192319 -11.838408 -25.261238 -15.969316 
0.080083 -0.064642 0.250063 0.787901 13.937549 -1.680803 -1.373784 
0.272801 0.630326 -0.101392 0.201217 -5.444307 11.667388 3.118010 
0.248941 -0.005335 -0.496149 0.542720 16.806197 3.158576 -9.048886 
0.198171 -0.134618 -0.416094 -0.159931 -4.652043 9.875653 -6.843285 
0.125940 -0.209655 0.841895 0.345492 -7.606074 16.183116 0.332409 
0.397489 0.371949 -0.153675 0.514601 -1.029498 4.328454 -4.870014 
0.109822 1.537144 0.217456 -0.149519 15.232237 -1.331514 -9.114690 
1.950578 -0.301555 0.040860 0.248927 7.781891 -12.789060 17.368288 
0.085723 -0.103233 0.527672 0.667853 1.289549 7.149456 10.648156 
0.261677 0.223135 0.372378 0.428705 -4.893438 -1.501478 11.482889 
0.410668 -0.186063 0.886291 0.792433 7.770293 -8.992400 3.677871 
0.278253 0.427832 -0.177784 0.739172 4.863083 11.051978 9.238070 
0.362834 -0.643065 0.604664 0.422621 -0.410094 14.554667 6.197009 
0.191416 3.100444 0.357240 -0.233726 27.340798 11.751436 -4.276923 
0.204516 0.855155 -0.493736 -0.828066 6.140912 1.976846 3.895479 
0.119244 -0.052455 0.564685 0.567593 -8.884500 -18.241406 3.417695 
0.394798 -0.013431 -0.133130 -0.078067 8.452941 -1.185962 19.369988 
0.108074 -0.046889 0.672783 -0.614445 -3.230902 8.346014 -5.497894 
1.687457 1.470051 2.455274 0.165150 12.764508 14.250036 6.693361 
0.142585 -0.076360 -0.037801 -0.225587 7.110328 23.902401 4.188070 
0.999592 -0.493677 0.594310 -0.227832 -9.468171 2.286332 8.714457 
0.835224 1.366498 0.085741 -0.080585 1.893604 15.479311 2.110832 
0.133760 -1.101863 -0.812955 0.162997 -6.667375 0.271407 9.643538 
2.914902 0.954738 -0.493046 0.106119 8.499188 -6.936062 0.266661 
0.289537 -0.774904 -0.613867 0.119266 -11.327980 -0.135353 -5.019043 
0.111589 0.113460 0.308623 0.066249 -0.853495 -1.778947 -14.373275 
0.666435 0.074539 0.829471 0.353655 -0.084728 6.857865 6.503483 
0.118124 -0.025155 -0.149284 0.518837 9.509310 13.176259 3.331088 
0.082017 -0.498663 0.526293 0.333350 -10.917462 10.470794 -9.537772 
0.384643 -0.013198 -0.271531 -0.193247 18.401404 8.261361 -3.491326 
0.170390 -0.753923 0.405825 0.603938 -11.119508 -1.888227 -6.104042 
0.164634 -0.187261 -0.090256 0.528541 6.043022 -9.335288 13.035595 
0.710018 -0.790277 1.245690 0.652064 0.358878 5.869746 4.734516 
0.490174 -0.270391 0.055535 -0.423201 -6.790991 17.407072 -11.551251 
0.209872 -0.446551 0.289236 1.056430 -4.713707 16.761909 -2.757910 
0.191407 -1.600692 -0.906257 -1.286821 -3.102109 -0.299844 -12.259602 
0.086220 1.040699 -0.069162 0.444348 6.113163 -2.852683 11.772501 
0.253249 -0.152061 0.522743 0.236034 -17.765189 19.551688 3.144431 
0.443660 0.146184 0.514323 0.121056 -7.336230 0.650806 5.558625 
1.478874 0.553638 0.723864 0.475858 -9.371849 1.869420 0.996502 
0.997008 -0.477578 -0.153135 0.091236 -24.222540 -10.226870 -3.318780 
0.119733 -0.535405 0.571539 -1.150671 5.258873 -5.592227 -2.683294 
0.155712 -0.745854 -0.147777 0.530430 9.389026 11.590458 -6.352163 
0.248140 1.264783 0.150364 0.061733 10.595179 6.186431 3.639571 
0.211986 -0.762763 -1.013284 2.099096 -7.393526 -10.035347 7.101096 
3.164370 0.216245 0.479197 0.149191 -7.072239 2.960965 19.505995 
7.811175 -0.049291 0.175821 -0.086663 2.793376 -18.857067 6.683509 
0.119711 -0.064379 0.030781 0.719958 12.621878 0.549019 2.762467 
0.081905 -0.269523 1.736357 0.441223 -0.867447 3.013876 -1.397212 
0.128974 -0.560836 -0.285218 0.498565 -8.427008 -15.439226 -3.190592 
0.098410 -0.580309 0.344249 -0.333116 -2.740086 8.189018 -0.126942 
0.208666 -0.477983 0.103376 0.958107 11.132471 10.873504 14.315970 
0.338702 -0.032481 -0.923236 0.652423 9.851338 -4.817282 14.926661 
0.270406 -0.204580 -0.459330 -0.743709 16.046109 0.126455 -2.254932 
0.261780 0.026578 0.272971 0.043782 5.512111 -1.817461 15.673045 
0.198271 0.188322 0.340983 -0.172142 -2.810667 13.329725 -12.483352 
0.547947 0.425603 0.154473 0.429023 16.027949 11.713239 3.630681 
0.084496 -0.432705 0.964005 0.533931 -3.460319 -12.252084 11.109497 
0.547853 0.284233 -0.424694 0.217129 -3.494414 -4.668848 -2.768802 
0.124445 -0.080564 0.323722 0.437067 -16.394012 17.039413 0.804990 
0.573077 0.116475 0.335255 -0.272887 7.456877 -1.919162 6.832083 
0.415176 0.249227 -0.607739 -0.285273 4.960495 -7.547675 6.299024 
0.878922 -0.134209 0.009802 -0.762678 -9.244183 -16.054333 2.501865 
0.094683 -0.393703 0.825740 -1.380503 -0.718600 -5.434208 -2.739437 
3.025229 -0.755052 1.578687 -0.134646 7.132466 8.302470 -5.389688 
0.102725 -0.627909 -0.414523 -0.030648 -3.377533 -13.621705 14.665186 
1.385436 -1.868891 0.340687 0.468957 -8.564717 12.542734 5.936670 
0.188343 0.866419 -0.328889 0.380303 3.734272 1.776075 9.790933 
0.308804 0.269065 0.513436 -0.085046 6.725611 -9.461744 -16.499138 
0.266901 1.182967 1.030909 0.403331 16.056739 -0.718841 3.731095 
0.352073 0.108688 -0.258854 -0.960089 -11.681694 -2.316551 5.983989 
0.588656 0.756179 -0.767875 -1.295109 11.202539 -3.416136 -5.381595 
0.105091 -0.245292 0.177241 0.133969 4.509783 12.114876 -3.429278 
0.147682 0.911490 -0.178051 -0.464307 6.700317 -7.601947 12.024241 
0.179358 -0.435241 0.426263 -0.113017 -18.855473 14.654732 8.669061 
0.522896 0.342508 -0.622692 -0.050246 -6.000064 -6.245355 -3.849802 
0.141510 0.756040 -0.448721 -0.341132 3.962596 -1.687584 3.464760 
0.105633 -0.090054 0.103387 0.070326 7.282643 2.273592 16.646367 
1.115389 0.195949 -0.236281 0.164864 -9.334428 3.217993 17.476015 
0.100224 1.978548 -1.280610 -0.096134 8.714918 -9.956785 -9.380876 
3.043771 1.354752 -0.338133 -1.804649 8.832397 -2.557405 -5.570577 
1.677124 0.292370 -0.681731 0.340794 1.827640 8.383346 -10.842804 
0.154714 -1.707125 -0.637006 -0.367444 -0.996065 -3.846260 -4.154641 
0.509531 0.437830 0.320951 0.304873 -4.907843 4.315527 -4.790200 
0.118595 0.599629 -0.178770 0.579910 -9.810375 10.009515 -4.144883 
0.192470 0.916339 -0.236966 0.445160 2.367267 -3.787428 3.840539 
0.156661 0.038663 -0.534318 1.416435 1.829788 10.672602 8.289581 
0.269171 -0.163190 0.164748 -0.372225 -17.829684 -3.006365 -6.138157 
0.275015 -0.762003 0.489632 0.220493 -18.599892 2.922383 -4.638113 
0.133107 -0.403732 0.245612 0.573887 -6.131395 3.556286 13.822244 
0.116244 0.304052 -0.812791 0.327276 -7.110226 -2.312828 -0.099427 
0.262815 -0.457486 -0.804849 0.621189 -7.450050 -8.861047 -6.386862 
0.152197 -0.617798 0.318611 -0.988714 -19.371547 3.903732 -2.800856 
0.591538 0.519477 -1.080759 -1.228973 -2.901113 -5.931897 -18.098540 
0.273814 -0.187704 -0.088401 0.122739 13.938370 18.878684 5.568343 
1.296377 -0.371281 1.088693 0.499396 -10.630971 13.978471 2.293181 
0.625099 0.056162 -0.238039 0.688411 2.150404 11.904273 16.674651 
0.953431 -1.388968 -0.667224 1.189783 -6.333481 -3.508704 13.203887 
1.362864 -0.052067 0.375578 -0.106800 16.513489 -5.469752 -9.984810 
0.388981 -0.749789 0.250214 0.604137 -15.959895 -0.171972 2.399279 
0.178332 1.785144 -0.363715 -0.063043 19.530290 5.569630 6.959486 
0.372184 -0.573728 -0.528523 0.429816 5.439129 -3.010076 -11.465988 
1.884918 -1.353744 0.182075 -0.012540 -10.252846 -0.489575 8.269203 
0.093160 -0.933610 -0.576147 -0.593683 4.774547 -2.099409 3.783503 
0.093696 0.125950 -0.402900 0.384002 0.097208 12.896804 0.396528 
0.080850 1.669862 -1.305233 1.242261 4.583695 -15.185863 10.397865 
0.277717 -0.101115 -2.049885 1.198721 0.945222 -5.840304 14.086833 
0.330199 -0.477954 0.729730 0.270357 -0.454000 4.335250 -12.975565 
1.020862 0.562166 0.194633 0.119062 4.277481 -13.681760 -2.280841 
0.554068 -0.780652 0.272236 0.475406 -14.803778 -11.475380 3.868006 
0.410517 0.376021 -0.153059 0.692209 -17.315387 0.479266 6.353268 
2.241100 -1.231707 0.294478 0.328941 -10.076510 8.678570 -7.176548 
0.769947 -0.331605 -0.310755 -0.281152 9.779702 7.341760 -16.126442 
0.085466 -0.354126 -0.475051 -0.194143 -20.927610 -9.852229 -2.739037 
0.645582 -0.350785 0.334887 -0.408537 -0.730917 -3.193976 -15.698492 
0.291207 1.495068 0.066428 -0.540850 14.779322 -1.645234 -4.849948 
0.780826 0.870784 1.537754 0.335538 -6.542248 15.032058 4.838324 
0.178041 -0.134319 0.386431 0.683123 2.938479 2.742743 2.133035 
0.111657 0.405560 0.359633 0.564207 -13.346705 7.792063 5.745776 
0.141933 -0.090822 -0.257012 -0.056702 14.203280 -7.939808 -15.606720 
0.503658 -0.345772 -0.359037 0.754665 -12.813275 -7.137212 15.668305 
0.266518 0.338105 -0.780971 -0.939690 -12.230831 -5.223980 -5.180465 
0.136578 1.063457 0.285191 0.420142 9.530837 5.418293 -0.148716 
0.126498 -0.734348 -0.471548 -0.340787 -2.086497 -9.259874 -1.302130 
0.081261 1.657451 0.565789 0.162452 11.916139 -9.808931 -3.781282 
0.167252 -0.134323 0.110507 0.201985 -1.736395 3.370971 1.977525 
0.607244 -0.566229 2.100229 0.536439 0.455238 6.991067 -0.910086 
0.266741 -0.454154 0.268713 0.554534 13.583169 -14.274887 7.440607 
0.157175 -0.526744 -0.639767 1.439137 -20.223202 -3.780584 8.197324 
0.366807 0.278868 -0.408034 -0.479442 5.828064 7.426674 -6.076522 
1.030213 0.076535 0.308630 0.237886 -0.092684 7.721980 -17.743011 
0.140945 1.812827 0.983150 0.321434 8.252058 -0.219433 9.589320 
0.288794 -0.522314 0.183495 -0.596235 -7.012859 10.253697 -4.030623 
0.182724 -0.765553 0.621919 -0.210776 -2.085048 -14.802096 -7.296700 
0.115248 -1.313184 1.074559 0.305187 -4.670318 1.330096 6.977959 
1.012019 -0.111284 0.141629 0.024338 6.798562 18.910105 -11.180133 
0.292049 -0.830182 -0.341272 0.306986 7.686138 -11.004150 7.539187 
3.273691 0.076707 0.091852 0.528134 0.063261 -1.476318 -7.331205 
0.507219 -0.844897 0.701305 1.012348 -11.230626 -9.929454 14.265399 
0.325723 -0.949577 0.447556 0.166252 6.926962 4.120709 -13.734836 
0.153073 0.986815 1.163028 -2.438036 11.306464 0.443734 -27.008217 
0.229855 0.530149 0.396982 0.110151 2.165795 -1.209160 -11.087135 
0.196589 0.113649 0.146672 -0.353350 4.358076 9.851867 11.505396 
0.095001 -0.248704 0.279654 -0.880051 -9.659643 3.711416 -4.680069 
0.458870 -0.866332 -0.514620 -0.127158 8.740931 8.980812 1.556043 
0.085890 -0.495381 1.950199 0.840545 3.444729 8.840502 16.581091 
0.170408 -0.643314 0.553139 0.036512 -17.575768 13.970152 9.405361 
0.130084 0.007549 0.001431 0.014594 -4.280699 19.775059 -2.616372 
1.384359 -0.065260 0.238195 0.542959 10.048876 12.665430 4.626907 
0.642711 -0.337052 0.518857 -0.042059 1.620813 9.212663 15.286942 
0.176254 -0.286290 0.040643 0.422695 16.969612 15.309954 11.563954 
0.156623 -1.071660 -0.538022 0.420778 -11.780196 6.077868 5.622302 
0.874755 -0.511604 -0.199673 0.150294 -4.126867 3.095418 9.821195 
0.628183 -0.065966 -0.328487 0.555817 3.297701 -12.892922 -3.717802 
0.127719 0.815591 -0.329688 0.837828 -3.718726 -4.065168 19.189486 
0.209256 -0.565159 -0.078838 0.406615 -13.907523 10.067105 -10.894413 
0.393003 0.600542 0.320805 -0.125136 -6.680062 -0.518970 -2.546552 
0.395444 -1.278818 -1.438586 -0.298249 -1.860981 -4.757865 5.285464 
0.150757 0.485043 -0.792311 1.036352 14.344684 -4.204472 7.893193 
0.613619 1.099491 -0.186425 -1.451820 11.079967 -7.102160 -13.549738 
0.371705 0.610998 0.467913 0.525600 -5.555595 17.585185 2.967092 
0.128172 -0.131628 0.847483 0.583499 -7.076074 9.507499 15.262248 
1.227367 -1.259042 1.449540 0.642827 -4.408560 17.026187 8.572532 
1.287495 -0.348935 -0.114448 0.063260 -4.333065 4.975556 4.690240 
0.285623 -0.777770 -0.618341 -0.434866 0.499202 -11.839255 -9.575211 
0.186793 -0.228719 0.551848 -0.306455 1.426744 12.399834 -5.457773 
0.151928 0.054540 -0.176186 -0.182469 -26.384597 -5.415897 -0.484119 
0.107729 0.260097 -0.666746 -0.276376 -0.488323 15.098152 -5.257869 
0.789450 -0.127832 0.313580 0.244079 -6.807838 -21.559324 -12.002750 
0.417882 1.136574 0.176764 -0.297852 3.960462 -3.097157 14.027076 
0.415458 -0.188928 -2.656613 -0.512743 -5.629152 -16.637879 3.223478 
0.510419 -0.121279 0.619803 0.428853 -19.386749 14.330536 0.166127 
0.130425 0.041202 -0.551350 0.647295 -9.979802 -1.050939 -3.849520 
0.312402 0.122849 0.163164 -0.042931 12.057540 -26.551973 4.652063 
0.489643 0.048126 0.402493 -2.316976 -3.708024 6.007014 -12.147968 
0.449688 0.838159 0.457706 0.974939 8.927731 14.605592 -3.814895 
4.640213 -1.388741 -3.035273 -3.652998 -7.702884 -23.601002 -33.417812 
0.102329 0.086431 -0.047303 0.738101 10.186517 15.221996 -2.210093 
0.088752 -1.260066 0.391399 0.304128 -11.525945 14.884680 -12.437220 
0.124181 0.590784 -1.103772 0.487374 5.301422 -4.819655 -4.377270 
0.142677 -0.325268 -0.159386 -0.379691 -20.947506 10.010604 2.968244 
0.646196 -0.683262 0.796393 -0.788916 4.739049 -5.164948 -12.904309 
0.112694 -0.670584 -0.563700 0.235055 -5.995410 -11.707205 -6.571556 
0.176104 -0.198930 -0.424350 0.664994 -13.564950 -1.817843 -12.593256 
0.106965 -0.474582 0.105770 0.805885 -2.453598 11.822368 14.154628 
0.330430 -0.772846 0.677591 0.112945 3.056665 -8.832618 0.697207 
1.059937 0.667446 -0.218466 -0.529207 -0.014419 -0.335677 -5.473628 
0.446854 -0.034049 0.506131 -0.598599 -3.885475 -9.900181 0.344065 
0.249843 -0.411844 1.060741 0.553789 -10.773747 11.690551 -2.154632 
0.126972 -0.291105 0.038609 -0.295162 5.452030 8.882305 14.276900 
0.148713 0.374664 0.075449 0.646543 9.209718 0.650729 0.119254 
0.153845 0.941409 0.848040 -0.271325 0.309411 3.061177 -2.754988 
1.523067 -0.224575 -0.529948 0.181555 -0.155739 -12.043234 -0.757452 
1.665441 0.290812 -0.408388 -0.641788 -2.216726 14.772267 -9.176961 
0.167356 0.263961 0.830006 0.583343 -9.215930 11.621051 8.960307 
1.433413 2.291496 -1.436984 -0.076445 10.213387 -15.249711 1.617916 
0.264805 -0.893526 -1.292943 0.204444 -11.055523 -0.283031 4.340284 
0.110793 -0.107369 0.562508 -0.648460 4.172753 6.643298 -12.327875 
0.180061 -0.288877 0.174084 0.205110 1.828368 -18.323391 8.385918 
0.195410 -0.159676 0.221839 -1.650590 -0.111617 1.381804 0.271106 
0.091610 1.425427 0.603183 0.557542 1.335845 0.921299 14.212951 
0.100160 -0.443362 0.108001 0.304119 -2.739373 24.233331 10.871780 
0.329612 -0.498064 0.116911 0.367462 5.432110 8.475348 -17.144876 
0.174903 -0.505370 -1.461777 -0.228736 -10.934085 -0.422244 -7.155823 
0.088879 -0.405657 0.347057 0.234403 3.329232 0.603824 5.816524 
1.382242 0.018635 -0.574712 -1.073451 12.161954 -8.849258 4.084988 
0.137418 -0.544219 -0.142026 -0.035222 -17.118860 -8.036506 -7.260290 
0.550522 -0.630969 -0.999691 0.332990 9.307302 -8.817877 10.199864 
0.977405 -0.693748 0.679334 -0.437594 -9.190094 -7.029682 5.148980 
1.078071 -0.398187 1.214662 0.671154 -2.435087 6.928969 4.163479 
0.158053 0.636427 -1.634054 -0.023682 13.165556 -15.171788 1.601696 
0.173348 0.315920 -0.031634 -0.286580 0.391156 3.750852 1.631854 
0.082934 0.732692 0.033095 0.423509 2.122072 8.513611 -15.964168 
0.136636 -0.928995 -0.411617 1.086629 -8.282506 -4.778410 8.932014 
0.143734 -0.075132 0.204991 -0.322223 -24.939392 -9.067638 1.903057 
0.441192 -0.117632 0.430788 -0.182307 16.720193 0.190465 8.486460 
0.419927 0.234694 -0.593915 -0.146213 12.030742 0.120118 -13.558807 
0.233936 -0.822833 0.196276 0.514474 -16.676369 -6.837544 -14.363132 
0.472655 -0.377182 -0.516893 -0.450415 8.294115 -0.814489 1.691696 
0.114863 -0.057364 0.269065 -0.887621 10.415367 -2.319843 -5.882824 
0.090134 0.000273 0.653268 0.194804 -12.646000 -0.515401 -0.311380 
0.541043 1.595559 -0.228929 0.194809 13.064170 -2.263513 12.134154 
0.282572 -1.025511 -0.128770 0.738379 -6.867410 6.480130 9.249436 
0.115642 1.079914 -0.994346 0.047165 0.925108 -4.532261 -0.043005 
0.081355 -1.507003 0.405689 -1.071539 -18.062495 8.303437 -0.018801 
0.367829 -0.488294 -0.281925 0.455079 -1.528047 19.926689 -0.107657 
0.139629 -0.090488 -0.867235 0.062095 7.984408 -1.166978 4.386188 
1.352784 0.214705 -0.078127 -0.291281 15.271846 4.149928 -6.666532 
0.125255 0.307733 -0.331357 -0.403030 7.974049 -9.872150 6.687260 
0.401327 -0.158652 -0.654306 2.052556 -1.232412 -1.807167 11.235614 
0.285734 -1.026236 -1.439667 -0.257215 4.427928 -12.006224 4.218155 
0.395651 1.173514 -0.514621 -0.120089 8.756625 1.114610 3.869519 
0.293098 -0.373789 -0.199742 0.680583 -18.646539 9.776476 -3.245227 
0.087827 0.123210 0.530803 0.588135 16.541535 -11.047603 3.802653 
0.145431 -0.803517 0.080846 -0.520616 6.583683 12.315857 -14.556365 
0.180115 -1.365858 0.887958 -0.019291 -9.682250 1.979699 9.506440 
0.096200 0.019489 -0.250753 0.103958 8.653043 12.741682 1.686489 
0.666776 -1.285314 -0.757622 1.190107 -13.470944 -4.690850 7.460250 
0.204329 -0.356906 -0.129816 0.531009 -11.569569 -6.829693 1.613102 
0.115895 -0.037226 0.621134 -0.208736 -5.730659 12.529501 -15.164502 
0.093908 0.090713 -0.252912 0.351461 6.438470 15.473910 16.281461 
1.218377 -0.582551 0.471223 0.487517 12.304343 15.283775 -9.811864 
1.577937 -0.544146 -0.112182 -0.009821 -12.659915 -5.539689 -9.588793 
0.624013 -0.300597 -0.087111 -0.344907 -6.211593 12.297183 -16.385430 
0.094581 0.620533 0.115158 0.325728 -0.793546 -18.514409 -3.481156 
0.082735 -0.023145 0.479107 0.057468 -3.473396 1.865742 24.889076 
0.117562 0.084582 -0.652926 -0.671166 -10.664070 10.804599 -10.228438 
0.104059 0.100194 -0.279303 -0.472812 -2.678574 15.001085 -9.312593 
1.175398 -0.576837 -0.363273 1.312146 -15.000065 -9.763520 3.802941 
0.164169 1.248594 1.983415 -0.786290 7.954031 4.785592 -10.666836 
0.291452 -0.312389 -0.306615 -0.391037 9.921817 -10.589201 -1.575799 
0.206673 -0.747522 -0.844300 0.109627 -5.642673 -5.782454 -0.869542 
1.289324 1.052938 1.758969 0.771302 14.365015 18.353537 -5.092725 
0.086315 -0.297367 0.393474 0.162427 3.273287 4.807237 15.883185 
0.235153 -0.120495 -0.566776 0.009931 -1.198858 -4.339743 -12.366788 
0.115719 1.209596 -1.138980 -1.889510 14.048008 -12.244202 -11.348119 
0.363410 0.266871 0.187312 0.486308 5.111279 14.639448 13.829228 
1.751386 1.267805 -0.123607 0.034475 0.865191 -6.553330 9.992470 
0.207984 0.376215 0.003423 -0.462606 12.783458 10.548343 -8.629441 
0.102911 0.723444 -1.198665 0.135418 7.467405 0.107815 11.825731 
0.178659 0.029543 0.582167 0.445940 6.746568 -17.188166 0.622881 
1.266026 0.152591 0.161409 -0.377367 4.193987 -16.152355 13.134924 
0.304509 -0.188613 -0.430081 -0.091637 -16.777133 -3.580213 -14.042626 
0.111776 -0.506522 0.507510 -0.275772 -0.128444 -0.521187 -4.784528 
0.518423 -1.437908 -0.502630 1.714879 -8.529475 -13.550448 17.498734 
0.412206 -0.676326 0.059296 0.640600 -20.213281 15.881527 -2.958876 
0.151101 0.399318 0.521230 0.024619 4.007148 6.216143 22.066220 
0.220913 0.102248 0.385001 0.205000 0.142112 -18.201107 3.917166 
1.412488 0.035725 -0.074894 -0.391204 -6.052452 3.951952 4.055258 
13.278585 -0.642254 0.208011 0.367617 -2.678276 -13.930296 -6.663221 
1.463321 -0.713235 0.811253 0.381033 4.473780 16.395736 9.946658 
0.120159 0.640984 0.316751 0.649295 1.204916 18.296739 -3.292737 
0.365350 0.191435 -0.229830 0.456367 1.890198 -14.561392 -0.088371 
0.105973 -0.221077 0.067664 0.534999 9.224282 15.441505 17.759395 
0.295892 0.029904 0.165903 0.537062 19.360182 15.485029 6.709652 
0.206326 -0.033322 0.354044 0.253157 12.256469 2.433892 7.234706 
0.093712 -1.155976 0.619919 -0.066583 8.421289 2.301153 2.802345 
0.095148 0.021166 0.546668 0.410133 -11.701424 12.596437 -7.908917 
0.206538 -0.914397 -1.265439 0.448575 -17.986041 -3.251046 3.731985 
0.086877 -0.302589 -0.080296 -0.155203 -17.900141 -10.986225 -17.677426 
0.089099 -0.393894 -0.764353 0.777903 -5.671467 -6.817764 -8.026750 
0.510706 -0.891076 0.661287 0.573957 3.531671 5.807116 13.633917 
0.209703 2.017724 -0.983912 -0.741880 13.158714 -1.138039 -2.688023 
0.558090 -0.323045 0.016109 0.467779 -1.903520 -23.029292 3.412930 
0.094925 0.101497 0.036490 -0.460532 0.683486 9.489166 -2.325269 
0.169485 0.075459 -0.367470 -0.573957 0.583711 -8.272847 12.137436 
1.190304 -1.374268 -1.381293 0.463398 -3.261491 -10.371297 2.820455 
0.229716 -0.596147 -0.887960 -0.133025 -15.195278 -9.808837 -7.711288 
0.590880 -1.102732 0.227132 0.141973 -9.052465 11.576206 -3.114117 
0.480535 -0.389402 0.258605 0.225981 -23.148803 -2.100031 7.176459 
0.234429 -0.794505 -0.170400 -0.081187 -11.019751 -3.229150 11.989374 
0.582021 -1.281383 0.756319 -0.928114 -6.171469 6.860249 -13.840534 
0.189197 0.339551 -0.464581 -0.385727 -7.631186 7.504504 8.764488 
0.259575 0.117491 0.284747 -0.950884 15.900284 -1.135737 1.751482 
0.447006 -0.765617 0.726226 -0.294352 -3.061807 9.787944 -6.551974 
0.147887 0.293337 0.023075 0.300062 11.791168 -11.475082 -1.326695 
0.231699 0.162946 -0.352518 0.132341 0.392120 -7.933557 13.324944 
0.453708 0.215990 -0.356849 0.356080 -3.771530 8.787368 4.140897 
0.920339 -0.501948 1.223266 -1.174897 6.944277 6.275407 -4.992032 
0.955703 -0.279468 0.554307 0.757886 -3.735419 2.150397 16.266052 
0.084577 0.013179 0.024461 -0.531601 -12.725816 -7.756316 1.307612 
0.160624 -0.015735 0.782996 0.633095 4.285946 4.774498 5.536777 
1.172148 -0.224089 -0.123099 -0.422985 -1.410722 -11.368967 4.325698 
0.760534 0.202514 2.400130 0.615948 7.699123 13.274872 15.093854 
0.114553 0.185975 -0.737397 0.494093 16.702999 2.880639 5.240401 
0.117572 1.210383 -1.672247 -0.189107 7.682641 -20.014053 -4.348641 
0.762149 2.171515 3.355712 -2.026971 22.400461 31.217679 -8.624359 
0.232792 0.135808 0.050167 -0.213562 -13.495088 23.812600 4.917534 
0.215009 -0.240908 -0.082485 0.125593 -4.857960 -10.313570 5.924736 
2.204810 -0.106242 0.785620 0.039674 2.048488 5.449583 -1.267298 
0.129032 -0.650659 -1.405245 3.760018 3.178671 -17.331182 34.909521 
0.374042 0.419324 0.178998 -0.110916 -17.609980 -7.960093 7.585710 
0.205433 -0.665320 0.785390 1.190512 -12.792301 13.857932 -5.692394 
0.160079 -0.469278 0.169443 0.315658 -15.506183 25.425665 -7.536696 
0.136090 -1.071751 0.194192 0.402524 3.033945 -11.023977 15.049999 
0.119841 0.205133 0.806199 0.843166 -7.074316 2.041998 13.397228 
0.201503 -0.946588 -0.643355 1.822412 -0.104535 -9.415490 5.819488 
0.611073 -0.512983 -0.352024 -0.151111 -16.435313 1.283612 -12.924934 
0.115016 1.086886 -0.802258 -1.823471 6.620700 -12.665563 -7.353575 
0.399244 1.051403 -1.025438 0.433883 8.436862 -4.511372 7.521638 
0.131342 -0.562909 0.104887 -1.046914 2.377308 10.883701 3.673587 
0.174201 0.017089 -0.371308 1.486065 -1.348747 13.176195 13.635339 
0.089275 0.710754 0.100927 -0.002020 7.338384 -0.243266 4.448715 
0.438872 0.449773 0.065506 0.130285 4.247320 13.434866 -12.105471 
0.085636 0.465876 -0.439174 -0.387427 -4.644654 -6.330973 -9.369181 
0.582912 -0.226073 0.345860 -0.217056 -3.958840 7.385859 -1.509066 
0.240412 -1.673806 -0.112489 1.069592 -5.175152 -0.111839 17.740305 
0.226021 0.165203 0.287335 1.043376 -15.064229 1.482945 6.793061 
0.107205 -0.309085 -0.148328 0.225973 -3.580869 -7.605473 16.308924 
1.102835 0.297740 0.288171 0.987705 4.367483 6.484981 7.203043 
0.266126 -0.915385 0.835294 -0.748128 -11.046274 -1.218231 -12.307155 
0.409423 -0.438234 1.447633 -0.728140 -10.153052 0.924276 -0.522441 
0.089384 0.585674 -0.344134 -0.426832 7.108179 -12.753881 4.206103 
0.113871 0.228387 -0.183346 -0.082877 4.258905 14.028158 10.276084 
0.746267 -0.102636 1.679597 -0.409980 -3.953767 -0.749947 -6.076813 
0.219386 -0.035060 -1.400448 -0.589849 12.504435 -10.220731 -1.842563 
0.439077 -0.609110 0.374098 -0.743307 -16.628996 5.487386 0.628384 
1.444015 0.065711 -0.056390 -0.111094 -20.058587 11.363283 -0.190104 
0.102731 0.614272 -0.526363 0.452229 1.928494 13.518744 -5.050575 
0.202560 0.244967 0.229719 0.219351 12.468836 7.535993 -14.584026 
0.091773 0.018209 -0.047709 -0.127298 6.490497 -11.192722 -0.699907 
0.159646 -0.793362 0.306376 -0.676188 1.556630 -9.787497 6.284966 
0.210510 -0.622350 -0.111781 0.152787 -7.412572 -15.757252 3.442695 
0.129464 -0.168038 0.194307 -0.108990 -5.140765 -28.295428 4.564587 
0.235395 -0.376854 0.258840 0.086027 7.515197 25.991372 -10.705210 
0.392760 -0.275398 -0.273543 -0.244600 -17.159714 -8.135499 12.944354 
0.340464 0.145748 0.784939 -0.744940 3.503323 8.283727 11.064414 
0.558675 0.819117 0.306211 -0.163443 5.331257 12.774266 -9.105868 
0.269181 0.338228 0.055339 1.132285 -0.507768 5.438682 2.834066 
0.080832 0.338900 0.689366 1.189893 -0.631111 -1.598916 13.603601 
0.161454 -0.759213 -0.151759 -0.246821 -14.348612 7.258061 -0.181736 
3.272843 -0.292293 0.469287 -0.078410 -3.136953 8.080793 3.563989 
0.126733 0.080770 -0.799047 -0.254059 -17.495633 -7.048363 2.169097 
0.147442 -0.631004 -2.559163 -0.514988 -2.602283 -21.992376 0.755158 
0.234874 -0.493569 0.567191 0.277776 -2.948444 -6.787598 18.701460 
0.088322 -0.126133 0.523765 -1.299648 -11.786733 5.814829 -5.804182 
0.124823 -0.263435 0.107237 -0.041214 -7.747927 8.366387 22.516339 
0.134972 0.973200 0.874710 0.348284 1.911594 1.648015 -4.442177 
0.114632 -0.183231 0.476670 -0.011831 -2.135975 6.472741 -20.133584 
0.145861 0.121387 -0.066047 -0.045465 12.785154 12.712592 -14.244998 
0.263366 -0.230711 0.352288 0.622595 -6.377976 7.476701 23.141518 
0.973808 -0.531350 0.681078 -0.021141 -12.761674 11.388073 -0.533764 
1.966409 -0.483951 0.384605 -0.173222 -6.574390 1.946067 7.587221 
0.137245 0.269289 -0.034347 -0.175287 1.860674 2.236249 20.144335 
0.175886 -0.259824 -0.305083 0.433628 5.615855 -2.723733 11.160935 
0.427154 -0.296551 -0.610900 0.524017 7.644170 -8.752096 -7.282980 
0.305641 -0.321263 -0.556415 -0.337974 6.881333 -12.643285 6.642436 
0.126873 -0.045081 0.085901 0.282635 -8.241174 13.812663 -0.129970 
0.202129 1.414464 -0.397381 1.528821 3.134503 1.485472 16.525912 
0.103947 0.179365 1.053586 0.158671 -16.162575 3.955704 6.255322 
0.160192 0.996619 -0.589299 0.603700 11.415913 9.463926 2.800737 
0.087931 -0.523318 -0.085435 0.622431 4.802155 4.420935 17.428065 
0.201166 -0.774566 -0.554721 0.725445 -2.452664 -9.015310 5.420722 
0.129271 -0.809661 0.003600 -0.003817 -10.162459 16.574500 -11.875962 
0.244547 -0.130211 0.001957 0.774637 9.904791 -0.767896 6.711464 
